0     75000
1     75000
2     75000
3     75000
4     75000
5     75000
6     75000
7     75000
8     75000
9     74998.7
10     74992.9
11     74977.2
12     74935.2
13     74841.3
14     74674.2
15     74385
16     73923.6
17     73427.1
18     73192.5
19     73326.5
20     73774.7
21     74544.5
22     75267.1
23     75179.2
24     74362.7
25     73897.1
26     74185.9
27     74591.9
28     74771.5
29     74911.1
30     75059.4
31     75046.9
32     74597.1
33     73840.7
34     73700.6
35     74410.2
36     74676
37     74028.8
38     73753.3
39     74236
40     74462
41     74321.4
42     74427
43     74625.9
44     74679.6
45     74770.7
46     74829.9
47     74820.7
48     74937.7
49     74987.4
50     74808.9
51     74712.3
52     74716.9
53     74645.6
54     74700.7
55     74823.5
56     74708.4
57     74596.1
58     74610.3
59     74423.1
60     74267
61     74373.9
62     74158.8
63     73704
64     73925.6
65     74579.3
66     74785.6
67     74773.1
68     74913.6
69     74871.7
70     74684.5
71     74655.6
72     74518.2
73     74138.4
74     73942.4
75     74077.6
76     74271.7
77     74412.6
78     74551.9
79     74647.5
80     74623.5
81     74506.1
82     74410.5
83     74438.5
84     74568.4
85     74636.3
86     74576.7
87     74586.5
88     74721.6
89     74757.2
90     74758.4
91     74926.4
92     75005.9
93     74847.8
94     74726.5
95     74640.8
96     74593.5
97     74876.7
98     75117.5
99     74838.1
100     74691
101     75033.5
102     75091.7
103     74826.3
104     74882.3
105     74922.6
106     74545.3
107     74285.9
108     74293.2
109     73947.7
110     72975.3
111     71538.8
112     69580.3
113     66646.9
114     62245.2
115     56138.3
116     47957.9
117     37094.8
118     23431
119     7259.95
120     -11265.1
121     -31577.4
122     -52426.8
123     -72401.2
124     -89721.3
125     -102337
126     -108945
127     -109075
128     -102870
129     -91714.9
130     -78191.5
131     -65165.7
132     -55352.7
133     -50996
134     -53154.6
135     -60979.7
136     -71764.7
137     -82276.6
138     -89680
139     -91473.1
140     -86889.5
141     -78241.5
142     -68981.4
143     -61920.1
144     -59631.6
145     -63220.7
146     -70853.7
147     -79347.3
148     -85477.1
149     -86375.8
150     -81712.4
151     -74216.5
152     -67148.3
153     -63287.8
154     -64590.9
155     -70294.2
156     -77213.5
157     -82191.3
158     -82962.4
159     -78978.9
160     -72587.9
161     -67339.1
162     -65461.4
163     -67541
164     -72222.3
165     -75988.6
166     -75460.3
167     -69721.3
168     -60064.7
169     -49136
170     -40021.6
171     -34207.5
172     -30685.2
173     -27556
174     -23369.6
175     -17533
176     -11258.3
177     -7157.88
178     -6666.84
179     -8888.33
180     -11561.1
181     -11946.2
182     -8394.8
183     -2067.9
184     4035.74
185     7200.75
186     6131.56
187     2239.16
188     -710.869
189     31.2338
190     4270.33
191     9827.58
192     13597.7
193     13482.9
194     10579.1
195     7925.92
196     7791.3
197     10763.8
198     15299.7
199     18426.3
200     18563.9
201     16639.5
202     14551.1
203     13915.6
204     15138.7
205     17076.6
206     18481.8
207     18918.2
208     18203.5
209     16553.2
210     14728
211     13334.4
212     12941.1
213     14128.2
214     16278
215     17459.3
216     16171.2
217     12849.6
218     9955.5
219     10111.1
220     13343.3
221     16724.5
222     17074.9
223     13794
224     9499.8
225     7875.74
226     10201.3
227     14093.1
228     15901.6
229     14117.8
230     10501.3
231     8169.02
232     8738.26
233     11258.4
234     13407.2
235     13454.6
236     11489.1
237     9142.66
238     8198.41
239     9249.46
240     11274.1
241     12480
242     11850.6
243     9936.87
244     8280.11
245     8109.49
246     9313.65
247     10671.8
248     11094.1
249     10375.7
250     9097.55
251     8201.74
252     8254.69
253     8992.16
254     9768.13
255     10105.9
256     9829.85
257     9106.32
258     8332.65
259     8006.67
260     8594.04
261     9898.02
262     10787.4
263     10294.8
264     8729.06
265     7422.77
266     7563.16
267     9026.89
268     10399.7
269     10447.1
270     9203.96
271     7677.77
272     7055.45
273     7852.14
274     9396.06
275     10360.3
276     9824.13
277     8056.36
278     6568.94
279     6820.69
280     8616.46
281     10295.5
282     10358.7
283     8743.51
284     6890.69
285     6432.91
286     7647.91
287     9374.59
288     10118.6
289     9211.14
290     7452.28
291     6458.19
292     7085.4
293     8722.6
294     9893.55
295     9464.41
296     7772.38
297     6423.85
298     6656.39
299     8169.6
300     9493.85
301     9361.09
302     7963.3
303     6704.75
304     6672.73
305     7754.27
306     8958.78
307     9230.69
308     8343.2
309     7114.69
310     6608.26
311     7232.14
312     8398.36
313     8976.08
314     8432.92
315     7355.69
316     6708.12
317     6978.68
318     7894.08
319     8644.29
320     8642.17
321     8032.38
322     7382.71
323     7206.13
324     7617.78
325     8197.08
326     8420.66
327     8136.35
328     7556.02
329     7149.23
330     7316.11
331     7882.43
332     8293.15
333     8236.31
334     7798.13
335     7323.5
336     7175.8
337     7426.29
338     7860.7
339     8131.36
340     7904.12
341     7258.79
342     6721.39
343     6620.72
344     6776.41
345     6755.6
346     6181.14
347     5052.15
348     3719.33
349     2443.32
350     1243.4
351     -108.427
352     -2150.46
353     -5231.67
354     -9019.86
355     -12935.3
356     -16742.3
357     -20647
358     -25110.8
359     -30346.2
360     -35960.8
361     -41246.7
362     -45580.8
363     -48712.8
364     -50940.4
365     -52650.6
366     -53695
367     -53483
368     -51435
369     -47455.5
370     -42271.1
371     -36965.2
372     -32126.7
373     -27694.4
374     -23333.5
375     -18940
376     -15021.9
377     -12309
378     -10971.1
379     -10423.7
380     -9614.66
381     -7607.83
382     -4288.32
383     -284.571
384     3790.9
385     7754.72
386     11788.2
387     15954.2
388     19543.6
389     21311.5
390     20480.7
391     17274.5
392     12805.9
393     8517.75
394     5322.07
395     3357.34
396     2517.44
397     2873.63
398     4727.83
399     8181.62
400     12384.9
401     15634.4
402     16435.8
403     14318.1
404     10047.1
405     5222.02
406     1243.79
407     -1312.11
408     -2394.63
409     -2010.88
410     -28.2171
411     3537.47
412     7838.23
413     11208.5
414     12108.4
415     9976.52
416     5632.67
417     982.523
418     -2188.86
419     -3169.28
420     -2205.15
421     -0.652189
422     2755.99
423     5583.13
424     7821.98
425     8501.77
426     6954.66
427     3409.9
428     -822.782
429     -3785.9
430     -4105.34
431     -1892.17
432     1564.48
433     4618.84
434     6088.16
435     5779.1
436     4178.75
437     1868.7
438     -555.3
439     -2422.83
440     -3050.54
441     -1935.29
442     722.49
443     3754.87
444     5601.1
445     5190.98
446     2622.34
447     -739.586
448     -3134.36
449     -3525.98
450     -2000.33
451     463.685
452     2625.37
453     3702.32
454     3508.45
455     2208.62
456     256.449
457     -1680.39
458     -2870.4
459     -2660.47
460     -908.79
461     1620.71
462     3571.14
463     3788.19
464     2039.77
465     -740.501
466     -2982.58
467     -3444.66
468     -1946.02
469     536.557
470     2567.83
471     3190.23
472     2269.01
473     362.141
474     -1568.05
475     -2675.98
476     -2599.86
477     -1413.62
478     423.369
479     2104.16
480     2762.94
481     1908.43
482     -158.361
483     -2343.2
484     -3427.85
485     -2777.84
486     -672.456
487     1682.01
488     2832.01
489     2135.52
490     81.657
491     -2122.44
492     -3189.99
493     -2566.38
494     -770.003
495     1128.58
496     2141.22
497     1792.92
498     383.831
499     -1274.01
0     75000
1     75000
2     75000
3     75000
4     75000
5     75000
6     75000
7     75000
8     75000
9     74998.7
10     74992.9
11     74977.2
12     74935.2
13     74841.3
14     74674.1
15     74384.9
16     73923.4
17     73426.7
18     73192.1
19     73326.1
20     73774.4
21     74544.4
22     75267.2
23     75179.2
24     74362.6
25     73896.9
26     74185.7
27     74591.8
28     74771.5
29     74911
30     75059.4
31     75046.9
32     74597
33     73840.4
34     73700.3
35     74410.1
36     74675.9
37     74028.6
38     73753
39     74235.9
40     74461.9
41     74321.3
42     74426.8
43     74625.8
44     74679.5
45     74770.6
46     74829.9
47     74820.6
48     74937.7
49     74987.3
50     74808.8
51     74712.2
52     74716.9
53     74645.5
54     74700.6
55     74823.5
56     74708.3
57     74596
58     74610.2
59     74423
60     74266.9
61     74373.7
62     74158.6
63     73703.7
64     73925.3
65     74579.2
66     74785.5
67     74773
68     74913.5
69     74871.7
70     74684.4
71     74655.5
72     74518.1
73     74138.3
74     73942.1
75     74077.4
76     74271.6
77     74412.5
78     74551.8
79     74647.4
80     74623.4
81     74506
82     74410.4
83     74438.3
84     74568.3
85     74636.2
86     74576.6
87     74586.4
88     74721.5
89     74757.2
90     74758.3
91     74926.4
92     75006
93     74847.8
94     74726.5
95     74640.7
96     74593.4
97     74876.7
98     75117.6
99     74838.1
100     74690.9
101     75033.5
102     75091.7
103     74826.3
104     74882.2
105     74922.6
106     74545.2
107     74285.8
108     74293.2
109     73947.7
110     72975.2
111     71538.8
112     69580.3
113     66646.9
114     62245.2
115     56138.3
116     47957.9
117     37094.8
118     23430.9
119     7259.92
120     -11265.1
121     -31577.4
122     -52426.7
123     -72401.2
124     -89721.3
125     -102337
126     -108945
127     -109075
128     -102870
129     -91714.9
130     -78191.5
131     -65165.8
132     -55352.7
133     -50996
134     -53154.6
135     -60979.7
136     -71764.7
137     -82276.6
138     -89680
139     -91473.2
140     -86889.5
141     -78241.4
142     -68981.4
143     -61920.1
144     -59631.6
145     -63220.7
146     -70853.6
147     -79347.3
148     -85477.2
149     -86375.8
150     -81712.3
151     -74216.4
152     -67148.4
153     -63287.8
154     -64590.9
155     -70294.2
156     -77213.4
157     -82191.1
158     -82962.1
159     -78978.6
160     -72587.5
161     -67338.7
162     -65461.2
163     -67540.9
164     -72222.3
165     -75988.7
166     -75460.1
167     -69721
168     -60064.6
169     -49136.1
170     -40021.6
171     -34207.5
172     -30685.2
173     -27555.9
174     -23369.5
175     -17532.8
176     -11258.1
177     -7157.76
178     -6666.67
179     -8888.12
180     -11560.9
181     -11946.1
182     -8394.62
183     -2067.73
184     4035.83
185     7200.85
186     6131.63
187     2239.13
188     -710.902
189     31.2544
190     4270.32
191     9827.55
192     13597.7
193     13483
194     10579.2
195     7926
196     7791.33
197     10763.8
198     15299.7
199     18426.4
200     18564
201     16639.6
202     14551.2
203     13915.7
204     15139
205     17076.8
206     18481.9
207     18918.3
208     18203.6
209     16553.2
210     14728
211     13334.5
212     12941.1
213     14128.3
214     16278.1
215     17459.5
216     16171.4
217     12849.8
218     9955.61
219     10111.2
220     13343.4
221     16724.6
222     17075
223     13794.1
224     9499.88
225     7875.79
226     10201.4
227     14093.1
228     15901.6
229     14117.8
230     10501.4
231     8169.01
232     8738.26
233     11258.4
234     13407.2
235     13454.6
236     11489.1
237     9142.66
238     8198.42
239     9249.43
240     11274
241     12480
242     11850.5
243     9936.77
244     8279.98
245     8109.38
246     9313.54
247     10671.7
248     11094
249     10375.6
250     9097.48
251     8201.64
252     8254.57
253     8992.07
254     9768.07
255     10105.8
256     9829.75
257     9106.26
258     8332.61
259     8006.63
260     8594.03
261     9898.01
262     10787.3
263     10294.7
264     8729.04
265     7422.76
266     7563.13
267     9026.86
268     10399.7
269     10447.1
270     9203.93
271     7677.73
272     7055.42
273     7852.14
274     9396.03
275     10360.2
276     9824.11
277     8056.36
278     6568.86
279     6820.62
280     8616.49
281     10295.5
282     10358.6
283     8743.48
284     6890.68
285     6432.87
286     7647.89
287     9374.56
288     10118.6
289     9211.11
290     7452.31
291     6458.16
292     7085.33
293     8722.58
294     9893.53
295     9464.35
296     7772.33
297     6423.82
298     6656.34
299     8169.57
300     9493.84
301     9361.06
302     7963.26
303     6704.75
304     6672.73
305     7754.25
306     8958.77
307     9230.69
308     8343.18
309     7114.68
310     6608.25
311     7232.13
312     8398.36
313     8976.08
314     8432.88
315     7355.64
316     6708.12
317     6978.68
318     7894.04
319     8644.25
320     8642.15
321     8032.36
322     7382.69
323     7206.12
324     7617.78
325     8197.09
326     8420.65
327     8136.32
328     7556
329     7149.24
330     7316.11
331     7882.4
332     8293.11
333     8236.29
334     7798.11
335     7323.49
336     7175.8
337     7426.27
338     7860.67
339     8131.36
340     7904.13
341     7258.79
342     6721.39
343     6620.7
344     6776.37
345     6755.57
346     6181.14
347     5052.15
348     3719.32
349     2443.3
350     1243.36
351     -108.435
352     -2150.44
353     -5231.68
354     -9019.89
355     -12935.3
356     -16742.4
357     -20647
358     -25110.8
359     -30346.2
360     -35960.8
361     -41246.7
362     -45580.8
363     -48712.8
364     -50940.4
365     -52650.6
366     -53695
367     -53483
368     -51435
369     -47455.5
370     -42271.1
371     -36965.2
372     -32126.7
373     -27694.4
374     -23333.5
375     -18940
376     -15021.9
377     -12309
378     -10971.1
379     -10423.7
380     -9614.63
381     -7607.8
382     -4288.28
383     -284.515
384     3790.96
385     7754.8
386     11788.3
387     15954.3
388     19543.7
389     21311.6
390     20480.8
391     17274.5
392     12805.9
393     8517.81
394     5322.13
395     3357.38
396     2517.48
397     2873.66
398     4727.86
399     8181.63
400     12384.9
401     15634.5
402     16435.8
403     14318.1
404     10047.1
405     5222.01
406     1243.78
407     -1312.11
408     -2394.63
409     -2010.89
410     -28.2308
411     3537.46
412     7838.22
413     11208.5
414     12108.4
415     9976.52
416     5632.66
417     982.513
418     -2188.86
419     -3169.28
420     -2205.14
421     -0.653471
422     2755.98
423     5583.12
424     7821.98
425     8501.77
426     6954.65
427     3409.89
428     -822.786
429     -3785.91
430     -4105.34
431     -1892.17
432     1564.48
433     4618.83
434     6088.15
435     5779.1
436     4178.77
437     1868.72
438     -555.287
439     -2422.82
440     -3050.54
441     -1935.3
442     722.485
443     3754.87
444     5601.11
445     5190.99
446     2622.33
447     -739.589
448     -3134.35
449     -3525.97
450     -2000.32
451     463.693
452     2625.38
453     3702.32
454     3508.46
455     2208.63
456     256.459
457     -1680.37
458     -2870.39
459     -2660.46
460     -908.776
461     1620.72
462     3571.14
463     3788.18
464     2039.77
465     -740.508
466     -2982.59
467     -3444.67
468     -1946.02
469     536.555
470     2567.82
471     3190.23
472     2269.02
473     362.139
474     -1568.06
475     -2675.99
476     -2599.87
477     -1413.64
478     423.343
479     2104.13
480     2762.92
481     1908.4
482     -158.397
483     -2343.23
484     -3427.87
485     -2777.86
486     -672.466
487     1682
488     2831.99
489     2135.51
490     81.6547
491     -2122.43
492     -3189.98
493     -2566.38
494     -770.004
495     1128.58
496     2141.23
497     1792.93
498     383.842
499     -1274
