0 0 4 2.75274e-16
0 4 4 0
0 8 4 0
0 12 4 -2.75257e-16
0 16 4 0
0 20 4 -2.75257e-16
0 24 4 0
0 28 4 0
0 32 4 0
0 36 4 0
0 40 4 -2.75255e-16
0 44 4 0
0 48 4 0
0 52 4 -2.75254e-16
0 56 4 0
0 60 4 0

4 0 3.89939 0.00502477
4 4 3.8998 -0.0367945
4 8 3.90467 -0.0715564
4 12 3.91332 -0.0933146
4 16 3.92442 -0.0994087
4 20 3.9362 -0.090385
4 24 3.94681 -0.0689982
4 28 3.95461 -0.0390359
4 32 3.95842 -0.00451468
4 36 3.95773 0.030592
4 40 3.95268 0.0622694
4 44 3.94407 0.0863673
4 48 3.9332 0.0988409
4 52 3.9217 0.0965101
4 56 3.91126 0.078223
4 60 3.90344 0.0459406

8 0 3.88846 0.00500288
8 4 3.88941 -0.0322275
8 8 3.89521 -0.0634784
8 12 3.90473 -0.0836015
8 16 3.91624 -0.0900559
8 20 3.92788 -0.0828974
8 24 3.93796 -0.064122
8 28 3.94517 -0.0368831
8 32 3.94862 -0.00491331
8 36 3.9479 0.027789
8 40 3.94308 0.057119
8 44 3.93474 0.0790426
8 48 3.9239 0.0899542
8 52 3.91205 0.0873094
8 56 3.90098 0.0704702
8 60 3.89259 0.0414452

12 0 3.86786 0.00115173
12 4 3.86997 -0.019493
12 8 3.87855 -0.0363707
12 12 3.89177 -0.0466502
12 16 3.90715 -0.0491432
12 20 3.92219 -0.0442339
12 24 3.93482 -0.0333588
12 28 3.94353 -0.0184039
12 32 3.94737 -0.00131481
12 36 3.94593 0.0160015
12 40 3.93932 0.0315902
12 44 3.92819 0.0433746
12 48 3.91381 0.0492887
12 52 3.89811 0.0477135
12 56 3.88353 0.0381283
12 60 3.87272 0.0216629

16 0 3.84618 0.00036483
16 4 3.84931 -0.0167707
16 8 3.86024 -0.0310675
16 12 3.87665 -0.0402815
16 16 3.89546 -0.0431165
16 20 3.91364 -0.0394092
16 24 3.92869 -0.0300136
16 28 3.93888 -0.0164773
16 32 3.94313 -0.000711274
16 36 3.94099 0.0152192
16 40 3.93261 0.0291996
16 44 3.91881 0.0391835
16 48 3.90114 0.0434419
16 52 3.88199 0.0409654
16 56 3.86439 0.0318688
16 60 3.85158 0.0175368

20 0 3.82878 -0.000250483
20 4 3.83246 -0.00944757
20 8 3.84416 -0.0174644
20 12 3.86148 -0.0231961
20 16 3.88117 -0.0255926
20 20 3.90008 -0.0240397
20 24 3.91562 -0.0186457
20 28 3.92599 -0.0102383
20 32 3.93011 -0.000153059
20 36 3.92755 0.0100179
20 40 3.91849 0.0186452
20 44 3.90381 0.024287
20 48 3.88519 0.0259705
20 52 3.86517 0.0234786
20 56 3.84698 0.017445
20 60 3.83398 0.00909266

24 0 3.81381 -0.00114478
24 4 3.81762 -0.000235937
24 8 3.82915 -4.26228e-05
24 12 3.84611 -0.000870605
24 16 3.86543 -0.00217059
24 20 3.884 -0.00302137
24 24 3.89926 -0.00276502
24 28 3.90937 -0.00133452
24 32 3.91326 0.000794543
24 36 3.91049 0.00285184
24 40 3.90129 0.00406216
24 44 3.88657 0.00392877
24 48 3.8681 0.00248627
24 52 3.84848 0.000400138
24 56 3.83089 -0.00128786
24 60 3.81854 -0.00178621

28 0 3.80483 -0.00151402
28 4 3.80824 0.00696722
28 8 3.81837 0.0132677
28 12 3.83334 0.0160305
28 16 3.85052 0.0154251
28 20 3.86715 0.0126277
28 24 3.88088 0.00892516
28 28 3.89 0.00509456
28 32 3.89347 0.00129498
28 36 3.8909 -0.00267765
28 40 3.88249 -0.00700433
28 44 3.86913 -0.0114733
28 48 3.85251 -0.0152455
28 52 3.83504 -0.0169439
28 56 3.81957 -0.0152308
28 60 3.80884 -0.00970687

32 0 3.80389 -0.00170332
32 4 3.80641 0.012924
32 8 3.81397 0.0242342
32 12 3.82523 0.030026
32 16 3.8383 0.0300899
32 20 3.85107 0.0257316
32 24 3.8617 0.0187262
32 28 3.8688 0.0104576
32 32 3.87156 0.00164394
32 36 3.86962 -0.00742386
32 40 3.86316 -0.0164075
32 44 3.85286 -0.0244693
32 48 3.84007 -0.0300738
32 52 3.82671 -0.0312804
32 56 3.81498 -0.0266005
32 60 3.80691 -0.0160566

36 0 3.80879 -0.0019905
36 4 3.81019 0.0172352
36 8 3.81466 0.0323802
36 12 3.82147 0.0406127
36 16 3.82952 0.041364
36 20 3.8375 0.0359487
36 24 3.84424 0.0264724
36 28 3.84881 0.0147931
36 32 3.85068 0.00208153
36 36 3.84962 -0.0109756
36 40 3.84568 -0.0236214
36 44 3.83929 -0.0344987
36 48 3.8313 -0.0415022
36 52 3.82297 -0.0422737
36 56 3.81571 -0.0352818
36 60 3.81072 -0.0209396

40 0 3.81672 -0.00227302
40 4 3.81705 0.01919
40 8 3.81858 0.0362708
40 12 3.82116 0.0458302
40 16 3.82444 0.0470591
40 20 3.82791 0.0412101
40 24 3.831 0.0305363
40 28 3.83322 0.017155
40 32 3.83426 0.00247755
40 36 3.83397 -0.0126237
40 40 3.83235 -0.0271889
40 44 3.82961 -0.0395678
40 48 3.82618 -0.0473159
40 52 3.82266 -0.0478516
40 56 3.81966 -0.0396717
40 60 3.81761 -0.023448

44 0 3.82616 -0.00252715
44 4 3.82563 0.0192554
44 8 3.8247 0.0367571
44 12 3.82378 0.0468054
44 16 3.82321 0.0484361
44 20 3.82316 0.042734
44 24 3.8235 0.0318874
44 28 3.82399 0.0180663
44 32 3.82438 0.00278688
44 36 3.82455 -0.0129711
44 40 3.82453 -0.0281313
44 44 3.82448 -0.0409081
44 48 3.8246 -0.0487533
44 52 3.82502 -0.0490964
44 56 3.82563 -0.0405699
44 60 3.82612 -0.0239998

48 0 3.83641 -0.00275397
48 4 3.83522 0.0179307
48 8 3.83237 0.0347937
48 12 3.82873 0.0448488
48 16 3.8253 0.046999
48 20 3.82274 0.0419956
48 24 3.82124 0.0317124
48 28 3.82059 0.0181852
48 32 3.82052 0.00299489
48 36 3.82086 -0.0126995
48 40 3.82175 -0.0276435
48 44 3.82345 -0.0399854
48 48 3.82611 -0.0472982
48 52 3.82952 -0.0472985
48 56 3.83299 -0.0389197
48 60 3.83556 -0.0230922

52 0 3.84642 -0.00291469
52 4 3.84476 0.0154412
52 8 3.84048 0.0307552
52 12 3.83484 0.0404157
52 16 3.82925 0.0431999
52 20 3.82476 0.0393679
52 24 3.8218 0.0302573
52 28 3.82022 0.0176117
52 32 3.81972 0.00305593
52 36 3.82019 -0.0119907
52 40 3.82179 -0.0260283
52 44 3.82485 -0.0371967
52 48 3.82946 -0.0433928
52 52 3.83514 -0.0428745
52 56 3.84079 -0.0350351
52 60 3.84495 -0.0208773

56 0 3.8542 -0.00300297
56 4 3.85232 0.0121568
56 8 3.84728 0.0252312
56 12 3.84042 0.0340931
56 16 3.8333 0.0374277
56 20 3.82718 0.0349721
56 24 3.82273 0.0274562
56 28 3.82008 0.0162545
56 32 3.81912 0.00297616
56 36 3.81983 -0.0107446
56 40 3.82233 -0.02322
56 44 3.82678 -0.0326724
56 48 3.83303 -0.0374389
56 52 3.84032 -0.0364195
56 56 3.84731 -0.0295047
56 60 3.85237 -0.0177155

60 0 3.858 -0.00300893
60 4 3.85627 0.00866685
60 8 3.85135 0.0191418
60 12 3.84433 0.0267704
60 16 3.83654 0.0302485
60 20 3.82925 0.0289673
60 24 3.8234 0.023202
60 28 3.81958 0.0139873
60 32 3.81812 0.00278703
60 36 3.81914 -0.00878675
60 40 3.82263 -0.0190994
60 44 3.82835 -0.0265969
60 48 3.83572 -0.0300473
60 52 3.84372 -0.0288616
60 56 3.851 -0.0232636
60 60 3.85612 -0.0141865

64 0 3.85827 -0.00284031
64 4 3.85711 0.00567403
64 8 3.85316 0.0135454
64 12 3.84698 0.0195157
64 16 3.83947 0.0224692
64 20 3.83172 0.0218022
64 24 3.82493 0.017655
64 28 3.82015 0.0108253
64 32 3.81818 0.00246147
64 36 3.81935 -0.0061969
64 40 3.82345 -0.0139121
64 44 3.82985 -0.0195134
64 48 3.83753 -0.0220952
64 52 3.84527 -0.0212756
64 56 3.85191 -0.0172904
64 60 3.85646 -0.0108382

68 0 3.85819 -0.00228003
68 4 3.8579 0.00371266
68 8 3.85524 0.00917771
68 12 3.85029 0.0131378
68 16 3.8435 0.0148665
68 20 3.83581 0.0141375
68 24 3.82855 0.0112771
68 28 3.82312 0.00694963
68 32 3.82061 0.00184761
68 36 3.82149 -0.0034481
68 40 3.82552 -0.00837429
68 44 3.83181 -0.0122651
68 48 3.83913 -0.0144279
68 52 3.84623 -0.0143866
68 56 3.85212 -0.0120712
68 60 3.8562 -0.00782231

72 0 3.86215 -0.000980373
72 4 3.86281 0.00281977
72 8 3.86097 0.0058845
72 12 3.85652 0.00750357
72 16 3.84982 0.00748994
72 20 3.84185 0.0062069
72 24 3.83401 0.00431989
72 28 3.82783 0.00239853
72 32 3.82449 0.000625954
72 36 3.82458 -0.00117124
72 40 3.82795 -0.00319914
72 44 3.83381 -0.00535145
72 48 3.84097 -0.00712369
72 52 3.8482 -0.00783641
72 56 3.8545 -0.00699102
72 60 3.85927 -0.00454362

76 0 3.87338 0.00151909
76 4 3.87492 0.00251785
76 8 3.8728 0.00254036
76 12 3.86718 0.00129843
76 16 3.85879 -0.00078434
76 20 3.84896 -0.00278197
76 24 3.83931 -0.00376616
76 28 3.83141 -0.00330874
76 32 3.82653 -0.00170685
76 36 3.82538 0.000195057
76 40 3.8281 0.00148517
76 44 3.83419 0.0016856
76 48 3.84262 0.000986046
76 52 3.85206 8.75446e-05
76 56 3.86111 -0.000244891
76 60 3.86854 0.00033465

80 0 3.89275 0.00579645
80 4 3.89518 0.00214782
80 8 3.89163 -0.00248142
80 12 3.88276 -0.00762697
80 16 3.8701 -0.0122014
80 20 3.8557 -0.0148793
80 24 3.84171 -0.0146804
80 28 3.83007 -0.0114251
80 32 3.82237 -0.00585235
80 36 3.81968 0.000632552
80 40 3.8225 0.00646919
80 44 3.83058 0.0104907
80 48 3.84286 0.0122717
80 52 3.85752 0.0121184
80 56 3.87225 0.0107055
80 60 3.88467 0.00856906

84 0 3.91953 0.0126126
84 4 3.92319 0.00128296
84 8 3.91742 -0.0107097
84 12 3.90342 -0.0216991
84 16 3.88361 -0.0297834
84 20 3.86107 -0.0333018
84 24 3.83904 -0.0313487
84 28 3.82055 -0.0240863
84 32 3.80815 -0.0127609
84 36 3.80367 0.000559954
84 40 3.80797 0.0134629
84 44 3.82071 0.0237545
84 48 3.84021 0.0299458
84 52 3.86356 0.0314788
84 56 3.88706 0.0286068
84 60 3.90681 0.0220363

88 0 3.95332 0.0230277
88 4 3.95905 4.52818e-06
88 8 3.95089 -0.0232001
88 12 3.93026 -0.0432338
88 16 3.9003 -0.0570209
88 20 3.86534 -0.0622659
88 24 3.83042 -0.0579049
88 28 3.80075 -0.0443944
88 32 3.78098 -0.0237561
88 36 3.77432 0.000690215
88 40 3.78197 0.0249126
88 44 3.80278 0.0449647
88 48 3.83352 0.0577618
88 52 3.8694 0.0615859
88 56 3.90483 0.0562039
88 60 3.93432 0.0426728

92 0 3.99599 0.0385449
92 4 4.0052 -0.00100473
92 8 3.995 -0.0404902
92 12 3.96648 -0.074447
92 16 3.92297 -0.0979674
92 20 3.87011 -0.107203
92 24 3.81565 -0.100019
92 28 3.76862 -0.0767691
92 32 3.73751 -0.0407873
92 36 3.72803 0.00194187
92 40 3.74155 0.0440584
92 44 3.77504 0.078558
92 48 3.82227 0.10022
92 52 3.87542 0.106282
92 56 3.92657 0.0964646
92 60 3.96861 0.0726657

96 0 4.05272 0.0612659
96 4 4.06742 -0.000485516
96 8 4.05599 -0.0627907
96 12 4.01819 -0.117849
96 16 3.95662 -0.157925
96 20 3.87795 -0.175783
96 24 3.79379 -0.166117
96 28 3.71957 -0.128
96 32 3.67074 -0.0669096
96 36 3.65744 0.00569264
96 40 3.68103 0.0757501
96 44 3.73454 0.130968
96 48 3.80625 0.163574
96 52 3.8836 0.170662
96 56 3.95571 0.153178
96 60 4.01412 0.11482

100 0 4.13172 0.0940439
100 4 4.15472 0.00342749
100 8 4.14343 -0.0900634
100 12 4.09495 -0.176597
100 16 4.00926 -0.244441
100 20 3.89283 -0.279876
100 24 3.76218 -0.270064
100 28 3.64362 -0.209612
100 32 3.56586 -0.107159
100 36 3.54765 0.0147373
100 40 3.58955 0.128538
100 44 3.67618 0.212835
100 48 3.78554 0.257552
100 52 3.89767 0.2622
100 56 3.99823 0.231627
100 60 4.07815 0.172919

104 0 4.24302 0.140562
104 4 4.27819 0.0135901
104 8 4.27005 -0.121295
104 12 4.21108 -0.253807
104 16 4.09485 -0.367724
104 20 3.92342 -0.43835
104 24 3.71763 -0.436335
104 28 3.52259 -0.342928
104 32 3.39477 -0.170175
104 36 3.37151 0.0358445
104 40 3.44959 0.219095
104 44 3.5938 0.342648
104 48 3.76232 0.397283
104 52 3.92427 0.391389
104 56 4.06268 0.33864
104 60 4.17006 0.251662

108 0 4.39648 0.205144
108 4 4.4491 0.0348028
108 8 4.45096 -0.152183
108 12 4.38757 -0.349278
108 16 4.23935 -0.538468
108 20 3.99217 -0.680026
108 24 3.66232 -0.710323
108 28 3.32586 -0.5709
108 32 3.10449 -0.271412
108 36 3.08127 0.0868453
108 40 3.23718 0.38187
108 44 3.48562 0.552345
108 48 3.74616 0.604418
108 52 3.9759 0.570633
108 56 4.16075 0.48107
108 60 4.30014 0.355615

112 0 4.5991 0.291961
112 4 4.67573 0.07503
112 8 4.70096 -0.171013
112 12 4.65272 -0.451549
112 16 4.48995 -0.758136
112 20 4.15668 -1.04247
112 24 3.62413 -1.17992
112 28 3.00192 -0.991505
112 32 2.58586 -0.442158
112 36 2.58985 0.216014
112 40 2.9287 0.690339
112 44 3.3691 0.89374
112 48 3.76402 0.904397
112 52 4.07508 0.809449
112 56 4.30772 0.661799
112 60 4.47799 0.486753

116 0 4.85122 0.403341
116 4 4.9581 0.145635
116 8 5.0271 -0.154475
116 12 5.03464 -0.524652
116 16 4.92011 -0.991153
116 20 4.55457 -1.54437
116 24 3.74026 -2.01839
116 28 2.48628 -1.92362
116 32 1.59327 -0.890561
116 36 1.70628 0.427877
116 40 2.52416 1.25023
116 44 3.31141 1.4226
116 48 3.87222 1.31131
116 52 4.25639 1.10372
116 56 4.5205 0.873154
116 60 4.70944 0.640844

120 0 5.14196 0.537331
120 4 5.2813 0.258508
120 8 5.41507 -0.069247
120 12 5.53451 -0.498508
120 16 5.59563 -1.11368
120 20 5.44087 -2.04727
120 24 4.5168 -3.3129
120 28 2.09204 -3.62484
120 32 0 -3.52
120 36 -0.398494 -1.1871
120 40 1.82189 1.41042
120 44 3.34329 1.98011
120 48 4.14064 1.78021
120 52 4.55844 1.41791
120 56 4.81016 1.08956
120 60 4.99109 0.804263

124 0 5.44627 0.685827
124 4 5.61182 0.418874
124 8 5.81652 0.112358
124 12 6.08289 -0.292533
124 16 6.4417 -0.905812
124 20 6.8068 -1.91563
124 24 5.09828 -2.57522
124 28 1.76 -1.76
124 32 0 -1.76
124 36 -1.76 -1.76
124 40 -1.02811 -0.41955
124 44 2.87139 2.04043
124 48 4.5404 2.10222
124 52 4.98571 1.65858
124 56 5.16513 1.26539
124 60 5.30341 0.954761

128 0 5.72775 0.835533
128 4 5.90369 0.617239
128 8 6.15682 0.385459
128 12 6.53325 0.10802
128 16 7.11827 -0.254037
128 20 7.63701 -0.619671
128 24 3.52 0
128 28 1.76 1.44251e-16
128 32 0 0
128 36 -1.76 0
128 40 -3.52 0
128 44 2.00931 1.0652
128 48 4.7464 1.83132
128 52 5.41036 1.67931
128 56 5.52902 1.3509
128 60 5.60783 1.06988

132 0 5.94884 0.97259
132 4 6.11551 0.828942
132 8 6.37265 0.701378
132 12 6.75739 0.597323
132 16 7.29408 0.575724
132 20 7.26629 0.911909
132 24 3.78732 1.58217
132 28 1.76 1.76
132 32 0 1.76
132 36 -1.76 1.76
132 40 -2.41428 1.21111
132 44 0.76569 0.36255
132 48 4.23436 1.09923
132 52 5.57468 1.44171
132 56 5.8056 1.32871
132 60 5.85549 1.13939

136 0 6.08337 1.0881
136 4 6.22711 1.02556
136 8 6.44882 0.995494
136 12 6.75594 1.02639
136 16 7.07436 1.19393
136 20 6.5726 1.61584
136 24 3.46966 1.85483
136 28 1.11654 2.10107
136 32 0 3.52
136 36 -1.22577 2.24596
136 40 -0.990585 0.913923
136 44 0.798296 0.33877
136 48 3.57064 0.614694
136 52 5.39057 1.09827
136 56 5.9121 1.22691
136 60 6.00499 1.16912

140 0 6.12245 1.18066
140 4 6.24232 1.18941
140 8 6.41409 1.22843
140 12 6.62389 1.32601
140 16 6.7573 1.52461
140 20 6.15362 1.80355
140 24 3.75388 1.72682
140 28 1.10621 1.10622
140 32 -0.137065 0.647169
140 36 -0.549183 0.478359
140 40 -0.436833 0.191994
140 44 0.836436 0.0413943
140 48 3.06048 0.288181
140 52 4.98448 0.781913
140 56 5.82112 1.09027
140 60 6.0338 1.17304

144 0 6.07171 1.25479
144 4 6.17941 1.31871
144 8 6.30917 1.3975
144 12 6.4456 1.51361
144 16 6.48313 1.68118
144 20 5.95587 1.83844
144 24 4.15445 1.6739
144 28 1.80054 1.01284
144 32 0.280275 0.31452
144 36 -0.366085 -0.082278
144 40 -0.305922 -0.258268
144 44 0.725671 -0.253182
144 48 2.59878 0.0299461
144 52 4.47271 0.530542
144 56 5.55446 0.954309
144 60 5.93847 1.16453

148 0 5.94512 1.31696
148 4 6.06114 1.42189
148 8 6.16662 1.52019
148 12 6.26139 1.63321
148 16 6.26595 1.76341
148 20 5.85807 1.85163
148 24 4.51575 1.6826
148 28 2.51591 1.1018
148 32 0.874199 0.378532
148 36 -0.0495336 -0.162508
148 40 -0.210394 -0.442965
148 44 0.561841 -0.451693
148 48 2.1435 -0.164885
148 52 3.91078 0.340978
148 56 5.15567 0.837205
148 60 5.73029 1.15263

152 0 5.76017 1.37246
152 4 5.91036 1.50939
152 8 6.01053 1.61618
152 12 6.08746 1.71991
152 16 6.09079 1.82264
152 20 5.79775 1.87835
152 24 4.8096 1.73376
152 28 3.15856 1.24703
152 32 1.5296 0.56067
152 36 0.401008 -0.0531196
152 40 -0.0271178 -0.443863
152 44 0.430162 -0.531925
152 48 1.70758 -0.286853
152 52 3.32949 0.207062
152 56 4.66882 0.745493
152 60 5.42982 1.14267

156 0 5.5343 1.42467
156 4 5.74745 1.58868
156 8 5.86066 1.69912
156 12 5.9344 1.79352
156 16 5.94834 1.87983
156 20 5.75108 1.92593
156 24 5.0374 1.82028
156 28 3.71009 1.43421
156 32 2.18517 0.823194
156 36 0.939831 0.193832
156 40 0.265805 -0.280009
156 44 0.386324 -0.471549
156 48 1.3276 -0.312911
156 52 2.75926 0.135383
156 56 4.13314 0.685111
156 60 5.0618 1.13916

160 0 5.28214 1.47484
160 4 5.58674 1.6625
160 8 5.7312 1.77506
160 12 5.81032 1.86151
160 16 5.83529 1.93938
160 20 5.70903 1.98981
160 24 5.20163 1.93232
160 28 4.15884 1.65337
160 32 2.79525 1.14746
160 36 1.51828 0.553202
160 40 0.656044 0.0371254
160 44 0.461741 -0.253729
160 48 1.04864 -0.21473
160 52 2.23917 0.143215
160 56 3.58618 0.664844
160 60 4.65198 1.1466

164 0 5.01496 1.52106
164 4 5.43414 1.72799
164 8 5.62752 1.84264
164 12 5.71737 1.92237
164 16 5.74769 1.99576
164 20 5.66556 2.05664
164 24 5.30336 2.04896
164 28 4.49631 1.8762
164 32 3.32174 1.49429
164 36 2.0855 0.979032
164 40 1.10839 0.469468
164 44 0.65765 0.110019
164 48 0.906983 0.0238942
164 52 1.81662 0.252039
164 56 3.0694 0.696675
164 60 4.22707 1.16855

168 0 4.74409 1.55927
168 4 5.28933 1.77695
168 8 5.54653 1.89375
168 12 5.65123 1.96794
168 16 5.67924 2.03771
168 20 5.61601 2.10845
168 24 5.34619 2.1436
168 28 4.72141 2.06525
168 32 3.73637 1.81124
168 36 2.59309 1.40612
168 40 1.57381 0.949893
168 44 0.943809 0.568695
168 48 0.909508 0.384832
168 52 1.53261 0.471973
168 56 2.63087 0.795462
168 60 3.8193 1.21042

172 0 4.48723 1.58655
172 4 5.15171 1.7987
172 8 5.48083 1.91564
172 12 5.60394 1.98591
172 16 5.62329 2.05213
172 20 5.55875 2.1288
172 24 5.33885 2.19467
172 28 4.84355 2.19076
172 32 4.02667 2.05281
172 36 3.00424 1.77001
172 40 2.0031 1.4012
172 44 1.27134 1.04509
172 48 1.02815 0.810066
172 52 1.39938 0.779533
172 56 2.31331 0.964403
172 60 3.46866 1.2787

176 0 4.2698 1.60015
176 4 5.02573 1.78385
176 8 5.4232 1.89501
176 12 5.56647 1.96319
176 16 5.57384 2.0273
176 20 5.49461 2.10669
176 24 5.29366 2.19146
176 28 4.88143 2.23974
176 32 4.19874 2.19485
176 36 3.30176 2.02702
176 40 2.35954 1.76046
176 44 1.59113 1.46355
176 48 1.21536 1.22349
176 52 1.39515 1.11711
176 56 2.13458 1.17729
176 60 3.21247 1.36887

180 0 4.11605 1.59084
180 4 4.92092 1.72523
180 8 5.36917 1.82226
180 12 5.52999 1.8898
180 16 5.52473 1.95517
180 20 5.42445 2.03707
180 24 5.22288 2.13277
180 28 4.85798 2.21413
180 32 4.2732 2.23585
180 36 3.48914 2.16229
180 40 2.62546 1.99437
180 44 1.86722 1.77277
180 48 1.4248 1.56019
180 52 1.48058 1.41753
180 56 2.08341 1.38285
180 60 3.0694 1.45547

184 0 4.03704 1.54058
184 4 4.84561 1.61677
184 8 5.31653 1.69385
184 12 5.48659 1.76222
184 16 5.46925 1.83338
184 20 5.34745 1.92029
184 24 5.1357 2.02332
184 28 4.79446 2.1243
184 32 4.27642 2.18932
184 36 3.58434 2.18504
184 40 2.80158 2.1001
184 44 2.08199 1.95331
184 48 1.62469 1.78249
184 52 1.61903 1.62854
184 56 2.13311 1.52703
184 60 3.03487 1.49961

188 0 4.02658 1.43061
188 4 4.80016 1.45481
188 8 5.26278 1.5132
188 12 5.42982 1.58506
188 16 5.40095 1.66648
188 20 5.26114 1.76189
188 24 5.03742 1.87159
188 28 4.70684 1.98406
188 32 4.2327 2.07523
188 36 3.61076 2.1177
188 40 2.90117 2.09553
188 44 2.2353 2.01125
188 48 1.80239 1.87945
188 52 1.7876 1.72198
188 56 2.25665 1.57184
188 60 3.08905 1.46718

192 0 4.06593 1.25355
192 4 4.77561 1.24294
192 8 5.20331 1.29104
192 12 5.35492 1.37061
192 16 5.31502 1.46569
192 20 5.16284 1.57223
192 24 4.93026 1.68885
192 28 4.60523 1.80827
192 32 4.16031 1.91435
192 36 3.59024 1.9863
192 40 2.94364 2.00691
192 44 2.34062 1.96567
192 48 1.96246 1.85751
192 52 1.97799 1.69147
192 56 2.43304 1.50272
192 60 3.20654 1.34312

196 0 4.13153 1.02002
196 4 4.75792 0.995716
196 8 5.13236 1.04503
196 12 5.25947 1.13665
196 16 5.20954 1.24679
196 20 5.05118 1.36507
196 24 4.81512 1.48823
196 28 4.49521 1.61187
196 32 4.0712 1.72587
196 36 3.54055 1.81465
196 40 2.95061 1.85923
196 44 2.42009 1.83757
196 48 2.12012 1.73162
196 52 2.19023 1.54767
196 56 2.64573 1.32846
196 60 3.36156 1.13605

200 0 4.20117 0.756332
200 4 4.73378 0.737009
200 8 5.04581 0.797114
200 12 5.14417 0.902999
200 16 5.08606 1.02703
200 20 4.92711 1.15529
200 24 4.69301 1.28348
200 28 4.37982 1.40925
200 32 3.97297 1.52639
200 36 3.47637 1.62144
200 40 2.94453 1.67121
200 44 2.49862 1.64505
200 48 2.2917 1.52194
200 52 2.42388 1.31529
200 56 2.8784 1.07728
200 60 3.52989 0.87444

204 0 4.25787 0.495513
204 4 4.69465 0.493423
204 8 4.94326 0.568821
204 12 5.01312 0.68768
204 16 4.94923 0.82188
204 20 4.79388 0.956616
204 24 4.56583 1.08743
204 28 4.26142 1.2131
204 32 3.87199 1.32859
204 36 3.41189 1.41873
204 40 2.9469 1.45519
204 44 2.59655 1.40507
204 48 2.4856 1.25479
204 52 2.67178 1.03003
204 56 3.11292 0.789377
204 60 3.69031 0.596923

208 0 4.29146 0.26698
208 4 4.63785 0.286719
208 8 4.82816 0.37638
208 12 4.87283 0.503742
208 16 4.80559 0.642781
208 20 4.65625 0.779645
208 24 4.43665 0.910058
208 28 4.14358 1.03241
208 32 3.77606 1.13971
208 36 3.36139 1.21277
208 40 2.97429 1.22097
208 44 2.72319 1.13743
208 48 2.69802 0.962322
208 52 2.91944 0.732408
208 56 3.33075 0.50661
208 60 3.82646 0.340677

212 0 4.29848 0.0892658
212 4 4.56538 0.129006
212 8 4.70617 0.228007
212 12 4.73045 0.357756
212 16 4.66183 0.495908
212 20 4.51952 0.630397
212 24 4.31002 0.756643
212 28 4.03229 0.870752
212 32 3.69486 0.961744
212 36 3.33671 1.00739
212 40 3.03393 0.980327
212 44 2.87495 0.865773
212 48 2.91539 0.677883
212 52 3.14944 0.459005
212 56 3.51656 0.262434
212 60 3.92851 0.132137

216 0 4.28071 -0.0319497
216 4 4.48179 0.022119
216 8 4.58311 0.124019
216 12 4.592 0.250067
216 16 4.52357 0.382105
216 20 4.38895 0.509715
216 24 4.1918 0.627075
216 28 3.93532 0.726789
216 32 3.63736 0.794233
216 36 3.34349 0.807666
216 40 3.12255 0.748021
216 44 3.03909 0.613884
216 48 3.12088 0.429004
216 52 3.34716 0.235086
216 56 3.66141 0.0759498
216 60 3.99358 -0.0168681

220 0 4.2432 -0.101383
220 4 4.39234 -0.0398637
220 8 4.46367 0.0589
220 12 4.4617 0.176218
220 16 4.39497 0.29771
220 20 4.26937 0.413934
220 24 4.08821 0.517219
220 28 3.85973 0.597009
220 32 3.60835 0.637434
220 36 3.37965 0.621062
220 40 3.22954 0.538963
220 44 3.20031 0.400199
220 48 3.30081 0.232256
220 52 3.50469 0.0716539
220 56 3.76371 -0.048483
220 60 4.02465 -0.107596

224 0 4.1925 -0.129765
224 4 4.30196 -0.067059
224 8 4.35124 0.0238937
224 12 4.34224 0.128785
224 16 4.27901 0.236111
224 20 4.16479 0.336812
224 24 4.00403 0.421663
224 28 3.80905 0.478699
224 32 3.60664 0.493719
224 36 3.43713 0.455632
224 40 3.34198 0.364224
224 44 3.34622 0.234305
224 48 3.44801 0.0922513
224 52 3.62147 -0.032766
224 56 3.82801 -0.117491
224 60 4.02855 -0.149801

228 0 4.13535 -0.129755
228 4 4.21504 -0.0707219
228 8 4.24842 0.00924461
228 12 4.2355 0.0992399
228 16 4.1778 0.189755
228 20 4.07765 0.272003
228 24 3.94093 0.3363
228 28 3.78191 0.37142
228 32 3.62589 0.366787
228 36 3.50528 0.317441
228 40 3.44875 0.22874
228 44 3.46975 0.116865
228 48 3.56177 0.00417516
228 52 3.70248 -0.0877135
228 56 3.86248 -0.143502
228 60 4.01379 -0.156789

232 0 4.07776 -0.113109
232 4 4.13528 -0.061119
232 8 4.15733 0.00597684
232 12 4.14292 0.0797491
232 16 4.09246 0.152141
232 20 4.00825 0.214991
232 24 3.89704 0.259451
232 28 3.77281 0.276587
232 32 3.65701 0.259918
232 36 3.57388 0.208987
232 40 3.54226 0.131498
232 44 3.56868 0.0420405
232 48 3.64561 -0.0421617
232 52 3.75532 -0.106102
232 56 3.87622 -0.140272
232 60 3.98856 -0.141691

236 0 4.02415 -0.0891141
236 4 4.06525 -0.0462155
236 8 4.07936 0.00720521
236 12 4.06513 0.0645547
236 16 4.02272 0.119061
236 20 3.95469 0.163705
236 24 3.86778 0.191396
236 28 3.77428 0.196042
236 32 3.69097 0.174605
236 36 3.63501 0.129141
236 40 3.61838 0.0673177
236 44 3.64387 0.000673638
236 48 3.70468 -0.0585967
236 52 3.78754 -0.100707
236 56 3.87703 -0.120027
236 60 3.95931 -0.115347

240 0 3.97657 -0.0640555
240 4 4.00564 -0.0311572
240 8 4.01424 0.00872231
240 12 4.00112 0.0504943
240 16 3.96659 0.0887263
240 20 3.91335 0.117931
240 24 3.84757 0.133109
240 28 3.77922 0.13075
240 32 3.72072 0.110113
240 36 3.68376 0.0741009
240 40 3.67575 0.0290012
240 44 3.69759 -0.0170353
240 48 3.74384 -0.0560894
240 52 3.80498 -0.0821963
240 56 3.87019 -0.0921599
240 60 3.92982 -0.0855207

244 0 3.9345 -0.0415259
244 4 3.95474 -0.0185589
244 8 3.95957 0.00873019
244 12 3.94797 0.0366117
244 16 3.9205 0.0610764
244 20 3.87984 0.0783045
244 24 3.83124 0.0852474
244 28 3.78242 0.0803008
244 32 3.74218 0.0638981
244 36 3.71825 0.0386938
244 40 3.71507 0.00908312
244 44 3.73267 -0.0198446
244 48 3.76699 -0.0434713
244 52 3.81135 -0.0584679
244 56 3.85831 -0.0630889
244 60 3.90112 -0.0570903

248 0 3.89561 -0.0232212
248 4 3.90924 -0.00931163
248 8 3.91141 0.00701999
248 12 3.90149 0.0232957
248 16 3.88018 0.036904
248 20 3.84993 0.0455765
248 24 3.81499 0.0478147
248 28 3.78102 0.0431955
248 32 3.75406 0.0324979
248 36 3.73904 0.0175785
248 40 3.73855 0.0009685
248 44 3.75223 -0.0146917
248 48 3.77718 -0.0271525
248 52 3.80883 -0.0348172
248 56 3.8421 -0.0367764
248 60 3.8723 -0.0327706

252 0 3.85744 -0.00973098
252 4 3.86592 -0.00339619
252 8 3.86623 0.00412471
252 12 3.85807 0.0114418
252 16 3.84224 0.0171572
252 20 3.82074 0.0202509
252 24 3.79677 0.020297
252 28 3.77425 0.0174744
252 32 3.75709 0.0124377
252 36 3.74829 0.00611888
252 40 3.74925 -0.000495188
252 44 3.75952 -0.00654649
252 48 3.77708 -0.0113797
252 52 3.79889 -0.014491
252 56 3.8216 -0.015443
252 60 3.842 -0.0138845

256 0 3.8191 -0.000968431
256 4 3.8236 -0.000342752
256 8 3.82274 0.000788842
256 12 3.8165 0.00188902
256 16 3.8056 0.00247269
256 20 3.79156 0.0023781
256 24 3.77653 0.00180681
256 28 3.76299 0.00115189
256 32 3.75321 0.000763476
256 36 3.74882 0.000782914
256 40 3.75047 0.00109306
256 44 3.75771 0.00138534
256 48 3.76924 0.00132762
256 52 3.78316 0.000774893
256 56 3.7974 -9.36424e-05
256 60 3.80994 -0.000828985

260 0 3.78202 0.00371734
260 4 3.78373 0.00062575
260 8 3.78246 -0.0022468
260 12 3.77829 -0.00485113
260 16 3.77178 -0.00708136
260 20 3.76393 -0.00860776
260 24 3.756 -0.00895088
260 28 3.7493 -0.00773355
260 32 3.74494 -0.00492368
260 36 3.74356 -0.000929989
260 40 3.74531 0.0034705
260 44 3.74982 0.00733139
260 48 3.75632 0.00980887
260 52 3.76383 0.0104305
260 56 3.77129 0.00924879
260 60 3.77765 0.00677753

264 0 3.74931 0.00543632
264 4 3.74948 0.000480384
264 8 3.74852 -0.00435022
264 12 3.74649 -0.00866499
264 16 3.74368 -0.0120278
264 20 3.74062 -0.013882
264 24 3.73787 -0.0136934
264 28 3.73594 -0.0112138
264 32 3.73513 -0.00667395
264 36 3.73547 -0.000796451
264 40 3.73682 0.0053533
264 44 3.73887 0.0106092
264 48 3.74132 0.0139819
264 52 3.74386 0.0149119
264 56 3.74623 0.0134082
264 60 3.74814 0.00999016

268 0 3.72451 0.00546437
268 4 3.7242 0.000137763
268 8 3.72404 -0.00513574
268 12 3.72396 -0.00981625
268 16 3.72399 -0.0133098
268 20 3.72425 -0.0149804
268 24 3.72483 -0.0143419
268 28 3.72573 -0.0112996
268 32 3.72679 -0.00626706
268 36 3.72773 -9.43101e-05
268 40 3.72828 0.00612768
268 44 3.72828 0.0113002
268 48 3.72774 0.0145394
268 52 3.72685 0.0153617
268 56 3.72588 0.0137793
268 60 3.72506 0.0102473

272 0 3.71071 0.00488502
272 4 3.71058 0.000189239
272 8 3.7113 -0.00459332
272 12 3.71268 -0.00889865
272 16 3.71454 -0.0120735
272 20 3.71673 -0.0134698
272 24 3.71904 -0.0126728
272 28 3.7212 -0.00970864
272 32 3.72285 -0.00508286
272 36 3.72362 0.000362117
272 40 3.72326 0.00566856
272 44 3.72176 0.00996242
272 48 3.71937 0.0125962
272 52 3.71654 0.0132419
272 56 3.71387 0.0119255
272 60 3.71182 0.00897419

276 0 3.71027 0.00440089
276 4 3.71056 0.000800776
276 8 3.71187 -0.00309865
276 12 3.71396 -0.00676368
276 16 3.71655 -0.00952897
276 20 3.71937 -0.0107637
276 24 3.7221 -0.0101184
276 28 3.72438 -0.00768964
276 32 3.7258 -0.00399169
276 36 3.72605 0.000232681
276 40 3.72499 0.00423617
276 44 3.72272 0.00742149
276 48 3.71962 0.00940399
276 52 3.71626 0.010014
276 56 3.71327 0.00926831
276 60 3.71118 0.00731973

280 0 3.72475 0.00437115
280 4 3.72545 0.00181818
280 8 3.72689 -0.00127824
280 12 3.72881 -0.00440208
280 16 3.73102 -0.00688117
280 20 3.73328 -0.0081121
280 24 3.73532 -0.00780312
280 28 3.73686 -0.00608501
280 32 3.73757 -0.00342812
280 36 3.73728 -0.000433647
280 40 3.73594 0.00237112
280 44 3.73374 0.00463936
280 48 3.73106 0.00620038
280 52 3.7284 0.00699017
280 56 3.72625 0.00697512
280 60 3.72499 0.00611223

284 0 3.75488 0.00494035
284 4 3.75588 0.00295336
284 8 3.75697 0.000192392
284 12 3.75797 -0.00277942
284 16 3.75882 -0.00524701
284 20 3.75948 -0.00661804
284 24 3.75991 -0.00664687
284 28 3.76002 -0.00548662
284 32 3.75974 -0.00356205
284 36 3.75903 -0.00135793
284 40 3.75795 0.000757621
284 44 3.75667 0.00259929
284 48 3.75541 0.00411475
284 52 3.75446 0.00526966
284 56 3.75403 0.00594426
284 60 3.7542 0.00591314

288 0 3.80055 0.00612089
288 4 3.80169 0.00392195
288 8 3.80206 0.000760923
288 12 3.8016 -0.00265924
288 16 3.80043 -0.00550766
288 20 3.79879 -0.00714818
288 24 3.79696 -0.0073498
288 28 3.79524 -0.00629362
288 32 3.79383 -0.00441357
288 36 3.79291 -0.00218093
288 40 3.79258 6.07843e-05
288 44 3.79288 0.00214837
288 48 3.79378 0.00403246
288 52 3.7952 0.00564054
288 56 3.79698 0.00675974
288 60 3.79887 0.00703487

292 0 3.8605 0.00780576
292 4 3.8616 0.00449651
292 8 3.86106 9.49571e-05
292 12 3.85892 -0.00446187
292 16 3.85551 -0.00813426
292 20 3.85135 -0.0101543
292 24 3.84713 -0.0102504
292 28 3.84352 -0.00864497
292 32 3.84108 -0.00587901
292 36 3.84018 -0.00257539
292 40 3.84092 0.000757469
292 44 3.84313 0.00381098
292 48 3.84645 0.00642685
292 52 3.8504 0.00845364
292 56 3.85443 0.00961507
292 60 3.85797 0.00951181

296 0 3.93196 0.00976626
296 4 3.93281 0.00451309
296 8 3.93131 -0.00188928
296 12 3.92761 -0.00819618
296 16 3.92222 -0.0130735
296 20 3.91592 -0.0155291
296 24 3.90971 -0.0151905
296 28 3.90461 -0.0123386
296 32 3.90148 -0.00773333
296 36 3.90081 -0.0023295
296 40 3.90267 0.00300299
296 44 3.90668 0.00764892
296 48 3.91217 0.0112476
296 52 3.91828 0.0135533
296 56 3.92414 0.0142807
296 60 3.92892 0.0130891

300 0 4.01027 0.0116826
300 4 4.01067 0.00387723
300 8 4.00832 -0.00503873
300 12 4.00348 -0.0134759
300 16 3.99679 -0.0197579
300 20 3.9892 -0.0226093
300 24 3.98189 -0.0215196
300 28 3.97608 -0.0168492
300 32 3.97274 -0.00966653
300 36 3.97245 -0.00139462
300 40 3.97521 0.00658942
300 44 3.98051 0.0132439
300 48 3.98746 0.0179366
300 52 3.99494 0.0203216
300 56 4.00184 0.0201614
300 60 4.0072 0.0172736

304 0 4.08893 0.013212
304 4 4.08873 0.00258509
304 8 4.08577 -0.0089963
304 12 4.08042 -0.0196083
304 16 4.07338 -0.0272435
304 20 4.06563 -0.0303449
304 24 4.05834 -0.0282659
304 28 4.05271 -0.0214649
304 32 4.04971 -0.011356
304 36 4.04986 0.000118869
304 40 4.05313 0.0110183
304 44 4.05897 0.0198173
304 48 4.06639 0.0255701
304 52 4.07419 0.027823
304 56 4.08116 0.0264267
304 60 4.0863 0.0214392

308 0 4.15966 0.0140657
308 4 4.15883 0.000744184
308 8 4.15563 -0.0132532
308 12 4.1505 -0.0257305
308 16 4.14413 -0.0344253
308 20 4.13736 -0.0375617
308 24 4.13118 -0.0343919
308 28 4.12658 -0.0254733
308 32 4.12435 -0.0125381
308 36 4.12492 0.0019943
308 40 4.12825 0.0156506
308 44 4.13381 0.0264318
308 48 4.14067 0.0330682
308 52 4.1477 0.034993
308 56 4.15375 0.0321685
308 60 4.15792 0.0249469

312 0 4.21281 0.014064
312 4 4.21142 -0.00143205
312 8 4.2084 -0.017228
312 12 4.20421 -0.0309682
312 16 4.1994 -0.0402608
312 20 4.19456 -0.0432126
312 24 4.19034 -0.0390182
312 28 4.18738 -0.0283068
312 32 4.18622 -0.0130437
312 36 4.18715 0.00398349
312 40 4.19013 0.0198664
312 44 4.19471 0.0321936
312 48 4.20012 0.0394001
312 52 4.20542 0.04082
312 56 4.20969 0.0365458
312 60 4.21226 0.0272483

316 0 4.23842 0.0131548
316 4 4.23662 -0.00366608
316 8 4.23418 -0.0203699
316 12 4.23151 -0.0345892
316 16 4.2289 -0.0439488
316 20 4.22661 -0.0465459
316 24 4.22485 -0.0415495
316 28 4.22388 -0.0296056
316 32 4.22394 -0.0127937
316 36 4.22517 0.00587194
316 40 4.22749 0.0231766
316 44 4.23059 0.0363955
316 48 4.2339 0.0437386
316 52 4.23678 0.0444897
316 56 4.23865 0.0389001
316 60 4.23919 0.0279579

320 0 4.22963 0.0114053
320 4 4.22762 -0.00567491
320 8 4.22608 -0.0222537
320 12 4.22527 -0.0361101
320 16 4.22519 -0.0450213
320 20 4.2257 -0.047163
320 24 4.22661 -0.0416932
320 28 4.22775 -0.0292079
320 32 4.22907 -0.0117759
320 36 4.23052 0.00750772
320 40 4.23201 0.0252618
320 44 4.23332 0.038573
320 48 4.23415 0.0455362
320 52 4.2342 0.0454723
320 56 4.23334 0.0388328
320 60 4.23169 0.026895

324 0 4.18824 0.0089817
324 4 4.18624 -0.00720848
324 8 4.18582 -0.0226152
324 12 4.18702 -0.035307
324 16 4.18955 -0.0433165
324 20 4.19289 -0.0449597
324 24 4.19644 -0.0393901
324 28 4.19967 -0.027097
324 32 4.2022 -0.0100284
324 36 4.20379 0.00877869
324 40 4.20431 0.0259248
324 44 4.20365 0.0384584
324 48 4.20179 0.0445024
324 52 4.19886 0.0435255
324 56 4.19521 0.0362182
324 60 4.19143 0.0240866

328 0 4.12781 0.00611564
328 4 4.12602 -0.00807587
328 8 4.12679 -0.0213496
328 12 4.12994 -0.0321706
328 16 4.13492 -0.0388951
328 20 4.1409 -0.0400241
328 24 4.14693 -0.0347235
328 28 4.15211 -0.023346
328 32 4.15574 -0.0076324
328 36 4.15737 0.00957401
328 40 4.15681 0.025024
328 44 4.1541 0.0359092
328 48 4.14953 0.0405458
328 52 4.14371 0.0386565
328 56 4.13747 0.0311778
328 60 4.13185 0.0197395

332 0 4.068 0.00305984
332 4 4.0665 -0.00824542
332 8 4.06818 -0.0186407
332 12 4.07276 -0.0270391
332 16 4.07953 -0.0321595
332 20 4.08748 -0.0327351
332 24 4.09542 -0.0279918
332 28 4.10214 -0.0181578
332 32 4.10664 -0.00470998
332 36 4.10825 0.00983755
332 40 4.10672 0.0225785
332 44 4.10224 0.031054
332 48 4.09546 0.0339365
332 52 4.08739 0.031268
332 56 4.07931 0.0241761
332 60 4.07249 0.0142668

336 0 4.02348 6.19023e-05
336 4 4.02218 -0.00798067
336 8 4.02409 -0.0151888
336 12 4.02894 -0.020892
336 16 4.03611 -0.0241794
336 20 4.04464 -0.0240787
336 24 4.05328 -0.0199684
336 28 4.06068 -0.0120222
336 32 4.0656 -0.0014419
336 36 4.0672 0.00970206
336 40 4.06516 0.0190367
336 44 4.05983 0.024647
336 48 4.0521 0.0256773
336 52 4.04327 0.0224764
336 56 4.03476 0.0162381
336 60 4.02784 0.00838356

340 0 3.99782 -0.00263433
340 4 3.99663 -0.00773114
340 8 3.99805 -0.0120298
340 12 4.00198 -0.0151546
340 16 4.00808 -0.016532
340 20 4.01564 -0.01555
340 24 4.02359 -0.0118682
340 28 4.0306 -0.00572788
340 32 4.03536 0.00189855
340 36 4.03691 0.00944975
340 40 4.03493 0.0152273
340 44 4.02985 0.0179886
340 48 4.02268 0.0173763
340 52 4.01475 0.0139445
340 56 4.00735 0.00878457
340 60 4.0015 0.00300318

344 0 3.98616 -0.00481442
344 4 3.98516 -0.00774366
344 8 3.98595 -0.00981542
344 12 3.98863 -0.0107848
344 16 3.99313 -0.0103538
344 20 3.99907 -0.00831611
344 24 4.00561 -0.00473004
344 28 4.01156 -3.18537e-05
344 32 4.01566 0.00496451
344 36 4.01697 0.00922207
344 40 4.01522 0.0117849
344 44 4.01088 0.0121196
344 48 4.00499 0.0103048
344 52 3.99874 0.00694565
344 56 3.99316 0.00286967
344 60 3.98887 -0.00120069

348 0 3.98216 -0.00636394
348 4 3.98151 -0.00785981
348 8 3.98207 -0.00837352
348 12 3.98402 -0.00766875
348 16 3.98742 -0.00566535
348 20 3.99207 -0.00257001
348 24 3.99729 0.00110882
348 28 4.00205 0.00467665
348 32 4.00525 0.00743593
348 36 4.00606 0.00886545
348 40 4.00433 0.00875024
348 44 4.00058 0.00722312
348 48 3.99578 0.00469029
348 52 3.99098 0.00166781
348 56 3.98692 -0.00138312
348 60 3.98396 -0.00413512

352 0 3.98311 -0.00730244
352 4 3.98283 -0.00782635
352 8 3.98337 -0.00723852
352 12 3.98488 -0.0052682
352 16 3.98746 -0.00201694
352 20 3.99094 0.00193311
352 24 3.99481 0.00566221
352 28 3.99823 0.0082474
352 32 4.00036 0.0091122
352 36 4.0006 0.00821645
352 40 3.99894 0.00600554
352 44 3.99588 0.00316235
352 48 3.99222 0.000302365
352 52 3.98877 -0.00222431
352 56 3.98602 -0.00433435
352 60 3.98415 -0.00605039

356 0 3.98976 -0.00771034
356 4 3.98962 -0.0077782
356 8 3.98959 -0.00660387
356 12 3.98985 -0.00387006
356 16 3.99058 0.000183505
356 20 3.99178 0.00468661
356 24 3.99324 0.00841862
356 28 3.99453 0.010311
356 32 3.99525 0.00990626
356 36 3.99517 0.0075287
356 40 3.99434 0.0040797
356 44 3.99309 0.000578423
356 48 3.99182 -0.00228572
356 52 3.99084 -0.00434322
356 56 3.99024 -0.00580619
356 60 3.98994 -0.0069313

360 0 4.00211 -0.00760971
360 4 4.0018 -0.00827465
360 8 4.00026 -0.00750701
360 12 3.99781 -0.00488409
360 16 3.99489 -0.000681645
360 20 3.99191 0.00409194
360 24 3.98924 0.00806749
360 28 3.98721 0.0101028
360 32 3.98607 0.00977209
360 36 3.98603 0.00749935
360 40 3.98718 0.00427268
360 44 3.9894 0.00111349
360 48 3.99242 -0.00138987
360 52 3.99574 -0.00322791
360 56 3.9988 -0.00474955
360 60 4.00106 -0.00624641

364 0 4.01629 -0.00692772
364 4 4.01574 -0.00980353
364 8 4.01227 -0.0109446
364 12 4.00639 -0.00969427
364 16 3.99891 -0.00619236
364 20 3.9908 -0.0013807
364 24 3.98322 0.00339123
364 28 3.97732 0.0069369
364 32 3.97414 0.00867593
364 36 3.97431 0.00873866
364 40 3.97788 0.00771467
364 44 3.98428 0.00621792
364 48 3.99241 0.00453086
364 52 4.00089 0.00252967
364 56 4.00837 -8.06629e-05
364 60 4.01374 -0.00337736

368 0 4.02581 -0.00557963
368 4 4.02528 -0.0122643
368 8 4.02054 -0.0168116
368 12 4.01223 -0.0181781
368 16 4.00145 -0.0161862
368 20 3.98962 -0.0115201
368 24 3.97846 -0.00537839
368 28 3.96973 0.00099638
368 32 3.96498 0.00666983
368 36 3.96512 0.0111218
368 40 3.97022 0.0141294
368 44 3.97941 0.0155524
368 48 3.99109 0.0151783
368 52 4.0033 0.0127425
368 56 4.01411 0.00813885
368 60 4.02195 0.00170998

372 0 4.02576 -0.00359891
372 4 4.0257 -0.014879
372 8 4.02122 -0.0236049
372 12 4.01295 -0.0282494
372 16 4.00198 -0.0282126
372 20 3.98982 -0.0238308
372 24 3.97822 -0.0161097
372 28 3.96901 -0.00637589
372 32 3.96377 0.00399114
372 36 3.96346 0.013694
372 40 3.96819 0.0215606
372 44 3.97719 0.0265667
372 48 3.98893 0.0278987
372 52 4.00147 0.0250914
372 56 4.01282 0.0182301
372 60 4.02129 0.00813734

376 0 4.01635 -0.00121606
376 4 4.01708 -0.016602
376 8 4.01442 -0.0291365
376 12 4.00877 -0.0368297
376 16 4.00091 -0.0386814
376 20 3.99194 -0.0347121
376 24 3.98317 -0.0257682
376 28 3.97594 -0.0132606
376 32 3.97141 0.00105973
376 36 3.97035 0.015271
376 40 3.97299 0.0274345
376 44 3.97894 0.0357756
376 48 3.98724 0.0389125
376 52 3.99653 0.0361145
376 56 4.00532 0.0275443
376 60 4.01226 0.014392

380 0 4.00302 0.00118663
380 4 4.00448 -0.0167768
380 8 4.00425 -0.0318059
380 12 4.00242 -0.041585
380 16 3.99929 -0.0448423
380 20 3.99534 -0.0413985
380 24 3.99112 -0.0320055
380 28 3.98722 -0.0181119
380 32 3.9842 -0.00164355
380 36 3.9825 0.0151802
380 40 3.98244 0.0300285
380 44 3.98409 0.0406884
380 48 3.98726 0.0453703
380 52 3.99145 0.0430633
380 56 3.99596 0.0338555
380 60 4.00004 0.0190839

384 0 3.99276 0.00322609
384 4 3.99451 -0.015543
384 8 3.99611 -0.0314927
384 12 3.99744 -0.0421535
384 16 3.99838 -0.0461494
384 20 3.99886 -0.0432488
384 24 3.99879 -0.0341832
384 28 3.99807 -0.0203813
384 32 3.99669 -0.0037296
384 36 3.9948 0.0135968
384 40 3.99272 0.0292665
384 44 3.99085 0.0409705
384 48 3.98963 0.0467206
384 52 3.98929 0.045261
384 56 3.98984 0.0364802
384 60 3.9911 0.0216368

388 0 3.98965 0.00465201
388 4 3.99116 -0.0136536
388 8 3.99341 -0.0293574
388 12 3.99615 -0.0399656
388 16 3.9991 -0.0441226
388 20 4.00189 -0.0416551
388 24 4.0041 -0.0333364
388 28 4.00531 -0.020549
388 32 4.00518 -0.00501013
388 36 4.00365 0.0113646
388 40 4.00095 0.0264995
388 44 3.9976 0.0382311
388 48 3.99424 0.0445456
388 52 3.99147 0.0440088
388 56 3.9897 0.036263
388 60 3.9891 0.0223524

392 0 3.99291 0.00537225
392 4 3.99383 -0.0119181
392 8 3.99577 -0.0268399
392 12 3.99846 -0.0369535
392 16 4.00154 -0.0409676
392 20 4.00462 -0.0387859
392 24 4.00724 -0.0312274
392 28 4.00898 -0.0196264
392 32 4.00951 -0.00552176
392 36 4.00868 0.00945205
392 40 4.00661 0.023521
392 44 4.00364 0.0347436
392 48 4.00029 0.0411801
392 52 3.99712 0.0413165
392 56 3.99463 0.034613
392 60 3.99317 0.0219013

396 0 3.99817 0.00540656
396 4 3.99848 -0.0107362
396 8 3.99992 -0.0247186
396 12 4.0022 -0.0342249
396 16 4.00492 -0.0380268
396 20 4.00765 -0.0360461
396 24 4.01002 -0.0290839
396 28 4.01173 -0.0184109
396 32 4.01257 -0.00544449
396 36 4.01241 0.00835431
396 40 4.01125 0.0214054
396 44 4.00922 0.0319384
396 48 4.00658 0.0381261
396 52 4.0037 0.0384929
396 56 4.00104 0.0324623
396 60 3.99908 0.020759

400 0 4.00036 0.00483504
400 4 4.00033 -0.00992591
400 8 4.00189 -0.022725
400 12 4.00466 -0.031472
400 16 4.00805 -0.0350218
400 20 4.01146 -0.0332523
400 24 4.01442 -0.0268548
400 28 4.0166 -0.0169826
400 32 4.01782 -0.00495676
400 36 4.01799 0.00784141
400 40 4.01704 0.0199147
400 44 4.01501 0.0295991
400 48 4.01204 0.0352037
400 52 4.00849 0.0354018
400 56 4.00492 0.0297287
400 60 4.002 0.0189143

404 0 3.99638 0.00374857
404 4 3.99645 -0.0088338
404 8 3.99922 -0.0197295
404 12 4.00407 -0.0272357
404 16 4.01 -0.0303676
404 20 4.01598 -0.0289344
404 24 4.02112 -0.0234238
404 28 4.02486 -0.0147683
404 32 4.02685 -0.00412776
404 36 4.02695 0.007211
404 40 4.0251 0.0178288
404 44 4.02139 0.0261877
404 48 4.01614 0.0308064
404 52 4.01 0.0306214
404 56 4.00393 0.0253858
404 60 3.99906 0.0158731

408 0 3.98666 0.0021998
408 4 3.98718 -0.00669984
408 8 3.99207 -0.0143978
408 12 4.00031 -0.0198065
408 16 4.01031 -0.0222187
408 20 4.02038 -0.0213708
408 24 4.02905 -0.017445
408 28 4.03528 -0.0110054
408 32 4.03844 -0.00290695
408 36 4.03824 0.00577731
408 40 4.03465 0.013815
408 44 4.02794 0.0199227
408 48 4.01878 0.0229855
408 52 4.0084 0.0223557
408 56 3.99842 0.0180857
408 60 3.99067 0.0109445

412 0 3.9749 0.000199924
412 4 3.97589 -0.00315483
412 8 3.98295 -0.0060724
412 12 3.99468 -0.00832967
412 16 4.00892 -0.00962711
412 20 4.02333 -0.00963706
412 24 4.03583 -0.00814764
412 28 4.04483 -0.00520585
412 32 4.04934 -0.00118862
412 36 4.04886 0.00322374
412 40 4.04336 0.00717302
412 44 4.03334 0.00983561
412 48 4.01995 0.0106749
412 52 4.00503 0.00962783
412 56 3.99097 0.00710122
412 60 3.98025 0.00375356

416 0 3.96603 -0.00220318
416 4 3.96721 0.00148192
416 8 3.9755 0.00465267
416 12 3.98932 0.00649267
416 16 4.00629 0.00676814
416 20 4.0237 0.0058075
416 24 4.03902 0.00422404
416 28 4.05021 0.0025684
416 32 4.05587 0.00108904
416 36 4.05529 -0.000301303
416 40 4.04842 -0.0018538
416 44 4.03599 -0.00369724
416 48 4.01959 -0.00559702
416 52 4.00157 -0.00693286
416 56 3.98484 -0.00697159
416 60 3.97226 -0.0053108

420 0 3.96377 -0.00482428
420 4 3.9648 0.00637073
420 8 3.97283 0.0161177
420 12 3.98647 0.022551
420 16 4.00351 0.024817
420 20 4.02134 0.0231117
420 24 4.03734 0.0183342
420 28 4.04926 0.0115936
420 32 4.05545 0.00383332
420 36 4.05499 -0.00427084
420 40 4.04781 -0.0121404
420 44 4.03482 -0.0190095
420 48 4.01782 -0.0237722
420 52 3.99942 -0.025162
420 56 3.98256 -0.0222618
420 60 3.97 -0.0150812

424 0 3.96924 -0.0073199
424 4 3.96995 0.010628
424 8 3.97644 0.0263837
424 12 3.98768 0.0371999
424 16 4.002 0.041612
424 20 4.0173 0.0395541
424 24 4.03133 0.0320256
424 28 4.042 0.0205482
424 32 4.04771 0.00671362
424 36 4.04749 -0.00798106
424 40 4.04126 -0.0220162
424 44 4.02989 -0.0336552
424 48 4.01513 -0.040955
424 52 3.99934 -0.0421556
424 56 3.98506 -0.0363437
424 60 3.97451 -0.0240384

428 0 3.98133 -0.00926865
428 4 3.98175 0.013698
428 8 3.98597 0.0339839
428 12 3.99339 0.0482367
428 16 4.00299 0.054505
428 20 4.01343 0.0524256
428 24 4.02318 0.0429537
428 28 4.03072 0.0278432
428 32 4.03484 0.00917818
428 36 4.03477 -0.0108351
428 40 4.03044 -0.0298272
428 44 4.02251 -0.0452075
428 48 4.01229 -0.0543665
428 52 4.00149 -0.0552442
428 56 3.99187 -0.0470609
428 60 3.98483 -0.0308194

432 0 3.99772 -0.0102877
432 4 3.99802 0.015427
432 8 3.99983 0.0382255
432 12 4.00295 0.0544595
432 16 4.00704 0.0618891
432 20 4.01157 0.0599195
432 24 4.01586 0.0494042
432 28 4.01919 0.0321813
432 32 4.02095 0.0106216
432 36 4.02076 -0.0126034
432 40 4.01861 -0.0345511
432 44 4.01489 -0.0520743
432 48 4.0103 -0.0621779
432 52 4.00566 -0.0626983
432 56 4.00172 -0.05303
432 60 3.99898 -0.0345177

436 0 4.01582 -0.01013
436 4 4.01622 0.0159625
436 8 4.01592 0.0391386
436 12 4.01511 0.055756
436 16 4.01407 0.0634961
436 20 4.01303 0.0616271
436 24 4.01212 0.0508802
436 28 4.01132 0.0330627
436 32 4.0106 0.010646
436 36 4.00999 -0.0134859
436 40 4.00961 -0.0361395
436 44 4.00968 -0.0539796
436 48 4.01036 -0.0639697
436 52 4.01161 -0.0640587
436 56 4.01321 -0.0538326
436 60 4.01474 -0.034795

440 0 4.03326 -0.00875907
440 4 4.03391 0.0156488
440 8 4.03215 0.0373393
440 12 4.02846 0.0529532
440 16 4.02364 0.0602688
440 20 4.0185 0.058475
440 24 4.01375 0.0481343
440 28 4.00987 0.0309156
440 32 4.00722 0.00925609
440 36 4.00607 -0.0139115
440 40 4.00672 -0.0353683
440 44 4.00933 -0.0518917
440 48 4.01375 -0.0607248
440 52 4.01938 -0.0601677
440 56 4.02524 -0.050061
440 60 4.03019 -0.0319364

444 0 4.04838 -0.00640566
444 4 4.04934 0.0149412
444 8 4.04697 0.0338865
444 12 4.04191 0.0475676
444 16 4.0352 0.0539816
444 20 4.02802 0.0522556
444 24 4.02135 0.0427222
444 28 4.01592 0.0268179
444 32 4.01224 0.00686073
444 36 4.01072 -0.0142413
444 40 4.01172 -0.0333413
444 44 4.01541 -0.0474847
444 48 4.02153 -0.0543959
444 52 4.02927 -0.0529119
444 56 4.0373 -0.0432256
444 60 4.04411 -0.0268618

448 0 4.06072 -0.00357304
448 4 4.06188 0.0142798
448 8 4.05974 0.0300394
448 12 4.05486 0.0414323
448 16 4.04827 0.046738
448 20 4.04112 0.0450425
448 24 4.03443 0.0364296
448 28 4.02896 0.022063
448 32 4.02525 0.00409883
448 36 4.02369 -0.0146137
448 40 4.02463 -0.0310269
448 44 4.02819 -0.0424827
448 48 4.03413 -0.0472231
448 52 4.04167 -0.0446667
448 56 4.04957 -0.0354025
448 60 4.05636 -0.0209742

452 0 4.07126 -0.000931918
452 4 4.07234 0.0139253
452 8 4.07093 0.026888
452 12 4.0674 0.0362088
452 16 4.06248 0.0404484
452 20 4.05703 0.0386949
452 24 4.05184 0.0308403
452 28 4.04755 0.0178131
452 32 4.0446 0.0016103
452 36 4.04333 -0.0149982
452 40 4.04399 -0.0290728
452 44 4.04665 -0.0382133
452 48 4.0511 -0.0410867
452 52 4.05675 -0.0375829
452 56 4.06268 -0.0286183
452 60 4.06784 -0.0157705

456 0 4.08199 0.00090511
456 4 4.08266 0.0138688
456 8 4.08206 0.0250168
456 12 4.08035 0.0329358
456 16 4.07785 0.0363885
456 20 4.07498 0.0344984
456 24 4.07216 0.0270661
456 28 4.06975 0.0148876
456 32 4.06804 -0.000143533
456 36 4.06725 -0.0153295
456 40 4.06755 -0.0278326
456 44 4.06895 -0.0354454
456 48 4.07132 -0.0371114
456 52 4.07431 -0.0330017
456 56 4.07743 -0.0242152
456 60 4.08015 -0.0123405

460 0 4.09519 0.00163204
460 4 4.09528 0.0139098
460 8 4.09522 0.0244027
460 12 4.09505 0.0317995
460 16 4.09478 0.0349211
460 20 4.09443 0.0329064
460 24 4.094 0.025546
460 28 4.09353 0.0136241
460 32 4.0931 -0.000973356
460 36 4.09283 -0.0155718
460 40 4.0928 -0.0274002
460 44 4.09302 -0.0343652
460 48 4.09346 -0.0355431
460 52 4.09399 -0.031211
460 56 4.09452 -0.0225146
460 60 4.09494 -0.0110212

464 0 4.11272 0.00136792
464 4 4.1123 0.0138339
464 8 4.11238 0.0245701
464 12 4.11296 0.0321919
464 16 4.11392 0.0354387
464 20 4.11505 0.0334043
464 24 4.1161 0.0259002
464 28 4.1169 0.0137848
464 32 4.11738 -0.000976767
464 36 4.11755 -0.015673
464 40 4.11744 -0.0275504
464 44 4.11706 -0.0345575
464 48 4.1164 -0.0357956
464 52 4.11552 -0.0315339
464 56 4.11451 -0.0228864
464 60 4.11351 -0.0113828

468 0 4.13558 0.000568968
468 4 4.1349 0.0135188
468 8 4.1347 0.0248248
468 12 4.13498 0.0329656
468 16 4.13566 0.0365471
468 20 4.13654 0.0345951
468 24 4.13743 0.0269508
468 28 4.13822 0.0145701
468 32 4.13887 -0.000487919
468 36 4.13939 -0.0154784
468 40 4.13973 -0.0276663
468 44 4.13978 -0.0350154
468 48 4.13946 -0.0365963
468 52 4.13874 -0.0326047
468 56 4.13773 -0.0240758
468 60 4.1366 -0.0124857

472 0 4.16361 -0.000199594
472 4 4.16289 0.0128835
472 8 4.16196 0.0244027
472 12 4.16087 0.0327435
472 16 4.15963 0.0364549
472 20 4.15833 0.0345764
472 24 4.15717 0.027023
472 28 4.15645 0.0148239
472 32 4.15642 3.3351e-05
472 36 4.15722 -0.0147076
472 40 4.15869 -0.0268066
472 44 4.16047 -0.0343109
472 48 4.16215 -0.0362587
472 52 4.16337 -0.0327211
472 56 4.16399 -0.024586
472 60 4.16402 -0.0132245

476 0 4.19522 -0.000494057
476 4 4.19452 0.0117768
476 8 4.1924 0.0225426
476 12 4.18896 0.0302168
476 16 4.18446 0.03347
476 20 4.17945 0.0315357
476 24 4.17477 0.0245032
476 28 4.17135 0.0134271
476 32 4.16999 0.000161953
476 36 4.17104 -0.0130349
476 40 4.17425 -0.0239816
476 44 4.17888 -0.0309858
476 48 4.18397 -0.0331088
476 52 4.18862 -0.0302461
476 56 4.19222 -0.0230323
476 60 4.19445 -0.0126287

480 0 4.22743 -0.00012705
480 4 4.22663 0.00994288
480 8 4.22289 0.0185893
480 12 4.21647 0.0244288
480 16 4.20801 0.026472
480 20 4.19863 0.0243525
480 24 4.18985 0.0184365
480 28 4.18335 0.00973776
480 32 4.18047 -0.000328069
480 36 4.1818 -0.0102279
480 40 4.18701 -0.0185298
480 44 4.19499 -0.0240513
480 48 4.20419 -0.025988
480 52 4.21305 -0.0240366
480 56 4.22034 -0.0184663
480 60 4.22528 -0.0100876

484 0 4.25627 0.000815406
484 4 4.25514 0.00710978
484 8 4.24958 0.0121713
484 12 4.2401 0.0150295
484 16 4.2278 0.0152352
484 20 4.21442 0.0129615
484 24 4.2021 0.00887725
484 28 4.19305 0.00384571
484 32 4.18898 -0.0013757
484 36 4.19064 -0.00625558
484 40 4.19767 -0.0103952
484 44 4.20869 -0.0133632
484 48 4.22169 -0.0146461
484 52 4.23454 -0.013787
484 56 4.24539 -0.010626
484 60 4.2529 -0.00548459

488 0 4.27738 0.00205968
488 4 4.27575 0.00313803
488 8 4.2685 0.00336857
488 12 4.2565 0.00240944
488 16 4.24132 0.000486367
488 20 4.22521 -0.00167089
488 24 4.21072 -0.00318737
488 28 4.20028 -0.00350746
488 32 4.19569 -0.00268502
488 36 4.19772 -0.0013156
488 40 4.20598 -0.000156886
488 44 4.21903 0.000319068
488 48 4.23465 0.000167461
488 52 4.25037 -0.000126038
488 56 4.26384 1.33506e-06
488 60 4.27324 0.000807583

492 0 4.28642 0.00330183
492 4 4.28428 -0.00185846
492 8 4.27587 -0.00724435
492 12 4.26238 -0.012387
492 16 4.2458 -0.0163434
492 20 4.22868 -0.0179354
492 24 4.21368 -0.0162765
492 28 4.20316 -0.0112885
492 32 4.19873 -0.00389942
492 36 4.20106 0.00420717
492 40 4.20975 0.0111732
492 44 4.22346 0.0156031
492 48 4.24006 0.0169686
492 52 4.257 0.0156103
492 56 4.27171 0.0123727
492 60 4.28202 0.00810149

496 0 4.27861 0.0043601
496 4 4.27617 -0.007484
496 8 4.26741 -0.0187189
496 12 4.25373 -0.0279478
496 16 4.23734 -0.0335593
496 20 4.22087 -0.0341182
496 24 4.20684 -0.0289497
496 28 4.19727 -0.018583
496 32 4.19346 -0.00479068
496 36 4.19588 0.00981208
496 40 4.20416 0.0224503
496 44 4.21718 0.0309043
496 48 4.2331 0.0340158
496 52 4.24959 0.0318146
496 56 4.26411 0.0252439
496 60 4.27434 0.0156534

500 0 4.24781 0.00521215
500 4 4.24542 -0.0131429
500 8 4.23722 -0.0299325
500 12 4.22466 -0.0427986
500 16 4.20996 -0.049576
500 20 4.19554 -0.0487801
500 24 4.18356 -0.0401291
500 28 4.1756 -0.0248097
500 32 4.17259 -0.0053331
500 36 4.1748 0.0149691
500 40 4.18195 0.0326422
500 44 4.19317 0.0448109
500 48 4.20704 0.0497207
500 52 4.22163 0.0469808
500 56 4.23468 0.0374458
500 60 4.24397 0.0228207

504 0 4.18686 0.00588055
504 4 4.18484 -0.0181906
504 8 4.17807 -0.0397507
504 12 4.1679 -0.0555506
504 16 4.15622 -0.0630208
504 20 4.14503 -0.060794
504 24 4.13595 -0.0490692
504 28 4.13007 -0.0296469
504 32 4.12794 -0.00561371
504 36 4.1297 0.0192121
504 40 4.13515 0.0409327
504 44 4.14371 0.0562066
504 48 4.15443 0.0627766
504 52 4.16588 0.0598009
504 56 4.17628 0.0479133
504 60 4.18378 0.0290112

508 0 4.09218 0.00629006
508 4 4.09068 -0.0220982
508 8 4.08609 -0.0471718
508 12 4.07941 -0.0649818
508 16 4.07198 -0.0727243
508 20 4.0651 -0.0692414
508 24 4.05971 -0.0551886
508 28 4.05637 -0.032847
508 32 4.05528 -0.00567955
508 36 4.05647 0.0222289
508 40 4.05982 0.0467501
508 44 4.06505 0.0642613
508 48 4.07167 0.0721366
508 52 4.07887 0.0691379
508 56 4.08549 0.055634
508 60 4.09028 0.0335868

