0 0 0
0 0.8 0
0 1.6 0
0 2.4 0
0 3.2 0
0 4 0
0 4.8 0
0 5.6 0
0 6.4 0
0 7.2 0
0 8 0
0 8.8 0
0 9.6 0
0 10.4 0
0 11.2 0
0 12 0
0 12.8 0
0 13.6 0
0 14.4 0
0 15.2 0
0 16 0
0 16.8 0
0 17.6 0
0 18.4 0
0 19.2 0
0 20 0
0 20.8 0
0 21.6 0
0 22.4 0
0 23.2 0
0 24 0
0 24.8 0
0 25.6 0
0 26.4 0
0 27.2 0

0.8 0 0
0.8 0.8 0
0.8 1.6 -nan
0.8 2.4 -nan
0.8 3.2 -nan
0.8 4 -nan
0.8 4.8 -nan
0.8 5.6 -nan
0.8 6.4 -nan
0.8 7.2 -nan
0.8 8 -nan
0.8 8.8 -nan
0.8 9.6 -nan
0.8 10.4 -nan
0.8 11.2 -nan
0.8 12 -nan
0.8 12.8 -nan
0.8 13.6 -nan
0.8 14.4 -nan
0.8 15.2 -nan
0.8 16 -nan
0.8 16.8 -nan
0.8 17.6 -nan
0.8 18.4 -nan
0.8 19.2 -nan
0.8 20 -nan
0.8 20.8 -nan
0.8 21.6 -nan
0.8 22.4 -nan
0.8 23.2 -nan
0.8 24 -nan
0.8 24.8 -nan
0.8 25.6 -nan
0.8 26.4 0
0.8 27.2 0

1.6 0 0
1.6 0.8 -nan
1.6 1.6 -nan
1.6 2.4 -nan
1.6 3.2 -nan
1.6 4 -nan
1.6 4.8 -nan
1.6 5.6 -nan
1.6 6.4 -nan
1.6 7.2 -nan
1.6 8 -nan
1.6 8.8 -nan
1.6 9.6 -nan
1.6 10.4 -nan
1.6 11.2 -nan
1.6 12 -nan
1.6 12.8 -nan
1.6 13.6 -nan
1.6 14.4 -nan
1.6 15.2 -nan
1.6 16 -nan
1.6 16.8 -nan
1.6 17.6 -nan
1.6 18.4 -nan
1.6 19.2 -nan
1.6 20 -nan
1.6 20.8 -nan
1.6 21.6 -nan
1.6 22.4 -nan
1.6 23.2 -nan
1.6 24 -nan
1.6 24.8 -nan
1.6 25.6 -nan
1.6 26.4 -nan
1.6 27.2 0

2.4 0 0
2.4 0.8 -nan
2.4 1.6 -nan
2.4 2.4 -nan
2.4 3.2 -nan
2.4 4 -nan
2.4 4.8 -nan
2.4 5.6 -nan
2.4 6.4 -nan
2.4 7.2 -nan
2.4 8 -nan
2.4 8.8 -nan
2.4 9.6 -nan
2.4 10.4 -nan
2.4 11.2 -nan
2.4 12 -nan
2.4 12.8 -nan
2.4 13.6 -nan
2.4 14.4 -nan
2.4 15.2 -nan
2.4 16 -nan
2.4 16.8 -nan
2.4 17.6 -nan
2.4 18.4 -nan
2.4 19.2 -nan
2.4 20 -nan
2.4 20.8 -nan
2.4 21.6 -nan
2.4 22.4 -nan
2.4 23.2 -nan
2.4 24 -nan
2.4 24.8 -nan
2.4 25.6 -nan
2.4 26.4 -nan
2.4 27.2 0

3.2 0 0
3.2 0.8 -nan
3.2 1.6 -nan
3.2 2.4 -nan
3.2 3.2 -nan
3.2 4 -nan
3.2 4.8 -nan
3.2 5.6 -nan
3.2 6.4 -nan
3.2 7.2 -nan
3.2 8 -nan
3.2 8.8 -nan
3.2 9.6 -nan
3.2 10.4 -nan
3.2 11.2 -nan
3.2 12 -nan
3.2 12.8 -nan
3.2 13.6 -nan
3.2 14.4 -nan
3.2 15.2 -nan
3.2 16 -nan
3.2 16.8 -nan
3.2 17.6 -nan
3.2 18.4 -nan
3.2 19.2 -nan
3.2 20 -nan
3.2 20.8 -nan
3.2 21.6 -nan
3.2 22.4 -nan
3.2 23.2 -nan
3.2 24 -nan
3.2 24.8 -nan
3.2 25.6 -nan
3.2 26.4 -nan
3.2 27.2 0

4 0 0
4 0.8 -nan
4 1.6 -nan
4 2.4 -nan
4 3.2 -nan
4 4 -nan
4 4.8 -nan
4 5.6 -nan
4 6.4 -nan
4 7.2 -nan
4 8 -nan
4 8.8 -nan
4 9.6 -nan
4 10.4 -nan
4 11.2 -nan
4 12 -nan
4 12.8 -nan
4 13.6 -nan
4 14.4 -nan
4 15.2 -nan
4 16 -nan
4 16.8 -nan
4 17.6 -nan
4 18.4 -nan
4 19.2 -nan
4 20 -nan
4 20.8 -nan
4 21.6 -nan
4 22.4 -nan
4 23.2 -nan
4 24 -nan
4 24.8 -nan
4 25.6 -nan
4 26.4 -nan
4 27.2 0

4.8 0 0
4.8 0.8 -nan
4.8 1.6 -nan
4.8 2.4 -nan
4.8 3.2 -nan
4.8 4 -nan
4.8 4.8 -nan
4.8 5.6 -nan
4.8 6.4 -nan
4.8 7.2 -nan
4.8 8 -nan
4.8 8.8 -nan
4.8 9.6 -nan
4.8 10.4 -nan
4.8 11.2 -nan
4.8 12 -nan
4.8 12.8 -nan
4.8 13.6 -nan
4.8 14.4 -nan
4.8 15.2 -nan
4.8 16 -nan
4.8 16.8 -nan
4.8 17.6 -nan
4.8 18.4 -nan
4.8 19.2 -nan
4.8 20 -nan
4.8 20.8 -nan
4.8 21.6 -nan
4.8 22.4 -nan
4.8 23.2 -nan
4.8 24 -nan
4.8 24.8 -nan
4.8 25.6 -nan
4.8 26.4 -nan
4.8 27.2 0

5.6 0 0
5.6 0.8 -nan
5.6 1.6 -nan
5.6 2.4 -nan
5.6 3.2 -nan
5.6 4 -nan
5.6 4.8 -nan
5.6 5.6 -nan
5.6 6.4 -nan
5.6 7.2 -nan
5.6 8 -nan
5.6 8.8 -nan
5.6 9.6 -nan
5.6 10.4 -nan
5.6 11.2 -nan
5.6 12 -nan
5.6 12.8 -nan
5.6 13.6 -nan
5.6 14.4 -nan
5.6 15.2 -nan
5.6 16 -nan
5.6 16.8 -nan
5.6 17.6 -nan
5.6 18.4 -nan
5.6 19.2 -nan
5.6 20 -nan
5.6 20.8 -nan
5.6 21.6 -nan
5.6 22.4 -nan
5.6 23.2 -nan
5.6 24 -nan
5.6 24.8 -nan
5.6 25.6 -nan
5.6 26.4 -nan
5.6 27.2 0

6.4 0 0
6.4 0.8 -nan
6.4 1.6 -nan
6.4 2.4 -nan
6.4 3.2 -nan
6.4 4 -nan
6.4 4.8 -nan
6.4 5.6 -nan
6.4 6.4 -nan
6.4 7.2 -nan
6.4 8 -nan
6.4 8.8 -nan
6.4 9.6 -nan
6.4 10.4 -nan
6.4 11.2 -nan
6.4 12 -nan
6.4 12.8 -nan
6.4 13.6 -nan
6.4 14.4 -nan
6.4 15.2 -nan
6.4 16 -nan
6.4 16.8 -nan
6.4 17.6 -nan
6.4 18.4 -nan
6.4 19.2 -nan
6.4 20 -nan
6.4 20.8 -nan
6.4 21.6 -nan
6.4 22.4 -nan
6.4 23.2 -nan
6.4 24 -nan
6.4 24.8 -nan
6.4 25.6 -nan
6.4 26.4 -nan
6.4 27.2 0

7.2 0 0
7.2 0.8 -nan
7.2 1.6 -nan
7.2 2.4 -nan
7.2 3.2 -nan
7.2 4 -nan
7.2 4.8 -nan
7.2 5.6 -nan
7.2 6.4 -nan
7.2 7.2 -nan
7.2 8 -nan
7.2 8.8 -nan
7.2 9.6 -nan
7.2 10.4 -nan
7.2 11.2 -nan
7.2 12 -nan
7.2 12.8 -nan
7.2 13.6 -nan
7.2 14.4 -nan
7.2 15.2 -nan
7.2 16 -nan
7.2 16.8 -nan
7.2 17.6 -nan
7.2 18.4 -nan
7.2 19.2 -nan
7.2 20 -nan
7.2 20.8 -nan
7.2 21.6 -nan
7.2 22.4 -nan
7.2 23.2 -nan
7.2 24 -nan
7.2 24.8 -nan
7.2 25.6 -nan
7.2 26.4 -nan
7.2 27.2 0

8 0 0
8 0.8 -nan
8 1.6 -nan
8 2.4 -nan
8 3.2 -nan
8 4 -nan
8 4.8 -nan
8 5.6 -nan
8 6.4 -nan
8 7.2 -nan
8 8 -nan
8 8.8 -nan
8 9.6 -nan
8 10.4 -nan
8 11.2 -nan
8 12 -nan
8 12.8 -nan
8 13.6 -nan
8 14.4 -nan
8 15.2 -nan
8 16 -nan
8 16.8 -nan
8 17.6 -nan
8 18.4 -nan
8 19.2 -nan
8 20 -nan
8 20.8 -nan
8 21.6 -nan
8 22.4 -nan
8 23.2 -nan
8 24 -nan
8 24.8 -nan
8 25.6 -nan
8 26.4 -nan
8 27.2 0

8.8 0 0
8.8 0.8 -nan
8.8 1.6 -nan
8.8 2.4 -nan
8.8 3.2 -nan
8.8 4 -nan
8.8 4.8 -nan
8.8 5.6 -nan
8.8 6.4 -nan
8.8 7.2 -nan
8.8 8 -nan
8.8 8.8 -nan
8.8 9.6 -nan
8.8 10.4 -nan
8.8 11.2 -nan
8.8 12 -nan
8.8 12.8 -nan
8.8 13.6 -nan
8.8 14.4 -nan
8.8 15.2 -nan
8.8 16 -nan
8.8 16.8 -nan
8.8 17.6 -nan
8.8 18.4 -nan
8.8 19.2 -nan
8.8 20 -nan
8.8 20.8 -nan
8.8 21.6 -nan
8.8 22.4 -nan
8.8 23.2 -nan
8.8 24 -nan
8.8 24.8 -nan
8.8 25.6 -nan
8.8 26.4 -nan
8.8 27.2 0

9.6 0 0
9.6 0.8 -nan
9.6 1.6 -nan
9.6 2.4 -nan
9.6 3.2 -nan
9.6 4 -nan
9.6 4.8 -nan
9.6 5.6 -nan
9.6 6.4 -nan
9.6 7.2 -nan
9.6 8 -nan
9.6 8.8 -nan
9.6 9.6 -nan
9.6 10.4 -nan
9.6 11.2 -nan
9.6 12 -nan
9.6 12.8 -nan
9.6 13.6 -nan
9.6 14.4 -nan
9.6 15.2 -nan
9.6 16 -nan
9.6 16.8 -nan
9.6 17.6 -nan
9.6 18.4 -nan
9.6 19.2 -nan
9.6 20 -nan
9.6 20.8 -nan
9.6 21.6 -nan
9.6 22.4 -nan
9.6 23.2 -nan
9.6 24 -nan
9.6 24.8 -nan
9.6 25.6 -nan
9.6 26.4 -nan
9.6 27.2 0

10.4 0 0
10.4 0.8 -nan
10.4 1.6 -nan
10.4 2.4 -nan
10.4 3.2 -nan
10.4 4 -nan
10.4 4.8 -nan
10.4 5.6 -nan
10.4 6.4 -nan
10.4 7.2 -nan
10.4 8 -nan
10.4 8.8 -nan
10.4 9.6 -nan
10.4 10.4 -nan
10.4 11.2 -nan
10.4 12 -nan
10.4 12.8 -nan
10.4 13.6 -nan
10.4 14.4 -nan
10.4 15.2 -nan
10.4 16 -nan
10.4 16.8 -nan
10.4 17.6 -nan
10.4 18.4 -nan
10.4 19.2 -nan
10.4 20 -nan
10.4 20.8 -nan
10.4 21.6 -nan
10.4 22.4 -nan
10.4 23.2 -nan
10.4 24 -nan
10.4 24.8 -nan
10.4 25.6 -nan
10.4 26.4 -nan
10.4 27.2 0

11.2 0 0
11.2 0.8 -nan
11.2 1.6 -nan
11.2 2.4 -nan
11.2 3.2 -nan
11.2 4 -nan
11.2 4.8 -nan
11.2 5.6 -nan
11.2 6.4 -nan
11.2 7.2 -nan
11.2 8 -nan
11.2 8.8 -nan
11.2 9.6 -nan
11.2 10.4 -nan
11.2 11.2 -nan
11.2 12 -nan
11.2 12.8 -nan
11.2 13.6 -nan
11.2 14.4 -nan
11.2 15.2 -nan
11.2 16 -nan
11.2 16.8 -nan
11.2 17.6 -nan
11.2 18.4 -nan
11.2 19.2 -nan
11.2 20 -nan
11.2 20.8 -nan
11.2 21.6 -nan
11.2 22.4 -nan
11.2 23.2 -nan
11.2 24 -nan
11.2 24.8 -nan
11.2 25.6 -nan
11.2 26.4 -nan
11.2 27.2 0

12 0 0
12 0.8 -nan
12 1.6 -nan
12 2.4 -nan
12 3.2 -nan
12 4 -nan
12 4.8 -nan
12 5.6 -nan
12 6.4 -nan
12 7.2 -nan
12 8 -nan
12 8.8 -nan
12 9.6 -nan
12 10.4 -nan
12 11.2 -nan
12 12 -nan
12 12.8 -nan
12 13.6 -nan
12 14.4 -nan
12 15.2 -nan
12 16 -nan
12 16.8 -nan
12 17.6 -nan
12 18.4 -nan
12 19.2 -nan
12 20 -nan
12 20.8 -nan
12 21.6 -nan
12 22.4 -nan
12 23.2 -nan
12 24 -nan
12 24.8 -nan
12 25.6 -nan
12 26.4 -nan
12 27.2 0

12.8 0 0
12.8 0.8 -nan
12.8 1.6 -nan
12.8 2.4 -nan
12.8 3.2 -nan
12.8 4 -nan
12.8 4.8 -nan
12.8 5.6 -nan
12.8 6.4 -nan
12.8 7.2 -nan
12.8 8 -nan
12.8 8.8 -nan
12.8 9.6 -nan
12.8 10.4 -nan
12.8 11.2 -nan
12.8 12 -nan
12.8 12.8 -nan
12.8 13.6 -nan
12.8 14.4 -nan
12.8 15.2 -nan
12.8 16 -nan
12.8 16.8 -nan
12.8 17.6 -nan
12.8 18.4 -nan
12.8 19.2 -nan
12.8 20 -nan
12.8 20.8 -nan
12.8 21.6 -nan
12.8 22.4 -nan
12.8 23.2 -nan
12.8 24 -nan
12.8 24.8 -nan
12.8 25.6 -nan
12.8 26.4 -nan
12.8 27.2 0

13.6 0 0
13.6 0.8 -nan
13.6 1.6 -nan
13.6 2.4 -nan
13.6 3.2 -nan
13.6 4 -nan
13.6 4.8 -nan
13.6 5.6 -nan
13.6 6.4 -nan
13.6 7.2 -nan
13.6 8 -nan
13.6 8.8 -nan
13.6 9.6 -nan
13.6 10.4 -nan
13.6 11.2 -nan
13.6 12 -nan
13.6 12.8 -nan
13.6 13.6 -nan
13.6 14.4 -nan
13.6 15.2 -nan
13.6 16 -nan
13.6 16.8 -nan
13.6 17.6 -nan
13.6 18.4 -nan
13.6 19.2 -nan
13.6 20 -nan
13.6 20.8 -nan
13.6 21.6 -nan
13.6 22.4 -nan
13.6 23.2 -nan
13.6 24 -nan
13.6 24.8 -nan
13.6 25.6 -nan
13.6 26.4 -nan
13.6 27.2 0

14.4 0 0
14.4 0.8 -nan
14.4 1.6 -nan
14.4 2.4 -nan
14.4 3.2 -nan
14.4 4 -nan
14.4 4.8 -nan
14.4 5.6 -nan
14.4 6.4 -nan
14.4 7.2 -nan
14.4 8 -nan
14.4 8.8 -nan
14.4 9.6 -nan
14.4 10.4 -nan
14.4 11.2 -nan
14.4 12 -nan
14.4 12.8 -nan
14.4 13.6 -nan
14.4 14.4 -nan
14.4 15.2 -nan
14.4 16 -nan
14.4 16.8 -nan
14.4 17.6 -nan
14.4 18.4 -nan
14.4 19.2 -nan
14.4 20 -nan
14.4 20.8 -nan
14.4 21.6 -nan
14.4 22.4 -nan
14.4 23.2 -nan
14.4 24 -nan
14.4 24.8 -nan
14.4 25.6 -nan
14.4 26.4 -nan
14.4 27.2 0

15.2 0 0
15.2 0.8 -nan
15.2 1.6 -nan
15.2 2.4 -nan
15.2 3.2 -nan
15.2 4 -nan
15.2 4.8 -nan
15.2 5.6 -nan
15.2 6.4 -nan
15.2 7.2 -nan
15.2 8 -nan
15.2 8.8 -nan
15.2 9.6 -nan
15.2 10.4 -nan
15.2 11.2 -nan
15.2 12 -nan
15.2 12.8 -nan
15.2 13.6 -nan
15.2 14.4 -nan
15.2 15.2 -nan
15.2 16 -nan
15.2 16.8 -nan
15.2 17.6 -nan
15.2 18.4 -nan
15.2 19.2 -nan
15.2 20 -nan
15.2 20.8 -nan
15.2 21.6 -nan
15.2 22.4 -nan
15.2 23.2 -nan
15.2 24 -nan
15.2 24.8 -nan
15.2 25.6 -nan
15.2 26.4 -nan
15.2 27.2 0

16 0 0
16 0.8 -nan
16 1.6 -nan
16 2.4 -nan
16 3.2 -nan
16 4 -nan
16 4.8 -nan
16 5.6 -nan
16 6.4 -nan
16 7.2 -nan
16 8 -nan
16 8.8 -nan
16 9.6 -nan
16 10.4 -nan
16 11.2 -nan
16 12 -nan
16 12.8 -nan
16 13.6 -nan
16 14.4 -nan
16 15.2 -nan
16 16 -nan
16 16.8 -nan
16 17.6 -nan
16 18.4 -nan
16 19.2 -nan
16 20 -nan
16 20.8 -nan
16 21.6 -nan
16 22.4 -nan
16 23.2 -nan
16 24 -nan
16 24.8 -nan
16 25.6 -nan
16 26.4 -nan
16 27.2 0

16.8 0 0
16.8 0.8 -nan
16.8 1.6 -nan
16.8 2.4 -nan
16.8 3.2 -nan
16.8 4 -nan
16.8 4.8 -nan
16.8 5.6 -nan
16.8 6.4 -nan
16.8 7.2 -nan
16.8 8 -nan
16.8 8.8 -nan
16.8 9.6 -nan
16.8 10.4 -nan
16.8 11.2 -nan
16.8 12 -nan
16.8 12.8 -nan
16.8 13.6 -nan
16.8 14.4 -nan
16.8 15.2 -nan
16.8 16 -nan
16.8 16.8 -nan
16.8 17.6 -nan
16.8 18.4 -nan
16.8 19.2 -nan
16.8 20 -nan
16.8 20.8 -nan
16.8 21.6 -nan
16.8 22.4 -nan
16.8 23.2 -nan
16.8 24 -nan
16.8 24.8 -nan
16.8 25.6 -nan
16.8 26.4 -nan
16.8 27.2 0

17.6 0 0
17.6 0.8 -nan
17.6 1.6 -nan
17.6 2.4 -nan
17.6 3.2 -nan
17.6 4 -nan
17.6 4.8 -nan
17.6 5.6 -nan
17.6 6.4 -nan
17.6 7.2 -nan
17.6 8 -nan
17.6 8.8 -nan
17.6 9.6 -nan
17.6 10.4 -nan
17.6 11.2 -nan
17.6 12 -nan
17.6 12.8 -nan
17.6 13.6 -nan
17.6 14.4 -nan
17.6 15.2 -nan
17.6 16 -nan
17.6 16.8 -nan
17.6 17.6 -nan
17.6 18.4 -nan
17.6 19.2 -nan
17.6 20 -nan
17.6 20.8 -nan
17.6 21.6 -nan
17.6 22.4 -nan
17.6 23.2 -nan
17.6 24 -nan
17.6 24.8 -nan
17.6 25.6 -nan
17.6 26.4 -nan
17.6 27.2 0

18.4 0 0
18.4 0.8 -nan
18.4 1.6 -nan
18.4 2.4 -nan
18.4 3.2 -nan
18.4 4 -nan
18.4 4.8 -nan
18.4 5.6 -nan
18.4 6.4 -nan
18.4 7.2 -nan
18.4 8 -nan
18.4 8.8 -nan
18.4 9.6 -nan
18.4 10.4 -nan
18.4 11.2 -nan
18.4 12 -nan
18.4 12.8 -nan
18.4 13.6 -nan
18.4 14.4 -nan
18.4 15.2 -nan
18.4 16 -nan
18.4 16.8 -nan
18.4 17.6 -nan
18.4 18.4 -nan
18.4 19.2 -nan
18.4 20 -nan
18.4 20.8 -nan
18.4 21.6 -nan
18.4 22.4 -nan
18.4 23.2 -nan
18.4 24 -nan
18.4 24.8 -nan
18.4 25.6 -nan
18.4 26.4 -nan
18.4 27.2 0

19.2 0 0
19.2 0.8 0
19.2 1.6 -nan
19.2 2.4 -nan
19.2 3.2 -nan
19.2 4 -nan
19.2 4.8 -nan
19.2 5.6 -nan
19.2 6.4 -nan
19.2 7.2 -nan
19.2 8 -nan
19.2 8.8 -nan
19.2 9.6 -nan
19.2 10.4 -nan
19.2 11.2 -nan
19.2 12 -nan
19.2 12.8 -nan
19.2 13.6 -nan
19.2 14.4 -nan
19.2 15.2 -nan
19.2 16 -nan
19.2 16.8 -nan
19.2 17.6 -nan
19.2 18.4 -nan
19.2 19.2 -nan
19.2 20 -nan
19.2 20.8 -nan
19.2 21.6 -nan
19.2 22.4 -nan
19.2 23.2 -nan
19.2 24 -nan
19.2 24.8 -nan
19.2 25.6 -nan
19.2 26.4 0
19.2 27.2 0

20 0 0
20 0.8 0
20 1.6 0
20 2.4 0
20 3.2 0
20 4 0
20 4.8 0
20 5.6 0
20 6.4 0
20 7.2 0
20 8 0
20 8.8 0
20 9.6 0
20 10.4 0
20 11.2 0
20 12 0
20 12.8 0
20 13.6 0
20 14.4 0
20 15.2 0
20 16 0
20 16.8 0
20 17.6 0
20 18.4 0
20 19.2 0
20 20 0
20 20.8 0
20 21.6 0
20 22.4 0
20 23.2 0
20 24 0
20 24.8 0
20 25.6 0
20 26.4 0
20 27.2 0

