68.7
70.5
70.1
69.7
69.2
69.7
69.9
69.4
70.3
70.9
69.6
69.6
69.4
69.0
69.1
68.2
69.4
69.4
67.8
67.7
67.9
67.9
68.6
68.7
68.3
68.2
69.0
69.0
69.9
68.4
69.3
70.2
70.1
69.7
69.4
69.9
70.7
70.2
70.9
69.5
69.2
69.0
69.5
68.4
69.3
68.9
69.2
70.8
68.8
69.8
70.7
69.1
69.8
69.5
69.2
69.0
68.0
69.1
69.8
70.2
70.9
69.8
68.7
68.9
68.3
68.5
68.2
68.6
70.0
69.9
69.4
69.9
70.6
70.2
69.8
68.2
68.1
67.7
67.0
67.1
68.2
69.0
68.9
69.4
69.6
70.0
69.8
69.5
68.7
69.2
69.0
69.0
69.4
69.7
69.2
69.2
70.2
69.6
69.3
69.2
69.2
69.0
69.1
69.1
68.0
68.6
67.9
68.1
68.6
67.8
69.6
69.7
69.5
69.3
67.8
69.4
69.5
70.3
69.7
69.5
69.5
70.8
70.4
69.7
70.0
69.2
69.5
68.8
70.3
69.6
69.9
70.1
70.9
70.7
70.8
71.7
70.9
70.2
69.8
69.5
69.7
69.0