68.6
69.7
70.0
70.2
68.9
69.8
69.1
69.6
70.1
70.1
69.7
69.7
70.5
72.4
70.8
69.9
70.8
70.6
69.9
70.7
69.4
70.2
70.2
69.6
69.0
69.6
70.4
68.8
69.2
68.4
69.0
70.3
70.7
70.1
70.4
70.4
70.1
70.7
71.9
71.7
69.6
70.5
70.1
70.6
70.0
71.6
72.1
72.4
71.7
72.8
74.0
71.1
72.2
72.7
71.5
70.8
69.7
70.1
70.3
70.5
70.1
70.6
69.7
70.0
70.4
70.2
70.4
70.5
69.5
71.3
70.9
71.0
69.2
69.9
69.5
70.0
69.7
70.0
69.5
69.2
69.2
69.8
68.0
68.3
67.9
69.3
68.8
73.5
70.9
68.9
68.6
67.9
70.5
70.4
69.0
72.6
71.0
70.3
69.1
68.5
71.7
70.7
70.9
70.1
69.4
69.9
70.3
68.6
69.0
69.0
71.4
72.9
71.0
70.5
70.6
70.4
70.6
70.3
70.8
70.9
69.7
71.2
71.0
71.7
71.1
71.3
70.0
72.5
69.6
70.8
70.4
69.9
69.5
69.0
68.6
69.4
69.0
69.6
69.4
70.7
71.1
69.4