0 0 0
0 1 0
0 2 0
0 3 0
0 4 0
0 5 0
0 6 0
0 7 0
0 8 0
0 9 0
0 10 0
0 11 0
0 12 0
0 13 0
0 14 0
0 15 0
0 16 0
0 17 0
0 18 0
0 19 0
0 20 0
0 21 0
0 22 0
0 23 0
0 24 0
0 25 0
0 26 0
0 27 0
0 28 0
0 29 0
0 30 0
0 31 0
0 32 0
0 33 0
0 34 0
0 35 0
0 36 0
0 37 0
0 38 0
0 39 0

1 0 0
1 1 0
1 2 -0.0233086
1 3 -0.0233593
1 4 -0.023493
1 5 -0.0237607
1 6 -0.024121
1 7 -0.0245806
1 8 -0.0250491
1 9 -0.0255904
1 10 -0.026206
1 11 -0.0268709
1 12 -0.0275453
1 13 -0.0282666
1 14 -0.0290155
1 15 -0.0296946
1 16 -0.0303717
1 17 -0.0310314
1 18 -0.0316616
1 19 -0.0322495
1 20 -0.0327706
1 21 -0.0332863
1 22 -0.0336729
1 23 -0.0340079
1 24 -0.0343262
1 25 -0.0345331
1 26 -0.0346907
1 27 0
1 28 0
1 29 0
1 30 0
1 31 0
1 32 0
1 33 0
1 34 0
1 35 0
1 36 0
1 37 0
1 38 0
1 39 0

2 0 0
2 1 -0.0233086
2 2 -0.18729
2 3 -0.187682
2 4 -0.188967
2 5 -0.191021
2 6 -0.193887
2 7 -0.197354
2 8 -0.201324
2 9 -0.205723
2 10 -0.210593
2 11 -0.215915
2 12 -0.22145
2 13 -0.227243
2 14 -0.233098
2 15 -0.238716
2 16 -0.244152
2 17 -0.249491
2 18 -0.254495
2 19 -0.259194
2 20 -0.263494
2 21 -0.267402
2 22 -0.270655
2 23 -0.273423
2 24 -0.275776
2 25 -0.277541
2 26 -0.278804
2 27 -0.0346907
2 28 0
2 29 0
2 30 0
2 31 0
2 32 0
2 33 0
2 34 0
2 35 0
2 36 0
2 37 0
2 38 0
2 39 0

3 0 0
3 1 -0.0230136
3 2 -0.184896
3 3 -0.185264
3 4 -0.186754
3 5 -0.188758
3 6 -0.191522
3 7 -0.194713
3 8 -0.198969
3 9 -0.203522
3 10 -0.208224
3 11 -0.213515
3 12 -0.219243
3 13 -0.225066
3 14 -0.230672
3 15 -0.23651
3 16 -0.242061
3 17 -0.247316
3 18 -0.252308
3 19 -0.25683
3 20 -0.26115
3 21 -0.264701
3 22 -0.268202
3 23 -0.270987
3 24 -0.272996
3 25 -0.274936
3 26 -0.276178
3 27 -0.0343741
3 28 0
3 29 0
3 30 0
3 31 0
3 32 0
3 33 0
3 34 0
3 35 0
3 36 0
3 37 0
3 38 0
3 39 0

4 0 0
4 1 -0.0224551
4 2 -0.180624
4 3 -0.181258
4 4 -0.182252
4 5 -0.184487
4 6 -0.18699
4 7 -0.190759
4 8 -0.194551
4 9 -0.199526
4 10 -0.204334
4 11 -0.209528
4 12 -0.215355
4 13 -0.221071
4 14 -0.226482
4 15 -0.232241
4 16 -0.237717
4 17 -0.243106
4 18 -0.248067
4 19 -0.252556
4 20 -0.257103
4 21 -0.260449
4 22 -0.263929
4 23 -0.266431
4 24 -0.268666
4 25 -0.270416
4 26 -0.271366
4 27 -0.033745
4 28 0
4 29 0
4 30 0
4 31 0
4 32 0
4 33 0
4 34 0
4 35 0
4 36 0
4 37 0
4 38 0
4 39 0

5 0 0
5 1 -0.0217136
5 2 -0.174631
5 3 -0.175332
5 4 -0.176429
5 5 -0.178471
5 6 -0.181311
5 7 -0.184792
5 8 -0.188939
5 9 -0.193285
5 10 -0.198411
5 11 -0.203927
5 12 -0.209337
5 13 -0.214982
5 14 -0.220942
5 15 -0.226693
5 16 -0.231988
5 17 -0.237131
5 18 -0.241816
5 19 -0.246541
5 20 -0.250812
5 21 -0.254295
5 22 -0.25734
5 23 -0.260044
5 24 -0.262224
5 25 -0.263623
5 26 -0.264633
5 27 -0.0329313
5 28 0
5 29 0
5 30 0
5 31 0
5 32 0
5 33 0
5 34 0
5 35 0
5 36 0
5 37 0
5 38 0
5 39 0

6 0 0
6 1 -0.0207946
6 2 -0.167109
6 3 -0.167589
6 4 -0.168895
6 5 -0.171132
6 6 -0.173585
6 7 -0.17724
6 8 -0.181206
6 9 -0.185771
6 10 -0.190894
6 11 -0.19635
6 12 -0.201764
6 13 -0.207279
6 14 -0.213049
6 15 -0.219095
6 16 -0.224277
6 17 -0.229601
6 18 -0.234413
6 19 -0.239032
6 20 -0.242734
6 21 -0.246206
6 22 -0.249459
6 23 -0.251669
6 24 -0.253674
6 25 -0.254698
6 26 -0.256002
6 27 -0.031889
6 28 0
6 29 0
6 30 0
6 31 0
6 32 0
6 33 0
6 34 0
6 35 0
6 36 0
6 37 0
6 38 0
6 39 0

7 0 0
7 1 -0.0196507
7 2 -0.158101
7 3 -0.158882
7 4 -0.160122
7 5 -0.162215
7 6 -0.164976
7 7 -0.168198
7 8 -0.172156
7 9 -0.176633
7 10 -0.182043
7 11 -0.187315
7 12 -0.192823
7 13 -0.198256
7 14 -0.204077
7 15 -0.209593
7 16 -0.214961
7 17 -0.220248
7 18 -0.225056
7 19 -0.229237
7 20 -0.232886
7 21 -0.236602
7 22 -0.239252
7 23 -0.241611
7 24 -0.243562
7 25 -0.244501
7 26 -0.245217
7 27 -0.0305014
7 28 0
7 29 0
7 30 0
7 31 0
7 32 0
7 33 0
7 34 0
7 35 0
7 36 0
7 37 0
7 38 0
7 39 0

8 0 0
8 1 -0.0184051
8 2 -0.147932
8 3 -0.148543
8 4 -0.149879
8 5 -0.151712
8 6 -0.154593
8 7 -0.157982
8 8 -0.161829
8 9 -0.166439
8 10 -0.171618
8 11 -0.176882
8 12 -0.182311
8 13 -0.187991
8 14 -0.193394
8 15 -0.198878
8 16 -0.204721
8 17 -0.209606
8 18 -0.214376
8 19 -0.218664
8 20 -0.222164
8 21 -0.225509
8 22 -0.227766
8 23 -0.230037
8 24 -0.231473
8 25 -0.232365
8 26 -0.232913
8 27 -0.028966
8 28 0
8 29 0
8 30 0
8 31 0
8 32 0
8 33 0
8 34 0
8 35 0
8 36 0
8 37 0
8 38 0
8 39 0

9 0 0
9 1 -0.0169735
9 2 -0.136478
9 3 -0.137096
9 4 -0.138277
9 5 -0.140395
9 6 -0.143381
9 7 -0.146436
9 8 -0.150491
9 9 -0.154977
9 10 -0.159889
9 11 -0.165196
9 12 -0.170501
9 13 -0.17639
9 14 -0.181831
9 15 -0.187461
9 16 -0.192652
9 17 -0.197605
9 18 -0.202275
9 19 -0.206571
9 20 -0.210169
9 21 -0.212935
9 22 -0.215362
9 23 -0.217038
9 24 -0.21814
9 25 -0.218797
9 26 -0.219167
9 27 -0.0272665
9 28 0
9 29 0
9 30 0
9 31 0
9 32 0
9 33 0
9 34 0
9 35 0
9 36 0
9 37 0
9 38 0
9 39 0

10 0 0
10 1 -0.0154244
10 2 -0.12396
10 3 -0.124562
10 4 -0.126052
10 5 -0.128061
10 6 -0.130873
10 7 -0.134515
10 8 -0.138281
10 9 -0.142654
10 10 -0.147722
10 11 -0.153058
10 12 -0.158252
10 13 -0.163797
10 14 -0.169471
10 15 -0.174737
10 16 -0.180284
10 17 -0.184996
10 18 -0.18954
10 19 -0.193665
10 20 -0.19697
10 21 -0.199867
10 22 -0.201572
10 23 -0.202954
10 24 -0.203391
10 25 -0.203615
10 26 -0.203641
10 27 -0.0253353
10 28 0
10 29 0
10 30 0
10 31 0
10 32 0
10 33 0
10 34 0
10 35 0
10 36 0
10 37 0
10 38 0
10 39 0

11 0 0
11 1 -0.0137353
11 2 -0.110587
11 3 -0.111397
11 4 -0.112751
11 5 -0.114768
11 6 -0.117496
11 7 -0.120957
11 8 -0.125069
11 9 -0.129732
11 10 -0.134882
11 11 -0.13978
11 12 -0.145306
11 13 -0.150711
11 14 -0.156214
11 15 -0.161636
11 16 -0.166734
11 17 -0.171741
11 18 -0.176383
11 19 -0.179559
11 20 -0.18334
11 21 -0.185367
11 22 -0.187318
11 23 -0.188088
11 24 -0.18784
11 25 -0.187292
11 26 -0.18628
11 27 -0.0231512
11 28 0
11 29 0
11 30 0
11 31 0
11 32 0
11 33 0
11 34 0
11 35 0
11 36 0
11 37 0
11 38 0
11 39 0

12 0 0
12 1 -0.0120455
12 2 -0.0967009
12 3 -0.0972152
12 4 -0.0988169
12 5 -0.100649
12 6 -0.104027
12 7 -0.10733
12 8 -0.111481
12 9 -0.115914
12 10 -0.121021
12 11 -0.12622
12 12 -0.131659
12 13 -0.137075
12 14 -0.142547
12 15 -0.147824
12 16 -0.152977
12 17 -0.15789
12 18 -0.162323
12 19 -0.165743
12 20 -0.16898
12 21 -0.171023
12 22 -0.17237
12 23 -0.17272
12 24 -0.171551
12 25 -0.16964
12 26 -0.166956
12 27 -0.0364587
12 28 -0.0141373
12 29 -0.0130501
12 30 -0.0121711
12 31 -0.0115543
12 32 -0.0112103
12 33 0
12 34 0
12 35 0
12 36 0
12 37 0
12 38 0
12 39 0

13 0 0
13 1 -0.0102398
13 2 -0.0823908
13 3 -0.0832518
13 4 -0.084694
13 5 -0.0867491
13 6 -0.0897928
13 7 -0.0933153
13 8 -0.0974988
13 9 -0.102059
13 10 -0.107063
13 11 -0.112406
13 12 -0.117909
13 13 -0.123017
13 14 -0.128596
13 15 -0.13374
13 16 -0.139204
13 17 -0.143962
13 18 -0.148367
13 19 -0.151657
13 20 -0.154952
13 21 -0.156586
13 22 -0.15758
13 23 -0.157492
13 24 -0.155401
13 25 -0.151464
13 26 -0.143815
13 27 -0.126023
13 28 -0.113751
13 29 -0.104763
13 30 -0.0978645
13 31 -0.0928628
13 32 -0.0900354
13 33 -0.0215248
13 34 -0.0100686
13 35 0
13 36 0
13 37 0
13 38 0
13 39 0

14 0 0
14 1 -0.00846664
14 2 -0.0681034
14 3 -0.0689443
14 4 -0.0703275
14 5 -0.0725498
14 6 -0.0755791
14 7 -0.0792203
14 8 -0.0833045
14 9 -0.0881949
14 10 -0.0930107
14 11 -0.0986144
14 12 -0.104139
14 13 -0.109351
14 14 -0.114898
14 15 -0.120018
14 16 -0.125362
14 17 -0.12989
14 18 -0.134564
14 19 -0.137928
14 20 -0.140778
14 21 -0.142635
14 22 -0.143088
14 23 -0.142778
14 24 -0.140466
14 25 -0.136682
14 26 -0.129542
14 27 -0.119764
14 28 -0.110305
14 29 -0.102305
14 30 -0.0959687
14 31 -0.090961
14 32 -0.0870143
14 33 -0.0830046
14 34 -0.0808845
14 35 -0.0195884
14 36 0
14 37 0
14 38 0
14 39 0

15 0 0
15 1 -0.00668539
15 2 -0.0539215
15 3 -0.0549217
15 4 -0.0562212
15 5 -0.0586251
15 6 -0.0615181
15 7 -0.0653633
15 8 -0.0695491
15 9 -0.0741996
15 10 -0.0793777
15 11 -0.0846006
15 12 -0.0900792
15 13 -0.0955968
15 14 -0.101181
15 15 -0.106491
15 16 -0.111613
15 17 -0.116095
15 18 -0.120639
15 19 -0.124257
15 20 -0.12702
15 21 -0.128963
15 22 -0.129509
15 23 -0.12913
15 24 -0.127186
15 25 -0.124372
15 26 -0.118753
15 27 -0.112005
15 28 -0.105062
15 29 -0.0987091
15 30 -0.0930165
15 31 -0.0885273
15 32 -0.0846243
15 33 -0.0813709
15 34 -0.07866
15 35 -0.076479
15 36 -0.0185564
15 37 0
15 38 0
15 39 0

16 0 0
16 1 -0.0049818
16 2 -0.0401136
16 3 -0.0410467
16 4 -0.0428023
16 5 -0.0451324
16 6 -0.0479951
16 7 -0.0516645
16 8 -0.0556574
16 9 -0.0605302
16 10 -0.0657479
16 11 -0.0711156
16 12 -0.0768432
16 13 -0.0822948
16 14 -0.0880629
16 15 -0.093252
16 16 -0.0983809
16 17 -0.103149
16 18 -0.107442
16 19 -0.111149
16 20 -0.114071
16 21 -0.115987
16 22 -0.117071
16 23 -0.116889
16 24 -0.115613
16 25 -0.113161
16 26 -0.109032
16 27 -0.104355
16 28 -0.0990213
16 29 -0.0942086
16 30 -0.0896555
16 31 -0.0853147
16 32 -0.0823263
16 33 -0.0790758
16 34 -0.0766336
16 35 -0.0744329
16 36 -0.072642
16 37 -0.0177112
16 38 0
16 39 0

17 0 0
17 1 -0.00335259
17 2 -0.0269831
17 3 -0.0278315
17 4 -0.0292648
17 5 -0.0317902
17 6 -0.0346002
17 7 -0.0383512
17 8 -0.0429214
17 9 -0.0476272
17 10 -0.0529111
17 11 -0.0581722
17 12 -0.0638246
17 13 -0.0695915
17 14 -0.0750934
17 15 -0.0805487
17 16 -0.0859133
17 17 -0.0905647
17 18 -0.0951176
17 19 -0.0984548
17 20 -0.10212
17 21 -0.104265
17 22 -0.10561
17 23 -0.105765
17 24 -0.104926
17 25 -0.103416
17 26 -0.100423
17 27 -0.0974369
17 28 -0.0933189
17 29 -0.0893429
17 30 -0.0859157
17 31 -0.0824581
17 32 -0.0791419
17 33 -0.0767314
17 34 -0.0743935
17 35 -0.0724009
17 36 -0.071015
17 37 -0.0697509
17 38 -0.00867463
17 39 0

18 0 0
18 1 -0.00179889
18 2 -0.014451
18 3 -0.0152476
18 4 -0.0169783
18 5 -0.0192915
18 6 -0.022581
18 7 -0.0260012
18 8 -0.0302245
18 9 -0.035042
18 10 -0.0405004
18 11 -0.0460725
18 12 -0.0519483
18 13 -0.0576039
18 14 -0.0631307
18 15 -0.0688562
18 16 -0.0739506
18 17 -0.0789212
18 18 -0.0834597
18 19 -0.0873954
18 20 -0.0910352
18 21 -0.0936006
18 22 -0.0952659
18 23 -0.0959364
18 24 -0.0959651
18 25 -0.094899
18 26 -0.0929935
18 27 -0.090638
18 28 -0.0879152
18 29 -0.0849259
18 30 -0.0820955
18 31 -0.079168
18 32 -0.0764642
18 33 -0.0744206
18 34 -0.072477
18 35 -0.0705817
18 36 -0.0696821
18 37 -0.0688448
18 38 -0.00854533
18 39 0

19 0 0
19 1 -0.000342242
19 2 -0.00283394
19 3 -0.00377418
19 4 -0.00543779
19 5 -0.00807123
19 6 -0.0109636
19 7 -0.014721
19 8 -0.0190337
19 9 -0.023467
19 10 -0.0291711
19 11 -0.034712
19 12 -0.0405243
19 13 -0.0463103
19 14 -0.0521015
19 15 -0.0577847
19 16 -0.0632503
19 17 -0.0682448
19 18 -0.0729142
19 19 -0.0771109
19 20 -0.0811079
19 21 -0.0839287
19 22 -0.0860272
19 23 -0.0873597
19 24 -0.0874534
19 25 -0.0875235
19 26 -0.0863712
19 27 -0.0848337
19 28 -0.0828131
19 29 -0.0807114
19 30 -0.0784124
19 31 -0.0761772
19 32 -0.0740235
19 33 -0.0721328
19 34 -0.0703516
19 35 -0.0692235
19 36 -0.0682439
19 37 -0.0676815
19 38 -0.00840289
19 39 0

20 0 0
20 1 0.000935489
20 2 0.00745836
20 3 0.00658429
20 4 0.00483634
20 5 0.00269335
20 6 -0.00089147
20 7 -0.00446697
20 8 -0.00888061
20 9 -0.0136986
20 10 -0.0188894
20 11 -0.0246041
20 12 -0.0304976
20 13 -0.036506
20 14 -0.0420682
20 15 -0.0478895
20 16 -0.0535623
20 17 -0.0588372
20 18 -0.0638124
20 19 -0.0681891
20 20 -0.0723126
20 21 -0.0754097
20 22 -0.0781818
20 23 -0.0800266
20 24 -0.0804235
20 25 -0.0808628
20 26 -0.0804107
20 27 -0.0796868
20 28 -0.0784896
20 29 -0.0769677
20 30 -0.0752094
20 31 -0.0733732
20 32 -0.0716308
20 33 -0.0698314
20 34 -0.0683759
20 35 -0.0675786
20 36 -0.066862
20 37 -0.0667002
20 38 -0.00831021
20 39 0

21 0 0
21 1 0.00203373
21 2 0.0163606
21 3 0.0154484
21 4 0.0134557
21 5 0.0115229
21 6 0.00813997
21 7 0.00434133
21 8 -4.35106e-06
21 9 -0.00490894
21 10 -0.0101962
21 11 -0.0158362
21 12 -0.0217741
21 13 -0.0277137
21 14 -0.0335318
21 15 -0.039687
21 16 -0.0453028
21 17 -0.0508723
21 18 -0.05606
21 19 -0.060826
21 20 -0.0648261
21 21 -0.0684676
21 22 -0.0710775
21 23 -0.072986
21 24 -0.0746859
21 25 -0.0756099
21 26 -0.0755392
21 27 -0.0753706
21 28 -0.0743109
21 29 -0.0734298
21 30 -0.072214
21 31 -0.0708842
21 32 -0.0696447
21 33 -0.0683585
21 34 -0.0670363
21 35 -0.0661329
21 36 -0.0655434
21 37 -0.0655257
21 38 -0.00816535
21 39 0

22 0 0
22 1 0.00292653
22 2 0.0235163
22 3 0.0227636
22 4 0.0209335
22 5 0.0185013
22 6 0.0154454
22 7 0.0115053
22 8 0.00738102
22 9 0.00241401
22 10 -0.00294173
22 11 -0.00877269
22 12 -0.0147084
22 13 -0.0208914
22 14 -0.0265778
22 15 -0.0324665
22 16 -0.0383414
22 17 -0.0441967
22 18 -0.0495731
22 19 -0.0543186
22 20 -0.0589155
22 21 -0.0625718
22 22 -0.0657849
22 23 -0.0678926
22 24 -0.0699151
22 25 -0.0709004
22 26 -0.0716275
22 27 -0.0719226
22 28 -0.0713664
22 29 -0.0707615
22 30 -0.0700783
22 31 -0.0688685
22 32 -0.0674332
22 33 -0.0666789
22 34 -0.0659312
22 35 -0.0649995
22 36 -0.0648157
22 37 -0.0645809
22 38 -0.00802524
22 39 0

23 0 0
23 1 0.00360729
23 2 0.0290216
23 3 0.0282056
23 4 0.0263832
23 5 0.0241316
23 6 0.0210014
23 7 0.0172973
23 8 0.0129006
23 9 0.00781394
23 10 0.00275497
23 11 -0.00321983
23 12 -0.00897816
23 13 -0.0154418
23 14 -0.0213227
23 15 -0.0276637
23 16 -0.0332865
23 17 -0.0393206
23 18 -0.0444976
23 19 -0.0498336
23 20 -0.0545976
23 21 -0.0582059
23 22 -0.0614251
23 23 -0.0642118
23 24 -0.0664725
23 25 -0.0677516
23 26 -0.0685627
23 27 -0.0694152
23 28 -0.069133
23 29 -0.0691425
23 30 -0.0684419
23 31 -0.0676421
23 32 -0.0667209
23 33 -0.06581
23 34 -0.0653199
23 35 -0.0645242
23 36 -0.0642371
23 37 -0.0640003
23 38 -0.0079471
23 39 0

24 0 0
24 1 0.00405885
24 2 0.0327857
24 3 0.0319671
24 4 0.0300891
24 5 0.0277427
24 6 0.0249352
24 7 0.020822
24 8 0.0167183
24 9 0.0119647
24 10 0.00620056
24 11 0.000290241
24 12 -0.00557212
24 13 -0.0119327
24 14 -0.0178717
24 15 -0.0240264
24 16 -0.0301607
24 17 -0.0360069
24 18 -0.0416049
24 19 -0.0466568
24 20 -0.0513581
24 21 -0.0554909
24 22 -0.0590024
24 23 -0.0617299
24 24 -0.0639681
24 25 -0.0657612
24 26 -0.0667648
24 27 -0.0675216
24 28 -0.0678872
24 29 -0.0678358
24 30 -0.0676127
24 31 -0.0669273
24 32 -0.0664622
24 33 -0.0654827
24 34 -0.0649457
24 35 -0.0644021
24 36 -0.0640121
24 37 -0.0639786
24 38 -0.00795722
24 39 0

25 0 0
25 1 0.00434966
25 2 0.0346782
25 3 0.0333992
25 4 0.0320863
25 5 0.029488
25 6 0.026816
25 7 0.0231066
25 8 0.018541
25 9 0.0134903
25 10 0.00838183
25 11 0.00209455
25 12 -0.00356808
25 13 -0.00972351
25 14 -0.0161946
25 15 -0.0225467
25 16 -0.0285885
25 17 -0.0344737
25 18 -0.0397414
25 19 -0.04516
25 20 -0.0499639
25 21 -0.0540418
25 22 -0.0579636
25 23 -0.0606384
25 24 -0.0629629
25 25 -0.0650389
25 26 -0.0663442
25 27 -0.0669674
25 28 -0.0674685
25 29 -0.0677114
25 30 -0.0674712
25 31 -0.0669386
25 32 -0.0663669
25 33 -0.0655217
25 34 -0.0652377
25 35 -0.0646488
25 36 -0.0641718
25 37 -0.0642754
25 38 -0.0080098
25 39 0

26 0 0
26 1 0.00429158
26 2 0.0346658
26 3 0.0338335
26 4 0.0316544
26 5 0.0297645
26 6 0.0264788
26 7 0.0228721
26 8 0.0186297
26 9 0.0137822
26 10 0.00815776
26 11 0.00252286
26 12 -0.00382298
26 13 -0.0101059
26 14 -0.0163168
26 15 -0.0224576
26 16 -0.0287857
26 17 -0.0345844
26 18 -0.0401895
26 19 -0.0453938
26 20 -0.0505236
26 21 -0.0546183
26 22 -0.0581655
26 23 -0.0609131
26 24 -0.0633459
26 25 -0.0654819
26 26 -0.0662774
26 27 -0.0675954
26 28 -0.0680467
26 29 -0.0680066
26 30 -0.0681908
26 31 -0.0675535
26 32 -0.0670442
26 33 -0.0664617
26 34 -0.0656845
26 35 -0.0654698
26 36 -0.0648397
26 37 -0.0649108
26 38 -0.00809177
26 39 0

27 0 0
27 1 0.00409383
27 2 0.032646
27 3 0.0316239
27 4 0.030077
27 5 0.0274997
27 6 0.0245217
27 7 0.0212013
27 8 0.0165732
27 9 0.0116937
27 10 0.00639354
27 11 0.000603195
27 12 -0.00563925
27 13 -0.0119346
27 14 -0.0183253
27 15 -0.0244929
27 16 -0.0305043
27 17 -0.03691
27 18 -0.0418333
27 19 -0.0469851
27 20 -0.0522622
27 21 -0.0560521
27 22 -0.0599741
27 23 -0.0626563
27 24 -0.0651519
27 25 -0.066918
27 26 -0.068365
27 27 -0.0692341
27 28 -0.0695677
27 29 -0.0694775
27 30 -0.0691689
27 31 -0.0689659
27 32 -0.0680312
27 33 -0.0675079
27 34 -0.0668354
27 35 -0.0663344
27 36 -0.0662768
27 37 -0.0661645
27 38 -0.00822374
27 39 0

28 0 0
28 1 0.00355313
28 2 0.028871
28 3 0.02836
28 4 0.0262272
28 5 0.0239828
28 6 0.0207525
28 7 0.017116
28 8 0.0128631
28 9 0.00798991
28 10 0.00239101
28 11 -0.00327617
28 12 -0.00964571
28 13 -0.0158948
28 14 -0.0218668
28 15 -0.028155
28 16 -0.0343826
28 17 -0.0401436
28 18 -0.0455276
28 19 -0.0506816
28 20 -0.0555481
28 21 -0.059391
28 22 -0.0627757
28 23 -0.0657177
28 24 -0.067928
28 25 -0.07001
28 26 -0.0707937
28 27 -0.0716019
28 28 -0.0720491
28 29 -0.0715059
28 30 -0.0717466
28 31 -0.0708063
28 32 -0.0698982
28 33 -0.0694291
28 34 -0.0684815
28 35 -0.0681179
28 36 -0.0676335
28 37 -0.0676433
28 38 -0.00842794
28 39 0

29 0 0
29 1 0.00289094
29 2 0.0232279
29 3 0.022443
29 4 0.0205408
29 5 0.0183062
29 6 0.015174
29 7 0.0113398
29 8 0.00697522
29 9 0.00208818
29 10 -0.00331809
29 11 -0.00902055
29 12 -0.0149777
29 13 -0.021309
29 14 -0.0274889
29 15 -0.0339468
29 16 -0.0396369
29 17 -0.0454941
29 18 -0.0507848
29 19 -0.0559051
29 20 -0.0603106
29 21 -0.0641871
29 22 -0.0675065
29 23 -0.0701029
29 24 -0.0722806
29 25 -0.0737686
29 26 -0.0746893
29 27 -0.0750631
29 28 -0.0752554
29 29 -0.0748765
29 30 -0.0742342
29 31 -0.0734049
29 32 -0.072179
29 33 -0.0714206
29 34 -0.0706084
29 35 -0.0701079
29 36 -0.06974
29 37 -0.0696348
29 38 -0.00864981
29 39 0

30 0 0
30 1 0.00197738
30 2 0.0158953
30 3 0.0150493
30 4 0.0134508
30 5 0.0109488
30 6 0.00781764
30 7 0.00409838
30 8 -0.000555064
30 9 -0.00538079
30 10 -0.0108149
30 11 -0.0165042
30 12 -0.0226187
30 13 -0.0287289
30 14 -0.0348617
30 15 -0.0408831
30 16 -0.0468234
30 17 -0.0524286
30 18 -0.0577937
30 19 -0.0623793
30 20 -0.0667371
30 21 -0.0702474
30 22 -0.0733191
30 23 -0.0757416
30 24 -0.0775622
30 25 -0.0787381
30 26 -0.0793052
30 27 -0.0796953
30 28 -0.0794057
30 29 -0.0786494
30 30 -0.0777917
30 31 -0.0765749
30 32 -0.0751462
30 33 -0.0741407
30 34 -0.0727329
30 35 -0.0724596
30 36 -0.0717541
30 37 -0.0719155
30 38 -0.00897237
30 39 0

31 0 0
31 1 0.000871075
31 2 0.00697128
31 3 0.00601471
31 4 0.00435136
31 5 0.00232716
31 6 -0.00114272
31 7 -0.00494367
31 8 -0.0095329
31 9 -0.0146118
31 10 -0.0197644
31 11 -0.0252902
31 12 -0.0314177
31 13 -0.0373309
31 14 -0.0435408
31 15 -0.0492501
31 16 -0.0552188
31 17 -0.0607521
31 18 -0.065764
31 19 -0.070446
31 20 -0.0745359
31 21 -0.0778129
31 22 -0.0804979
31 23 -0.0825641
31 24 -0.0841086
31 25 -0.0851574
31 26 -0.0851657
31 27 -0.0850634
31 28 -0.0839483
31 29 -0.0829722
31 30 -0.0816392
31 31 -0.0801453
31 32 -0.0786408
31 33 -0.0773884
31 34 -0.0759706
31 35 -0.0751748
31 36 -0.0743834
31 37 -0.0742422
31 38 -0.00923714
31 39 0

32 0 0
32 1 -0.000426771
32 2 -0.0034592
32 3 -0.00430533
32 4 -0.00575005
32 5 -0.00853369
32 6 -0.0117682
32 7 -0.0154426
32 8 -0.0199339
32 9 -0.0246354
32 10 -0.0300219
32 11 -0.0359389
32 12 -0.041592
32 13 -0.0476667
32 14 -0.0536115
32 15 -0.0592088
32 16 -0.0651246
32 17 -0.0701325
32 18 -0.0750941
32 19 -0.0793571
32 20 -0.0835778
32 21 -0.0864651
32 22 -0.089043
32 23 -0.0904474
32 24 -0.0914111
32 25 -0.0919605
32 26 -0.091648
32 27 -0.0910093
32 28 -0.0893382
32 29 -0.0880407
32 30 -0.0861633
32 31 -0.0842294
32 32 -0.0822159
32 33 -0.0805752
32 34 -0.0789218
32 35 -0.0780308
32 36 -0.0770455
32 37 -0.076748
32 38 -0.00954096
32 39 0

33 0 0
33 1 -0.00188282
33 2 -0.0150705
33 3 -0.0157599
33 4 -0.0176167
33 5 -0.0201156
33 6 -0.0230112
33 7 -0.0268019
33 8 -0.0312616
33 9 -0.0364364
33 10 -0.0415692
33 11 -0.0474535
33 12 -0.0532687
33 13 -0.0588249
33 14 -0.0649058
33 15 -0.0704556
33 16 -0.0760904
33 17 -0.0810566
33 18 -0.0855312
33 19 -0.0900421
33 20 -0.0937664
33 21 -0.0965104
33 22 -0.0984186
33 23 -0.099798
33 24 -0.100021
33 25 -0.0999882
33 26 -0.0988484
33 27 -0.0973922
33 28 -0.0955423
33 29 -0.093122
33 30 -0.0911383
33 31 -0.0884616
33 32 -0.0861424
33 33 -0.0841295
33 34 -0.0822251
33 35 -0.0807393
33 36 -0.0798819
33 37 -0.0793174
33 38 -0.0098545
33 39 0

34 0 0
34 1 -0.00343815
34 2 -0.0276497
34 3 -0.0284493
34 4 -0.0301604
34 5 -0.0326346
34 6 -0.0357149
34 7 -0.0393559
34 8 -0.0436851
34 9 -0.0486032
34 10 -0.0539577
34 11 -0.0596087
34 12 -0.0651721
34 13 -0.0709776
34 14 -0.0768115
34 15 -0.0822223
34 16 -0.0878987
34 17 -0.0926899
34 18 -0.0970519
34 19 -0.101371
34 20 -0.104718
34 21 -0.10708
34 22 -0.109097
34 23 -0.109668
34 24 -0.109828
34 25 -0.108955
34 26 -0.106786
34 27 -0.104599
34 28 -0.101873
34 29 -0.0988489
34 30 -0.0960573
34 31 -0.0930388
34 32 -0.0902254
34 33 -0.0876179
34 34 -0.085348
34 35 -0.0836512
34 36 -0.0824107
34 37 -0.0815511
34 38 -0.0101578
34 39 0

35 0 0
35 1 -0.00505852
35 2 -0.04087
35 3 -0.0420468
35 4 -0.0436018
35 5 -0.0457977
35 6 -0.0487977
35 7 -0.0527905
35 8 -0.0572303
35 9 -0.0620643
35 10 -0.0670281
35 11 -0.072606
35 12 -0.0782221
35 13 -0.0839135
35 14 -0.0896079
35 15 -0.0954428
35 16 -0.100333
35 17 -0.105315
35 18 -0.109817
35 19 -0.113461
35 20 -0.116848
35 21 -0.118842
35 22 -0.120625
35 23 -0.120703
35 24 -0.120165
35 25 -0.118862
35 26 -0.115937
35 27 -0.112245
35 28 -0.108586
35 29 -0.10452
35 30 -0.101002
35 31 -0.0974796
35 32 -0.0940525
35 33 -0.091139
35 34 -0.0887676
35 35 -0.0863665
35 36 -0.0847717
35 37 -0.0830133
35 38 -0.0103203
35 39 0

36 0 0
36 1 -0.00684139
36 2 -0.0548974
36 3 -0.0556455
36 4 -0.0573384
36 5 -0.0597884
36 6 -0.0625899
36 7 -0.0665978
36 8 -0.070574
36 9 -0.075874
36 10 -0.080845
36 11 -0.0861208
36 12 -0.0921287
36 13 -0.0973264
36 14 -0.103144
36 15 -0.108604
36 16 -0.113647
36 17 -0.118744
36 18 -0.122681
36 19 -0.126682
36 20 -0.129628
36 21 -0.131548
36 22 -0.132775
36 23 -0.132609
36 24 -0.131719
36 25 -0.129214
36 26 -0.125235
36 27 -0.120548
36 28 -0.115263
36 29 -0.110259
36 30 -0.105584
36 31 -0.101409
36 32 -0.0978828
36 33 -0.0944191
36 34 -0.0918931
36 35 -0.0893148
36 36 -0.0870063
36 37 -0.0211362
36 38 0
36 39 0

37 0 0
37 1 -0.00859246
37 2 -0.069232
37 3 -0.0702008
37 4 -0.0717233
37 5 -0.073887
37 6 -0.0769091
37 7 -0.0806125
37 8 -0.0849752
37 9 -0.0896107
37 10 -0.094778
37 11 -0.100232
37 12 -0.105833
37 13 -0.111454
37 14 -0.116968
37 15 -0.122477
37 16 -0.127442
37 17 -0.132354
37 18 -0.136642
37 19 -0.140165
37 20 -0.14325
37 21 -0.145161
37 22 -0.146217
37 23 -0.145776
37 24 -0.144144
37 25 -0.140679
37 26 -0.135597
37 27 -0.128675
37 28 -0.121694
37 29 -0.115601
37 30 -0.110059
37 31 -0.105304
37 32 -0.101402
37 33 -0.0975755
37 34 -0.094742
37 35 -0.0920058
37 36 -0.0222542
37 37 0
37 38 0
37 39 0

38 0 0
38 1 -0.0104345
38 2 -0.0838786
38 3 -0.0846164
38 4 -0.0860234
38 5 -0.0884981
38 6 -0.0913468
38 7 -0.0951562
38 8 -0.0991062
38 9 -0.104095
38 10 -0.109107
38 11 -0.114551
38 12 -0.119912
38 13 -0.125348
38 14 -0.131201
38 15 -0.136432
38 16 -0.141572
38 17 -0.146082
38 18 -0.15062
38 19 -0.154125
38 20 -0.157146
38 21 -0.159089
38 22 -0.159915
38 23 -0.159568
38 24 -0.15777
38 25 -0.153416
38 26 -0.147018
38 27 -0.136693
38 28 -0.127528
38 29 -0.119789
38 30 -0.113584
38 31 -0.108353
38 32 -0.104472
38 33 -0.100069
38 34 -0.097814
38 35 -0.0236137
38 36 0
38 37 0
38 38 0
38 39 0

39 0 0
39 1 -0.0122294
39 2 -0.0984768
39 3 -0.0994901
39 4 -0.100481
39 5 -0.103038
39 6 -0.105475
39 7 -0.109045
39 8 -0.11387
39 9 -0.118152
39 10 -0.123136
39 11 -0.128535
39 12 -0.133999
39 13 -0.139586
39 14 -0.145216
39 15 -0.150337
39 16 -0.155826
39 17 -0.160362
39 18 -0.164779
39 19 -0.168191
39 20 -0.171465
39 21 -0.173156
39 22 -0.174262
39 23 -0.174371
39 24 -0.172471
39 25 -0.168514
39 26 -0.160881
39 27 -0.14308
39 28 -0.131303
39 29 -0.122452
39 30 -0.115691
39 31 -0.110957
39 32 -0.107945
39 33 -0.0258675
39 34 -0.0121754
39 35 0
39 36 0
39 37 0
39 38 0
39 39 0

40 0 0
40 1 -0.0140441
40 2 -0.112866
40 3 -0.113472
40 4 -0.114735
40 5 -0.117219
40 6 -0.119886
40 7 -0.123564
40 8 -0.127485
40 9 -0.132165
40 10 -0.137277
40 11 -0.142645
40 12 -0.147973
40 13 -0.15378
40 14 -0.158964
40 15 -0.164511
40 16 -0.169865
40 17 -0.174473
40 18 -0.178752
40 19 -0.182128
40 20 -0.185519
40 21 -0.187803
40 22 -0.188984
40 23 -0.189253
40 24 -0.18824
40 25 -0.186382
40 26 -0.183705
40 27 -0.0406382
40 28 -0.0163342
40 29 -0.0152378
40 30 -0.0143842
40 31 -0.0138292
40 32 -0.0134276
40 33 0
40 34 0
40 35 0
40 36 0
40 37 0
40 38 0
40 39 0

41 0 0
41 1 -0.0157529
41 2 -0.126646
41 3 -0.127215
41 4 -0.12856
41 5 -0.130679
41 6 -0.133603
41 7 -0.136985
41 8 -0.141105
41 9 -0.145796
41 10 -0.150855
41 11 -0.155967
41 12 -0.161236
41 13 -0.166853
41 14 -0.172389
41 15 -0.178253
41 16 -0.182991
41 17 -0.188154
41 18 -0.192504
41 19 -0.196091
41 20 -0.199402
41 21 -0.201811
41 22 -0.203296
41 23 -0.204125
41 24 -0.204055
41 25 -0.203462
41 26 -0.202721
41 27 -0.025225
41 28 0
41 29 0
41 30 0
41 31 0
41 32 0
41 33 0
41 34 0
41 35 0
41 36 0
41 37 0
41 38 0
41 39 0

42 0 0
42 1 -0.0173584
42 2 -0.139542
42 3 -0.140121
42 4 -0.141444
42 5 -0.143595
42 6 -0.146167
42 7 -0.150091
42 8 -0.153863
42 9 -0.158441
42 10 -0.163429
42 11 -0.168542
42 12 -0.17415
42 13 -0.179673
42 14 -0.185107
42 15 -0.190816
42 16 -0.195853
42 17 -0.201183
42 18 -0.205437
42 19 -0.209363
42 20 -0.21257
42 21 -0.214993
42 22 -0.216956
42 23 -0.218546
42 24 -0.219104
42 25 -0.219292
42 26 -0.219363
42 27 -0.0272828
42 28 0
42 29 0
42 30 0
42 31 0
42 32 0
42 33 0
42 34 0
42 35 0
42 36 0
42 37 0
42 38 0
42 39 0

43 0 0
43 1 -0.0188077
43 2 -0.151329
43 3 -0.152035
43 4 -0.153191
43 5 -0.155207
43 6 -0.158312
43 7 -0.161422
43 8 -0.165662
43 9 -0.170027
43 10 -0.175131
43 11 -0.18036
43 12 -0.18588
43 13 -0.191291
43 14 -0.197121
43 15 -0.202424
43 16 -0.207918
43 17 -0.212701
43 18 -0.217296
43 19 -0.221405
43 20 -0.225098
43 21 -0.227658
43 22 -0.230027
43 23 -0.23177
43 24 -0.232906
43 25 -0.233644
43 26 -0.234001
43 27 -0.0290986
43 28 0
43 29 0
43 30 0
43 31 0
43 32 0
43 33 0
43 34 0
43 35 0
43 36 0
43 37 0
43 38 0
43 39 0

44 0 0
44 1 -0.0201562
44 2 -0.161917
44 3 -0.162378
44 4 -0.163708
44 5 -0.1659
44 6 -0.168674
44 7 -0.172067
44 8 -0.176113
44 9 -0.18072
44 10 -0.185749
44 11 -0.190871
44 12 -0.196458
44 13 -0.201866
44 14 -0.207569
44 15 -0.213119
44 16 -0.218731
44 17 -0.223728
44 18 -0.228298
44 19 -0.232408
44 20 -0.236032
44 21 -0.239025
44 22 -0.241889
44 23 -0.243774
44 24 -0.245207
44 25 -0.246186
44 26 -0.246999
44 27 -0.0307475
44 28 0
44 29 0
44 30 0
44 31 0
44 32 0
44 33 0
44 34 0
44 35 0
44 36 0
44 37 0
44 38 0
44 39 0

45 0 0
45 1 -0.0212824
45 2 -0.171057
45 3 -0.171617
45 4 -0.172817
45 5 -0.174958
45 6 -0.177792
45 7 -0.1811
45 8 -0.185218
45 9 -0.18967
45 10 -0.194796
45 11 -0.200216
45 12 -0.205637
45 13 -0.211155
45 14 -0.216916
45 15 -0.222213
45 16 -0.227958
45 17 -0.233114
45 18 -0.237772
45 19 -0.242047
45 20 -0.245768
45 21 -0.249472
45 22 -0.252013
45 23 -0.254337
45 24 -0.256048
45 25 -0.257253
45 26 -0.258251
45 27 -0.032128
45 28 0
45 29 0
45 30 0
45 31 0
45 32 0
45 33 0
45 34 0
45 35 0
45 36 0
45 37 0
45 38 0
45 39 0

46 0 0
46 1 -0.0222412
46 2 -0.178725
46 3 -0.179098
46 4 -0.180588
46 5 -0.182652
46 6 -0.185295
46 7 -0.188671
46 8 -0.192757
46 9 -0.197511
46 10 -0.202339
46 11 -0.207713
46 12 -0.213189
46 13 -0.218867
46 14 -0.224669
46 15 -0.230053
46 16 -0.235609
46 17 -0.240763
46 18 -0.245653
46 19 -0.250337
46 20 -0.254095
46 21 -0.25766
46 22 -0.260717
46 23 -0.263072
46 24 -0.265123
46 25 -0.266509
46 26 -0.267534
46 27 -0.0332914
46 28 0
46 29 0
46 30 0
46 31 0
46 32 0
46 33 0
46 34 0
46 35 0
46 36 0
46 37 0
46 38 0
46 39 0

47 0 0
47 1 -0.0229878
47 2 -0.18473
47 3 -0.185151
47 4 -0.186516
47 5 -0.188445
47 6 -0.19135
47 7 -0.194368
47 8 -0.1986
47 9 -0.203039
47 10 -0.208465
47 11 -0.213574
47 12 -0.219215
47 13 -0.224845
47 14 -0.23054
47 15 -0.236297
47 16 -0.241688
47 17 -0.246924
47 18 -0.251777
47 19 -0.256483
47 20 -0.260529
47 21 -0.264276
47 22 -0.267405
47 23 -0.269936
47 24 -0.272148
47 25 -0.273625
47 26 -0.274709
47 27 -0.0341891
47 28 0
47 29 0
47 30 0
47 31 0
47 32 0
47 33 0
47 34 0
47 35 0
47 36 0
47 37 0
47 38 0
47 39 0

48 0 0
48 1 -0.0235127
48 2 -0.188937
48 3 -0.189342
48 4 -0.190622
48 5 -0.192514
48 6 -0.195405
48 7 -0.198838
48 8 -0.202753
48 9 -0.207325
48 10 -0.212179
48 11 -0.217884
48 12 -0.223343
48 13 -0.229175
48 14 -0.234899
48 15 -0.240537
48 16 -0.245906
48 17 -0.25115
48 18 -0.256061
48 19 -0.260641
48 20 -0.265121
48 21 -0.268998
48 22 -0.271774
48 23 -0.274651
48 24 -0.276939
48 25 -0.278688
48 26 -0.279827
48 27 -0.0348135
48 28 0
48 29 0
48 30 0
48 31 0
48 32 0
48 33 0
48 34 0
48 35 0
48 36 0
48 37 0
48 38 0
48 39 0

49 0 0
49 1 -0.0237951
49 2 -0.191254
49 3 -0.191697
49 4 -0.192902
49 5 -0.194897
49 6 -0.197678
49 7 -0.201125
49 8 -0.205189
49 9 -0.209745
49 10 -0.21466
49 11 -0.220027
49 12 -0.225667
49 13 -0.231523
49 14 -0.237233
49 15 -0.242839
49 16 -0.248277
49 17 -0.253435
49 18 -0.258463
49 19 -0.263085
49 20 -0.267306
49 21 -0.271144
49 22 -0.274579
49 23 -0.277433
49 24 -0.279643
49 25 -0.281362
49 26 -0.282567
49 27 -0.0351546
49 28 0
49 29 0
49 30 0
49 31 0
49 32 0
49 33 0
49 34 0
49 35 0
49 36 0
49 37 0
49 38 0
49 39 0

50 0 0
50 1 0
50 2 -0.0237951
50 3 -0.0238579
50 4 -0.0240009
50 5 -0.0242526
50 6 -0.0245929
50 7 -0.0250281
50 8 -0.0255361
50 9 -0.0260934
50 10 -0.0267263
50 11 -0.0273531
50 12 -0.0280866
50 13 -0.0288013
50 14 -0.0295168
50 15 -0.0302104
50 16 -0.0308918
50 17 -0.0315345
50 18 -0.0321572
50 19 -0.0327346
50 20 -0.0332438
50 21 -0.0337065
50 22 -0.0341821
50 23 -0.0345183
50 24 -0.0347926
50 25 -0.035006
50 26 -0.0351546
50 27 0
50 28 0
50 29 0
50 30 0
50 31 0
50 32 0
50 33 0
50 34 0
50 35 0
50 36 0
50 37 0
50 38 0
50 39 0

51 0 0
51 1 0
51 2 0
51 3 0
51 4 0
51 5 0
51 6 0
51 7 0
51 8 0
51 9 0
51 10 0
51 11 0
51 12 0
51 13 0
51 14 0
51 15 0
51 16 0
51 17 0
51 18 0
51 19 0
51 20 0
51 21 0
51 22 0
51 23 0
51 24 0
51 25 0
51 26 0
51 27 0
51 28 0
51 29 0
51 30 0
51 31 0
51 32 0
51 33 0
51 34 0
51 35 0
51 36 0
51 37 0
51 38 0
51 39 0

