0 0 0
0 1 0
0 2 0
0 3 0
0 4 0
0 5 0
0 6 0
0 7 0
0 8 0
0 9 0
0 10 0
0 11 0
0 12 0
0 13 0
0 14 0
0 15 0
0 16 0
0 17 0
0 18 0
0 19 0
0 20 0
0 21 0
0 22 0
0 23 0
0 24 0
0 25 0
0 26 0
0 27 0
0 28 0
0 29 0
0 30 0
0 31 0
0 32 0
0 33 0
0 34 0
0 35 0
0 36 0
0 37 0
0 38 0
0 39 0

1 0 0
1 1 0
1 2 -0.0211742
1 3 -0.0212536
1 4 -0.0214688
1 5 -0.0217689
1 6 -0.0221284
1 7 -0.0225833
1 8 -0.0231946
1 9 -0.0237651
1 10 -0.0244984
1 11 -0.0252635
1 12 -0.0260384
1 13 -0.0268577
1 14 -0.0276577
1 15 -0.0285313
1 16 -0.0293626
1 17 -0.0301679
1 18 -0.0309516
1 19 -0.0317604
1 20 -0.0324242
1 21 -0.033045
1 22 -0.0335592
1 23 -0.0340008
1 24 -0.0343196
1 25 -0.0346134
1 26 -0.0347528
1 27 0
1 28 0
1 29 0
1 30 0
1 31 0
1 32 0
1 33 0
1 34 0
1 35 0
1 36 0
1 37 0
1 38 0
1 39 0

2 0 0
2 1 -0.0211742
2 2 -0.170238
2 3 -0.170899
2 4 -0.172402
2 5 -0.174844
2 6 -0.177846
2 7 -0.181612
2 8 -0.186168
2 9 -0.191271
2 10 -0.196877
2 11 -0.203007
2 12 -0.209364
2 13 -0.215809
2 14 -0.222481
2 15 -0.229231
2 16 -0.235989
2 17 -0.242532
2 18 -0.248992
2 19 -0.255148
2 20 -0.260633
2 21 -0.265556
2 22 -0.269651
2 23 -0.273107
2 24 -0.2759
2 25 -0.278026
2 26 -0.279328
2 27 -0.0347528
2 28 0
2 29 0
2 30 0
2 31 0
2 32 0
2 33 0
2 34 0
2 35 0
2 36 0
2 37 0
2 38 0
2 39 0

3 0 0
3 1 -0.0208752
3 2 -0.167888
3 3 -0.168606
3 4 -0.169748
3 5 -0.172185
3 6 -0.175481
3 7 -0.179343
3 8 -0.183505
3 9 -0.189041
3 10 -0.194478
3 11 -0.20042
3 12 -0.206731
3 13 -0.213264
3 14 -0.220198
3 15 -0.226578
3 16 -0.233407
3 17 -0.240123
3 18 -0.246818
3 19 -0.252382
3 20 -0.258088
3 21 -0.262752
3 22 -0.266788
3 23 -0.270151
3 24 -0.273062
3 25 -0.274941
3 26 -0.276428
3 27 -0.0344118
3 28 0
3 29 0
3 30 0
3 31 0
3 32 0
3 33 0
3 34 0
3 35 0
3 36 0
3 37 0
3 38 0
3 39 0

4 0 0
4 1 -0.0203561
4 2 -0.163515
4 3 -0.163846
4 4 -0.165543
4 5 -0.167953
4 6 -0.171144
4 7 -0.174888
4 8 -0.179324
4 9 -0.184404
4 10 -0.190084
4 11 -0.195845
4 12 -0.202271
4 13 -0.208848
4 14 -0.21537
4 15 -0.222263
4 16 -0.228947
4 17 -0.23567
4 18 -0.241903
4 19 -0.24774
4 20 -0.253412
4 21 -0.258029
4 22 -0.262403
4 23 -0.265379
4 24 -0.267948
4 25 -0.269646
4 26 -0.271062
4 27 -0.0337378
4 28 0
4 29 0
4 30 0
4 31 0
4 32 0
4 33 0
4 34 0
4 35 0
4 36 0
4 37 0
4 38 0
4 39 0

5 0 0
5 1 -0.0195821
5 2 -0.157158
5 3 -0.157304
5 4 -0.159247
5 5 -0.161254
5 6 -0.164449
5 7 -0.168383
5 8 -0.172799
5 9 -0.177896
5 10 -0.183545
5 11 -0.18946
5 12 -0.195936
5 13 -0.202369
5 14 -0.208838
5 15 -0.216147
5 16 -0.222918
5 17 -0.229424
5 18 -0.235369
5 19 -0.241144
5 20 -0.246018
5 21 -0.250838
5 22 -0.25471
5 23 -0.257967
5 24 -0.260602
5 25 -0.262282
5 26 -0.263504
5 27 -0.0327928
5 28 0
5 29 0
5 30 0
5 31 0
5 32 0
5 33 0
5 34 0
5 35 0
5 36 0
5 37 0
5 38 0
5 39 0

6 0 0
6 1 -0.0185224
6 2 -0.148851
6 3 -0.149242
6 4 -0.150975
6 5 -0.152695
6 6 -0.156086
6 7 -0.160068
6 8 -0.164828
6 9 -0.169706
6 10 -0.175063
6 11 -0.181151
6 12 -0.187652
6 13 -0.194323
6 14 -0.200841
6 15 -0.207867
6 16 -0.214298
6 17 -0.220933
6 18 -0.226788
6 19 -0.232482
6 20 -0.237462
6 21 -0.241878
6 22 -0.245576
6 23 -0.24894
6 24 -0.251284
6 25 -0.252907
6 26 -0.25389
6 27 -0.0315641
6 28 0
6 29 0
6 30 0
6 31 0
6 32 0
6 33 0
6 34 0
6 35 0
6 36 0
6 37 0
6 38 0
6 39 0

7 0 0
7 1 -0.0172618
7 2 -0.138656
7 3 -0.139089
7 4 -0.140697
7 5 -0.142711
7 6 -0.146288
7 7 -0.150086
7 8 -0.154657
7 9 -0.159842
7 10 -0.165569
7 11 -0.171453
7 12 -0.177693
7 13 -0.18469
7 14 -0.191131
7 15 -0.197863
7 16 -0.204386
7 17 -0.210662
7 18 -0.216679
7 19 -0.222144
7 20 -0.227254
7 21 -0.231105
7 22 -0.234448
7 23 -0.238014
7 24 -0.239984
7 25 -0.241277
7 26 -0.242251
7 27 -0.0301513
7 28 0
7 29 0
7 30 0
7 31 0
7 32 0
7 33 0
7 34 0
7 35 0
7 36 0
7 37 0
7 38 0
7 39 0

8 0 0
8 1 -0.0158168
8 2 -0.126938
8 3 -0.12724
8 4 -0.128972
8 5 -0.130922
8 6 -0.134436
8 7 -0.138287
8 8 -0.143508
8 9 -0.148049
8 10 -0.153704
8 11 -0.159802
8 12 -0.166541
8 13 -0.173176
8 14 -0.180075
8 15 -0.186656
8 16 -0.193144
8 17 -0.199137
8 18 -0.204946
8 19 -0.210328
8 20 -0.215168
8 21 -0.218935
8 22 -0.221995
8 23 -0.224763
8 24 -0.226512
8 25 -0.227717
8 26 -0.228682
8 27 -0.0284787
8 28 0
8 29 0
8 30 0
8 31 0
8 32 0
8 33 0
8 34 0
8 35 0
8 36 0
8 37 0
8 38 0
8 39 0

9 0 0
9 1 -0.0141655
9 2 -0.113628
9 3 -0.113911
9 4 -0.115582
9 5 -0.118084
9 6 -0.120992
9 7 -0.125319
9 8 -0.130169
9 9 -0.135305
9 10 -0.140755
9 11 -0.147383
9 12 -0.153873
9 13 -0.160378
9 14 -0.16734
9 15 -0.173959
9 16 -0.180776
9 17 -0.186507
9 18 -0.191868
9 19 -0.196777
9 20 -0.201266
9 21 -0.20487
9 22 -0.208092
9 23 -0.210013
9 24 -0.211287
9 25 -0.212537
9 26 -0.212999
9 27 -0.0264917
9 28 0
9 29 0
9 30 0
9 31 0
9 32 0
9 33 0
9 34 0
9 35 0
9 36 0
9 37 0
9 38 0
9 39 0

10 0 0
10 1 -0.0122838
10 2 -0.0988223
10 3 -0.0996946
10 4 -0.101055
10 5 -0.103665
10 6 -0.106691
10 7 -0.110704
10 8 -0.115596
10 9 -0.120985
10 10 -0.127108
10 11 -0.133626
10 12 -0.140043
10 13 -0.147082
10 14 -0.153776
10 15 -0.160194
10 16 -0.166764
10 17 -0.172425
10 18 -0.177871
10 19 -0.182577
10 20 -0.186849
10 21 -0.189816
10 22 -0.192635
10 23 -0.194092
10 24 -0.194811
10 25 -0.195346
10 26 -0.195216
10 27 -0.0242542
10 28 0
10 29 0
10 30 0
10 31 0
10 32 0
10 33 0
10 34 0
10 35 0
10 36 0
10 37 0
10 38 0
10 39 0

11 0 0
11 1 -0.0103399
11 2 -0.0830886
11 3 -0.0839124
11 4 -0.0854365
11 5 -0.0879529
11 6 -0.0912508
11 7 -0.0953335
11 8 -0.100487
11 9 -0.105976
11 10 -0.11214
11 11 -0.118466
11 12 -0.12551
11 13 -0.13225
11 14 -0.139385
11 15 -0.145792
11 16 -0.152047
11 17 -0.157783
11 18 -0.1627
11 19 -0.167155
11 20 -0.17108
11 21 -0.173665
11 22 -0.176101
11 23 -0.177067
11 24 -0.177081
11 25 -0.176401
11 26 -0.175569
11 27 -0.0218389
11 28 0
11 29 0
11 30 0
11 31 0
11 32 0
11 33 0
11 34 0
11 35 0
11 36 0
11 37 0
11 38 0
11 39 0

12 0 0
12 1 -0.00826078
12 2 -0.0666577
12 3 -0.0677636
12 4 -0.06937
12 5 -0.0723232
12 6 -0.0755618
12 7 -0.0794442
12 8 -0.0846021
12 9 -0.0904176
12 10 -0.0964862
12 11 -0.102852
12 12 -0.109753
12 13 -0.116312
12 14 -0.12372
12 15 -0.130357
12 16 -0.136559
12 17 -0.142181
12 18 -0.147214
12 19 -0.151452
12 20 -0.155195
12 21 -0.157628
12 22 -0.15926
12 23 -0.159551
12 24 -0.158604
12 25 -0.155743
12 26 -0.153346
12 27 -0.0323495
12 28 -0.0115409
12 29 -0.0103179
12 30 -0.00937423
12 31 -0.00863519
12 32 -0.00819877
12 33 0
12 34 0
12 35 0
12 36 0
12 37 0
12 38 0
12 39 0

13 0 0
13 1 -0.00625279
13 2 -0.0501133
13 3 -0.0507536
13 4 -0.0525903
13 5 -0.0554176
13 6 -0.0591083
13 7 -0.0631418
13 8 -0.0682058
13 9 -0.0740628
13 10 -0.0804119
13 11 -0.087014
13 12 -0.0935666
13 13 -0.10076
13 14 -0.10753
13 15 -0.114454
13 16 -0.120411
13 17 -0.126119
13 18 -0.131062
13 19 -0.135341
13 20 -0.138966
13 21 -0.141246
13 22 -0.142105
13 23 -0.141964
13 24 -0.140349
13 25 -0.135581
13 26 -0.126979
13 27 -0.106441
13 28 -0.0927284
13 29 -0.0827958
13 30 -0.0752563
13 31 -0.0694605
13 32 -0.0659852
13 33 -0.015452
13 34 -0.00691888
13 35 0
13 36 0
13 37 0
13 38 0
13 39 0

14 0 0
14 1 -0.00414669
14 2 -0.0333406
14 3 -0.0342741
14 4 -0.0359417
14 5 -0.0391073
14 6 -0.0423243
14 7 -0.0470046
14 8 -0.0520759
14 9 -0.0581226
14 10 -0.0641548
14 11 -0.0706175
14 12 -0.077427
14 13 -0.0846934
14 14 -0.0915207
14 15 -0.0981692
14 16 -0.104285
14 17 -0.11056
14 18 -0.115153
14 19 -0.11983
14 20 -0.12274
14 21 -0.124888
14 22 -0.126286
14 23 -0.125366
14 24 -0.123092
14 25 -0.118526
14 26 -0.110957
14 27 -0.0989494
14 28 -0.0886768
14 29 -0.080039
14 30 -0.072993
14 31 -0.0673832
14 32 -0.0630967
14 33 -0.0581882
14 34 -0.0555787
14 35 -0.0132836
14 36 0
14 37 0
14 38 0
14 39 0

15 0 0
15 1 -0.00211016
15 2 -0.0169997
15 3 -0.0180701
15 4 -0.0202513
15 5 -0.0226231
15 6 -0.0263708
15 7 -0.0307851
15 8 -0.0362458
15 9 -0.0418832
15 10 -0.0481843
15 11 -0.0547006
15 12 -0.0614389
15 13 -0.0685988
15 14 -0.0753269
15 15 -0.0821331
15 16 -0.0887123
15 17 -0.0946084
15 18 -0.0995025
15 19 -0.103924
15 20 -0.106854
15 21 -0.1094
15 22 -0.110459
15 23 -0.110062
15 24 -0.107983
15 25 -0.104282
15 26 -0.0981859
15 27 -0.0903449
15 28 -0.0828617
15 29 -0.0758247
15 30 -0.0696171
15 31 -0.064356
15 32 -0.0601166
15 33 -0.0561271
15 34 -0.0532483
15 35 -0.0510643
15 36 -0.0122154
15 37 0
15 38 0
15 39 0

16 0 0
16 1 -0.000144086
16 2 -0.00119515
16 3 -0.00229817
16 4 -0.00387785
16 5 -0.00694815
16 6 -0.0104634
16 7 -0.0151565
16 8 -0.0202383
16 9 -0.0260689
16 10 -0.0330128
16 11 -0.0392879
16 12 -0.0459521
16 13 -0.053055
16 14 -0.0601472
16 15 -0.0673633
16 16 -0.0735013
16 17 -0.0790005
16 18 -0.0844432
16 19 -0.0889594
16 20 -0.0924741
16 21 -0.0946604
16 22 -0.0959527
16 23 -0.0958019
16 24 -0.094506
16 25 -0.091471
16 26 -0.0871206
16 27 -0.082134
16 28 -0.0761628
16 29 -0.0705863
16 30 -0.065761
16 31 -0.0612229
16 32 -0.05693
16 33 -0.0540154
16 34 -0.0509688
16 35 -0.0487704
16 36 -0.0470824
16 37 -0.0113295
16 38 0
16 39 0

17 0 0
17 1 0.00174654
17 2 0.014031
17 3 0.0128529
17 4 0.0111058
17 5 0.00822554
17 6 0.00421187
17 7 -0.000268977
17 8 -0.00566282
17 9 -0.011572
17 10 -0.0181239
17 11 -0.0243158
17 12 -0.0312993
17 13 -0.0384466
17 14 -0.0452998
17 15 -0.0522908
17 16 -0.0586302
17 17 -0.0646133
17 18 -0.0702106
17 19 -0.0746271
17 20 -0.0787087
17 21 -0.0811358
17 22 -0.0826191
17 23 -0.0832321
17 24 -0.0825061
17 25 -0.0805307
17 26 -0.077541
17 27 -0.0737304
17 28 -0.069461
17 29 -0.0656857
17 30 -0.0614541
17 31 -0.0577043
17 32 -0.0542338
17 33 -0.0513921
17 34 -0.0485936
17 35 -0.046681
17 36 -0.045585
17 37 -0.044113
17 38 -0.00547874
17 39 0

18 0 0
18 1 0.0035381
18 2 0.0283194
18 3 0.0270799
18 4 0.0252824
18 5 0.0224724
18 6 0.018551
18 7 0.0139065
18 8 0.00812097
18 9 0.00240428
18 10 -0.00411843
18 11 -0.0107243
18 12 -0.0177504
18 13 -0.0247917
18 14 -0.0319304
18 15 -0.0390404
18 16 -0.0452961
18 17 -0.051559
18 18 -0.0569415
18 19 -0.0616314
18 20 -0.0658896
18 21 -0.0689641
18 22 -0.0706489
18 23 -0.0714541
18 24 -0.071875
18 25 -0.0708053
18 26 -0.0689007
18 27 -0.0661096
18 28 -0.0633594
18 29 -0.0601073
18 30 -0.0571305
18 31 -0.0541764
18 32 -0.0512602
18 33 -0.0487448
18 34 -0.0463865
18 35 -0.0452328
18 36 -0.0436938
18 37 -0.043075
18 38 -0.00537281
18 39 0

19 0 0
19 1 0.00513867
19 2 0.0413879
19 3 0.0404229
19 4 0.0381469
19 5 0.0349764
19 6 0.0313057
19 7 0.0262044
19 8 0.0214179
19 9 0.0149946
19 10 0.00864916
19 11 0.00217937
19 12 -0.00554594
19 13 -0.0122744
19 14 -0.0194528
19 15 -0.0267499
19 16 -0.0332907
19 17 -0.0396693
19 18 -0.0448187
19 19 -0.0502971
19 20 -0.0545323
19 21 -0.0576587
19 22 -0.0602201
19 23 -0.0614809
19 24 -0.0621833
19 25 -0.0621438
19 26 -0.0608623
19 27 -0.059408
19 28 -0.0573982
19 29 -0.0554482
19 30 -0.0527675
19 31 -0.0506438
19 32 -0.0483748
19 33 -0.0463583
19 34 -0.0447135
19 35 -0.0433586
19 36 -0.042189
19 37 -0.0419227
19 38 -0.00522717
19 39 0

20 0 0
20 1 0.0066144
20 2 0.0530891
20 3 0.0518989
20 4 0.0500151
20 5 0.0467005
20 6 0.0426149
20 7 0.0379688
20 8 0.0325806
20 9 0.02645
20 10 0.0200048
20 11 0.01316
20 12 0.00587443
20 13 -0.00133775
20 14 -0.0088906
20 15 -0.0156686
20 16 -0.0224297
20 17 -0.0287464
20 18 -0.0343743
20 19 -0.0399366
20 20 -0.0443966
20 21 -0.0480241
20 22 -0.0509153
20 23 -0.0528322
20 24 -0.0542386
20 25 -0.0544032
20 26 -0.0547556
20 27 -0.0534473
20 28 -0.0525489
20 29 -0.0507944
20 30 -0.0491586
20 31 -0.0473256
20 32 -0.0459228
20 33 -0.0441269
20 34 -0.042457
20 35 -0.0419432
20 36 -0.0410929
20 37 -0.0408906
20 38 -0.00511777
20 39 0

21 0 0
21 1 0.00785432
21 2 0.0631213
21 3 0.0618031
21 4 0.0595689
21 5 0.0567282
21 6 0.0526933
21 7 0.0477789
21 8 0.0424223
21 9 0.0359847
21 10 0.0295486
21 11 0.0227486
21 12 0.0151726
21 13 0.00828707
21 14 0.000432802
21 15 -0.00646864
21 16 -0.0132449
21 17 -0.0200501
21 18 -0.02585
21 19 -0.0310246
21 20 -0.0359838
21 21 -0.0400348
21 22 -0.0433514
21 23 -0.0456492
21 24 -0.0473059
21 25 -0.0485343
21 26 -0.0489567
21 27 -0.0486586
21 28 -0.0477526
21 29 -0.0467916
21 30 -0.045961
21 31 -0.0446311
21 32 -0.0435055
21 33 -0.042371
21 34 -0.0408719
21 35 -0.0401098
21 36 -0.0398773
21 37 -0.0399153
21 38 -0.00499149
21 39 0

22 0 0
22 1 0.00887313
22 2 0.071296
22 3 0.0699971
22 4 0.0679129
22 5 0.0646821
22 6 0.0603107
22 7 0.0555655
22 8 0.0501815
22 9 0.0437672
22 10 0.037082
22 11 0.0301126
22 12 0.0229447
22 13 0.0154677
22 14 0.00817425
22 15 0.000985594
22 16 -0.00600295
22 17 -0.0127466
22 18 -0.0188009
22 19 -0.0240996
22 20 -0.0293859
22 21 -0.0338146
22 22 -0.0372265
22 23 -0.0399283
22 24 -0.042168
22 25 -0.0433657
22 26 -0.0441877
22 27 -0.0445189
22 28 -0.0443985
22 29 -0.043976
22 30 -0.0434392
22 31 -0.042366
22 32 -0.0413171
22 33 -0.0408058
22 34 -0.0402425
22 35 -0.0396004
22 36 -0.0390643
22 37 -0.0389122
22 38 -0.0048257
22 39 0

23 0 0
23 1 0.00969123
23 2 0.0777837
23 3 0.0763871
23 4 0.0738659
23 5 0.0708136
23 6 0.0666068
23 7 0.0614724
23 8 0.0558595
23 9 0.0496037
23 10 0.042882
23 11 0.0359793
23 12 0.0288707
23 13 0.021552
23 14 0.0140822
23 15 0.00656353
23 16 -0.00042728
23 17 -0.00721516
23 18 -0.0134403
23 19 -0.0191701
23 20 -0.0248382
23 21 -0.0289607
23 22 -0.0325696
23 23 -0.0357448
23 24 -0.0380647
23 25 -0.039754
23 26 -0.040936
23 27 -0.0416412
23 28 -0.0420497
23 29 -0.0414426
23 30 -0.0413255
23 31 -0.0410279
23 32 -0.0404318
23 33 -0.0396375
23 34 -0.0391926
23 35 -0.0385794
23 36 -0.0384329
23 37 -0.0385629
23 38 -0.0048002
23 39 0

24 0 0
24 1 0.0102283
24 2 0.0822124
24 3 0.0808979
24 4 0.0785641
24 5 0.0751666
24 6 0.070747
24 7 0.0659029
24 8 0.0601316
24 9 0.0537016
24 10 0.0470732
24 11 0.0399595
24 12 0.0329342
24 13 0.0252869
24 14 0.0177825
24 15 0.0103088
24 16 0.00315368
24 17 -0.00387771
24 18 -0.00997715
24 19 -0.0158728
24 20 -0.0212584
24 21 -0.0259761
24 22 -0.0300688
24 23 -0.0331358
24 24 -0.0355829
24 25 -0.0373337
24 26 -0.0389025
24 27 -0.039774
24 28 -0.0402508
24 29 -0.0404226
24 30 -0.0403264
24 31 -0.0401944
24 32 -0.0396574
24 33 -0.039084
24 34 -0.038402
24 35 -0.0386923
24 36 -0.0381269
24 37 -0.038261
24 38 -0.00479585
24 39 0

25 0 0
25 1 0.0105248
25 2 0.0845007
25 3 0.0831644
25 4 0.0807965
25 5 0.0769089
25 6 0.0727079
25 7 0.0678769
25 8 0.0620202
25 9 0.0559015
25 10 0.0490882
25 11 0.0416708
25 12 0.0347621
25 13 0.0273539
25 14 0.0194352
25 15 0.012346
25 16 0.00528766
25 17 -0.00215119
25 18 -0.00854564
25 19 -0.0142702
25 20 -0.0197877
25 21 -0.0247061
25 22 -0.0287859
25 23 -0.0320568
25 24 -0.0351006
25 25 -0.0369037
25 26 -0.0381077
25 27 -0.0391354
25 28 -0.0395952
25 29 -0.0399787
25 30 -0.039965
25 31 -0.0399435
25 32 -0.0398388
25 33 -0.0392131
25 34 -0.038802
25 35 -0.0386096
25 36 -0.038625
25 37 -0.0385048
25 38 -0.00477675
25 39 0

26 0 0
26 1 0.0105611
26 2 0.0847167
26 3 0.0832011
26 4 0.0805727
26 5 0.0773427
26 6 0.0730551
26 7 0.0679112
26 8 0.0621476
26 9 0.055397
26 10 0.0491467
26 11 0.0420139
26 12 0.034553
26 13 0.0269379
26 14 0.0195378
26 15 0.0118504
26 16 0.0049586
26 17 -0.00199322
26 18 -0.00833903
26 19 -0.0144588
26 20 -0.0197443
26 21 -0.0249558
26 22 -0.0290276
26 23 -0.032363
26 24 -0.0351906
26 25 -0.037092
26 26 -0.0387269
26 27 -0.0396877
26 28 -0.0407003
26 29 -0.0405674
26 30 -0.0407275
26 31 -0.0407666
26 32 -0.0402192
26 33 -0.0402783
26 34 -0.0394255
26 35 -0.0393326
26 36 -0.0392776
26 37 -0.0393168
26 38 -0.00490939
26 39 0

27 0 0
27 1 0.0102641
27 2 0.0825499
27 3 0.0812003
27 4 0.0784951
27 5 0.0751447
27 6 0.0711128
27 7 0.0660651
27 8 0.0600646
27 9 0.0535895
27 10 0.0470567
27 11 0.039956
27 12 0.0325074
27 13 0.0248168
27 14 0.0176304
27 15 0.0099492
27 16 0.00293747
27 17 -0.00429197
27 18 -0.0104835
27 19 -0.0165357
27 20 -0.0220281
27 21 -0.0267776
27 22 -0.0310404
27 23 -0.0347112
27 24 -0.0370598
27 25 -0.0392208
27 26 -0.0403032
27 27 -0.0415319
27 28 -0.0419208
27 29 -0.0421602
27 30 -0.0427229
27 31 -0.0424971
27 32 -0.0421548
27 33 -0.0415035
27 34 -0.0413023
27 35 -0.0405406
27 36 -0.0407724
27 37 -0.0405619
27 38 -0.00503105
27 39 0

28 0 0
28 1 0.00974982
28 2 0.0782743
28 3 0.0767576
28 4 0.0745404
28 5 0.0710095
28 6 0.0668154
28 7 0.0619305
28 8 0.0558115
28 9 0.0493376
28 10 0.0426215
28 11 0.0357576
28 12 0.0284643
28 13 0.0212188
28 14 0.0135145
28 15 0.00602593
28 16 -0.00103553
28 17 -0.00781602
28 18 -0.01398
28 19 -0.0201157
28 20 -0.0256401
28 21 -0.030484
28 22 -0.0342981
28 23 -0.0380049
28 24 -0.040251
28 25 -0.042099
28 26 -0.0436533
28 27 -0.044258
28 28 -0.0445396
28 29 -0.044796
28 30 -0.045033
28 31 -0.0446368
28 32 -0.0443395
28 33 -0.0439696
28 34 -0.0432343
28 35 -0.0426748
28 36 -0.0426603
28 37 -0.0424748
28 38 -0.00527796
28 39 0

29 0 0
29 1 0.00894295
29 2 0.0719453
29 3 0.0705767
29 4 0.0684223
29 5 0.0647674
29 6 0.060673
29 7 0.0557645
29 8 0.0498485
29 9 0.0436925
29 10 0.0366202
29 11 0.0295979
29 12 0.0225447
29 13 0.0153178
29 14 0.00754467
29 15 0.000385297
29 16 -0.00657329
29 17 -0.0136822
29 18 -0.0201258
29 19 -0.0258489
29 20 -0.0312818
29 21 -0.0354984
29 22 -0.0397632
29 23 -0.0425321
29 24 -0.0450412
29 25 -0.0469399
29 26 -0.0475973
29 27 -0.0484769
29 28 -0.0487075
29 29 -0.0484319
29 30 -0.0481906
29 31 -0.0478531
29 32 -0.0477952
29 33 -0.0465773
29 34 -0.046211
29 35 -0.0451054
29 36 -0.0450221
29 37 -0.0448562
29 38 -0.00557247
29 39 0

30 0 0
30 1 0.00796656
30 2 0.0638158
30 3 0.0621321
30 4 0.0602869
30 5 0.0570105
30 6 0.0528386
30 7 0.0479607
30 8 0.0421745
30 9 0.0354594
30 10 0.0290744
30 11 0.0218186
30 12 0.0147588
30 13 0.00730627
30 14 -0.000102584
30 15 -0.00698692
30 16 -0.0142781
30 17 -0.0210746
30 18 -0.0273232
30 19 -0.0329911
30 20 -0.0383861
30 21 -0.0425231
30 22 -0.0461678
30 23 -0.0487372
30 24 -0.05109
30 25 -0.0522395
30 26 -0.0529215
30 27 -0.0534849
30 28 -0.0532973
30 29 -0.0528416
30 30 -0.0525031
30 31 -0.0519519
30 32 -0.0510919
30 33 -0.0497472
30 34 -0.0488821
30 35 -0.0481379
30 36 -0.0474092
30 37 -0.0475698
30 38 -0.00594878
30 39 0

31 0 0
31 1 0.00673718
31 2 0.0540029
31 3 0.0523514
31 4 0.050276
31 5 0.0472118
31 6 0.0431514
31 7 0.0382227
31 8 0.0324313
31 9 0.0258426
31 10 0.0194313
31 11 0.0121547
31 12 0.0050787
31 13 -0.00221818
31 14 -0.00975174
31 15 -0.0167434
31 16 -0.0233802
31 17 -0.0300159
31 18 -0.0360075
31 19 -0.0418742
31 20 -0.0467867
31 21 -0.0509731
31 22 -0.0543049
31 23 -0.0565167
31 24 -0.0581525
31 25 -0.059175
31 26 -0.0595738
31 27 -0.0596891
31 28 -0.0591193
31 29 -0.0581713
31 30 -0.0570709
31 31 -0.0561516
31 32 -0.0549687
31 33 -0.0534318
31 34 -0.0519753
31 35 -0.0511672
31 36 -0.0505609
31 37 -0.0504079
31 38 -0.00627104
31 39 0

32 0 0
32 1 0.00527999
32 2 0.0424428
32 3 0.0411868
32 4 0.0392662
32 5 0.0356913
32 6 0.0316665
32 7 0.0267119
32 8 0.0210423
32 9 0.014948
32 10 0.00804763
32 11 0.00106475
32 12 -0.00606284
32 13 -0.0136558
32 14 -0.0206214
32 15 -0.0275141
32 16 -0.0346215
32 17 -0.0410013
32 18 -0.0469075
32 19 -0.0523659
32 20 -0.056566
32 21 -0.0606754
32 22 -0.0633459
32 23 -0.0655887
32 24 -0.0666767
32 25 -0.0669696
32 26 -0.0669898
32 27 -0.0663206
32 28 -0.0656126
32 29 -0.0641198
32 30 -0.0625422
32 31 -0.0606493
32 32 -0.0588275
32 33 -0.0572461
32 34 -0.055315
32 35 -0.0544736
32 36 -0.0534385
32 37 -0.0533197
32 38 -0.00667265
32 39 0

33 0 0
33 1 0.00367338
33 2 0.0293698
33 3 0.0280763
33 4 0.0258546
33 5 0.0226404
33 6 0.0192009
33 7 0.0136922
33 8 0.0086859
33 9 0.00214592
33 10 -0.00436685
33 11 -0.011624
33 12 -0.0187687
33 13 -0.0260054
33 14 -0.0330533
33 15 -0.040041
33 16 -0.0466112
33 17 -0.052567
33 18 -0.0583667
33 19 -0.0635671
33 20 -0.0679689
33 21 -0.0716478
33 22 -0.0741209
33 23 -0.0759085
33 24 -0.076323
33 25 -0.0764906
33 26 -0.0757663
33 27 -0.0747289
33 28 -0.0722939
33 29 -0.0701411
33 30 -0.0679462
33 31 -0.0656772
33 32 -0.063295
33 33 -0.0609944
33 34 -0.0590608
33 35 -0.0574149
33 36 -0.0566467
33 37 -0.056012
33 38 -0.00695176
33 39 0

34 0 0
34 1 0.00186888
34 2 0.0147903
34 3 0.0135763
34 4 0.0117418
34 5 0.00838117
34 6 0.00465894
34 7 0.0001545
34 8 -0.00552299
34 9 -0.0118214
34 10 -0.0182356
34 11 -0.0252315
34 12 -0.0324673
34 13 -0.0397599
34 14 -0.0469606
34 15 -0.0534719
34 16 -0.0602436
34 17 -0.0663148
34 18 -0.0718432
34 19 -0.0766638
34 20 -0.0809277
34 21 -0.0840197
34 22 -0.0859222
34 23 -0.0871866
34 24 -0.087423
34 25 -0.0866741
34 26 -0.085131
34 27 -0.0827952
34 28 -0.0798106
34 29 -0.0766702
34 30 -0.07338
34 31 -0.0704503
34 32 -0.0676353
34 33 -0.0647989
34 34 -0.0625958
34 35 -0.0609428
34 36 -0.0591126
34 37 -0.0584052
34 38 -0.00728629
34 39 0

35 0 0
35 1 -0.000146822
35 2 -0.00104222
35 3 -0.00182611
35 4 -0.00356459
35 5 -0.00654376
35 6 -0.0104272
35 7 -0.014888
35 8 -0.0210054
35 9 -0.0266569
35 10 -0.0335015
35 11 -0.0403964
35 12 -0.0473174
35 13 -0.0541687
35 14 -0.0611863
35 15 -0.0679573
35 16 -0.0748265
35 17 -0.0809401
35 18 -0.0861184
35 19 -0.090598
35 20 -0.0946234
35 21 -0.0974428
35 22 -0.0994213
35 23 -0.100049
35 24 -0.0993101
35 25 -0.0981125
35 26 -0.0948802
35 27 -0.0915186
35 28 -0.08752
35 29 -0.083292
35 30 -0.0792169
35 31 -0.0750369
35 32 -0.0717836
35 33 -0.0684738
35 34 -0.065641
35 35 -0.0634133
35 36 -0.0615647
35 37 -0.0599892
35 38 -0.0074674
35 39 0

36 0 0
36 1 -0.00215378
36 2 -0.017442
36 3 -0.0184758
36 4 -0.0199207
36 5 -0.0230103
36 6 -0.0267007
36 7 -0.0312703
36 8 -0.0367271
36 9 -0.0425873
36 10 -0.0494582
36 11 -0.0561054
36 12 -0.0625488
36 13 -0.0697486
36 14 -0.0769152
36 15 -0.0836877
36 16 -0.0903712
36 17 -0.0960898
36 18 -0.101252
36 19 -0.105896
36 20 -0.109548
36 21 -0.111904
36 22 -0.113751
36 23 -0.113566
36 24 -0.112459
36 25 -0.110027
36 26 -0.10604
36 27 -0.100926
36 28 -0.0950042
36 29 -0.0897966
36 30 -0.0844369
36 31 -0.0797881
36 32 -0.0759746
36 33 -0.0723623
36 34 -0.0690691
36 35 -0.0664478
36 36 -0.0640492
36 37 -0.0154397
36 38 0
36 39 0

37 0 0
37 1 -0.00432114
37 2 -0.0345455
37 3 -0.0350064
37 4 -0.0370048
37 5 -0.0395702
37 6 -0.0432704
37 7 -0.0478465
37 8 -0.0534995
37 9 -0.0589577
37 10 -0.0656239
37 11 -0.0720201
37 12 -0.0788256
37 13 -0.085866
37 14 -0.0929416
37 15 -0.099742
37 16 -0.106128
37 17 -0.111931
37 18 -0.117509
37 19 -0.121684
37 20 -0.124757
37 21 -0.127711
37 22 -0.128529
37 23 -0.128867
37 24 -0.127135
37 25 -0.123147
37 26 -0.117461
37 27 -0.110025
37 28 -0.102616
37 29 -0.0953853
37 30 -0.0895394
37 31 -0.083992
37 32 -0.0793594
37 33 -0.0754572
37 34 -0.0719161
37 35 -0.0691067
37 36 -0.0165677
37 37 0
37 38 0
37 39 0

38 0 0
38 1 -0.00641449
38 2 -0.0515118
38 3 -0.0521169
38 4 -0.0537487
38 5 -0.05662
38 6 -0.0599157
38 7 -0.0648616
38 8 -0.0699635
38 9 -0.0757654
38 10 -0.0820887
38 11 -0.0884896
38 12 -0.0956781
38 13 -0.102052
38 14 -0.109168
38 15 -0.116056
38 16 -0.122142
38 17 -0.128155
38 18 -0.133167
38 19 -0.137715
38 20 -0.140976
38 21 -0.143669
38 22 -0.144831
38 23 -0.144352
38 24 -0.142706
38 25 -0.137786
38 26 -0.130533
38 27 -0.119174
38 28 -0.109132
38 29 -0.10033
38 30 -0.0931747
38 31 -0.0876041
38 32 -0.0831622
38 33 -0.0777082
38 34 -0.0748294
38 35 -0.0179008
38 36 0
38 37 0
38 38 0
38 39 0

39 0 0
39 1 -0.00853046
39 2 -0.0683392
39 3 -0.0688421
39 4 -0.0709496
39 5 -0.0736019
39 6 -0.0772004
39 7 -0.081232
39 8 -0.0865143
39 9 -0.0921405
39 10 -0.0986063
39 11 -0.105055
39 12 -0.111686
39 13 -0.118181
39 14 -0.12508
39 15 -0.131972
39 16 -0.138168
39 17 -0.143758
39 18 -0.14921
39 19 -0.153945
39 20 -0.157362
39 21 -0.159929
39 22 -0.161358
39 23 -0.161603
39 24 -0.159705
39 25 -0.155245
39 26 -0.146731
39 27 -0.126486
39 28 -0.113143
39 29 -0.103201
39 30 -0.0957473
39 31 -0.0901962
39 32 -0.0866724
39 33 -0.0203936
39 34 -0.00930539
39 35 0
39 36 0
39 37 0
39 38 0
39 39 0

40 0 0
40 1 -0.0105478
40 2 -0.0848182
40 3 -0.0855906
40 4 -0.0873167
40 5 -0.09003
40 6 -0.0932745
40 7 -0.0976099
40 8 -0.102502
40 9 -0.108347
40 10 -0.114325
40 11 -0.12069
40 12 -0.127444
40 13 -0.134391
40 14 -0.140966
40 15 -0.147575
40 16 -0.15381
40 17 -0.159643
40 18 -0.165269
40 19 -0.169876
40 20 -0.173291
40 21 -0.176381
40 22 -0.178251
40 23 -0.178742
40 24 -0.177741
40 25 -0.175658
40 26 -0.173174
40 27 -0.0372669
40 28 -0.0140725
40 29 -0.0128361
40 30 -0.0119291
40 31 -0.0112209
40 32 -0.0107701
40 33 0
40 34 0
40 35 0
40 36 0
40 37 0
40 38 0
40 39 0

41 0 0
41 1 -0.0125238
41 2 -0.100711
41 3 -0.101507
41 4 -0.103198
41 5 -0.10538
41 6 -0.108955
41 7 -0.113102
41 8 -0.117974
41 9 -0.123551
41 10 -0.129899
41 11 -0.135876
41 12 -0.142447
41 13 -0.149349
41 14 -0.155876
41 15 -0.162778
41 16 -0.168815
41 17 -0.174785
41 18 -0.180287
41 19 -0.18495
41 20 -0.189044
41 21 -0.192437
41 22 -0.194664
41 23 -0.195854
41 24 -0.195821
41 25 -0.195425
41 26 -0.194988
41 27 -0.0242721
41 28 0
41 29 0
41 30 0
41 31 0
41 32 0
41 33 0
41 34 0
41 35 0
41 36 0
41 37 0
41 38 0
41 39 0

42 0 0
42 1 -0.0144291
42 2 -0.11583
42 3 -0.116261
42 4 -0.117707
42 5 -0.120343
42 6 -0.123762
42 7 -0.128064
42 8 -0.13291
42 9 -0.138214
42 10 -0.143769
42 11 -0.149978
42 12 -0.156738
42 13 -0.163449
42 14 -0.170339
42 15 -0.176959
42 16 -0.183345
42 17 -0.189246
42 18 -0.195068
42 19 -0.199182
42 20 -0.20424
42 21 -0.207831
42 22 -0.210044
42 23 -0.211817
42 24 -0.213015
42 25 -0.213288
42 26 -0.213592
42 27 -0.0265889
42 28 0
42 29 0
42 30 0
42 31 0
42 32 0
42 33 0
42 34 0
42 35 0
42 36 0
42 37 0
42 38 0
42 39 0

43 0 0
43 1 -0.0161235
43 2 -0.129541
43 3 -0.130104
43 4 -0.131559
43 5 -0.134102
43 6 -0.137139
43 7 -0.14119
43 8 -0.145681
43 9 -0.151538
43 10 -0.157132
43 11 -0.163561
43 12 -0.169957
43 13 -0.176479
43 14 -0.183036
43 15 -0.189896
43 16 -0.196302
43 17 -0.202159
43 18 -0.208078
43 19 -0.212733
43 20 -0.21785
43 21 -0.221448
43 22 -0.224557
43 23 -0.226801
43 24 -0.228082
43 25 -0.229496
43 26 -0.230176
43 27 -0.0286334
43 28 0
43 29 0
43 30 0
43 31 0
43 32 0
43 33 0
43 34 0
43 35 0
43 36 0
43 37 0
43 38 0
43 39 0

44 0 0
44 1 -0.0176356
44 2 -0.141754
44 3 -0.142414
44 4 -0.143468
44 5 -0.146092
44 6 -0.149474
44 7 -0.153161
44 8 -0.15818
44 9 -0.16351
44 10 -0.168755
44 11 -0.174908
44 12 -0.181543
44 13 -0.18813
44 14 -0.194819
44 15 -0.20128
44 16 -0.20804
44 17 -0.214202
44 18 -0.219925
44 19 -0.225279
44 20 -0.22997
44 21 -0.234151
44 22 -0.23781
44 23 -0.239822
44 24 -0.242105
44 25 -0.243409
44 26 -0.244416
44 27 -0.0304063
44 28 0
44 29 0
44 30 0
44 31 0
44 32 0
44 33 0
44 34 0
44 35 0
44 36 0
44 37 0
44 38 0
44 39 0

45 0 0
45 1 -0.018967
45 2 -0.1524
45 3 -0.152856
45 4 -0.154166
45 5 -0.156531
45 6 -0.159815
45 7 -0.163753
45 8 -0.16802
45 9 -0.173642
45 10 -0.179116
45 11 -0.185308
45 12 -0.191695
45 13 -0.198049
45 14 -0.204889
45 15 -0.211535
45 16 -0.218233
45 17 -0.224355
45 18 -0.230362
45 19 -0.23577
45 20 -0.240578
45 21 -0.245083
45 22 -0.248664
45 23 -0.251573
45 24 -0.253721
45 25 -0.255567
45 26 -0.25653
45 27 -0.0319114
45 28 0
45 29 0
45 30 0
45 31 0
45 32 0
45 33 0
45 34 0
45 35 0
45 36 0
45 37 0
45 38 0
45 39 0

46 0 0
46 1 -0.0200327
46 2 -0.160979
46 3 -0.161481
46 4 -0.163259
46 5 -0.165229
46 6 -0.16859
46 7 -0.172453
46 8 -0.176928
46 9 -0.1819
46 10 -0.187718
46 11 -0.194004
46 12 -0.199961
46 13 -0.206295
46 14 -0.213074
46 15 -0.219768
46 16 -0.226318
46 17 -0.233206
46 18 -0.238699
46 19 -0.244726
46 20 -0.249807
46 21 -0.254182
46 22 -0.25777
46 23 -0.261119
46 24 -0.26356
46 25 -0.265447
46 26 -0.26623
46 27 -0.0330998
46 28 0
46 29 0
46 30 0
46 31 0
46 32 0
46 33 0
46 34 0
46 35 0
46 36 0
46 37 0
46 38 0
46 39 0

47 0 0
47 1 -0.0208641
47 2 -0.167612
47 3 -0.168108
47 4 -0.169896
47 5 -0.172105
47 6 -0.175245
47 7 -0.179253
47 8 -0.183721
47 9 -0.18895
47 10 -0.194491
47 11 -0.200487
47 12 -0.206577
47 13 -0.213007
47 14 -0.219711
47 15 -0.226561
47 16 -0.233103
47 17 -0.239376
47 18 -0.245835
47 19 -0.251786
47 20 -0.256439
47 21 -0.261187
47 22 -0.264811
47 23 -0.268316
47 24 -0.271171
47 25 -0.272918
47 26 -0.273913
47 27 -0.0340778
47 28 0
47 29 0
47 30 0
47 31 0
47 32 0
47 33 0
47 34 0
47 35 0
47 36 0
47 37 0
47 38 0
47 39 0

48 0 0
48 1 -0.0213929
48 2 -0.172073
48 3 -0.172927
48 4 -0.174699
48 5 -0.176716
48 6 -0.179789
48 7 -0.183889
48 8 -0.1881
48 9 -0.193108
48 10 -0.199136
48 11 -0.204746
48 12 -0.211282
48 13 -0.218057
48 14 -0.224484
48 15 -0.231529
48 16 -0.238002
48 17 -0.244065
48 18 -0.250177
48 19 -0.25599
48 20 -0.261092
48 21 -0.265982
48 22 -0.270484
48 23 -0.273578
48 24 -0.276117
48 25 -0.278105
48 26 -0.279462
48 27 -0.0347874
48 28 0
48 29 0
48 30 0
48 31 0
48 32 0
48 33 0
48 34 0
48 35 0
48 36 0
48 37 0
48 38 0
48 39 0

49 0 0
49 1 -0.0217215
49 2 -0.17459
49 3 -0.175249
49 4 -0.176851
49 5 -0.179346
49 6 -0.182484
49 7 -0.186263
49 8 -0.190835
49 9 -0.195852
49 10 -0.201417
49 11 -0.207455
49 12 -0.213976
49 13 -0.22047
49 14 -0.227152
49 15 -0.233652
49 16 -0.24028
49 17 -0.246946
49 18 -0.253096
49 19 -0.258961
49 20 -0.264349
49 21 -0.269049
49 22 -0.273186
49 23 -0.276619
49 24 -0.279213
49 25 -0.28123
49 26 -0.282585
49 27 -0.0351629
49 28 0
49 29 0
49 30 0
49 31 0
49 32 0
49 33 0
49 34 0
49 35 0
49 36 0
49 37 0
49 38 0
49 39 0

50 0 0
50 1 0
50 2 -0.0217215
50 3 -0.0217942
50 4 -0.0219685
50 5 -0.0223364
50 6 -0.0227189
50 7 -0.0231646
50 8 -0.0237627
50 9 -0.024396
50 10 -0.0250274
50 11 -0.0258254
50 12 -0.0266262
50 13 -0.0274108
50 14 -0.0282784
50 15 -0.02904
50 16 -0.0298724
50 17 -0.0307323
50 18 -0.0315049
50 19 -0.0322231
50 20 -0.0329208
50 21 -0.0334851
50 22 -0.0339617
50 23 -0.0344152
50 24 -0.0347583
50 25 -0.0350015
50 26 -0.0351629
50 27 0
50 28 0
50 29 0
50 30 0
50 31 0
50 32 0
50 33 0
50 34 0
50 35 0
50 36 0
50 37 0
50 38 0
50 39 0

51 0 0
51 1 0
51 2 0
51 3 0
51 4 0
51 5 0
51 6 0
51 7 0
51 8 0
51 9 0
51 10 0
51 11 0
51 12 0
51 13 0
51 14 0
51 15 0
51 16 0
51 17 0
51 18 0
51 19 0
51 20 0
51 21 0
51 22 0
51 23 0
51 24 0
51 25 0
51 26 0
51 27 0
51 28 0
51 29 0
51 30 0
51 31 0
51 32 0
51 33 0
51 34 0
51 35 0
51 36 0
51 37 0
51 38 0
51 39 0

