0 0 0
0 1 0
0 2 0
0 3 0
0 4 0
0 5 0
0 6 0
0 7 0
0 8 0
0 9 0
0 10 0
0 11 0
0 12 0
0 13 0
0 14 0
0 15 0
0 16 0
0 17 0
0 18 0
0 19 0
0 20 0
0 21 0
0 22 0
0 23 0
0 24 0
0 25 0
0 26 0
0 27 0
0 28 0
0 29 0
0 30 0
0 31 0
0 32 0
0 33 0
0 34 0
0 35 0
0 36 0
0 37 0
0 38 0
0 39 0

1 0 0
1 1 0
1 2 -0.0216143
1 3 -0.0217164
1 4 -0.0219493
1 5 -0.0223118
1 6 -0.0228024
1 7 -0.0234062
1 8 -0.0241402
1 9 -0.0249132
1 10 -0.0257793
1 11 -0.0267316
1 12 -0.0277651
1 13 -0.0286974
1 14 -0.0296667
1 15 -0.0306085
1 16 -0.0315326
1 17 -0.0324444
1 18 -0.0332666
1 19 -0.0341053
1 20 -0.0347983
1 21 -0.0354627
1 22 -0.0360163
1 23 -0.0365068
1 24 -0.0369195
1 25 -0.0372386
1 26 -0.0373794
1 27 0
1 28 0
1 29 0
1 30 0
1 31 0
1 32 0
1 33 0
1 34 0
1 35 0
1 36 0
1 37 0
1 38 0
1 39 0

2 0 0
2 1 -0.0216143
2 2 -0.17373
2 3 -0.174579
2 4 -0.176386
2 5 -0.179297
2 6 -0.1832
2 7 -0.188098
2 8 -0.193895
2 9 -0.200285
2 10 -0.207308
2 11 -0.214918
2 12 -0.222832
2 13 -0.230678
2 14 -0.23846
2 15 -0.245991
2 16 -0.25345
2 17 -0.260639
2 18 -0.267531
2 19 -0.274013
2 20 -0.279788
2 21 -0.285065
2 22 -0.289543
2 23 -0.293491
2 24 -0.296716
2 25 -0.299136
2 26 -0.300499
2 27 -0.0373794
2 28 0
2 29 0
2 30 0
2 31 0
2 32 0
2 33 0
2 34 0
2 35 0
2 36 0
2 37 0
2 38 0
2 39 0

3 0 0
3 1 -0.0212292
3 2 -0.170684
3 3 -0.17149
3 4 -0.173284
3 5 -0.176192
3 6 -0.18005
3 7 -0.184967
3 8 -0.190558
3 9 -0.197241
3 10 -0.204332
3 11 -0.211752
3 12 -0.219218
3 13 -0.227571
3 14 -0.235335
3 15 -0.242913
3 16 -0.250352
3 17 -0.257488
3 18 -0.264639
3 19 -0.270787
3 20 -0.276766
3 21 -0.281838
3 22 -0.286338
3 23 -0.290207
3 24 -0.293367
3 25 -0.295509
3 26 -0.297243
3 27 -0.0370018
3 28 0
3 29 0
3 30 0
3 31 0
3 32 0
3 33 0
3 34 0
3 35 0
3 36 0
3 37 0
3 38 0
3 39 0

4 0 0
4 1 -0.0205109
4 2 -0.164851
4 3 -0.16567
4 4 -0.167416
4 5 -0.170306
4 6 -0.174175
4 7 -0.17919
4 8 -0.184777
4 9 -0.191275
4 10 -0.198239
4 11 -0.205812
4 12 -0.213849
4 13 -0.221766
4 14 -0.229504
4 15 -0.237686
4 16 -0.24479
4 17 -0.25218
4 18 -0.25869
4 19 -0.265175
4 20 -0.271006
4 21 -0.276256
4 22 -0.281004
4 23 -0.284382
4 24 -0.287315
4 25 -0.289516
4 26 -0.291125
4 27 -0.0362275
4 28 0
4 29 0
4 30 0
4 31 0
4 32 0
4 33 0
4 34 0
4 35 0
4 36 0
4 37 0
4 38 0
4 39 0

5 0 0
5 1 -0.0194909
5 2 -0.1565
5 3 -0.157039
5 4 -0.15904
5 5 -0.162056
5 6 -0.166068
5 7 -0.170819
5 8 -0.176335
5 9 -0.182914
5 10 -0.190085
5 11 -0.197967
5 12 -0.205486
5 13 -0.213189
5 14 -0.221486
5 15 -0.229399
5 16 -0.23731
5 17 -0.244234
5 18 -0.251207
5 19 -0.257041
5 20 -0.263298
5 21 -0.268106
5 22 -0.272627
5 23 -0.275916
5 24 -0.278642
5 25 -0.280974
5 26 -0.282217
5 27 -0.0351021
5 28 0
5 29 0
5 30 0
5 31 0
5 32 0
5 33 0
5 34 0
5 35 0
5 36 0
5 37 0
5 38 0
5 39 0

6 0 0
6 1 -0.0181089
6 2 -0.145639
6 3 -0.146391
6 4 -0.148199
6 5 -0.151081
6 6 -0.15534
6 7 -0.160176
6 8 -0.165752
6 9 -0.172463
6 10 -0.179362
6 11 -0.187282
6 12 -0.195004
6 13 -0.203228
6 14 -0.211303
6 15 -0.219161
6 16 -0.226892
6 17 -0.234057
6 18 -0.240865
6 19 -0.246935
6 20 -0.252729
6 21 -0.257322
6 22 -0.261689
6 23 -0.265172
6 24 -0.267863
6 25 -0.269681
6 26 -0.27075
6 27 -0.0336786
6 28 0
6 29 0
6 30 0
6 31 0
6 32 0
6 33 0
6 34 0
6 35 0
6 36 0
6 37 0
6 38 0
6 39 0

7 0 0
7 1 -0.0164844
7 2 -0.132441
7 3 -0.133229
7 4 -0.135399
7 5 -0.138398
7 6 -0.142249
7 7 -0.147242
7 8 -0.153228
7 9 -0.159712
7 10 -0.166699
7 11 -0.174323
7 12 -0.182276
7 13 -0.190499
7 14 -0.199082
7 15 -0.206654
7 16 -0.214686
7 17 -0.221658
7 18 -0.228789
7 19 -0.234609
7 20 -0.240099
7 21 -0.24445
7 22 -0.248968
7 23 -0.251932
7 24 -0.254363
7 25 -0.255857
7 26 -0.25674
7 27 -0.0319394
7 28 0
7 29 0
7 30 0
7 31 0
7 32 0
7 33 0
7 34 0
7 35 0
7 36 0
7 37 0
7 38 0
7 39 0

8 0 0
8 1 -0.0146179
8 2 -0.117501
8 3 -0.118213
8 4 -0.120382
8 5 -0.123915
8 6 -0.127949
8 7 -0.133083
8 8 -0.13855
8 9 -0.145298
8 10 -0.152403
8 11 -0.160124
8 12 -0.168284
8 13 -0.17648
8 14 -0.184488
8 15 -0.192436
8 16 -0.200601
8 17 -0.207782
8 18 -0.214518
8 19 -0.220357
8 20 -0.225851
8 21 -0.229966
8 22 -0.234123
8 23 -0.236516
8 24 -0.238331
8 25 -0.240012
8 26 -0.240461
8 27 -0.0298777
8 28 0
8 29 0
8 30 0
8 31 0
8 32 0
8 33 0
8 34 0
8 35 0
8 36 0
8 37 0
8 38 0
8 39 0

9 0 0
9 1 -0.0125692
9 2 -0.100975
9 3 -0.101912
9 4 -0.104308
9 5 -0.107383
9 6 -0.111638
9 7 -0.116967
9 8 -0.123057
9 9 -0.129292
9 10 -0.136556
9 11 -0.144381
9 12 -0.152444
9 13 -0.160475
9 14 -0.168938
9 15 -0.176973
9 16 -0.185102
9 17 -0.191964
9 18 -0.198855
9 19 -0.204257
9 20 -0.209932
9 21 -0.213706
9 22 -0.217247
9 23 -0.219376
9 24 -0.220933
9 25 -0.221516
9 26 -0.222101
9 27 -0.0276505
9 28 0
9 29 0
9 30 0
9 31 0
9 32 0
9 33 0
9 34 0
9 35 0
9 36 0
9 37 0
9 38 0
9 39 0

10 0 0
10 1 -0.0103782
10 2 -0.0835319
10 3 -0.0846283
10 4 -0.0867259
10 5 -0.0902401
10 6 -0.094321
10 7 -0.0994798
10 8 -0.105626
10 9 -0.112239
10 10 -0.119434
10 11 -0.126932
10 12 -0.135165
10 13 -0.143535
10 14 -0.152005
10 15 -0.16002
10 16 -0.167872
10 17 -0.174964
10 18 -0.181555
10 19 -0.187369
10 20 -0.191965
10 21 -0.195897
10 22 -0.19872
10 23 -0.200646
10 24 -0.201228
10 25 -0.201497
10 26 -0.201313
10 27 -0.0250277
10 28 0
10 29 0
10 30 0
10 31 0
10 32 0
10 33 0
10 34 0
10 35 0
10 36 0
10 37 0
10 38 0
10 39 0

11 0 0
11 1 -0.0081138
11 2 -0.0652099
11 3 -0.066201
11 4 -0.0684076
11 5 -0.0715011
11 6 -0.0759589
11 7 -0.0814772
11 8 -0.0873461
11 9 -0.0941311
11 10 -0.101613
11 11 -0.109505
11 12 -0.117231
11 13 -0.125661
11 14 -0.133681
11 15 -0.142008
11 16 -0.149794
11 17 -0.156918
11 18 -0.163472
11 19 -0.16887
11 20 -0.173957
11 21 -0.177398
11 22 -0.179851
11 23 -0.180681
11 24 -0.180591
11 25 -0.179302
11 26 -0.178246
11 27 -0.0221834
11 28 0
11 29 0
11 30 0
11 31 0
11 32 0
11 33 0
11 34 0
11 35 0
11 36 0
11 37 0
11 38 0
11 39 0

12 0 0
12 1 -0.00575218
12 2 -0.0462202
12 3 -0.0472527
12 4 -0.0490198
12 5 -0.052811
12 6 -0.0568756
12 7 -0.0622557
12 8 -0.0685213
12 9 -0.0753762
12 10 -0.0828049
12 11 -0.0904491
12 12 -0.0984995
12 13 -0.106822
12 14 -0.115238
12 15 -0.123254
12 16 -0.131344
12 17 -0.138277
12 18 -0.144555
12 19 -0.150056
12 20 -0.154563
12 21 -0.157977
12 22 -0.159626
12 23 -0.159935
12 24 -0.158897
12 25 -0.155623
12 26 -0.151855
12 27 -0.0306957
12 28 -0.00968931
12 29 -0.00808541
12 30 -0.00682018
12 31 -0.00592791
12 32 -0.00539046
12 33 0
12 34 0
12 35 0
12 36 0
12 37 0
12 38 0
12 39 0

13 0 0
13 1 -0.00331508
13 2 -0.0266569
13 3 -0.0278027
13 4 -0.0300252
13 5 -0.0331525
13 6 -0.0375905
13 7 -0.0428383
13 8 -0.0490891
13 9 -0.0561196
13 10 -0.0636285
13 11 -0.0712805
13 12 -0.0794642
13 13 -0.08764
13 14 -0.0961232
13 15 -0.104386
13 16 -0.111994
13 17 -0.119242
13 18 -0.125904
13 19 -0.1313
13 20 -0.135653
13 21 -0.138581
13 22 -0.140022
13 23 -0.139653
13 24 -0.137155
13 25 -0.131117
13 26 -0.120135
13 27 -0.0949564
13 28 -0.0778693
13 29 -0.0649206
13 30 -0.0549891
13 31 -0.0476664
13 32 -0.0434078
13 33 -0.00949685
13 34 -0.00373232
13 35 0
13 36 0
13 37 0
13 38 0
13 39 0

14 0 0
14 1 -0.000881545
14 2 -0.00699872
14 3 -0.00808034
14 4 -0.0106695
14 5 -0.01351
14 6 -0.0182612
14 7 -0.0232162
14 8 -0.0298019
14 9 -0.0367188
14 10 -0.0442265
14 11 -0.0521423
14 12 -0.060379
14 13 -0.0685786
14 14 -0.0770227
14 15 -0.0852304
14 16 -0.0930999
14 17 -0.100023
14 18 -0.106717
14 19 -0.112327
14 20 -0.116468
14 21 -0.119615
14 22 -0.120643
14 23 -0.120399
14 24 -0.116817
14 25 -0.110949
14 26 -0.101084
14 27 -0.0863771
14 28 -0.0731198
14 29 -0.0617229
14 30 -0.0527643
14 31 -0.0453132
14 32 -0.0396609
14 33 -0.0331917
14 34 -0.0299505
14 35 -0.0066808
14 36 0
14 37 0
14 38 0
14 39 0

15 0 0
15 1 0.00155663
15 2 0.0124325
15 3 0.0112484
15 4 0.00898496
15 5 0.00567067
15 6 0.00101844
15 7 -0.00396692
15 8 -0.0105635
15 9 -0.0174636
15 10 -0.0250972
15 11 -0.0329976
15 12 -0.0412367
15 13 -0.0497034
15 14 -0.0582626
15 15 -0.0662196
15 16 -0.0743108
15 17 -0.0815721
15 18 -0.0881217
15 19 -0.0938414
15 20 -0.0982217
15 21 -0.101319
15 22 -0.102614
15 23 -0.101878
15 24 -0.0992219
15 25 -0.0938925
15 26 -0.0862176
15 27 -0.0760445
15 28 -0.0659488
15 29 -0.057031
15 30 -0.0488481
15 31 -0.0421867
15 32 -0.0360219
15 33 -0.0310305
15 34 -0.0270558
15 35 -0.0237634
15 36 -0.00525981
15 37 0
15 38 0
15 39 0

16 0 0
16 1 0.00390787
16 2 0.0314748
16 3 0.030398
16 4 0.0277916
16 5 0.0247456
16 6 0.020335
16 7 0.0146438
16 8 0.00849702
16 9 0.00120601
16 10 -0.00651863
16 11 -0.0143194
16 12 -0.0226975
16 13 -0.0309593
16 14 -0.0398226
16 15 -0.0481558
16 16 -0.0560358
16 17 -0.0636261
16 18 -0.0703296
16 19 -0.0759818
16 20 -0.0805122
16 21 -0.0836113
16 22 -0.0853338
16 23 -0.0850607
16 24 -0.0831528
16 25 -0.0792492
16 26 -0.0734237
16 27 -0.0661116
16 28 -0.0584029
16 29 -0.0508924
16 30 -0.0442778
16 31 -0.0380905
16 32 -0.0331319
16 33 -0.0283912
16 34 -0.0247523
16 35 -0.0214285
16 36 -0.0186136
16 37 -0.004182
16 38 0
16 39 0

17 0 0
17 1 0.00617375
17 2 0.0497141
17 3 0.0486095
17 4 0.0460951
17 5 0.0426852
17 6 0.0378965
17 7 0.0324541
17 8 0.0263873
17 9 0.0191482
17 10 0.0114751
17 11 0.00356765
17 12 -0.0050203
17 13 -0.0138064
17 14 -0.0224085
17 15 -0.0308712
17 16 -0.0388928
17 17 -0.0466712
17 18 -0.0534564
17 19 -0.0595065
17 20 -0.0642783
17 21 -0.0678929
17 22 -0.0694928
17 23 -0.0701913
17 24 -0.0688996
17 25 -0.0660525
17 26 -0.0617178
17 27 -0.0564536
17 28 -0.0506147
17 29 -0.0446391
17 30 -0.0391815
17 31 -0.0343385
17 32 -0.0296135
17 33 -0.0253946
17 34 -0.0219372
17 35 -0.0189234
17 36 -0.0166101
17 37 -0.0149966
17 38 -0.00187067
17 39 0

18 0 0
18 1 0.00831424
18 2 0.0668004
18 3 0.0655946
18 4 0.0630493
18 5 0.0594158
18 6 0.0548943
18 7 0.0495117
18 8 0.0431085
18 9 0.0359809
18 10 0.0281743
18 11 0.0202975
18 12 0.0114648
18 13 0.00270474
18 14 -0.00662711
18 15 -0.0148079
18 16 -0.0234521
18 17 -0.0309375
18 18 -0.0378623
18 19 -0.0444626
18 20 -0.0495
18 21 -0.0531614
18 22 -0.0556307
18 23 -0.0568298
18 24 -0.0560127
18 25 -0.0544603
18 26 -0.0511742
18 27 -0.0475523
18 28 -0.043146
18 29 -0.0386274
18 30 -0.0343328
18 31 -0.0297966
18 32 -0.0259773
18 33 -0.022627
18 34 -0.0194692
18 35 -0.0171994
18 36 -0.0149814
18 37 -0.0140229
18 38 -0.00176225
18 39 0

19 0 0
19 1 0.0102257
19 2 0.0824459
19 3 0.0814391
19 4 0.0786021
19 5 0.0754362
19 6 0.0706619
19 7 0.0650969
19 8 0.0588237
19 9 0.0513842
19 10 0.0436925
19 11 0.0352854
19 12 0.0268395
19 13 0.0178141
19 14 0.00895507
19 15 -0.000172703
19 16 -0.00868205
19 17 -0.0165407
19 18 -0.023621
19 19 -0.0303427
19 20 -0.0357696
19 21 -0.0401188
19 22 -0.0429321
19 23 -0.0448662
19 24 -0.0447298
19 25 -0.0440902
19 26 -0.0424822
19 27 -0.0396816
19 28 -0.0361467
19 29 -0.0329596
19 30 -0.0291832
19 31 -0.0262571
19 32 -0.0225031
19 33 -0.0200792
19 34 -0.0172717
19 35 -0.0150814
19 36 -0.0136179
19 37 -0.012857
19 38 -0.00158651
19 39 0

20 0 0
20 1 0.0120149
20 2 0.0965871
20 3 0.0952654
20 4 0.0927098
20 5 0.0891987
20 6 0.0846211
20 7 0.0789924
20 8 0.072486
20 9 0.0652504
20 10 0.0573594
20 11 0.0489214
20 12 0.0404817
20 13 0.0311282
20 14 0.0220895
20 15 0.0130038
20 16 0.00437488
20 17 -0.00378713
20 18 -0.0114501
20 19 -0.0183572
20 20 -0.0236269
20 21 -0.0285577
20 22 -0.0317149
20 23 -0.0340536
20 24 -0.0349197
20 25 -0.0345831
20 26 -0.0339275
20 27 -0.0321084
20 28 -0.030474
20 29 -0.0276285
20 30 -0.0249378
20 31 -0.0224142
20 32 -0.0196712
20 33 -0.0172343
20 34 -0.0153379
20 35 -0.013762
20 36 -0.0124806
20 37 -0.0118328
20 38 -0.00146791
20 39 0

21 0 0
21 1 0.0135384
21 2 0.108902
21 3 0.107608
21 4 0.10491
21 5 0.101268
21 6 0.0962274
21 7 0.0911161
21 8 0.0846402
21 9 0.076808
21 10 0.06943
21 11 0.0607936
21 12 0.0520434
21 13 0.0427832
21 14 0.0337309
21 15 0.0243354
21 16 0.0153215
21 17 0.00672344
21 18 -0.000868781
21 19 -0.00765604
21 20 -0.0136702
21 21 -0.018673
21 22 -0.0223467
21 23 -0.0249507
21 24 -0.0266292
21 25 -0.0272951
21 26 -0.0271676
21 27 -0.0261708
21 28 -0.0250384
21 29 -0.0230027
21 30 -0.0208946
21 31 -0.0192723
21 32 -0.0168996
21 33 -0.0151395
21 34 -0.0137532
21 35 -0.0123822
21 36 -0.0113269
21 37 -0.0109009
21 38 -0.00136483
21 39 0

22 0 0
22 1 0.0148421
22 2 0.119296
22 3 0.117697
22 4 0.11492
22 5 0.111169
22 6 0.1063
22 7 0.100534
22 8 0.0941159
22 9 0.0868181
22 10 0.0789828
22 11 0.0702769
22 12 0.0610583
22 13 0.0522455
22 14 0.0427844
22 15 0.0333407
22 16 0.024282
22 17 0.0156623
22 18 0.00762534
22 19 0.000599299
22 20 -0.00539404
22 21 -0.010478
22 22 -0.0145546
22 23 -0.0177911
22 24 -0.0198221
22 25 -0.020928
22 26 -0.0217266
22 27 -0.0215624
22 28 -0.0211026
22 29 -0.0197127
22 30 -0.0183116
22 31 -0.0168154
22 32 -0.0152581
22 33 -0.0140559
22 34 -0.0125049
22 35 -0.0112164
22 36 -0.0102825
22 37 -0.0100599
22 38 -0.00127096
22 39 0

23 0 0
23 1 0.0158287
23 2 0.127171
23 3 0.125546
23 4 0.122547
23 5 0.119055
23 6 0.113874
23 7 0.108311
23 8 0.10161
23 9 0.0940115
23 10 0.0861724
23 11 0.0775445
23 12 0.0686133
23 13 0.059235
23 14 0.0499483
23 15 0.0404506
23 16 0.0311525
23 17 0.0226269
23 18 0.0141022
23 19 0.00666975
23 20 0.000384723
23 21 -0.0048125
23 22 -0.00931284
23 23 -0.0126184
23 24 -0.015143
23 25 -0.0168794
23 26 -0.0179557
23 27 -0.0181109
23 28 -0.0179472
23 29 -0.0173185
23 30 -0.0161396
23 31 -0.0151588
23 32 -0.0139913
23 33 -0.012627
23 34 -0.0114982
23 35 -0.0104166
23 36 -0.00994624
23 37 -0.00954316
23 38 -0.00118188
23 39 0

24 0 0
24 1 0.0164719
24 2 0.132412
24 3 0.130988
24 4 0.127977
24 5 0.124514
24 6 0.119253
24 7 0.113388
24 8 0.106858
24 9 0.0990764
24 10 0.0909954
24 11 0.082246
24 12 0.073078
24 13 0.0642288
24 14 0.0545291
24 15 0.0450107
24 16 0.0358815
24 17 0.026551
24 18 0.0183532
24 19 0.0108594
24 20 0.00439308
24 21 -0.00115242
24 22 -0.00599498
24 23 -0.00943788
24 24 -0.0122287
24 25 -0.013911
24 26 -0.0154883
24 27 -0.0160287
24 28 -0.0160383
24 29 -0.0158088
24 30 -0.0152978
24 31 -0.0142341
24 32 -0.0134746
24 33 -0.0123903
24 34 -0.0112678
24 35 -0.010785
24 36 -0.0099618
24 37 -0.00960749
24 38 -0.00119603
24 39 0

25 0 0
25 1 0.0167888
25 2 0.134998
25 3 0.133738
25 4 0.130621
25 5 0.126946
25 6 0.121373
25 7 0.11587
25 8 0.10938
25 9 0.101402
25 10 0.0935749
25 11 0.0847136
25 12 0.0757248
25 13 0.0662339
25 14 0.0566079
25 15 0.0468097
25 16 0.0375852
25 17 0.0286243
25 18 0.0204951
25 19 0.0126663
25 20 0.00607429
25 21 0.000518598
25 22 -0.00432157
25 23 -0.00784292
25 24 -0.0110374
25 25 -0.0128057
25 26 -0.0145643
25 27 -0.0152793
25 28 -0.0156104
25 29 -0.0156718
25 30 -0.0147698
25 31 -0.0143695
25 32 -0.0133552
25 33 -0.0128888
25 34 -0.0116821
25 35 -0.0111121
25 36 -0.0105612
25 37 -0.010249
25 38 -0.00128299
25 39 0

26 0 0
26 1 0.0167695
26 2 0.134993
26 3 0.13378
26 4 0.130732
26 5 0.126859
26 6 0.121923
26 7 0.115923
26 8 0.109169
26 9 0.101442
26 10 0.0933837
26 11 0.0845254
26 12 0.0752522
26 13 0.0660389
26 14 0.056316
26 15 0.0465598
26 16 0.0374153
26 17 0.0282932
26 18 0.0197323
26 19 0.0124184
26 20 0.00523076
26 21 -0.000303169
26 22 -0.00506233
26 23 -0.00860641
26 24 -0.0116434
26 25 -0.0135816
26 26 -0.0153633
26 27 -0.0159755
26 28 -0.0165206
26 29 -0.0163714
26 30 -0.0161151
26 31 -0.0151319
26 32 -0.0148243
26 33 -0.0138398
26 34 -0.0132356
26 35 -0.0121997
26 36 -0.0115568
26 37 -0.0111269
26 38 -0.00137184
26 39 0

27 0 0
27 1 0.0164399
27 2 0.13219
27 3 0.130927
27 4 0.127949
27 5 0.124161
27 6 0.118737
27 7 0.113216
27 8 0.106467
27 9 0.098502
27 10 0.0905009
27 11 0.0814893
27 12 0.0724965
27 13 0.0628438
27 14 0.0535676
27 15 0.0437748
27 16 0.0344555
27 17 0.0256693
27 18 0.0171872
27 19 0.00962039
27 20 0.0029597
27 21 -0.00275734
27 22 -0.0077161
27 23 -0.0115433
27 24 -0.0140548
27 25 -0.0162152
27 26 -0.0172522
27 27 -0.0182544
27 28 -0.0183801
27 29 -0.018472
27 30 -0.0179716
27 31 -0.0174014
27 32 -0.0165547
27 33 -0.0156548
27 34 -0.014736
27 35 -0.0139378
27 36 -0.0128247
27 37 -0.0126575
27 38 -0.00159098
27 39 0

28 0 0
28 1 0.0157863
28 2 0.126928
28 3 0.125448
28 4 0.122451
28 5 0.11874
28 6 0.113347
28 7 0.107798
28 8 0.101135
28 9 0.0932873
28 10 0.0849257
28 11 0.0762694
28 12 0.0670683
28 13 0.0577743
28 14 0.0482696
28 15 0.0386083
28 16 0.0293814
28 17 0.0205758
28 18 0.0123086
28 19 0.00510925
28 20 -0.00166448
28 21 -0.00744594
28 22 -0.0121364
28 23 -0.0157548
28 24 -0.0181817
28 25 -0.0202901
28 26 -0.0216087
28 27 -0.0220896
28 28 -0.0219922
28 29 -0.0215406
28 30 -0.0205993
28 31 -0.019821
28 32 -0.0191852
28 33 -0.0180965
28 34 -0.0170765
28 35 -0.0158422
28 36 -0.0150592
28 37 -0.014711
28 38 -0.00182694
28 39 0

29 0 0
29 1 0.0148216
29 2 0.118969
29 3 0.117285
29 4 0.114638
29 5 0.110745
29 6 0.105627
29 7 0.100081
29 8 0.093329
29 9 0.0855062
29 10 0.0775793
29 11 0.0687428
29 12 0.0599899
29 13 0.0505954
29 14 0.0411612
29 15 0.0312692
29 16 0.0221445
29 17 0.0136282
29 18 0.00538014
29 19 -0.00205518
29 20 -0.00850535
29 21 -0.0138968
29 22 -0.0183847
29 23 -0.0217361
29 24 -0.0244044
29 25 -0.0259811
29 26 -0.0268079
29 27 -0.0266941
29 28 -0.0264532
29 29 -0.0256705
29 30 -0.0244968
29 31 -0.0234848
29 32 -0.0224462
29 33 -0.020924
29 34 -0.0198007
29 35 -0.0183456
29 36 -0.0177616
29 37 -0.017141
29 38 -0.00211703
29 39 0

30 0 0
30 1 0.0135043
30 2 0.108599
30 3 0.107142
30 4 0.104521
30 5 0.100499
30 6 0.0959898
30 7 0.0899748
30 8 0.0831195
30 9 0.0758011
30 10 0.0674353
30 11 0.0589022
30 12 0.0499777
30 13 0.0405264
30 14 0.0313455
30 15 0.0220115
30 16 0.0127274
30 17 0.00401983
30 18 -0.00369835
30 19 -0.010734
30 20 -0.0168843
30 21 -0.0222889
30 22 -0.0268857
30 23 -0.0297592
30 24 -0.0317478
30 25 -0.0328869
30 26 -0.0334083
30 27 -0.0329977
30 28 -0.0319764
30 29 -0.0307935
30 30 -0.0290728
30 31 -0.0273023
30 32 -0.0259338
30 33 -0.0241758
30 34 -0.022616
30 35 -0.0213354
30 36 -0.0203833
30 37 -0.0199757
30 38 -0.00250767
30 39 0

31 0 0
31 1 0.0119363
31 2 0.0960269
31 3 0.0946614
31 4 0.0920203
31 5 0.0884634
31 6 0.0832031
31 7 0.0776123
31 8 0.0708893
31 9 0.0629866
31 10 0.0554511
31 11 0.0469529
31 12 0.0381051
31 13 0.0287821
31 14 0.0196841
31 15 0.0102704
31 16 0.00117321
31 17 -0.00707103
31 18 -0.0148455
31 19 -0.0214907
31 20 -0.0275964
31 21 -0.0328729
31 22 -0.0364405
31 23 -0.039305
31 24 -0.0407654
31 25 -0.0416428
31 26 -0.0414162
31 27 -0.0399719
31 28 -0.0386832
31 29 -0.0367096
31 30 -0.0343553
31 31 -0.0325369
31 32 -0.0300807
31 33 -0.0276675
31 34 -0.0259662
31 35 -0.0242938
31 36 -0.023406
31 37 -0.0227725
31 38 -0.00282724
31 39 0

32 0 0
32 1 0.0101305
32 2 0.0814407
32 3 0.080231
32 4 0.0777941
32 5 0.0738613
32 6 0.0692245
32 7 0.0634636
32 8 0.0567024
32 9 0.0494559
32 10 0.0411638
32 11 0.0332355
32 12 0.0240116
32 13 0.0150896
32 14 0.00575736
32 15 -0.003185
32 16 -0.0118362
32 17 -0.0198452
32 18 -0.0275297
32 19 -0.0340543
32 20 -0.0398414
32 21 -0.0447326
32 22 -0.0481045
32 23 -0.0505189
32 24 -0.0514321
32 25 -0.0512993
32 26 -0.0500208
32 27 -0.0486179
32 28 -0.0461658
32 29 -0.0432396
32 30 -0.0403638
32 31 -0.0374312
32 32 -0.0346639
32 33 -0.0321766
32 34 -0.0294803
32 35 -0.027788
32 36 -0.0261336
32 37 -0.0255878
32 38 -0.00320123
32 39 0

33 0 0
33 1 0.00808539
33 2 0.0651052
33 3 0.0640161
33 4 0.0614674
33 5 0.057859
33 6 0.0530878
33 7 0.0475065
33 8 0.0409251
33 9 0.0338327
33 10 0.0258266
33 11 0.0175327
33 12 0.00876966
33 13 -0.000305345
33 14 -0.00921212
33 15 -0.0183132
33 16 -0.0269893
33 17 -0.0347424
33 18 -0.0418092
33 19 -0.0484137
33 20 -0.0535085
33 21 -0.0579337
33 22 -0.0611482
33 23 -0.0628296
33 24 -0.0629659
33 25 -0.0621712
33 26 -0.0603157
33 27 -0.0575407
33 28 -0.0541433
33 29 -0.0505976
33 30 -0.0468638
33 31 -0.0432846
33 32 -0.039812
33 33 -0.0365628
33 34 -0.0336719
33 35 -0.0311585
33 36 -0.0297791
33 37 -0.0285012
33 38 -0.00350241
33 39 0

34 0 0
34 1 0.00590445
34 2 0.0474357
34 3 0.0460768
34 4 0.0437043
34 5 0.0404915
34 6 0.0358703
34 7 0.0301672
34 8 0.0234836
34 9 0.0164946
34 10 0.00909551
34 11 0.000389132
34 12 -0.00806068
34 13 -0.0167132
34 14 -0.0258818
34 15 -0.0342379
34 16 -0.0427591
34 17 -0.050466
34 18 -0.0578165
34 19 -0.0638788
34 20 -0.0688338
34 21 -0.0729892
34 22 -0.0752349
34 23 -0.0763238
34 24 -0.0758063
34 25 -0.0739058
34 26 -0.0709185
34 27 -0.0675026
34 28 -0.0626934
34 29 -0.0577611
34 30 -0.0534162
34 31 -0.0489854
34 32 -0.0447074
34 33 -0.041071
34 34 -0.0376672
34 35 -0.0348548
34 36 -0.0323784
34 37 -0.0311969
34 38 -0.00391024
34 39 0

35 0 0
35 1 0.00352844
35 2 0.0285105
35 3 0.0275326
35 4 0.0249847
35 5 0.0216322
35 6 0.0170297
35 7 0.0119611
35 8 0.00532483
35 9 -0.00170864
35 10 -0.00944215
35 11 -0.0177568
35 12 -0.0259044
35 13 -0.0347105
35 14 -0.043293
35 15 -0.052082
35 16 -0.0602485
35 17 -0.0678502
35 18 -0.0743181
35 19 -0.0805949
35 20 -0.0852423
35 21 -0.0883327
35 22 -0.0907583
35 23 -0.091162
35 24 -0.0898755
35 25 -0.0873601
35 26 -0.0830109
35 27 -0.0775518
35 28 -0.0717355
35 29 -0.0658372
35 30 -0.0598938
35 31 -0.0546995
35 32 -0.0498113
35 33 -0.0454675
35 34 -0.0417112
35 35 -0.0382375
35 36 -0.0353614
35 37 -0.0330345
35 38 -0.00411056
35 39 0

36 0 0
36 1 0.00112941
36 2 0.00912961
36 3 0.00801459
36 4 0.00566152
36 5 0.00226869
36 6 -0.00218603
36 7 -0.00749717
36 8 -0.013834
36 9 -0.0212612
36 10 -0.028578
36 11 -0.0365517
36 12 -0.0447278
36 13 -0.0528395
36 14 -0.0618608
36 15 -0.0702523
36 16 -0.0782167
36 17 -0.0856423
36 18 -0.0924777
36 19 -0.0977434
36 20 -0.10233
36 21 -0.105704
36 22 -0.107397
36 23 -0.107593
36 24 -0.105292
36 25 -0.101527
36 26 -0.0956039
36 27 -0.0885106
36 28 -0.0805779
36 29 -0.0726978
36 30 -0.066239
36 31 -0.0598106
36 32 -0.0543648
36 33 -0.0497291
36 34 -0.0454943
36 35 -0.0417097
36 36 -0.038304
36 37 -0.00886846
36 38 0
36 39 0

37 0 0
37 1 -0.00131524
37 2 -0.0106019
37 3 -0.0117334
37 4 -0.0142019
37 5 -0.0173023
37 6 -0.0218286
37 7 -0.0273591
37 8 -0.0334147
37 9 -0.0402927
37 10 -0.0478682
37 11 -0.0555505
37 12 -0.063848
37 13 -0.0722514
37 14 -0.0808022
37 15 -0.0892906
37 16 -0.0971727
37 17 -0.10449
37 18 -0.110786
37 19 -0.116578
37 20 -0.120917
37 21 -0.123718
37 22 -0.12505
37 23 -0.124277
37 24 -0.121622
37 25 -0.116457
37 26 -0.109063
37 27 -0.0989912
37 28 -0.0888019
37 29 -0.0797581
37 30 -0.0716615
37 31 -0.0649073
37 32 -0.0589441
37 33 -0.0531808
37 34 -0.0490895
37 35 -0.0452884
37 36 -0.0103864
37 37 0
37 38 0
37 39 0

38 0 0
38 1 -0.00378134
38 2 -0.0303126
38 3 -0.03136
38 4 -0.0335382
38 5 -0.037218
38 6 -0.0414031
38 7 -0.0468926
38 8 -0.0529688
38 9 -0.0594816
38 10 -0.0673192
38 11 -0.0750865
38 12 -0.0833229
38 13 -0.0917656
38 14 -0.100074
38 15 -0.108203
38 16 -0.116212
38 17 -0.123113
38 18 -0.129628
38 19 -0.134861
38 20 -0.139359
38 21 -0.142222
38 22 -0.143729
38 23 -0.142943
38 24 -0.139727
38 25 -0.134116
38 26 -0.124014
38 27 -0.109723
38 28 -0.0963808
38 29 -0.0851188
38 30 -0.0761316
38 31 -0.0684681
38 32 -0.062564
38 33 -0.0561927
38 34 -0.0524781
38 35 -0.0121411
38 36 0
38 37 0
38 38 0
38 39 0

39 0 0
39 1 -0.00618121
39 2 -0.0497123
39 3 -0.0508031
39 4 -0.0526945
39 5 -0.0564446
39 6 -0.0608731
39 7 -0.0659801
39 8 -0.0725938
39 9 -0.0792754
39 10 -0.0864379
39 11 -0.0943721
39 12 -0.102418
39 13 -0.110698
39 14 -0.119012
39 15 -0.127258
39 16 -0.134686
39 17 -0.141966
39 18 -0.148576
39 19 -0.153867
39 20 -0.158468
39 21 -0.161184
39 22 -0.162764
39 23 -0.161891
39 24 -0.159703
39 25 -0.153741
39 26 -0.142977
39 27 -0.118207
39 28 -0.101126
39 29 -0.0882315
39 30 -0.078498
39 31 -0.071374
39 32 -0.0671278
39 33 -0.0153369
39 34 -0.0065126
39 35 0
39 36 0
39 37 0
39 38 0
39 39 0

40 0 0
40 1 -0.00851912
40 2 -0.0685935
40 3 -0.069726
40 4 -0.0717129
40 5 -0.0752045
40 6 -0.079618
40 7 -0.0850394
40 8 -0.0910153
40 9 -0.0978337
40 10 -0.10528
40 11 -0.113044
40 12 -0.1212
40 13 -0.129333
40 14 -0.137542
40 15 -0.145693
40 16 -0.153364
40 17 -0.160191
40 18 -0.16674
40 19 -0.172233
40 20 -0.176806
40 21 -0.179994
40 22 -0.182068
40 23 -0.18228
40 24 -0.181133
40 25 -0.177898
40 26 -0.174263
40 27 -0.03636
40 28 -0.0125839
40 29 -0.0109705
40 30 -0.00974608
40 31 -0.00888354
40 32 -0.00835266
40 33 0
40 34 0
40 35 0
40 36 0
40 37 0
40 38 0
40 39 0

41 0 0
41 1 -0.0108137
41 2 -0.0868304
41 3 -0.0877073
41 4 -0.0899301
41 5 -0.0930752
41 6 -0.0977496
41 7 -0.102783
41 8 -0.10931
41 9 -0.115792
41 10 -0.123457
41 11 -0.130892
41 12 -0.139084
41 13 -0.147372
41 14 -0.155546
41 15 -0.163496
41 16 -0.170828
41 17 -0.17818
41 18 -0.184849
41 19 -0.189802
41 20 -0.195162
41 21 -0.198675
41 22 -0.201124
41 23 -0.201912
41 24 -0.201986
41 25 -0.200857
41 26 -0.200001
41 27 -0.0248999
41 28 0
41 29 0
41 30 0
41 31 0
41 32 0
41 33 0
41 34 0
41 35 0
41 36 0
41 37 0
41 38 0
41 39 0

42 0 0
42 1 -0.0129626
42 2 -0.10419
42 3 -0.104917
42 4 -0.107134
42 5 -0.110732
42 6 -0.114985
42 7 -0.120465
42 8 -0.126125
42 9 -0.133067
42 10 -0.140531
42 11 -0.148146
42 12 -0.156292
42 13 -0.16418
42 14 -0.172494
42 15 -0.180491
42 16 -0.188345
42 17 -0.195229
42 18 -0.201707
42 19 -0.207425
42 20 -0.21241
42 21 -0.216323
42 22 -0.219285
42 23 -0.220929
42 24 -0.222001
42 25 -0.221998
42 26 -0.222042
42 27 -0.0276272
42 28 0
42 29 0
42 30 0
42 31 0
42 32 0
42 33 0
42 34 0
42 35 0
42 36 0
42 37 0
42 38 0
42 39 0

43 0 0
43 1 -0.0149882
43 2 -0.12042
43 3 -0.121155
43 4 -0.12348
43 5 -0.126408
43 6 -0.130685
43 7 -0.135916
43 8 -0.141916
43 9 -0.149125
43 10 -0.155934
43 11 -0.163929
43 12 -0.172072
43 13 -0.180112
43 14 -0.188491
43 15 -0.196088
43 16 -0.203923
43 17 -0.210723
43 18 -0.217576
43 19 -0.22305
43 20 -0.228412
43 21 -0.232401
43 22 -0.236069
43 23 -0.238368
43 24 -0.240292
43 25 -0.240848
43 26 -0.241372
43 27 -0.0300244
43 28 0
43 29 0
43 30 0
43 31 0
43 32 0
43 33 0
43 34 0
43 35 0
43 36 0
43 37 0
43 38 0
43 39 0

44 0 0
44 1 -0.0167993
44 2 -0.135073
44 3 -0.135935
44 4 -0.137966
44 5 -0.141272
44 6 -0.145081
44 7 -0.150429
44 8 -0.155963
44 9 -0.163127
44 10 -0.170286
44 11 -0.178175
44 12 -0.186424
44 13 -0.194472
44 14 -0.202376
44 15 -0.210512
44 16 -0.218048
44 17 -0.22516
44 18 -0.231787
44 19 -0.237584
44 20 -0.242954
44 21 -0.247492
44 22 -0.251287
44 23 -0.254088
44 24 -0.256176
44 25 -0.25751
44 26 -0.258322
44 27 -0.032125
44 28 0
44 29 0
44 30 0
44 31 0
44 32 0
44 33 0
44 34 0
44 35 0
44 36 0
44 37 0
44 38 0
44 39 0

45 0 0
45 1 -0.0184229
45 2 -0.147971
45 3 -0.148743
45 4 -0.151211
45 5 -0.153971
45 6 -0.157934
45 7 -0.162879
45 8 -0.168672
45 9 -0.175198
45 10 -0.182806
45 11 -0.190319
45 12 -0.198588
45 13 -0.206451
45 14 -0.214808
45 15 -0.222428
45 16 -0.230713
45 17 -0.237226
45 18 -0.244079
45 19 -0.249799
45 20 -0.255526
45 21 -0.260189
45 22 -0.264612
45 23 -0.267424
45 24 -0.269889
45 25 -0.271734
45 26 -0.272658
45 27 -0.0338973
45 28 0
45 29 0
45 30 0
45 31 0
45 32 0
45 33 0
45 34 0
45 35 0
45 36 0
45 37 0
45 38 0
45 39 0

46 0 0
46 1 -0.0197989
46 2 -0.158929
46 3 -0.15934
46 4 -0.161558
46 5 -0.164353
46 6 -0.168268
46 7 -0.173303
46 8 -0.179203
46 9 -0.1859
46 10 -0.192968
46 11 -0.200865
46 12 -0.208752
46 13 -0.216667
46 14 -0.225252
46 15 -0.233021
46 16 -0.240401
46 17 -0.247488
46 18 -0.254456
46 19 -0.260416
46 20 -0.266066
46 21 -0.271141
46 22 -0.275354
46 23 -0.278515
46 24 -0.281133
46 25 -0.28289
46 26 -0.284381
46 27 -0.0354005
46 28 0
46 29 0
46 30 0
46 31 0
46 32 0
46 33 0
46 34 0
46 35 0
46 36 0
46 37 0
46 38 0
46 39 0

47 0 0
47 1 -0.0207891
47 2 -0.167135
47 3 -0.167933
47 4 -0.169989
47 5 -0.172855
47 6 -0.176741
47 7 -0.181895
47 8 -0.187395
47 9 -0.193983
47 10 -0.201243
47 11 -0.20896
47 12 -0.216608
47 13 -0.224832
47 14 -0.232872
47 15 -0.240632
47 16 -0.248603
47 17 -0.255251
47 18 -0.262508
47 19 -0.268349
47 20 -0.274374
47 21 -0.279396
47 22 -0.283613
47 23 -0.286964
47 24 -0.289731
47 25 -0.292051
47 26 -0.293316
47 27 -0.0364796
47 28 0
47 29 0
47 30 0
47 31 0
47 32 0
47 33 0
47 34 0
47 35 0
47 36 0
47 37 0
47 38 0
47 39 0

48 0 0
48 1 -0.0215192
48 2 -0.1729
48 3 -0.173632
48 4 -0.175543
48 5 -0.178369
48 6 -0.182591
48 7 -0.18758
48 8 -0.193122
48 9 -0.199578
48 10 -0.206661
48 11 -0.214453
48 12 -0.222344
48 13 -0.230499
48 14 -0.238482
48 15 -0.246384
48 16 -0.253941
48 17 -0.261303
48 18 -0.268266
48 19 -0.274487
48 20 -0.279953
48 21 -0.28521
48 22 -0.289485
48 23 -0.293124
48 24 -0.295965
48 25 -0.29798
48 26 -0.29947
48 27 -0.037268
48 28 0
48 29 0
48 30 0
48 31 0
48 32 0
48 33 0
48 34 0
48 35 0
48 36 0
48 37 0
48 38 0
48 39 0

49 0 0
49 1 -0.0218973
49 2 -0.175984
49 3 -0.176758
49 4 -0.17858
49 5 -0.181605
49 6 -0.185575
49 7 -0.190456
49 8 -0.196249
49 9 -0.202762
49 10 -0.209863
49 11 -0.217406
49 12 -0.225425
49 13 -0.233471
49 14 -0.241427
49 15 -0.249306
49 16 -0.256889
49 17 -0.264196
49 18 -0.270946
49 19 -0.277386
49 20 -0.283164
49 21 -0.288241
49 22 -0.29271
49 23 -0.296522
49 24 -0.299554
49 25 -0.301652
49 26 -0.302848
49 27 -0.0376727
49 28 0
49 29 0
49 30 0
49 31 0
49 32 0
49 33 0
49 34 0
49 35 0
49 36 0
49 37 0
49 38 0
49 39 0

50 0 0
50 1 0
50 2 -0.0218973
50 3 -0.0220018
50 4 -0.022213
50 5 -0.0226036
50 6 -0.0230896
50 7 -0.0236866
50 8 -0.0244292
50 9 -0.0252353
50 10 -0.0261177
50 11 -0.0270432
50 12 -0.0280503
50 13 -0.0290455
50 14 -0.0300287
50 15 -0.0310092
50 16 -0.0319571
50 17 -0.0328544
50 18 -0.0336887
50 19 -0.0344967
50 20 -0.035242
50 21 -0.0358487
50 22 -0.0364119
50 23 -0.0368861
50 24 -0.037268
50 25 -0.0375436
50 26 -0.0376727
50 27 0
50 28 0
50 29 0
50 30 0
50 31 0
50 32 0
50 33 0
50 34 0
50 35 0
50 36 0
50 37 0
50 38 0
50 39 0

51 0 0
51 1 0
51 2 0
51 3 0
51 4 0
51 5 0
51 6 0
51 7 0
51 8 0
51 9 0
51 10 0
51 11 0
51 12 0
51 13 0
51 14 0
51 15 0
51 16 0
51 17 0
51 18 0
51 19 0
51 20 0
51 21 0
51 22 0
51 23 0
51 24 0
51 25 0
51 26 0
51 27 0
51 28 0
51 29 0
51 30 0
51 31 0
51 32 0
51 33 0
51 34 0
51 35 0
51 36 0
51 37 0
51 38 0
51 39 0

