0 0 0
0 1 0
0 2 0
0 3 0
0 4 0
0 5 0
0 6 0
0 7 0
0 8 0
0 9 0
0 10 0
0 11 0
0 12 0
0 13 0
0 14 0
0 15 0
0 16 0
0 17 0
0 18 0
0 19 0
0 20 0
0 21 0
0 22 0
0 23 0
0 24 0
0 25 0
0 26 0
0 27 0
0 28 0
0 29 0
0 30 0
0 31 0
0 32 0
0 33 0
0 34 0
0 35 0
0 36 0
0 37 0
0 38 0
0 39 0

1 0 0
1 1 0
1 2 -0.0276065
1 3 -0.0276762
1 4 -0.0279296
1 5 -0.0282764
1 6 -0.0287228
1 7 -0.0293054
1 8 -0.0299725
1 9 -0.0307365
1 10 -0.0315618
1 11 -0.0324599
1 12 -0.0334659
1 13 -0.0345366
1 14 -0.0355548
1 15 -0.0366382
1 16 -0.0376572
1 17 -0.0385615
1 18 -0.0395303
1 19 -0.040392
1 20 -0.041177
1 21 -0.0419227
1 22 -0.0425373
1 23 -0.0431882
1 24 -0.0436297
1 25 -0.0439823
1 26 -0.044235
1 27 0
1 28 0
1 29 0
1 30 0
1 31 0
1 32 0
1 33 0
1 34 0
1 35 0
1 36 0
1 37 0
1 38 0
1 39 0

2 0 0
2 1 -0.0276065
2 2 -0.221769
2 3 -0.222426
2 4 -0.22433
2 5 -0.227081
2 6 -0.230717
2 7 -0.23536
2 8 -0.240764
2 9 -0.246855
2 10 -0.253633
2 11 -0.260987
2 12 -0.26904
2 13 -0.277375
2 14 -0.28574
2 15 -0.294251
2 16 -0.302395
2 17 -0.310202
2 18 -0.31757
2 19 -0.324653
2 20 -0.331154
2 21 -0.336907
2 22 -0.342227
2 23 -0.347016
2 24 -0.350782
2 25 -0.35364
2 26 -0.355428
2 27 -0.044235
2 28 0
2 29 0
2 30 0
2 31 0
2 32 0
2 33 0
2 34 0
2 35 0
2 36 0
2 37 0
2 38 0
2 39 0

3 0 0
3 1 -0.0271166
3 2 -0.217905
3 3 -0.218774
3 4 -0.220381
3 5 -0.223141
3 6 -0.22688
3 7 -0.231323
3 8 -0.236651
3 9 -0.242884
3 10 -0.249999
3 11 -0.257649
3 12 -0.26557
3 13 -0.27351
3 14 -0.28205
3 15 -0.290451
3 16 -0.29867
3 17 -0.30709
3 18 -0.314253
3 19 -0.321384
3 20 -0.328034
3 21 -0.333741
3 22 -0.3393
3 23 -0.343553
3 24 -0.347511
3 25 -0.350198
3 26 -0.351473
3 27 -0.0436995
3 28 0
3 29 0
3 30 0
3 31 0
3 32 0
3 33 0
3 34 0
3 35 0
3 36 0
3 37 0
3 38 0
3 39 0

4 0 0
4 1 -0.0262458
4 2 -0.211005
4 3 -0.211862
4 4 -0.213699
4 5 -0.216532
4 6 -0.220068
4 7 -0.224497
4 8 -0.229825
4 9 -0.236147
4 10 -0.242931
4 11 -0.250629
4 12 -0.258809
4 13 -0.266928
4 14 -0.276249
4 15 -0.2841
4 16 -0.292656
4 17 -0.300717
4 18 -0.30856
4 19 -0.315645
4 20 -0.321735
4 21 -0.327893
4 22 -0.333125
4 23 -0.337063
4 24 -0.340932
4 25 -0.343221
4 26 -0.344894
4 27 -0.0429047
4 28 0
4 29 0
4 30 0
4 31 0
4 32 0
4 33 0
4 34 0
4 35 0
4 36 0
4 37 0
4 38 0
4 39 0

5 0 0
5 1 -0.0250591
5 2 -0.201674
5 3 -0.202792
5 4 -0.204613
5 5 -0.207307
5 6 -0.21108
5 7 -0.215537
5 8 -0.221034
5 9 -0.227204
5 10 -0.234108
5 11 -0.241895
5 12 -0.249884
5 13 -0.258325
5 14 -0.26709
5 15 -0.275534
5 16 -0.284181
5 17 -0.292298
5 18 -0.299896
5 19 -0.306727
5 20 -0.313026
5 21 -0.318913
5 22 -0.324373
5 23 -0.32851
5 24 -0.331394
5 25 -0.33354
5 26 -0.335393
5 27 -0.0417598
5 28 0
5 29 0
5 30 0
5 31 0
5 32 0
5 33 0
5 34 0
5 35 0
5 36 0
5 37 0
5 38 0
5 39 0

6 0 0
6 1 -0.0237284
6 2 -0.190682
6 3 -0.191201
6 4 -0.192982
6 5 -0.196132
6 6 -0.199751
6 7 -0.204454
6 8 -0.209763
6 9 -0.216218
6 10 -0.222909
6 11 -0.230865
6 12 -0.238667
6 13 -0.247277
6 14 -0.256094
6 15 -0.264341
6 16 -0.273129
6 17 -0.28115
6 18 -0.288642
6 19 -0.295852
6 20 -0.30242
6 21 -0.308205
6 22 -0.312669
6 23 -0.316296
6 24 -0.319156
6 25 -0.321059
6 26 -0.322667
6 27 -0.0401799
6 28 0
6 29 0
6 30 0
6 31 0
6 32 0
6 33 0
6 34 0
6 35 0
6 36 0
6 37 0
6 38 0
6 39 0

7 0 0
7 1 -0.0221246
7 2 -0.177657
7 3 -0.178075
7 4 -0.17993
7 5 -0.182849
7 6 -0.186145
7 7 -0.191209
7 8 -0.196557
7 9 -0.202892
7 10 -0.209931
7 11 -0.217266
7 12 -0.225764
7 13 -0.2347
7 14 -0.243248
7 15 -0.251873
7 16 -0.259887
7 17 -0.268362
7 18 -0.275676
7 19 -0.282977
7 20 -0.289127
7 21 -0.29467
7 22 -0.29875
7 23 -0.302038
7 24 -0.304469
7 25 -0.306241
7 26 -0.307387
7 27 -0.0382532
7 28 0
7 29 0
7 30 0
7 31 0
7 32 0
7 33 0
7 34 0
7 35 0
7 36 0
7 37 0
7 38 0
7 39 0

8 0 0
8 1 -0.0202261
8 2 -0.162549
8 3 -0.163355
8 4 -0.165413
8 5 -0.16776
8 6 -0.171252
8 7 -0.176537
8 8 -0.182066
8 9 -0.188472
8 10 -0.194975
8 11 -0.203324
8 12 -0.211038
8 13 -0.220001
8 14 -0.228379
8 15 -0.237056
8 16 -0.245499
8 17 -0.253165
8 18 -0.26085
8 19 -0.267655
8 20 -0.27373
8 21 -0.279294
8 22 -0.283005
8 23 -0.286143
8 24 -0.28779
8 25 -0.289532
8 26 -0.290166
8 27 -0.0360359
8 28 0
8 29 0
8 30 0
8 31 0
8 32 0
8 33 0
8 34 0
8 35 0
8 36 0
8 37 0
8 38 0
8 39 0

9 0 0
9 1 -0.0180962
9 2 -0.145738
9 3 -0.146896
9 4 -0.148572
9 5 -0.151644
9 6 -0.155262
9 7 -0.160009
9 8 -0.165976
9 9 -0.171921
9 10 -0.179509
9 11 -0.187044
9 12 -0.195034
9 13 -0.203692
9 14 -0.212358
9 15 -0.221085
9 16 -0.229245
9 17 -0.23718
9 18 -0.244146
9 19 -0.251084
9 20 -0.256828
9 21 -0.261766
9 22 -0.265368
9 23 -0.267639
9 24 -0.26911
9 25 -0.270076
9 26 -0.271152
9 27 -0.0337729
9 28 0
9 29 0
9 30 0
9 31 0
9 32 0
9 33 0
9 34 0
9 35 0
9 36 0
9 37 0
9 38 0
9 39 0

10 0 0
10 1 -0.0158651
10 2 -0.127488
10 3 -0.128478
10 4 -0.13054
10 5 -0.133589
10 6 -0.137276
10 7 -0.142058
10 8 -0.148153
10 9 -0.155043
10 10 -0.161953
10 11 -0.169759
10 12 -0.177738
10 13 -0.186248
10 14 -0.195447
10 15 -0.203615
10 16 -0.211618
10 17 -0.220086
10 18 -0.227273
10 19 -0.23375
10 20 -0.238858
10 21 -0.243209
10 22 -0.245986
10 23 -0.248141
10 24 -0.248812
10 25 -0.249303
10 26 -0.249167
10 27 -0.0309753
10 28 0
10 29 0
10 30 0
10 31 0
10 32 0
10 33 0
10 34 0
10 35 0
10 36 0
10 37 0
10 38 0
10 39 0

11 0 0
11 1 -0.013406
11 2 -0.107971
11 3 -0.109123
11 4 -0.11112
11 5 -0.114136
11 6 -0.118168
11 7 -0.123376
11 8 -0.129534
11 9 -0.136625
11 10 -0.143633
11 11 -0.151452
11 12 -0.159638
11 13 -0.168121
11 14 -0.177084
11 15 -0.184953
11 16 -0.193395
11 17 -0.201053
11 18 -0.208742
11 19 -0.214689
11 20 -0.21945
11 21 -0.223022
11 22 -0.225532
11 23 -0.226977
11 24 -0.226778
11 25 -0.225944
11 26 -0.224516
11 27 -0.0279219
11 28 0
11 29 0
11 30 0
11 31 0
11 32 0
11 33 0
11 34 0
11 35 0
11 36 0
11 37 0
11 38 0
11 39 0

12 0 0
12 1 -0.0109227
12 2 -0.0876012
12 3 -0.0883152
12 4 -0.090816
12 5 -0.093989
12 6 -0.0980382
12 7 -0.103603
12 8 -0.110015
12 9 -0.116853
12 10 -0.124931
12 11 -0.132456
12 12 -0.140548
12 13 -0.149329
12 14 -0.157739
12 15 -0.166074
12 16 -0.173968
12 17 -0.182038
12 18 -0.188921
12 19 -0.195144
12 20 -0.199888
12 21 -0.202748
12 22 -0.20498
12 23 -0.204926
12 24 -0.203399
12 25 -0.200396
12 26 -0.196264
12 27 -0.0412816
12 28 -0.0146274
12 29 -0.0129842
12 30 -0.0118323
12 31 -0.0107754
12 32 -0.0102359
12 33 0
12 34 0
12 35 0
12 36 0
12 37 0
12 38 0
12 39 0

13 0 0
13 1 -0.00832556
13 2 -0.0666349
13 3 -0.0672582
13 4 -0.0696367
13 5 -0.0728236
13 6 -0.0777003
13 7 -0.0832177
13 8 -0.0894401
13 9 -0.096685
13 10 -0.104475
13 11 -0.113139
13 12 -0.121699
13 13 -0.129963
13 14 -0.138283
13 15 -0.146574
13 16 -0.154686
13 17 -0.162192
13 18 -0.169574
13 19 -0.175443
13 20 -0.17957
13 21 -0.18266
13 22 -0.183662
13 23 -0.183393
13 24 -0.180418
13 25 -0.174571
13 26 -0.162132
13 27 -0.135588
13 28 -0.117582
13 29 -0.104572
13 30 -0.0948109
13 31 -0.087054
13 32 -0.0824287
13 33 -0.0193561
13 34 -0.00873276
13 35 0
13 36 0
13 37 0
13 38 0
13 39 0

14 0 0
14 1 -0.00564745
14 2 -0.0452642
14 3 -0.0460869
14 4 -0.0481634
14 5 -0.0515776
14 6 -0.0567652
14 7 -0.0628118
14 8 -0.069728
14 9 -0.0764048
14 10 -0.0842413
14 11 -0.0926706
14 12 -0.101651
14 13 -0.110744
14 14 -0.119373
14 15 -0.127863
14 16 -0.135537
14 17 -0.14309
14 18 -0.150317
14 19 -0.155561
14 20 -0.159615
14 21 -0.162802
14 22 -0.163667
14 23 -0.162664
14 24 -0.1594
14 25 -0.153321
14 26 -0.142508
14 27 -0.126986
14 28 -0.11296
14 29 -0.10176
14 30 -0.0922265
14 31 -0.0847767
14 32 -0.0786601
14 33 -0.0730403
14 34 -0.0700971
14 35 -0.016719
14 36 0
14 37 0
14 38 0
14 39 0

15 0 0
15 1 -0.00298557
15 2 -0.0239788
15 3 -0.0249161
15 4 -0.0271989
15 5 -0.0310905
15 6 -0.0361635
15 7 -0.0421203
15 8 -0.0491923
15 9 -0.0564319
15 10 -0.0647838
15 11 -0.073204
15 12 -0.0820479
15 13 -0.0915759
15 14 -0.100186
15 15 -0.109071
15 16 -0.116986
15 17 -0.124602
15 18 -0.131381
15 19 -0.136383
15 20 -0.141272
15 21 -0.144296
15 22 -0.145297
15 23 -0.144604
15 24 -0.141094
15 25 -0.135501
15 26 -0.127338
15 27 -0.116563
15 28 -0.106201
15 29 -0.09637
15 30 -0.0882876
15 31 -0.0811953
15 32 -0.0756464
15 33 -0.0704052
15 34 -0.0671401
15 35 -0.0641924
15 36 -0.0152415
15 37 0
15 38 0
15 39 0

16 0 0
16 1 -0.000452237
16 2 -0.00340592
16 3 -0.00408215
16 4 -0.00645528
16 5 -0.0104071
16 6 -0.0161965
16 7 -0.0226048
16 8 -0.0292783
16 9 -0.0369719
16 10 -0.0454264
16 11 -0.0541668
16 12 -0.0633558
16 13 -0.0728549
16 14 -0.0821768
16 15 -0.0911231
16 16 -0.099377
16 17 -0.106736
16 18 -0.113248
16 19 -0.118546
16 20 -0.123227
16 21 -0.126378
16 22 -0.128223
16 23 -0.127611
16 24 -0.124786
16 25 -0.120619
16 26 -0.114256
16 27 -0.10692
16 28 -0.0988461
16 29 -0.0909002
16 30 -0.0834793
16 31 -0.0774002
16 32 -0.0722124
16 33 -0.0675283
16 34 -0.0643579
16 35 -0.0614012
16 36 -0.0583644
16 37 -0.0139752
16 38 0
16 39 0

17 0 0
17 1 0.00205093
17 2 0.0164044
17 3 0.0151357
17 4 0.0126778
17 5 0.00895603
17 6 0.00333813
17 7 -0.00303334
17 8 -0.00989085
17 9 -0.0184454
17 10 -0.0266477
17 11 -0.03629
17 12 -0.0456404
17 13 -0.0553538
17 14 -0.0647399
17 15 -0.0741968
17 16 -0.0825574
17 17 -0.0901246
17 18 -0.0965095
17 19 -0.102094
17 20 -0.107415
17 21 -0.110606
17 22 -0.112694
17 23 -0.112452
17 24 -0.11033
17 25 -0.107315
17 26 -0.102633
17 27 -0.097044
17 28 -0.0909678
17 29 -0.0845973
17 30 -0.0786199
17 31 -0.0726934
17 32 -0.0680598
17 33 -0.0640446
17 34 -0.0611952
17 35 -0.058471
17 36 -0.0560398
17 37 -0.0540807
17 38 -0.00671991
17 39 0

18 0 0
18 1 0.00432313
18 2 0.0348828
18 3 0.0338036
18 4 0.0309058
18 5 0.0271563
18 6 0.021635
18 7 0.0147717
18 8 0.00779416
18 9 -0.000548604
18 10 -0.00918925
18 11 -0.0188295
18 12 -0.0287463
18 13 -0.0386267
18 14 -0.0487835
18 15 -0.0580377
18 16 -0.0671441
18 17 -0.0751849
18 18 -0.0813848
18 19 -0.0869409
18 20 -0.0924297
18 21 -0.0960337
18 22 -0.0984537
18 23 -0.0989129
18 24 -0.0975071
18 25 -0.0956477
18 26 -0.0922045
18 27 -0.0880624
18 28 -0.0831797
18 29 -0.0779306
18 30 -0.0733472
18 31 -0.0685498
18 32 -0.0642428
18 33 -0.0609424
18 34 -0.0579202
18 35 -0.0558099
18 36 -0.0540774
18 37 -0.0530292
18 38 -0.0066081
18 39 0

19 0 0
19 1 0.00641644
19 2 0.0517473
19 3 0.050874
19 4 0.0477689
19 5 0.0437951
19 6 0.0381131
19 7 0.0317264
19 8 0.0241092
19 9 0.0156889
19 10 0.00650201
19 11 -0.00345561
19 12 -0.0137899
19 13 -0.0238941
19 14 -0.0340289
19 15 -0.0434916
19 16 -0.0528252
19 17 -0.0612083
19 18 -0.0682084
19 19 -0.0742249
19 20 -0.0790317
19 21 -0.0831501
19 22 -0.0855898
19 23 -0.0870192
19 24 -0.0868083
19 25 -0.0852854
19 26 -0.0830259
19 27 -0.0798776
19 28 -0.0757987
19 29 -0.0717928
19 30 -0.0684002
19 31 -0.0641327
19 32 -0.0604663
19 33 -0.0573223
19 34 -0.0546087
19 35 -0.0531847
19 36 -0.0518958
19 37 -0.051427
19 38 -0.00643206
19 39 0

20 0 0
20 1 0.00833489
20 2 0.0672327
20 3 0.0660725
20 4 0.0626245
20 5 0.0589277
20 6 0.0533872
20 7 0.0465319
20 8 0.038647
20 9 0.0301174
20 10 0.020738
20 11 0.0102326
20 12 0.000103385
20 13 -0.010574
20 14 -0.0213053
20 15 -0.0310372
20 16 -0.0405311
20 17 -0.0491264
20 18 -0.0566604
20 19 -0.0626841
20 20 -0.0680192
20 21 -0.0724503
20 22 -0.0753176
20 23 -0.0767518
20 24 -0.077269
20 25 -0.0769322
20 26 -0.0750242
20 27 -0.0730775
20 28 -0.0694011
20 29 -0.0667468
20 30 -0.0635436
20 31 -0.0599479
20 32 -0.0570453
20 33 -0.0543123
20 34 -0.052334
20 35 -0.0507175
20 36 -0.0496511
20 37 -0.0494724
20 38 -0.00617224
20 39 0

21 0 0
21 1 0.0100502
21 2 0.0805708
21 3 0.0788605
21 4 0.0761512
21 5 0.0720189
21 6 0.0663939
21 7 0.0595173
21 8 0.0514045
21 9 0.0426257
21 10 0.0331373
21 11 0.0226214
21 12 0.0117184
21 13 0.000625455
21 14 -0.00988992
21 15 -0.0199852
21 16 -0.0300052
21 17 -0.0386634
21 18 -0.0460598
21 19 -0.0530027
21 20 -0.0589221
21 21 -0.0632603
21 22 -0.0668467
21 23 -0.0685503
21 24 -0.0697674
21 25 -0.0694414
21 26 -0.0682002
21 27 -0.0667611
21 28 -0.0640357
21 29 -0.0616005
21 30 -0.0589009
21 31 -0.0570837
21 32 -0.0539899
21 33 -0.051867
21 34 -0.0500952
21 35 -0.0488263
21 36 -0.048004
21 37 -0.0477416
21 38 -0.00592089
21 39 0

22 0 0
22 1 0.0114125
22 2 0.0915006
22 3 0.0897021
22 4 0.0867708
22 5 0.0824113
22 6 0.076821
22 7 0.0699447
22 8 0.0625052
22 9 0.0531201
22 10 0.0434348
22 11 0.0327047
22 12 0.0216336
22 13 0.0104044
22 14 -0.000643883
22 15 -0.0112265
22 16 -0.0212422
22 17 -0.030591
22 18 -0.0384159
22 19 -0.0449495
22 20 -0.0511542
22 21 -0.055879
22 22 -0.059488
22 23 -0.0616795
22 24 -0.0633598
22 25 -0.0637281
22 26 -0.063159
22 27 -0.0619459
22 28 -0.0601537
22 29 -0.0580799
22 30 -0.0559514
22 31 -0.0538349
22 32 -0.0517107
22 33 -0.049802
22 34 -0.0484382
22 35 -0.0469116
22 36 -0.0470431
22 37 -0.0467468
22 38 -0.00581692
22 39 0

23 0 0
23 1 0.0123677
23 2 0.0996421
23 3 0.0983381
23 4 0.0953878
23 5 0.0910013
23 6 0.0852824
23 7 0.0786213
23 8 0.070063
23 9 0.0609716
23 10 0.0512218
23 11 0.040599
23 12 0.0293429
23 13 0.0178297
23 14 0.00668787
23 15 -0.00449029
23 16 -0.0143771
23 17 -0.0237038
23 18 -0.0318382
23 19 -0.039103
23 20 -0.045441
23 21 -0.050382
23 22 -0.0538521
23 23 -0.0567977
23 24 -0.0583419
23 25 -0.059302
23 26 -0.0591892
23 27 -0.0580799
23 28 -0.0569716
23 29 -0.0555808
23 30 -0.0535118
23 31 -0.0519953
23 32 -0.0498949
23 33 -0.0483498
23 34 -0.0468229
23 35 -0.0464468
23 36 -0.046134
23 37 -0.0459949
23 38 -0.00571673
23 39 0

24 0 0
24 1 0.0131105
24 2 0.105234
24 3 0.103416
24 4 0.100608
24 5 0.0963765
24 6 0.0903964
24 7 0.0837399
24 8 0.0754915
24 9 0.0660811
24 10 0.0567745
24 11 0.0456408
24 12 0.0338886
24 13 0.0224407
24 14 0.0113283
24 15 0.000430986
24 16 -0.00998885
24 17 -0.018949
24 18 -0.0273473
24 19 -0.0347588
24 20 -0.0409791
24 21 -0.0466819
24 22 -0.0508501
24 23 -0.0537477
24 24 -0.0557531
24 25 -0.056344
24 26 -0.0570814
24 27 -0.0569928
24 28 -0.0557523
24 29 -0.0543316
24 30 -0.0523172
24 31 -0.0509175
24 32 -0.0493452
24 33 -0.0480206
24 34 -0.0465751
24 35 -0.0459403
24 36 -0.0456882
24 37 -0.0455619
24 38 -0.0056592
24 39 0

25 0 0
25 1 0.0134191
25 2 0.107745
25 3 0.105964
25 4 0.103163
25 5 0.0991544
25 6 0.0933063
25 7 0.086532
25 8 0.07838
25 9 0.0686888
25 10 0.0588263
25 11 0.0473008
25 12 0.0365878
25 13 0.024824
25 14 0.0139097
25 15 0.00285779
25 16 -0.00764578
25 17 -0.01719
25 18 -0.0255058
25 19 -0.0327186
25 20 -0.0397849
25 21 -0.0452843
25 22 -0.0493187
25 23 -0.0528938
25 24 -0.05462
25 25 -0.055904
25 26 -0.0565024
25 27 -0.0566604
25 28 -0.0557617
25 29 -0.0542307
25 30 -0.0525813
25 31 -0.0509224
25 32 -0.0496961
25 33 -0.0481261
25 34 -0.0468688
25 35 -0.0466233
25 36 -0.0461488
25 37 -0.0461084
25 38 -0.00572823
25 39 0

26 0 0
26 1 0.0133483
26 2 0.107312
26 3 0.105593
26 4 0.102528
26 5 0.0987829
26 6 0.0928582
26 7 0.0862851
26 8 0.0782223
26 9 0.0686791
26 10 0.0591221
26 11 0.0476774
26 12 0.0361088
26 13 0.0248632
26 14 0.0131774
26 15 0.00286218
26 16 -0.00798077
26 17 -0.0175059
26 18 -0.0256002
26 19 -0.0333166
26 20 -0.0400804
26 21 -0.0452635
26 22 -0.0497165
26 23 -0.0524097
26 24 -0.0549315
26 25 -0.0566253
26 26 -0.0573422
26 27 -0.0575673
26 28 -0.0562593
26 29 -0.055373
26 30 -0.0537239
26 31 -0.0526105
26 32 -0.0508472
26 33 -0.0496803
26 34 -0.0482795
26 35 -0.0474528
26 36 -0.0476856
26 37 -0.0474487
26 38 -0.00589524
26 39 0

27 0 0
27 1 0.012964
27 2 0.103971
27 3 0.10211
27 4 0.0995494
27 5 0.0956808
27 6 0.0900421
27 7 0.0833226
27 8 0.0748193
27 9 0.0654208
27 10 0.0557258
27 11 0.0446984
27 12 0.0334187
27 13 0.0218514
27 14 0.010583
27 15 5.2522e-05
27 16 -0.0103806
27 17 -0.0197575
27 18 -0.0282646
27 19 -0.0353109
27 20 -0.042417
27 21 -0.0475457
27 22 -0.0519991
27 23 -0.0554339
27 24 -0.0573645
27 25 -0.0588629
27 26 -0.0599823
27 27 -0.0597124
27 28 -0.0586787
27 29 -0.0573398
27 30 -0.0558748
27 31 -0.0546116
27 32 -0.0531332
27 33 -0.0517672
27 34 -0.0506835
27 35 -0.0498165
27 36 -0.0496059
27 37 -0.0492619
27 38 -0.00611823
27 39 0

28 0 0
28 1 0.012194
28 2 0.0980006
28 3 0.0963166
28 4 0.0937339
28 5 0.089871
28 6 0.0839506
28 7 0.0771022
28 8 0.0689374
28 9 0.0600232
28 10 0.0499925
28 11 0.0390532
28 12 0.0274029
28 13 0.0167487
28 14 0.00552695
28 15 -0.00533012
28 16 -0.0156947
28 17 -0.0242818
28 18 -0.0325902
28 19 -0.0397873
28 20 -0.0460673
28 21 -0.0517606
28 22 -0.0562136
28 23 -0.0588007
28 24 -0.0615473
28 25 -0.0627925
28 26 -0.0634306
28 27 -0.0633067
28 28 -0.0619791
28 29 -0.0604847
28 30 -0.0589946
28 31 -0.05778
28 32 -0.0561906
28 33 -0.0546216
28 34 -0.0534759
28 35 -0.0518936
28 36 -0.0520885
28 37 -0.0517219
28 38 -0.00643666
28 39 0

29 0 0
29 1 0.0110639
29 2 0.0891612
29 3 0.0880598
29 4 0.085174
29 5 0.0811422
29 6 0.0752118
29 7 0.0686368
29 8 0.0597455
29 9 0.051245
29 10 0.0412962
29 11 0.0304731
29 12 0.0195406
29 13 0.00844255
29 14 -0.00238869
29 15 -0.0129895
29 16 -0.0227764
29 17 -0.0316035
29 18 -0.0391304
29 19 -0.0465051
29 20 -0.0527763
29 21 -0.0578921
29 22 -0.0622774
29 23 -0.0649827
29 24 -0.0671985
29 25 -0.0681037
29 26 -0.0681999
29 27 -0.0679876
29 28 -0.0667697
29 29 -0.0651065
29 30 -0.0630414
29 31 -0.0616813
29 32 -0.0596565
29 33 -0.057931
29 34 -0.0567922
29 35 -0.0557143
29 36 -0.0553704
29 37 -0.054807
29 38 -0.00678497
29 39 0

30 0 0
30 1 0.00971191
30 2 0.0780905
30 3 0.0768984
30 4 0.0739711
30 5 0.0695573
30 6 0.0638391
30 7 0.0568479
30 8 0.0492391
30 9 0.0403585
30 10 0.030564
30 11 0.0200011
30 12 0.009155
30 13 -0.00148914
30 14 -0.0120234
30 15 -0.0222096
30 16 -0.0319862
30 17 -0.0408176
30 18 -0.0484976
30 19 -0.0556371
30 20 -0.0610897
30 21 -0.0664344
30 22 -0.0699791
30 23 -0.072527
30 24 -0.0744341
30 25 -0.07488
30 26 -0.0746278
30 27 -0.0738323
30 28 -0.0721682
30 29 -0.0701688
30 30 -0.0679909
30 31 -0.0659257
30 32 -0.0640941
30 33 -0.0619936
30 34 -0.0604172
30 35 -0.0593813
30 36 -0.0586854
30 37 -0.0585912
30 38 -0.00730361
30 39 0

31 0 0
31 1 0.00809854
31 2 0.0649256
31 3 0.0632424
31 4 0.0604074
31 5 0.0560523
31 6 0.0505363
31 7 0.0441267
31 8 0.03607
31 9 0.0274814
31 10 0.0180459
31 11 0.0074189
31 12 -0.00279818
31 13 -0.0131969
31 14 -0.0239274
31 15 -0.0339223
31 16 -0.0430325
31 17 -0.051613
31 18 -0.0589051
31 19 -0.0657319
31 20 -0.0716416
31 21 -0.0761165
31 22 -0.0791354
31 23 -0.0814364
31 24 -0.0827975
31 25 -0.0830919
31 26 -0.082037
31 27 -0.0803089
31 28 -0.0783139
31 29 -0.0758962
31 30 -0.0737291
31 31 -0.0710021
31 32 -0.0686066
31 33 -0.0669254
31 34 -0.065172
31 35 -0.0642938
31 36 -0.0629064
31 37 -0.0625207
31 38 -0.00779379
31 39 0

32 0 0
32 1 0.0061402
32 2 0.0495207
32 3 0.048046
32 4 0.0452311
32 5 0.0408949
32 6 0.0352806
32 7 0.0292195
32 8 0.0214876
32 9 0.0124594
32 10 0.00313691
32 11 -0.00726338
32 12 -0.0171631
32 13 -0.027259
32 14 -0.0371954
32 15 -0.0466069
32 16 -0.0560766
32 17 -0.0643315
32 18 -0.0714045
32 19 -0.0779779
32 20 -0.083082
32 21 -0.0876057
32 22 -0.0904466
32 23 -0.0925327
32 24 -0.0929198
32 25 -0.092311
32 26 -0.0908969
32 27 -0.0889503
32 28 -0.0859836
32 29 -0.082782
32 30 -0.0799133
32 31 -0.0761111
32 32 -0.073793
32 33 -0.0715564
32 34 -0.0698459
32 35 -0.0685006
32 36 -0.0674889
32 37 -0.0665575
32 38 -0.00825718
32 39 0

33 0 0
33 1 0.00401222
33 2 0.0323025
33 3 0.0309608
33 4 0.0284342
33 5 0.0238268
33 6 0.0180832
33 7 0.0122514
33 8 0.0043008
33 9 -0.00379611
33 10 -0.013143
33 11 -0.0229549
33 12 -0.0326139
33 13 -0.0424871
33 14 -0.0522575
33 15 -0.0617823
33 16 -0.0701559
33 17 -0.0786687
33 18 -0.0857098
33 19 -0.0914548
33 20 -0.0967899
33 21 -0.101046
33 22 -0.103328
33 23 -0.104855
33 24 -0.10452
33 25 -0.103711
33 26 -0.100892
33 27 -0.0982215
33 28 -0.0945018
33 29 -0.0901593
33 30 -0.086515
33 31 -0.0826344
33 32 -0.0791773
33 33 -0.0767156
33 34 -0.0740984
33 35 -0.0722021
33 36 -0.0710015
33 37 -0.0704455
33 38 -0.00878747
33 39 0

34 0 0
34 1 0.00171908
34 2 0.0137139
34 3 0.0123096
34 4 0.00957136
34 5 0.00581361
34 6 0.000110212
34 7 -0.00648201
34 8 -0.0139032
34 9 -0.0220242
34 10 -0.0309018
34 11 -0.039985
34 12 -0.0498158
34 13 -0.0592086
34 14 -0.0688254
34 15 -0.0775951
34 16 -0.0861608
34 17 -0.0939474
34 18 -0.100762
34 19 -0.106537
34 20 -0.112204
34 21 -0.115709
34 22 -0.11821
34 23 -0.118533
34 24 -0.117584
34 25 -0.115887
34 26 -0.112194
34 27 -0.108338
34 28 -0.103522
34 29 -0.0980958
34 30 -0.0933315
34 31 -0.0886516
34 32 -0.0849281
34 33 -0.0810157
34 34 -0.0787676
34 35 -0.0763292
34 36 -0.0748063
34 37 -0.0735139
34 38 -0.00912916
34 39 0

35 0 0
35 1 -0.00079363
35 2 -0.00621335
35 3 -0.00721275
35 4 -0.0100381
35 5 -0.0141363
35 6 -0.019685
35 7 -0.026099
35 8 -0.032947
35 9 -0.0409787
35 10 -0.049349
35 11 -0.0584966
35 12 -0.0677086
35 13 -0.0770027
35 14 -0.0860807
35 15 -0.0948064
35 16 -0.103334
35 17 -0.110571
35 18 -0.117902
35 19 -0.123415
35 20 -0.128527
35 21 -0.132079
35 22 -0.133955
35 23 -0.134212
35 24 -0.132446
35 25 -0.12925
35 26 -0.124375
35 27 -0.118561
35 28 -0.112699
35 29 -0.106298
35 30 -0.100379
35 31 -0.0946947
35 32 -0.0898204
35 33 -0.0855908
35 34 -0.0831061
35 35 -0.080057
35 36 -0.0781019
35 37 -0.0759169
35 38 -0.00945473
35 39 0

36 0 0
36 1 -0.0033904
36 2 -0.0269412
36 3 -0.0276366
36 4 -0.0299317
36 5 -0.0343697
36 6 -0.0399165
36 7 -0.0461539
36 8 -0.0532753
36 9 -0.0605007
36 10 -0.0683977
36 11 -0.0776452
36 12 -0.0865884
36 13 -0.0956638
36 14 -0.104301
36 15 -0.112994
36 16 -0.121167
36 17 -0.128314
36 18 -0.134949
36 19 -0.141028
36 20 -0.145644
36 21 -0.149028
36 22 -0.15128
36 23 -0.150843
36 24 -0.148508
36 25 -0.144286
36 26 -0.137935
36 27 -0.13029
36 28 -0.122005
36 29 -0.114406
36 30 -0.107226
36 31 -0.100725
36 32 -0.0952908
36 33 -0.0909423
36 34 -0.0871655
36 35 -0.0837553
36 36 -0.08138
36 37 -0.019607
36 38 0
36 39 0

37 0 0
37 1 -0.00590584
37 2 -0.0477505
37 3 -0.0492543
37 4 -0.0514027
37 5 -0.0553272
37 6 -0.0602542
37 7 -0.0660513
37 8 -0.0733123
37 9 -0.0807676
37 10 -0.0882761
37 11 -0.0967919
37 12 -0.105831
37 13 -0.114569
37 14 -0.123107
37 15 -0.131442
37 16 -0.13911
37 17 -0.146758
37 18 -0.153756
37 19 -0.159396
37 20 -0.164115
37 21 -0.167194
37 22 -0.168959
37 23 -0.168789
37 24 -0.166074
37 25 -0.160546
37 26 -0.152276
37 27 -0.141774
37 28 -0.131397
37 29 -0.12159
37 30 -0.113475
37 31 -0.105879
37 32 -0.100273
37 33 -0.0945641
37 34 -0.0911981
37 35 -0.0878457
37 36 -0.0210939
37 37 0
37 38 0
37 39 0

38 0 0
38 1 -0.00860057
38 2 -0.0689167
38 3 -0.0697181
38 4 -0.0723486
38 5 -0.0758079
38 6 -0.0807025
38 7 -0.0865089
38 8 -0.0932429
38 9 -0.100313
38 10 -0.108048
38 11 -0.116616
38 12 -0.12537
38 13 -0.133807
38 14 -0.142135
38 15 -0.150522
38 16 -0.158345
38 17 -0.166282
38 18 -0.172748
38 19 -0.178426
38 20 -0.183255
38 21 -0.186386
38 22 -0.187919
38 23 -0.187852
38 24 -0.184821
38 25 -0.178665
38 26 -0.168445
38 27 -0.15281
38 28 -0.139193
38 29 -0.127657
38 30 -0.118653
38 31 -0.111028
38 32 -0.104539
38 33 -0.0978991
38 34 -0.0945346
38 35 -0.0226878
38 36 0
38 37 0
38 38 0
38 39 0

39 0 0
39 1 -0.0111663
39 2 -0.0897837
39 3 -0.0908136
39 4 -0.0936278
39 5 -0.0964867
39 6 -0.10108
39 7 -0.10664
39 8 -0.112853
39 9 -0.119973
39 10 -0.127457
39 11 -0.13583
39 12 -0.144068
39 13 -0.152475
39 14 -0.161134
39 15 -0.16983
39 16 -0.17804
39 17 -0.185655
39 18 -0.192109
39 19 -0.197777
39 20 -0.202522
39 21 -0.206272
39 22 -0.207621
39 23 -0.207719
39 24 -0.205585
39 25 -0.199602
39 26 -0.188199
39 27 -0.162068
39 28 -0.144529
39 29 -0.131362
39 30 -0.12144
39 31 -0.113934
39 32 -0.10927
39 33 -0.0257493
39 34 -0.0117462
39 35 0
39 36 0
39 37 0
39 38 0
39 39 0

40 0 0
40 1 -0.0137458
40 2 -0.110341
40 3 -0.111093
40 4 -0.113533
40 5 -0.116539
40 6 -0.120878
40 7 -0.126124
40 8 -0.132699
40 9 -0.139065
40 10 -0.146615
40 11 -0.154077
40 12 -0.162303
40 13 -0.17064
40 14 -0.179416
40 15 -0.188677
40 16 -0.196774
40 17 -0.20463
40 18 -0.211168
40 19 -0.217662
40 20 -0.221989
40 21 -0.225479
40 22 -0.227579
40 23 -0.228382
40 24 -0.22735
40 25 -0.224838
40 26 -0.220666
40 27 -0.0475922
40 28 -0.0179854
40 29 -0.016332
40 30 -0.0151027
40 31 -0.0141401
40 32 -0.0135839
40 33 0
40 34 0
40 35 0
40 36 0
40 37 0
40 38 0
40 39 0

41 0 0
41 1 -0.0161436
41 2 -0.129994
41 3 -0.131164
41 4 -0.132939
41 5 -0.135805
41 6 -0.139508
41 7 -0.144633
41 8 -0.150962
41 9 -0.157171
41 10 -0.164824
41 11 -0.171959
41 12 -0.180442
41 13 -0.188984
41 14 -0.198172
41 15 -0.206459
41 16 -0.214661
41 17 -0.222138
41 18 -0.229355
41 19 -0.235762
41 20 -0.240301
41 21 -0.244535
41 22 -0.247511
41 23 -0.249238
41 24 -0.249327
41 25 -0.248455
41 26 -0.246905
41 27 -0.0307046
41 28 0
41 29 0
41 30 0
41 31 0
41 32 0
41 33 0
41 34 0
41 35 0
41 36 0
41 37 0
41 38 0
41 39 0

42 0 0
42 1 -0.0184945
42 2 -0.148537
42 3 -0.14932
42 4 -0.151396
42 5 -0.153802
42 6 -0.157861
42 7 -0.162791
42 8 -0.168369
42 9 -0.175101
42 10 -0.181998
42 11 -0.189325
42 12 -0.197895
42 13 -0.205731
42 14 -0.214667
42 15 -0.223562
42 16 -0.2317
42 17 -0.23904
42 18 -0.246707
42 19 -0.253164
42 20 -0.258379
42 21 -0.263186
42 22 -0.266141
42 23 -0.268943
42 24 -0.269537
42 25 -0.269862
42 26 -0.269862
42 27 -0.0335453
42 28 0
42 29 0
42 30 0
42 31 0
42 32 0
42 33 0
42 34 0
42 35 0
42 36 0
42 37 0
42 38 0
42 39 0

43 0 0
43 1 -0.0205795
43 2 -0.165577
43 3 -0.166607
43 4 -0.168026
43 5 -0.170632
43 6 -0.174363
43 7 -0.179305
43 8 -0.185187
43 9 -0.191413
43 10 -0.198254
43 11 -0.205718
43 12 -0.213987
43 13 -0.221986
43 14 -0.230901
43 15 -0.23931
43 16 -0.24758
43 17 -0.255624
43 18 -0.262352
43 19 -0.269392
43 20 -0.275082
43 21 -0.280249
43 22 -0.283836
43 23 -0.286533
43 24 -0.288668
43 25 -0.289388
43 26 -0.290428
43 27 -0.0361828
43 28 0
43 29 0
43 30 0
43 31 0
43 32 0
43 33 0
43 34 0
43 35 0
43 36 0
43 37 0
43 38 0
43 39 0

44 0 0
44 1 -0.0225198
44 2 -0.180936
44 3 -0.181794
44 4 -0.183329
44 5 -0.185836
44 6 -0.189943
44 7 -0.194107
44 8 -0.199734
44 9 -0.206562
44 10 -0.212922
44 11 -0.220865
44 12 -0.228246
44 13 -0.236511
44 14 -0.245341
44 15 -0.253495
44 16 -0.262392
44 17 -0.269968
44 18 -0.277406
44 19 -0.284627
44 20 -0.290583
44 21 -0.295986
44 22 -0.299776
44 23 -0.303319
44 24 -0.305125
44 25 -0.307008
44 26 -0.308274
44 27 -0.0383377
44 28 0
44 29 0
44 30 0
44 31 0
44 32 0
44 33 0
44 34 0
44 35 0
44 36 0
44 37 0
44 38 0
44 39 0

45 0 0
45 1 -0.0241419
45 2 -0.194347
45 3 -0.195387
45 4 -0.196463
45 5 -0.199376
45 6 -0.203087
45 7 -0.207989
45 8 -0.213299
45 9 -0.219686
45 10 -0.226463
45 11 -0.233639
45 12 -0.241567
45 13 -0.250025
45 14 -0.25815
45 15 -0.266763
45 16 -0.274887
45 17 -0.283006
45 18 -0.290361
45 19 -0.297829
45 20 -0.303803
45 21 -0.309315
45 22 -0.314024
45 23 -0.317653
45 24 -0.319855
45 25 -0.321869
45 26 -0.323448
45 27 -0.0402479
45 28 0
45 29 0
45 30 0
45 31 0
45 32 0
45 33 0
45 34 0
45 35 0
45 36 0
45 37 0
45 38 0
45 39 0

46 0 0
46 1 -0.025633
46 2 -0.205945
46 3 -0.206316
46 4 -0.207779
46 5 -0.210599
46 6 -0.214659
46 7 -0.219065
46 8 -0.224612
46 9 -0.231012
46 10 -0.237455
46 11 -0.245296
46 12 -0.252964
46 13 -0.261113
46 14 -0.269138
46 15 -0.277578
46 16 -0.286041
46 17 -0.293929
46 18 -0.30172
46 19 -0.309152
46 20 -0.314824
46 21 -0.320663
46 22 -0.325468
46 23 -0.329128
46 24 -0.332266
46 25 -0.334352
46 26 -0.33587
46 27 -0.0417866
46 28 0
46 29 0
46 30 0
46 31 0
46 32 0
46 33 0
46 34 0
46 35 0
46 36 0
46 37 0
46 38 0
46 39 0

47 0 0
47 1 -0.0267617
47 2 -0.214889
47 3 -0.215253
47 4 -0.21723
47 5 -0.219648
47 6 -0.223323
47 7 -0.228156
47 8 -0.233323
47 9 -0.239743
47 10 -0.246688
47 11 -0.25449
47 12 -0.262604
47 13 -0.270498
47 14 -0.278288
47 15 -0.28637
47 16 -0.294708
47 17 -0.302755
47 18 -0.310278
47 19 -0.317072
47 20 -0.323577
47 21 -0.329169
47 22 -0.334508
47 23 -0.338422
47 24 -0.341693
47 25 -0.34389
47 26 -0.345456
47 27 -0.0429776
47 28 0
47 29 0
47 30 0
47 31 0
47 32 0
47 33 0
47 34 0
47 35 0
47 36 0
47 37 0
47 38 0
47 39 0

48 0 0
48 1 -0.0274723
48 2 -0.220929
48 3 -0.221738
48 4 -0.223341
48 5 -0.226097
48 6 -0.230141
48 7 -0.234393
48 8 -0.240199
48 9 -0.246751
48 10 -0.253328
48 11 -0.260975
48 12 -0.268605
48 13 -0.276691
48 14 -0.285071
48 15 -0.292836
48 16 -0.300926
48 17 -0.308913
48 18 -0.316677
48 19 -0.323699
48 20 -0.33002
48 21 -0.335585
48 22 -0.34056
48 23 -0.344609
48 24 -0.348367
48 25 -0.350618
48 26 -0.352362
48 27 -0.0438704
48 28 0
48 29 0
48 30 0
48 31 0
48 32 0
48 33 0
48 34 0
48 35 0
48 36 0
48 37 0
48 38 0
48 39 0

49 0 0
49 1 -0.0278827
49 2 -0.224126
49 3 -0.225007
49 4 -0.226909
49 5 -0.229797
49 6 -0.233565
49 7 -0.23839
49 8 -0.244003
49 9 -0.25022
49 10 -0.257129
49 11 -0.264231
49 12 -0.271853
49 13 -0.279905
49 14 -0.288196
49 15 -0.296579
49 16 -0.304684
49 17 -0.312486
49 18 -0.319996
49 19 -0.326951
49 20 -0.33334
49 21 -0.339027
49 22 -0.343771
49 23 -0.348023
49 24 -0.351542
49 25 -0.354403
49 26 -0.356062
49 27 -0.0443036
49 28 0
49 29 0
49 30 0
49 31 0
49 32 0
49 33 0
49 34 0
49 35 0
49 36 0
49 37 0
49 38 0
49 39 0

50 0 0
50 1 0
50 2 -0.0278827
50 3 -0.0279832
50 4 -0.0282487
50 5 -0.0286111
50 6 -0.0290267
50 7 -0.0296945
50 8 -0.0303737
50 9 -0.0311291
50 10 -0.0320252
50 11 -0.032855
50 12 -0.0338154
50 13 -0.0348175
50 14 -0.0358437
50 15 -0.0369072
50 16 -0.0379132
50 17 -0.0388935
50 18 -0.0397988
50 19 -0.0406654
50 20 -0.0414743
50 21 -0.0421769
50 22 -0.0427475
50 23 -0.0433038
50 24 -0.0437145
50 25 -0.0441074
50 26 -0.0443036
50 27 0
50 28 0
50 29 0
50 30 0
50 31 0
50 32 0
50 33 0
50 34 0
50 35 0
50 36 0
50 37 0
50 38 0
50 39 0

51 0 0
51 1 0
51 2 0
51 3 0
51 4 0
51 5 0
51 6 0
51 7 0
51 8 0
51 9 0
51 10 0
51 11 0
51 12 0
51 13 0
51 14 0
51 15 0
51 16 0
51 17 0
51 18 0
51 19 0
51 20 0
51 21 0
51 22 0
51 23 0
51 24 0
51 25 0
51 26 0
51 27 0
51 28 0
51 29 0
51 30 0
51 31 0
51 32 0
51 33 0
51 34 0
51 35 0
51 36 0
51 37 0
51 38 0
51 39 0

