0 0 0
0 0.2 0
0 0.4 0
0 0.6 0
0 0.8 0
0 1 0
0 1.2 0
0 1.4 0
0 1.6 0
0 1.8 0
0 2 0
0 2.2 0
0 2.4 0
0 2.6 0
0 2.8 0
0 3 0
0 3.2 0
0 3.4 0
0 3.6 0
0 3.8 0
0 4 0
0 4.2 0
0 4.4 0
0 4.6 0
0 4.8 0
0 5 0
0 5.2 0
0 5.4 0
0 5.6 0
0 5.8 0
0 6 0
0 6.2 0
0 6.4 0
0 6.6 0
0 6.8 0
0 7 0
0 7.2 0
0 7.4 0
0 7.6 0
0 7.8 0
0 8 0
0 8.2 0
0 8.4 0

0.2 0 0
0.2 0.2 0
0.2 0.4 -0.00846488
0.2 0.6 -0.00964012
0.2 0.8 -0.0116762
0.2 1 -0.0136378
0.2 1.2 -0.0158939
0.2 1.4 -0.0198553
0.2 1.6 -0.0263913
0.2 1.8 -0.0339929
0.2 2 -0.0385127
0.2 2.2 -0.0353068
0.2 2.4 -0.0230542
0.2 2.6 -0.00566139
0.2 2.8 0.00946928
0.2 3 0.0150841
0.2 3.2 0.00850991
0.2 3.4 -0.00533646
0.2 3.6 -0.0165554
0.2 3.8 -0.0169861
0.2 4 -0.00600416
0.2 4.2 0.00883846
0.2 4.4 0.0162723
0.2 4.6 0.00841077
0.2 4.8 -0.013104
0.2 5 -0.0369618
0.2 5.2 -0.0492465
0.2 5.4 -0.0417263
0.2 5.6 -0.0177311
0.2 5.8 0.0102236
0.2 6 0.0284095
0.2 6.2 0
0.2 6.4 0
0.2 6.6 0
0.2 6.8 0
0.2 7 0
0.2 7.2 0
0.2 7.4 0
0.2 7.6 0
0.2 7.8 0
0.2 8 0
0.2 8.2 0
0.2 8.4 0

0.4 0 0
0.4 0.2 -0.00846488
0.4 0.4 -0.0621495
0.4 0.6 -0.0706654
0.4 0.8 -0.0851366
0.4 1 -0.098886
0.4 1.2 -0.114958
0.4 1.4 -0.14408
0.4 1.6 -0.191703
0.4 1.8 -0.24654
0.4 2 -0.279024
0.4 2.2 -0.255704
0.4 2.4 -0.167288
0.4 2.6 -0.0411508
0.4 2.8 0.0683844
0.4 3 0.108302
0.4 3.2 0.0604716
0.4 3.4 -0.0391054
0.4 3.6 -0.119912
0.4 3.8 -0.123317
0.4 4 -0.0432656
0.4 4.2 0.0643034
0.4 4.4 0.117837
0.4 4.6 0.0604756
0.4 4.8 -0.0950768
0.4 5 -0.267917
0.4 5.2 -0.356402
0.4 5.4 -0.302085
0.4 5.6 -0.128323
0.4 5.8 0.073836
0.4 6 0.205328
0.4 6.2 0.0340529
0.4 6.4 0
0.4 6.6 0
0.4 6.8 0
0.4 7 0
0.4 7.2 0
0.4 7.4 0
0.4 7.6 0
0.4 7.8 0
0.4 8 0
0.4 8.2 0
0.4 8.4 0

0.6 0 0
0.6 0.2 0.0207962
0.6 0.4 0.149831
0.6 0.6 0.114851
0.6 0.8 0.0740892
0.6 1 0.0385046
0.6 1.2 0.00925029
0.6 1.4 -0.0215034
0.6 1.6 -0.0617381
0.6 1.8 -0.105835
0.6 2 -0.135724
0.6 2.2 -0.129721
0.6 2.4 -0.078563
0.6 2.6 0.00274706
0.6 2.8 0.0766618
0.6 3 0.10557
0.6 3.2 0.078862
0.6 3.4 0.0230748
0.6 3.6 -0.0149661
0.6 3.8 0.00260731
0.6 4 0.0744726
0.6 4.2 0.152199
0.6 4.4 0.173499
0.6 4.6 0.102681
0.6 4.8 -0.0427884
0.6 5 -0.19406
0.6 5.2 -0.268717
0.6 5.4 -0.226627
0.6 5.6 -0.0958395
0.6 5.8 0.0420137
0.6 6 0.101351
0.6 6.2 0.0401103
0.6 6.4 -0.0338373
0.6 6.6 0
0.6 6.8 0
0.6 7 0
0.6 7.2 0
0.6 7.4 0
0.6 7.6 0
0.6 7.8 0
0.6 8 0
0.6 8.2 0
0.6 8.4 0

0.8 0 0
0.8 0.2 0.0532451
0.8 0.4 0.386544
0.8 0.6 0.322674
0.8 0.8 0.249773
0.8 1 0.184849
0.8 1.2 0.138391
0.8 1.4 0.10713
0.8 1.6 0.0801697
0.8 1.8 0.0551106
0.8 2 0.0305426
0.8 2.2 0.0163351
0.8 2.4 0.0207037
0.8 2.6 0.04156
0.8 2.8 0.0679814
0.8 3 0.0848572
0.8 3.2 0.0908799
0.8 3.4 0.0960357
0.8 3.6 0.119121
0.8 3.8 0.169674
0.8 4 0.229855
0.8 4.2 0.266583
0.8 4.4 0.241746
0.8 4.6 0.148676
0.8 4.8 0.0140869
0.8 5 -0.10557
0.8 5.2 -0.155911
0.8 5.4 -0.12128
0.8 5.6 -0.0391411
0.8 5.8 0.0259627
0.8 6 0.0108717
0.8 6.2 -0.101102
0.8 6.4 -0.286325
0.8 6.6 -0.0394808
0.8 6.8 0
0.8 7 0
0.8 7.2 0
0.8 7.4 0
0.8 7.6 0
0.8 7.8 0
0.8 8 0
0.8 8.2 0
0.8 8.4 0

1 0 0
1 0.2 0.0612128
1 0.4 0.444396
1 0.6 0.37005
1 0.8 0.284913
1 1 0.208558
1 1.2 0.155564
1 1.4 0.131306
1 1.6 0.125156
1 1.8 0.124374
1 2 0.115994
1 2.2 0.0938364
1 2.4 0.0634544
1 2.6 0.0325167
1 2.8 0.0163498
1 3 0.0236277
1 3.2 0.0616292
1 3.4 0.127678
1 3.6 0.21054
1 3.8 0.288144
1 4 0.332069
1 4.2 0.320637
1 4.4 0.249469
1 4.6 0.138835
1 4.8 0.0294928
1 5 -0.0395071
1 5.2 -0.0455687
1 5.4 -0.00421775
1 5.6 0.0426984
1 5.8 0.0474612
1 6 -0.0160026
1 6.2 -0.128233
1 6.4 -0.236966
1 6.6 -0.0384645
1 6.8 0
1 7 0
1 7.2 0
1 7.4 0
1 7.6 0
1 7.8 0
1 8 0
1 8.2 0
1 8.4 0

1.2 0 0
1.2 0.2 0.0331623
1.2 0.4 0.240216
1.2 0.6 0.189471
1.2 0.8 0.127807
1.2 1 0.0683424
1.2 1.2 0.0278099
1.2 1.4 0.0150528
1.2 1.6 0.0290392
1.2 1.8 0.0567058
1.2 2 0.0732283
1.2 2.2 0.0641438
1.2 2.4 0.0242147
1.2 2.6 -0.0325282
1.2 2.8 -0.0747348
1.2 3 -0.073054
1.2 3.2 -0.0122306
1.2 3.4 0.0974253
1.2 3.6 0.219029
1.2 3.8 0.307942
1.2 4 0.326599
1.2 4.2 0.270741
1.2 4.4 0.163411
1.2 4.6 0.0519094
1.2 4.8 -0.015833
1.2 5 -0.0188572
1.2 5.2 0.032524
1.2 5.4 0.0957802
1.2 5.6 0.125202
1.2 5.8 0.0914083
1.2 6 0.00394499
1.2 6.2 -0.0889021
1.2 6.4 -0.121886
1.2 6.6 -0.0420402
1.2 6.8 0.0320232
1.2 7 0
1.2 7.2 0
1.2 7.4 0
1.2 7.6 0
1.2 7.8 0
1.2 8 0
1.2 8.2 0
1.2 8.4 0

1.4 0 0
1.4 0.2 -0.017454
1.4 0.4 -0.126431
1.4 0.6 -0.121856
1.4 0.8 -0.128996
1.4 1 -0.147207
1.4 1.2 -0.166218
1.4 1.4 -0.169771
1.4 1.6 -0.147618
1.4 1.8 -0.103481
1.4 2 -0.0577825
1.4 2.2 -0.0380972
1.4 2.4 -0.0578043
1.4 2.6 -0.1106
1.4 2.8 -0.159414
1.4 3 -0.160481
1.4 3.2 -0.0928169
1.4 3.4 0.0298696
1.4 3.6 0.160366
1.4 3.8 0.239728
1.4 4 0.228581
1.4 4.2 0.134639
1.4 4.4 0.00625342
1.4 4.6 -0.088578
1.4 4.8 -0.105201
1.4 5 -0.0382626
1.4 5.2 0.07068
1.4 5.4 0.158476
1.4 5.6 0.175888
1.4 5.8 0.116537
1.4 6 0.0188326
1.4 6.2 -0.05126
1.4 6.4 -0.0351376
1.4 6.6 0.0851937
1.4 6.8 0.273609
1.4 7 0.037797
1.4 7.2 0
1.4 7.4 0
1.4 7.6 0
1.4 7.8 0
1.4 8 0
1.4 8.2 0
1.4 8.4 0

1.6 0 0
1.6 0.2 -0.0610899
1.6 0.4 -0.443419
1.6 0.6 -0.377523
1.6 0.8 -0.317259
1.6 1 -0.281866
1.6 1.2 -0.281163
1.6 1.4 -0.292478
1.6 1.6 -0.287899
1.6 1.8 -0.24975
1.6 2 -0.187837
1.6 2.2 -0.132301
1.6 2.4 -0.115054
1.6 2.6 -0.139943
1.6 2.8 -0.177931
1.6 3 -0.184416
1.6 3.2 -0.12883
1.6 3.4 -0.0210513
1.6 3.6 0.0883687
1.6 3.8 0.141148
1.6 4 0.100068
1.6 4.2 -0.0179007
1.6 4.4 -0.149665
1.6 4.6 -0.220908
1.6 4.8 -0.190186
1.6 5 -0.0713451
1.6 5.2 0.0735267
1.6 5.4 0.168928
1.6 5.6 0.17192
1.6 5.8 0.0932484
1.6 6 -0.00964794
1.6 6.2 -0.0612987
1.6 6.4 -0.0189642
1.6 6.6 0.107194
1.6 6.8 0.244328
1.6 7 0.0699655
1.6 7.2 0
1.6 7.4 0
1.6 7.6 0
1.6 7.8 0
1.6 8 0
1.6 8.2 0
1.6 8.4 0

1.8 0 0
1.8 0.2 -0.0744149
1.8 0.4 -0.53974
1.8 0.6 -0.424542
1.8 0.8 -0.301879
1.8 1 -0.222924
1.8 1.2 -0.216203
1.8 1.4 -0.259379
1.8 1.6 -0.300798
1.8 1.8 -0.29686
1.8 2 -0.237007
1.8 2.2 -0.15492
1.8 2.4 -0.0951494
1.8 2.6 -0.0848807
1.8 2.8 -0.107363
1.8 3 -0.124532
1.8 3.2 -0.0975161
1.8 3.4 -0.0247565
1.8 3.6 0.049846
1.8 3.8 0.0740647
1.8 4 0.0119588
1.8 4.2 -0.111681
1.8 4.4 -0.234088
1.8 4.6 -0.282855
1.8 4.8 -0.224296
1.8 5 -0.0848723
1.8 5.2 0.0626769
1.8 5.4 0.138953
1.8 5.6 0.116946
1.8 5.8 0.0202267
1.8 6 -0.0801785
1.8 6.2 -0.113194
1.8 6.4 -0.0520144
1.8 6.6 0.0749294
1.8 6.8 0.19705
1.8 7 0.261809
1.8 7.2 0.0361736
1.8 7.4 0
1.8 7.6 0
1.8 7.8 0
1.8 8 0
1.8 8.2 0
1.8 8.4 0

2 0 0
2 0.2 -0.0550469
2 0.4 -0.398882
2 0.6 -0.256815
2 0.8 -0.0905559
2 1 0.0149557
2 1.2 0.0121125
2 1.4 -0.0774623
2 1.6 -0.182632
2 1.8 -0.231279
2 2 -0.193612
2 2.2 -0.0992902
2 2.4 -0.00748998
2 2.6 0.0344942
2 2.8 0.020679
2 3 -0.0111657
2 3.2 -0.0189878
2 3.4 0.01225
2 3.6 0.053261
2 3.8 0.058653
2 4 -0.00294164
2 4.2 -0.114695
2 4.4 -0.21793
2 4.6 -0.250936
2 4.8 -0.187476
2 5 -0.0624253
2 5.2 0.0517139
2 5.4 0.0908291
2 5.6 0.0365476
2 5.8 -0.071064
2 6 -0.158512
2 6.2 -0.166017
2 6.4 -0.0882356
2 6.6 0.0349076
2 6.8 0.133743
2 7 0.176199
2 7.2 0.0213303
2 7.4 0
2 7.6 0
2 7.8 0
2 8 0
2 8.2 0
2 8.4 0

2.2 0 0
2.2 0.2 -0.0221833
2.2 0.4 -0.160311
2.2 0.6 -0.0103015
2.2 0.8 0.178329
2.2 1 0.294733
2.2 1.2 0.274762
2.2 1.4 0.140259
2.2 1.6 -0.0240538
2.2 1.8 -0.123835
2.2 2 -0.113385
2.2 2.2 -0.0195667
2.2 2.4 0.0885826
2.2 2.6 0.14482
2.2 2.8 0.132653
2.2 3 0.0821961
2.2 3.2 0.0441001
2.2 3.4 0.0445272
2.2 3.6 0.0701146
2.2 3.8 0.0777438
2.2 4 0.035135
2.2 4.2 -0.0485378
2.2 4.4 -0.127937
2.2 4.6 -0.152735
2.2 4.8 -0.105841
2.2 5 -0.0176195
2.2 5.2 0.0491693
2.2 5.4 0.0447028
2.2 5.6 -0.0331038
2.2 5.8 -0.13757
2.2 6 -0.198689
2.2 6.2 -0.173807
2.2 6.4 -0.0774581
2.2 6.6 0.0359623
2.2 6.8 0.0975327
2.2 7 0.0765442
2.2 7.2 -0.021322
2.2 7.4 -0.00298971
2.2 7.6 0
2.2 7.8 0
2.2 8 0
2.2 8.2 0
2.2 8.4 0

2.4 0 0
2.4 0.2 -0.00153636
2.4 0.4 -0.0100174
2.4 0.6 0.139077
2.4 0.8 0.333345
2.4 1 0.45094
2.4 1.2 0.420197
2.4 1.4 0.259982
2.4 1.6 0.0642803
2.4 1.8 -0.0642034
2.4 2 -0.0719763
2.4 2.2 0.0171123
2.4 2.4 0.125991
2.4 2.6 0.182796
2.4 2.8 0.159921
2.4 3 0.0918704
2.4 3.2 0.0356234
2.4 3.4 0.024629
2.4 3.6 0.054856
2.4 3.8 0.0848604
2.4 4 0.0766597
2.4 4.2 0.0265191
2.4 4.4 -0.0315423
2.4 4.6 -0.0574494
2.4 4.8 -0.0313528
2.4 5 0.0179749
2.4 5.2 0.0447225
2.4 5.4 0.0136096
2.4 5.6 -0.0696656
2.4 5.8 -0.152119
2.4 6 -0.177242
2.4 6.2 -0.119454
2.4 6.4 -0.0062117
2.4 6.6 0.0972103
2.4 6.8 0.126785
2.4 7 0.0775492
2.4 7.2 -0.000477973
2.4 7.4 -0.000119603
2.4 7.6 0
2.4 7.8 0
2.4 8 0
2.4 8.2 0
2.4 8.4 0

2.6 0 0
2.6 0.2 -0.0058155
2.6 0.4 -0.0418756
2.6 0.6 0.100754
2.6 0.8 0.287428
2.6 1 0.397857
2.6 1.2 0.365037
2.6 1.4 0.209025
2.6 1.6 0.0220535
2.6 1.8 -0.0972026
2.6 2 -0.101261
2.6 2.2 -0.0156143
2.6 2.4 0.083527
2.6 2.6 0.124828
2.6 2.8 0.087781
2.6 3 0.0094177
2.6 3.2 -0.0502791
2.6 3.4 -0.0514259
2.6 3.6 -0.000325159
2.6 3.8 0.0578363
2.6 4 0.0820568
2.6 4.2 0.0586554
2.6 4.4 0.0128935
2.6 4.6 -0.0172182
2.6 4.8 -0.0100307
2.6 5 0.0159421
2.6 5.2 0.0274543
2.6 5.4 -0.004505
2.6 5.6 -0.0665551
2.6 5.8 -0.116622
2.6 6 -0.107038
2.6 6.2 -0.0255272
2.6 6.4 0.0914312
2.6 6.6 0.177177
2.6 6.8 0.179587
2.6 7 0.103691
2.6 7.2 0.0117735
2.6 7.4 -0.0233363
2.6 7.6 0
2.6 7.8 0
2.6 8 0
2.6 8.2 0
2.6 8.4 0

2.8 0 0
2.8 0.2 -0.0269336
2.8 0.4 -0.195082
2.8 0.6 -0.0660347
2.8 0.8 0.0912474
2.8 1 0.182931
2.8 1.2 0.155432
2.8 1.4 0.0325475
2.8 1.6 -0.108193
2.8 1.8 -0.18528
2.8 2 -0.166576
2.8 2.2 -0.0818087
2.8 2.4 -0.00159853
2.8 2.6 0.0169617
2.8 2.8 -0.0352707
2.8 3 -0.116699
2.8 3.2 -0.163447
2.8 3.4 -0.142772
2.8 3.6 -0.0683752
2.8 3.8 0.0113313
2.8 4 0.0511219
2.8 4.2 0.032763
2.8 4.4 -0.0160494
2.8 4.6 -0.0559379
2.8 4.8 -0.0566433
2.8 5 -0.0309472
2.8 5.2 -0.00527212
2.8 5.4 -0.00822244
2.8 5.6 -0.0356868
2.8 5.8 -0.0536742
2.8 6 -0.0281435
2.8 6.2 0.0525483
2.8 6.4 0.151651
2.8 6.6 0.21147
2.8 6.8 0.190223
2.8 7 0.0911681
2.8 7.2 -0.0445976
2.8 7.4 -0.180667
2.8 7.6 -0.0249259
2.8 7.8 0
2.8 8 0
2.8 8.2 0
2.8 8.4 0

3 0 0
3 0.2 -0.0423804
3 0.4 -0.307451
3 0.6 -0.211091
3 0.8 -0.104559
3 1 -0.048852
3 1.2 -0.0710558
3 1.4 -0.148769
3 1.6 -0.223899
3 1.8 -0.242842
3 2 -0.194472
3 2.2 -0.112772
3 2.4 -0.0571118
3 2.6 -0.0655425
3 2.8 -0.129675
3 3 -0.203009
3 3.2 -0.228412
3 3.4 -0.184775
3 3.6 -0.0947291
3 3.8 -0.0132207
3 4 0.0146586
3 4.2 -0.0227727
3 4.4 -0.0901296
3 4.6 -0.142212
3 4.8 -0.142586
3 5 -0.0972023
3 5.2 -0.0370184
3 5.4 0.00227591
3 5.6 0.0112682
3 5.8 0.00974873
3 6 0.024838
3 6.2 0.0698793
3 6.4 0.127347
3 6.6 0.155948
3 6.8 0.125851
3 7 0.0384163
3 7.2 -0.0722113
3 7.4 -0.159201
3 7.6 -0.0218421
3 7.8 0
3 8 0
3 8.2 0
3 8.4 0

3.2 0 0
3.2 0.2 -0.0335137
3.2 0.4 -0.244017
3.2 0.6 -0.202851
3.2 0.8 -0.167255
3.2 1 -0.160356
3.2 1.2 -0.184729
3.2 1.4 -0.219139
3.2 1.6 -0.229996
3.2 1.8 -0.19429
3.2 2 -0.125254
3.2 2.2 -0.058642
3.2 2.4 -0.0361336
3.2 2.6 -0.0713196
3.2 2.8 -0.139599
3.2 3 -0.195186
3.2 3.2 -0.194227
3.2 3.4 -0.133133
3.2 3.6 -0.0446906
3.2 3.8 0.0156841
3.2 4 0.00991639
3.2 4.2 -0.0632783
3.2 4.4 -0.157997
3.2 4.6 -0.221295
3.2 4.8 -0.21463
3.2 5 -0.142464
3.2 5.2 -0.0439724
3.2 5.4 0.0328268
3.2 5.6 0.0648903
3.2 5.8 0.055975
3.2 6 0.0311431
3.2 6.2 0.0182212
3.2 6.4 0.0169127
3.2 6.6 0.0161342
3.2 6.8 -0.00405679
3.2 7 -0.0449571
3.2 7.2 -0.0886066
3.2 7.4 -0.113408
3.2 7.6 -0.00237991
3.2 7.8 0
3.2 8 0
3.2 8.2 0
3.2 8.4 0

3.4 0 0
3.4 0.2 -8.39875e-05
3.4 0.4 -0.00184063
3.4 0.6 -0.0262069
3.4 0.8 -0.0652664
3.4 1 -0.109724
3.4 1.2 -0.14075
3.4 1.4 -0.141173
3.4 1.6 -0.103515
3.4 1.8 -0.0363126
3.4 2 0.031558
3.4 2.2 0.0669093
3.4 2.4 0.0524578
3.4 2.6 -0.00315283
3.4 2.8 -0.0678506
3.4 3 -0.0986508
3.4 3.2 -0.0739132
3.4 3.4 -0.0050236
3.4 3.6 0.0660402
3.4 3.8 0.0904381
3.4 4 0.0435323
3.4 4.2 -0.0622294
3.4 4.4 -0.177492
3.4 4.6 -0.243357
3.4 4.8 -0.22741
3.4 5 -0.134488
3.4 5.2 -0.0104652
3.4 5.4 0.087454
3.4 5.6 0.122198
3.4 5.8 0.0885311
3.4 6 0.0123351
3.4 6.2 -0.0685545
3.4 6.4 -0.126679
3.4 6.6 -0.151734
3.4 6.8 -0.149809
3.4 7 -0.127625
3.4 7.2 -0.0861146
3.4 7.4 -0.017006
3.4 7.6 0.0972061
3.4 7.8 0.0133275
3.4 8 0
3.4 8.2 0
3.4 8.4 0

3.6 0 0
3.6 0.2 0.0396496
3.6 0.4 0.286571
3.6 0.6 0.207931
3.6 0.8 0.112123
3.6 1 0.0324931
3.6 1.2 0.00171834
3.6 1.4 0.0263412
3.6 1.6 0.0898765
3.6 1.8 0.160339
3.6 2 0.202525
3.6 2.2 0.19571
3.6 2.4 0.144781
3.6 2.6 0.0776948
3.6 2.8 0.0293337
3.6 3 0.0259388
3.6 3.2 0.0691903
3.6 3.4 0.131641
3.6 3.6 0.174787
3.6 3.8 0.162023
3.6 4 0.0874993
3.6 4.2 -0.0288186
3.6 4.4 -0.139616
3.6 4.6 -0.19416
3.6 4.8 -0.165818
3.6 5 -0.0668703
3.6 5.2 0.0594875
3.6 5.4 0.155933
3.6 5.6 0.177788
3.6 5.8 0.11709
3.6 6 -0.00355819
3.6 6.2 -0.134062
3.6 6.4 -0.232271
3.6 6.6 -0.269673
3.6 6.8 -0.244741
3.6 7 -0.17124
3.6 7.2 -0.0717848
3.6 7.4 0.0330904
3.6 7.6 0.120967
3.6 7.8 0.0166825
3.6 8 0
3.6 8.2 0
3.6 8.4 0

3.8 0 0
3.8 0.2 0.0619661
3.8 0.4 0.449194
3.8 0.6 0.346233
3.8 0.8 0.229678
3.8 1 0.146455
3.8 1.2 0.130641
3.8 1.4 0.174851
3.8 1.6 0.246794
3.8 1.8 0.298448
3.8 2 0.298853
3.8 2.2 0.247151
3.8 2.4 0.169997
3.8 2.6 0.106557
3.8 2.8 0.0818208
3.8 3 0.105977
3.8 3.2 0.155244
3.8 3.4 0.198759
3.8 3.6 0.207044
3.8 3.8 0.168332
3.8 4 0.0917759
3.8 4.2 0.000961359
3.8 4.4 -0.0705344
3.8 4.6 -0.0932799
3.8 4.8 -0.0552455
3.8 5 0.03154
3.8 5.2 0.134085
3.8 5.4 0.206139
3.8 5.6 0.211928
3.8 5.8 0.139963
3.8 6 0.00778064
3.8 6.2 -0.138395
3.8 6.4 -0.247555
3.8 6.6 -0.284919
3.8 6.8 -0.24664
3.8 7 -0.149599
3.8 7.2 -0.0351402
3.8 7.4 0.0650006
3.8 7.6 0.128888
3.8 7.8 0.0178084
3.8 8 0
3.8 8.2 0
3.8 8.4 0

4 0 0
4 0.2 0.0543343
4 0.4 0.394957
4 0.6 0.303421
4 0.8 0.205378
4 1 0.150168
4 1.2 0.16371
4 1.4 0.227901
4 1.6 0.294629
4 1.8 0.314554
4 2 0.269673
4 2.2 0.182249
4 2.4 0.0963374
4 2.6 0.0536266
4 2.8 0.0641633
4 3 0.110465
4 3.2 0.150812
4 3.4 0.158579
4 3.6 0.126803
4 3.8 0.0732929
4 4 0.0234113
4 4.2 -0.0062142
4 4.4 -0.00796978
4 4.6 0.0149586
4 4.8 0.0576379
4 5 0.112429
4 5.2 0.16924
4 5.4 0.205262
4 5.6 0.201669
4 5.8 0.145163
4 6 0.0406027
4 6.2 -0.0781187
4 6.4 -0.168735
4 6.6 -0.196881
4 6.8 -0.154832
4 7 -0.0690497
4 7.2 0.0194216
4 7.4 0.0732144
4 7.6 0.0863225
4 7.8 -0.0129576
4 8 0
4 8.2 0
4 8.4 0

4.2 0 0
4.2 0.2 0.0238792
4.2 0.4 0.174133
4.2 0.6 0.116589
4.2 0.8 0.0601554
4.2 1 0.0504085
4.2 1.2 0.100513
4.2 1.4 0.178722
4.2 1.6 0.232471
4.2 1.8 0.217827
4.2 2 0.136661
4.2 2.2 0.0296985
4.2 2.4 -0.0422372
4.2 2.6 -0.0461516
4.2 2.8 0.0041211
4.2 3 0.0638901
4.2 3.2 0.0800547
4.2 3.4 0.0387199
4.2 3.6 -0.0371222
4.2 3.8 -0.097559
4.2 4 -0.104837
4.2 4.2 -0.0538259
4.2 4.4 0.0262337
4.2 4.6 0.0965855
4.2 4.8 0.133066
4.2 5 0.138106
4.2 5.2 0.132753
4.2 5.4 0.130766
4.2 5.6 0.128981
4.2 5.8 0.113841
4.2 6 0.0710135
4.2 6.2 0.0102128
4.2 6.4 -0.0426998
4.2 6.6 -0.0562106
4.2 6.8 -0.0241885
4.2 7 0.0321232
4.2 7.2 0.0703474
4.2 7.4 0.0545998
4.2 7.6 -0.026601
4.2 7.8 -0.181277
4.2 8 -0.0249759
4.2 8.2 0
4.2 8.4 0

4.4 0 0
4.4 0.2 -0.00882155
4.4 0.4 -0.062639
4.4 0.6 -0.0845041
4.4 0.8 -0.100413
4.4 1 -0.0708945
4.4 1.2 0.00341238
4.4 1.4 0.0878346
4.4 1.6 0.123918
4.4 1.8 0.0798807
4.4 2 -0.0261631
4.4 2.2 -0.131894
4.4 2.4 -0.1719
4.4 2.6 -0.12639
4.4 2.8 -0.0339307
4.4 3 0.0311615
4.4 3.2 0.0146317
4.4 3.4 -0.0854415
4.4 3.6 -0.209767
4.4 3.8 -0.277926
4.4 4 -0.240031
4.4 4.2 -0.109822
4.4 4.4 0.0441895
4.4 4.6 0.146494
4.4 4.8 0.159046
4.4 5 0.101066
4.4 5.2 0.0264357
4.4 5.4 -0.0112306
4.4 5.6 0.00123531
4.4 5.8 0.0423881
4.4 6 0.0748794
4.4 6.2 0.0794377
4.4 6.4 0.0660355
4.4 6.6 0.060176
4.4 6.8 0.0764744
4.4 7 0.102279
4.4 7.2 0.101297
4.4 7.4 0.045289
4.4 7.6 -0.0602782
4.4 7.8 -0.172594
4.4 8 -0.0237905
4.4 8.2 0
4.4 8.4 0

4.6 0 0
4.6 0.2 -0.0234041
4.6 0.4 -0.168937
4.6 0.6 -0.174917
4.6 0.8 -0.172859
4.6 1 -0.129925
4.6 1.2 -0.048036
4.6 1.4 0.0281023
4.6 1.6 0.044583
4.6 1.8 -0.0252388
4.6 2 -0.140911
4.6 2.2 -0.231212
4.6 2.4 -0.22988
4.6 2.6 -0.132158
4.6 2.8 -0.00125582
4.6 3 0.0676809
4.6 3.2 0.0150555
4.6 3.4 -0.141619
4.6 3.6 -0.313396
4.6 3.8 -0.390733
4.6 4 -0.318776
4.6 4.2 -0.131844
4.6 4.4 0.0686827
4.6 4.6 0.178221
4.6 4.8 0.150998
4.6 5 0.0237921
4.6 5.2 -0.114698
4.6 5.4 -0.178496
4.6 5.6 -0.145962
4.6 5.8 -0.0490302
4.6 6 0.047645
4.6 6.2 0.101728
4.6 6.4 0.108593
4.6 6.6 0.0971342
4.6 6.8 0.0963953
4.6 7 0.10539
4.6 7.2 0.0938276
4.6 7.4 0.0378696
4.6 7.6 -0.0544078
4.6 7.8 -0.139968
4.6 8 -0.0193832
4.6 8.2 0
4.6 8.4 0

4.8 0 0
4.8 0.2 -0.0131603
4.8 0.4 -0.0951429
4.8 0.6 -0.111378
4.8 0.8 -0.120352
4.8 1 -0.0889765
4.8 1.2 -0.019633
4.8 1.4 0.0403455
4.8 1.6 0.0364511
4.8 1.8 -0.0480468
4.8 2 -0.166594
4.8 2.2 -0.240619
4.8 2.4 -0.204237
4.8 2.6 -0.0638395
4.8 2.8 0.097714
4.8 3 0.171761
4.8 3.2 0.0943609
4.8 3.4 -0.102658
4.8 3.6 -0.307543
4.8 3.8 -0.394488
4.8 4 -0.307243
4.8 4.2 -0.0934986
4.8 4.4 0.120372
4.8 4.6 0.213148
4.8 4.8 0.136746
4.8 5 -0.0512183
4.8 5.2 -0.23633
4.8 5.4 -0.314247
4.8 5.6 -0.259153
4.8 5.8 -0.119111
4.8 6 0.0158285
4.8 6.2 0.084455
4.8 6.4 0.0828781
4.8 6.6 0.0493797
4.8 6.8 0.0316512
4.8 7 0.0400334
4.8 7.2 0.0485437
4.8 7.4 0.027689
4.8 7.6 -0.0258973
4.8 7.8 -0.0799643
4.8 8 -0.0110922
4.8 8.2 0
4.8 8.4 0

5 0 0
5 0.2 0.0131891
5 0.4 0.0954251
5 0.6 0.0497477
5 0.8 0.00893577
5 1 0.0122233
5 1.2 0.0607106
5 1.4 0.106158
5 1.6 0.0927261
5 1.8 0.00216096
5 2 -0.118113
5 2.2 -0.185411
5 2.4 -0.131871
5 2.6 0.0284807
5 2.8 0.208885
5 3 0.29014
5 3.2 0.207293
5 3.4 -0.00210162
5 3.6 -0.219677
5 3.8 -0.309452
5 4 -0.219944
5 4.2 -0.00616925
5 4.4 0.195305
5 4.6 0.256204
5 4.8 0.137137
5 5 -0.0913303
5 5.2 -0.297433
5 5.4 -0.370719
5 5.6 -0.291228
5 5.8 -0.127109
5 6 0.0139997
5 6.2 0.0638382
5 6.4 0.0250448
5 6.6 -0.0443246
5 6.8 -0.0788128
5 7 -0.0571625
5 7.2 -0.0092953
5 7.4 0.0201657
5 7.6 0.0136503
5 7.8 -0.00864055
5 8 0.00812354
5 8.2 0
5 8.4 0

5.2 0 0
5.2 0.2 0.0392191
5.2 0.4 0.283332
5.2 0.6 0.204985
5.2 0.8 0.129525
5.2 1 0.106216
5.2 1.2 0.139115
5.2 1.4 0.18223
5.2 1.6 0.174011
5.2 1.8 0.085841
5.2 2 -0.0381803
5.2 2.2 -0.114596
5.2 2.4 -0.0720761
5.2 2.6 0.0819401
5.2 2.8 0.263727
5.2 3 0.354716
5.2 3.2 0.288457
5.2 3.4 0.0945088
5.2 3.6 -0.10837
5.2 3.8 -0.192066
5.2 4 -0.105288
5.2 4.2 0.0930587
5.2 4.4 0.268204
5.2 4.6 0.297743
5.2 4.8 0.153297
5.2 5 -0.0852965
5.2 5.2 -0.282112
5.2 5.4 -0.333219
5.2 5.6 -0.231099
5.2 5.8 -0.0592762
5.2 6 0.0641884
5.2 6.2 0.0741261
5.2 6.4 -0.0150164
5.2 6.6 -0.122702
5.2 6.8 -0.169663
5.2 7 -0.132185
5.2 7.2 -0.0443097
5.2 7.4 0.0299647
5.2 7.6 0.0578505
5.2 7.8 0.0530063
5.2 8 0.0668929
5.2 8.2 0.00925569
5.2 8.4 0

5.4 0 0
5.4 0.2 0.0522102
5.4 0.4 0.378448
5.4 0.6 0.279262
5.4 0.8 0.178694
5.4 1 0.139536
5.4 1.2 0.172474
5.4 1.4 0.231403
5.4 1.6 0.243131
5.4 1.8 0.167643
5.4 2 0.0364408
5.4 2.2 -0.065723
5.4 2.4 -0.0615924
5.4 2.6 0.0599621
5.4 2.8 0.224675
5.4 3 0.325295
5.4 3.2 0.289369
5.4 3.4 0.13596
5.4 3.6 -0.0340219
5.4 3.8 -0.101231
5.4 4 -0.0186452
5.4 4.2 0.156206
5.4 4.4 0.303796
5.4 4.6 0.315077
5.4 4.8 0.171665
5.4 5 -0.0460235
5.4 5.2 -0.21072
5.4 5.4 -0.230709
5.4 5.6 -0.110899
5.4 5.8 0.055145
5.4 6 0.152299
5.4 6.2 0.121258
5.4 6.4 -0.00930628
5.4 6.6 -0.145069
5.4 6.8 -0.199205
5.4 7 -0.147325
5.4 7.2 -0.0353475
5.4 7.4 0.060556
5.4 7.6 0.0941216
5.4 7.8 0.079498
5.4 8 0.0604396
5.4 8.2 0.00824199
5.4 8.4 0

5.6 0 0
5.6 0.2 0.0506563
5.6 0.4 0.366372
5.6 0.6 0.256864
5.6 0.8 0.144794
5.6 1 0.103034
5.6 1.2 0.151624
5.6 1.4 0.240602
5.6 1.6 0.284362
5.6 1.8 0.227747
5.6 2 0.0898081
5.6 2.2 -0.0467695
5.6 2.4 -0.09432
5.6 2.6 -0.0236118
5.6 2.8 0.114317
5.6 3 0.219706
5.6 3.2 0.218143
5.6 3.4 0.111104
5.6 3.6 -0.0169575
5.6 3.8 -0.0674008
5.6 4 0.0047052
5.6 4.2 0.158836
5.6 4.4 0.286412
5.6 4.6 0.298228
5.6 4.8 0.177942
5.6 5 -8.1614e-05
5.6 5.2 -0.123235
5.6 5.4 -0.115613
5.6 5.6 0.00947197
5.6 5.8 0.160124
5.6 6 0.231398
5.6 6.2 0.176124
5.6 6.4 0.028591
5.6 6.6 -0.110338
5.6 6.8 -0.159819
5.6 7 -0.0994772
5.6 7.2 0.0133068
5.6 7.4 0.100825
5.6 7.6 0.114561
5.6 7.8 0.0713916
5.6 8 0.0261989
5.6 8.2 0.00358823
5.6 8.4 0

5.8 0 0
5.8 0.2 0.0395086
5.8 0.4 0.28614
5.8 0.6 0.177033
5.8 0.8 0.0631457
5.8 1 0.0257867
5.8 1.2 0.0929196
5.8 1.4 0.213595
5.8 1.6 0.292542
5.8 1.8 0.260696
5.8 2 0.122907
5.8 2.2 -0.0432731
5.8 2.4 -0.140821
5.8 2.6 -0.120903
5.8 2.8 -0.0128349
5.8 3 0.0934356
5.8 3.2 0.122382
5.8 3.4 0.0579024
5.8 3.6 -0.0395812
5.8 3.8 -0.0834312
5.8 4 -0.0267566
5.8 4.2 0.103321
5.8 4.4 0.221628
5.8 4.6 0.248132
5.8 4.8 0.165905
5.8 5 0.0332614
5.8 5.2 -0.0555646
5.8 5.4 -0.0393379
5.8 5.6 0.0706083
5.8 5.8 0.196837
5.8 6 0.251677
5.8 6.2 0.195186
5.8 6.4 0.0672094
5.8 6.6 -0.0489303
5.8 6.8 -0.082182
5.8 7 -0.0223502
5.8 7.2 0.0728809
5.8 7.4 0.129797
5.8 7.6 0.108688
5.8 7.8 0.0307604
5.8 8 -0.0394757
5.8 8.2 -0.00552395
5.8 8.4 0

6 0 0
6 0.2 0.0255424
6 0.4 0.18424
6 0.6 0.0775626
6 0.8 -0.0369961
6 1 -0.0712746
6 1.2 0.00932204
6 1.4 0.154116
6 1.6 0.265346
6 1.8 0.259889
6 2 0.133084
6 2.2 -0.0447469
6 2.4 -0.172766
6 2.6 -0.186434
6 2.8 -0.10088
6 3 0.00651421
6 3.2 0.0567763
6 3.4 0.0187868
6 3.6 -0.0648017
6 3.8 -0.118901
6 4 -0.0891053
6 4.2 0.0170035
6 4.4 0.130501
6 4.6 0.183367
6 4.8 0.145629
6 5 0.0552163
6 5.2 -0.0187958
6 5.4 -0.0214915
6 5.6 0.0492441
6 5.8 0.14016
6 6 0.186186
6 6.2 0.155204
6 6.4 0.0729633
6 6.6 0.00207565
6 6.8 -0.0093406
6 7 0.0424003
6 7.2 0.107607
6 7.4 0.127592
6 7.6 0.0731654
6 7.8 -0.0269071
6 8 -0.110852
6 8.2 -0.0153766
6 8.4 0

6.2 0 0
6.2 0.2 0.0102025
6.2 0.4 0.072495
6.2 0.6 -0.0286109
6.2 0.8 -0.141926
6.2 1 -0.178285
6.2 1.2 -0.0956017
6.2 1.4 0.0583225
6.2 1.6 0.191714
6.2 1.8 0.213166
6.2 2 0.109313
6.2 2.2 -0.0562794
6.2 2.4 -0.185362
6.2 2.6 -0.209183
6.2 2.8 -0.130649
6.2 3 -0.0176578
6.2 3.2 0.0459527
6.2 3.4 0.0202714
6.2 3.6 -0.0665777
6.2 3.8 -0.144585
6.2 4 -0.151193
6.2 4.2 -0.0720891
6.2 4.4 0.0421396
6.2 4.6 0.125942
6.2 4.8 0.133559
6.2 5 0.0752163
6.2 5.2 -0.0030201
6.2 5.4 -0.0459078
6.2 5.6 -0.0335783
6.2 5.8 0.0149542
6.2 6 0.0568431
6.2 6.2 0.0644204
6.2 6.4 0.0426313
6.2 6.6 0.0212386
6.2 6.8 0.0278278
6.2 7 0.062669
6.2 7.2 0.0949389
6.2 7.4 0.0863052
6.2 7.6 0.0226407
6.2 7.8 -0.0706357
6.2 8 -0.145378
6.2 8.2 -0.0201079
6.2 8.4 0

6.4 0 0
6.4 0.2 -0.00796517
6.4 0.4 -0.0585757
6.4 0.6 -0.148477
6.4 0.8 -0.258718
6.4 1 -0.29806
6.4 1.2 -0.223344
6.4 1.4 -0.0729853
6.4 1.6 0.0686151
6.4 1.8 0.114132
6.4 2 0.0427824
6.4 2.2 -0.0917105
6.4 2.4 -0.199965
6.4 2.6 -0.213287
6.4 2.8 -0.128172
6.4 3 -0.00701443
6.4 3.2 0.0685311
6.4 3.4 0.0474857
6.4 3.6 -0.050143
6.4 3.8 -0.156046
6.4 4 -0.200298
6.4 4.2 -0.147438
6.4 4.4 -0.0305816
6.4 4.6 0.0870142
6.4 4.8 0.140898
6.4 5 0.109361
6.4 5.2 0.021429
6.4 5.4 -0.071269
6.4 5.6 -0.123506
6.4 5.8 -0.121411
6.4 6 -0.0822996
6.4 6.2 -0.0349875
6.4 6.4 0.000752199
6.4 6.6 0.0197818
6.4 6.8 0.0309779
6.4 7 0.0376711
6.4 7.2 0.0368777
6.4 7.4 0.0167732
6.4 7.6 -0.021292
6.4 7.8 -0.0680086
6.4 8 -0.105553
6.4 8.2 -0.0146529
6.4 8.4 0

6.6 0 0
6.6 0.2 -0.0281
6.6 0.4 -0.204789
6.6 0.6 -0.277984
6.6 0.8 -0.375363
6.6 1 -0.414645
6.6 1.2 -0.35086
6.6 1.4 -0.213244
6.6 1.6 -0.0735688
6.6 1.8 -0.0117888
6.6 2 -0.0510276
6.6 2.2 -0.149402
6.6 2.4 -0.229768
6.6 2.6 -0.226637
6.6 2.8 -0.134206
6.6 3 -0.00598658
6.6 3.2 0.0799084
6.6 3.4 0.0676059
6.6 3.6 -0.0336244
6.6 3.8 -0.161179
6.6 4 -0.236051
6.6 4.2 -0.205603
6.6 4.4 -0.0843378
6.6 4.6 0.0641074
6.6 4.8 0.163394
6.6 5 0.162944
6.6 5.2 0.0705779
6.6 5.4 -0.0627657
6.6 5.6 -0.172416
6.6 5.8 -0.209824
6.6 6 -0.172192
6.6 6.2 -0.0919972
6.6 6.4 -0.0146503
6.6 6.6 0.0235167
6.6 6.8 0.0171192
6.6 7 -0.017498
6.6 7.2 -0.051491
6.6 7.4 -0.0627863
6.6 7.6 -0.0443047
6.6 7.8 -0.012311
6.6 8 0.0138794
6.6 8.2 0.00190442
6.6 8.4 0

6.8 0 0
6.8 0.2 -0.0445067
6.8 0.4 -0.323072
6.8 0.6 -0.373968
6.8 0.8 -0.451258
6.8 1 -0.483969
6.8 1.2 -0.430446
6.8 1.4 -0.309443
6.8 1.6 -0.181502
6.8 1.8 -0.112748
6.8 2 -0.12987
6.8 2.2 -0.203279
6.8 2.4 -0.26669
6.8 2.6 -0.261667
6.8 2.8 -0.174835
6.8 3 -0.0485143
6.8 3.2 0.0473626
6.8 3.4 0.0537409
6.8 3.6 -0.0349064
6.8 3.8 -0.166859
6.8 4 -0.259044
6.8 4.2 -0.248416
6.8 4.4 -0.129516
6.8 4.6 0.0435991
6.8 4.8 0.186595
6.8 5 0.22696
6.8 5.2 0.145823
6.8 5.4 -0.00731146
6.8 5.6 -0.152838
6.8 5.8 -0.21771
6.8 6 -0.181589
6.8 6.2 -0.0805106
6.8 6.4 0.0189954
6.8 6.6 0.0542889
6.8 6.8 0.00950013
6.8 7 -0.0786557
6.8 7.2 -0.145926
6.8 7.4 -0.141814
6.8 7.6 -0.0537731
6.8 7.8 0.0741486
6.8 8 0.176174
6.8 8.2 0.0243854
6.8 8.4 0

7 0 0
7 0.2 -0.0480489
7 0.4 -0.348024
7 0.6 -0.378699
7 0.8 -0.432846
7 1 -0.455634
7 1.2 -0.409952
7 1.4 -0.308423
7 1.6 -0.196498
7 1.8 -0.131599
7 2 -0.140052
7 2.2 -0.205024
7 2.4 -0.276303
7 2.6 -0.295009
7 2.8 -0.236514
7 3 -0.126278
7 3.2 -0.0213469
7 3.4 0.0120785
7 3.6 -0.0447421
7 3.8 -0.161304
7 4 -0.262207
7 4.2 -0.27346
7 4.4 -0.166833
7 4.6 0.0173998
7 4.8 0.195186
7 5 0.27719
7 5.2 0.226012
7 5.4 0.078705
7 5.6 -0.0804499
7 5.8 -0.159081
7 6 -0.124928
7 6.2 -0.0136914
7 6.4 0.0917194
7 6.6 0.109647
7 6.8 0.0196059
7 7 -0.126085
7 7.2 -0.23143
7 7.4 -0.215388
7 7.6 -0.0664007
7 7.8 0.148279
7 8 0.318913
7 8.2 0.0440959
7 8.4 0

7.2 0 0
7.2 0.2 -0.0337357
7.2 0.4 -0.243482
7.2 0.6 -0.262545
7.2 0.8 -0.298495
7.2 1 -0.31322
7.2 1.2 -0.276931
7.2 1.4 -0.196655
7.2 1.6 -0.103943
7.2 1.8 -0.0451046
7.2 2 -0.0543284
7.2 2.2 -0.127378
7.2 2.4 -0.224608
7.2 2.6 -0.290229
7.2 2.8 -0.28075
7.2 3 -0.200048
7.2 3.2 -0.0908814
7.2 3.4 -0.0197774
7.2 3.6 -0.0320407
7.2 3.8 -0.119561
7.2 4 -0.22398
7.2 4.2 -0.264835
7.2 4.4 -0.189898
7.2 4.6 -0.0154529
7.2 4.8 0.180314
7.2 5 0.302056
7.2 5.2 0.291113
7.2 5.4 0.16509
7.2 5.6 0.00805584
7.2 5.8 -0.0796699
7.2 6 -0.0480664
7.2 6.2 0.0677961
7.2 6.4 0.173354
7.2 6.6 0.174074
7.2 6.8 0.0446713
7.2 7 -0.152423
7.2 7.2 -0.294856
7.2 7.4 -0.284122
7.2 7.6 -0.0976166
7.2 7.8 0.172467
7.2 8 0.388295
7.2 8.2 0.053707
7.2 8.4 0

7.4 0 0
7.4 0.2 -0.00573481
7.4 0.4 -0.0405647
7.4 0.6 -0.0595893
7.4 0.8 -0.0877289
7.4 1 -0.100568
7.4 1.2 -0.0796802
7.4 1.4 -0.0220255
7.4 1.6 0.0541006
7.4 1.8 0.107916
7.4 2 0.102771
7.4 2.2 0.0232352
7.4 2.4 -0.102903
7.4 2.6 -0.221146
7.4 2.8 -0.271437
7.4 3 -0.227428
7.4 3.2 -0.117024
7.4 3.4 -0.00672507
7.4 3.6 0.0319689
7.4 3.8 -0.0234703
7.4 4 -0.132164
7.4 4.2 -0.211681
7.4 4.4 -0.186368
7.4 4.6 -0.0453068
7.4 4.8 0.150739
7.4 5 0.301476
7.4 5.2 0.326517
7.4 5.4 0.226085
7.4 5.6 0.0734452
7.4 5.8 -0.022717
7.4 6 -0.00107577
7.4 6.2 0.113381
7.4 6.4 0.222298
7.4 6.6 0.221649
7.4 6.8 0.075456
7.4 7 -0.153234
7.4 7.2 -0.329184
7.4 7.4 -0.336138
7.4 7.6 -0.148827
7.4 7.8 0.138326
7.4 8 0.367189
7.4 8.2 0.0506869
7.4 8.4 0

7.6 0 0
7.6 0.2 0.0233533
7.6 0.4 0.170144
7.6 0.6 0.144931
7.6 0.8 0.115525
7.6 1 0.0929595
7.6 1.2 0.0930464
7.6 1.4 0.126352
7.6 1.6 0.189202
7.6 1.8 0.247827
7.6 2 0.260845
7.6 2.2 0.193474
7.6 2.4 0.0544117
7.6 2.6 -0.102294
7.6 2.8 -0.202247
7.6 3 -0.194736
7.6 3.2 -0.0838672
7.6 3.4 0.0603613
7.6 3.6 0.147042
7.6 3.8 0.121032
7.6 4 0.00383524
7.6 4.2 -0.120697
7.6 4.4 -0.157662
7.6 4.6 -0.0639878
7.6 4.8 0.119122
7.6 5 0.286286
7.6 5.2 0.338825
7.6 5.4 0.257178
7.6 5.6 0.101497
7.6 5.8 -0.0126876
7.6 6 -0.0107303
7.6 6.2 0.0997408
7.6 6.4 0.220073
7.6 6.6 0.238015
7.6 6.8 0.104786
7.6 7 -0.1294
7.6 7.2 -0.325602
7.6 7.4 -0.361212
7.6 7.6 -0.201502
7.6 7.8 0.0647575
7.6 8 0.278852
7.6 8.2 0.0384668
7.6 8.4 0

7.8 0 0
7.8 0.2 0.0406693
7.8 0.4 0.295231
7.8 0.6 0.264976
7.8 0.8 0.228758
7.8 1 0.19112
7.8 1.2 0.163955
7.8 1.4 0.171592
7.8 1.6 0.224829
7.8 1.8 0.298065
7.8 2 0.345492
7.8 2.2 0.314305
7.8 2.4 0.192396
7.8 2.6 0.0247411
7.8 2.8 -0.104005
7.8 3 -0.121839
7.8 3.2 -0.0140966
7.8 3.4 0.153141
7.8 3.6 0.2739
7.8 3.8 0.270693
7.8 4 0.142081
7.8 4.2 -0.0255247
7.8 4.4 -0.118018
7.8 4.6 -0.0699839
7.8 4.8 0.0947393
7.8 5 0.271436
7.8 5.2 0.344094
7.8 5.4 0.270197
7.8 5.6 0.101857
7.8 5.8 -0.0421589
7.8 6 -0.0690842
7.8 6.2 0.0320079
7.8 6.4 0.171166
7.8 6.6 0.226425
7.8 6.8 0.130154
7.8 7 -0.0829467
7.8 7.2 -0.284562
7.8 7.4 -0.352503
7.8 7.6 -0.237125
7.8 7.8 -0.0149266
7.8 8 0.167008
7.8 8.2 0.023027
7.8 8.4 0

8 0 0
8 0.2 0.0413215
8 0.4 0.299732
8 0.6 0.270872
8 0.8 0.231212
8 1 0.174741
8 1.2 0.120704
8 1.4 0.0992742
8 1.6 0.142073
8 1.8 0.233974
8 2 0.324932
8 2.2 0.346861
8 2.4 0.265159
8 2.6 0.114622
8 2.8 -0.0224903
8 3 -0.0540452
8 3.2 0.0462855
8 3.4 0.221709
8 3.6 0.360378
8 3.8 0.36744
8 4 0.230316
8 4.2 0.0323174
8 4.4 -0.0978851
8 4.6 -0.0780525
8 4.8 0.0786562
8 5 0.265611
8 5.2 0.352393
8 5.4 0.281805
8 5.6 0.0933372
8 5.8 -0.0837586
8 6 -0.142189
8 6.2 -0.0504751
8 6.4 0.107435
8 6.6 0.204988
8 6.8 0.156931
8 7 -0.0226252
8 7.2 -0.219537
8 7.4 -0.313229
8 7.6 -0.245324
8 7.8 -0.0756179
8 8 0.0696181
8 8.2 0.00963777
8 8.4 0

8.2 0 0
8.2 0.2 0.0309654
8.2 0.4 0.223584
8.2 0.6 0.202691
8.2 0.8 0.167399
8.2 1 0.102141
8.2 1.2 0.0246675
8.2 1.4 -0.0231001
8.2 1.6 0.002249
8.2 1.8 0.101776
8.2 2 0.226011
8.2 2.2 0.297774
8.2 2.4 0.262823
8.2 2.6 0.142532
8.2 2.8 0.0133491
8.2 3 -0.0288779
8.2 3.2 0.0569507
8.2 3.4 0.223607
8.2 3.6 0.359269
8.2 3.8 0.367906
8.2 4 0.228444
8.2 4.2 0.0221102
8.2 4.4 -0.118216
8.2 4.6 -0.101215
8.2 4.8 0.0635437
8.2 5 0.263799
8.2 5.2 0.366268
8.2 5.4 0.297441
8.2 5.6 0.0935233
8.2 5.8 -0.111019
8.2 6 -0.194471
8.2 6.2 -0.114555
8.2 6.4 0.0587054
8.2 6.6 0.191332
8.2 6.8 0.18513
8.2 7 0.0387169
8.2 7.2 -0.151341
8.2 7.4 -0.264214
8.2 7.6 -0.235804
8.2 7.8 -0.108917
8.2 8 0.00643047
8.2 8.2 0.000989123
8.2 8.4 0

8.4 0 0
8.4 0.2 0.0195848
8.4 0.4 0.141823
8.4 0.6 0.137434
8.4 0.8 0.116221
8.4 1 0.0554633
8.4 1.2 -0.0345246
8.4 1.4 -0.107245
8.4 1.6 -0.103611
8.4 1.8 -0.0152586
8.4 2 0.119311
8.4 2.2 0.216098
8.4 2.4 0.214166
8.4 2.6 0.116736
8.4 2.8 -0.0043352
8.4 3 -0.0563928
8.4 3.2 0.00703914
8.4 3.4 0.149888
8.4 3.6 0.269456
8.4 3.8 0.270982
8.4 4 0.136163
8.4 4.2 -0.058458
8.4 4.4 -0.181322
8.4 4.6 -0.145357
8.4 4.8 0.0387393
8.4 5 0.257842
8.4 5.2 0.371261
8.4 5.4 0.305687
8.4 5.6 0.0964568
8.4 5.8 -0.119288
8.4 6 -0.213254
8.4 6.2 -0.136273
8.4 6.4 0.0447242
8.4 6.6 0.196022
8.4 6.8 0.212525
8.4 7 0.0823038
8.4 7.2 -0.103992
8.4 7.4 -0.227774
8.4 7.6 -0.219938
8.4 7.8 -0.117106
8.4 8 -0.0195778
8.4 8.2 -0.00260625
8.4 8.4 0

8.6 0 0
8.6 0.2 0.0143404
8.6 0.4 0.103755
8.6 0.6 0.117037
8.6 0.8 0.120024
8.6 1 0.0778204
8.6 1.2 -0.00814303
8.6 1.4 -0.0917023
8.6 1.6 -0.114085
8.6 1.8 -0.0521606
8.6 2 0.0591551
8.6 2.2 0.14829
8.6 2.4 0.149831
8.6 2.6 0.0598818
8.6 2.8 -0.0590801
8.6 3 -0.123604
8.6 3.2 -0.0848647
8.6 3.4 0.0268591
8.6 3.6 0.122153
8.6 3.8 0.115313
8.6 4 -0.00561791
8.6 4.2 -0.173579
8.6 4.4 -0.262567
8.6 4.6 -0.199511
8.6 4.8 0.00220723
8.6 5 0.230778
8.6 5.2 0.347914
8.6 5.4 0.286364
8.6 5.6 0.0848165
8.6 5.8 -0.122007
8.6 6 -0.205299
8.6 6.2 -0.120313
8.6 6.4 0.0640079
8.6 6.6 0.215981
8.6 6.8 0.232252
8.6 7 0.100789
8.6 7.2 -0.0865261
8.6 7.4 -0.211349
8.6 7.6 -0.206369
8.6 7.8 -0.106611
8.6 8 -0.0095996
8.6 8.2 -0.00117793
8.6 8.4 0

8.8 0 0
8.8 0.2 0.0126866
8.8 0.4 0.0917817
8.8 0.6 0.121805
8.8 0.8 0.15424
8.8 1 0.142989
8.8 1.2 0.0792182
8.8 1.4 0.00186736
8.8 1.6 -0.0370312
8.8 1.8 -0.0107761
8.8 2 0.0590316
8.8 2.2 0.111123
8.8 2.4 0.0897533
8.8 2.6 -0.0106648
8.8 2.8 -0.132299
8.8 3 -0.202095
8.8 3.2 -0.179696
8.8 3.4 -0.093021
8.8 3.6 -0.0186249
8.8 3.8 -0.0316117
8.8 4 -0.138562
8.8 4.2 -0.272499
8.8 4.4 -0.328001
8.8 4.6 -0.240208
8.8 4.8 -0.0346701
8.8 5 0.185099
8.8 5.2 0.289107
8.8 5.4 0.225595
8.8 5.6 0.0403726
8.8 5.8 -0.138853
8.8 6 -0.192789
8.8 6.2 -0.0870743
8.8 6.4 0.102357
8.8 6.6 0.243563
8.8 6.8 0.241793
8.8 7 0.0979007
8.8 7.2 -0.0925459
8.8 7.4 -0.210509
8.8 7.6 -0.190339
8.8 7.8 -0.0729562
8.8 8 0.0378763
8.8 8.2 0.00538861
8.8 8.4 0

9 0 0
9 0.2 0.00669106
9 0.4 0.0484911
9 0.6 0.0918631
9 0.8 0.14634
9 1 0.165715
9 1.2 0.139657
9 1.4 0.0863287
9 1.6 0.0508293
9 1.8 0.0543515
9 2 0.0793317
9 2.2 0.0811099
9 2.4 0.0235616
9 2.6 -0.0919407
9 2.8 -0.209553
9 3 -0.2711
9 3.2 -0.24641
9 3.4 -0.166515
9 3.6 -0.103654
9 3.8 -0.115489
9 4 -0.206148
9 4.2 -0.312562
9 4.4 -0.340273
9 4.6 -0.245082
9 4.8 -0.0531611
9 5 0.132687
9 5.2 0.20611
9 5.4 0.130912
9 5.6 -0.0368103
9 5.8 -0.177384
9 6 -0.18816
9 6.2 -0.0530006
9 6.4 0.141372
9 6.6 0.268304
9 6.8 0.244691
9 7 0.0840016
9 7.2 -0.105681
9 7.4 -0.206463
9 7.6 -0.157296
9 7.8 -0.0114638
9 8 0.119163
9 8.2 0.0164501
9 8.4 0

9.2 0 0
9.2 0.2 -0.00802717
9.2 0.4 -0.0578239
9.2 0.6 -0.0123069
9.2 0.8 0.0438207
9.2 1 0.081745
9.2 1.2 0.0915281
9.2 1.4 0.0815988
9.2 1.6 0.0744838
9.2 1.8 0.0783534
9.2 2 0.0723939
9.2 2.2 0.0303026
9.2 2.4 -0.0622818
9.2 2.6 -0.186009
9.2 2.8 -0.286793
9.2 3 -0.319206
9.2 3.2 -0.267364
9.2 3.4 -0.175055
9.2 3.6 -0.107172
9.2 3.8 -0.116819
9.2 4 -0.193465
9.2 4.2 -0.280627
9.2 4.4 -0.296577
9.2 4.6 -0.205454
9.2 4.8 -0.0450598
9.2 5 0.0958661
9.2 5.2 0.127581
9.2 5.4 0.0344411
9.2 5.6 -0.120272
9.2 5.8 -0.22327
9.2 6 -0.191677
9.2 6.2 -0.0293271
9.2 6.4 0.17
9.2 6.6 0.284278
9.2 6.8 0.244052
9.2 7 0.0748426
9.2 7.2 -0.107181
9.2 7.4 -0.186762
9.2 7.6 -0.109188
9.2 7.8 0.0648166
9.2 8 0.215741
9.2 8.2 0.0298036
9.2 8.4 0

9.4 0 0
9.4 0.2 -0.0252533
9.4 0.4 -0.183364
9.4 0.6 -0.158312
9.4 0.8 -0.13021
9.4 1 -0.10527
9.4 1.2 -0.0736875
9.4 1.4 -0.0375994
9.4 1.6 0.00495111
9.4 1.8 0.032953
9.4 2 0.0211307
9.4 2.2 -0.0468555
9.4 2.4 -0.162683
9.4 2.6 -0.285595
9.4 2.8 -0.357272
9.4 3 -0.342468
9.4 3.2 -0.246406
9.4 3.4 -0.125027
9.4 3.6 -0.0478723
9.4 3.8 -0.0544723
9.4 4 -0.127304
9.4 4.2 -0.205353
9.4 4.4 -0.215584
9.4 4.6 -0.137509
9.4 4.8 -0.00797825
9.4 5 0.087659
9.4 5.2 0.0819113
9.4 5.4 -0.026031
9.4 5.6 -0.1719
9.4 5.8 -0.247948
9.4 6 -0.189321
9.4 6.2 -0.0144039
9.4 6.4 0.181735
9.4 6.6 0.284547
9.4 6.8 0.235571
9.4 7 0.0724276
9.4 7.2 -0.0928028
9.4 7.4 -0.15168
9.4 7.6 -0.0574627
9.4 7.8 0.128566
9.4 8 0.288228
9.4 8.2 0.0397969
9.4 8.4 0

9.6 0 0
9.6 0.2 -0.0306241
9.6 0.4 -0.222369
9.6 0.6 -0.247298
9.6 0.8 -0.289746
9.6 1 -0.310856
9.6 1.2 -0.283992
9.6 1.4 -0.205962
9.6 1.6 -0.107075
9.6 1.8 -0.0360139
9.6 2 -0.0368293
9.6 2.2 -0.118086
9.6 2.4 -0.248041
9.6 2.6 -0.364857
9.6 2.8 -0.40235
9.6 3 -0.33716
9.6 3.2 -0.192654
9.6 3.4 -0.045061
9.6 3.6 0.0384655
9.6 3.8 0.025433
9.6 4 -0.0536943
9.6 4.2 -0.13138
9.6 4.4 -0.143949
9.6 4.6 -0.0722973
9.6 4.8 0.0379642
9.6 5 0.111215
9.6 5.2 0.0864998
9.6 5.4 -0.0275235
9.6 5.6 -0.163482
9.6 5.8 -0.228716
9.6 6 -0.167556
9.6 6.2 -0.00325838
9.6 6.4 0.174202
9.6 6.6 0.2637
9.6 6.8 0.218001
9.6 7 0.0712559
9.6 7.2 -0.0711974
9.6 7.4 -0.115918
9.6 7.6 -0.0253633
9.6 7.8 0.14791
9.6 8 0.295579
9.6 8.2 0.0408105
9.6 8.4 0

9.8 0 0
9.8 0.2 -0.0119648
9.8 0.4 -0.0872315
9.8 0.6 -0.18847
9.8 0.8 -0.331111
9.8 1 -0.431819
9.8 1.2 -0.429592
9.8 1.4 -0.325056
9.8 1.6 -0.173923
9.8 1.8 -0.0594349
9.8 2 -0.0420717
9.8 2.2 -0.134052
9.8 2.4 -0.278228
9.8 2.6 -0.392027
9.8 2.8 -0.40375
9.8 3 -0.297716
9.8 3.2 -0.120942
9.8 3.4 0.0396565
9.8 3.6 0.112554
9.8 3.8 0.0792536
9.8 4 -0.0205207
9.8 4.2 -0.107303
9.8 4.4 -0.118968
9.8 4.6 -0.0450751
9.8 4.8 0.068622
9.8 5 0.14524
9.8 5.2 0.130289
9.8 5.4 0.031604
9.8 5.6 -0.0938021
9.8 5.8 -0.160905
9.8 6 -0.122535
9.8 6.2 0.00290252
9.8 6.4 0.142926
9.8 6.6 0.214177
9.8 6.8 0.178104
9.8 7 0.0618814
9.8 7.2 -0.0539592
9.8 7.4 -0.0918295
9.8 7.6 -0.023663
9.8 7.8 0.108408
9.8 8 0.221385
9.8 8.2 0.0305429
9.8 8.4 0

10 0 0
10 0.2 0.0289059
10 0.4 0.210121
10 0.6 0.0239539
10 0.8 -0.225814
10 1 -0.409262
10 1.2 -0.441855
10 1.4 -0.32185
10 1.6 -0.132146
10 1.8 0.0162785
10 2 0.0398522
10 2.2 -0.0660697
10 2.4 -0.230445
10 2.6 -0.353219
10 2.8 -0.354272
10 3 -0.230879
10 3.2 -0.043509
10 3.4 0.106791
10 3.6 0.152729
10 3.8 0.0831083
10 4 -0.0453925
10 4.2 -0.146908
10 4.4 -0.158212
10 4.6 -0.0708282
10 4.8 0.0613255
10 5 0.165195
10 5.2 0.184582
10 5.4 0.116942
10 5.6 0.0110845
10 5.8 -0.0657131
10 6 -0.0675119
10 6.2 0.000591681
10 6.4 0.0884598
10 6.6 0.137421
10 6.8 0.118169
10 7 0.0404817
10 7.2 -0.0404142
10 7.4 -0.0771278
10 7.6 -0.0455952
10 7.8 0.0284033
10 8 0.0920925
10 8.2 0.0127576
10 8.4 0

10.2 0 0
10.2 0.2 0.074368
10.2 0.4 0.53951
10.2 0.6 0.28426
10.2 0.8 -0.0426908
10.2 1 -0.285585
10.2 1.2 -0.337499
10.2 1.4 -0.206617
10.2 1.6 0.0101727
10.2 1.8 0.172958
10.2 2 0.190892
10.2 2.2 0.0604686
10.2 2.4 -0.128647
10.2 2.6 -0.267791
10.2 2.8 -0.271969
10.2 3 -0.148273
10.2 3.2 0.0266548
10.2 3.4 0.149681
10.2 3.6 0.151321
10.2 3.8 0.0403611
10.2 4 -0.118332
10.2 4.2 -0.232629
10.2 4.4 -0.241731
10.2 4.6 -0.142709
10.2 4.8 0.0137378
10.2 5 0.151111
10.2 5.2 0.213354
10.2 5.4 0.189531
10.2 5.6 0.108755
10.2 5.8 0.0263
10.2 6 -0.0181145
10.2 6.2 -0.0147517
10.2 6.4 0.016219
10.2 6.6 0.0440143
10.2 6.8 0.0445133
10.2 7 0.0159454
10.2 7.2 -0.0226293
10.2 7.4 -0.0528578
10.2 7.6 -0.0586506
10.2 7.8 -0.0472766
10.2 8 -0.0343674
10.2 8.2 -0.00467389
10.2 8.4 0

10.4 0 0
10.4 0.2 0.0996271
10.4 0.4 0.722374
10.4 0.6 0.440518
10.4 0.8 0.0912382
10.4 1 -0.158696
10.4 1.2 -0.203678
10.4 1.4 -0.0535346
10.4 1.6 0.17515
10.4 1.8 0.335906
10.4 2 0.334073
10.4 2.2 0.177985
10.4 2.4 -0.0335258
10.4 2.6 -0.182679
10.4 2.8 -0.191183
10.4 3 -0.0787938
10.4 3.2 0.0729121
10.4 3.4 0.157745
10.4 3.6 0.11921
10.4 3.8 -0.0258611
10.4 4 -0.201453
10.4 4.2 -0.31964
10.4 4.4 -0.327069
10.4 4.6 -0.221185
10.4 4.8 -0.0569911
10.4 5 0.1
10.4 5.2 0.195942
10.4 5.4 0.211181
10.4 5.6 0.161982
10.4 5.8 0.0829817
10.4 6 0.0083446
10.4 6.2 -0.0407047
10.4 6.4 -0.0570042
10.4 6.6 -0.0459134
10.4 6.8 -0.0199519
10.4 7 0.00160498
10.4 7.2 0.0113066
10.4 7.4 -0.0035158
10.4 7.6 -0.0344801
10.4 7.8 -0.0728243
10.4 8 -0.102208
10.4 8.2 -0.0140897
10.4 8.4 0

10.6 0 0
10.6 0.2 0.0896124
10.6 0.4 0.649631
10.6 0.6 0.395187
10.6 0.8 0.0865995
10.6 1 -0.119728
10.6 1.2 -0.124826
10.6 1.4 0.0471234
10.6 1.6 0.276394
10.6 1.8 0.41819
10.6 2 0.391856
10.6 2.2 0.217454
10.6 2.4 0.000390199
10.6 2.6 -0.141471
10.6 2.8 -0.144518
10.6 3 -0.0380603
10.6 3.2 0.0884871
10.6 3.4 0.140379
10.6 3.6 0.0708963
10.6 3.8 -0.0870064
10.6 4 -0.258635
10.6 4.2 -0.363628
10.6 4.4 -0.361778
10.6 4.6 -0.264005
10.6 4.8 -0.111964
10.6 5 0.0339772
10.6 5.2 0.137315
10.6 5.4 0.179103
10.6 5.6 0.161613
10.6 5.8 0.100852
10.6 6 0.0170455
10.6 6.2 -0.0617102
10.6 6.4 -0.109867
10.6 6.6 -0.109845
10.6 6.8 -0.0632796
10.6 7 0.00572438
10.6 7.2 0.0615209
10.6 7.4 0.0685131
10.6 7.6 0.0271277
10.6 7.8 -0.0407444
10.6 8 -0.0963467
10.6 8.2 -0.0133416
10.6 8.4 0

10.8 0 0
10.8 0.2 0.0506139
10.8 0.4 0.366461
10.8 0.6 0.177903
10.8 0.8 -0.0485129
10.8 1 -0.174166
10.8 1.2 -0.127389
10.8 1.4 0.0612857
10.8 1.6 0.273559
10.8 1.8 0.383112
10.8 2 0.32908
10.8 2.2 0.150152
10.8 2.4 -0.0467092
10.8 2.6 -0.158504
10.8 2.8 -0.136939
10.8 3 -0.0288006
10.8 3.2 0.080111
10.8 3.4 0.104503
10.8 3.6 0.0217109
10.8 3.8 -0.126924
10.8 4 -0.266165
10.8 4.2 -0.336755
10.8 4.4 -0.318978
10.8 4.6 -0.232861
10.8 4.8 -0.121257
10.8 5 -0.0162083
10.8 5.2 0.063269
10.8 5.4 0.111175
10.8 5.6 0.120836
10.8 5.8 0.0907838
10.8 6 0.023809
10.8 6.2 -0.0589719
10.8 6.4 -0.122351
10.8 6.6 -0.130972
10.8 6.8 -0.0726078
10.8 7 0.0240395
10.8 7.2 0.111629
10.8 7.4 0.13826
10.8 7.6 0.0967135
10.8 7.8 0.0143326
10.8 8 -0.0527786
10.8 8.2 -0.00733773
10.8 8.4 0

11 0 0
11 0.2 0.00675069
11 0.4 0.0478011
11 0.6 -0.0662302
11 0.8 -0.198598
11 1 -0.24554
11 1.2 -0.156636
11 1.4 0.0258859
11 1.6 0.198964
11 1.8 0.263676
11 2 0.185619
11 2.2 0.0166393
11 2.4 -0.138596
11 2.6 -0.198937
11 2.8 -0.140122
11 3 -0.0236911
11 3.2 0.0675769
11 3.4 0.0693686
11 3.6 -0.0177946
11 3.8 -0.137446
11 4 -0.225078
11 4.2 -0.243341
11 4.4 -0.197652
11 4.6 -0.127798
11 4.8 -0.0650187
11 5 -0.0240997
11 5.2 0.00713024
11 5.4 0.040972
11 5.6 0.0708707
11 5.8 0.0805138
11 6 0.0481697
11 6.2 -0.0184112
11 6.4 -0.0846529
11 6.6 -0.105832
11 6.8 -0.0571373
11 7 0.0395819
11 7.2 0.134435
11 7.4 0.16629
11 7.6 0.124646
11 7.8 0.0349945
11 8 -0.035323
11 8.2 -0.00483796
11 8.4 0

11.2 0 0
11.2 0.2 -0.0154014
11.2 0.4 -0.112456
11.2 0.6 -0.171797
11.2 0.8 -0.236861
11.2 1 -0.233073
11.2 1.2 -0.135937
11.2 1.4 0.0131751
11.2 1.6 0.12855
11.2 1.8 0.141122
11.2 2 0.0420815
11.2 2.2 -0.106741
11.2 2.4 -0.209199
11.2 2.6 -0.210664
11.2 2.8 -0.114968
11.2 3 0.00668754
11.2 3.2 0.075008
11.2 3.4 0.0509297
11.2 3.6 -0.0398453
11.2 3.8 -0.128566
11.2 4 -0.158371
11.2 4.2 -0.114768
11.2 4.4 -0.0342165
11.2 4.6 0.0291987
11.2 4.8 0.0416815
11.2 5 0.0149469
11.2 5.2 -0.0125734
11.2 5.4 -0.00446113
11.2 5.6 0.0382972
11.2 5.8 0.0853373
11.2 6 0.0946416
11.2 6.2 0.0569429
11.2 6.4 -0.00651581
11.2 6.6 -0.0466596
11.2 6.8 -0.028349
11.2 7 0.0369161
11.2 7.2 0.10962
11.2 7.4 0.128503
11.2 7.6 0.0801162
11.2 7.8 -0.0131754
11.2 8 -0.0876168
11.2 8.2 -0.0120072
11.2 8.4 0

11.4 0 0
11.4 0.2 -0.00417316
11.4 0.4 -0.030929
11.4 0.6 -0.0715382
11.4 0.8 -0.11038
11.4 1 -0.0993642
11.4 1.2 -0.0250784
11.4 1.4 0.0707463
11.4 1.6 0.119757
11.4 1.8 0.0817511
11.4 2 -0.0323154
11.4 2.2 -0.153416
11.4 2.4 -0.20621
11.4 2.6 -0.157279
11.4 2.8 -0.0374199
11.4 3 0.0753274
11.4 3.2 0.111713
11.4 3.4 0.0559555
11.4 3.6 -0.0462909
11.4 3.8 -0.1127
11.4 4 -0.0932148
11.4 4.2 0.00376974
11.4 4.4 0.121917
11.4 4.6 0.185074
11.4 4.8 0.164947
11.4 5 0.0836726
11.4 5.2 0.00460589
11.4 5.4 -0.0167624
11.4 5.6 0.029808
11.4 5.8 0.106871
11.4 6 0.155163
11.4 6.2 0.146552
11.4 6.4 0.0872951
11.4 6.6 0.0236087
11.4 6.8 -0.00196222
11.4 7 0.0143223
11.4 7.2 0.0430597
11.4 7.4 0.0367928
11.4 7.6 -0.022458
11.4 7.8 -0.117195
11.4 8 -0.195332
11.4 8.2 -0.0268931
11.4 8.4 0

11.6 0 0
11.6 0.2 0.0291149
11.6 0.4 0.210672
11.6 0.6 0.15825
11.6 0.8 0.111576
11.6 1 0.101928
11.6 1.2 0.136371
11.6 1.4 0.177118
11.6 1.6 0.17434
11.6 1.8 0.102286
11.6 2 -0.013017
11.6 2.2 -0.109823
11.6 2.4 -0.127098
11.6 2.6 -0.0500935
11.6 2.8 0.0750971
11.6 3 0.167349
11.6 3.2 0.167716
11.6 3.4 0.0779999
11.6 3.6 -0.0408771
11.6 3.8 -0.101507
11.6 4 -0.0561264
11.6 4.2 0.0764586
11.6 4.4 0.220829
11.6 4.6 0.293857
11.6 4.8 0.261737
11.6 5 0.152157
11.6 5.2 0.0399065
11.6 5.4 -0.0051347
11.6 5.6 0.0343809
11.6 5.8 0.126796
11.6 6 0.203259
11.6 6.2 0.217659
11.6 6.4 0.163629
11.6 6.6 0.0800352
11.6 6.8 0.0123838
11.6 7 -0.021709
11.6 7.2 -0.0358385
11.6 7.4 -0.0675953
11.6 7.6 -0.130527
11.6 7.8 -0.216459
11.6 8 -0.289643
11.6 8.2 -0.0398574
11.6 8.4 0

11.8 0 0
11.8 0.2 0.0587327
11.8 0.4 0.425576
11.8 0.6 0.352147
11.8 0.8 0.283483
11.8 1 0.247606
11.8 1.2 0.249101
11.8 1.4 0.258185
11.8 1.6 0.235581
11.8 1.8 0.159877
11.8 2 0.0562636
11.8 2.2 -0.0202905
11.8 2.4 -0.0235416
11.8 2.6 0.0538083
11.8 2.8 0.16575
11.8 3 0.233337
11.8 3.2 0.208121
11.8 3.4 0.0978484
11.8 3.6 -0.0335067
11.8 3.8 -0.0988971
11.8 4 -0.053623
11.8 4.2 0.0844546
11.8 4.4 0.238965
11.8 4.6 0.324881
11.8 4.8 0.302095
11.8 5 0.193652
11.8 5.2 0.0732415
11.8 5.4 0.0123734
11.8 5.6 0.037925
11.8 5.8 0.125045
11.8 6 0.208774
11.8 6.2 0.236693
11.8 6.4 0.193023
11.8 6.6 0.10389
11.8 6.8 0.0128186
11.8 7 -0.0539013
11.8 7.2 -0.0948428
11.8 7.4 -0.133134
11.8 7.6 -0.181421
11.8 7.8 -0.240622
11.8 8 -0.293405
11.8 8.2 -0.0403462
11.8 8.4 0

12 0 0
12 0.2 0.0624513
12 0.4 0.452627
12 0.6 0.369044
12 0.8 0.284595
12 1 0.233744
12 1.2 0.228512
12 1.4 0.244369
12 1.6 0.242405
12 1.8 0.194954
12 2 0.116379
12 2.2 0.049793
12 2.4 0.038842
12 2.6 0.0926165
12 2.8 0.176385
12 3 0.229032
12 3.2 0.201854
12 3.4 0.098529
12 3.6 -0.0274192
12 3.8 -0.101504
12 4 -0.0761438
12 4.2 0.0392195
12 4.4 0.183017
12 4.6 0.279607
12 4.8 0.281838
12 5 0.201938
12 5.2 0.0924681
12 5.4 0.0232901
12 5.6 0.0244469
12 5.8 0.0872336
12 6 0.157894
12 6.2 0.192833
12 6.4 0.164078
12 6.6 0.0883154
12 6.8 -0.000735658
12 7 -0.0737549
12 7.2 -0.115543
12 7.4 -0.136683
12 7.6 -0.147093
12 7.8 -0.159678
12 8 -0.175773
12 8.2 -0.0241491
12 8.4 0

12.2 0 0
12.2 0.2 0.0364782
12.2 0.4 0.264708
12.2 0.6 0.187382
12.2 0.8 0.100092
12.2 1 0.0527994
12.2 1.2 0.0661428
12.2 1.4 0.120601
12.2 1.6 0.169445
12.2 1.8 0.172619
12.2 2 0.124862
12.2 2.2 0.0582557
12.2 2.4 0.0179218
12.2 2.6 0.029169
12.2 2.8 0.0817695
12.2 3 0.130702
12.2 3.2 0.132319
12.2 3.4 0.0718584
12.2 3.6 -0.0237538
12.2 3.8 -0.0981252
12.2 4 -0.104614
12.2 4.2 -0.0322282
12.2 4.4 0.0850521
12.2 4.6 0.184793
12.2 4.8 0.221907
12.2 5 0.187619
12.2 5.2 0.107004
12.2 5.4 0.0327133
12.2 5.6 0.00118655
12.2 5.8 0.0196098
12.2 6 0.0622357
12.2 6.2 0.0937078
12.2 6.4 0.0849529
12.2 6.6 0.0376115
12.2 6.8 -0.0279754
12.2 7 -0.0841172
12.2 7.2 -0.106883
12.2 7.4 -0.0941947
12.2 7.6 -0.0550005
12.2 7.8 -0.00974484
12.2 8 0.0214147
12.2 8.2 0.00302739
12.2 8.4 0

12.4 0 0
12.4 0.2 -0.00316628
12.4 0.4 -0.0229176
12.4 0.6 -0.0873059
12.4 0.8 -0.169535
12.4 1 -0.208371
12.4 1.2 -0.166442
12.4 1.4 -0.0624653
12.4 1.6 0.0492
12.4 1.8 0.107999
12.4 2 0.0907444
12.4 2.2 0.0134519
12.4 2.4 -0.0714483
12.4 2.6 -0.1133
12.4 2.8 -0.0939694
12.4 3 -0.0358307
12.4 3.2 0.0177937
12.4 3.4 0.0260321
12.4 3.6 -0.0167477
12.4 3.8 -0.0807117
12.4 4 -0.118621
12.4 4.2 -0.0990475
12.4 4.4 -0.020534
12.4 4.6 0.0803905
12.4 4.8 0.156768
12.4 5 0.175473
12.4 5.2 0.129773
12.4 5.4 0.0530272
12.4 5.6 -0.0179791
12.4 5.8 -0.0527419
12.4 6 -0.0491935
12.4 6.2 -0.026314
12.4 6.4 -0.0140214
12.4 6.6 -0.0261982
12.4 6.8 -0.0595299
12.4 7 -0.0910291
12.4 7.2 -0.0927209
12.4 7.4 -0.0494087
12.4 7.6 0.0348648
12.4 7.8 0.131384
12.4 8 0.205775
12.4 8.2 0.0284581
12.4 8.4 0

12.6 0 0
12.6 0.2 -0.0337075
12.6 0.4 -0.244246
12.6 0.6 -0.301253
12.6 0.8 -0.384387
12.6 1 -0.418385
12.6 1.2 -0.360244
12.6 1.4 -0.219424
12.6 1.6 -0.0588332
12.6 1.8 0.0454563
12.6 2 0.0482931
12.6 2.2 -0.0463679
12.6 2.4 -0.177819
12.6 2.6 -0.274898
12.6 2.8 -0.288346
12.6 3 -0.216709
12.6 3.2 -0.106133
12.6 3.4 -0.0214391
12.6 3.6 -0.00415914
12.6 3.8 -0.0500877
12.6 4 -0.114639
12.6 4.2 -0.145882
12.6 4.4 -0.105747
12.6 4.6 -0.00400891
12.6 4.8 0.110804
12.6 5 0.182194
12.6 5.2 0.172627
12.6 5.4 0.0926524
12.6 5.6 -0.018265
12.6 5.8 -0.106256
12.6 6 -0.142947
12.6 6.2 -0.128179
12.6 6.4 -0.0935369
12.6 6.6 -0.0714228
12.6 6.8 -0.0787204
12.6 7 -0.099988
12.6 7.2 -0.0967034
12.6 7.4 -0.0428519
12.6 7.6 0.0645402
12.6 7.8 0.193889
12.6 8 0.293492
12.6 8.2 0.0403944
12.6 8.4 0

12.8 0 0
12.8 0.2 -0.0414293
12.8 0.4 -0.300359
12.8 0.6 -0.360794
12.8 0.8 -0.451947
12.8 1 -0.496373
12.8 1.2 -0.440915
12.8 1.4 -0.291957
12.8 1.6 -0.110147
12.8 1.8 0.0183614
12.8 2 0.0308072
12.8 2.2 -0.0752579
12.8 2.4 -0.242201
12.8 2.6 -0.384548
12.8 2.8 -0.425555
12.8 3 -0.349387
12.8 3.2 -0.198311
12.8 3.4 -0.0540478
12.8 3.6 0.014345
12.8 3.8 -0.0141909
12.8 4 -0.100327
12.8 4.2 -0.170188
12.8 4.4 -0.159892
12.8 4.6 -0.0572027
12.8 4.8 0.0914051
12.8 5 0.209358
12.8 5.2 0.23149
12.8 5.4 0.148883
12.8 5.6 0.00464963
12.8 5.8 -0.12773
12.8 6 -0.191533
12.8 6.2 -0.176821
12.8 6.4 -0.11907
12.8 6.6 -0.07158
12.8 6.8 -0.0669749
12.8 7 -0.0985196
12.8 7.2 -0.116398
12.8 7.4 -0.0824318
12.8 7.6 0.0201391
12.8 7.8 0.154299
12.8 8 0.261342
12.8 8.2 0.0360435
12.8 8.4 0

13 0 0
13 0.2 -0.0300524
13 0.4 -0.217441
13 0.6 -0.282826
13 0.8 -0.381806
13 1 -0.440762
13 1.2 -0.406463
13 1.4 -0.278971
13 1.6 -0.10711
13 1.8 0.0215716
13 2 0.043443
13 2.2 -0.0578302
13 2.4 -0.23519
13 2.6 -0.397448
13 2.8 -0.460918
13 3 -0.39353
13 3.2 -0.229535
13 3.4 -0.0588889
13 3.6 0.0342394
13 3.8 0.0123428
13 4 -0.0892414
13 4.2 -0.182752
13 4.4 -0.190816
13 4.6 -0.0839263
13 4.8 0.0894731
13 5 0.239898
13 5.2 0.284989
13 5.4 0.200437
13 5.6 0.0347869
13 5.8 -0.120761
13 6 -0.192915
13 6.2 -0.164345
13 6.4 -0.0795935
13 6.6 -0.0119734
13 6.8 -0.0109593
13 7 -0.0701929
13 7.2 -0.132786
13 7.4 -0.139206
13 7.6 -0.0638594
13 7.8 0.0573675
13 8 0.157355
13 8.2 0.0217111
13 8.4 0

13.2 0 0
13.2 0.2 -0.0143972
13.2 0.4 -0.103996
13.2 0.6 -0.163061
13.2 0.8 -0.252888
13.2 1 -0.317653
13.2 1.2 -0.309906
13.2 1.4 -0.221793
13.2 1.6 -0.0879907
13.2 1.8 0.025759
13.2 2 0.05888
13.2 2.2 -0.0147745
13.2 2.4 -0.165145
13.2 2.6 -0.318366
13.2 2.8 -0.390376
13.2 3 -0.342847
13.2 3.2 -0.198451
13.2 3.4 -0.0372595
13.2 3.6 0.0507513
13.2 3.8 0.0246506
13.2 4 -0.0846013
13.2 4.2 -0.190179
13.2 4.4 -0.206984
13.2 4.6 -0.0989833
13.2 4.8 0.0880464
13.2 5 0.254886
13.2 5.2 0.308751
13.2 5.4 0.221995
13.2 5.6 0.0501986
13.2 5.8 -0.107794
13.2 6 -0.166033
13.2 6.2 -0.108069
13.2 6.4 0.00846245
13.2 6.6 0.092431
13.2 6.8 0.0844516
13.2 7 -0.0114089
13.2 7.2 -0.123122
13.2 7.4 -0.176078
13.2 7.6 -0.132384
13.2 7.8 -0.027079
13.2 8 0.0631209
13.2 8.2 0.00876373
13.2 8.4 0

13.4 0 0
13.4 0.2 -0.00775154
13.4 0.4 -0.0567244
13.4 0.6 -0.0879064
13.4 0.8 -0.139074
13.4 1 -0.187706
13.4 1.2 -0.200065
13.4 1.4 -0.1632
13.4 1.6 -0.0835049
13.4 1.8 0.00392072
13.4 2 0.0491929
13.4 2.2 0.0244054
13.4 2.4 -0.0688901
13.4 2.6 -0.181086
13.4 2.8 -0.246318
13.4 3 -0.224637
13.4 3.2 -0.122776
13.4 3.4 -0.00182692
13.4 3.6 0.0607291
13.4 3.8 0.0252331
13.4 4 -0.0855868
13.4 4.2 -0.192167
13.4 4.4 -0.20905
13.4 4.6 -0.104168
13.4 4.8 0.0792301
13.4 5 0.241622
13.4 5.2 0.291953
13.4 5.4 0.204937
13.4 5.6 0.0357718
13.4 5.8 -0.105387
13.4 6 -0.13472
13.4 6.2 -0.0407975
13.4 6.4 0.106635
13.4 6.6 0.205037
13.4 6.8 0.18683
13.4 7 0.0626302
13.4 7.2 -0.0871046
13.4 7.4 -0.171298
13.4 7.6 -0.146408
13.4 7.8 -0.0484399
13.4 8 0.0393087
13.4 8.2 0.00544102
13.4 8.4 0

13.6 0 0
13.6 0.2 -0.0115743
13.6 0.4 -0.0844496
13.6 0.6 -0.0669895
13.6 0.8 -0.0559192
13.6 1 -0.0640679
13.6 1.2 -0.0865044
13.6 1.4 -0.102648
13.6 1.6 -0.0907102
13.6 1.8 -0.0441764
13.6 2 0.0109243
13.6 2.2 0.0396545
13.6 2.4 0.0203019
13.6 2.6 -0.033017
13.6 2.8 -0.0805737
13.6 3 -0.0835186
13.6 3.2 -0.0304303
13.6 3.4 0.039287
13.6 3.6 0.0703522
13.6 3.8 0.028173
13.6 4 -0.0751615
13.6 4.2 -0.172304
13.6 4.4 -0.189416
13.6 4.6 -0.0972453
13.6 4.8 0.0643402
13.6 5 0.206179
13.6 5.2 0.243539
13.6 5.4 0.154188
13.6 5.6 -0.00172034
13.6 5.8 -0.119337
13.6 6 -0.119015
13.6 6.2 0.00526021
13.6 6.4 0.174416
13.6 6.6 0.280014
13.6 6.8 0.254846
13.6 7 0.115629
13.6 7.2 -0.0475511
13.6 7.4 -0.139762
13.6 7.6 -0.113901
13.6 7.8 -0.00779762
13.6 8 0.0891206
13.6 8.2 0.0123435
13.6 8.4 0

13.8 0 0
13.8 0.2 -0.0160981
13.8 0.4 -0.117399
13.8 0.6 -0.0445575
13.8 0.8 0.0396198
13.8 1 0.0796558
13.8 1.2 0.0538383
13.8 1.4 -0.0173341
13.8 1.6 -0.0786425
13.8 1.8 -0.0863944
13.8 2 -0.0352048
13.8 2.2 0.0384444
13.8 2.4 0.0897633
13.8 2.6 0.0936752
13.8 2.8 0.0668161
13.8 3 0.0433988
13.8 3.2 0.04925
13.8 3.4 0.0750885
13.8 3.6 0.0841825
13.8 3.8 0.0453914
13.8 4 -0.0390923
13.8 4.2 -0.120241
13.8 4.4 -0.13912
13.8 4.6 -0.0705306
13.8 4.8 0.0576778
13.8 5 0.166837
13.8 5.2 0.185464
13.8 5.4 0.0978302
13.8 5.6 -0.0430085
13.8 5.8 -0.138168
13.8 6 -0.117563
13.8 6.2 0.0146392
13.8 6.4 0.183023
13.8 6.6 0.281986
13.8 6.8 0.252409
13.8 7 0.113857
13.8 7.2 -0.0404979
13.8 7.4 -0.116873
13.8 7.6 -0.071507
13.8 7.8 0.0530422
13.8 8 0.165072
13.8 8.2 0.0228339
13.8 8.4 0

14 0 0
14 0.2 -0.011331
14 0.4 -0.0833022
14 0.6 0.0333818
14 0.8 0.180828
14 1 0.262544
14 1.2 0.231199
14 1.4 0.109058
14 1.6 -0.0243517
14 1.8 -0.0921708
14 2 -0.0612888
14 2.2 0.0364358
14 2.4 0.134889
14 2.6 0.180128
14 2.8 0.167318
14 3 0.125904
14 3.2 0.0972449
14 3.4 0.0954578
14 3.6 0.100334
14 3.8 0.0802348
14 4 0.0245462
14 4.2 -0.0370803
14 4.4 -0.0628799
14 4.6 -0.0225026
14 4.8 0.064561
14 5 0.140437
14 5.2 0.145995
14 5.4 0.0641677
14 5.6 -0.0570082
14 5.8 -0.137796
14 6 -0.118777
14 6.2 -0.00399804
14 6.4 0.134759
14 6.6 0.211307
14 6.8 0.171804
14 7 0.0453438
14 7.2 -0.0847712
14 7.4 -0.128451
14 7.6 -0.0565221
14 7.8 0.0875201
14 8 0.209771
14 8.2 0.0289176
14 8.4 0

14.2 0 0
14.2 0.2 0.00200281
14.2 0.4 0.013613
14.2 0.6 0.154989
14.2 0.8 0.341591
14.2 1 0.450194
14.2 1.2 0.410981
14.2 1.4 0.24761
14.2 1.6 0.0551229
14.2 1.8 -0.0629616
14.2 2 -0.0560472
14.2 2.2 0.0438664
14.2 2.4 0.160696
14.2 2.6 0.221656
14.2 2.8 0.206648
14.2 3 0.147398
14.2 3.2 0.0980273
14.2 3.4 0.0885105
14.2 3.6 0.106827
14.2 3.8 0.119358
14.2 4 0.0997144
14.2 4.2 0.0550881
14.2 4.4 0.022107
14.2 4.6 0.0295832
14.2 4.8 0.0778515
14.2 5 0.126093
14.2 5.2 0.128017
14.2 5.4 0.0641731
14.2 5.6 -0.0341358
14.2 5.8 -0.106866
14.2 6 -0.104956
14.2 6.2 -0.0316844
14.2 6.4 0.0583926
14.2 6.6 0.0976195
14.2 6.8 0.0472224
14.2 7 -0.0625942
14.2 7.2 -0.159541
14.2 7.4 -0.168794
14.2 7.6 -0.0734854
14.2 7.8 0.0795238
14.2 8 0.202552
14.2 8.2 0.0278957
14.2 8.4 0

14.4 0 0
14.4 0.2 0.0123103
14.4 0.4 0.0891398
14.4 0.6 0.237574
14.4 0.8 0.435678
14.4 1 0.55139
14.4 1.2 0.507504
14.4 1.4 0.324959
14.4 1.6 0.108115
14.4 1.8 -0.0335399
14.4 2 -0.0420018
14.4 2.2 0.0505905
14.4 2.4 0.16333
14.4 2.6 0.214949
14.4 2.8 0.183185
14.4 3 0.105424
14.4 3.2 0.0454315
14.4 3.4 0.0417944
14.4 3.6 0.0864997
14.4 3.8 0.137717
14.4 4 0.153343
14.4 4.2 0.125767
14.4 4.4 0.0820383
14.4 4.6 0.0613843
14.4 4.8 0.0774856
14.4 5 0.110473
14.4 5.2 0.120889
14.4 5.4 0.0853317
14.4 5.6 0.0158059
14.4 5.8 -0.0475952
14.4 6 -0.0696959
14.4 6.2 -0.0437192
14.4 6.4 -0.00984826
14.4 6.6 -0.00960432
14.4 6.8 -0.0675546
14.4 7 -0.156692
14.4 7.2 -0.218138
14.4 7.4 -0.19983
14.4 7.6 -0.0931872
14.4 7.8 0.0540241
14.4 8 0.166212
14.4 8.2 0.0229663
14.4 8.4 0

14.6 0 0
14.6 0.2 0.00714506
14.6 0.4 0.0521406
14.6 0.6 0.194763
14.6 0.8 0.383106
14.6 1 0.492633
14.6 1.2 0.451634
14.6 1.4 0.282498
14.6 1.6 0.0830987
14.6 1.8 -0.0416069
14.6 2 -0.0431927
14.6 2.2 0.0458019
14.6 2.4 0.141018
14.6 2.6 0.167675
14.6 2.8 0.110642
14.6 3 0.0143165
14.6 3.2 -0.0515185
14.6 3.4 -0.0406447
14.6 3.6 0.0314265
14.6 3.8 0.119375
14.6 4 0.163352
14.6 4.2 0.14716
14.6 4.4 0.09504
14.6 4.6 0.0511013
14.6 4.8 0.0451681
14.6 5 0.0725814
14.6 5.2 0.100092
14.6 5.4 0.0988721
14.6 5.6 0.0632166
14.6 5.8 0.015023
14.6 6 -0.020078
14.6 6.2 -0.0322627
14.6 6.4 -0.0395664
14.6 6.6 -0.0664461
14.6 6.8 -0.122889
14.6 7 -0.187539
14.6 7.2 -0.216954
14.6 7.4 -0.178589
14.6 7.6 -0.0746221
14.6 7.8 0.0514093
14.6 8 0.141968
14.6 8.2 0.0196046
14.6 8.4 0

14.8 0 0
14.8 0.2 -0.014192
14.8 0.4 -0.102416
14.8 0.6 0.0262461
14.8 0.8 0.187405
14.8 1 0.279376
14.8 1.2 0.248802
14.8 1.4 0.120288
14.8 1.6 -0.0218984
14.8 1.8 -0.0940032
14.8 2 -0.0642289
14.8 2.2 0.0267611
14.8 2.4 0.101565
14.8 2.6 0.0996557
14.8 2.8 0.0141305
14.8 3 -0.0980496
14.8 3.2 -0.164594
14.8 3.4 -0.143121
14.8 3.6 -0.0490434
14.8 3.8 0.0610376
14.8 4 0.123997
14.8 4.2 0.116152
14.8 4.4 0.0582856
14.8 4.6 -4.84459e-05
14.8 4.8 -0.0205131
14.8 5 0.00335935
14.8 5.2 0.0472468
14.8 5.4 0.0777657
14.8 5.6 0.0769958
14.8 5.8 0.0537884
14.8 6 0.0218048
14.8 6.2 -0.00286234
14.8 6.4 -0.0262773
14.8 6.6 -0.0580366
14.8 6.8 -0.100502
14.8 7 -0.138242
14.8 7.2 -0.144802
14.8 7.4 -0.0993102
14.8 7.6 -0.0120808
14.8 7.8 0.0833576
14.8 8 0.148928
14.8 8.2 0.0206471
14.8 8.4 0

15 0 0
15 0.2 -0.0367179
15 0.4 -0.265506
15 0.6 -0.162734
15 0.8 -0.0461414
15 1 0.0188942
15 1.2 0.000244295
15 1.4 -0.0762954
15 1.6 -0.144697
15 1.8 -0.150657
15 2 -0.0823182
15 2.2 0.0135354
15 2.4 0.0697248
15 2.6 0.0408499
15 2.8 -0.063688
15 3 -0.184536
15 3.2 -0.251293
15 3.4 -0.225048
15 3.6 -0.126366
15 3.8 -0.0119448
15 4 0.0565884
15 4.2 0.0534892
15 4.4 -0.00304218
15 4.6 -0.066736
15 4.8 -0.0973681
15 5 -0.0807007
15 5.2 -0.0324309
15 5.4 0.0153745
15 5.6 0.0419396
15 5.8 0.0473961
15 6 0.0379933
15 6.2 0.0279219
15 6.4 0.0146784
15 6.6 -0.00264623
15 6.8 -0.0247926
15 7 -0.0408144
15 7.2 -0.0354659
15 7.4 0.00184429
15 7.6 0.0611824
15 7.8 0.119389
15 8 0.037286
15 8.2 0
15 8.4 0

15.2 0 0
15.2 0.2 -0.0398014
15.2 0.4 -0.288018
15.2 0.6 -0.226076
15.2 0.8 -0.166222
15.2 1 -0.138923
15.2 1.2 -0.155276
15.2 1.4 -0.18759
15.2 1.6 -0.195596
15.2 1.8 -0.148477
15.2 2 -0.0560862
15.2 2.2 0.0347007
15.2 2.4 0.0705948
15.2 2.6 0.0219725
15.2 2.8 -0.0894068
15.2 3 -0.208729
15.2 3.2 -0.27336
15.2 3.4 -0.254819
15.2 3.6 -0.170443
15.2 3.8 -0.0698863
15.2 4 -0.00684972
15.2 4.2 -0.00352592
15.2 4.4 -0.0502389
15.2 4.6 -0.108462
15.2 4.8 -0.144964
15.2 5 -0.143445
15.2 5.2 -0.110998
15.2 5.4 -0.0682677
15.2 5.6 -0.0307064
15.2 5.8 -0.00117428
15.2 6 0.0217734
15.2 6.2 0.0424814
15.2 6.4 0.0579767
15.2 6.6 0.0622137
15.2 6.8 0.0578788
15.2 7 0.0500455
15.2 7.2 0.0497662
15.2 7.4 0.0643351
15.2 7.6 0.0912602
15.2 7.8 0.117622
15.2 8 0.0162197
15.2 8.2 0
15.2 8.4 0

15.4 0 0
15.4 0.2 -0.0140978
15.4 0.4 -0.101321
15.4 0.6 -0.0904476
15.4 0.8 -0.091054
15.4 1 -0.106632
15.4 1.2 -0.129776
15.4 1.4 -0.142788
15.4 1.6 -0.119736
15.4 1.8 -0.0572949
15.4 2 0.0269176
15.4 2.2 0.0931892
15.4 2.4 0.106937
15.4 2.6 0.0509827
15.4 2.8 -0.0498169
15.4 3 -0.15425
15.4 3.2 -0.216527
15.4 3.4 -0.215973
15.4 3.6 -0.163653
15.4 3.8 -0.0934719
15.4 4 -0.0427056
15.4 4.2 -0.0295665
15.4 4.4 -0.0530506
15.4 4.6 -0.0929749
15.4 4.8 -0.130057
15.4 5 -0.150707
15.4 5.2 -0.151729
15.4 5.4 -0.135013
15.4 5.6 -0.105028
15.4 5.8 -0.062345
15.4 6 -0.0111067
15.4 6.2 0.0417027
15.4 6.4 0.0835604
15.4 6.6 0.104879
15.4 6.8 0.105742
15.4 7 0.0901607
15.4 7.2 0.0692233
15.4 7.4 0.0511493
15.4 7.6 0.0373274
15.4 7.8 0.0310346
15.4 8 0.00439491
15.4 8.2 0
15.4 8.4 0

15.6 0 0
15.6 0.2 0.0283777
15.6 0.4 0.206855
15.6 0.6 0.171213
15.6 0.8 0.125295
15.6 1 0.0795301
15.6 1.2 0.0450264
15.6 1.4 0.0336756
15.6 1.6 0.0503464
15.6 1.8 0.0895341
15.6 2 0.133756
15.6 2.2 0.159889
15.6 2.4 0.150117
15.6 2.6 0.102909
15.6 2.8 0.0318212
15.6 3 -0.0442815
15.6 3.2 -0.0985308
15.6 3.4 -0.122376
15.6 3.6 -0.114732
15.6 3.8 -0.0875175
15.6 4 -0.0518721
15.6 4.2 -0.0220623
15.6 4.4 -0.00835492
15.6 4.6 -0.0164443
15.6 4.8 -0.0456691
15.6 5 -0.088813
15.6 5.2 -0.131063
15.6 5.4 -0.153969
15.6 5.6 -0.145011
15.6 5.8 -0.10132
15.6 6 -0.0335834
15.6 6.2 0.0371736
15.6 6.4 0.0895836
15.6 6.6 0.109574
15.6 6.8 0.0998861
15.6 7 0.0675865
15.6 7.2 0.023671
15.6 7.4 -0.0239786
15.6 7.6 -0.0716669
15.6 7.8 -0.112634
15.6 8 -0.0155222
15.6 8.2 0
15.6 8.4 0

15.8 0 0
15.8 0.2 0.0598288
15.8 0.4 0.434465
15.8 0.6 0.377425
15.8 0.8 0.320516
15.8 1 0.274127
15.8 1.2 0.242249
15.8 1.4 0.22487
15.8 1.6 0.216454
15.8 1.8 0.207471
15.8 2 0.195014
15.8 2.2 0.176925
15.8 2.4 0.156914
15.8 2.6 0.136588
15.8 2.8 0.113551
15.8 3 0.080789
15.8 3.2 0.0366558
15.8 3.4 -0.0156286
15.8 3.6 -0.0588958
15.8 3.8 -0.0752252
15.8 4 -0.0543975
15.8 4.2 -0.00153783
15.8 4.4 0.0567441
15.8 4.6 0.0905181
15.8 4.8 0.0783627
15.8 5 0.0210818
15.8 5.2 -0.0555673
15.8 5.4 -0.115528
15.8 5.6 -0.132752
15.8 5.8 -0.0956287
15.8 6 -0.026751
15.8 6.2 0.0418515
15.8 6.4 0.0821081
15.8 6.6 0.082695
15.8 6.8 0.0510035
15.8 7 0.00395194
15.8 7.2 -0.0475139
15.8 7.4 -0.100195
15.8 7.6 -0.156543
15.8 7.8 -0.23045
15.8 8 -0.0318614
15.8 8.2 0
15.8 8.4 0

16 0 0
16 0.2 0.0559642
16 0.4 0.406205
16 0.6 0.367542
16 0.8 0.340309
16 1 0.326173
16 1.2 0.319048
16 1.4 0.30622
16 1.6 0.27339
16 1.8 0.217953
16 2 0.154424
16 2.2 0.107385
16 2.4 0.0951629
16 2.6 0.119512
16 2.8 0.157624
16 3 0.173286
16 3.2 0.142111
16 3.4 0.0635178
16 3.6 -0.0265463
16 3.8 -0.0842568
16 4 -0.0743503
16 4.2 0.00248651
16 4.4 0.105136
16 4.6 0.181226
16 4.8 0.190375
16 5 0.130195
16 5.2 0.0350345
16 5.4 -0.0463501
16 5.6 -0.0742018
16 5.8 -0.0432105
16 6 0.0144211
16 6.2 0.0617821
16 6.4 0.0703947
16 6.6 0.0363442
16 6.8 -0.0167821
16 7 -0.0664698
16 7.2 -0.0990644
16 7.4 -0.11866
16 7.6 -0.137613
16 7.8 -0.0508993
16 8 0
16 8.2 0
16 8.4 0

16.2 0 0
16.2 0.2 0.0157922
16.2 0.4 0.114551
16.2 0.6 0.123391
16.2 0.8 0.152994
16.2 1 0.193397
16.2 1.2 0.227016
16.2 1.4 0.230117
16.2 1.6 0.18732
16.2 1.8 0.1044
16.2 2 0.0156766
16.2 2.2 -0.037555
16.2 2.4 -0.0230591
16.2 2.6 0.0546177
16.2 2.8 0.1522
16.2 3 0.211216
16.2 3.2 0.190858
16.2 3.4 0.0908786
16.2 3.6 -0.038278
16.2 3.8 -0.126166
16.2 4 -0.123136
16.2 4.2 -0.0293364
16.2 4.4 0.105702
16.2 4.6 0.212712
16.2 4.8 0.240134
16.2 5 0.185098
16.2 5.2 0.0900751
16.2 5.4 0.0139358
16.2 5.6 -0.00452074
16.2 5.8 0.0293466
16.2 6 0.0753732
16.2 6.2 0.089327
16.2 6.4 0.0541304
16.2 6.6 -0.0180143
16.2 6.8 -0.0885995
16.2 7 -0.12144
16.2 7.2 -0.111662
16.2 7.4 -0.0757634
16.2 7.6 -0.0485485
16.2 7.8 -0.00671739
16.2 8 0
16.2 8.2 0
16.2 8.4 0

16.4 0 0
16.4 0.2 -0.0351609
16.4 0.4 -0.255916
16.4 0.6 -0.198798
16.4 0.8 -0.11744
16.4 1 -0.0292691
16.4 1.2 0.0403798
16.4 1.4 0.0622026
16.4 1.6 0.0223444
16.4 1.8 -0.0630517
16.4 2 -0.150747
16.4 2.2 -0.186687
16.4 2.4 -0.137791
16.4 2.6 -0.0163644
16.4 2.8 0.123507
16.4 3 0.206234
16.4 3.2 0.187056
16.4 3.4 0.0690573
16.4 3.6 -0.0809543
16.4 3.8 -0.184344
16.4 4 -0.18279
16.4 4.2 -0.0813499
16.4 4.4 0.0637708
16.4 4.6 0.176295
16.4 4.8 0.206037
16.4 5 0.156084
16.4 5.2 0.0790641
16.4 5.4 0.0319891
16.4 5.6 0.0428291
16.4 5.8 0.0940183
16.4 6 0.131675
16.4 6.2 0.113575
16.4 6.4 0.031554
16.4 6.6 -0.0750003
16.4 6.8 -0.151735
16.4 7 -0.157629
16.4 7.2 -0.0949339
16.4 7.4 -0.00249006
16.4 7.6 0.0736104
16.4 7.8 0.0102128
16.4 8 0
16.4 8.2 0
16.4 8.4 0

16.6 0 0
16.6 0.2 -0.061305
16.6 0.4 -0.445371
16.6 0.6 -0.370208
16.6 0.8 -0.274961
16.6 1 -0.177927
16.6 1.2 -0.102012
16.6 1.4 -0.0747191
16.6 1.6 -0.106398
16.6 1.8 -0.17819
16.6 2 -0.245157
16.6 2.2 -0.256655
16.6 2.4 -0.181382
16.6 2.6 -0.0410607
16.6 2.8 0.103318
16.6 3 0.182728
16.6 3.2 0.151578
16.6 3.4 0.0241968
16.6 3.6 -0.128491
16.6 3.8 -0.227582
16.6 4 -0.222503
16.6 4.2 -0.124527
16.6 4.4 0.00384503
16.6 4.6 0.0929679
16.6 4.8 0.102334
16.6 5 0.0508554
16.6 5.2 -0.00261044
16.6 5.4 -0.00533941
16.6 5.6 0.0509231
16.6 5.8 0.130136
16.6 6 0.168133
16.6 6.2 0.122623
16.6 6.4 0.00312842
16.6 6.6 -0.129594
16.6 6.8 -0.202999
16.6 7 -0.180835
16.6 7.2 -0.0768429
16.6 7.4 0.0533515
16.6 7.6 0.166985
16.6 7.8 0.0230607
16.6 8 0
16.6 8.2 0
16.6 8.4 0

16.8 0 0
16.8 0.2 -0.0421556
16.8 0.4 -0.306445
16.8 0.6 -0.260091
16.8 0.8 -0.203716
16.8 1 -0.1456
16.8 1.2 -0.101774
16.8 1.4 -0.0903287
16.8 1.6 -0.117708
16.8 1.8 -0.168865
16.8 2 -0.207785
16.8 2.2 -0.195784
16.8 2.4 -0.117548
16.8 2.6 0.00367147
16.8 2.8 0.115256
16.8 3 0.157196
16.8 3.2 0.104922
16.8 3.4 -0.0208425
16.8 3.6 -0.151878
16.8 3.8 -0.224583
16.8 4 -0.206123
16.8 4.2 -0.121193
16.8 4.4 -0.031282
16.8 4.6 0.00572274
16.8 4.8 -0.0250626
16.8 5 -0.0875408
16.8 5.2 -0.120329
16.8 5.4 -0.078461
16.8 5.6 0.0273351
16.8 5.8 0.13778
16.8 6 0.179255
16.8 6.2 0.116145
16.8 6.4 -0.0260213
16.8 6.6 -0.166241
16.8 6.8 -0.22843
16.8 7 -0.18185
16.8 7.2 -0.0606796
16.8 7.4 0.0494983
16.8 7.6 0.0298337
16.8 7.8 0
16.8 8 0
16.8 8.2 0
16.8 8.4 0

17 0 0
17 0.2 0.0104287
17 0.4 0.0752413
17 0.6 0.0601799
17 0.8 0.0448446
17 1 0.0318836
17 1.2 0.0189962
17 1.4 0.00234773
17 1.6 -0.025342
17 1.8 -0.0534213
17 2 -0.0638035
17 2.2 -0.0398719
17 2.4 0.0200797
17 2.6 0.0929836
17 2.8 0.139755
17 3 0.127457
17 3.2 0.0519612
17 3.4 -0.0589102
17 3.6 -0.144998
17 3.8 -0.172524
17 4 -0.130445
17 4.2 -0.0615233
17 4.4 -0.0204954
17 4.6 -0.047428
17 4.8 -0.129252
17 5 -0.210933
17 5.2 -0.228796
17 5.4 -0.149336
17 5.6 -0.00499705
17 5.8 0.128147
17 6 0.17204
17 6.2 0.100324
17 6.4 -0.044563
17 6.6 -0.175626
17 6.8 -0.213803
17 7 -0.140909
17 7.2 -0.00802884
17 7.4 0.091771
17 7.6 0.0126571
17 7.8 0
17 8 0
17 8.2 0
17 8.4 0

17.2 0 0
17.2 0.2 0.0589446
17.2 0.4 0.427647
17.2 0.6 0.355777
17.2 0.8 0.272243
17.2 1 0.193955
17.2 1.2 0.130801
17.2 1.4 0.0920723
17.2 1.6 0.0735253
17.2 1.8 0.075133
17.2 2 0.0929014
17.2 2.2 0.1233
17.2 2.4 0.152222
17.2 2.6 0.161759
17.2 2.8 0.134343
17.2 3 0.0664861
17.2 3.2 -0.0227444
17.2 3.4 -0.0986477
17.2 3.6 -0.123104
17.2 3.8 -0.0884271
17.2 4 -0.0169724
17.2 4.2 0.0378755
17.2 4.4 0.0298682
17.2 4.6 -0.0558062
17.2 4.8 -0.182686
17.2 5 -0.281185
17.2 5.2 -0.287949
17.2 5.4 -0.186033
17.2 5.6 -0.0244624
17.2 5.8 0.113858
17.2 6 0.152252
17.2 6.2 0.0805887
17.2 6.4 -0.0520009
17.2 6.6 -0.153214
17.2 6.8 -0.152199
17.2 7 -0.0483617
17.2 7.2 0.0874444
17.2 7.4 0.153728
17.2 7.6 0.0212219
17.2 7.8 0
17.2 8 0
17.2 8.2 0
17.2 8.4 0

17.4 0 0
17.4 0.2 0.0659798
17.4 0.4 0.47914
17.4 0.6 0.390524
17.4 0.8 0.282028
17.4 1 0.177641
17.4 1.2 0.0982642
17.4 1.4 0.0620092
17.4 1.6 0.0678907
17.4 1.8 0.10695
17.4 2 0.158284
17.4 2.2 0.196334
17.4 2.4 0.198569
17.4 2.6 0.15293
17.4 2.8 0.0659879
17.4 3 -0.037733
17.4 3.2 -0.119955
17.4 3.4 -0.148045
17.4 3.6 -0.103857
17.4 3.8 -0.00756549
17.4 4 0.0907804
17.4 4.2 0.135977
17.4 4.4 0.0902771
17.4 4.6 -0.0341485
17.4 4.8 -0.185416
17.4 5 -0.286706
17.4 5.2 -0.282603
17.4 5.4 -0.17584
17.4 5.6 -0.0204512
17.4 5.8 0.0998991
17.4 6 0.124
17.4 6.2 0.0524054
17.4 6.4 -0.0544106
17.4 6.6 -0.110477
17.4 6.8 -0.0594418
17.4 7 0.0796651
17.4 7.2 0.221383
17.4 7.4 0.0518067
17.4 7.6 0
17.4 7.8 0
17.4 8 0
17.4 8.2 0
17.4 8.4 0

17.6 0 0
17.6 0.2 0.0216389
17.6 0.4 0.157429
17.6 0.6 0.103063
17.6 0.8 0.0243268
17.6 1 -0.0525465
17.6 1.2 -0.106667
17.6 1.4 -0.112392
17.6 1.6 -0.0709742
17.6 1.8 0.00845152
17.6 2 0.0935264
17.6 2.2 0.144568
17.6 2.4 0.134415
17.6 2.6 0.0581559
17.6 2.8 -0.0599663
17.6 3 -0.17174
17.6 3.2 -0.227552
17.6 3.4 -0.199615
17.6 3.6 -0.0933439
17.6 3.8 0.0474242
17.6 4 0.16039
17.6 4.2 0.192218
17.6 4.4 0.124226
17.6 4.6 -0.0137563
17.6 4.8 -0.158341
17.6 5 -0.241419
17.6 5.2 -0.223743
17.6 5.4 -0.122156
17.6 5.6 0.0044675
17.6 5.8 0.0870753
17.6 6 0.0842044
17.6 6.2 0.01077
17.6 6.4 -0.0672907
17.6 6.6 -0.0735606
17.6 6.8 0.0269142
17.6 7 0.208076
17.6 7.2 0.387144
17.6 7.4 0.0534726
17.6 7.6 0
17.6 7.8 0
17.6 8 0
17.6 8.2 0
17.6 8.4 0

17.8 0 0
17.8 0.2 -0.0476489
17.8 0.4 -0.345781
17.8 0.6 -0.335008
17.8 0.8 -0.345721
17.8 1 -0.362516
17.8 1.2 -0.368375
17.8 1.4 -0.33819
17.8 1.6 -0.265868
17.8 1.8 -0.157451
17.8 2 -0.048921
17.8 2.2 0.015476
17.8 2.4 0.00771429
17.8 2.6 -0.0739299
17.8 2.8 -0.188501
17.8 3 -0.280915
17.8 3.2 -0.298546
17.8 3.4 -0.222393
17.8 3.6 -0.0770142
17.8 3.8 0.0776454
17.8 4 0.179379
17.8 4.2 0.189096
17.8 4.4 0.109199
17.8 4.6 -0.0157434
17.8 4.8 -0.125992
17.8 5 -0.169735
17.8 5.2 -0.133191
17.8 5.4 -0.0468027
17.8 5.6 0.0383939
17.8 5.8 0.0706201
17.8 6 0.0333641
17.8 6.2 -0.0408125
17.8 6.4 -0.0942599
17.8 6.6 -0.0661163
17.8 6.8 0.0627039
17.8 7 0.264431
17.8 7.2 0.509838
17.8 7.4 0.0703832
17.8 7.6 0
17.8 7.8 0
17.8 8 0
17.8 8.2 0
17.8 8.4 0

18 0 0
18 0.2 -0.0963501
18 0.4 -0.698753
18 0.6 -0.628274
18 0.8 -0.572934
18 1 -0.533242
18 1.2 -0.501047
18 1.4 -0.45671
18 1.6 -0.380811
18 1.8 -0.273309
18 2 -0.163445
18 2.2 -0.0930553
18 2.4 -0.0922607
18 2.6 -0.159778
18 2.8 -0.252661
18 3 -0.312912
18 3.2 -0.292425
18 3.4 -0.187219
18 3.6 -0.0365328
18 3.8 0.0970435
18 4 0.160998
18 4.2 0.135264
18 4.4 0.0478858
18 4.6 -0.0469656
18 4.8 -0.102639
18 5 -0.0948476
18 5.2 -0.037541
18 5.4 0.0313597
18 5.6 0.0694698
18 5.8 0.0521765
18 6 -0.0144294
18 6.2 -0.0879732
18 6.4 -0.124584
18 6.6 -0.0865009
18 6.8 0.02646
18 7 0.161046
18 7.2 0.0925635
18 7.4 0
18 7.6 0
18 7.8 0
18 8 0
18 8.2 0
18 8.4 0

18.2 0 0
18.2 0.2 -0.0907428
18.2 0.4 -0.658373
18.2 0.6 -0.56633
18.2 0.8 -0.477954
18.2 1 -0.416464
18.2 1.2 -0.385218
18.2 1.4 -0.363597
18.2 1.6 -0.324232
18.2 1.8 -0.252571
18.2 2 -0.165624
18.2 2.2 -0.103982
18.2 2.4 -0.0969723
18.2 2.6 -0.148238
18.2 2.8 -0.213124
18.2 3 -0.241343
18.2 3.2 -0.196852
18.2 3.4 -0.0840444
18.2 3.6 0.0439899
18.2 3.8 0.128421
18.2 4 0.131483
18.2 4.2 0.0638822
18.2 4.4 -0.0284856
18.2 4.6 -0.0885507
18.2 4.8 -0.0878658
18.2 5 -0.0291918
18.2 5.2 0.0467373
18.2 5.4 0.0953361
18.2 5.6 0.0921594
18.2 5.8 0.0368261
18.2 6 -0.0391658
18.2 6.2 -0.10267
18.2 6.4 -0.126439
18.2 6.6 -0.0977947
18.2 6.8 -0.0180838
18.2 7 0.10438
18.2 7.2 0.0143298
18.2 7.4 0
18.2 7.6 0
18.2 7.8 0
18.2 8 0
18.2 8.2 0
18.2 8.4 0

18.4 0 0
18.4 0.2 -0.0338595
18.4 0.4 -0.245718
18.4 0.6 -0.173508
18.4 0.8 -0.0949313
18.4 1 -0.0498308
18.4 1.2 -0.05792
18.4 1.4 -0.0930738
18.4 1.6 -0.120955
18.4 1.8 -0.107982
18.4 2 -0.0615838
18.4 2.2 -0.0167048
18.4 2.4 -0.0100022
18.4 2.6 -0.0465694
18.4 2.8 -0.0914106
18.4 3 -0.0998914
18.4 3.2 -0.0437134
18.4 3.4 0.0580475
18.4 3.6 0.14734
18.4 3.8 0.172757
18.4 4 0.113771
18.4 4.2 0.00357733
18.4 4.4 -0.092787
18.4 4.6 -0.120967
18.4 4.8 -0.0694376
18.4 5 0.0249901
18.4 5.2 0.107497
18.4 5.4 0.132209
18.4 5.6 0.095176
18.4 5.8 0.0262185
18.4 6 -0.0338454
18.4 6.2 -0.0638627
18.4 6.4 -0.0675661
18.4 6.6 -0.0647055
18.4 6.8 -0.0687062
18.4 7 0.0049587
18.4 7.2 0
18.4 7.4 0
18.4 7.6 0
18.4 7.8 0
18.4 8 0
18.4 8.2 0
18.4 8.4 0

18.6 0 0
18.6 0.2 0.0363081
18.6 0.4 0.263767
18.6 0.6 0.300883
18.6 0.8 0.351682
18.6 1 0.359217
18.6 1.2 0.296652
18.6 1.4 0.192383
18.6 1.6 0.0960547
18.6 1.8 0.0542769
18.6 2 0.0658075
18.6 2.2 0.0947328
18.6 2.4 0.102169
18.6 2.6 0.0741519
18.6 2.8 0.0408053
18.6 3 0.0415786
18.6 3.2 0.0986541
18.6 3.4 0.185696
18.6 3.6 0.241011
18.6 3.8 0.219254
18.6 4 0.112127
18.6 4.2 -0.0260176
18.6 4.4 -0.122161
18.6 4.6 -0.124853
18.6 4.8 -0.0426236
18.6 5 0.0675165
18.6 5.2 0.137275
18.6 5.4 0.1307
18.6 5.6 0.0691079
18.6 5.8 0.00673338
18.6 6 -0.0101843
18.6 6.2 0.0222662
18.6 6.4 0.0590355
18.6 6.6 0.0440456
18.6 6.8 -0.0441764
18.6 7 -0.00593997
18.6 7.2 0
18.6 7.4 0
18.6 7.6 0
18.6 7.8 0
18.6 8 0
18.6 8.2 0
18.6 8.4 0

18.8 0 0
18.8 0.2 0.0738744
18.8 0.4 0.535355
18.8 0.6 0.55274
18.8 0.8 0.587534
18.8 1 0.568207
18.8 1.2 0.466241
18.8 1.4 0.312971
18.8 1.6 0.173215
18.8 1.8 0.103277
18.8 2 0.103802
18.8 2.2 0.137377
18.8 2.4 0.152582
18.8 2.6 0.132613
18.8 2.8 0.104055
18.8 3 0.108341
18.8 3.2 0.165084
18.8 3.4 0.246269
18.8 3.6 0.288157
18.8 3.8 0.245511
18.8 4 0.115924
18.8 4.2 -0.0303091
18.8 4.4 -0.117279
18.8 4.6 -0.100888
18.8 4.8 -0.00536428
18.8 5 0.0965696
18.8 5.2 0.131513
18.8 5.4 0.0842558
18.8 5.6 -0.00162057
18.8 5.8 -0.0473952
18.8 6 -0.00544337
18.8 6.2 0.112283
18.8 6.4 0.223106
18.8 6.6 0.222903
18.8 6.8 0.0248405
18.8 7 0
18.8 7.2 0
18.8 7.4 0
18.8 7.6 0
18.8 7.8 0
18.8 8 0
18.8 8.2 0
18.8 8.4 0

19 0 0
19 0.2 0.0560988
19 0.4 0.406694
19 0.6 0.441566
19 0.8 0.48999
19 1 0.474018
19 1.2 0.363256
19 1.4 0.195608
19 1.6 0.0480584
19 1.8 -0.0165669
19 2 0.00562368
19 2.2 0.0639128
19 2.4 0.100453
19 2.6 0.0914219
19 2.8 0.0659062
19 3 0.0731581
19 3.2 0.137478
19 3.4 0.227501
19 3.6 0.279144
19 3.8 0.240755
19 4 0.11912
19 4.2 -0.0183018
19 4.4 -0.0902853
19 4.6 -0.0603246
19 4.8 0.0346422
19 5 0.1115
19 5.2 0.0996065
19 5.4 -0.00142758
19 5.6 -0.121089
19 5.8 -0.159225
19 6 -0.0633525
19 6.2 0.14201
19 6.4 0.358323
19 6.6 0.0801351
19 6.8 0
19 7 0
19 7.2 0
19 7.4 0
19 7.6 0
19 7.8 0
19 8 0
19 8.2 0
19 8.4 0

19.2 0 0
19.2 0.2 0.000454813
19.2 0.4 0.00302332
19.2 0.6 0.082529
19.2 0.8 0.168907
19.2 1 0.177473
19.2 1.2 0.0805296
19.2 1.4 -0.0764273
19.2 1.6 -0.207513
19.2 1.8 -0.241915
19.2 2 -0.18088
19.2 2.2 -0.0837014
19.2 2.4 -0.0200054
19.2 2.6 -0.0165932
19.2 2.8 -0.0381216
19.2 3 -0.0259231
19.2 3.2 0.0502659
19.2 3.4 0.161218
19.2 3.6 0.235235
19.2 3.8 0.218308
19.2 4 0.115608
19.2 4.2 -0.00441435
19.2 4.4 -0.0597249
19.2 4.6 -0.020062
19.2 4.8 0.0704977
19.2 5 0.11833
19.2 5.2 0.0548935
19.2 5.4 -0.104531
19.2 5.6 -0.265954
19.2 5.8 -0.316604
19.2 6 -0.204476
19.2 6.2 0.0437257
19.2 6.4 0.40565
19.2 6.6 0.0558201
19.2 6.8 0
19.2 7 0
19.2 7.2 0
19.2 7.4 0
19.2 7.6 0
19.2 7.8 0
19.2 8 0
19.2 8.2 0
19.2 8.4 0

19.4 0 0
19.4 0.2 -0.0491043
19.4 0.4 -0.356957
19.4 0.6 -0.236538
19.4 0.8 -0.113574
19.4 1 -0.0782134
19.4 1.2 -0.161265
19.4 1.4 -0.311048
19.4 1.6 -0.427666
19.4 1.8 -0.438251
19.4 2 -0.342712
19.4 2.2 -0.211094
19.4 2.4 -0.124131
19.4 2.6 -0.110264
19.4 2.8 -0.129952
19.4 3 -0.112889
19.4 3.2 -0.0237363
19.4 3.4 0.107949
19.4 3.6 0.205714
19.4 3.8 0.206647
19.4 4 0.115025
19.4 4.2 0.00348552
19.4 4.4 -0.0432048
19.4 4.6 0.00539457
19.4 4.8 0.0947479
19.4 5 0.123314
19.4 5.2 0.0230796
19.4 5.4 -0.183346
19.4 5.6 -0.385849
19.4 5.8 -0.465086
19.4 6 -0.385925
19.4 6.2 -0.246655
19.4 6.4 0.0219293
19.4 6.6 0
19.4 6.8 0
19.4 7 0
19.4 7.2 0
19.4 7.4 0
19.4 7.6 0
19.4 7.8 0
19.4 8 0
19.4 8.2 0
19.4 8.4 0

19.6 0 0
19.6 0.2 0
19.6 0.4 -0.0491043
19.6 0.6 -0.0325608
19.6 0.8 -0.0156797
19.6 1 -0.0107317
19.6 1.2 -0.0221217
19.6 1.4 -0.0428394
19.6 1.6 -0.0588009
19.6 1.8 -0.060365
19.6 2 -0.047201
19.6 2.2 -0.0290422
19.6 2.4 -0.0171054
19.6 2.6 -0.0151596
19.6 2.8 -0.0179361
19.6 3 -0.0155132
19.6 3.2 -0.00322919
19.6 3.4 0.0147763
19.6 3.6 0.0283588
19.6 3.8 0.0284347
19.6 4 0.0158472
19.6 4.2 0.000525981
19.6 4.4 -0.00594371
19.6 4.6 0.00084787
19.6 4.8 0.013076
19.6 5 0.0169092
19.6 5.2 0.00317462
19.6 5.4 -0.0252511
19.6 5.6 -0.053104
19.6 5.8 -0.0639956
19.6 6 -0.0530482
19.6 6.2 -0.0338908
19.6 6.4 0
19.6 6.6 0
19.6 6.8 0
19.6 7 0
19.6 7.2 0
19.6 7.4 0
19.6 7.6 0
19.6 7.8 0
19.6 8 0
19.6 8.2 0
19.6 8.4 0

19.8 0 0
19.8 0.2 0
19.8 0.4 0
19.8 0.6 0
19.8 0.8 0
19.8 1 0
19.8 1.2 0
19.8 1.4 0
19.8 1.6 0
19.8 1.8 0
19.8 2 0
19.8 2.2 0
19.8 2.4 0
19.8 2.6 0
19.8 2.8 0
19.8 3 0
19.8 3.2 0
19.8 3.4 0
19.8 3.6 0
19.8 3.8 0
19.8 4 0
19.8 4.2 0
19.8 4.4 0
19.8 4.6 0
19.8 4.8 0
19.8 5 0
19.8 5.2 0
19.8 5.4 0
19.8 5.6 0
19.8 5.8 0
19.8 6 0
19.8 6.2 0
19.8 6.4 0
19.8 6.6 0
19.8 6.8 0
19.8 7 0
19.8 7.2 0
19.8 7.4 0
19.8 7.6 0
19.8 7.8 0
19.8 8 0
19.8 8.2 0
19.8 8.4 0

