0 0 0
0 0.2 0
0 0.4 0
0 0.6 0
0 0.8 0
0 1 0
0 1.2 0
0 1.4 0
0 1.6 0
0 1.8 0
0 2 0
0 2.2 0
0 2.4 0
0 2.6 0
0 2.8 0
0 3 0
0 3.2 0
0 3.4 0
0 3.6 0
0 3.8 0
0 4 0
0 4.2 0
0 4.4 0
0 4.6 0
0 4.8 0
0 5 0
0 5.2 0
0 5.4 0
0 5.6 0
0 5.8 0
0 6 0
0 6.2 0
0 6.4 0
0 6.6 0
0 6.8 0
0 7 0
0 7.2 0
0 7.4 0
0 7.6 0
0 7.8 0
0 8 0
0 8.2 0
0 8.4 0

0.2 0 0
0.2 0.2 0
0.2 0.4 0.0397654
0.2 0.6 0.0273768
0.2 0.8 0.0122634
0.2 1 0.000801693
0.2 1.2 -0.00342686
0.2 1.4 -0.00155922
0.2 1.6 0.00189856
0.2 1.8 0.00274157
0.2 2 0.000150614
0.2 2.2 -0.00254081
0.2 2.4 -0.000487941
0.2 2.6 0.00859638
0.2 2.8 0.0221637
0.2 3 0.033613
0.2 3.2 0.0362997
0.2 3.4 0.0278762
0.2 3.6 0.0122986
0.2 3.8 -0.0025382
0.2 4 -0.00935458
0.2 4.2 -0.00616409
0.2 4.4 0.00267002
0.2 4.6 0.00956407
0.2 4.8 0.00903674
0.2 5 0.00128514
0.2 5.2 -0.00754478
0.2 5.4 -0.00983576
0.2 5.6 -0.00181518
0.2 5.8 0.0134896
0.2 6 0.0273151
0.2 6.2 0
0.2 6.4 0
0.2 6.6 0
0.2 6.8 0
0.2 7 0
0.2 7.2 0
0.2 7.4 0
0.2 7.6 0
0.2 7.8 0
0.2 8 0
0.2 8.2 0
0.2 8.4 0

0.4 0 0
0.4 0.2 0.0397654
0.4 0.4 0.288495
0.4 0.6 0.198513
0.4 0.8 0.0887311
0.4 1 0.00543691
0.4 1.2 -0.0252798
0.4 1.4 -0.0118775
0.4 1.6 0.0131869
0.4 1.8 0.0189744
0.4 2 0.000130927
0.4 2.2 -0.0192839
0.4 2.4 -0.00414989
0.4 2.6 0.0622691
0.4 2.8 0.161111
0.4 3 0.244492
0.4 3.2 0.263828
0.4 3.4 0.202394
0.4 3.6 0.0889017
0.4 3.8 -0.0187982
0.4 4 -0.0680595
0.4 4.2 -0.0446285
0.4 4.4 0.0196916
0.4 4.6 0.0696956
0.4 4.8 0.0651697
0.4 5 0.00838548
0.4 5.2 -0.0560509
0.4 5.4 -0.0725125
0.4 5.6 -0.01358
0.4 5.8 0.0981059
0.4 6 0.198907
0.4 6.2 0.0544461
0.4 6.4 0
0.4 6.6 0
0.4 6.8 0
0.4 7 0
0.4 7.2 0
0.4 7.4 0
0.4 7.6 0
0.4 7.8 0
0.4 8 0
0.4 8.2 0
0.4 8.4 0

0.6 0 0
0.6 0.2 0.0197348
0.6 0.4 0.143737
0.6 0.6 0.0824947
0.6 0.8 0.00765133
0.6 1 -0.0420289
0.6 1.2 -0.0457777
0.6 1.4 -0.0131973
0.6 1.6 0.0248869
0.6 1.8 0.0382395
0.6 2 0.0203208
0.6 2.2 -0.00910181
0.6 2.4 -0.0182547
0.6 2.6 0.0123469
0.6 2.8 0.0720723
0.6 3 0.125481
0.6 3.2 0.134072
0.6 3.4 0.0841274
0.6 3.6 -0.00261543
0.6 3.8 -0.0798341
0.6 4 -0.106294
0.6 4.2 -0.072161
0.6 4.4 -0.00530301
0.6 4.6 0.046678
0.6 4.8 0.0483423
0.6 5 0.00164098
0.6 5.2 -0.0566441
0.6 5.4 -0.0780573
0.6 5.6 -0.036383
0.6 5.8 0.0534383
0.6 6 0.145491
0.6 6.2 0.197094
0.6 6.4 0.0377817
0.6 6.6 0
0.6 6.8 0
0.6 7 0
0.6 7.2 0
0.6 7.4 0
0.6 7.6 0
0.6 7.8 0
0.6 8 0
0.6 8.2 0
0.6 8.4 0

0.8 0 0
0.8 0.2 -0.00410314
0.8 0.4 -0.0284888
0.8 0.6 -0.0560012
0.8 0.8 -0.0901
0.8 1 -0.100261
0.8 1.2 -0.0717125
0.8 1.4 -0.0143016
0.8 1.6 0.0411415
0.8 1.8 0.0669804
0.8 2 0.0514398
0.8 2.2 0.0100606
0.8 2.4 -0.0298642
0.8 2.6 -0.0455763
0.8 2.8 -0.0355344
0.8 3 -0.0202165
0.8 3.2 -0.0237945
0.8 3.4 -0.0580864
0.8 3.6 -0.109654
0.8 3.8 -0.148574
0.8 4 -0.14702
0.8 4.2 -0.100664
0.8 4.4 -0.032087
0.8 4.6 0.0214474
0.8 4.8 0.0309921
0.8 5 -0.00323928
0.8 5.2 -0.0547565
0.8 5.4 -0.0847243
0.8 5.6 -0.0690291
0.8 5.8 -0.0130471
0.8 6 0.053029
0.8 6.2 0.0923152
0.8 6.4 0.0764481
0.8 6.6 0.0106508
0.8 6.8 0
0.8 7 0
0.8 7.2 0
0.8 7.4 0
0.8 7.6 0
0.8 7.8 0
0.8 8 0
0.8 8.2 0
0.8 8.4 0

1 0 0
1 0.2 -0.0177086
1 0.4 -0.127126
1 0.6 -0.133069
1 0.8 -0.141183
1 1 -0.128703
1 1.2 -0.084
1 1.4 -0.0167036
1 1.6 0.0488055
1 1.8 0.0843263
1 2 0.0771487
1 2.2 0.033856
1 2.4 -0.0236618
1 2.6 -0.071966
1 2.8 -0.10065
1 3 -0.112971
1 3.2 -0.122748
1 3.4 -0.137533
1 3.6 -0.155283
1 3.8 -0.161173
1 4 -0.142268
1 4.2 -0.0965602
1 4.4 -0.0387304
1 4.6 0.00684934
1 4.8 0.0201457
1 5 -0.00161746
1 5.2 -0.0430421
1 5.4 -0.0792975
1 5.6 -0.0899223
1 5.8 -0.0711928
1 6 -0.0355897
1 6.2 -0.00311753
1 6.4 0.0107323
1 6.6 -0.000301047
1 6.8 0
1 7 0
1 7.2 0
1 7.4 0
1 7.6 0
1 7.8 0
1 8 0
1 8.2 0
1 8.4 0

1.2 0 0
1.2 0.2 -0.0142834
1.2 0.4 -0.102965
1.2 0.6 -0.107859
1.2 0.8 -0.115679
1.2 1 -0.109012
1.2 1.2 -0.0773452
1.2 1.4 -0.0245444
1.2 1.6 0.031958
1.2 1.8 0.0718951
1.2 2 0.0786684
1.2 2.2 0.0515592
1.2 2.4 0.0022986
1.2 2.6 -0.0509307
1.2 2.8 -0.0914524
1.2 3 -0.113187
1.2 3.2 -0.117742
1.2 3.4 -0.113256
1.2 3.6 -0.104689
1.2 3.8 -0.0931426
1.2 4 -0.0756803
1.2 4.2 -0.0504658
1.2 4.4 -0.0212366
1.2 4.6 0.00401473
1.2 4.8 0.0147679
1.2 5 0.00618653
1.2 5.2 -0.0202262
1.2 5.4 -0.0538505
1.2 5.6 -0.0826939
1.2 5.8 -0.0959842
1.2 6 -0.0893209
1.2 6.2 -0.0662124
1.2 6.4 -0.0356651
1.2 6.6 -0.013906
1.2 6.8 0.0119672
1.2 7 0
1.2 7.2 0
1.2 7.4 0
1.2 7.6 0
1.2 7.8 0
1.2 8 0
1.2 8.2 0
1.2 8.4 0

1.4 0 0
1.4 0.2 0.00131272
1.4 0.4 0.00921558
1.4 0.6 -0.00928908
1.4 0.8 -0.0358833
1.4 1 -0.0568564
1.4 1.2 -0.0620304
1.4 1.4 -0.0460167
1.4 1.6 -0.0144825
1.4 1.8 0.0209541
1.4 2 0.0450988
1.4 2.2 0.0485203
1.4 2.4 0.0300355
1.4 2.6 -0.000430586
1.4 2.8 -0.0284382
1.4 3 -0.0410785
1.4 3.2 -0.0340446
1.4 3.4 -0.0129243
1.4 3.6 0.0103238
1.4 3.8 0.0242446
1.4 4 0.0236978
1.4 4.2 0.0135709
1.4 4.4 0.00277561
1.4 4.6 -0.00036728
1.4 4.8 0.00471054
1.4 5 0.0108335
1.4 5.2 0.00715274
1.4 5.4 -0.0131887
1.4 5.6 -0.0474184
1.4 5.8 -0.0818202
1.4 6 -0.0990856
1.4 6.2 -0.0864739
1.4 6.4 -0.0427862
1.4 6.6 0.0214141
1.4 6.8 0.10151
1.4 7 0.013859
1.4 7.2 0
1.4 7.4 0
1.4 7.6 0
1.4 7.8 0
1.4 8 0
1.4 8.2 0
1.4 8.4 0

1.6 0 0
1.6 0.2 0.0161231
1.6 0.4 0.115607
1.6 0.6 0.0843318
1.6 0.8 0.0400888
1.6 1 -0.00980589
1.6 1.2 -0.0542393
1.6 1.4 -0.0807188
1.6 1.6 -0.0813651
1.6 1.8 -0.0565518
1.6 2 -0.0180071
1.6 2.2 0.0179648
1.6 2.4 0.0384327
1.6 2.6 0.0406791
1.6 2.8 0.0351171
1.6 3 0.0364305
1.6 3.2 0.0542204
1.6 3.4 0.085268
1.6 3.6 0.114254
1.6 3.8 0.122527
1.6 4 0.100499
1.6 4.2 0.0556459
1.6 4.4 0.00790554
1.6 4.6 -0.0202947
1.6 4.8 -0.018426
1.6 5 0.00515997
1.6 5.2 0.0286045
1.6 5.4 0.0302821
1.6 5.6 0.00278961
1.6 5.8 -0.0412147
1.6 6 -0.0761332
1.6 6.2 -0.07849
1.6 6.4 -0.0406897
1.6 6.6 0.0229701
1.6 6.8 0.0828345
1.6 7 0.0202545
1.6 7.2 0
1.6 7.4 0
1.6 7.6 0
1.6 7.8 0
1.6 8 0
1.6 8.2 0
1.6 8.4 0

1.8 0 0
1.8 0.2 0.0177894
1.8 0.4 0.127456
1.8 0.6 0.100799
1.8 0.8 0.0598248
1.8 1 0.003738
1.8 1.2 -0.0603995
1.8 1.4 -0.115246
1.8 1.6 -0.1422
1.8 1.8 -0.130613
1.8 2 -0.0865088
1.8 2.2 -0.0293024
1.8 2.4 0.018149
1.8 2.6 0.0436578
1.8 2.8 0.051558
1.8 3 0.0572612
1.8 3.2 0.0764019
1.8 3.4 0.108803
1.8 3.6 0.139404
1.8 3.8 0.145254
1.8 4 0.113243
1.8 4.2 0.0504631
1.8 4.4 -0.0165676
1.8 4.6 -0.0564243
1.8 4.8 -0.0518069
1.8 5 -0.0106278
1.8 5.2 0.0388965
1.8 5.4 0.0643242
1.8 5.6 0.0495792
1.8 5.8 0.00517291
1.8 6 -0.0408121
1.8 6.2 -0.0581833
1.8 6.4 -0.0366936
1.8 6.6 0.0106826
1.8 6.8 0.05393
1.8 7 0.0658475
1.8 7.2 0.00894865
1.8 7.4 0
1.8 7.6 0
1.8 7.8 0
1.8 8 0
1.8 8.2 0
1.8 8.4 0

2 0 0
2 0.2 0.00330168
2 0.4 0.0227205
2 0.6 0.0226648
2 0.8 0.0140994
2 1 -0.015257
2 1.2 -0.0670656
2 1.4 -0.125011
2 1.6 -0.163762
2 1.8 -0.164165
2 2 -0.125475
2 2.2 -0.0670002
2 2.4 -0.0156617
2 2.6 0.00977487
2 2.8 0.0106203
2 3 0.00462331
2 3.2 0.011775
2 3.4 0.0385356
2 3.6 0.0711351
2 3.8 0.0855156
2 4 0.0631006
2 4.2 0.00785544
2 4.4 -0.0545633
2 4.6 -0.0898917
2 4.8 -0.0774236
2 5 -0.0235152
2 5.2 0.0419382
2 5.4 0.0826681
2 5.6 0.0793013
2 5.8 0.0387148
2 6 -0.0100314
2 6.2 -0.0372263
2 6.4 -0.0310101
2 6.6 -0.00324897
2 6.8 0.0208513
2 7 0.0254076
2 7.2 -0.00652954
2 7.4 0
2 7.6 0
2 7.8 0
2 8 0
2 8.2 0
2 8.4 0

2.2 0 0
2.2 0.2 -0.0188089
2.2 0.4 -0.137122
2.2 0.6 -0.098303
2.2 0.8 -0.0562105
2.2 1 -0.0362042
2.2 1.2 -0.0501753
2.2 1.4 -0.0880039
2.2 1.6 -0.123747
2.2 1.8 -0.132615
2.2 2 -0.108748
2.2 2.2 -0.0668105
2.2 2.4 -0.0338934
2.2 2.6 -0.0289489
2.2 2.8 -0.0520001
2.2 3 -0.0825184
2.2 3.2 -0.0954901
2.2 3.4 -0.0787377
2.2 3.6 -0.0418316
2.2 3.8 -0.0102764
2.2 4 -0.00643366
2.2 4.2 -0.0340672
2.2 4.4 -0.0731887
2.2 4.6 -0.0935285
2.2 4.8 -0.0743845
2.2 5 -0.0191003
2.2 5.2 0.045566
2.2 5.4 0.0865611
2.2 5.6 0.0856607
2.2 5.8 0.0499355
2.2 6 0.00520487
2.2 6.2 -0.0212374
2.2 6.4 -0.0212023
2.2 6.6 -0.00620455
2.2 6.8 -0.000455652
2.2 7 -0.0204616
2.2 7.2 -0.0723187
2.2 7.4 -0.00994475
2.2 7.6 0
2.2 7.8 0
2.2 8 0
2.2 8.2 0
2.2 8.4 0

2.4 0 0
2.4 0.2 -0.0338423
2.4 0.4 -0.245667
2.4 0.6 -0.174638
2.4 0.8 -0.0877039
2.4 1 -0.0192138
2.4 1.2 0.00889013
2.4 1.4 -0.000679857
2.4 1.6 -0.0256216
2.4 1.8 -0.040687
2.4 2 -0.0346516
2.4 2.2 -0.0177549
2.4 2.4 -0.0121864
2.4 2.6 -0.0349568
2.4 2.8 -0.0847138
2.4 3 -0.139499
2.4 3.2 -0.171778
2.4 3.4 -0.164433
2.4 3.6 -0.123871
2.4 3.8 -0.0738558
2.4 4 -0.040716
2.4 4.2 -0.0351268
2.4 4.4 -0.0465744
2.4 4.6 -0.0520148
2.4 4.8 -0.0332714
2.4 5 0.00898511
2.4 5.2 0.0552127
2.4 5.4 0.0801095
2.4 5.6 0.0713737
2.4 5.8 0.0370378
2.4 6 0.00135152
2.4 6.2 -0.0153565
2.4 6.4 -0.00772181
2.4 6.6 0.00849075
2.4 6.8 0.0125801
2.4 7 -0.00553642
2.4 7.2 -0.0344732
2.4 7.4 -0.00474463
2.4 7.6 0
2.4 7.8 0
2.4 8 0
2.4 8.2 0
2.4 8.4 0

2.6 0 0
2.6 0.2 -0.0302096
2.6 0.4 -0.219606
2.6 0.6 -0.141809
2.6 0.8 -0.0386711
2.6 1 0.0519395
2.6 1.2 0.103676
2.6 1.4 0.113384
2.6 1.6 0.0969599
2.6 1.8 0.0774682
2.6 2 0.0675389
2.6 2.2 0.0628591
2.6 2.4 0.0470044
2.6 2.6 0.00696584
2.6 2.8 -0.0557124
2.6 3 -0.120803
2.6 3.2 -0.162052
2.6 3.4 -0.161786
2.6 3.6 -0.121988
2.6 3.8 -0.0641671
2.6 4 -0.0134323
2.6 4.2 0.0135926
2.6 4.4 0.0207122
2.6 4.6 0.0215637
2.6 4.8 0.0311186
2.6 5 0.0503859
2.6 5.2 0.0670378
2.6 5.4 0.0657838
2.6 5.6 0.0415183
2.6 5.8 0.00522242
2.6 6 -0.0215198
2.6 6.2 -0.0231438
2.6 6.4 -0.000767285
2.6 6.6 0.028096
2.6 6.8 0.0423156
2.6 7 0.0355022
2.6 7.2 0.0217927
2.6 7.4 0.0139806
2.6 7.6 0
2.6 7.8 0
2.6 8 0
2.6 8.2 0
2.6 8.4 0

2.8 0 0
2.8 0.2 -0.0074507
2.8 0.4 -0.0547653
2.8 0.6 -2.6888e-05
2.8 0.8 0.0803935
2.8 1 0.155546
2.8 1.2 0.201403
2.8 1.4 0.211672
2.8 1.6 0.196512
2.8 1.8 0.172932
2.8 2 0.152721
2.8 2.2 0.13607
2.8 2.4 0.113248
2.8 2.6 0.0751506
2.8 2.8 0.0216151
2.8 3 -0.0327679
2.8 3.2 -0.068825
2.8 3.4 -0.0715437
2.8 3.6 -0.0407173
2.8 3.8 0.00856045
2.8 4 0.0553755
2.8 4.2 0.0845966
2.8 4.4 0.0940428
2.8 4.6 0.0920319
2.8 4.8 0.0882484
2.8 5 0.0841286
2.8 5.2 0.0725549
2.8 5.4 0.0463227
2.8 5.6 0.00581373
2.8 5.8 -0.0352701
2.8 6 -0.0571139
2.8 6.2 -0.0477991
2.8 6.4 -0.0118304
2.8 6.6 0.0304251
2.8 6.8 0.058147
2.8 7 0.0632774
2.8 7.2 0.0609738
2.8 7.4 0.0791575
2.8 7.6 0.0109828
2.8 7.8 0
2.8 8 0
2.8 8.2 0
2.8 8.4 0

3 0 0
3 0.2 0.0233472
3 0.4 0.168418
3 0.6 0.179803
3 0.8 0.209377
3 1 0.239944
3 1.2 0.256774
3 1.4 0.253868
3 1.6 0.234222
3 1.8 0.207732
3 2 0.182817
3 2.2 0.16312
3 2.4 0.145927
3 2.6 0.125274
3 2.8 0.0993464
3 3 0.0718536
3 3.2 0.0527158
3 3.4 0.049584
3 3.6 0.0647584
3 3.8 0.0902578
3 4 0.115156
3 4.2 0.128891
3 4.4 0.129635
3 4.6 0.121161
3 4.8 0.108323
3 5 0.0914405
3 5.2 0.0654025
3 5.4 0.0258374
3 5.6 -0.0240039
3 5.8 -0.070259
3 6 -0.0940621
3 6.2 -0.0842423
3 6.4 -0.0452255
3 6.6 0.00333706
3 6.8 0.0395686
3 7 0.0516962
3 7.2 0.0483369
3 7.4 0.0469008
3 7.6 0.00652313
3 7.8 0
3 8 0
3 8.2 0
3 8.4 0

3.2 0 0
3.2 0.2 0.0456094
3.2 0.4 0.330464
3.2 0.6 0.298573
3.2 0.8 0.272282
3.2 1 0.253035
3.2 1.2 0.237941
3.2 1.4 0.222657
3.2 1.6 0.201804
3.2 1.8 0.175811
3.2 2 0.148557
3.2 2.2 0.127431
3.2 2.4 0.117127
3.2 2.6 0.117577
3.2 2.8 0.123695
3.2 3 0.129546
3.2 3.2 0.1315
3.2 3.4 0.130113
3.2 3.6 0.127344
3.2 3.8 0.124497
3.2 4 0.120766
3.2 4.2 0.114227
3.2 4.4 0.105129
3.2 4.6 0.0943796
3.2 4.8 0.0836586
3.2 5 0.0703156
3.2 5.2 0.0485699
3.2 5.4 0.0126609
3.2 5.6 -0.0352647
3.2 5.8 -0.0839283
3.2 6 -0.116025
3.2 6.2 -0.118207
3.2 6.4 -0.0897825
3.2 6.6 -0.0459779
3.2 6.8 -0.00745984
3.2 7 0.00950836
3.2 7.2 0.00581167
3.2 7.4 -0.00682625
3.2 7.6 -0.0158333
3.2 7.8 0
3.2 8 0
3.2 8.2 0
3.2 8.4 0

3.4 0 0
3.4 0.2 0.0469903
3.4 0.4 0.341196
3.4 0.6 0.284204
3.4 0.8 0.222082
3.4 1 0.173102
3.4 1.2 0.14504
3.4 1.4 0.133173
3.4 1.6 0.122869
3.4 1.8 0.102917
3.4 2 0.0731674
3.4 2.2 0.0451834
3.4 2.4 0.0333505
3.4 2.6 0.0449293
3.4 2.8 0.0745946
3.4 3 0.107193
3.4 3.2 0.12815
3.4 3.4 0.129342
3.4 3.6 0.113859
3.4 3.8 0.0897431
3.4 4 0.0659317
3.4 4.2 0.0475612
3.4 4.4 0.0361282
3.4 4.6 0.0318135
3.4 4.8 0.0325572
3.4 5 0.0349737
3.4 5.2 0.0311363
3.4 5.4 0.0136699
3.4 5.6 -0.0212856
3.4 5.8 -0.0670264
3.4 6 -0.109366
3.4 6.2 -0.131519
3.4 6.4 -0.124411
3.4 6.6 -0.0943861
3.4 6.8 -0.057654
3.4 7 -0.0331357
3.4 7.2 -0.0316727
3.4 7.4 -0.0554409
3.4 7.6 -0.108242
3.4 7.8 -0.0149452
3.4 8 0
3.4 8.2 0
3.4 8.4 0

3.6 0 0
3.6 0.2 0.0260147
3.6 0.4 0.189904
3.6 0.6 0.134242
3.6 0.8 0.0678426
3.6 1 0.0219282
3.6 1.2 0.00991738
3.6 1.4 0.0241448
3.6 1.6 0.0379141
3.6 1.8 0.0298986
3.6 2 -0.00448181
3.6 2.2 -0.0468778
3.6 2.4 -0.0723112
3.6 2.6 -0.0640246
3.6 2.8 -0.0254726
3.6 3 0.0223316
3.6 3.2 0.055597
3.6 3.4 0.0613271
3.6 3.6 0.0422503
3.6 3.8 0.0124658
3.6 4 -0.0137392
3.6 4.2 -0.0287059
3.6 4.4 -0.0315777
3.6 4.6 -0.0255143
3.6 4.8 -0.0124571
3.6 5 0.00532724
3.6 5.2 0.0219064
3.6 5.4 0.0280384
3.6 5.6 0.0138929
3.6 5.8 -0.0223902
3.6 6 -0.0711197
3.6 6.2 -0.113629
3.6 6.4 -0.13163
3.6 6.6 -0.119062
3.6 6.8 -0.0847719
3.6 7 -0.0475692
3.6 7.2 -0.0253295
3.6 7.4 -0.0257719
3.6 7.6 -0.042199
3.6 7.8 -0.00585574
3.6 8 0
3.6 8.2 0
3.6 8.4 0

3.8 0 0
3.8 0.2 -0.00736685
3.8 0.4 -0.0519536
3.8 0.6 -0.0861368
3.8 0.8 -0.130184
3.8 1 -0.146584
3.8 1.2 -0.119614
3.8 1.4 -0.0648823
3.8 1.6 -0.019183
3.8 1.8 -0.0134226
3.8 2 -0.0535252
3.8 2.2 -0.114124
3.8 2.4 -0.158614
3.8 2.6 -0.161572
3.8 2.8 -0.124173
3.8 3 -0.0710569
3.8 3.2 -0.030934
3.8 3.4 -0.0201298
3.8 3.6 -0.0335992
3.8 3.8 -0.0539518
3.8 4 -0.0656423
3.8 4.2 -0.0636682
3.8 4.4 -0.0534573
3.8 4.6 -0.0412795
3.8 4.8 -0.0275984
3.8 5 -0.00877293
3.8 5.2 0.0170261
3.8 5.4 0.0423416
3.8 5.6 0.0516319
3.8 5.8 0.0326801
3.8 6 -0.0131027
3.8 6.2 -0.0684972
3.8 6.4 -0.107687
3.8 6.6 -0.112548
3.8 6.8 -0.0821504
3.8 7 -0.0324587
3.8 7.2 0.0136076
3.8 7.4 0.0427148
3.8 7.6 0.054312
3.8 7.8 0.00741838
3.8 8 0
3.8 8.2 0
3.8 8.4 0

4 0 0
4 0.2 -0.0377366
4 0.4 -0.272607
4 0.6 -0.280478
4 0.8 -0.293609
4 1 -0.272804
4 1.2 -0.204565
4 1.4 -0.11143
4 1.6 -0.0389476
4 1.8 -0.0234378
4 2 -0.0691664
4 2.2 -0.143543
4 2.4 -0.201074
4 2.6 -0.21043
4 2.8 -0.173313
4 3 -0.117349
4 3.2 -0.0753682
4 3.4 -0.0611915
4 3.6 -0.0664857
4 3.8 -0.0704495
4 4 -0.0593585
4 4.2 -0.0358092
4 4.4 -0.0150425
4 4.6 -0.00850588
4 4.8 -0.0133125
4 5 -0.0138915
4 5.2 0.00321193
4 5.4 0.0372061
4 5.6 0.0693319
4 5.8 0.0753034
4 6 0.0444044
4 6.2 -0.011885
4 6.4 -0.0646398
4 6.6 -0.0850488
4 6.8 -0.0625073
4 7 -0.00933497
4 7.2 0.0511549
4 7.4 0.0977706
4 7.6 0.125582
4 7.8 0.0384576
4 8 0
4 8.2 0
4 8.4 0

4.2 0 0
4.2 0.2 -0.0525145
4.2 0.4 -0.380699
4.2 0.6 -0.372762
4.2 0.8 -0.365343
4.2 1 -0.320385
4.2 1.2 -0.22851
4.2 1.4 -0.116424
4.2 1.6 -0.0348694
4.2 1.8 -0.0191194
4.2 2 -0.0698689
4.2 2.2 -0.147587
4.2 2.4 -0.202207
4.2 2.6 -0.202804
4.2 2.8 -0.155515
4.2 3 -0.0946084
4.2 3.2 -0.0530198
4.2 3.4 -0.0418229
4.2 3.6 -0.0449675
4.2 3.8 -0.0369485
4.2 4 -0.00624048
4.2 4.2 0.0344335
4.2 4.4 0.0585577
4.2 4.6 0.0478091
4.2 4.8 0.00978072
4.2 5 -0.027528
4.2 5.2 -0.0332402
4.2 5.4 0.000400355
4.2 5.6 0.0532381
4.2 5.8 0.0894435
4.2 6 0.0830936
4.2 6.2 0.03624
4.2 6.4 -0.0217879
4.2 6.6 -0.0557629
4.2 6.8 -0.0464822
4.2 7 -0.000814899
4.2 7.2 0.0558557
4.2 7.4 0.101671
4.2 7.6 0.129653
4.2 7.8 0.15317
4.2 8 0.0211945
4.2 8.2 0
4.2 8.4 0

4.4 0 0
4.4 0.2 -0.0479561
4.4 0.4 -0.348421
4.4 0.6 -0.341674
4.4 0.8 -0.333122
4.4 1 -0.288198
4.4 1.2 -0.198962
4.4 1.4 -0.0955087
4.4 1.6 -0.0258678
4.4 1.8 -0.0226616
4.4 2 -0.0782196
4.4 2.2 -0.148576
4.4 2.4 -0.183852
4.4 2.6 -0.158523
4.4 2.8 -0.0902804
4.4 3 -0.0196771
4.4 3.2 0.0165829
4.4 3.4 0.0146235
4.4 3.6 0.00063531
4.4 3.8 0.00796761
4.4 4 0.0475411
4.4 4.2 0.0978448
4.4 4.4 0.120411
4.4 4.6 0.089863
4.4 4.8 0.0160206
4.4 5 -0.0595052
4.4 5.2 -0.0908514
4.4 5.4 -0.0603388
4.4 5.6 0.0115445
4.4 5.8 0.0777692
4.4 6 0.0987438
4.4 6.2 0.0664921
4.4 6.4 0.00745362
4.4 6.6 -0.03801
4.4 6.8 -0.0442471
4.4 7 -0.0147153
4.4 7.2 0.0262742
4.4 7.4 0.0540724
4.4 7.6 0.06326
4.4 7.8 0.0657856
4.4 8 0.00914557
4.4 8.2 0
4.4 8.4 0

4.6 0 0
4.6 0.2 -0.0296247
4.6 0.4 -0.21564
4.6 0.6 -0.222875
4.6 0.8 -0.229454
4.6 1 -0.202488
4.6 1.2 -0.13733
4.6 1.4 -0.061755
4.6 1.6 -0.0207177
4.6 1.8 -0.0383489
4.6 2 -0.100601
4.6 2.2 -0.159148
4.6 2.4 -0.166726
4.6 2.6 -0.108828
4.6 2.8 -0.0146605
4.6 3 0.0637747
4.6 3.2 0.0888715
4.6 3.4 0.0631604
4.6 3.6 0.024855
4.6 3.8 0.0179983
4.6 4 0.0556453
4.6 4.2 0.110549
4.6 4.4 0.134136
4.6 4.6 0.0933013
4.6 4.8 -0.00160563
4.6 5 -0.101277
4.6 5.2 -0.148591
4.6 5.4 -0.117549
4.6 5.6 -0.0300249
4.6 5.8 0.0598592
4.6 6 0.10151
4.6 6.2 0.0798493
4.6 6.4 0.0202991
4.6 6.6 -0.0337409
4.6 6.8 -0.0520372
4.6 7 -0.0359701
4.6 7.2 -0.0118791
4.6 7.4 -0.00504959
4.6 7.6 -0.0202376
4.6 7.8 -0.0394624
4.6 8 -0.00535758
4.6 8.2 0
4.6 8.4 0

4.8 0 0
4.8 0.2 -0.00795423
4.8 0.4 -0.058089
4.8 0.6 -0.0819149
4.8 0.8 -0.106225
4.8 1 -0.101476
4.8 1.2 -0.0629946
4.8 1.4 -0.018856
4.8 1.6 -0.00785908
4.8 1.8 -0.0485826
4.8 2 -0.119676
4.8 2.2 -0.17029
4.8 2.4 -0.156718
4.8 2.6 -0.0731178
4.8 2.8 0.0388453
4.8 3 0.118902
4.8 3.2 0.126987
4.8 3.4 0.0720582
4.8 3.6 0.00318629
4.8 3.8 -0.0255947
4.8 4 0.00428572
4.8 4.2 0.0637481
4.8 4.4 0.0968087
4.8 4.6 0.0636753
4.8 4.8 -0.0283337
4.8 5 -0.128288
4.8 5.2 -0.174238
4.8 5.4 -0.137528
4.8 5.6 -0.0398266
4.8 5.8 0.0598796
4.8 6 0.10709
4.8 6.2 0.0848442
4.8 6.4 0.0207929
4.8 6.6 -0.0372612
4.8 6.8 -0.0575195
4.8 7 -0.0427718
4.8 7.2 -0.0234719
4.8 7.4 -0.0286381
4.8 7.6 -0.0613356
4.8 7.8 -0.0973226
4.8 8 -0.0133594
4.8 8.2 0
4.8 8.4 0

5 0 0
5 0.2 0.0079947
5 0.4 0.0584634
5 0.6 0.0247472
5 0.8 -0.00942728
5 1 -0.0153062
5 1.2 0.00931803
5 1.4 0.0368844
5 1.6 0.0299574
5 1.8 -0.0264067
5 2 -0.10731
5 2.2 -0.160638
5 2.4 -0.142993
5 2.6 -0.0538981
5 2.8 0.059915
5 3 0.13231
5 3.2 0.122316
5 3.4 0.0417799
5 3.6 -0.053203
5 3.8 -0.101381
5 4 -0.0780595
5 4.2 -0.0120171
5 4.4 0.03863
5 4.6 0.0286492
5 4.8 -0.0395029
5 5 -0.11844
5 5.2 -0.149246
5 5.4 -0.103662
5 5.6 -0.00534636
5 5.8 0.087355
5 6 0.122138
5 6.2 0.0863532
5 6.4 0.0138837
5 6.6 -0.0435283
5 6.8 -0.0535065
5 7 -0.0236633
5 7.2 0.00760632
5 7.4 0.00555982
5 7.6 -0.034143
5 7.8 -0.0798714
5 8 -0.0172067
5 8.2 0
5 8.4 0

5.2 0 0
5.2 0.2 0.0150702
5.2 0.4 0.11042
5.2 0.6 0.074858
5.2 0.8 0.0420118
5.2 1 0.039762
5.2 1.2 0.0702479
5.2 1.4 0.103469
5.2 1.6 0.0997065
5.2 1.8 0.041612
5.2 2 -0.0468969
5.2 2.2 -0.113125
5.2 2.4 -0.11252
5.2 2.6 -0.0404594
5.2 2.8 0.0574756
5.2 3 0.116269
5.2 3.2 0.0944259
5.2 3.4 0.00242505
5.2 3.6 -0.103402
5.2 3.8 -0.160109
5.2 4 -0.139755
5.2 4.2 -0.0679031
5.2 4.4 -0.000506838
5.2 4.6 0.0156106
5.2 4.8 -0.0212887
5.2 5 -0.071616
5.2 5.2 -0.0820215
5.2 5.4 -0.0307417
5.2 5.6 0.0582508
5.2 5.8 0.129796
5.2 6 0.138597
5.2 6.2 0.0808795
5.2 6.4 -0.00215508
5.2 6.6 -0.054169
5.2 6.8 -0.0444702
5.2 7 0.0120918
5.2 7.2 0.0680048
5.2 7.4 0.079261
5.2 7.6 0.0389058
5.2 7.8 -0.0191061
5.2 8 -0.0450311
5.2 8.2 -0.00621747
5.2 8.4 0

5.4 0 0
5.4 0.2 0.0163243
5.4 0.4 0.11981
5.4 0.6 0.0841541
5.4 0.8 0.0543274
5.4 1 0.0615156
5.4 1.2 0.108967
5.4 1.4 0.165066
5.4 1.6 0.183784
5.4 1.8 0.139849
5.4 2 0.0505101
5.4 2.2 -0.0336648
5.4 2.4 -0.0632428
5.4 2.6 -0.0246611
5.4 2.8 0.0465009
5.4 3 0.0922355
5.4 3.2 0.071331
5.4 3.4 -0.0115939
5.4 3.6 -0.107823
5.4 3.8 -0.160369
5.4 4 -0.141253
5.4 4.2 -0.0713307
5.4 4.4 0.000271848
5.4 4.6 0.0299171
5.4 4.8 0.0138234
5.4 5 -0.0144752
5.4 5.2 -0.0116485
5.4 5.4 0.0388992
5.4 5.6 0.111846
5.4 5.8 0.15739
5.4 6 0.138487
5.4 6.2 0.0602685
5.4 6.4 -0.0293591
5.4 6.6 -0.0727901
5.4 6.8 -0.0422466
5.4 7 0.0415389
5.4 7.2 0.121543
5.4 7.4 0.14735
5.4 7.6 0.106821
5.4 7.8 0.0350342
5.4 8 -0.0153681
5.4 8.2 -0.00211924
5.4 8.4 0

5.6 0 0
5.6 0.2 0.0178021
5.6 0.4 0.130452
5.6 0.6 0.086774
5.6 0.8 0.0484335
5.6 1 0.0542963
5.6 1.2 0.113933
5.6 1.4 0.195649
5.6 1.6 0.24643
5.6 1.8 0.22901
5.6 2 0.149148
5.6 2.2 0.0516083
5.6 2.4 -0.00951798
5.6 2.6 -0.00876016
5.6 2.8 0.0347215
5.6 3 0.0738697
5.6 3.2 0.0679889
5.6 3.4 0.0133563
5.6 3.6 -0.056315
5.6 3.8 -0.0949548
5.6 4 -0.0792702
5.6 4.2 -0.0237677
5.6 4.4 0.0315842
5.6 4.6 0.0523725
5.6 4.8 0.0365792
5.6 5 0.0130216
5.6 5.2 0.017618
5.6 5.4 0.061145
5.6 5.6 0.118466
5.6 5.8 0.144465
5.6 6 0.109211
5.6 6.2 0.0234186
5.6 6.4 -0.0640349
5.6 6.6 -0.0974368
5.6 6.8 -0.0527382
5.6 7 0.0452151
5.6 7.2 0.136626
5.6 7.4 0.167984
5.6 7.6 0.124976
5.6 7.8 0.043244
5.6 8 -0.0200019
5.6 8.2 -0.00275886
5.6 8.4 0

5.8 0 0
5.8 0.2 0.0239106
5.8 0.4 0.174489
5.8 0.6 0.109186
5.8 0.8 0.0419015
5.8 1 0.0245077
5.8 1.2 0.0772501
5.8 1.4 0.173369
5.8 1.6 0.253687
5.8 1.8 0.268969
5.8 2 0.208927
5.8 2.2 0.110488
5.8 2.4 0.0275398
5.8 2.6 -0.00180758
5.8 2.8 0.0202384
5.8 3 0.0595685
5.8 3.2 0.0779266
5.8 3.4 0.0609003
5.8 3.6 0.0261909
5.8 3.8 0.00346968
5.8 4 0.0115011
5.8 4.2 0.040208
5.8 4.4 0.0622879
5.8 4.6 0.0546207
5.8 4.8 0.0204671
5.8 5 -0.0135114
5.8 5.2 -0.0173732
5.8 5.4 0.0170087
5.8 5.6 0.0653466
5.8 5.8 0.0872025
5.8 6 0.0560879
5.8 6.2 -0.0178719
5.8 6.4 -0.0916123
5.8 6.6 -0.115951
5.8 6.8 -0.0702138
5.8 7 0.0214448
5.8 7.2 0.104014
5.8 7.4 0.127679
5.8 7.6 0.0791811
5.8 7.8 -0.00847738
5.8 8 -0.0787425
5.8 8.2 -0.0108171
5.8 8.4 0

6 0 0
6 0.2 0.0341934
6 0.4 0.248895
6 0.6 0.152129
6 0.8 0.0400332
6 1 -0.0206479
6 1.2 0.00426887
6 1.4 0.096067
6 1.6 0.195534
6 1.8 0.241865
6 2 0.210871
6 2.2 0.125045
6 2.4 0.0365239
6 2.6 -0.00983011
6 2.8 -0.00151944
6 3 0.0407346
6 3.2 0.0817169
6 3.4 0.0996206
6 3.6 0.0955253
6 3.8 0.0857831
6 4 0.0819764
6 4.2 0.0808467
6 4.4 0.0656109
6 4.6 0.0248019
6 4.8 -0.0333623
6 5 -0.0837782
6 5.2 -0.0990516
6 5.4 -0.0728616
6 5.6 -0.0246654
6 5.8 0.00855822
6 6 0.00199888
6 6.2 -0.0420751
6 6.4 -0.0918725
6 6.6 -0.109125
6 6.8 -0.07641
6 7 -0.0112701
6 7.2 0.0441662
6 7.4 0.0503179
6 7.6 -0.0030445
6 7.8 -0.0877062
6 8 -0.157623
6 8.2 -0.0216591
6 8.4 0

6.2 0 0
6.2 0.2 0.0435068
6.2 0.4 0.316105
6.2 0.6 0.190075
6.2 0.8 0.034392
6.2 1 -0.0730992
6.2 1.2 -0.0852729
6.2 1.4 -0.0111324
6.2 1.6 0.094001
6.2 1.8 0.165013
6.2 2 0.164722
6.2 2.2 0.103132
6.2 2.4 0.0232812
6.2 2.6 -0.0274611
6.2 2.8 -0.027479
6.2 3 0.0129991
6.2 3.2 0.0650136
6.2 3.4 0.102512
6.2 3.6 0.116669
6.2 3.8 0.112695
6.2 4 0.0996531
6.2 4.2 0.0765252
6.2 4.4 0.0372533
6.2 4.6 -0.0231757
6.2 4.8 -0.0947303
6.2 5 -0.154824
6.2 5.2 -0.178878
6.2 5.4 -0.158563
6.2 5.6 -0.107799
6.2 5.8 -0.0553056
6.2 6 -0.0278759
6.2 6.2 -0.0320757
6.2 6.4 -0.0530093
6.2 6.6 -0.0658977
6.2 6.8 -0.0560836
6.2 7 -0.0294075
6.2 7.2 -0.010104
6.2 7.4 -0.0210403
6.2 7.6 -0.0689265
6.2 7.8 -0.136456
6.2 8 -0.192777
6.2 8.2 -0.0264702
6.2 8.4 0

6.4 0 0
6.4 0.2 0.0448824
6.4 0.4 0.325719
6.4 0.6 0.188766
6.4 0.8 0.0126978
6.4 1 -0.121876
6.4 1.2 -0.162691
6.4 1.4 -0.10931
6.4 1.6 -0.00837977
6.4 1.8 0.0758538
6.4 2 0.102361
6.4 2.2 0.0680587
6.4 2.4 0.00677593
6.4 2.6 -0.0399951
6.4 2.8 -0.0468138
6.4 3 -0.0160829
6.4 3.2 0.0303043
6.4 3.4 0.0680203
6.4 3.6 0.0841616
6.4 3.8 0.0802817
6.4 4 0.0632409
6.4 4.2 0.036462
6.4 4.4 -0.00309259
6.4 4.6 -0.0571833
6.4 4.8 -0.120736
6.4 5 -0.177233
6.4 5.2 -0.205539
6.4 5.4 -0.19423
6.4 5.6 -0.145831
6.4 5.8 -0.0810437
6.4 6 -0.0229927
6.4 6.2 0.0101598
6.4 6.4 0.0170437
6.4 6.6 0.00671067
6.4 6.8 -0.00863143
6.4 7 -0.0217016
6.4 7.2 -0.0347448
6.4 7.4 -0.053584
6.4 7.6 -0.0805618
6.4 7.8 -0.111849
6.4 8 -0.138764
6.4 8.2 -0.0190632
6.4 8.4 0

6.6 0 0
6.6 0.2 0.0340721
6.6 0.4 0.246755
6.6 0.6 0.127514
6.6 0.8 -0.029783
6.6 1 -0.156038
6.6 1.2 -0.202261
6.6 1.4 -0.163217
6.6 1.6 -0.0746544
6.6 1.8 0.0105487
6.6 2 0.052364
6.6 2.2 0.0429448
6.6 2.4 0.00284057
6.6 2.6 -0.0344614
6.6 2.8 -0.0470609
6.6 3 -0.0319666
6.6 3.2 -0.00446182
6.6 3.4 0.0168581
6.6 3.6 0.0221641
6.6 3.8 0.0135907
6.6 4 -0.000115033
6.6 4.2 -0.0138523
6.6 4.4 -0.0284866
6.6 4.6 -0.0520354
6.6 4.8 -0.086548
6.6 5 -0.127583
6.6 5.2 -0.158601
6.6 5.4 -0.163448
6.6 5.6 -0.132447
6.6 5.8 -0.0712501
6.6 6 0.00139851
6.6 6.2 0.0615887
6.6 6.4 0.0906627
6.6 6.6 0.0831976
6.6 6.8 0.0475288
6.6 7 0.0034017
6.6 7.2 -0.0320766
6.6 7.4 -0.045467
6.6 7.6 -0.038228
6.6 7.8 -0.0204363
6.6 8 -0.0060553
6.6 8.2 -0.000825901
6.6 8.4 0

6.8 0 0
6.8 0.2 0.0125312
6.8 0.4 0.0899111
6.8 0.6 0.0161762
6.8 0.8 -0.0843203
6.8 1 -0.165224
6.8 1.2 -0.192288
6.8 1.4 -0.160273
6.8 1.6 -0.0905969
6.8 1.8 -0.0198953
6.8 2 0.0239221
6.8 2.2 0.0310273
6.8 2.4 0.0127348
6.8 2.6 -0.0105834
6.8 2.8 -0.0236017
6.8 3 -0.0234883
6.8 3.2 -0.0191058
6.8 3.4 -0.0211198
6.8 3.6 -0.0333522
6.8 3.8 -0.0489925
6.8 4 -0.0567031
6.8 4.2 -0.0483886
6.8 4.4 -0.0277682
6.8 4.6 -0.00780931
6.8 4.8 -0.00479959
6.8 5 -0.0251635
6.8 5.2 -0.0612132
6.8 5.4 -0.0915311
6.8 5.6 -0.0929947
6.8 5.8 -0.054827
6.8 6 0.0150125
6.8 6.2 0.0890166
6.8 6.4 0.134926
6.8 6.6 0.133644
6.8 6.8 0.0874171
6.8 7 0.0235555
6.8 7.2 -0.0229038
6.8 7.4 -0.0254564
6.8 7.6 0.0185544
6.8 7.8 0.0854901
6.8 8 0.140327
6.8 8.2 0.0192539
6.8 8.4 0

7 0 0
7 0.2 -0.0125383
7 0.4 -0.0922481
7 0.6 -0.105455
7 0.8 -0.127974
7 1 -0.14388
7 1.2 -0.140127
7 1.4 -0.114052
7 1.6 -0.0726151
7 1.8 -0.0298164
7 2 0.00304876
7 2.2 0.019569
7 2.4 0.0228496
7 2.6 0.0194414
7 2.8 0.0145424
7 3 0.00816242
7 3.2 -0.00451996
7 3.4 -0.026498
7 3.6 -0.0557885
7 3.8 -0.0805795
7 4 -0.0861228
7 4.2 -0.0619025
7 4.4 -0.0113723
7 4.6 0.0451662
7 4.8 0.0820654
7 5 0.0783523
7 5.2 0.0348104
7 5.4 -0.0259599
7 5.6 -0.0677726
7 5.8 -0.0632807
7 6 -0.00817409
7 6.2 0.0709621
7 6.4 0.13262
7 6.6 0.142903
7 6.8 0.0968879
7 7 0.0237573
7 7.2 -0.0301359
7 7.4 -0.0257204
7 7.6 0.0415193
7 7.8 0.140954
7 8 0.222085
7 8.2 0.0304374
7 8.4 0

7.2 0 0
7.2 0.2 -0.031414
7.2 0.4 -0.228941
7.2 0.6 -0.186015
7.2 0.8 -0.135657
7.2 1 -0.0925665
7.2 1.2 -0.0651665
7.2 1.4 -0.0537192
7.2 1.6 -0.0500045
7.2 1.8 -0.0439137
7.2 2 -0.0294929
7.2 2.2 -0.00732045
7.2 2.4 0.0176609
7.2 2.6 0.0389087
7.2 2.8 0.0505297
7.2 3 0.0490758
7.2 3.2 0.0318409
7.2 3.4 -0.000108143
7.2 3.6 -0.0406541
7.2 3.8 -0.0757006
7.2 4 -0.0879062
7.2 4.2 -0.0633648
7.2 4.4 -0.00364984
7.2 4.6 0.0707866
7.2 4.8 0.126362
7.2 5 0.132947
7.2 5.2 0.0822216
7.2 5.4 -0.00395388
7.2 5.6 -0.0812514
7.2 5.8 -0.108438
7.2 6 -0.0696134
7.2 6.2 0.0136787
7.2 6.4 0.0918398
7.2 6.6 0.120669
7.2 6.8 0.0832999
7.2 7 0.00735816
7.2 7.2 -0.055121
7.2 7.4 -0.0582038
7.2 7.6 0.00913664
7.2 7.8 0.114001
7.2 8 0.199462
7.2 8.2 0.0272984
7.2 8.4 0

7.4 0 0
7.4 0.2 -0.0367191
7.4 0.4 -0.266794
7.4 0.6 -0.189621
7.4 0.8 -0.0944758
7.4 1 -0.0197658
7.4 1.2 0.00980799
7.4 1.4 -0.00620215
7.4 1.6 -0.044412
7.4 1.8 -0.0754711
7.4 2 -0.0778996
7.4 2.2 -0.0499854
7.4 2.4 -0.00390356
7.4 2.6 0.0416813
7.4 2.8 0.0724409
7.4 3 0.0824186
7.4 3.2 0.0704492
7.4 3.4 0.0400013
7.4 3.6 -0.00327864
7.4 3.8 -0.0470248
7.4 4 -0.073686
7.4 4.2 -0.0665085
7.4 4.4 -0.020608
7.4 4.6 0.0489263
7.4 4.8 0.107956
7.4 5 0.120173
7.4 5.2 0.0693502
7.4 5.4 -0.0279935
7.4 5.6 -0.125093
7.4 5.8 -0.172012
7.4 6 -0.142487
7.4 6.2 -0.0543149
7.4 6.4 0.0431221
7.4 6.6 0.0927462
7.4 6.8 0.0705183
7.4 7 -0.00437087
7.4 7.2 -0.0794191
7.4 7.4 -0.102788
7.4 7.6 -0.057834
7.4 7.8 0.0277134
7.4 8 0.0976959
7.4 8.2 0.0132786
7.4 8.4 0

7.6 0 0
7.6 0.2 -0.0273931
7.6 0.4 -0.198427
7.6 0.6 -0.116014
7.6 0.8 -0.0138588
7.6 1 0.057436
7.6 1.2 0.0659458
7.6 1.4 0.0159842
7.6 1.6 -0.0583963
7.6 1.8 -0.114056
7.6 2 -0.123676
7.6 2.2 -0.0870395
7.6 2.4 -0.0250945
7.6 2.6 0.035504
7.6 2.8 0.0768401
7.6 3 0.09468
7.6 3.2 0.0911697
7.6 3.4 0.0706718
7.6 3.6 0.0341263
7.6 3.8 -0.012099
7.6 4 -0.0548054
7.6 4.2 -0.0740413
7.6 4.4 -0.0564838
7.6 4.6 -0.00698414
7.6 4.8 0.0459171
7.6 5 0.0643276
7.6 5.2 0.0244438
7.6 5.4 -0.0657869
7.6 5.6 -0.164175
7.6 5.8 -0.216987
7.6 6 -0.191418
7.6 6.2 -0.0976637
7.6 6.4 0.0141946
7.6 6.6 0.084684
7.6 6.8 0.0787208
7.6 7 0.00814866
7.6 7.2 -0.0774626
7.6 7.4 -0.125383
7.6 7.6 -0.111471
7.6 7.8 -0.0569655
7.6 8 -0.0101348
7.6 8.2 -0.00151617
7.6 8.4 0

7.8 0 0
7.8 0.2 -0.00929899
7.8 0.4 -0.0666266
7.8 0.6 -0.00277344
7.8 0.8 0.0752556
7.8 1 0.116945
7.8 1.2 0.0938361
7.8 1.4 0.0160246
7.8 1.6 -0.0747638
7.8 1.8 -0.133452
7.8 2 -0.135112
7.8 2.2 -0.0877919
7.8 2.4 -0.0206533
7.8 2.6 0.0366635
7.8 2.8 0.0698394
7.8 3 0.0821603
7.8 3.2 0.0828564
7.8 3.4 0.0757131
7.8 3.6 0.0554607
7.8 3.8 0.01694
7.8 4 -0.0335737
7.8 4.2 -0.0755691
7.8 4.4 -0.0871771
7.8 4.6 -0.0605393
7.8 4.8 -0.0147717
7.8 5 0.0139612
7.8 5.2 -0.00550036
7.8 5.4 -0.0750201
7.8 5.6 -0.161411
7.8 5.8 -0.212908
7.8 6 -0.191855
7.8 6.2 -0.101449
7.8 6.4 0.0153065
7.8 6.6 0.0974469
7.8 6.8 0.106323
7.8 7 0.045739
7.8 7.2 -0.0416101
7.8 7.4 -0.103182
7.8 7.6 -0.112126
7.8 7.8 -0.0818301
7.8 8 -0.0520346
7.8 8.2 -0.00723448
7.8 8.4 0

8 0 0
8 0.2 0.00803868
8 0.4 0.059279
8 0.6 0.0939058
8 0.8 0.133957
8 1 0.139074
8 1.2 0.0904858
8 1.4 0.00546324
8 1.6 -0.0748289
8 1.8 -0.111455
8 2 -0.0920304
8 2.2 -0.0356215
8 2.4 0.0222099
8 2.6 0.0547256
8 2.8 0.0578613
8 3 0.0488949
8 3.2 0.0456973
8 3.4 0.052938
8 3.6 0.0563311
8 3.8 0.038398
8 4 -0.00582981
8 4.2 -0.0572297
8 4.4 -0.0875805
8 4.6 -0.0772116
8 4.8 -0.0347836
8 5 0.0069309
8 5.2 0.0113348
8 5.4 -0.0341415
8 5.6 -0.106231
8 5.8 -0.158498
8 6 -0.149988
8 6.2 -0.0762498
8 6.4 0.0291274
8 6.6 0.111267
8 6.8 0.129906
8 7 0.0840661
8 7.2 0.00970129
8 7.4 -0.0463332
8 7.6 -0.0567703
8 7.8 -0.0311154
8 8 -0.00298949
8 8.2 -0.000437494
8 8.4 0

8.2 0 0
8.2 0.2 0.016639
8.2 0.4 0.121486
8.2 0.6 0.130224
8.2 0.8 0.136659
8.2 1 0.115214
8.2 1.2 0.060544
8.2 1.4 -0.00690348
8.2 1.6 -0.0514005
8.2 1.8 -0.0486373
8.2 2 -0.00227436
8.2 2.2 0.0565842
8.2 2.4 0.0907516
8.2 2.6 0.0818794
8.2 2.8 0.0415287
8.2 3 0.00158587
8.2 3.2 -0.00902483
8.2 3.4 0.0124249
8.2 3.6 0.0440424
8.2 3.8 0.0552468
8.2 4 0.0303182
8.2 4.2 -0.0164803
8.2 4.4 -0.0521625
8.2 4.6 -0.0489022
8.2 4.8 -0.00648447
8.2 5 0.046396
8.2 5.2 0.0694734
8.2 5.4 0.0421298
8.2 5.6 -0.0217334
8.2 5.8 -0.0814935
8.2 6 -0.0952115
8.2 6.2 -0.0503848
8.2 6.4 0.0292787
8.2 6.6 0.0980162
8.2 6.8 0.119711
8.2 7 0.0908349
8.2 7.2 0.0405406
8.2 7.4 0.00917094
8.2 7.6 0.0192855
8.2 7.8 0.0608945
8.2 8 0.101928
8.2 8.2 0.0140509
8.2 8.4 0

8.4 0 0
8.4 0.2 0.014404
8.4 0.4 0.104941
8.4 0.6 0.0985744
8.4 0.8 0.0856213
8.4 1 0.0557434
8.4 1.2 0.0142917
8.4 1.4 -0.01716
8.4 1.6 -0.0145186
8.4 1.8 0.0301909
8.4 2 0.0973086
8.4 2.2 0.148362
8.4 2.4 0.150407
8.4 2.6 0.0969574
8.4 2.8 0.0154095
8.4 3 -0.0494941
8.4 3.2 -0.0643541
8.4 3.4 -0.027014
8.4 3.6 0.0313169
8.4 3.8 0.0707722
8.4 4 0.0678488
8.4 4.2 0.0329325
8.4 4.4 -3.29911e-05
8.4 4.6 0.00145575
8.4 4.8 0.0426249
8.4 5 0.0990309
8.4 5.2 0.129982
8.4 5.4 0.110701
8.4 5.6 0.048601
8.4 5.8 -0.021832
8.4 6 -0.0588352
8.4 6.2 -0.0461779
8.4 6.4 0.00187702
8.4 6.6 0.0489863
8.4 6.8 0.0654991
8.4 7 0.0492667
8.4 7.2 0.0250309
8.4 7.4 0.0261618
8.4 7.6 0.0677368
8.4 7.8 0.135592
8.4 8 0.19511
8.4 8.2 0.0268748
8.4 8.4 0

8.6 0 0
8.6 0.2 0.00572176
8.6 0.4 0.0417847
8.6 0.6 0.0305868
8.6 0.8 0.0115632
8.6 1 -0.0133841
8.6 1.2 -0.0314087
8.6 1.4 -0.025032
8.6 1.6 0.0177965
8.6 1.8 0.0893956
8.6 2 0.161051
8.6 2.2 0.19429
8.6 2.4 0.164881
8.6 2.6 0.0800961
8.6 2.8 -0.0219779
8.6 3 -0.092545
8.6 3.2 -0.0991536
8.6 3.4 -0.0463335
8.6 3.6 0.0301285
8.6 3.8 0.0852525
8.6 4 0.0945892
8.6 4.2 0.0670501
8.6 4.4 0.0362821
8.6 4.6 0.0350057
8.6 4.8 0.0712779
8.6 5 0.12186
8.6 5.2 0.150239
8.6 5.4 0.13131
8.6 5.6 0.0695256
8.6 5.8 -0.00428667
8.6 6 -0.053764
8.6 6.2 -0.0617208
8.6 6.4 -0.0395081
8.6 6.6 -0.0153073
8.6 6.8 -0.0109098
8.6 7 -0.0251482
8.6 7.2 -0.0335928
8.6 7.4 -0.00835866
8.6 7.6 0.0597322
8.6 7.8 0.149647
8.6 8 0.223083
8.6 8.2 0.0307361
8.6 8.4 0

8.8 0 0
8.8 0.2 -0.00182916
8.8 0.4 -0.0130592
8.8 0.6 -0.0251039
8.8 0.8 -0.0446417
8.8 1 -0.0610808
8.8 1.2 -0.0594069
8.8 1.4 -0.0283954
8.8 1.6 0.0331735
8.8 1.8 0.106742
8.8 2 0.162832
8.8 2.2 0.170373
8.8 2.4 0.119604
8.8 2.6 0.0276234
8.8 2.8 -0.0632445
8.8 3 -0.111714
8.8 3.2 -0.0964628
8.8 3.4 -0.0306184
8.8 3.6 0.0469337
8.8 3.8 0.0962294
8.8 4 0.0979747
8.8 4.2 0.0658157
8.8 4.4 0.0318704
8.8 4.6 0.0258368
8.8 4.8 0.0530458
8.8 5 0.0924436
8.8 5.2 0.111802
8.8 5.4 0.0911212
8.8 5.6 0.0366391
8.8 5.8 -0.0257694
8.8 6 -0.0656273
8.8 6.2 -0.0740989
8.8 6.4 -0.0620301
8.8 6.6 -0.0551886
8.8 6.8 -0.0679943
8.8 7 -0.092927
8.8 7.2 -0.10301
8.8 7.4 -0.0720312
8.8 7.6 0.00501239
8.8 7.8 0.102653
8.8 8 0.178436
8.8 8.2 0.0245555
8.8 8.4 0

9 0 0
9 0.2 -0.00274398
9 0.4 -0.0199238
9 0.6 -0.0350735
9 0.8 -0.0565193
9 1 -0.0693364
9 1.2 -0.0593593
9 1.4 -0.0224072
9 1.6 0.0330404
9 1.8 0.0850339
9 2 0.108906
9 2.2 0.0894293
9 2.4 0.0309685
9 2.6 -0.040196
9 2.8 -0.0902787
9 3 -0.0933113
9 3.2 -0.0477807
9 3.4 0.0221877
9 3.6 0.0811932
9 3.8 0.0997478
9 4 0.0749295
9 4.2 0.0264471
9 4.4 -0.0129395
9 4.6 -0.0221279
9 4.8 -0.00194652
9 5 0.0253576
9 5.2 0.0351036
9 5.4 0.0148509
9 5.6 -0.0245055
9 5.8 -0.0591035
9 6 -0.069866
9 6.2 -0.0566544
9 6.4 -0.0382493
9 6.6 -0.0402102
9 6.8 -0.0711311
9 7 -0.116718
9 7.2 -0.144469
9 7.4 -0.126104
9 7.6 -0.0583641
9 7.8 0.0313518
9 8 0.0991554
9 8.2 0.0135966
9 8.4 0

9.2 0 0
9.2 0.2 0.00263489
9.2 0.4 0.0188771
9.2 0.6 -0.00271829
9.2 0.8 -0.0294228
9.2 1 -0.0438217
9.2 1.2 -0.0341442
9.2 1.4 -0.00430498
9.2 1.6 0.0309528
9.2 1.8 0.0486799
9.2 2 0.0352063
9.2 2.2 -0.00816407
9.2 2.4 -0.0604885
9.2 2.6 -0.0941715
9.2 2.8 -0.0862436
9.2 3 -0.0356805
9.2 3.2 0.0379819
9.2 3.4 0.0999733
9.2 3.6 0.12095
9.2 3.8 0.0927448
9.2 4 0.0295781
9.2 4.2 -0.0356535
9.2 4.4 -0.0750626
9.2 4.6 -0.0780406
9.2 4.8 -0.0568735
9.2 5 -0.0362029
9.2 5.2 -0.0348265
9.2 5.4 -0.0538565
9.2 5.6 -0.0755635
9.2 5.8 -0.0778512
9.2 6 -0.0500422
9.2 6.2 -0.00528676
9.2 6.4 0.0291545
9.2 6.6 0.0259599
9.2 6.8 -0.0202183
9.2 7 -0.0877034
9.2 7.2 -0.13844
9.2 7.4 -0.141851
9.2 7.6 -0.0928069
9.2 7.8 -0.0186487
9.2 8 0.0374971
9.2 8.2 0.00507095
9.2 8.4 0

9.4 0 0
9.4 0.2 0.0087254
9.4 0.4 0.0626916
9.4 0.6 0.0345089
9.4 0.8 0.00282792
9.4 1 -0.0125471
9.4 1.2 -0.00270766
9.4 1.4 0.0224314
9.4 1.6 0.0397211
9.4 1.8 0.0278884
9.4 2 -0.0173267
9.4 2.2 -0.0774076
9.4 2.4 -0.119108
9.4 2.6 -0.112075
9.4 2.8 -0.0499429
9.4 3 0.0465966
9.4 3.2 0.13531
9.4 3.4 0.175417
9.4 3.6 0.149369
9.4 3.8 0.0696039
9.4 4 -0.026096
9.4 4.2 -0.0975657
9.4 4.4 -0.121845
9.4 4.6 -0.103857
9.4 4.8 -0.070252
9.4 5 -0.0503251
9.4 5.2 -0.0570105
9.4 5.4 -0.079991
9.4 5.6 -0.0924018
9.4 5.8 -0.0714755
9.4 6 -0.0143183
9.4 6.2 0.0562362
9.4 6.4 0.104978
9.4 6.6 0.102551
9.4 6.8 0.0481566
9.4 7 -0.0329946
9.4 7.2 -0.0992482
9.4 7.4 -0.118013
9.4 7.6 -0.0844578
9.4 7.8 -0.0236524
9.4 8 0.0236751
9.4 8.2 0.00313248
9.4 8.4 0

9.6 0 0
9.6 0.2 0.00883833
9.6 0.4 0.0633678
9.6 0.6 0.0329724
9.6 0.8 0.00114871
9.6 1 -0.00865185
9.6 1.2 0.01177
9.6 1.4 0.0453572
9.6 1.6 0.0622165
9.6 1.8 0.0374467
9.6 2 -0.025594
9.6 2.2 -0.0968187
9.6 2.4 -0.130877
9.6 2.6 -0.0970555
9.6 2.8 0.00068125
9.6 3 0.121534
9.6 3.2 0.20886
9.6 3.4 0.219627
9.6 3.6 0.148268
9.6 3.8 0.0294044
9.6 4 -0.0823474
9.6 4.2 -0.140705
9.6 4.4 -0.132442
9.6 4.6 -0.0803299
9.6 4.8 -0.0257953
9.6 5 -0.00395143
9.6 5.2 -0.0217526
9.6 5.4 -0.0581242
9.6 5.6 -0.0764297
9.6 5.8 -0.0530526
9.6 6 0.012254
9.6 6.2 0.0899574
9.6 6.4 0.141665
9.6 6.6 0.139291
9.6 6.8 0.0840471
9.6 7 0.00362619
9.6 7.2 -0.0610093
9.6 7.4 -0.080488
9.6 7.6 -0.0501334
9.6 7.8 0.00556889
9.6 8 0.0501026
9.6 8.2 0.00676809
9.6 8.4 0

9.8 0 0
9.8 0.2 0.000485521
9.8 0.4 0.0033564
9.8 0.6 -0.0240458
9.8 0.8 -0.0518
9.8 1 -0.0487828
9.8 1.2 -0.00717363
9.8 1.4 0.0518959
9.8 1.6 0.0879489
9.8 1.8 0.0706295
9.8 2 0.00321866
9.8 2.2 -0.0757059
9.8 2.4 -0.1123
9.8 2.6 -0.072799
9.8 2.8 0.0338391
9.8 3 0.156318
9.8 3.2 0.230355
9.8 3.4 0.213138
9.8 3.6 0.111706
9.8 3.8 -0.0251276
9.8 4 -0.130364
9.8 4.2 -0.158697
9.8 4.4 -0.107966
9.8 4.6 -0.0176336
9.8 4.8 0.0573942
9.8 5 0.0792756
9.8 5.2 0.0456974
9.8 5.4 -0.0117117
9.8 5.6 -0.0504668
9.8 5.8 -0.0431144
9.8 6 0.00770544
9.8 6.2 0.0722418
9.8 6.4 0.113706
9.8 6.6 0.10791
9.8 6.8 0.0594557
9.8 7 -0.00565913
9.8 7.2 -0.0519184
9.8 7.4 -0.0566893
9.8 7.6 -0.0192556
9.8 7.8 0.0375904
9.8 8 0.0822802
9.8 8.2 0.0112345
9.8 8.4 0

10 0 0
10 0.2 -0.0120976
10 0.4 -0.087275
10 0.6 -0.111932
10 0.8 -0.136403
10 1 -0.122329
10 1.2 -0.0558644
10 1.4 0.0358927
10 1.6 0.103524
10 1.8 0.106112
10 2 0.042795
10 2.2 -0.0444123
10 2.4 -0.0950341
10 2.6 -0.0688294
10 2.8 0.0260829
10 3 0.136302
10 3.2 0.194973
10 3.4 0.162571
10 3.6 0.0515927
10 3.8 -0.0795931
10 4 -0.161942
10 4.2 -0.154241
10 4.4 -0.0661124
10 4.6 0.0516551
10 4.8 0.137222
10 5 0.152635
10 5.2 0.10238
10 5.4 0.0236505
10 5.6 -0.0364856
10 5.8 -0.0521109
10 6 -0.0255219
10 6.2 0.0147148
10 6.4 0.0375429
10 6.6 0.0268679
10 6.8 -0.0109954
10 7 -0.0524895
10 7.2 -0.0719989
10 7.4 -0.0567105
10 7.6 -0.0107917
10 7.8 0.0450912
10 8 0.0868975
10 8.2 0.0119351
10 8.4 0

10.2 0 0
10.2 0.2 -0.0205845
10.2 0.4 -0.147645
10.2 0.6 -0.176109
10.2 0.8 -0.208231
10.2 1 -0.193256
10.2 1.2 -0.113075
10.2 1.4 0.0049481
10.2 1.6 0.101038
10.2 1.8 0.12403
10.2 2 0.065681
10.2 2.2 -0.0318307
10.2 2.4 -0.102369
10.2 2.6 -0.0988337
10.2 2.8 -0.0233215
10.2 3 0.0736789
10.2 3.2 0.126217
10.2 3.4 0.0958917
10.2 3.6 -0.00296764
10.2 3.8 -0.113345
10.2 4 -0.168196
10.2 4.2 -0.134521
10.2 4.4 -0.0278361
10.2 4.6 0.0952975
10.2 4.8 0.174392
10.2 5 0.177439
10.2 5.2 0.114461
10.2 5.4 0.0266829
10.2 5.6 -0.0421733
10.2 5.8 -0.0694229
10.2 6 -0.0612324
10.2 6.2 -0.0425998
10.2 6.4 -0.0369439
10.2 6.6 -0.0523781
10.2 6.8 -0.0786997
10.2 7 -0.0974553
10.2 7.2 -0.0941755
10.2 7.4 -0.0658208
10.2 7.6 -0.0212765
10.2 7.8 0.0234941
10.2 8 0.0541322
10.2 8.2 0.00747262
10.2 8.4 0

10.4 0 0
10.4 0.2 -0.0176538
10.4 0.4 -0.125885
10.4 0.6 -0.170244
10.4 0.8 -0.223542
10.4 1 -0.225695
10.4 1.2 -0.149782
10.4 1.4 -0.0240621
10.4 1.6 0.0858778
10.4 1.8 0.119743
10.4 2 0.062683
10.4 2.2 -0.0453418
10.4 2.4 -0.133964
10.4 2.6 -0.149736
10.4 2.8 -0.0878864
10.4 3 0.00494427
10.4 3.2 0.0650037
10.4 3.4 0.0525548
10.4 3.6 -0.022045
10.4 3.8 -0.106837
10.4 4 -0.143528
10.4 4.2 -0.10292
10.4 4.4 -0.00497045
10.4 4.6 0.0988517
10.4 4.8 0.155459
10.4 5 0.142688
10.4 5.2 0.0771861
10.4 5.4 -0.00121558
10.4 5.6 -0.055532
10.4 5.8 -0.0731333
10.4 6 -0.0652404
10.4 6.2 -0.0560107
10.4 6.4 -0.0604807
10.4 6.6 -0.0785247
10.4 6.8 -0.0966713
10.4 7 -0.100927
10.4 7.2 -0.0865637
10.4 7.4 -0.0597652
10.4 7.6 -0.0314374
10.4 7.8 -0.0100423
10.4 8 0.00139437
10.4 8.2 0.000242992
10.4 8.4 0

10.6 0 0
10.6 0.2 -0.00258989
10.6 0.4 -0.0167607
10.6 0.6 -0.0859261
10.6 0.8 -0.170667
10.6 1 -0.202029
10.6 1.2 -0.14783
10.6 1.4 -0.0335288
10.6 1.6 0.0720569
10.6 1.8 0.104928
10.6 2 0.0444981
10.6 2.2 -0.0697828
10.6 2.4 -0.167843
10.6 2.6 -0.190819
10.6 2.8 -0.131235
10.6 3 -0.0308824
10.6 3.2 0.0458813
10.6 3.4 0.0571962
10.6 3.6 0.00776226
10.6 3.8 -0.0586667
10.6 4 -0.090521
10.6 4.2 -0.0638409
10.6 4.4 0.0051681
10.6 4.6 0.0724429
10.6 4.8 0.0982415
10.6 5 0.0716482
10.6 5.2 0.0138075
10.6 5.4 -0.0385901
10.6 5.6 -0.0598407
10.6 5.8 -0.048479
10.6 6 -0.0249588
10.6 6.2 -0.0120463
10.6 6.4 -0.0194898
10.6 6.6 -0.0392754
10.6 6.8 -0.0542992
10.6 7 -0.0538257
10.6 7.2 -0.0406052
10.6 7.4 -0.0269772
10.6 7.6 -0.0234254
10.6 7.8 -0.0312645
10.6 8 -0.0414366
10.6 8.2 -0.00565245
10.6 8.4 0

10.8 0 0
10.8 0.2 0.0179444
10.8 0.4 0.131377
10.8 0.6 0.0382604
10.8 0.8 -0.0747665
10.8 1 -0.136023
10.8 1.2 -0.108934
10.8 1.4 -0.0171852
10.8 1.6 0.0732495
10.8 1.8 0.0969128
10.8 2 0.0336718
10.8 2.2 -0.0806361
10.8 2.4 -0.174875
10.8 2.6 -0.193363
10.8 2.8 -0.125805
10.8 3 -0.0149608
10.8 3.2 0.0769425
10.8 3.4 0.105561
10.8 3.6 0.0709115
10.8 3.8 0.0115676
10.8 4 -0.0276628
10.8 4.2 -0.0235573
10.8 4.4 0.0103968
10.8 4.6 0.0407231
10.8 4.8 0.0388196
10.8 5 0.00351288
10.8 5.2 -0.0408996
10.8 5.4 -0.0627956
10.8 5.6 -0.0468812
10.8 5.8 -0.00358552
10.8 6 0.0403781
10.8 6.2 0.060587
10.8 6.4 0.0524978
10.8 6.6 0.0299661
10.8 6.8 0.013505
10.8 7 0.0125417
10.8 7.2 0.0204002
10.8 7.4 0.0206707
10.8 7.6 0.00373115
10.8 7.8 -0.0256431
10.8 8 -0.05068
10.8 8.2 -0.00694699
10.8 8.4 0

11 0 0
11 0.2 0.0338432
11 0.4 0.245817
11 0.6 0.140832
11 0.8 0.0153097
11 1 -0.0612545
11 1.2 -0.0534062
11 1.4 0.0181401
11 1.6 0.0913037
11 1.8 0.105971
11 2 0.0432942
11 2.2 -0.0613386
11 2.4 -0.142828
11 2.6 -0.14876
11 2.8 -0.0735793
11 3 0.0413071
11 3.2 0.134345
11 3.4 0.163348
11 3.6 0.129097
11 3.8 0.0660015
11 4 0.01826
11 4.2 0.00568348
11 4.4 0.0181669
11 4.6 0.0266867
11 4.8 0.00998859
11 5 -0.0283105
11 5.2 -0.0625712
11 5.4 -0.0649478
11 5.6 -0.0267601
11 5.8 0.0347294
11 6 0.0882568
11 6.2 0.109953
11 6.4 0.0976691
11 6.6 0.0698903
11 6.8 0.049922
11 7 0.047398
11 7.2 0.0550869
11 7.4 0.0548094
11 7.6 0.0362748
11 7.8 0.00521001
11 8 -0.0199872
11 8.2 -0.00273271
11 8.4 0

11.2 0 0
11.2 0.2 0.0377882
11.2 0.4 0.273919
11.2 0.6 0.175138
11.2 0.8 0.0595289
11.2 1 -0.0110522
11.2 1.2 -0.0062735
11.2 1.4 0.054772
11.2 1.6 0.117022
11.2 1.8 0.127003
11.2 2 0.0714282
11.2 2.2 -0.0174717
11.2 2.4 -0.0809553
11.2 2.6 -0.0756947
11.2 2.8 -6.78051e-05
11.2 3 0.103343
11.2 3.2 0.178182
11.2 3.4 0.189219
11.2 3.6 0.141163
11.2 3.8 0.072021
11.2 4 0.0226422
11.2 4.2 0.0122458
11.2 4.4 0.027592
11.2 4.6 0.0384468
11.2 4.8 0.0236905
11.2 5 -0.0136178
11.2 5.2 -0.0480954
11.2 5.4 -0.0525216
11.2 5.6 -0.018384
11.2 5.8 0.0368694
11.2 6 0.0830136
11.2 6.2 0.0962292
11.2 6.4 0.0757607
11.2 6.6 0.0412108
11.2 6.8 0.0178684
11.2 7 0.018216
11.2 7.2 0.0359244
11.2 7.4 0.0535287
11.2 7.6 0.0573874
11.2 7.8 0.0488275
11.2 8 0.0404705
11.2 8.2 0.00561394
11.2 8.4 0

11.4 0 0
11.4 0.2 0.0295724
11.4 0.4 0.214474
11.4 0.6 0.137278
11.4 0.8 0.0492297
11.4 1 0.000596894
11.4 1.2 0.0155068
11.4 1.4 0.0753183
11.4 1.6 0.132643
11.4 1.8 0.143819
11.4 2 0.0992522
11.4 2.2 0.0290982
11.4 2.4 -0.0171784
11.4 2.6 -0.00549201
11.4 2.8 0.0594529
11.4 3 0.136944
11.4 3.2 0.17862
11.4 3.4 0.158662
11.4 3.6 0.0918059
11.4 3.8 0.0188884
11.4 4 -0.0185897
11.4 4.2 -0.0070012
11.4 4.4 0.0343762
11.4 4.6 0.0687773
11.4 4.8 0.0683028
11.4 5 0.0321775
11.4 5.2 -0.0146358
11.4 5.4 -0.0419439
11.4 5.6 -0.0354311
11.4 5.8 -0.00536916
11.4 6 0.0215022
11.4 6.2 0.0231169
11.4 6.4 -0.00444736
11.4 6.6 -0.0432276
11.4 6.8 -0.0682389
11.4 7 -0.0633917
11.4 7.2 -0.0298279
11.4 7.4 0.0169424
11.4 7.6 0.0599652
11.4 7.8 0.0911935
11.4 8 0.111528
11.4 8.2 0.0154606
11.4 8.4 0

11.6 0 0
11.6 0.2 0.0155772
11.6 0.4 0.113779
11.6 0.6 0.063114
11.6 0.8 0.00644471
11.6 1 -0.0169004
11.6 1.2 0.00974706
11.6 1.4 0.0700114
11.6 1.6 0.124244
11.6 1.8 0.138027
11.6 2 0.105673
11.6 2.2 0.0535808
11.6 2.4 0.0219505
11.6 2.6 0.0343603
11.6 2.8 0.0820068
11.6 3 0.127946
11.6 3.2 0.133003
11.6 3.4 0.0831877
11.6 3.6 0.000625805
11.6 3.8 -0.0689632
11.6 4 -0.0860715
11.6 4.2 -0.0424047
11.6 4.4 0.0352968
11.6 4.6 0.100776
11.6 4.8 0.117738
11.6 5 0.0806427
11.6 5.2 0.0138166
11.6 5.4 -0.0467154
11.6 5.6 -0.0756797
11.6 5.8 -0.0740833
11.6 6 -0.062037
11.6 6.2 -0.0633964
11.6 6.4 -0.0879816
11.6 6.6 -0.12486
11.6 6.8 -0.151134
11.6 7 -0.145949
11.6 7.2 -0.103021
11.6 7.4 -0.0318409
11.6 7.6 0.049612
11.6 7.8 0.121853
11.6 8 0.171778
11.6 8.2 0.0237846
11.6 8.4 0

11.8 0 0
11.8 0.2 0.0040401
11.8 0.4 0.0305648
11.8 0.6 -0.000829558
11.8 0.8 -0.035576
11.8 1 -0.0446397
11.8 1.2 -0.014574
11.8 1.4 0.0393564
11.8 1.6 0.0869696
11.8 1.8 0.101821
11.8 2 0.0803586
11.8 2.2 0.0444839
11.8 2.4 0.0245485
11.8 2.6 0.0362802
11.8 2.8 0.0687126
11.8 3 0.0896109
11.8 3.2 0.0695306
11.8 3.4 0.0020212
11.8 3.6 -0.0844271
11.8 3.8 -0.14514
11.8 4 -0.142707
11.8 4.2 -0.0732616
11.8 4.4 0.0309741
11.8 4.6 0.118239
11.8 4.8 0.146592
11.8 5 0.105512
11.8 5.2 0.0198619
11.8 5.4 -0.0678517
11.8 5.6 -0.122552
11.8 5.8 -0.133865
11.8 6 -0.118208
11.8 6.2 -0.103209
11.8 6.4 -0.108836
11.8 6.6 -0.13577
11.8 6.8 -0.164915
11.8 7 -0.171632
11.8 7.2 -0.138293
11.8 7.4 -0.0639489
11.8 7.6 0.0348917
11.8 7.8 0.132307
11.8 8 0.201612
11.8 8.2 0.0278901
11.8 8.4 0

12 0 0
12 0.2 -0.000821325
12 0.4 -0.00447358
12 0.6 -0.0285732
12 0.8 -0.0582716
12 1 -0.0686485
12 1.2 -0.0493075
12 1.4 -0.00921623
12 1.6 0.028037
12 1.8 0.0425977
12 2 0.0311034
12 2.2 0.00953676
12 2.4 -0.00041092
12 2.6 0.0124765
12 2.8 0.0378766
12 3 0.0495419
12 3.2 0.0240552
12 3.4 -0.0402803
12 3.6 -0.117907
12 3.8 -0.167335
12 4 -0.156501
12 4.2 -0.0820694
12 4.4 0.0244081
12 4.6 0.112827
12 4.8 0.140186
12 5 0.0945661
12 5.2 0.000119794
12 5.4 -0.0980021
12 5.6 -0.156371
12 5.8 -0.158125
12 6 -0.11642
12 6.2 -0.0653289
12 6.4 -0.0381694
12 6.6 -0.0480694
12 6.8 -0.0840149
12 7 -0.116328
12 7.2 -0.115305
12 7.4 -0.0670894
12 7.6 0.0193899
12 7.8 0.11568
12 8 0.187493
12 8.2 0.0259095
12 8.4 0

12.2 0 0
12.2 0.2 -0.000624683
12.2 0.4 -0.0037331
12.2 0.6 -0.0305837
12.2 0.8 -0.066753
12.2 1 -0.0904967
12.2 1.2 -0.0884448
12.2 1.4 -0.0647628
12.2 1.6 -0.0363799
12.2 1.8 -0.020065
12.2 2 -0.0207856
12.2 2.2 -0.0297461
12.2 2.4 -0.0309801
12.2 2.6 -0.0153103
12.2 2.8 0.0111092
12.2 3 0.02871
12.2 3.2 0.018452
12.2 3.4 -0.0242597
12.2 3.6 -0.0810652
12.2 3.8 -0.121955
12.2 4 -0.118354
12.2 4.2 -0.0647651
12.2 4.4 0.0162257
12.2 4.6 0.0837193
12.2 4.8 0.100659
12.2 5 0.054091
12.2 5.2 -0.0355024
12.2 5.4 -0.124045
12.2 5.6 -0.167273
12.2 5.8 -0.143693
12.2 6 -0.065094
12.2 6.2 0.028907
12.2 6.4 0.094244
12.2 6.6 0.102879
12.2 6.8 0.0592157
12.2 7 -0.00586074
12.2 7.2 -0.0520116
12.2 7.4 -0.0508452
12.2 7.6 -0.00126497
12.2 7.8 0.0710186
12.2 8 0.128952
12.2 8.2 0.017757
12.2 8.4 0

12.4 0 0
12.4 0.2 -0.000605083
12.4 0.4 -0.00461237
12.4 0.6 -0.0360897
12.4 0.8 -0.0810631
12.4 1 -0.117483
12.4 1.2 -0.129188
12.4 1.4 -0.115104
12.4 1.6 -0.0880021
12.4 1.8 -0.0635954
12.4 2 -0.0518895
12.4 2.2 -0.0500443
12.4 2.4 -0.0469767
12.4 2.6 -0.0313828
12.4 2.8 -0.0027224
12.4 3 0.0280274
12.4 3.2 0.0445007
12.4 3.4 0.0349059
12.4 3.6 0.00341697
12.4 3.8 -0.0319639
12.4 4 -0.0485627
12.4 4.2 -0.0345414
12.4 4.4 0.00253579
12.4 4.6 0.0378696
12.4 4.8 0.0423412
12.4 5 0.00266903
12.4 5.2 -0.0686698
12.4 5.4 -0.13608
12.4 5.6 -0.158609
12.4 5.8 -0.112804
12.4 6 -0.00728915
12.4 6.2 0.118753
12.4 6.4 0.212929
12.4 6.6 0.239091
12.4 6.8 0.191021
12.4 7 0.0992395
12.4 7.2 0.0101385
12.4 7.4 -0.0371019
12.4 7.6 -0.0308416
12.4 7.8 0.0086479
12.4 8 0.0450103
12.4 8.2 0.00609776
12.4 8.4 0

12.6 0 0
12.6 0.2 -0.00439808
12.6 0.4 -0.0327504
12.6 0.6 -0.0635015
12.6 0.8 -0.11027
12.6 1 -0.149788
12.6 1.2 -0.163836
12.6 1.4 -0.147892
12.6 1.6 -0.111438
12.6 1.8 -0.0726985
12.6 2 -0.0467488
12.6 2.2 -0.0384418
12.6 2.4 -0.0385695
12.6 2.6 -0.0324133
12.6 2.8 -0.00885176
12.6 3 0.0308356
12.6 3.2 0.0719895
12.6 3.4 0.0952504
12.6 3.6 0.0892077
12.6 3.8 0.0572232
12.6 4 0.0163779
12.6 4.2 -0.012972
12.6 4.4 -0.0207884
12.6 4.6 -0.0149031
12.6 4.8 -0.0140648
12.6 5 -0.0364111
12.6 5.2 -0.0813775
12.6 5.4 -0.127467
12.6 5.6 -0.140243
12.6 5.8 -0.0941498
12.6 6 0.0107067
12.6 6.2 0.140612
12.6 6.4 0.24672
12.6 6.6 0.284857
12.6 6.8 0.242987
12.6 7 0.144339
12.6 7.2 0.0354663
12.6 7.4 -0.0394616
12.6 7.6 -0.0624535
12.6 7.8 -0.0480327
12.6 8 -0.0289267
12.6 8.2 -0.00410486
12.6 8.4 0

12.8 0 0
12.8 0.2 -0.0102917
12.8 0.4 -0.0757889
12.8 0.6 -0.100174
12.8 0.8 -0.139676
12.8 1 -0.172155
12.8 1.2 -0.178449
12.8 1.4 -0.151474
12.8 1.6 -0.100588
12.8 1.8 -0.0452006
12.8 2 -0.0077705
12.8 2.2 0.00155766
12.8 2.4 -0.0108083
12.8 2.6 -0.0248388
12.8 2.8 -0.0185011
12.8 3 0.0169846
12.8 3.2 0.071352
12.8 3.4 0.118659
12.8 3.6 0.133555
12.8 3.8 0.1055
12.8 4 0.0466671
12.8 4.2 -0.0151369
12.8 4.4 -0.0540319
12.8 4.6 -0.0612362
12.8 4.8 -0.0507614
12.8 5 -0.0454572
12.8 5.2 -0.0625664
12.8 5.4 -0.0955933
12.8 5.6 -0.118547
12.8 5.8 -0.101281
12.8 6 -0.0313761
12.8 6.2 0.0733589
12.8 6.4 0.170839
12.8 6.6 0.218257
12.8 6.8 0.194637
12.8 7 0.114349
12.8 7.2 0.0180405
12.8 7.4 -0.0536458
12.8 7.6 -0.0795754
12.8 7.8 -0.0712408
12.8 8 -0.0575104
12.8 8.2 -0.00801958
12.8 8.4 0

13 0 0
13 0.2 -0.0123707
13 0.4 -0.0905319
13 0.6 -0.10755
13 0.8 -0.137428
13 1 -0.160315
13 1.2 -0.157905
13 1.4 -0.122255
13 1.6 -0.0607645
13 1.8 0.00496339
13 2 0.048791
13 2.2 0.0544371
13 2.4 0.0250067
13 2.6 -0.0156258
13 2.8 -0.0365776
13 3 -0.0181173
13 3.2 0.0348488
13 3.4 0.0937875
13 3.6 0.122983
13 3.8 0.101438
13 4 0.0364242
13 4.2 -0.0392681
13 4.4 -0.0880984
13 4.6 -0.0908841
13 4.8 -0.057538
13 5 -0.0210173
13 5.2 -0.0131639
13 5.4 -0.0437372
13 5.6 -0.092938
13 5.8 -0.124962
13 6 -0.110857
13 6.2 -0.0509391
13 6.4 0.0266075
13 6.6 0.0804709
13 6.8 0.084574
13 7 0.0418842
13 7.2 -0.0186811
13 7.4 -0.0610979
13 7.6 -0.0682456
13 7.8 -0.0479275
13 8 -0.0278084
13 8.2 -0.00389853
13 8.4 0

13.2 0 0
13.2 0.2 -0.00513077
13.2 0.4 -0.0375887
13.2 0.6 -0.0532086
13.2 0.8 -0.0788261
13.2 1 -0.0994223
13.2 1.2 -0.0989292
13.2 1.4 -0.067502
13.2 1.6 -0.00941103
13.2 1.8 0.0554243
13.2 2 0.0990589
13.2 2.2 0.0999115
13.2 2.4 0.057092
13.2 2.6 -0.00644353
13.2 2.8 -0.0541545
13.2 3 -0.0584657
13.2 3.2 -0.0172461
13.2 3.4 0.0421708
13.2 3.6 0.0794401
13.2 3.8 0.066257
13.2 4 0.00609607
13.2 4.2 -0.0671618
13.2 4.4 -0.110561
13.2 4.6 -0.0979037
13.2 4.8 -0.0395826
13.2 5 0.0252999
13.2 5.2 0.0514054
13.2 5.4 0.0177803
13.2 5.6 -0.0599842
13.2 5.8 -0.140451
13.2 6 -0.180351
13.2 6.2 -0.163827
13.2 6.4 -0.107342
13.2 6.6 -0.0478373
13.2 6.8 -0.0165006
13.2 7 -0.0203603
13.2 7.2 -0.0407363
13.2 7.4 -0.0494225
13.2 7.6 -0.0310056
13.2 7.8 0.00617472
13.2 8 0.0375962
13.2 8.2 0.00515221
13.2 8.4 0

13.4 0 0
13.4 0.2 0.0113392
13.4 0.4 0.0821155
13.4 0.6 0.0600307
13.4 0.8 0.0294646
13.4 1 -0.000503191
13.4 1.2 -0.0167322
13.4 1.4 -0.00682055
13.4 1.6 0.0310025
13.4 1.8 0.082938
13.4 2 0.122046
13.4 2.2 0.123249
13.4 2.4 0.078729
13.4 2.6 0.00710545
13.4 2.8 -0.0559956
13.4 3 -0.0784619
13.4 3.2 -0.0516266
13.4 3.4 0.0010414
13.4 3.6 0.0406156
13.4 3.8 0.0351323
13.4 4 -0.0151541
13.4 4.2 -0.0791637
13.4 4.4 -0.111894
13.4 4.6 -0.0863156
13.4 4.8 -0.0117248
13.4 5 0.068765
13.4 5.2 0.105207
13.4 5.4 0.0701904
13.4 5.6 -0.0229916
13.4 5.8 -0.128897
13.4 6 -0.198165
13.4 6.2 -0.20523
13.4 6.4 -0.160118
13.4 6.6 -0.0977429
13.4 6.8 -0.0516597
13.4 7 -0.0343225
13.4 7.2 -0.0333446
13.4 7.4 -0.0237157
13.4 7.6 0.00698764
13.4 7.8 0.0529306
13.4 8 0.0907753
13.4 8.2 0.0124789
13.4 8.4 0

13.6 0 0
13.6 0.2 0.0301269
13.6 0.4 0.218448
13.6 0.6 0.187255
13.6 0.8 0.147515
13.6 1 0.101668
13.6 1.2 0.0597531
13.6 1.4 0.0369273
13.6 1.6 0.0438651
13.6 1.8 0.0751835
13.6 2 0.109953
13.6 2.2 0.119647
13.6 2.4 0.0902875
13.6 2.6 0.0298559
13.6 2.8 -0.0310154
13.6 3 -0.0605369
13.6 3.2 -0.04532
13.6 3.4 -0.0017384
13.6 3.6 0.0347628
13.6 3.8 0.0338689
13.6 4 -0.00851569
13.6 4.2 -0.0645701
13.6 4.4 -0.0934291
13.6 4.6 -0.0672194
13.6 4.8 0.00521099
13.6 5 0.0843274
13.6 5.2 0.122217
13.6 5.4 0.0920285
13.6 5.6 0.006592
13.6 5.8 -0.0916737
13.6 6 -0.153978
13.6 6.2 -0.15712
13.6 6.4 -0.111252
13.6 6.6 -0.0515799
13.6 6.8 -0.0110922
13.6 7 -0.00116923
13.6 7.2 -0.00834952
13.6 7.4 -0.00764107
13.6 7.6 0.0153005
13.6 7.8 0.054558
13.6 8 0.0887779
13.6 8.2 0.012192
13.6 8.4 0

13.8 0 0
13.8 0.2 0.0414375
13.8 0.4 0.300487
13.8 0.6 0.266366
13.8 0.8 0.223786
13.8 1 0.167657
13.8 1.2 0.103543
13.8 1.4 0.0502703
13.8 1.6 0.0262827
13.8 1.8 0.0381007
13.8 2 0.0706861
13.8 2.2 0.0970259
13.8 2.4 0.0940094
13.8 2.6 0.0600868
13.8 2.8 0.0155137
13.8 3 -0.0106317
13.8 3.2 -0.00223794
13.8 3.4 0.0307886
13.8 3.6 0.0609709
13.8 3.8 0.0594257
13.8 4 0.0211754
13.8 4.2 -0.033052
13.8 4.4 -0.0664626
13.8 4.6 -0.0548148
13.8 4.8 -0.0021835
13.8 5 0.0596742
13.8 5.2 0.0908908
13.8 5.4 0.0712126
13.8 5.6 0.0122637
13.8 5.8 -0.0481688
13.8 6 -0.0740227
13.8 6.2 -0.0509283
13.8 6.4 0.00273671
13.8 6.6 0.0517414
13.8 6.8 0.0667183
13.8 7 0.0438378
13.8 7.2 0.00402013
13.8 7.4 -0.0229133
13.8 7.6 -0.0209817
13.8 7.8 0.00336047
13.8 8 0.026869
13.8 8.2 0.00362413
13.8 8.4 0

14 0 0
14 0.2 0.0389035
14 0.4 0.282161
14 0.6 0.257894
14 0.8 0.227091
14 1 0.176627
14 1.2 0.106997
14 1.4 0.037688
14 1.6 -0.00589767
14 1.8 -0.00737951
14 2 0.0260132
14 2.2 0.0687513
14 2.4 0.0936526
14 2.6 0.0887382
14 2.8 0.0651201
14 3 0.046238
14 3.2 0.049382
14 3.4 0.0718084
14 3.6 0.0925603
14 3.8 0.0882966
14 4 0.0511309
14 4.2 -0.00264809
14 4.4 -0.0452219
14 4.6 -0.0544373
14 4.8 -0.0307796
14 5 0.00417058
14 5.2 0.022964
14 5.4 0.0138472
14 5.6 -0.0102241
14 5.8 -0.0219794
14 6 0.000997172
14 6.2 0.0560012
14 6.4 0.116696
14 6.6 0.146671
14 6.8 0.125165
14 7 0.0600017
14 7.2 -0.0172289
14 7.4 -0.070673
14 7.6 -0.0843677
14 7.8 -0.0688135
14 8 -0.0524387
14 8.2 -0.00731792
14 8.4 0

14.2 0 0
14.2 0.2 0.0237839
14.2 0.4 0.172644
14.2 0.6 0.170314
14.2 0.8 0.166202
14.2 1 0.139486
14.2 1.2 0.0850257
14.2 1.4 0.0197376
14.2 1.6 -0.0277692
14.2 1.8 -0.034809
14.2 2 -0.0022609
14.2 2.2 0.04927
14.2 2.4 0.0902571
14.2 2.6 0.104106
14.2 2.8 0.0941823
14.2 3 0.0791161
14.2 3.2 0.0762067
14.2 3.4 0.0874694
14.2 3.6 0.0992409
14.2 3.8 0.092046
14.2 4 0.058869
14.2 4.2 0.00882503
14.2 4.4 -0.0370917
14.2 4.6 -0.0615579
14.2 4.8 -0.0632081
14.2 5 -0.0540316
14.2 5.2 -0.0498524
14.2 5.4 -0.0523657
14.2 5.6 -0.0487282
14.2 5.8 -0.0201182
14.2 6 0.0408463
14.2 6.2 0.118131
14.2 6.4 0.176619
14.2 6.6 0.183384
14.2 6.8 0.127295
14.2 7 0.0295419
14.2 7.2 -0.0675346
14.2 7.4 -0.126008
14.2 7.6 -0.132777
14.2 7.8 -0.107205
14.2 8 -0.0848072
14.2 8.2 -0.0117598
14.2 8.4 0

14.4 0 0
14.4 0.2 0.00388975
14.4 0.4 0.0286147
14.4 0.6 0.0524252
14.4 0.8 0.0803181
14.4 1 0.0872706
14.4 1.2 0.0617762
14.4 1.4 0.0163974
14.4 1.6 -0.0221285
14.4 1.8 -0.0299361
14.4 2 -0.00285236
14.4 2.2 0.0431863
14.4 2.4 0.0820539
14.4 2.6 0.097
14.4 2.8 0.0882319
14.4 3 0.0709987
14.4 3.2 0.0612492
14.4 3.4 0.0634396
14.4 3.6 0.0683782
14.4 3.8 0.0618461
14.4 4 0.0368122
14.4 4.2 -0.00144563
14.4 4.4 -0.0389158
14.4 4.6 -0.063812
14.4 4.8 -0.0760824
14.4 5 -0.082864
14.4 5.2 -0.0900308
14.4 5.4 -0.0935168
14.4 5.6 -0.0783263
14.4 5.8 -0.0317443
14.4 6 0.0439981
14.4 6.2 0.123586
14.4 6.4 0.169603
14.4 6.6 0.153873
14.4 6.8 0.076511
14.4 7 -0.0305852
14.4 7.2 -0.119351
14.4 7.4 -0.153714
14.4 7.6 -0.128382
14.4 7.8 -0.0725463
14.4 8 -0.0301484
14.4 8.2 -0.00422742
14.4 8.4 0

14.6 0 0
14.6 0.2 -0.0118062
14.6 0.4 -0.0854774
14.6 0.6 -0.0430493
14.6 0.8 0.00972136
14.6 1 0.0458135
14.6 1.2 0.0507102
14.6 1.4 0.0310456
14.6 1.6 0.0070359
14.6 1.8 0.00015657
14.6 2 0.0153266
14.6 2.2 0.042583
14.6 2.4 0.0630949
14.6 2.6 0.064592
14.6 2.8 0.0488386
14.6 3 0.027853
14.6 3.2 0.014986
14.6 3.4 0.0133182
14.6 3.6 0.0159637
14.6 3.8 0.0126178
14.6 4 -0.00183305
14.6 4.2 -0.0229984
14.6 4.4 -0.0415494
14.6 4.6 -0.0523188
14.6 4.8 -0.0581974
14.6 5 -0.0659371
14.6 5.2 -0.0788445
14.6 5.4 -0.0877663
14.6 5.6 -0.0770599
14.6 5.8 -0.03553
14.6 6 0.0306148
14.6 6.2 0.0943917
14.6 6.4 0.121255
14.6 6.6 0.0901909
14.6 6.8 0.00932124
14.6 7 -0.0832464
14.6 7.2 -0.140617
14.6 7.4 -0.132384
14.6 7.6 -0.0639058
14.6 7.8 0.0266856
14.6 8 0.0925476
14.6 8.2 0.0126867
14.6 8.4 0

14.8 0 0
14.8 0.2 -0.0193736
14.8 0.4 -0.14097
14.8 0.6 -0.0938544
14.8 0.8 -0.0335273
14.8 1 0.0165173
14.8 1.2 0.0419305
14.8 1.4 0.0433956
14.8 1.6 0.0344654
14.8 1.8 0.0279519
14.8 2 0.0291141
14.8 2.2 0.0321811
14.8 2.4 0.0275724
14.8 2.6 0.0121181
14.8 2.8 -0.00985687
14.8 3 -0.0276401
14.8 3.2 -0.0340745
14.8 3.4 -0.0307614
14.8 3.6 -0.0254479
14.8 3.8 -0.0262762
14.8 4 -0.0337192
14.8 4.2 -0.0408008
14.8 4.4 -0.0402853
14.8 4.6 -0.0299335
14.8 4.8 -0.0181697
14.8 5 -0.0153775
14.8 5.2 -0.0255173
14.8 5.4 -0.0403031
14.8 5.6 -0.0423725
14.8 5.8 -0.0198788
14.8 6 0.0226811
14.8 6.2 0.0626863
14.8 6.4 0.0716125
14.8 6.6 0.0352344
14.8 6.8 -0.0337085
14.8 7 -0.0987908
14.8 7.2 -0.11734
14.8 7.4 -0.0702725
14.8 7.6 0.0285124
14.8 7.8 0.135677
14.8 8 0.208611
14.8 8.2 0.0286724
14.8 8.4 0

15 0 0
15 0.2 -0.0216375
15 0.4 -0.15786
15 0.6 -0.118507
15 0.8 -0.0682761
15 1 -0.0219398
15 1.2 0.00954296
15 1.4 0.025249
15 1.6 0.0283874
15 1.8 0.0245916
15 2 0.0144147
15 2.2 -0.00272055
15 2.4 -0.0269691
15 2.6 -0.0521909
15 2.8 -0.0695402
15 3 -0.0716051
15 3.2 -0.0587379
15 3.4 -0.0410031
15 3.6 -0.0296814
15 3.8 -0.0317863
15 4 -0.0417728
15 4.2 -0.0474302
15 4.4 -0.0376189
15 4.6 -0.0120815
15 4.8 0.0176294
15 5 0.0357144
15 5.2 0.033787
15 5.4 0.0181474
15 5.6 0.00470072
15 5.8 0.00784359
15 6 0.0274322
15 6.2 0.0475312
15 6.4 0.0467297
15 6.6 0.0151371
15 6.8 -0.0349083
15 7 -0.0716317
15 7.2 -0.0635804
15 7.4 0.00100542
15 7.6 0.100965
15 7.8 0.189625
15 8 0.0547391
15 8.2 0
15 8.4 0

15.2 0 0
15.2 0.2 -0.0245076
15.2 0.4 -0.178896
15.2 0.6 -0.152853
15.2 0.8 -0.122108
15.2 1 -0.0907036
15.2 1.2 -0.0616861
15.2 1.4 -0.0379552
15.2 1.6 -0.0225903
15.2 1.8 -0.0204454
15.2 2 -0.0338635
15.2 2.2 -0.0612881
15.2 2.4 -0.0938599
15.2 2.6 -0.116437
15.2 2.8 -0.117108
15.2 3 -0.0913385
15.2 3.2 -0.0498669
15.2 3.4 -0.0112941
15.2 3.6 0.00666855
15.2 3.8 -0.00157193
15.2 4 -0.0255782
15.2 4.2 -0.0443379
15.2 4.4 -0.041854
15.2 4.6 -0.0146655
15.2 4.8 0.0238437
15.2 5 0.0538201
15.2 5.2 0.0624124
15.2 5.4 0.0513233
15.2 5.6 0.0347094
15.2 5.8 0.0275608
15.2 6 0.0339677
15.2 6.2 0.0448865
15.2 6.4 0.0438012
15.2 6.6 0.0235826
15.2 6.8 -0.00695467
15.2 7 -0.0253352
15.2 7.2 -0.00905749
15.2 7.4 0.0471117
15.2 7.6 0.125309
15.2 7.8 0.190641
15.2 8 0.0262038
15.2 8.2 0
15.2 8.4 0

15.4 0 0
15.4 0.2 -0.0310814
15.4 0.4 -0.225917
15.4 0.6 -0.210447
15.4 0.8 -0.198708
15.4 1 -0.181761
15.4 1.2 -0.156914
15.4 1.4 -0.125574
15.4 1.6 -0.0980754
15.4 1.8 -0.0855438
15.4 2 -0.0955483
15.4 2.2 -0.124017
15.4 2.4 -0.15501
15.4 2.6 -0.167943
15.4 2.8 -0.146258
15.4 3 -0.0914481
15.4 3.2 -0.0205548
15.4 3.4 0.0378584
15.4 3.6 0.0610132
15.4 3.8 0.0439463
15.4 4 0.00125643
15.4 4.2 -0.0398408
15.4 4.4 -0.0560784
15.4 4.6 -0.0411311
15.4 4.8 -0.0060742
15.4 5 0.0277358
15.4 5.2 0.0441691
15.4 5.4 0.0412555
15.4 5.6 0.0291641
15.4 5.8 0.0226063
15.4 6 0.0272637
15.4 6.2 0.0377475
15.4 6.4 0.0426749
15.4 6.6 0.0347764
15.4 6.8 0.0185919
15.4 7 0.0085561
15.4 7.2 0.0175672
15.4 7.4 0.0489355
15.4 7.6 0.0902909
15.4 7.8 0.123847
15.4 8 0.0170478
15.4 8.2 0
15.4 8.4 0

15.6 0 0
15.6 0.2 -0.0378328
15.6 0.4 -0.274068
15.6 0.6 -0.264055
15.6 0.8 -0.262241
15.6 1 -0.253407
15.6 1.2 -0.227842
15.6 1.4 -0.188433
15.6 1.6 -0.148782
15.6 1.8 -0.126658
15.6 2 -0.13167
15.6 2.2 -0.158722
15.6 2.4 -0.187555
15.6 2.6 -0.192339
15.6 2.8 -0.156688
15.6 3 -0.0831674
15.6 3.2 0.00529864
15.6 3.4 0.0755101
15.6 3.6 0.101922
15.6 3.8 0.0787276
15.6 4 0.0229318
15.6 4.2 -0.035765
15.6 4.4 -0.0711966
15.6 4.6 -0.0732612
15.6 4.8 -0.0505662
15.6 5 -0.0219073
15.6 5.2 -0.00327142
15.6 5.4 0.000539525
15.6 5.6 -0.00332418
15.6 5.8 -0.0042023
15.6 6 0.00300118
15.6 6.2 0.0153073
15.6 6.4 0.0239889
15.6 6.6 0.0237213
15.6 6.8 0.0160713
15.6 7 0.00879522
15.6 7.2 0.00860817
15.6 7.4 0.0154844
15.6 7.6 0.0223751
15.6 7.8 0.0232275
15.6 8 0.00324852
15.6 8.2 0
15.6 8.4 0

15.8 0 0
15.8 0.2 -0.0369824
15.8 0.4 -0.267037
15.8 0.6 -0.259331
15.8 0.8 -0.260212
15.8 1 -0.251043
15.8 1.2 -0.221753
15.8 1.4 -0.175518
15.8 1.6 -0.129593
15.8 1.8 -0.104148
15.8 2 -0.109756
15.8 2.2 -0.140261
15.8 2.4 -0.172795
15.8 2.6 -0.181055
15.8 2.8 -0.147182
15.8 3 -0.0753779
15.8 3.2 0.0110993
15.8 3.4 0.0806059
15.8 3.6 0.107673
15.8 3.8 0.0868288
15.8 4 0.0333457
15.8 4.2 -0.0263808
15.8 4.4 -0.0680892
15.8 4.6 -0.0821352
15.8 4.8 -0.0732577
15.8 5 -0.0558458
15.8 5.2 -0.0420713
15.8 5.4 -0.0362493
15.8 5.6 -0.0346457
15.8 5.8 -0.0315538
15.8 6 -0.0248913
15.8 6.2 -0.0173283
15.8 6.4 -0.0135789
15.8 6.6 -0.0155133
15.8 6.8 -0.020171
15.8 7 -0.022655
15.8 7.2 -0.0213236
15.8 7.4 -0.0204463
15.8 7.6 -0.0284444
15.8 7.8 -0.0510595
15.8 8 -0.00691803
15.8 8.2 0
15.8 8.4 0

16 0 0
16 0.2 -0.0227832
16 0.4 -0.164009
16 0.6 -0.160769
16 0.8 -0.160875
16 1 -0.148537
16 1.2 -0.11636
16 1.4 -0.0704937
16 1.6 -0.0288595
16 1.8 -0.0110787
16 2 -0.0263638
16 2.2 -0.0668158
16 2.4 -0.110902
16 2.6 -0.133102
16 2.8 -0.117984
16 3 -0.067941
16 3.2 -0.00246607
16 3.4 0.052936
16 3.6 0.0786925
16 3.8 0.0701194
16 4 0.0380332
16 4.2 -0.00107837
16 4.4 -0.0303069
16 4.6 -0.0447937
16 4.8 -0.0470912
16 5 -0.0437945
16 5.2 -0.0405516
16 5.4 -0.0386575
16 5.6 -0.0365905
16 5.8 -0.0347653
16 6 -0.0352884
16 6.2 -0.0414284
16 6.4 -0.0537644
16 6.6 -0.0669636
16 6.8 -0.0732578
16 7 -0.0668783
16 7.2 -0.0492383
16 7.4 -0.029789
16 7.6 -0.019816
16 7.8 -0.0095852
16 8 0
16 8.2 0
16 8.4 0

16.2 0 0
16.2 0.2 0.00231853
16.2 0.4 0.0172225
16.2 0.6 0.012188
16.2 0.8 0.0116706
16.2 1 0.0247314
16.2 1.2 0.0538093
16.2 1.4 0.0892474
16.2 1.6 0.114749
16.2 1.8 0.114821
16.2 2 0.0840074
16.2 2.2 0.0312392
16.2 2.4 -0.0242985
16.2 2.6 -0.062622
16.2 2.8 -0.0716828
16.2 3 -0.0535285
16.2 3.2 -0.020172
16.2 3.4 0.0127303
16.2 3.6 0.0354647
16.2 3.8 0.0451234
16.2 4 0.0466901
16.2 4.2 0.0445949
16.2 4.4 0.041267
16.2 4.6 0.0355034
16.2 4.8 0.0259357
16.2 5 0.0137619
16.2 5.2 0.00276315
16.2 5.4 -0.0029474
16.2 5.6 -0.00355674
16.2 5.8 -0.0055284
16.2 6 -0.0164586
16.2 6.2 -0.0415929
16.2 6.4 -0.0761012
16.2 6.6 -0.107071
16.2 6.8 -0.119018
16.2 7 -0.103038
16.2 7.2 -0.063134
16.2 7.4 -0.0153704
16.2 7.6 0.018546
16.2 7.8 0.00257482
16.2 8 0
16.2 8.2 0
16.2 8.4 0

16.4 0 0
16.4 0.2 0.0272988
16.4 0.4 0.197493
16.4 0.6 0.184194
16.4 0.8 0.182027
16.4 1 0.192806
16.4 1.2 0.212067
16.4 1.4 0.229655
16.4 1.6 0.23215
16.4 1.8 0.210577
16.4 2 0.16552
16.4 2.2 0.107177
16.4 2.4 0.0505508
16.4 2.6 0.00793089
16.4 2.8 -0.0167714
16.4 3 -0.0256747
16.4 3.2 -0.0245991
16.4 3.4 -0.0163504
16.4 3.6 -1.27938e-05
16.4 3.8 0.0268453
16.4 4 0.062478
16.4 4.2 0.0984946
16.4 4.4 0.123597
16.4 4.6 0.127515
16.4 4.8 0.110711
16.4 5 0.0820351
16.4 5.2 0.0559283
16.4 5.4 0.0430624
16.4 5.6 0.0414068
16.4 5.8 0.0397197
16.4 6 0.0227366
16.4 6.2 -0.0167587
16.4 6.4 -0.0705538
16.4 6.6 -0.118277
16.4 6.8 -0.137393
16.4 7 -0.116077
16.4 7.2 -0.059446
16.4 7.4 0.0108547
16.4 7.6 0.0668036
16.4 7.8 0.00916574
16.4 8 0
16.4 8.2 0
16.4 8.4 0

16.6 0 0
16.6 0.2 0.0389393
16.6 0.4 0.281255
16.6 0.6 0.265922
16.6 0.8 0.264948
16.6 1 0.273387
16.6 1.2 0.282633
16.6 1.4 0.281612
16.6 1.6 0.262363
16.6 1.8 0.223726
16.6 2 0.172974
16.6 2.2 0.12258
16.6 2.4 0.0818586
16.6 2.6 0.0537343
16.6 2.8 0.0329364
16.6 3 0.0125431
16.6 3.2 -0.00792246
16.6 3.4 -0.0215794
16.6 3.6 -0.0147881
16.6 3.8 0.0191154
16.6 4 0.0765031
16.6 4.2 0.138494
16.6 4.4 0.18139
16.6 4.6 0.188726
16.6 4.8 0.161009
16.6 5 0.115514
16.6 5.2 0.076375
16.6 5.4 0.0598459
16.6 5.6 0.0633789
16.6 5.8 0.0702185
16.6 6 0.0580235
16.6 6.2 0.0168069
16.6 6.4 -0.0440461
16.6 6.6 -0.0999499
16.6 6.8 -0.124224
16.6 7 -0.102681
16.6 7.2 -0.0436127
16.6 7.4 0.0309478
16.6 7.6 0.10268
16.6 7.8 0.0140637
16.6 8 0
16.6 8.2 0
16.6 8.4 0

16.8 0 0
16.8 0.2 0.0305377
16.8 0.4 0.220724
16.8 0.6 0.21407
16.8 0.8 0.220571
16.8 1 0.232228
16.8 1.2 0.236979
16.8 1.4 0.225518
16.8 1.6 0.193881
16.8 1.8 0.148051
16.8 2 0.102399
16.8 2.2 0.0710399
16.8 2.4 0.0601452
16.8 2.6 0.0631222
16.8 2.8 0.0643604
16.8 3 0.0510077
16.8 3.2 0.0223025
16.8 3.4 -0.00722644
16.8 3.6 -0.015279
16.8 3.8 0.0131408
16.8 4 0.0735651
16.8 4.2 0.142351
16.8 4.4 0.188145
16.8 4.6 0.189562
16.8 4.8 0.148624
16.8 5 0.0886672
16.8 5.2 0.0411524
16.8 5.4 0.0260471
16.8 5.6 0.040531
16.8 5.8 0.0632667
16.8 6 0.0666851
16.8 6.2 0.0379201
16.8 6.4 -0.0145488
16.8 6.6 -0.0649552
16.8 6.8 -0.0858577
16.8 7 -0.0667629
16.8 7.2 -0.0189763
16.8 7.4 0.0266164
16.8 7.6 0.0177003
16.8 7.8 0
16.8 8 0
16.8 8.2 0
16.8 8.4 0

17 0 0
17 0.2 0.00737833
17 0.4 0.0537348
17 0.6 0.0631996
17 0.8 0.0828366
17 1 0.103566
17 1.2 0.113902
17 1.4 0.104285
17 1.6 0.0729341
17 1.8 0.0300489
17 2 -0.00522568
17 2.2 -0.0156816
17 2.4 0.00421151
17 2.6 0.0418798
17 2.8 0.0734969
17 3 0.0774485
17 3.2 0.0509274
17 3.4 0.0101253
17 3.6 -0.0150604
17 3.8 -0.00401557
17 4 0.0438297
17 4.2 0.103532
17 4.4 0.14123
17 4.6 0.134062
17 4.8 0.0837972
17 5 0.0163894
17 5.2 -0.0330279
17 5.4 -0.0433493
17 5.6 -0.0168508
17 5.8 0.0219213
17 6 0.0437377
17 6.2 0.0340225
17 6.4 0.000524888
17 6.6 -0.0318998
17 6.8 -0.0392564
17 7 -0.0149917
17 7.2 0.0257799
17 7.4 0.0569509
17 7.6 0.00781073
17 7.8 0
17 8 0
17 8.2 0
17 8.4 0

17.2 0 0
17.2 0.2 -0.0161475
17.2 0.4 -0.115856
17.2 0.6 -0.0920542
17.2 0.8 -0.0611287
17.2 1 -0.028612
17.2 1.2 -0.00566985
17.2 1.4 -0.00237235
17.2 1.6 -0.0230579
17.2 1.8 -0.0583188
17.2 2 -0.0865983
17.2 2.2 -0.0868389
17.2 2.4 -0.05027
17.2 2.6 0.00967129
17.2 2.8 0.0644628
17.2 3 0.0858758
17.2 3.2 0.0646419
17.2 3.4 0.0166877
17.2 3.6 -0.0264384
17.2 3.8 -0.0365989
17.2 4 -0.00884233
17.2 4.2 0.0367202
17.2 4.4 0.0670889
17.2 4.6 0.0573802
17.2 4.8 0.00864939
17.2 5 -0.054488
17.2 5.2 -0.0987601
17.2 5.4 -0.103472
17.2 5.6 -0.0708322
17.2 5.8 -0.0255978
17.2 6 0.00586601
17.2 6.2 0.0100956
17.2 6.4 -0.00477057
17.2 6.6 -0.0160107
17.2 6.8 -0.00387426
17.2 7 0.0330889
17.2 7.2 0.0753753
17.2 7.4 0.0952394
17.2 7.6 0.013062
17.2 7.8 0
17.2 8 0
17.2 8.2 0
17.2 8.4 0

17.4 0 0
17.4 0.2 -0.0255477
17.4 0.4 -0.184051
17.4 0.6 -0.158712
17.4 0.8 -0.126754
17.4 1 -0.0884409
17.4 1.2 -0.0518788
17.4 1.4 -0.0311022
17.4 1.6 -0.0368496
17.4 1.8 -0.0652132
17.4 2 -0.0963007
17.4 2.2 -0.104218
17.4 2.4 -0.0738034
17.4 2.6 -0.0130671
17.4 2.8 0.0492505
17.4 3 0.079709
17.4 3.2 0.0626781
17.4 3.4 0.00901427
17.4 3.6 -0.0484052
17.4 3.8 -0.0779413
17.4 4 -0.0664048
17.4 4.2 -0.0300768
17.4 4.4 0.00188843
17.4 4.6 0.00301553
17.4 4.8 -0.029704
17.4 5 -0.076588
17.4 5.2 -0.109618
17.4 5.4 -0.110351
17.4 5.6 -0.0825166
17.4 5.8 -0.0454118
17.4 6 -0.0211914
17.4 6.2 -0.017357
17.4 6.4 -0.0247945
17.4 6.6 -0.0223006
17.4 6.8 0.00529222
17.4 7 0.05679
17.4 7.2 0.108264
17.4 7.4 0.0278717
17.4 7.6 0
17.4 7.8 0
17.4 8 0
17.4 8.2 0
17.4 8.4 0

17.6 0 0
17.6 0.2 -0.0159993
17.6 0.4 -0.115622
17.6 0.6 -0.105612
17.6 0.8 -0.0890479
17.6 1 -0.0566744
17.6 1.2 -0.0128831
17.6 1.4 0.0235809
17.6 1.6 0.0324931
17.6 1.8 0.00721778
17.6 2 -0.0357566
17.6 2.2 -0.0669928
17.6 2.4 -0.0610767
17.6 2.6 -0.0183149
17.6 2.8 0.0367759
17.6 3 0.0679626
17.6 3.2 0.0526869
17.6 3.4 -0.00360792
17.6 3.6 -0.0701235
17.6 3.8 -0.111102
17.6 4 -0.108209
17.6 4.2 -0.0709584
17.6 4.4 -0.0272117
17.6 4.6 -0.00435508
17.6 4.8 -0.0105935
17.6 5 -0.0339865
17.6 5.2 -0.0533477
17.6 5.4 -0.0544813
17.6 5.6 -0.0395977
17.6 5.8 -0.0241193
17.6 6 -0.0202912
17.6 6.2 -0.0312952
17.6 6.4 -0.0443981
17.6 6.6 -0.0430677
17.6 6.8 -0.0144505
17.6 7 0.0422207
17.6 7.2 0.109262
17.6 7.4 0.0148829
17.6 7.6 0
17.6 7.8 0
17.6 8 0
17.6 8.2 0
17.6 8.4 0

17.8 0 0
17.8 0.2 0.00479635
17.8 0.4 0.033727
17.8 0.6 0.015267
17.8 0.8 0.0026126
17.8 1 0.0166338
17.8 1.2 0.0580284
17.8 1.4 0.105574
17.8 1.6 0.126766
17.8 1.8 0.103733
17.8 2 0.0466503
17.8 2.2 -0.0110338
17.8 2.4 -0.0346841
17.8 2.6 -0.0147341
17.8 2.8 0.0295664
17.8 3 0.0593948
17.8 3.2 0.046854
17.8 3.4 -0.00856075
17.8 3.6 -0.0778855
17.8 3.8 -0.123211
17.8 4 -0.121399
17.8 4.2 -0.0776273
17.8 4.4 -0.0181389
17.8 4.6 0.0276747
17.8 4.8 0.0465062
17.8 5 0.0440116
17.8 5.2 0.0355413
17.8 5.4 0.0313149
17.8 5.6 0.0298521
17.8 5.8 0.0223596
17.8 6 0.00236048
17.8 6.2 -0.0252024
17.8 6.4 -0.0494309
17.8 6.6 -0.0586795
17.8 6.8 -0.0485522
17.8 7 -0.00956874
17.8 7.2 0.0892951
17.8 7.4 0.0120749
17.8 7.6 0
17.8 7.8 0
17.8 8 0
17.8 8.2 0
17.8 8.4 0

18 0 0
18 0.2 0.0219161
18 0.4 0.156843
18 0.6 0.108298
18 0.8 0.0614286
18 1 0.0501056
18 1.2 0.0835735
18 1.4 0.137523
18 1.6 0.170366
18 1.8 0.152963
18 2 0.0891666
18 2.2 0.0152639
18 2.4 -0.0270376
18 2.6 -0.0192205
18 2.8 0.0223086
18 3 0.0572428
18 3.2 0.0517099
18 3.4 0.0012045
18 3.6 -0.0662771
18 3.8 -0.11169
18 4 -0.108118
18 4.2 -0.0590184
18 4.4 0.00909141
18 4.6 0.0659383
18 4.8 0.0956378
18 5 0.101616
18 5.2 0.0962207
18 5.4 0.0882492
18 5.6 0.0763051
18 5.8 0.054374
18 6 0.023073
18 6.2 -0.00913929
18 6.4 -0.031669
18 6.6 -0.0456556
18 6.8 -0.0664535
18 7 -0.105045
18 7.2 -0.0024722
18 7.4 0
18 7.6 0
18 7.8 0
18 8 0
18 8.2 0
18 8.4 0

18.2 0 0
18.2 0.2 0.0238733
18.2 0.4 0.171233
18.2 0.6 0.102153
18.2 0.8 0.0265952
18.2 1 -0.00766601
18.2 1.2 0.0167526
18.2 1.4 0.0769512
18.2 1.6 0.122654
18.2 1.8 0.11643
18.2 2 0.057993
18.2 2.2 -0.015623
18.2 2.4 -0.0567931
18.2 2.6 -0.0425827
18.2 2.8 0.0104905
18.2 3 0.0589715
18.2 3.2 0.0651226
18.2 3.4 0.0218336
18.2 3.6 -0.0422615
18.2 3.8 -0.0855654
18.2 4 -0.0809404
18.2 4.2 -0.0328302
18.2 4.4 0.0306437
18.2 4.6 0.0788652
18.2 4.8 0.0977914
18.2 5 0.094196
18.2 5.2 0.0832446
18.2 5.4 0.0731905
18.2 5.6 0.060958
18.2 5.8 0.0410886
18.2 6 0.0156814
18.2 6.2 -0.00103627
18.2 6.4 0.00247378
18.2 6.6 0.0160809
18.2 6.8 -0.00307172
18.2 7 -0.129413
18.2 7.2 -0.01788
18.2 7.4 0
18.2 7.6 0
18.2 7.8 0
18.2 8 0
18.2 8.2 0
18.2 8.4 0

18.4 0 0
18.4 0.2 0.0106322
18.4 0.4 0.0765203
18.4 0.6 0.000743939
18.4 0.8 -0.0908879
18.4 1 -0.138944
18.4 1.2 -0.117623
18.4 1.4 -0.0500239
18.4 1.6 0.00930109
18.4 1.8 0.0175381
18.4 2 -0.0280031
18.4 2.2 -0.0881963
18.4 2.4 -0.112822
18.4 2.6 -0.0785495
18.4 2.8 -0.00444794
18.4 3 0.0613622
18.4 3.2 0.0783363
18.4 3.4 0.0402341
18.4 3.6 -0.0206665
18.4 3.8 -0.0609075
18.4 4 -0.0547748
18.4 4.2 -0.011514
18.4 4.4 0.0360937
18.4 4.6 0.0580329
18.4 4.8 0.0466622
18.4 5 0.0187667
18.4 5.2 -0.00392701
18.4 5.4 -0.0115435
18.4 5.6 -0.0121214
18.4 5.8 -0.0175866
18.4 6 -0.0272362
18.4 6.2 -0.021411
18.4 6.4 0.022628
18.4 6.6 0.104474
18.4 6.8 0.183139
18.4 7 0.00737482
18.4 7.2 0
18.4 7.4 0
18.4 7.6 0
18.4 7.8 0
18.4 8 0
18.4 8.2 0
18.4 8.4 0

18.6 0 0
18.6 0.2 -0.00652305
18.6 0.4 -0.0465187
18.6 0.6 -0.119761
18.6 0.8 -0.214796
18.6 1 -0.264574
18.6 1.2 -0.239298
18.6 1.4 -0.162744
18.6 1.6 -0.0920514
18.6 1.8 -0.0733373
18.6 2 -0.108069
18.6 2.2 -0.154991
18.6 2.4 -0.161576
18.6 2.6 -0.106002
18.6 2.8 -0.0139549
18.6 3 0.0630485
18.6 3.2 0.0827495
18.6 3.4 0.0440593
18.6 3.6 -0.0158827
18.6 3.8 -0.0496181
18.6 4 -0.0370665
18.6 4.2 0.00463004
18.6 4.4 0.034952
18.6 4.6 0.0239416
18.6 4.8 -0.0261768
18.6 5 -0.084639
18.6 5.2 -0.117686
18.6 5.4 -0.11538
18.6 5.6 -0.0943749
18.6 5.8 -0.0808668
18.6 6 -0.0820861
18.6 6.2 -0.07439
18.6 6.4 -0.0164817
18.6 6.6 0.117905
18.6 6.8 0.294376
18.6 7 0.0405593
18.6 7.2 0
18.6 7.4 0
18.6 7.6 0
18.6 7.8 0
18.6 8 0
18.6 8.2 0
18.6 8.4 0

18.8 0 0
18.8 0.2 -0.0134438
18.8 0.4 -0.0958862
18.8 0.6 -0.165415
18.8 0.8 -0.256396
18.8 1 -0.299375
18.8 1.2 -0.264724
18.8 1.4 -0.178928
18.8 1.6 -0.103461
18.8 1.8 -0.0840714
18.8 2 -0.120873
18.8 2.2 -0.166537
18.8 2.4 -0.167209
18.8 2.6 -0.104087
18.8 2.8 -0.00720666
18.8 3 0.0657868
18.8 3.2 0.0750047
18.8 3.4 0.0263775
18.8 3.6 -0.03404
18.8 3.8 -0.0568309
18.8 4 -0.0273439
18.8 4.2 0.024127
18.8 4.4 0.0462086
18.8 4.6 0.00849046
18.8 4.8 -0.0762951
18.8 5 -0.159419
18.8 5.2 -0.194796
18.8 5.4 -0.171332
18.8 5.6 -0.120142
18.8 5.8 -0.0876498
18.8 6 -0.0977737
18.8 6.2 -0.129713
18.8 6.4 -0.12389
18.8 6.6 -0.00327176
18.8 6.8 0.040009
18.8 7 0
18.8 7.2 0
18.8 7.4 0
18.8 7.6 0
18.8 7.8 0
18.8 8 0
18.8 8.2 0
18.8 8.4 0

19 0 0
19 0.2 -0.00325854
19 0.4 -0.0223385
19 0.6 -0.0939648
19 0.8 -0.180675
19 1 -0.213842
19 1.2 -0.167067
19 1.4 -0.0739226
19 1.6 0.000552018
19 1.8 0.00757012
19 2 -0.0459557
19 2.2 -0.107873
19 2.4 -0.120669
19 2.6 -0.066665
19 2.8 0.0176655
19 3 0.0719479
19 3.2 0.0581321
19 3.4 -0.008139
19 3.6 -0.071113
19 3.8 -0.0780463
19 4 -0.0214807
19 4.2 0.0531032
19 4.4 0.0813632
19 4.6 0.0298347
19 4.8 -0.077516
19 5 -0.174153
19 5.2 -0.200007
19 5.4 -0.14408
19 5.6 -0.0527851
19 5.8 0.00307609
19 6 -0.0218526
19 6.2 -0.123426
19 6.4 -0.249921
19 6.6 -0.0351338
19 6.8 0
19 7 0
19 7.2 0
19 7.4 0
19 7.6 0
19 7.8 0
19 8 0
19 8.2 0
19 8.4 0

19.2 0 0
19.2 0.2 0.0184416
19.2 0.4 0.133937
19.2 0.6 0.0532967
19.2 0.8 -0.0330672
19.2 1 -0.0579428
19.2 1.2 -0.000127906
19.2 1.4 0.100105
19.2 1.6 0.169566
19.2 1.8 0.159235
19.2 2 0.079126
19.2 2.2 -0.0101842
19.2 2.4 -0.0460184
19.2 2.6 -0.0115128
19.2 2.8 0.0526319
19.2 3 0.0815937
19.2 3.2 0.0403657
19.2 3.4 -0.0471289
19.2 3.6 -0.1145
19.2 3.8 -0.104492
19.2 4 -0.017008
19.2 4.2 0.0882395
19.2 4.4 0.132301
19.2 4.6 0.0782901
19.2 4.8 -0.0411838
19.2 5 -0.142193
19.2 5.2 -0.151251
19.2 5.4 -0.0565449
19.2 5.6 0.0821836
19.2 5.8 0.174501
19.2 6 0.157871
19.2 6.2 0.0191967
19.2 6.4 -0.263804
19.2 6.6 -0.0365118
19.2 6.8 0
19.2 7 0
19.2 7.2 0
19.2 7.4 0
19.2 7.6 0
19.2 7.8 0
19.2 8 0
19.2 8.2 0
19.2 8.4 0

19.4 0 0
19.4 0.2 0.0376573
19.4 0.4 0.272179
19.4 0.6 0.179263
19.4 0.8 0.087934
19.4 1 0.0665797
19.4 1.2 0.134238
19.4 1.4 0.242484
19.4 1.6 0.310908
19.4 1.8 0.286394
19.4 2 0.182535
19.4 2.2 0.0675005
19.4 2.4 0.0110251
19.4 2.6 0.030996
19.4 2.8 0.0815642
19.4 3 0.0931363
19.4 3.2 0.0300873
19.4 3.4 -0.0763271
19.4 3.6 -0.149747
19.4 3.8 -0.127974
19.4 4 -0.0145675
19.4 4.2 0.117674
19.4 4.4 0.177638
19.4 4.6 0.12277
19.4 4.8 -0.0059218
19.4 5 -0.110941
19.4 5.2 -0.106126
19.4 5.4 0.0217257
19.4 5.6 0.203509
19.4 5.8 0.338373
19.4 6 0.36763
19.4 6.2 0.32797
19.4 6.4 0.00876588
19.4 6.6 0
19.4 6.8 0
19.4 7 0
19.4 7.2 0
19.4 7.4 0
19.4 7.6 0
19.4 7.8 0
19.4 8 0
19.4 8.2 0
19.4 8.4 0

19.6 0 0
19.6 0.2 0
19.6 0.4 0.0376573
19.6 0.6 0.0247906
19.6 0.8 0.0121664
19.6 1 0.00919471
19.6 1.2 0.0185784
19.6 1.4 0.0335254
19.6 1.6 0.0430181
19.6 1.8 0.039639
19.6 2 0.0253026
19.6 2.2 0.00939452
19.6 2.4 0.00156697
19.6 2.6 0.00432181
19.6 2.8 0.0112903
19.6 3 0.0128934
19.6 3.2 0.00416197
19.6 3.4 -0.0105549
19.6 3.6 -0.0207038
19.6 3.8 -0.017723
19.6 4 -0.00204851
19.6 4.2 0.016192
19.6 4.4 0.0244971
19.6 4.6 0.0168871
19.6 4.8 -0.000849626
19.6 5 -0.0153411
19.6 5.2 -0.0146286
19.6 5.4 0.00307099
19.6 5.6 0.0281912
19.6 5.8 0.0468201
19.6 6 0.0507929
19.6 6.2 0.0452777
19.6 6.4 0
19.6 6.6 0
19.6 6.8 0
19.6 7 0
19.6 7.2 0
19.6 7.4 0
19.6 7.6 0
19.6 7.8 0
19.6 8 0
19.6 8.2 0
19.6 8.4 0

19.8 0 0
19.8 0.2 0
19.8 0.4 0
19.8 0.6 0
19.8 0.8 0
19.8 1 0
19.8 1.2 0
19.8 1.4 0
19.8 1.6 0
19.8 1.8 0
19.8 2 0
19.8 2.2 0
19.8 2.4 0
19.8 2.6 0
19.8 2.8 0
19.8 3 0
19.8 3.2 0
19.8 3.4 0
19.8 3.6 0
19.8 3.8 0
19.8 4 0
19.8 4.2 0
19.8 4.4 0
19.8 4.6 0
19.8 4.8 0
19.8 5 0
19.8 5.2 0
19.8 5.4 0
19.8 5.6 0
19.8 5.8 0
19.8 6 0
19.8 6.2 0
19.8 6.4 0
19.8 6.6 0
19.8 6.8 0
19.8 7 0
19.8 7.2 0
19.8 7.4 0
19.8 7.6 0
19.8 7.8 0
19.8 8 0
19.8 8.2 0
19.8 8.4 0

