0 0 0
0 1 0
0 2 0
0 3 0
0 4 0
0 5 0
0 6 0
0 7 0
0 8 0
0 9 0
0 10 0
0 11 0
0 12 0
0 13 0
0 14 0
0 15 0
0 16 0
0 17 0
0 18 0
0 19 0
0 20 0
0 21 0
0 22 0
0 23 0
0 24 0
0 25 0
0 26 0
0 27 0
0 28 0
0 29 0
0 30 0
0 31 0
0 32 0
0 33 0
0 34 0
0 35 0
0 36 0
0 37 0
0 38 0
0 39 0

1 0 0
1 1 0
1 2 -0.0136878
1 3 -0.01366
1 4 -0.0136066
1 5 -0.0137321
1 6 -0.0139943
1 7 -0.0141812
1 8 -0.0144454
1 9 -0.0144624
1 10 -0.0145449
1 11 -0.014703
1 12 -0.0147558
1 13 -0.0151341
1 14 -0.0153114
1 15 -0.0153477
1 16 -0.0153162
1 17 -0.0152141
1 18 -0.0151465
1 19 -0.0152046
1 20 -0.0151605
1 21 -0.0153027
1 22 -0.0154046
1 23 -0.0155393
1 24 -0.0156533
1 25 -0.0155068
1 26 -0.0153568
1 27 0
1 28 0
1 29 0
1 30 0
1 31 0
1 32 0
1 33 0
1 34 0
1 35 0
1 36 0
1 37 0
1 38 0
1 39 0

2 0 0
2 1 -0.0136878
2 2 -0.109869
2 3 -0.109425
2 4 -0.109536
2 5 -0.110592
2 6 -0.112136
2 7 -0.113829
2 8 -0.11504
2 9 -0.115939
2 10 -0.116965
2 11 -0.118159
2 12 -0.119527
2 13 -0.121499
2 14 -0.122895
2 15 -0.123236
2 16 -0.123009
2 17 -0.122324
2 18 -0.121835
2 19 -0.12219
2 20 -0.12246
2 21 -0.123191
2 22 -0.124209
2 23 -0.124909
2 24 -0.125492
2 25 -0.124653
2 26 -0.123993
2 27 -0.0153568
2 28 0
2 29 0
2 30 0
2 31 0
2 32 0
2 33 0
2 34 0
2 35 0
2 36 0
2 37 0
2 38 0
2 39 0

3 0 0
3 1 -0.0133853
3 2 -0.107574
3 3 -0.107583
3 4 -0.108459
3 5 -0.109444
3 6 -0.110054
3 7 -0.11085
3 8 -0.111315
3 9 -0.113336
3 10 -0.115213
3 11 -0.116882
3 12 -0.119149
3 13 -0.119791
3 14 -0.121014
3 15 -0.12146
3 16 -0.120873
3 17 -0.12051
3 18 -0.120563
3 19 -0.120865
3 20 -0.121879
3 21 -0.122282
3 22 -0.123013
3 23 -0.123086
3 24 -0.122868
3 25 -0.122842
3 26 -0.123644
3 27 -0.0153752
3 28 0
3 29 0
3 30 0
3 31 0
3 32 0
3 33 0
3 34 0
3 35 0
3 36 0
3 37 0
3 38 0
3 39 0

4 0 0
4 1 -0.0130342
4 2 -0.1055
4 3 -0.106624
4 4 -0.107281
4 5 -0.107561
4 6 -0.107129
4 7 -0.108107
4 8 -0.108782
4 9 -0.110464
4 10 -0.112346
4 11 -0.114258
4 12 -0.117121
4 13 -0.11701
4 14 -0.117481
4 15 -0.11781
4 16 -0.117884
4 17 -0.118248
4 18 -0.119014
4 19 -0.118924
4 20 -0.11979
4 21 -0.120942
4 22 -0.120106
4 23 -0.119669
4 24 -0.119351
4 25 -0.120017
4 26 -0.12049
4 27 -0.0149868
4 28 0
4 29 0
4 30 0
4 31 0
4 32 0
4 33 0
4 34 0
4 35 0
4 36 0
4 37 0
4 38 0
4 39 0

5 0 0
5 1 -0.01275
5 2 -0.103276
5 3 -0.104396
5 4 -0.104887
5 5 -0.104885
5 6 -0.105039
5 7 -0.105667
5 8 -0.106039
5 9 -0.10727
5 10 -0.10867
5 11 -0.109885
5 12 -0.11236
5 13 -0.113148
5 14 -0.113932
5 15 -0.114997
5 16 -0.115728
5 17 -0.116115
5 18 -0.116522
5 19 -0.115988
5 20 -0.117213
5 21 -0.117011
5 22 -0.116142
5 23 -0.115933
5 24 -0.115582
5 25 -0.116074
5 26 -0.115426
5 27 -0.0143343
5 28 0
5 29 0
5 30 0
5 31 0
5 32 0
5 33 0
5 34 0
5 35 0
5 36 0
5 37 0
5 38 0
5 39 0

6 0 0
6 1 -0.0125319
6 2 -0.100453
6 3 -0.101056
6 4 -0.100951
6 5 -0.100696
6 6 -0.101263
6 7 -0.101379
6 8 -0.101109
6 9 -0.101995
6 10 -0.103158
6 11 -0.104015
6 12 -0.105829
6 13 -0.108166
6 14 -0.10892
6 15 -0.110174
6 16 -0.111759
6 17 -0.112413
6 18 -0.113117
6 19 -0.112245
6 20 -0.112189
6 21 -0.111805
6 22 -0.110809
6 23 -0.111261
6 24 -0.111126
6 25 -0.111195
6 26 -0.109681
6 27 -0.0135837
6 28 0
6 29 0
6 30 0
6 31 0
6 32 0
6 33 0
6 34 0
6 35 0
6 36 0
6 37 0
6 38 0
6 39 0

7 0 0
7 1 -0.0119756
7 2 -0.0956925
7 3 -0.0951331
7 4 -0.0947948
7 5 -0.0943259
7 6 -0.0951003
7 7 -0.0957561
7 8 -0.0958986
7 9 -0.0968859
7 10 -0.097148
7 11 -0.0974767
7 12 -0.0990265
7 13 -0.101066
7 14 -0.101597
7 15 -0.103094
7 16 -0.104426
7 17 -0.10575
7 18 -0.106281
7 19 -0.106107
7 20 -0.10538
7 21 -0.10533
7 22 -0.105317
7 23 -0.105475
7 24 -0.105251
7 25 -0.105346
7 26 -0.103921
7 27 -0.0128181
7 28 0
7 29 0
7 30 0
7 31 0
7 32 0
7 33 0
7 34 0
7 35 0
7 36 0
7 37 0
7 38 0
7 39 0

8 0 0
8 1 -0.011099
8 2 -0.0889602
8 3 -0.0885857
8 4 -0.0882152
8 5 -0.0879747
8 6 -0.0875668
8 7 -0.0878793
8 8 -0.0885189
8 9 -0.0896404
8 10 -0.0899642
8 11 -0.090486
8 12 -0.0908752
8 13 -0.0924769
8 14 -0.0941837
8 15 -0.0957547
8 16 -0.0971928
8 17 -0.0976334
8 18 -0.0975368
8 19 -0.0987874
8 20 -0.0987783
8 21 -0.0982857
8 22 -0.0986438
8 23 -0.0977855
8 24 -0.0972386
8 25 -0.0971983
8 26 -0.0974955
8 27 -0.012075
8 28 0
8 29 0
8 30 0
8 31 0
8 32 0
8 33 0
8 34 0
8 35 0
8 36 0
8 37 0
8 38 0
8 39 0

9 0 0
9 1 -0.0100914
9 2 -0.0805493
9 3 -0.080065
9 4 -0.0809849
9 5 -0.0803146
9 6 -0.0798083
9 7 -0.0795001
9 8 -0.0799234
9 9 -0.0813227
9 10 -0.081996
9 11 -0.0835197
9 12 -0.0837213
9 13 -0.0844352
9 14 -0.0858878
9 15 -0.0879756
9 16 -0.0897875
9 17 -0.0903601
9 18 -0.0905259
9 19 -0.0913277
9 20 -0.0910992
9 21 -0.0909992
9 22 -0.0907527
9 23 -0.0906461
9 24 -0.0896635
9 25 -0.0901322
9 26 -0.0914908
9 27 -0.0114533
9 28 0
9 29 0
9 30 0
9 31 0
9 32 0
9 33 0
9 34 0
9 35 0
9 36 0
9 37 0
9 38 0
9 39 0

10 0 0
10 1 -0.00878904
10 2 -0.0705136
10 3 -0.07012
10 4 -0.0706116
10 5 -0.0708912
10 6 -0.0710958
10 7 -0.0718604
10 8 -0.0726961
10 9 -0.0734113
10 10 -0.0742251
10 11 -0.0751532
10 12 -0.076565
10 13 -0.0774907
10 14 -0.0785154
10 15 -0.0802261
10 16 -0.0812388
10 17 -0.0828287
10 18 -0.0834282
10 19 -0.0834625
10 20 -0.0826727
10 21 -0.0827917
10 22 -0.0833626
10 23 -0.0827305
10 24 -0.0826064
10 25 -0.0827314
10 26 -0.0831536
10 27 -0.0103997
10 28 0
10 29 0
10 30 0
10 31 0
10 32 0
10 33 0
10 34 0
10 35 0
10 36 0
10 37 0
10 38 0
10 39 0

11 0 0
11 1 -0.00759837
11 2 -0.0603463
11 3 -0.0594794
11 4 -0.0597479
11 5 -0.060033
11 6 -0.0615736
11 7 -0.0625746
11 8 -0.0637513
11 9 -0.0652387
11 10 -0.0666881
11 11 -0.0673774
11 12 -0.0683847
11 13 -0.0698786
11 14 -0.0706709
11 15 -0.0716256
11 16 -0.0731474
11 17 -0.0738284
11 18 -0.0746919
11 19 -0.0752054
11 20 -0.0745274
11 21 -0.0748603
11 22 -0.0744896
11 23 -0.0746802
11 24 -0.0740198
11 25 -0.0734383
11 26 -0.0721121
11 27 -0.00887279
11 28 0
11 29 0
11 30 0
11 31 0
11 32 0
11 33 0
11 34 0
11 35 0
11 36 0
11 37 0
11 38 0
11 39 0

12 0 0
12 1 -0.00622219
12 2 -0.0493514
12 3 -0.0483066
12 4 -0.0480625
12 5 -0.0499456
12 6 -0.051628
12 7 -0.0527037
12 8 -0.0541267
12 9 -0.0560209
12 10 -0.0583517
12 11 -0.0589891
12 12 -0.0603644
12 13 -0.0615767
12 14 -0.0626814
12 15 -0.0633721
12 16 -0.0644339
12 17 -0.0658975
12 18 -0.0663697
12 19 -0.0677476
12 20 -0.0674635
12 21 -0.0666382
12 22 -0.066698
12 23 -0.0661645
12 24 -0.0647772
12 25 -0.0626894
12 26 -0.0591494
12 27 -0.0110308
12 28 -0.00268538
12 29 -0.00172867
12 30 -0.00114619
12 31 -0.000670528
12 32 -0.000359594
12 33 0
12 34 0
12 35 0
12 36 0
12 37 0
12 38 0
12 39 0

13 0 0
13 1 -0.00445358
13 2 -0.0357685
13 3 -0.0356984
13 4 -0.0349535
13 5 -0.0364556
13 6 -0.0392846
13 7 -0.0418155
13 8 -0.0447849
13 9 -0.046769
13 10 -0.0482852
13 11 -0.0486827
13 12 -0.050815
13 13 -0.0532292
13 14 -0.0549047
13 15 -0.0564566
13 16 -0.0572494
13 17 -0.0582786
13 18 -0.0590421
13 19 -0.0602944
13 20 -0.0599044
13 21 -0.0602245
13 22 -0.0586574
13 23 -0.056984
13 24 -0.0544385
13 25 -0.0507212
13 26 -0.0438366
13 27 -0.0305494
13 28 -0.0216
13 29 -0.0137469
13 30 -0.00914002
13 31 -0.00554167
13 32 -0.00296247
13 33 4.01806e-06
13 34 0.000550551
13 35 0
13 36 0
13 37 0
13 38 0
13 39 0

14 0 0
14 1 -0.00267621
14 2 -0.0222331
14 3 -0.0235259
14 4 -0.0236993
14 5 -0.0249976
14 6 -0.0272473
14 7 -0.029794
14 8 -0.0332551
14 9 -0.0362459
14 10 -0.0384731
14 11 -0.0396867
14 12 -0.0421966
14 13 -0.0439616
14 14 -0.0468959
14 15 -0.0494111
14 16 -0.0503729
14 17 -0.052195
14 18 -0.0521341
14 19 -0.0533644
14 20 -0.0538718
14 21 -0.0537121
14 22 -0.0515013
14 23 -0.0485322
14 24 -0.0460195
14 25 -0.0416728
14 26 -0.0353116
14 27 -0.0271215
14 28 -0.0188553
14 29 -0.0120102
14 30 -0.00804308
14 31 -0.00368753
14 32 2.96704e-05
14 33 0.00289634
14 34 0.00451297
14 35 0.00209255
14 36 0
14 37 0
14 38 0
14 39 0

15 0 0
15 1 -0.00138684
15 2 -0.011175
15 3 -0.0110355
15 4 -0.0121651
15 5 -0.0150069
15 6 -0.0176456
15 7 -0.0194149
15 8 -0.0223571
15 9 -0.0253091
15 10 -0.0285948
15 11 -0.0311561
15 12 -0.0333442
15 13 -0.0348801
15 14 -0.0380797
15 15 -0.0420165
15 16 -0.0435166
15 17 -0.0457345
15 18 -0.0463958
15 19 -0.0467685
15 20 -0.0468407
15 21 -0.0472162
15 22 -0.0443365
15 23 -0.0411921
15 24 -0.0387378
15 25 -0.0332811
15 26 -0.0285739
15 27 -0.0227212
15 28 -0.0150009
15 29 -0.0103707
15 30 -0.00634388
15 31 -0.0020618
15 32 0.00229683
15 33 0.00615866
15 34 0.00832494
15 35 0.0121899
15 36 0.00403877
15 37 0
15 38 0
15 39 0

16 0 0
16 1 -0.000139541
16 2 -0.00104391
16 3 -0.0012323
16 4 -0.00312909
16 5 -0.00552812
16 6 -0.00830602
16 7 -0.0108928
16 8 -0.0137303
16 9 -0.017093
16 10 -0.0193671
16 11 -0.0224366
16 12 -0.0257081
16 13 -0.0284398
16 14 -0.0311104
16 15 -0.0337766
16 16 -0.0363884
16 17 -0.0386482
16 18 -0.0402471
16 19 -0.0404541
16 20 -0.040364
16 21 -0.0407065
16 22 -0.0378702
16 23 -0.0349088
16 24 -0.0312626
16 25 -0.0268152
16 26 -0.0230023
16 27 -0.0175364
16 28 -0.0120417
16 29 -0.00779142
16 30 -0.00378428
16 31 0.00117902
16 32 0.00558217
16 33 0.00838483
16 34 0.0109781
16 35 0.0150201
16 36 0.0197085
16 37 0.00554829
16 38 0
16 39 0

17 0 0
17 1 0.000999761
17 2 0.00802983
17 3 0.00801233
17 4 0.0054536
17 5 0.0033942
17 6 3.6251e-05
17 7 -0.00301183
17 8 -0.00612783
17 9 -0.00906323
17 10 -0.0119156
17 11 -0.014688
17 12 -0.01868
17 13 -0.0229187
17 14 -0.0250413
17 15 -0.0275828
17 16 -0.0301961
17 17 -0.032017
17 18 -0.033078
17 19 -0.0335598
17 20 -0.033994
17 21 -0.0342716
17 22 -0.0327227
17 23 -0.029827
17 24 -0.0258485
17 25 -0.0223817
17 26 -0.0187248
17 27 -0.0127954
17 28 -0.00878015
17 29 -0.005644
17 30 -0.00146322
17 31 0.00323452
17 32 0.00694085
17 33 0.0108726
17 34 0.0127061
17 35 0.0177682
17 36 0.0213231
17 37 0.0244826
17 38 0.00305152
17 39 0

18 0 0
18 1 0.00182964
18 2 0.0151841
18 3 0.0153582
18 4 0.0131111
18 5 0.0103686
18 6 0.00687737
18 7 0.00427073
18 8 0.00228834
18 9 -0.00121852
18 10 -0.0049164
18 11 -0.00868787
18 12 -0.0128712
18 13 -0.017326
18 14 -0.0202659
18 15 -0.022066
18 16 -0.0251808
18 17 -0.0267746
18 18 -0.0280423
18 19 -0.0285669
18 20 -0.0284092
18 21 -0.0290429
18 22 -0.0280792
18 23 -0.0252574
18 24 -0.0211634
18 25 -0.0173928
18 26 -0.0145165
18 27 -0.0098949
18 28 -0.00717104
18 29 -0.00353026
18 30 0.000533576
18 31 0.00474919
18 32 0.00955977
18 33 0.0133234
18 34 0.0161892
18 35 0.0202391
18 36 0.0228236
18 37 0.0259612
18 38 0.00331513
18 39 0

19 0 0
19 1 0.00279081
19 2 0.0222005
19 3 0.0218325
19 4 0.0200158
19 5 0.0173617
19 6 0.0144991
19 7 0.0111973
19 8 0.00862489
19 9 0.00492097
19 10 0.00133476
19 11 -0.00198491
19 12 -0.00647882
19 13 -0.0113514
19 14 -0.0149079
19 15 -0.0173252
19 16 -0.0199303
19 17 -0.0220764
19 18 -0.023034
19 19 -0.0236599
19 20 -0.0234175
19 21 -0.0239514
19 22 -0.0238631
19 23 -0.0210393
19 24 -0.0175912
19 25 -0.0144423
19 26 -0.0113816
19 27 -0.00831282
19 28 -0.0052747
19 29 -0.00107343
19 30 0.0021994
19 31 0.00658894
19 32 0.011226
19 33 0.0155726
19 34 0.0182675
19 35 0.02198
19 36 0.0242065
19 37 0.0258499
19 38 0.00324141
19 39 0

20 0 0
20 1 0.00367324
20 2 0.0287671
20 3 0.0271661
20 4 0.0261335
20 5 0.0232868
20 6 0.021233
20 7 0.0177691
20 8 0.0142688
20 9 0.0109031
20 10 0.00759204
20 11 0.00406039
20 12 -0.00136312
20 13 -0.00537067
20 14 -0.00869929
20 15 -0.0115938
20 16 -0.0140719
20 17 -0.0167087
20 18 -0.0183363
20 19 -0.0198787
20 20 -0.0198587
20 21 -0.0205449
20 22 -0.0199253
20 23 -0.016744
20 24 -0.0150679
20 25 -0.0126029
20 26 -0.0107108
20 27 -0.00724453
20 28 -0.00315552
20 29 -0.000223757
20 30 0.00379067
20 31 0.00844327
20 32 0.0129922
20 33 0.0160501
20 34 0.0184851
20 35 0.0220817
20 36 0.0238061
20 37 0.0243457
20 38 0.00301852
20 39 0

21 0 0
21 1 0.00417916
21 2 0.0335094
21 3 0.0326922
21 4 0.0313236
21 5 0.0285524
21 6 0.0261483
21 7 0.0222486
21 8 0.0197446
21 9 0.0158444
21 10 0.0131835
21 11 0.00960015
21 12 0.00461581
21 13 0.00115931
21 14 -0.0031126
21 15 -0.00636447
21 16 -0.00981599
21 17 -0.0121985
21 18 -0.0129595
21 19 -0.0149712
21 20 -0.0163699
21 21 -0.0174854
21 22 -0.0175931
21 23 -0.014883
21 24 -0.0133253
21 25 -0.0114216
21 26 -0.00902966
21 27 -0.00533081
21 28 -0.00160375
21 29 0.0012443
21 30 0.00439467
21 31 0.00941773
21 32 0.0134383
21 33 0.0165681
21 34 0.019868
21 35 0.021994
21 36 0.0232962
21 37 0.0226163
21 38 0.00266358
21 39 0

22 0 0
22 1 0.00443162
22 2 0.0364236
22 3 0.0368656
22 4 0.0355894
22 5 0.0323147
22 6 0.0289385
22 7 0.0264479
22 8 0.0245827
22 9 0.0217195
22 10 0.0200995
22 11 0.0168237
22 12 0.0106727
22 13 0.00608686
22 14 0.0017774
22 15 -0.00227033
22 16 -0.00570026
22 17 -0.00792745
22 18 -0.00935758
22 19 -0.0107095
22 20 -0.0132871
22 21 -0.0155364
22 22 -0.0153351
22 23 -0.0143111
22 24 -0.012408
22 25 -0.00961377
22 26 -0.00777769
22 27 -0.00379885
22 28 -0.000569176
22 29 0.00231973
22 30 0.00608839
22 31 0.0099784
22 32 0.0131103
22 33 0.0173389
22 34 0.0200545
22 35 0.0224754
22 36 0.023075
22 37 0.0227981
22 38 0.00283524
22 39 0

23 0 0
23 1 0.00476016
23 2 0.0387675
23 3 0.0382556
23 4 0.0374371
23 5 0.0346882
23 6 0.0319577
23 7 0.0298971
23 8 0.0289059
23 9 0.0261891
23 10 0.0249378
23 11 0.0218962
23 12 0.0155349
23 13 0.0110235
23 14 0.00599968
23 15 0.00155659
23 16 -0.00327923
23 17 -0.00585412
23 18 -0.00708672
23 19 -0.00929469
23 20 -0.0115996
23 21 -0.0135254
23 22 -0.0141833
23 23 -0.0131162
23 24 -0.0110377
23 25 -0.00816838
23 26 -0.00566938
23 27 -0.00321167
23 28 -0.000287718
23 29 0.00226336
23 30 0.00585005
23 31 0.0101404
23 32 0.0143184
23 33 0.0184304
23 34 0.0216691
23 35 0.02302
23 36 0.0244022
23 37 0.0242139
23 38 0.00297501
23 39 0

24 0 0
24 1 0.0050597
24 2 0.0403513
24 3 0.0399784
24 4 0.0391109
24 5 0.0370221
24 6 0.0350483
24 7 0.0330709
24 8 0.0315746
24 9 0.0296529
24 10 0.0280302
24 11 0.0238373
24 12 0.0190595
24 13 0.0137175
24 14 0.00790072
24 15 0.00346326
24 16 -0.000453775
24 17 -0.00284574
24 18 -0.00610933
24 19 -0.00842247
24 20 -0.010622
24 21 -0.0122353
24 22 -0.0117473
24 23 -0.0127215
24 24 -0.00975342
24 25 -0.00789824
24 26 -0.00603042
24 27 -0.0033237
24 28 -0.000614817
24 29 0.00290277
24 30 0.00660931
24 31 0.0113216
24 32 0.015329
24 33 0.0187783
24 34 0.0206817
24 35 0.0221829
24 36 0.0241211
24 37 0.0255126
24 38 0.00320913
24 39 0

25 0 0
25 1 0.00519683
25 2 0.0422149
25 3 0.0416901
25 4 0.0410888
25 5 0.0382243
25 6 0.0366127
25 7 0.0343436
25 8 0.0325489
25 9 0.0321866
25 10 0.0290669
25 11 0.0244643
25 12 0.0196945
25 13 0.0146223
25 14 0.0089338
25 15 0.00480377
25 16 0.00169672
25 17 -0.00163503
25 18 -0.00460437
25 19 -0.00858779
25 20 -0.00982161
25 21 -0.011016
25 22 -0.0126139
25 23 -0.0125403
25 24 -0.0105451
25 25 -0.00809316
25 26 -0.00499837
25 27 -0.0033373
25 28 -0.00099387
25 29 0.0019962
25 30 0.00570048
25 31 0.0110649
25 32 0.0152559
25 33 0.0183971
25 34 0.0207248
25 35 0.0224433
25 36 0.024467
25 37 0.0271994
25 38 0.00345858
25 39 0

26 0 0
26 1 0.00541687
26 2 0.0432097
26 3 0.0425746
26 4 0.0426088
26 5 0.0397559
26 6 0.0362242
26 7 0.0332868
26 8 0.032314
26 9 0.0303052
26 10 0.0283287
26 11 0.0250678
26 12 0.0194074
26 13 0.0138147
26 14 0.00898779
26 15 0.00491968
26 16 0.000775319
26 17 -0.00212347
26 18 -0.00628052
26 19 -0.00852966
26 20 -0.010137
26 21 -0.0113897
26 22 -0.0115623
26 23 -0.0122913
26 24 -0.0096519
26 25 -0.0084122
26 26 -0.00560876
26 27 -0.00294066
26 28 -0.000633098
26 29 0.00237538
26 30 0.00599928
26 31 0.0105904
26 32 0.0148102
26 33 0.0177401
26 34 0.0201261
26 35 0.0222079
26 36 0.0249165
26 37 0.02762
26 38 0.00350858
26 39 0

27 0 0
27 1 0.00520729
27 2 0.0416822
27 3 0.0408747
27 4 0.0414878
27 5 0.0382157
27 6 0.0349123
27 7 0.0328017
27 8 0.0317753
27 9 0.0292997
27 10 0.0258851
27 11 0.0234613
27 12 0.0172039
27 13 0.0112855
27 14 0.00726192
27 15 0.00330026
27 16 -0.00090571
27 17 -0.00468787
27 18 -0.00688817
27 19 -0.00913359
27 20 -0.0109126
27 21 -0.0123066
27 22 -0.0133121
27 23 -0.0120189
27 24 -0.0106793
27 25 -0.00845828
27 26 -0.00601829
27 27 -0.00341496
27 28 -0.00161425
27 29 0.000799242
27 30 0.0037138
27 31 0.00821056
27 32 0.0114237
27 33 0.0164294
27 34 0.0195341
27 35 0.0222033
27 36 0.025106
27 37 0.0256919
27 38 0.00312716
27 39 0

28 0 0
28 1 0.00463655
28 2 0.0381729
28 3 0.0389234
28 4 0.0392399
28 5 0.0360884
28 6 0.0325721
28 7 0.0294334
28 8 0.0289151
28 9 0.0264726
28 10 0.023503
28 11 0.019707
28 12 0.0126874
28 13 0.00787527
28 14 0.0037157
28 15 -4.73694e-05
28 16 -0.00315641
28 17 -0.0061995
28 18 -0.00894416
28 19 -0.0103063
28 20 -0.012417
28 21 -0.014069
28 22 -0.0144508
28 23 -0.0148518
28 24 -0.0127986
28 25 -0.0101918
28 26 -0.00790687
28 27 -0.0044482
28 28 -0.00308802
28 29 -0.000138519
28 30 0.0031058
28 31 0.00630838
28 32 0.0102186
28 33 0.0142175
28 34 0.0179902
28 35 0.0212792
28 36 0.0234478
28 37 0.0233754
28 38 0.0028718
28 39 0

29 0 0
29 1 0.00437066
29 2 0.0359938
29 3 0.0362008
29 4 0.0358886
29 5 0.0329271
29 6 0.0299905
29 7 0.0260988
29 8 0.0240867
29 9 0.0217143
29 10 0.0185533
29 11 0.013789
29 12 0.00821614
29 13 0.00395525
29 14 -0.00106975
29 15 -0.0049351
29 16 -0.00744699
29 17 -0.00975774
29 18 -0.0119645
29 19 -0.0144517
29 20 -0.0160738
29 21 -0.0174446
29 22 -0.0184143
29 23 -0.0172129
29 24 -0.0152765
29 25 -0.0123725
29 26 -0.00952537
29 27 -0.00721779
29 28 -0.0051606
29 29 -0.00228684
29 30 0.000362506
29 31 0.00473407
29 32 0.0091292
29 33 0.0127475
29 34 0.0168216
29 35 0.020228
29 36 0.0217162
29 37 0.0214457
29 38 0.00261591
29 39 0

30 0 0
30 1 0.00424198
30 2 0.0335102
30 3 0.0326648
30 4 0.0321289
30 5 0.0290378
30 6 0.025518
30 7 0.0221114
30 8 0.018548
30 9 0.0161993
30 10 0.0131286
30 11 0.00803972
30 12 0.00220875
30 13 -0.00239583
30 14 -0.00676562
30 15 -0.0103462
30 16 -0.0124542
30 17 -0.0150581
30 18 -0.0171858
30 19 -0.0194635
30 20 -0.0210866
30 21 -0.02228
30 22 -0.0211887
30 23 -0.0197064
30 24 -0.0177647
30 25 -0.014761
30 26 -0.0132187
30 27 -0.0100354
30 28 -0.00663089
30 29 -0.00433128
30 30 -0.000537851
30 31 0.00390338
30 32 0.00831891
30 33 0.0115947
30 34 0.0147203
30 35 0.0186302
30 36 0.020144
30 37 0.021575
30 38 0.00277474
30 39 0

31 0 0
31 1 0.00359893
31 2 0.0287045
31 3 0.0286599
31 4 0.0269927
31 5 0.0227842
31 6 0.0187636
31 7 0.0150564
31 8 0.0119054
31 9 0.00969877
31 10 0.00675633
31 11 0.00161911
31 12 -0.00322742
31 13 -0.00764598
31 14 -0.0121681
31 15 -0.0151628
31 16 -0.018983
31 17 -0.0213299
31 18 -0.0229371
31 19 -0.0249434
31 20 -0.0254954
31 21 -0.0260393
31 22 -0.0252422
31 23 -0.0236528
31 24 -0.0212257
31 25 -0.0182139
31 26 -0.0149027
31 27 -0.0118015
31 28 -0.00817695
31 29 -0.00516098
31 30 -0.00188581
31 31 0.00315266
31 32 0.0079096
31 33 0.0109203
31 34 0.0150372
31 35 0.0172073
31 36 0.0194215
31 37 0.0210628
31 38 0.00256971
31 39 0

32 0 0
32 1 0.00276956
32 2 0.0224589
32 3 0.0222708
32 4 0.0202852
32 5 0.0160673
32 6 0.0113022
32 7 0.00839307
32 8 0.00596456
32 9 0.00349484
32 10 -0.000402421
32 11 -0.00427268
32 12 -0.00904601
32 13 -0.013723
32 14 -0.0178469
32 15 -0.0211159
32 16 -0.0240514
32 17 -0.026219
32 18 -0.028548
32 19 -0.0303586
32 20 -0.0301242
32 21 -0.0306685
32 22 -0.0292473
32 23 -0.02717
32 24 -0.0246117
32 25 -0.0206553
32 26 -0.017404
32 27 -0.0134078
32 28 -0.0100442
32 29 -0.00713692
32 30 -0.00272248
32 31 0.00149172
32 32 0.00663203
32 33 0.0106932
32 34 0.0129087
32 35 0.0153793
32 36 0.0173372
32 37 0.0194016
32 38 0.0024019
32 39 0

33 0 0
33 1 0.00194305
33 2 0.0153061
33 3 0.0147802
33 4 0.0118701
33 5 0.00797868
33 6 0.00426887
33 7 0.00120177
33 8 -0.00104672
33 9 -0.00439608
33 10 -0.00753284
33 11 -0.0103285
33 12 -0.0155599
33 13 -0.0197986
33 14 -0.0227867
33 15 -0.0266546
33 16 -0.0299725
33 17 -0.0322638
33 18 -0.033333
33 19 -0.0344062
33 20 -0.0342103
33 21 -0.0343339
33 22 -0.0330032
33 23 -0.0303378
33 24 -0.0275266
33 25 -0.0242687
33 26 -0.0202068
33 27 -0.0164663
33 28 -0.0129103
33 29 -0.00910841
33 30 -0.00484386
33 31 -0.000234186
33 32 0.00453546
33 33 0.00861185
33 34 0.0111315
33 35 0.0141288
33 36 0.0165868
33 37 0.0189709
33 38 0.00241532
33 39 0

34 0 0
34 1 0.000747973
34 2 0.00646756
34 3 0.0059677
34 4 0.00274739
34 5 -0.00109993
34 6 -0.00405527
34 7 -0.00677915
34 8 -0.00837161
34 9 -0.0117423
34 10 -0.0145688
34 11 -0.0184432
34 12 -0.0228621
34 13 -0.0256732
34 14 -0.0282421
34 15 -0.0318743
34 16 -0.0355223
34 17 -0.0379021
34 18 -0.0393213
34 19 -0.0397598
34 20 -0.0395294
34 21 -0.0395786
34 22 -0.0373032
34 23 -0.0346855
34 24 -0.0315704
34 25 -0.0273475
34 26 -0.0240312
34 27 -0.019587
34 28 -0.0151522
34 29 -0.0123366
34 30 -0.00783693
34 31 -0.00302524
34 32 0.00152861
34 33 0.00589523
34 34 0.00879139
34 35 0.0122591
34 36 0.0143937
34 37 0.0168266
34 38 0.00219131
34 39 0

35 0 0
35 1 -0.000202456
35 2 -0.00217303
35 3 -0.00387084
35 4 -0.00688753
35 5 -0.00922638
35 6 -0.011604
35 7 -0.0144421
35 8 -0.017127
35 9 -0.0206452
35 10 -0.023839
35 11 -0.0265695
35 12 -0.0294049
35 13 -0.0319051
35 14 -0.0350362
35 15 -0.0388157
35 16 -0.0408568
35 17 -0.0431689
35 18 -0.0436597
35 19 -0.0446867
35 20 -0.0452379
35 21 -0.0450479
35 22 -0.0427885
35 23 -0.0394439
35 24 -0.0358531
35 25 -0.0315225
35 26 -0.028568
35 27 -0.0244663
35 28 -0.0190833
35 29 -0.0158239
35 30 -0.0117216
35 31 -0.00672019
35 32 -0.00252505
35 33 0.00307152
35 34 0.00581997
35 35 0.00970399
35 36 0.0113817
35 37 0.0137719
35 38 0.00169552
35 39 0

36 0 0
36 1 -0.00135905
36 2 -0.0118651
36 3 -0.0139133
36 4 -0.0158616
36 5 -0.0174859
36 6 -0.0196167
36 7 -0.0226887
36 8 -0.0269098
36 9 -0.0306171
36 10 -0.0327037
36 11 -0.0350349
36 12 -0.0372122
36 13 -0.0397298
36 14 -0.0426376
36 15 -0.0447212
36 16 -0.0468918
36 17 -0.0483104
36 18 -0.048648
36 19 -0.0502682
36 20 -0.0508653
36 21 -0.0508802
36 22 -0.0481465
36 23 -0.0452475
36 24 -0.041679
36 25 -0.0378851
36 26 -0.0340667
36 27 -0.0294367
36 28 -0.0237815
36 29 -0.0184607
36 30 -0.0142774
36 31 -0.00977105
36 32 -0.00532783
36 33 -0.000639817
36 34 0.00253416
36 35 0.00619214
36 36 0.00862674
36 37 0.00275786
36 38 0
36 39 0

37 0 0
37 1 -0.00297151
37 2 -0.0239397
37 3 -0.0243383
37 4 -0.0254755
37 5 -0.027027
37 6 -0.0298938
37 7 -0.0325515
37 8 -0.0367992
37 9 -0.03921
37 10 -0.0411434
37 11 -0.042925
37 12 -0.0454181
37 13 -0.0478723
37 14 -0.0500169
37 15 -0.0515218
37 16 -0.0524552
37 17 -0.0541389
37 18 -0.0541981
37 19 -0.0565672
37 20 -0.0570724
37 21 -0.0569854
37 22 -0.054208
37 23 -0.0510547
37 24 -0.0487671
37 25 -0.0448398
37 26 -0.0393988
37 27 -0.033694
37 28 -0.0277971
37 29 -0.0223585
37 30 -0.0169202
37 31 -0.0121261
37 32 -0.00781117
37 33 -0.00306722
37 34 -0.00127881
37 35 0.00220774
37 36 0.00132363
37 37 0
37 38 0
37 39 0

38 0 0
38 1 -0.00466505
38 2 -0.0371726
38 3 -0.037149
38 4 -0.0383208
38 5 -0.0394474
38 6 -0.0416283
38 7 -0.044076
38 8 -0.0471988
38 9 -0.0487384
38 10 -0.0507188
38 11 -0.0517518
38 12 -0.0542261
38 13 -0.0559709
38 14 -0.0579637
38 15 -0.059327
38 16 -0.0599598
38 17 -0.0618726
38 18 -0.0620555
38 19 -0.0636281
38 20 -0.063317
38 21 -0.0626444
38 22 -0.0610119
38 23 -0.0585946
38 24 -0.0570897
38 25 -0.0538248
38 26 -0.0472554
38 27 -0.0384273
38 28 -0.0318497
38 29 -0.0253308
38 30 -0.0190091
38 31 -0.0144251
38 32 -0.00992958
38 33 -0.00636552
38 34 -0.00469434
38 35 -0.000331155
38 36 0
38 37 0
38 38 0
38 39 0

39 0 0
39 1 -0.00643453
39 2 -0.0510852
39 3 -0.0505567
39 4 -0.0510905
39 5 -0.0518874
39 6 -0.0535439
39 7 -0.0555503
39 8 -0.0571858
39 9 -0.0587557
39 10 -0.0602149
39 11 -0.0600857
39 12 -0.0626919
39 13 -0.0644956
39 14 -0.0659963
39 15 -0.0674847
39 16 -0.0680947
39 17 -0.0692485
39 18 -0.0702114
39 19 -0.0702036
39 20 -0.0691046
39 21 -0.0693856
39 22 -0.0695862
39 23 -0.0686755
39 24 -0.0661817
39 25 -0.0626476
39 26 -0.0562942
39 27 -0.0425895
39 28 -0.0336491
39 29 -0.0267248
39 30 -0.0203778
39 31 -0.015387
39 32 -0.0115807
39 33 -0.00217442
39 34 -0.000592444
39 35 0
39 36 0
39 37 0
39 38 0
39 39 0

40 0 0
40 1 -0.00812724
40 2 -0.0649218
40 3 -0.0640535
40 4 -0.0631706
40 5 -0.0636485
40 6 -0.0643708
40 7 -0.0660835
40 8 -0.0669419
40 9 -0.0679118
40 10 -0.0687244
40 11 -0.0687404
40 12 -0.0720683
40 13 -0.0731238
40 14 -0.0736833
40 15 -0.0750763
40 16 -0.0755461
40 17 -0.0771057
40 18 -0.0775686
40 19 -0.0772803
40 20 -0.0770004
40 21 -0.077008
40 22 -0.0782014
40 23 -0.0777172
40 24 -0.0759979
40 25 -0.0729013
40 26 -0.0708919
40 27 -0.0140812
40 28 -0.00408671
40 29 -0.00330744
40 30 -0.00257874
40 31 -0.00190607
40 32 -0.00141238
40 33 0
40 34 0
40 35 0
40 36 0
40 37 0
40 38 0
40 39 0

41 0 0
41 1 -0.00958841
41 2 -0.0760584
41 3 -0.0750635
41 4 -0.0743245
41 5 -0.0739994
41 6 -0.0741609
41 7 -0.0747865
41 8 -0.0750091
41 9 -0.0760042
41 10 -0.0768598
41 11 -0.0778968
41 12 -0.0789733
41 13 -0.0802549
41 14 -0.0814455
41 15 -0.0829834
41 16 -0.084799
41 17 -0.0854041
41 18 -0.0859581
41 19 -0.0853383
41 20 -0.084934
41 21 -0.08565
41 22 -0.0854058
41 23 -0.0857325
41 24 -0.084515
41 25 -0.0837687
41 26 -0.0836726
41 27 -0.0104361
41 28 0
41 29 0
41 30 0
41 31 0
41 32 0
41 33 0
41 34 0
41 35 0
41 36 0
41 37 0
41 38 0
41 39 0

42 0 0
42 1 -0.0106588
42 2 -0.0852036
42 3 -0.0837374
42 4 -0.0823604
42 5 -0.0833168
42 6 -0.0826427
42 7 -0.0825382
42 8 -0.0825998
42 9 -0.0838034
42 10 -0.0848244
42 11 -0.0858342
42 12 -0.0862523
42 13 -0.0878441
42 14 -0.0897861
42 15 -0.0911983
42 16 -0.0929488
42 17 -0.0935681
42 18 -0.0933144
42 19 -0.0932032
42 20 -0.0933983
42 21 -0.0937495
42 22 -0.0942385
42 23 -0.0931214
42 24 -0.0925481
42 25 -0.0931171
42 26 -0.094008
42 27 -0.0116301
42 28 0
42 29 0
42 30 0
42 31 0
42 32 0
42 33 0
42 34 0
42 35 0
42 36 0
42 37 0
42 38 0
42 39 0

43 0 0
43 1 -0.0115605
43 2 -0.0921858
43 3 -0.0906184
43 4 -0.090365
43 5 -0.0899377
43 6 -0.0896187
43 7 -0.0896934
43 8 -0.0904854
43 9 -0.0909356
43 10 -0.0907069
43 11 -0.0927276
43 12 -0.0944979
43 13 -0.0967391
43 14 -0.0977452
43 15 -0.0984962
43 16 -0.09887
43 17 -0.0994396
43 18 -0.0996918
43 19 -0.100771
43 20 -0.100872
43 21 -0.101675
43 22 -0.102013
43 23 -0.101506
43 24 -0.100906
43 25 -0.102264
43 26 -0.103503
43 27 -0.0128973
43 28 0
43 29 0
43 30 0
43 31 0
43 32 0
43 33 0
43 34 0
43 35 0
43 36 0
43 37 0
43 38 0
43 39 0

44 0 0
44 1 -0.0121804
44 2 -0.0972175
44 3 -0.0961192
44 4 -0.0969044
44 5 -0.0967665
44 6 -0.0956107
44 7 -0.0959846
44 8 -0.0962275
44 9 -0.0962104
44 10 -0.0971117
44 11 -0.0993134
44 12 -0.101448
44 13 -0.103298
44 14 -0.104116
44 15 -0.104885
44 16 -0.10545
44 17 -0.106251
44 18 -0.106898
44 19 -0.107449
44 20 -0.10801
44 21 -0.107792
44 22 -0.107903
44 23 -0.108691
44 24 -0.109047
44 25 -0.110101
44 26 -0.109144
44 27 -0.0135287
44 28 0
44 29 0
44 30 0
44 31 0
44 32 0
44 33 0
44 34 0
44 35 0
44 36 0
44 37 0
44 38 0
44 39 0

45 0 0
45 1 -0.0126428
45 2 -0.100829
45 3 -0.099829
45 4 -0.100914
45 5 -0.101252
45 6 -0.101389
45 7 -0.101357
45 8 -0.10111
45 9 -0.102044
45 10 -0.10383
45 11 -0.105525
45 12 -0.107607
45 13 -0.108891
45 14 -0.109342
45 15 -0.110518
45 16 -0.110724
45 17 -0.110911
45 18 -0.111967
45 19 -0.113253
45 20 -0.113932
45 21 -0.114048
45 22 -0.113335
45 23 -0.113322
45 24 -0.114053
45 25 -0.114079
45 26 -0.112787
45 27 -0.0139851
45 28 0
45 29 0
45 30 0
45 31 0
45 32 0
45 33 0
45 34 0
45 35 0
45 36 0
45 37 0
45 38 0
45 39 0

46 0 0
46 1 -0.0127463
46 2 -0.103005
46 3 -0.103734
46 4 -0.104435
46 5 -0.105443
46 6 -0.105227
46 7 -0.10504
46 8 -0.105607
46 9 -0.10706
46 10 -0.109749
46 11 -0.110651
46 12 -0.112896
46 13 -0.113824
46 14 -0.114345
46 15 -0.114981
46 16 -0.114581
46 17 -0.115188
46 18 -0.116553
46 19 -0.11786
46 20 -0.117898
46 21 -0.118011
46 22 -0.1173
46 23 -0.117493
46 24 -0.11759
46 25 -0.117341
46 26 -0.116704
46 27 -0.0145421
46 28 0
46 29 0
46 30 0
46 31 0
46 32 0
46 33 0
46 34 0
46 35 0
46 36 0
46 37 0
46 38 0
46 39 0

47 0 0
47 1 -0.0130071
47 2 -0.105808
47 3 -0.107109
47 4 -0.107762
47 5 -0.108731
47 6 -0.109531
47 7 -0.109934
47 8 -0.110665
47 9 -0.112588
47 10 -0.114275
47 11 -0.114632
47 12 -0.116906
47 13 -0.118126
47 14 -0.118566
47 15 -0.118412
47 16 -0.118928
47 17 -0.119487
47 18 -0.120346
47 19 -0.119893
47 20 -0.11997
47 21 -0.120258
47 22 -0.120769
47 23 -0.120689
47 24 -0.12077
47 25 -0.120132
47 26 -0.11958
47 27 -0.0147968
47 28 0
47 29 0
47 30 0
47 31 0
47 32 0
47 33 0
47 34 0
47 35 0
47 36 0
47 37 0
47 38 0
47 39 0

48 0 0
48 1 -0.0137516
48 2 -0.110091
48 3 -0.110292
48 4 -0.111487
48 5 -0.112433
48 6 -0.114005
48 7 -0.114886
48 8 -0.115542
48 9 -0.116532
48 10 -0.117425
48 11 -0.117777
48 12 -0.119408
48 13 -0.120864
48 14 -0.121177
48 15 -0.121298
48 16 -0.122134
48 17 -0.122451
48 18 -0.121956
48 19 -0.121998
48 20 -0.122372
48 21 -0.122938
48 22 -0.123245
48 23 -0.122897
48 24 -0.122331
48 25 -0.122463
48 26 -0.122903
48 27 -0.0152328
48 28 0
48 29 0
48 30 0
48 31 0
48 32 0
48 33 0
48 34 0
48 35 0
48 36 0
48 37 0
48 38 0
48 39 0

49 0 0
49 1 -0.0140206
49 2 -0.112652
49 3 -0.113542
49 4 -0.114964
49 5 -0.116157
49 6 -0.117372
49 7 -0.118325
49 8 -0.118662
49 9 -0.118703
49 10 -0.119564
49 11 -0.120734
49 12 -0.121327
49 13 -0.122184
49 14 -0.123229
49 15 -0.123951
49 16 -0.123775
49 17 -0.123574
49 18 -0.123576
49 19 -0.123782
49 20 -0.123876
49 21 -0.124076
49 22 -0.124086
49 23 -0.124162
49 24 -0.124071
49 25 -0.123441
49 26 -0.123175
49 27 -0.015259
49 28 0
49 29 0
49 30 0
49 31 0
49 32 0
49 33 0
49 34 0
49 35 0
49 36 0
49 37 0
49 38 0
49 39 0

50 0 0
50 1 0
50 2 -0.0140206
50 3 -0.014184
50 4 -0.0143544
50 5 -0.0145221
50 6 -0.0146439
50 7 -0.0147661
50 8 -0.0147999
50 9 -0.0147699
50 10 -0.0148684
50 11 -0.0151453
50 12 -0.0151104
50 13 -0.01517
50 14 -0.015337
50 15 -0.0154384
50 16 -0.0154055
50 17 -0.0153373
50 18 -0.0153718
50 19 -0.0153898
50 20 -0.0154085
50 21 -0.015384
50 22 -0.0154032
50 23 -0.0154056
50 24 -0.0154303
50 25 -0.0153241
50 26 -0.015259
50 27 0
50 28 0
50 29 0
50 30 0
50 31 0
50 32 0
50 33 0
50 34 0
50 35 0
50 36 0
50 37 0
50 38 0
50 39 0

51 0 0
51 1 0
51 2 0
51 3 0
51 4 0
51 5 0
51 6 0
51 7 0
51 8 0
51 9 0
51 10 0
51 11 0
51 12 0
51 13 0
51 14 0
51 15 0
51 16 0
51 17 0
51 18 0
51 19 0
51 20 0
51 21 0
51 22 0
51 23 0
51 24 0
51 25 0
51 26 0
51 27 0
51 28 0
51 29 0
51 30 0
51 31 0
51 32 0
51 33 0
51 34 0
51 35 0
51 36 0
51 37 0
51 38 0
51 39 0

