0 0 0
0 0.2 0
0 0.4 0
0 0.6 0
0 0.8 0
0 1 0
0 1.2 0
0 1.4 0
0 1.6 0
0 1.8 0
0 2 0
0 2.2 0
0 2.4 0
0 2.6 0
0 2.8 0
0 3 0
0 3.2 0
0 3.4 0
0 3.6 0
0 3.8 0
0 4 0
0 4.2 0
0 4.4 0
0 4.6 0
0 4.8 0
0 5 0
0 5.2 0
0 5.4 0
0 5.6 0
0 5.8 0
0 6 0
0 6.2 0
0 6.4 0
0 6.6 0
0 6.8 0
0 7 0
0 7.2 0
0 7.4 0
0 7.6 0
0 7.8 0
0 8 0
0 8.2 0
0 8.4 0

0.2 0 0
0.2 0.2 0
0.2 0.4 -0.00894691
0.2 0.6 -0.00162931
0.2 0.8 0.00788291
0.2 1 0.0152009
0.2 1.2 0.0190161
0.2 1.4 0.0218282
0.2 1.6 0.0271436
0.2 1.8 0.0354496
0.2 2 0.0421309
0.2 2.2 0.0404585
0.2 2.4 0.026087
0.2 2.6 0.00161734
0.2 2.8 -0.022772
0.2 3 -0.0352505
0.2 3.2 -0.0296324
0.2 3.4 -0.0101387
0.2 3.6 0.0106624
0.2 3.8 0.0196603
0.2 4 0.011998
0.2 4.2 -0.00539008
0.2 4.4 -0.0176343
0.2 4.6 -0.0128735
0.2 4.8 0.0102432
0.2 5 0.0394008
0.2 5.2 0.0569799
0.2 5.4 0.0502282
0.2 5.6 0.021093
0.2 5.8 -0.0157545
0.2 6 -0.0416484
0.2 6.2 0
0.2 6.4 0
0.2 6.6 0
0.2 6.8 0
0.2 7 0
0.2 7.2 0
0.2 7.4 0
0.2 7.6 0
0.2 7.8 0
0.2 8 0
0.2 8.2 0
0.2 8.4 0

0.4 0 0
0.4 0.2 -0.00894691
0.4 0.4 -0.064049
0.4 0.6 -0.0110988
0.4 0.8 0.0575951
0.4 1 0.110285
0.4 1.2 0.138003
0.4 1.4 0.158556
0.4 1.6 0.197213
0.4 1.8 0.25718
0.4 2 0.305935
0.4 2.2 0.293752
0.4 2.4 0.189199
0.4 2.6 0.011865
0.4 2.8 -0.164696
0.4 3 -0.25497
0.4 3.2 -0.214243
0.4 3.4 -0.0728849
0.4 3.6 0.0775839
0.4 3.8 0.142559
0.4 4 0.0867818
0.4 4.2 -0.0390533
0.4 4.4 -0.128175
0.4 4.6 -0.0930043
0.4 4.8 0.0744153
0.4 5 0.286215
0.4 5.2 0.413001
0.4 5.4 0.36462
0.4 5.6 0.153132
0.4 5.8 -0.1141
0.4 6 -0.301803
0.4 6.2 -0.0603066
0.4 6.4 0
0.4 6.6 0
0.4 6.8 0
0.4 7 0
0.4 7.2 0
0.4 7.4 0
0.4 7.6 0
0.4 7.8 0
0.4 8 0
0.4 8.2 0
0.4 8.4 0

0.6 0 0
0.6 0.2 -0.0302095
0.6 0.4 -0.218853
0.6 0.6 -0.152192
0.6 0.8 -0.0728447
0.6 1 -0.012966
0.6 1.2 0.0163468
0.6 1.4 0.0294561
0.6 1.6 0.0518523
0.6 1.8 0.0948682
0.6 2 0.14156
0.6 2.2 0.153514
0.6 2.4 0.101401
0.6 2.6 -0.00621246
0.6 2.8 -0.121341
0.6 3 -0.183628
0.6 3.2 -0.160251
0.6 3.4 -0.0713305
0.6 3.6 0.0177434
0.6 3.8 0.0416253
0.6 4 -0.0195963
0.6 4.2 -0.121415
0.6 4.4 -0.181648
0.6 4.6 -0.133739
0.6 4.8 0.018805
0.6 5 0.201912
0.6 5.2 0.309715
0.6 5.4 0.278191
0.6 5.6 0.121429
0.6 5.8 -0.0670376
0.6 6 -0.174145
0.6 6.2 -0.135066
0.6 6.4 0.0175434
0.6 6.6 0
0.6 6.8 0
0.6 7 0
0.6 7.2 0
0.6 7.4 0
0.6 7.6 0
0.6 7.8 0
0.6 8 0
0.6 8.2 0
0.6 8.4 0

0.8 0 0
0.8 0.2 -0.0536286
0.8 0.4 -0.3892
0.8 0.6 -0.305297
0.8 0.8 -0.210629
0.8 1 -0.138968
0.8 1.2 -0.108042
0.8 1.4 -0.10683
0.8 1.6 -0.109693
0.8 1.8 -0.0930255
0.8 2 -0.0544232
0.8 2.2 -0.0149019
0.8 2.4 0.00109229
0.8 2.6 -0.0155052
0.8 2.8 -0.0511792
0.8 3 -0.0794275
0.8 3.2 -0.0826858
0.8 3.4 -0.0686754
0.8 3.6 -0.0646382
0.8 3.8 -0.0973131
0.8 4 -0.165582
0.8 4.2 -0.231535
0.8 4.4 -0.247002
0.8 4.6 -0.177283
0.8 4.8 -0.0429738
0.8 5 0.0991134
0.8 5.2 0.176645
0.8 5.4 0.157469
0.8 5.6 0.0647007
0.8 5.8 -0.0263955
0.8 6 -0.0393652
0.8 6.2 0.0610628
0.8 6.4 0.263026
0.8 6.6 0.0362016
0.8 6.8 0
0.8 7 0
0.8 7.2 0
0.8 7.4 0
0.8 7.6 0
0.8 7.8 0
0.8 8 0
0.8 8.2 0
0.8 8.4 0

1 0 0
1 0.2 -0.0560403
1 0.4 -0.407589
1 0.6 -0.323189
1 0.8 -0.225647
1 1 -0.150726
1 1.2 -0.121254
1 1.4 -0.133524
1 1.6 -0.163373
1 1.8 -0.181153
1 2 -0.164417
1 2.2 -0.114807
1 2.4 -0.0485728
1 2.6 0.00979649
1 2.8 0.0418839
1 3 0.0402114
1 3.2 0.00592639
1 3.4 -0.0549474
1 3.6 -0.134104
1 3.8 -0.215703
1 4 -0.276603
1 4.2 -0.294069
1 4.4 -0.255039
1 4.6 -0.165563
1 4.8 -0.0594708
1 5 0.0235222
1 5.2 0.0501451
1 5.4 0.0251677
1 5.6 -0.0165225
1 5.8 -0.0248645
1 6 0.0288282
1 6.2 0.136229
1 6.4 0.244393
1 6.6 0.0410712
1 6.8 0
1 7 0
1 7.2 0
1 7.4 0
1 7.6 0
1 7.8 0
1 8 0
1 8.2 0
1 8.4 0

1.2 0 0
1.2 0.2 -0.0291032
1.2 0.4 -0.211403
1.2 0.6 -0.151452
1.2 0.8 -0.076766
1.2 1 -0.014177
1.2 1.2 0.0107596
1.2 1.4 -0.00868077
1.2 1.6 -0.0571632
1.2 1.8 -0.107597
1.2 2 -0.127537
1.2 2.2 -0.0986695
1.2 2.4 -0.0251529
1.2 2.6 0.0661859
1.2 2.8 0.132721
1.2 3 0.143442
1.2 3.2 0.0818933
1.2 3.4 -0.0357884
1.2 3.6 -0.169451
1.2 3.8 -0.27153
1.2 4 -0.30585
1.2 4.2 -0.263905
1.2 4.4 -0.170146
1.2 4.6 -0.0685931
1.2 4.8 -0.0042554
1.2 5 0.0020586
1.2 5.2 -0.0403233
1.2 5.4 -0.0903511
1.2 5.6 -0.103834
1.2 5.8 -0.0559375
1.2 6 0.0374972
1.2 6.2 0.12611
1.2 6.4 0.148474
1.2 6.6 0.0543091
1.2 6.8 -0.038804
1.2 7 0
1.2 7.2 0
1.2 7.4 0
1.2 7.6 0
1.2 7.8 0
1.2 8 0
1.2 8.2 0
1.2 8.4 0

1.4 0 0
1.4 0.2 0.0154382
1.4 0.4 0.112129
1.4 0.6 0.123782
1.4 0.8 0.152001
1.4 1 0.184552
1.4 1.2 0.204965
1.4 1.4 0.194966
1.4 1.6 0.149985
1.4 1.8 0.0820145
1.4 2 0.02407
1.4 2.2 0.00550315
1.4 2.4 0.0434318
1.4 2.6 0.117952
1.4 2.8 0.184966
1.4 3 0.194361
1.4 3.2 0.119781
1.4 3.4 -0.0209039
1.4 3.6 -0.170328
1.4 3.8 -0.261501
1.4 4 -0.251456
1.4 4.2 -0.149502
1.4 4.4 -0.0108837
1.4 4.6 0.0921923
1.4 4.8 0.106675
1.4 5 0.0326324
1.4 5.2 -0.0812751
1.4 5.4 -0.164467
1.4 5.6 -0.165541
1.4 5.8 -0.0830549
1.4 6 0.0311028
1.4 6.2 0.100879
1.4 6.4 0.0626735
1.4 6.6 -0.0974464
1.4 6.8 -0.335745
1.4 7 -0.0462803
1.4 7.2 0
1.4 7.4 0
1.4 7.6 0
1.4 7.8 0
1.4 8 0
1.4 8.2 0
1.4 8.4 0

1.6 0 0
1.6 0.2 0.053578
1.6 0.4 0.38922
1.6 0.6 0.341908
1.6 0.8 0.306559
1.6 1 0.300085
1.6 1.2 0.319508
1.6 1.4 0.340731
1.6 1.6 0.330692
1.6 1.8 0.274598
1.6 2 0.191006
1.6 2.2 0.118971
1.6 2.4 0.0951594
1.6 2.6 0.122539
1.6 2.8 0.166289
1.6 3 0.172439
1.6 3.2 0.105723
1.6 3.4 -0.0214941
1.6 3.6 -0.15027
1.6 3.8 -0.20804
1.6 4 -0.152615
1.6 4.2 -0.00452389
1.6 4.4 0.159742
1.6 4.6 0.252219
1.6 4.8 0.220396
1.6 5 0.083354
1.6 5.2 -0.0835351
1.6 5.4 -0.187489
1.6 5.6 -0.178581
1.6 5.8 -0.0720934
1.6 6 0.053755
1.6 6.2 0.109002
1.6 6.4 0.0451655
1.6 6.6 -0.119651
1.6 6.8 -0.293579
1.6 7 -0.0815601
1.6 7.2 0
1.6 7.4 0
1.6 7.6 0
1.6 7.8 0
1.6 8 0
1.6 8.2 0
1.6 8.4 0

1.8 0 0
1.8 0.2 0.0665
1.8 0.4 0.48341
1.8 0.6 0.381975
1.8 0.8 0.279001
1.8 1 0.22811
1.8 1.2 0.251701
1.8 1.4 0.320855
1.8 1.6 0.374659
1.8 1.8 0.363119
1.8 2 0.280447
1.8 2.2 0.168192
1.8 2.4 0.0842069
1.8 2.6 0.0603949
1.8 2.8 0.079587
1.8 3 0.0931047
1.8 3.2 0.0553925
1.8 3.4 -0.0324314
1.8 3.6 -0.123555
1.8 3.8 -0.146977
1.8 4 -0.0635992
1.8 4.2 0.100915
1.8 4.4 0.266319
1.8 4.6 0.339938
1.8 4.8 0.277894
1.8 5 0.111487
1.8 5.2 -0.0700004
1.8 5.4 -0.168249
1.8 5.6 -0.139748
1.8 5.8 -0.0179812
1.8 6 0.109607
1.8 6.2 0.153145
1.8 6.4 0.077198
1.8 6.6 -0.0784892
1.8 6.8 -0.227827
1.8 7 -0.29793
1.8 7.2 -0.0410707
1.8 7.4 0
1.8 7.6 0
1.8 7.8 0
1.8 8 0
1.8 8.2 0
1.8 8.4 0

2 0 0
2 0.2 0.053661
2 0.4 0.389786
2 0.6 0.245349
2 0.8 0.07913
2 1 -0.0149879
2 1.2 0.0128295
2 1.4 0.13432
2 1.6 0.263937
2 1.8 0.3163
2 2 0.260004
2 2.2 0.133857
2 2.4 0.0122661
2 2.6 -0.0458805
2 2.8 -0.0352408
2 3 0.000121933
2 3.2 0.00582335
2 3.4 -0.0354119
2 3.6 -0.089858
2 3.8 -0.0980045
2 4 -0.0189767
2 4.2 0.125982
2 4.4 0.267141
2 4.6 0.319966
2 4.8 0.249177
2 5 0.0914746
2 5.2 -0.064396
2 5.4 -0.130069
2 5.6 -0.0738208
2 5.8 0.0564103
2 6 0.170331
2 6.2 0.193189
2 6.4 0.107528
2 6.6 -0.0309686
2 6.8 -0.144497
2 7 -0.187915
2 7.2 -0.0156265
2 7.4 0
2 7.6 0
2 7.8 0
2 8 0
2 8.2 0
2 8.4 0

2.2 0 0
2.2 0.2 0.031084
2.2 0.4 0.224922
2.2 0.6 0.0499199
2.2 0.8 -0.167444
2.2 1 -0.299917
2.2 1.2 -0.273064
2.2 1.4 -0.11241
2.2 1.6 0.0796373
2.2 1.8 0.193138
2.2 2 0.173677
2.2 2.2 0.055954
2.2 2.4 -0.0749691
2.2 2.6 -0.140827
2.2 2.8 -0.11974
2.2 3 -0.0517895
2.2 3.2 -0.00206273
2.2 3.4 -0.00522716
2.2 3.6 -0.0435788
2.2 3.8 -0.0630168
2.2 4 -0.0219618
2.2 4.2 0.0750044
2.2 4.4 0.175039
2.2 4.6 0.209616
2.2 4.8 0.150783
2.2 5 0.0307854
2.2 5.2 -0.0728669
2.2 5.4 -0.0906762
2.2 5.6 -0.010155
2.2 5.8 0.113567
2.2 6 0.198658
2.2 6.2 0.186713
2.2 6.4 0.086066
2.2 6.6 -0.0341812
2.2 6.8 -0.0964417
2.2 7 -0.0597225
2.2 7.2 0.0743051
2.2 7.4 0.0102641
2.2 7.6 0
2.2 7.8 0
2.2 8 0
2.2 8.2 0
2.2 8.4 0

2.4 0 0
2.4 0.2 0.0180163
2.4 0.4 0.129901
2.4 0.6 -0.0618392
2.4 0.8 -0.309859
2.4 1 -0.469541
2.4 1.2 -0.451461
2.4 1.4 -0.277475
2.4 1.6 -0.0561586
2.4 1.8 0.0905237
2.4 2 0.0977209
2.4 2.2 -0.00373057
2.4 2.4 -0.123951
2.4 2.6 -0.176077
2.4 2.8 -0.131566
2.4 3 -0.0329778
2.4 3.2 0.0485604
2.4 3.4 0.0636545
2.4 3.6 0.0181891
2.4 3.8 -0.0359627
2.4 4 -0.0482437
2.4 4.2 -0.00760696
2.4 4.4 0.0506931
2.4 4.6 0.0744824
2.4 4.8 0.0385279
2.4 5 -0.0320383
2.4 5.2 -0.0797757
2.4 5.4 -0.0578105
2.4 5.6 0.0311122
2.4 5.8 0.132186
2.4 6 0.174237
2.4 6.2 0.119701
2.4 6.4 0.000126445
2.4 6.6 -0.11006
2.4 6.8 -0.137713
2.4 7 -0.0698395
2.4 7.2 0.0309718
2.4 7.4 0.00427801
2.4 7.6 0
2.4 7.8 0
2.4 8 0
2.4 8.2 0
2.4 8.4 0

2.6 0 0
2.6 0.2 0.0220467
2.6 0.4 0.159559
2.6 0.6 -0.0310431
2.6 0.8 -0.279121
2.6 1 -0.442864
2.6 1.2 -0.435472
2.6 1.4 -0.276911
2.6 1.6 -0.0690048
2.6 1.8 0.0705296
2.6 2 0.0802127
2.6 2.2 -0.00898325
2.6 2.4 -0.109845
2.6 2.6 -0.138629
2.6 2.8 -0.0719931
2.6 3 0.0448812
2.6 3.2 0.134891
2.6 3.4 0.145114
2.6 3.6 0.0788132
2.6 3.8 -0.0113735
2.6 4 -0.0689321
2.6 4.2 -0.0692202
2.6 4.4 -0.0359269
2.6 4.6 -0.011732
2.6 4.8 -0.0213534
2.6 5 -0.0548476
2.6 5.2 -0.0679185
2.6 5.4 -0.030484
2.6 5.6 0.0465692
2.6 5.8 0.113663
2.6 6 0.112132
2.6 6.2 0.0240614
2.6 6.4 -0.10848
2.6 6.6 -0.207999
2.6 6.8 -0.211293
2.6 7 -0.121505
2.6 7.2 -0.0146468
2.6 7.4 0.0192143
2.6 7.6 0
2.6 7.8 0
2.6 8 0
2.6 8.2 0
2.6 8.4 0

2.8 0 0
2.8 0.2 0.0337686
2.8 0.4 0.244809
2.8 0.6 0.0801632
2.8 0.8 -0.127688
2.8 1 -0.262389
2.8 1.2 -0.258564
2.8 1.4 -0.133667
2.8 1.6 0.0228958
2.8 1.8 0.118123
2.8 2 0.106864
2.8 2.2 0.0224197
2.8 2.4 -0.0575047
2.8 2.6 -0.0645143
2.8 2.8 0.014224
2.8 3 0.127713
2.8 3.2 0.204268
2.8 3.4 0.194202
2.8 3.6 0.108059
2.8 3.8 -0.000801818
2.8 4 -0.0726888
2.8 4.2 -0.0798495
2.8 4.4 -0.0445282
2.8 4.6 -0.0069787
2.8 4.8 -1.88558e-07
2.8 5 -0.0180575
2.8 5.2 -0.0292437
2.8 5.4 -0.00754447
2.8 5.6 0.0410835
2.8 5.8 0.0761652
2.8 6 0.0520813
2.8 6.2 -0.0431789
2.8 6.4 -0.165504
2.8 6.6 -0.247996
2.8 6.8 -0.234104
2.8 7 -0.126344
2.8 7.2 0.0201126
2.8 7.4 0.154061
2.8 7.6 0.0211956
2.8 7.8 0
2.8 8 0
2.8 8.2 0
2.8 8.4 0

3 0 0
3 0.2 0.0347805
3 0.4 0.253068
3 0.6 0.145802
3 0.8 0.0185054
3 1 -0.0561811
3 1.2 -0.0419235
3 1.4 0.0407558
3 1.6 0.128828
3 1.8 0.1607
3 2 0.119177
3 2.2 0.0390526
3 2.4 -0.0177945
3 2.6 -0.00576033
3 2.8 0.0717074
3 3 0.163438
3 3.2 0.207534
3 3.4 0.172786
3 3.6 0.0778899
3 3.8 -0.0198163
3 4 -0.0673327
3 4.2 -0.0448301
3 4.4 0.0185525
3 4.6 0.0745115
3 4.8 0.0864379
3 5 0.0562904
3 5.2 0.0165642
3 5.4 0.000682481
3 5.6 0.0152731
3 5.8 0.0353172
3 6 0.0215321
3 6.2 -0.0381917
3 6.4 -0.122906
3 6.6 -0.176835
3 6.8 -0.160313
3 7 -0.0701869
3 7.2 0.0517991
3 7.4 0.147327
3 7.6 0.0202573
3 7.8 0
3 8 0
3 8.2 0
3 8.4 0

3.2 0 0
3.2 0.2 0.014051
3.2 0.4 0.102993
3.2 0.6 0.0759725
3.2 0.8 0.0532392
3.2 1 0.0563226
3.2 1.2 0.0888342
3.2 1.4 0.131365
3.2 1.6 0.149576
3.2 1.8 0.123643
3.2 2 0.0615607
3.2 2.2 -0.002116
3.2 2.4 -0.0273198
3.2 2.6 0.00338902
3.2 2.8 0.0701329
3.2 3 0.125946
3.2 3.2 0.130454
3.2 3.4 0.0738707
3.2 3.6 -0.0112272
3.2 3.8 -0.0726105
3.2 4 -0.0676658
3.2 4.2 0.00541969
3.2 4.4 0.104944
3.2 4.6 0.177056
3.2 4.8 0.180159
3.2 5 0.120649
3.2 5.2 0.0370222
3.2 5.4 -0.0226274
3.2 5.6 -0.0325719
3.2 5.8 -0.00485231
3.2 6 0.0269203
3.2 6.2 0.0345557
3.2 6.4 0.0143197
3.2 6.6 -0.00748415
3.2 6.8 -0.0032304
3.2 7 0.0354766
3.2 7.2 0.0889291
3.2 7.4 0.125971
3.2 7.6 0.0129457
3.2 7.8 0
3.2 8 0
3.2 8.2 0
3.2 8.4 0

3.4 0 0
3.4 0.2 -0.0224608
3.4 0.4 -0.161876
3.4 0.6 -0.106392
3.4 0.8 -0.0306981
3.4 1 0.042584
3.4 1.2 0.0879129
3.4 1.4 0.0917291
3.4 1.6 0.0527528
3.4 1.8 -0.0101795
3.4 2 -0.0680639
3.4 2.2 -0.0945845
3.4 2.4 -0.0748702
3.4 2.6 -0.0246214
3.4 2.8 0.0259271
3.4 3 0.0420446
3.4 3.2 0.00864495
3.4 3.4 -0.0602401
3.4 3.6 -0.124121
3.4 3.8 -0.137101
3.4 4 -0.0781886
3.4 4.2 0.0388928
3.4 4.4 0.163269
3.4 4.6 0.237019
3.4 4.8 0.2218
3.4 5 0.129657
3.4 5.2 0.00621295
3.4 5.4 -0.0866347
3.4 5.6 -0.106284
3.4 5.8 -0.0529836
3.4 6 0.0408451
3.4 6.2 0.130783
3.4 6.4 0.18144
3.4 6.6 0.190822
3.4 6.8 0.171257
3.4 7 0.139992
3.4 7.2 0.102746
3.4 7.4 0.0520394
3.4 7.6 -0.0322059
3.4 7.8 -0.00439259
3.4 8 0
3.4 8.2 0
3.4 8.4 0

3.6 0 0
3.6 0.2 -0.0544936
3.6 0.4 -0.395068
3.6 0.6 -0.281822
3.6 0.8 -0.143465
3.6 1 -0.0353899
3.6 1.2 0.00228087
3.6 1.4 -0.0346749
3.6 1.6 -0.113692
3.6 1.8 -0.187093
3.6 2 -0.213486
3.6 2.2 -0.183343
3.6 2.4 -0.115237
3.6 2.6 -0.0473169
3.6 2.8 -0.0157894
3.6 3 -0.036901
3.6 3.2 -0.0980036
3.6 3.4 -0.167165
3.6 3.6 -0.202584
3.6 3.8 -0.175049
3.6 4 -0.0829893
3.6 4.2 0.0457651
3.6 4.4 0.161669
3.6 4.6 0.215935
3.6 4.8 0.180235
3.6 5 0.0688315
3.6 5.2 -0.0714237
3.6 5.4 -0.17525
3.6 5.6 -0.193063
3.6 5.8 -0.113039
3.6 6 0.0330191
3.6 6.2 0.189074
3.6 6.4 0.296751
3.6 6.6 0.327046
3.6 6.8 0.283134
3.6 7 0.190875
3.6 7.2 0.0831589
3.6 7.4 -0.0169651
3.6 7.6 -0.0923845
3.6 7.8 -0.0127513
3.6 8 0
3.6 8.2 0
3.6 8.4 0

3.8 0 0
3.8 0.2 -0.0619862
3.8 0.4 -0.449843
3.8 0.6 -0.320005
3.8 0.8 -0.170242
3.8 1 -0.0732807
3.8 1.2 -0.0712443
3.8 1.4 -0.152255
3.8 1.6 -0.255915
3.8 1.8 -0.316094
3.8 2 -0.294089
3.8 2.2 -0.203815
3.8 2.4 -0.0930871
3.8 2.6 -0.0192961
3.8 2.8 -0.0127499
3.8 3 -0.0651211
3.8 3.2 -0.138859
3.8 3.4 -0.192163
3.8 3.6 -0.195887
3.8 3.8 -0.145514
3.8 4 -0.057788
3.8 4.2 0.0365881
3.8 4.4 0.106739
3.8 4.6 0.122238
3.8 4.8 0.0731282
3.8 5 -0.0308296
3.8 5.2 -0.154943
3.8 5.4 -0.245497
3.8 5.6 -0.257688
3.8 5.8 -0.171272
3.8 6 -0.00952539
3.8 6.2 0.17142
3.8 6.4 0.303805
3.8 6.6 0.342021
3.8 6.8 0.28251
3.8 7 0.158105
3.8 7.2 0.0207259
3.8 7.4 -0.0881729
3.8 7.6 -0.151334
3.8 7.8 -0.0208254
3.8 8 0
3.8 8.2 0
3.8 8.4 0

4 0 0
4 0.2 -0.0391254
4 0.4 -0.285141
4 0.6 -0.180372
4 0.8 -0.0649155
4 1 -0.0149882
4 1.2 -0.0668423
4 1.4 -0.187649
4 1.6 -0.300333
4 1.8 -0.332238
4 2 -0.259502
4 2.2 -0.121426
4 2.4 0.00608376
4 2.6 0.0629165
4 2.8 0.0347799
4 3 -0.0420781
4 3.2 -0.109212
4 3.4 -0.128688
4 3.6 -0.0951793
4 3.8 -0.037322
4 4 0.0126781
4 4.2 0.0343277
4 4.4 0.0265807
4 4.6 -0.00288864
4 4.8 -0.0502318
4 5 -0.113951
4 5.2 -0.186928
4 5.4 -0.246532
4 5.6 -0.259287
4 5.8 -0.198369
4 6 -0.0688898
4 6.2 0.087116
4 6.4 0.207385
4 6.6 0.241668
4 6.8 0.180594
4 7 0.0615391
4 7.2 -0.056476
4 7.4 -0.126169
4 7.6 -0.142277
4 7.8 0.000794751
4 8 0
4 8.2 0
4 8.4 0

4.2 0 0
4.2 0.2 -3.75544e-05
4.2 0.4 -0.00157907
4.2 0.6 0.0598659
4.2 0.8 0.121462
4.2 1 0.113734
4.2 1.2 0.0133243
4.2 1.4 -0.133155
4.2 1.6 -0.239
4.2 1.8 -0.236076
4.2 2 -0.122538
4.2 2.2 0.0357243
4.2 2.4 0.148453
4.2 2.6 0.159745
4.2 2.8 0.0854794
4.2 3 -0.00889586
4.2 3.2 -0.0515702
4.2 3.4 -0.0167556
4.2 3.6 0.0632543
4.2 3.8 0.124136
4.2 4 0.11988
4.2 4.2 0.0494083
4.2 4.4 -0.0449786
4.2 4.6 -0.114686
4.2 4.8 -0.137571
4.2 5 -0.131277
4.2 5.2 -0.128347
4.2 5.4 -0.146014
4.2 5.6 -0.171986
4.2 5.8 -0.168149
4.2 6 -0.113274
4.2 6.2 -0.0212056
4.2 6.4 0.0625184
4.2 6.6 0.087005
4.2 6.8 0.0395649
4.2 7 -0.047905
4.2 7.2 -0.114027
4.2 7.4 -0.108509
4.2 7.6 -0.0188446
4.2 7.8 0.149596
4.2 8 0.0205224
4.2 8.2 0
4.2 8.4 0

4.4 0 0
4.4 0.2 0.0313343
4.4 0.4 0.226539
4.4 0.6 0.253174
4.4 0.8 0.274058
4.4 1 0.227182
4.4 1.2 0.101784
4.4 1.4 -0.0446595
4.4 1.6 -0.126446
4.4 1.8 -0.086734
4.4 2 0.0518911
4.4 2.2 0.203122
4.4 2.4 0.268974
4.4 2.6 0.213766
4.4 2.8 0.0842502
4.4 3 -0.0231361
4.4 3.2 -0.0258444
4.4 3.4 0.0783526
4.4 3.6 0.216208
4.4 3.8 0.285878
4.4 4 0.230653
4.4 4.2 0.074405
4.4 4.4 -0.0956473
4.4 4.6 -0.186253
4.4 4.8 -0.165138
4.4 5 -0.0709104
4.4 5.2 0.0166313
4.4 5.4 0.03812
4.4 5.6 -0.0110699
4.4 5.8 -0.0821042
4.4 6 -0.118303
4.4 6.2 -0.100686
4.4 6.4 -0.0579451
4.4 6.6 -0.0380722
4.4 6.8 -0.0648035
4.4 7 -0.115627
4.4 7.2 -0.134859
4.4 7.4 -0.0792912
4.4 7.6 0.0461104
4.4 7.8 0.178396
4.4 8 0.0245257
4.4 8.2 0
4.4 8.4 0

4.6 0 0
4.6 0.2 0.0367366
4.6 0.4 0.266021
4.6 0.6 0.284351
4.6 0.8 0.295785
4.6 1 0.244963
4.6 1.2 0.127411
4.6 1.4 0.00434501
4.6 1.6 -0.0413623
4.6 1.8 0.031884
4.6 2 0.182448
4.6 2.2 0.309042
4.6 2.4 0.31632
4.6 2.6 0.188005
4.6 2.8 0.00404546
4.6 3 -0.110024
4.6 3.2 -0.0691952
4.6 3.4 0.107287
4.6 3.6 0.307016
4.6 3.8 0.393996
4.6 4 0.305114
4.6 4.2 0.0859172
4.6 4.4 -0.132604
4.6 4.6 -0.223945
4.6 4.8 -0.148378
4.6 5 0.0323575
4.6 5.2 0.194685
4.6 5.4 0.243703
4.6 5.6 0.164507
4.6 5.8 0.0231528
4.6 6 -0.0913313
4.6 6.2 -0.129523
4.6 6.4 -0.106337
4.6 6.6 -0.0777369
4.6 6.8 -0.0815703
4.6 7 -0.109698
4.6 7.2 -0.111914
4.6 7.4 -0.0471514
4.6 7.6 0.0758501
4.6 7.8 0.189478
4.6 8 0.026111
4.6 8.2 0
4.6 8.4 0

4.8 0 0
4.8 0.2 0.0144062
4.8 0.4 0.104319
4.8 0.6 0.143085
4.8 0.8 0.177671
4.8 1 0.15201
4.8 1.2 0.0642779
4.8 1.4 -0.0246717
4.8 1.6 -0.034948
4.8 1.8 0.0652794
4.8 2 0.221262
4.8 2.2 0.324172
4.8 2.4 0.281545
4.8 2.6 0.0953673
4.8 2.8 -0.12993
4.8 3 -0.24761
4.8 3.2 -0.170846
4.8 3.4 0.0623411
4.8 3.6 0.31353
4.8 3.8 0.420756
4.8 4 0.316305
4.8 4.2 0.0655244
4.8 4.4 -0.173567
4.8 4.6 -0.250217
4.8 4.8 -0.124
4.8 5 0.121961
4.8 5.2 0.333496
4.8 5.4 0.391715
4.8 5.6 0.281972
4.8 5.8 0.0892443
4.8 6 -0.0670987
4.8 6.2 -0.119278
4.8 6.4 -0.0822829
4.8 6.6 -0.0259417
4.8 6.8 -0.0107822
4.8 7 -0.0403402
4.8 7.2 -0.0624514
4.8 7.4 -0.0291879
4.8 7.6 0.0614497
4.8 7.8 0.150845
4.8 8 0.0208371
4.8 8.2 0
4.8 8.4 0

5 0 0
5 0.2 -0.0212965
5 0.4 -0.154381
5 0.6 -0.0797688
5 0.8 -0.00748228
5 1 0.00182688
5 1.2 -0.0557873
5 1.4 -0.119845
5 1.6 -0.110601
5 1.8 0.00434608
5 2 0.166706
5 2.2 0.261988
5 2.4 0.20034
5 2.6 -0.0105966
5 2.8 -0.253531
5 3 -0.372792
5 3.2 -0.279588
5 3.4 -0.0193405
5 3.6 0.255533
5 3.8 0.373586
5 4 0.266851
5 4.2 0.00871852
5 4.4 -0.226995
5 4.6 -0.283868
5 4.8 -0.123805
5 5 0.153238
5 5.2 0.376822
5 5.4 0.423607
5 5.6 0.286483
5 5.8 0.0715412
5 6 -0.0842016
5 6.2 -0.106209
5 6.4 -0.0223718
5 6.6 0.0743586
5 6.8 0.102672
5 7 0.0517217
5 7.2 -0.0196385
5 7.4 -0.0425393
5 7.6 0.00250312
5 7.8 0.0670325
5 8 0.00985642
5 8.2 0
5 8.4 0

5.2 0 0
5.2 0.2 -0.0511909
5.2 0.4 -0.371083
5.2 0.6 -0.263246
5.2 0.8 -0.157361
5.2 1 -0.121923
5.2 1.2 -0.168004
5.2 1.4 -0.233169
5.2 1.6 -0.229465
5.2 1.8 -0.116598
5.2 2 0.0538652
5.2 2.2 0.16611
5.2 2.4 0.126393
5.2 2.6 -0.0664071
5.2 2.8 -0.300143
5.2 3 -0.421414
5.2 3.2 -0.337783
5.2 3.4 -0.0897332
5.2 3.6 0.174434
5.2 3.8 0.286416
5.2 4 0.181363
5.2 4.2 -0.0655497
5.2 4.4 -0.283605
5.2 4.6 -0.322225
5.2 4.8 -0.152533
5.2 5 0.11915
5.2 5.2 0.322109
5.2 5.4 0.340568
5.2 5.6 0.182734
5.2 5.8 -0.0302089
5.2 6 -0.153005
5.2 6.2 -0.118604
5.2 6.4 0.0261478
5.2 6.6 0.164744
5.2 6.8 0.198963
5.2 7 0.115981
5.2 7.2 -0.011757
5.2 7.4 -0.0903647
5.2 7.6 -0.0807116
5.2 7.8 -0.0218021
5.2 8 0.00398895
5.2 8.2 0.000572697
5.2 8.4 0

5.4 0 0
5.4 0.2 -0.0638589
5.4 0.4 -0.463202
5.4 0.6 -0.334924
5.4 0.8 -0.207712
5.4 1 -0.163589
5.4 1.2 -0.221635
5.4 1.4 -0.315647
5.4 1.6 -0.344899
5.4 1.8 -0.250648
5.4 2 -0.0719051
5.4 2.2 0.0788344
5.4 2.4 0.0947486
5.4 2.6 -0.0440343
5.4 2.8 -0.245982
5.4 3 -0.368845
5.4 3.2 -0.317161
5.4 3.4 -0.116029
5.4 3.6 0.106131
5.4 3.8 0.198014
5.4 4 0.0979077
5.4 4.2 -0.126035
5.4 4.4 -0.318446
5.4 4.6 -0.346145
5.4 4.8 -0.187166
5.4 5 0.0519842
5.4 5.2 0.21251
5.4 5.4 0.196698
5.4 5.6 0.0263759
5.4 5.8 -0.167635
5.4 6 -0.246826
5.4 6.2 -0.156105
5.4 6.4 0.0391748
5.4 6.6 0.205197
5.4 6.8 0.235407
5.4 7 0.12195
5.4 7.2 -0.0470593
5.4 7.4 -0.159161
5.4 7.6 -0.158303
5.4 7.8 -0.0816895
5.4 8 -0.016063
5.4 8.2 -0.00218815
5.4 8.4 0

5.6 0 0
5.6 0.2 -0.060823
5.6 0.4 -0.441115
5.6 0.6 -0.302049
5.6 0.8 -0.162289
5.6 1 -0.118777
5.6 1.2 -0.200776
5.6 1.4 -0.339511
5.6 1.6 -0.418823
5.6 1.8 -0.35783
5.6 2 -0.176173
5.6 2.2 0.0194901
5.6 2.4 0.1068
5.6 2.6 0.039983
5.6 2.8 -0.119025
5.6 3 -0.244364
5.6 3.2 -0.237796
5.6 3.4 -0.101662
5.6 3.6 0.0640555
5.6 3.8 0.131725
5.6 4 0.0443086
5.6 4.2 -0.14677
5.6 4.4 -0.309889
5.6 4.6 -0.330921
5.6 4.8 -0.196585
5.6 5 -0.00209712
5.6 5.2 0.113481
5.6 5.4 0.0708998
5.6 5.6 -0.0978661
5.6 5.8 -0.267712
5.6 6 -0.311397
5.6 6.2 -0.190187
5.6 6.4 0.0227763
5.6 6.6 0.188286
5.6 6.8 0.206362
5.6 7 0.0761372
5.6 7.2 -0.104519
5.6 7.4 -0.214327
5.6 7.6 -0.194506
5.6 7.8 -0.0869688
5.6 8 0.00911038
5.6 8.2 0.00126103
5.6 8.4 0

5.8 0 0
5.8 0.2 -0.0510393
5.8 0.4 -0.369993
5.8 0.6 -0.221769
5.8 0.8 -0.0671877
5.8 1 -0.0191779
5.8 1.2 -0.119379
5.8 1.4 -0.299593
5.8 1.6 -0.430492
5.8 1.8 -0.410119
5.8 2 -0.237877
5.8 2.2 -0.0105379
5.8 2.4 0.138884
5.8 2.6 0.138162
5.8 2.8 0.0203598
5.8 3 -0.110021
5.8 3.2 -0.149355
5.8 3.4 -0.0768723
5.8 3.6 0.0393893
5.8 3.8 0.094225
5.8 4 0.0304023
5.8 4.2 -0.118337
5.8 4.4 -0.250322
5.8 4.6 -0.270939
5.8 4.8 -0.167232
5.8 5 -0.0158936
5.8 5.2 0.0694545
5.8 5.4 0.022155
5.8 5.6 -0.127399
5.8 5.8 -0.270846
5.8 6 -0.300632
5.8 6.2 -0.187046
5.8 6.4 4.00588e-05
5.8 6.6 0.136386
5.8 6.8 0.136452
5.8 7 0.00934206
5.8 7.2 -0.149908
5.8 7.4 -0.226071
5.8 7.6 -0.168777
5.8 7.8 -0.0249319
5.8 8 0.0985339
5.8 8.2 0.0135996
5.8 8.4 0

6 0 0
6 0.2 -0.0415017
6 0.4 -0.300583
6 0.6 -0.140358
6 0.8 0.0362248
6 1 0.101375
6 1.2 0.00225074
6 1.4 -0.200951
6 1.6 -0.371814
6 1.8 -0.394379
6 2 -0.246833
6 2.2 -0.0146029
6 2.4 0.167305
6 2.6 0.209497
6 2.8 0.117349
6 3 -0.0194094
6 3.2 -0.0960322
6 3.4 -0.0705288
6 3.6 0.017991
6 3.8 0.0789172
6 4 0.0527046
6 4.2 -0.0505984
6 4.4 -0.156251
6 4.6 -0.184471
6 4.8 -0.114586
6 5 0.00328003
6 5.2 0.0781603
6 5.4 0.0538996
6 5.6 -0.0551173
6 5.8 -0.168979
6 6 -0.204312
6 6.2 -0.134367
6 6.4 -0.0094426
6 6.6 0.0764939
6 6.8 0.0614408
6 7 -0.0437704
6 7.2 -0.156221
6 7.4 -0.184431
6 7.6 -0.0918665
6 7.8 0.073528
6 8 0.210894
6 8.2 0.0291356
6 8.4 0

6.2 0 0
6.2 0.2 -0.0315176
6.2 0.4 -0.227703
6.2 0.6 -0.0579457
6.2 0.8 0.140695
6.2 1 0.23161
6.2 1.2 0.151196
6.2 1.4 -0.0502946
6.2 1.6 -0.244339
6.2 1.8 -0.304803
6.2 2 -0.197292
6.2 2.2 0.00952535
6.2 2.4 0.187789
6.2 2.6 0.239262
6.2 2.8 0.155596
6.2 3 0.0114636
6.2 3.2 -0.0870215
6.2 3.4 -0.0853958
6.2 3.6 -0.00266563
6.2 3.8 0.0824992
6.2 4 0.101385
6.2 4.2 0.039315
6.2 4.4 -0.0524552
6.2 4.6 -0.102976
6.2 4.8 -0.0726756
6.2 5 0.0169227
6.2 5.2 0.100638
6.2 5.4 0.122993
6.2 5.6 0.0733648
6.2 5.8 -0.00568089
6.2 6 -0.0568751
6.2 6.2 -0.0500502
6.2 6.4 -0.00546226
6.2 6.6 0.0257642
6.2 6.8 0.00438561
6.2 7 -0.0602259
6.2 7.2 -0.115851
6.2 7.4 -0.103473
6.2 7.6 -0.00304542
6.2 7.8 0.145014
6.2 8 0.266451
6.2 8.2 0.0368074
6.2 8.4 0

6.4 0 0
6.4 0.2 -0.0153448
6.4 0.4 -0.110282
6.4 0.6 0.0545982
6.4 0.8 0.259406
6.4 1 0.369217
6.4 1.2 0.313183
6.4 1.4 0.128657
6.4 1.6 -0.068917
6.4 1.8 -0.159109
6.4 2 -0.0963048
6.4 2.2 0.0634792
6.4 2.4 0.210379
6.4 2.6 0.247079
6.4 2.8 0.158998
6.4 3 0.0104432
6.4 3.2 -0.0976995
6.4 3.4 -0.102546
6.4 3.6 -0.0100521
6.4 3.8 0.105451
6.4 4 0.165665
6.4 4.2 0.132668
6.4 4.4 0.0372039
6.4 4.6 -0.0515392
6.4 4.8 -0.072966
6.4 5 -0.0145431
6.4 5.2 0.0837118
6.4 5.4 0.16439
6.4 5.6 0.185596
6.4 5.8 0.147701
6.4 6 0.0815751
6.4 6.2 0.0250655
6.4 6.4 -0.00658372
6.4 6.6 -0.018082
6.4 6.8 -0.02796
6.4 7 -0.0396385
6.4 7.2 -0.0396269
6.4 7.4 -0.0112606
6.4 7.6 0.0523189
6.4 7.8 0.133547
6.4 8 0.199116
6.4 8.2 0.0274853
6.4 8.4 0

6.6 0 0
6.6 0.2 0.00970542
6.6 0.4 0.0710608
6.6 0.6 0.207949
6.6 0.8 0.390653
6.6 1 0.495748
6.6 1.2 0.456054
6.6 1.4 0.294429
6.6 1.6 0.109254
6.6 1.8 0.00379643
6.6 2 0.0263842
6.6 2.2 0.136636
6.6 2.4 0.243161
6.6 2.6 0.259289
6.6 2.8 0.166579
6.6 3 0.0195265
6.6 3.2 -0.0887731
6.6 3.4 -0.0937277
6.6 3.6 0.00857561
6.6 3.8 0.14645
6.6 4 0.234665
6.6 4.2 0.21583
6.6 4.4 0.102224
6.6 4.6 -0.0366793
6.6 4.8 -0.120836
6.6 5 -0.102676
6.6 5.2 0.00313129
6.6 5.4 0.138516
6.6 5.6 0.228853
6.6 5.8 0.234228
6.6 6 0.16121
6.6 6.2 0.0545744
6.6 6.4 -0.0327122
6.6 6.6 -0.0656201
6.6 6.8 -0.0429692
6.6 7 0.0082152
6.6 7.2 0.0558946
6.6 7.4 0.0740685
6.6 7.6 0.060817
6.6 7.8 0.0299552
6.6 8 0.0059522
6.6 8.2 0.000830068
6.6 8.4 0

6.8 0 0
6.8 0.2 0.0374463
6.8 0.4 0.272403
6.8 0.6 0.361465
6.8 0.8 0.490916
6.8 1 0.564445
6.8 1.2 0.525294
6.8 1.4 0.38763
6.8 1.6 0.224974
6.8 1.8 0.122164
6.8 2 0.121093
6.8 2.2 0.195506
6.8 2.4 0.274026
6.8 2.6 0.282294
6.8 2.8 0.198609
6.8 3 0.0633545
6.8 3.2 -0.0421944
6.8 3.4 -0.0511336
6.8 3.6 0.0458385
6.8 3.8 0.189864
6.8 4 0.291232
6.8 4.2 0.279232
6.8 4.4 0.146245
6.8 4.6 -0.0435202
6.8 4.8 -0.191843
6.8 5 -0.223317
6.8 5.2 -0.125355
6.8 5.4 0.0449787
6.8 5.6 0.191955
6.8 5.8 0.239105
6.8 6 0.168457
6.8 6.2 0.0315393
6.8 6.4 -0.0883378
6.8 6.6 -0.120219
6.8 6.8 -0.0515546
6.8 7 0.0679935
6.8 7.2 0.158473
6.8 7.4 0.152986
6.8 7.6 0.0446135
6.8 7.8 -0.115465
6.8 8 -0.242954
6.8 8.2 -0.0335402
6.8 8.4 0

7 0 0
7 0.2 0.0552193
7 0.4 0.40062
7 0.6 0.434302
7 0.8 0.494706
7 1 0.520799
7 1.2 0.473124
7 1.4 0.359952
7 1.6 0.23122
7 1.8 0.146067
7 2 0.141612
7 2.2 0.20305
7 2.4 0.276784
7 2.6 0.299294
7 2.8 0.24406
7 3 0.131905
7 3.2 0.0292036
7 3.4 0.00131742
7 3.6 0.0733021
7 3.8 0.204018
7 4 0.309841
7 4.2 0.309122
7 4.4 0.174397
7 4.6 -0.0451868
7 4.8 -0.246142
7 5 -0.329274
7 5.2 -0.255258
7 5.4 -0.072678
7 5.6 0.110992
7 5.8 0.191299
7 6 0.129153
7 6.2 -0.023777
7 6.4 -0.159066
7 6.6 -0.178616
7 6.8 -0.0608113
7 7 0.125741
7 7.2 0.258895
7 7.4 0.237425
7 7.6 0.0477023
7 7.8 -0.225289
7 8 -0.441732
7 8.2 -0.0609387
7 8.4 0

7.2 0 0
7.2 0.2 0.051882
7.2 0.4 0.376114
7.2 0.6 0.365738
7.2 0.8 0.365366
7.2 1 0.348667
7.2 1.2 0.297645
7.2 1.4 0.214753
7.2 1.6 0.125788
7.2 1.8 0.0677159
7.2 2 0.0709565
7.2 2.2 0.133638
7.2 2.4 0.221139
7.2 2.6 0.2787
7.2 2.8 0.268574
7.2 3 0.188844
7.2 3.2 0.0859942
7.2 3.4 0.0255913
7.2 3.6 0.0539747
7.2 3.8 0.157806
7.2 4 0.268371
7.2 4.2 0.296838
7.2 4.4 0.190327
7.2 4.6 -0.0248853
7.2 4.8 -0.253888
7.2 5 -0.380858
7.2 5.2 -0.341582
7.2 5.4 -0.167197
7.2 5.6 0.0339724
7.2 5.8 0.138636
7.2 6 0.0873624
7.2 6.2 -0.0719472
7.2 6.4 -0.217289
7.2 6.6 -0.229612
7.2 6.8 -0.0753134
7.2 7 0.166245
7.2 7.2 0.343917
7.2 7.4 0.327016
7.2 7.6 0.0962939
7.2 7.8 -0.241662
7.2 8 -0.510189
7.2 8.2 -0.0703578
7.2 8.4 0

7.4 0 0
7.4 0.2 0.0273143
7.4 0.4 0.19736
7.4 0.6 0.165449
7.4 0.8 0.129981
7.4 1 0.0955855
7.4 1.2 0.0588964
7.4 1.4 0.0151229
7.4 1.6 -0.0327871
7.4 1.8 -0.0665605
7.4 2 -0.060821
7.4 2.2 0.000473668
7.4 2.4 0.104307
7.4 2.6 0.203561
7.4 2.8 0.244942
7.4 3 0.200011
7.4 3.2 0.0941231
7.4 3.4 -0.00703795
7.4 3.6 -0.0329815
7.4 3.8 0.0387117
7.4 4 0.160268
7.4 4.2 0.238834
7.4 4.4 0.19407
7.4 4.6 0.0182456
7.4 4.8 -0.210158
7.4 5 -0.369985
7.4 5.2 -0.369094
7.4 5.4 -0.214947
7.4 5.6 -0.00819379
7.4 5.8 0.11634
7.4 6 0.0804235
7.4 6.2 -0.0817784
7.4 6.4 -0.242784
7.4 6.6 -0.265544
7.4 6.8 -0.100611
7.4 7 0.173906
7.4 7.2 0.391244
7.4 7.4 0.404675
7.4 7.6 0.182312
7.4 7.8 -0.163725
7.4 8 -0.439336
7.4 8.2 -0.0605355
7.4 8.4 0

7.6 0 0
7.6 0.2 -0.00687882
7.6 0.4 -0.0504926
7.6 0.6 -0.0797232
7.6 0.8 -0.118991
7.6 1 -0.142104
7.6 1.2 -0.144394
7.6 1.4 -0.142014
7.6 1.6 -0.155562
7.6 1.8 -0.182224
7.6 2 -0.193466
7.6 2.2 -0.152799
7.6 2.4 -0.0486309
7.6 2.6 0.0818528
7.6 2.8 0.170059
7.6 3 0.158812
7.6 3.2 0.0497084
7.6 3.4 -0.0928338
7.6 3.6 -0.173731
7.6 3.8 -0.133764
7.6 4 0.00436046
7.6 4.2 0.145949
7.6 4.4 0.18128
7.6 4.6 0.0670986
7.6 4.8 -0.142797
7.6 5 -0.32252
7.6 5.2 -0.358687
7.6 5.4 -0.228058
7.6 5.6 -0.0187338
7.6 5.8 0.128308
7.6 6 0.113846
7.6 6.2 -0.0458937
7.6 6.4 -0.228384
7.6 6.6 -0.283135
7.6 6.8 -0.140506
7.6 7 0.13649
7.6 7.2 0.382146
7.6 7.4 0.441516
7.6 7.6 0.265439
7.6 7.8 -0.0410596
7.6 8 -0.288679
7.6 8.2 -0.0397608
7.6 8.4 0

7.8 0 0
7.8 0.2 -0.0340456
7.8 0.4 -0.247283
7.8 0.6 -0.261982
7.8 0.8 -0.282499
7.8 1 -0.271843
7.8 1.2 -0.227329
7.8 1.4 -0.17964
7.8 1.6 -0.172116
7.8 1.8 -0.213717
7.8 2 -0.267501
7.8 2.2 -0.272536
7.8 2.4 -0.190806
7.8 2.6 -0.049384
7.8 2.8 0.0739561
7.8 3 0.0923063
7.8 3.2 -0.016043
7.8 3.4 -0.191723
7.8 3.6 -0.3185
7.8 3.8 -0.305805
7.8 4 -0.151924
7.8 4.2 0.0480532
7.8 4.4 0.160005
7.8 4.6 0.105305
7.8 4.8 -0.083118
7.8 5 -0.28107
7.8 5.2 -0.35047
7.8 5.4 -0.241908
7.8 5.6 -0.0250633
7.8 5.8 0.152985
7.8 6 0.170558
7.8 6.2 0.0206854
7.8 6.4 -0.183457
7.8 6.6 -0.284855
7.8 6.8 -0.190416
7.8 7 0.0611925
7.8 7.2 0.315547
7.8 7.4 0.417518
7.8 7.6 0.303595
7.8 7.8 0.0600577
7.8 8 -0.142549
7.8 8.2 -0.0196094
7.8 8.4 0

8 0 0
8 0.2 -0.0435055
8 0.4 -0.31594
8 0.6 -0.318326
8 0.8 -0.315033
8 1 -0.268276
8 1.2 -0.1785
8 1.4 -0.0955266
8 1.6 -0.0797061
8 1.8 -0.151287
8 2 -0.262967
8 2.2 -0.329527
8 2.4 -0.287784
8 2.6 -0.149558
8 2.8 -0.00297274
8 3 0.0447235
8 3.2 -0.055148
8 3.4 -0.247684
8 3.6 -0.405501
8 3.8 -0.415211
8 4 -0.254456
8 4.2 -0.0180454
8 4.4 0.143863
8 4.6 0.126871
8 4.8 -0.0547744
8 5 -0.273396
8 5.2 -0.373591
8 5.4 -0.281055
8 5.6 -0.0512226
8 5.8 0.163716
8 6 0.222919
8 6.2 0.0922888
8 6.4 -0.126951
8 6.6 -0.274175
8 6.8 -0.236951
8 7 -0.029076
8 7.2 0.216565
8 7.4 0.345162
8 7.6 0.285302
8 7.8 0.101338
8 8 -0.0592911
8 8.2 -0.00817358
8 8.4 0

8.2 0 0
8.2 0.2 -0.0366218
8.2 0.4 -0.265653
8.2 0.6 -0.265946
8.2 0.8 -0.250908
8.2 1 -0.18054
8.2 1.2 -0.0625534
8.2 1.4 0.0415937
8.2 1.6 0.0563603
8.2 1.8 -0.0433826
8.2 2 -0.206022
8.2 2.2 -0.327259
8.2 2.4 -0.322608
8.2 2.6 -0.192777
8.2 2.8 -0.0282252
8.2 3 0.0472307
8.2 3.2 -0.0321424
8.2 3.4 -0.22213
8.2 3.6 -0.394012
8.2 3.8 -0.419494
8.2 4 -0.265914
8.2 4.2 -0.0222321
8.2 4.4 0.151989
8.2 4.6 0.140933
8.2 4.8 -0.0508554
8.2 5 -0.294587
8.2 5.2 -0.421642
8.2 5.4 -0.340197
8.2 5.6 -0.0975948
8.2 5.8 0.152438
8.2 6 0.252216
8.2 6.2 0.148136
8.2 6.4 -0.0742688
8.2 6.6 -0.252737
8.2 6.8 -0.263051
8.2 7 -0.0978365
8.2 7.2 0.126313
8.2 7.4 0.263875
8.2 7.6 0.234524
8.2 7.8 0.0880568
8.2 8 -0.0460991
8.2 8.2 -0.00639817
8.2 8.4 0

8.4 0 0
8.4 0.2 -0.0232139
8.4 0.4 -0.168249
8.4 0.6 -0.178385
8.4 0.8 -0.170477
8.4 1 -0.100722
8.4 1.2 0.0222277
8.4 1.4 0.131051
8.4 1.6 0.146253
8.4 1.8 0.0349404
8.4 2 -0.148429
8.4 2.2 -0.294023
8.4 2.4 -0.304865
8.4 2.6 -0.175958
8.4 2.8 0.00351436
8.4 3 0.105609
8.4 3.2 0.0535741
8.4 3.4 -0.118495
8.4 3.6 -0.286528
8.4 3.8 -0.321321
8.4 4 -0.183347
8.4 4.2 0.0401431
8.4 4.4 0.195881
8.4 4.6 0.163624
8.4 4.8 -0.0495402
8.4 5 -0.315048
8.4 5.2 -0.459288
8.4 5.4 -0.385127
8.4 5.6 -0.134939
8.4 5.8 0.13363
8.4 6 0.258965
8.4 6.2 0.17557
8.4 6.4 -0.0388145
8.4 6.6 -0.226749
8.4 6.8 -0.258424
8.4 7 -0.119955
8.4 7.2 0.0852271
8.4 7.4 0.214217
8.4 7.6 0.190272
8.4 7.8 0.054242
8.4 8 -0.0724619
8.4 8.2 -0.0100347
8.4 8.4 0

8.6 0 0
8.6 0.2 -0.0127849
8.6 0.4 -0.0928187
8.6 0.6 -0.120493
8.6 0.8 -0.135942
8.6 1 -0.0903461
8.6 1.2 0.0149388
8.6 1.4 0.116077
8.6 1.6 0.134979
8.6 1.8 0.0386824
8.6 2 -0.12611
8.6 2.2 -0.252476
8.6 2.4 -0.252005
8.6 2.6 -0.1133
8.6 2.8 0.0773834
8.6 3 0.196673
8.6 3.2 0.168234
8.6 3.4 0.0202421
8.6 3.6 -0.132223
8.6 3.8 -0.166686
8.6 4 -0.0481401
8.6 4.2 0.142949
8.6 4.4 0.262363
8.6 4.6 0.201533
8.6 4.8 -0.0288171
8.6 5 -0.299948
8.6 5.2 -0.444951
8.6 5.4 -0.372753
8.6 5.6 -0.128749
8.6 5.8 0.133199
8.6 6 0.253222
8.6 6.2 0.17305
8.6 6.4 -0.0328578
8.6 6.6 -0.209436
8.6 6.8 -0.233526
8.6 7 -0.0947313
8.6 7.2 0.101392
8.6 7.4 0.216429
8.6 7.6 0.177221
8.6 7.8 0.0289005
8.6 8 -0.10703
8.6 8.2 -0.0148628
8.6 8.4 0

8.8 0 0
8.8 0.2 -0.00742008
8.8 0.4 -0.053634
8.8 0.6 -0.0986551
8.8 0.8 -0.144242
8.8 1 -0.135039
8.8 1.2 -0.064944
8.8 1.4 0.0178393
8.8 1.6 0.0433611
8.8 1.8 -0.0190506
8.8 2 -0.131307
8.8 2.2 -0.206518
8.8 2.4 -0.169777
8.8 2.6 -0.0182553
8.8 2.8 0.169753
8.8 3 0.285004
8.8 3.2 0.263162
8.8 3.4 0.134654
8.8 3.6 0.00448352
8.8 3.8 -0.0212494
8.8 4 0.0835311
8.8 4.2 0.242341
8.8 4.4 0.32572
8.8 4.6 0.242952
8.8 4.8 0.0133227
8.8 5 -0.238407
8.8 5.2 -0.362691
8.8 5.4 -0.285579
8.8 5.6 -0.0617016
8.8 5.8 0.162876
8.8 6 0.245221
8.8 6.2 0.141894
8.8 6.4 -0.0612343
8.8 6.6 -0.215618
8.8 6.8 -0.209859
8.8 7 -0.0495726
8.8 7.2 0.151086
8.8 7.4 0.252864
8.8 7.6 0.188117
8.8 7.8 0.0130423
8.8 8 -0.141567
8.8 8.2 -0.0195952
8.8 8.4 0

9 0 0
9 0.2 -0.00169264
9 0.4 -0.0123787
9 0.6 -0.0685287
9 0.8 -0.135288
9 1 -0.161445
9 1.2 -0.13137
9 1.4 -0.079177
9 1.6 -0.0535385
9 1.8 -0.0789896
9 2 -0.127734
9 2.2 -0.137322
9 2.4 -0.0596412
9 2.6 0.097195
9 2.8 0.258942
9 3 0.341489
9 3.2 0.302368
9 3.4 0.180783
9 3.6 0.0718343
9 3.8 0.0616824
9 4 0.161468
9 4.2 0.296525
9 4.4 0.353837
9 4.6 0.263083
9 4.8 0.0560063
9 5 -0.153033
9 5.2 -0.236372
9 5.4 -0.14682
9 5.6 0.0504541
9 5.8 0.218224
9 6 0.235351
9 6.2 0.0884542
9 6.4 -0.123816
9 6.6 -0.254709
9 6.8 -0.210747
9 7 -0.0180629
9 7.2 0.193761
9 7.4 0.284532
9 7.6 0.192919
9 7.8 -0.0129898
9 8 -0.188855
9 8.2 -0.0260467
9 8.4 0

9.2 0 0
9.2 0.2 0.00930228
9.2 0.4 0.0676278
9.2 0.6 0.0146308
9.2 0.8 -0.0514382
9.2 1 -0.0936374
9.2 1.2 -0.099583
9.2 1.4 -0.085634
9.2 1.6 -0.0781442
9.2 1.8 -0.0841901
9.2 2 -0.0818729
9.2 2.2 -0.0343713
9.2 2.4 0.0752984
9.2 2.6 0.220205
9.2 2.8 0.333767
9.2 3 0.357028
9.2 3.2 0.277285
9.2 3.4 0.148433
9.2 3.6 0.0561284
9.2 3.8 0.0665433
9.2 4 0.170853
9.2 4.2 0.291035
9.2 4.4 0.330774
9.2 4.6 0.241536
9.2 4.8 0.0680042
9.2 5 -0.0855912
9.2 5.2 -0.117671
9.2 5.4 -0.00856876
9.2 5.6 0.163092
9.2 5.8 0.269729
9.2 6 0.218911
9.2 6.2 0.0233018
9.2 6.4 -0.202076
9.2 6.6 -0.315307
9.2 6.8 -0.239807
9.2 7 -0.0209757
9.2 7.2 0.199402
9.2 7.4 0.279865
9.2 7.6 0.166937
9.2 7.8 -0.0622374
9.2 8 -0.255035
9.2 8.2 -0.0351321
9.2 8.4 0

9.4 0 0
9.4 0.2 0.0227336
9.4 0.4 0.165337
9.4 0.6 0.137728
9.4 0.8 0.107213
9.4 1 0.0794443
9.4 1.2 0.053
9.4 1.4 0.021139
9.4 1.6 -0.0108055
9.4 1.8 -0.0268951
9.4 2 -0.000352575
9.4 2.2 0.0842566
9.4 2.4 0.211075
9.4 2.6 0.330984
9.4 2.8 0.383606
9.4 3 0.335008
9.4 3.2 0.203777
9.4 3.4 0.0604434
9.4 3.6 -0.0147124
9.4 3.8 0.0189573
9.4 4 0.13296
9.4 4.2 0.242683
9.4 4.4 0.265927
9.4 4.6 0.176648
9.4 4.8 0.0314929
9.4 5 -0.0729843
9.4 5.2 -0.0577121
9.4 5.4 0.0715331
9.4 5.6 0.22717
9.4 5.8 0.28937
9.4 6 0.190639
9.4 6.2 -0.0358988
9.4 6.4 -0.265413
9.4 6.6 -0.364853
9.4 6.8 -0.272782
9.4 7 -0.046126
9.4 7.2 0.169145
9.4 7.4 0.238575
9.4 7.6 0.11468
9.4 7.8 -0.121485
9.4 8 -0.319857
9.4 8.2 -0.0440783
9.4 8.4 0

9.6 0 0
9.6 0.2 0.0276431
9.6 0.4 0.200721
9.6 0.6 0.22524
9.6 0.8 0.267744
9.6 1 0.288347
9.6 1.2 0.259675
9.6 1.4 0.184043
9.6 1.6 0.0946225
9.6 1.8 0.042473
9.6 2 0.0661873
9.6 2.2 0.169639
9.6 2.4 0.305822
9.6 2.6 0.403768
9.6 2.8 0.401452
9.6 3 0.288603
9.6 3.2 0.111446
9.6 3.4 -0.0401311
9.6 3.6 -0.0948629
9.6 3.8 -0.0331881
9.6 4 0.0929955
9.6 4.2 0.192147
9.6 4.4 0.195126
9.6 4.6 0.0926257
9.6 4.8 -0.0434816
9.6 5 -0.120503
9.6 5.2 -0.0771443
9.6 5.4 0.0659511
9.6 5.6 0.215245
9.6 5.8 0.261365
9.6 6 0.152663
9.6 6.2 -0.0682664
9.6 6.4 -0.281935
9.6 6.6 -0.36631
9.6 6.8 -0.274563
9.6 7 -0.0646677
9.6 7.2 0.128314
9.6 7.4 0.183414
9.6 7.6 0.063985
9.6 7.8 -0.155691
9.6 8 -0.340026
9.6 8.2 -0.046829
9.6 8.4 0

9.8 0 0
9.8 0.2 0.0126001
9.8 0.4 0.0916776
9.8 0.6 0.193963
9.8 0.8 0.337602
9.8 1 0.431839
9.8 1.2 0.41832
9.8 1.4 0.302386
9.8 1.6 0.148949
9.8 1.8 0.0483745
9.8 2 0.0584232
9.8 2.2 0.174366
9.8 2.4 0.325355
9.8 2.6 0.416252
9.8 2.8 0.382263
9.8 3 0.228909
9.8 3.2 0.0283121
9.8 3.4 -0.119074
9.8 3.6 -0.144401
9.8 3.8 -0.0508418
9.8 4 0.0899335
9.8 4.2 0.180411
9.8 4.4 0.157854
9.8 4.6 0.0309327
9.8 4.8 -0.119939
9.8 5 -0.198416
9.8 5.2 -0.153484
9.8 5.4 -0.0118894
9.8 5.6 0.136962
9.8 5.8 0.193352
9.8 6 0.114703
9.8 6.2 -0.0614089
9.8 6.4 -0.232317
9.8 6.6 -0.297364
9.8 6.8 -0.220729
9.8 7 -0.0519485
9.8 7.2 0.100989
9.8 7.4 0.142688
9.8 7.6 0.0439332
9.8 7.8 -0.133459
9.8 8 -0.282869
9.8 8.2 -0.0390209
9.8 8.4 0

10 0 0
10 0.2 -0.0228896
10 0.4 -0.166394
10 0.6 0.0225481
10 0.8 0.273852
10 1 0.447439
10 1.2 0.45667
10 1.4 0.30681
10 1.6 0.0949967
10 1.8 -0.0499704
10 2 -0.0495875
10 2.2 0.0863962
10 2.4 0.265069
10 2.6 0.371512
10 2.8 0.333227
10 3 0.167815
10 3.2 -0.0329523
10 3.4 -0.158889
10 3.6 -0.148716
10 3.8 -0.0193721
10 4 0.139099
10 4.2 0.22262
10 4.4 0.177584
10 4.6 0.0228209
10 4.8 -0.15283
10 5 -0.255864
10 5.2 -0.234698
10 5.4 -0.113804
10 5.6 0.028112
10 5.8 0.107039
10 6 0.0827572
10 6.2 -0.0196248
10 6.4 -0.127871
10 6.6 -0.169366
10 6.8 -0.118857
10 7 -0.00758678
10 7.2 0.0917179
10 7.4 0.118995
10 7.6 0.0539712
10 7.8 -0.0599197
10 8 -0.154792
10 8.2 -0.021363
10 8.4 0

10.2 0 0
10.2 0.2 -0.06495
10.2 0.4 -0.472233
10.2 0.6 -0.210873
10.2 0.8 0.124174
10.2 1 0.356658
10.2 1.2 0.378489
10.2 1.4 0.200922
10.2 1.6 -0.0514735
10.2 1.8 -0.223454
10.2 2 -0.2182
10.2 2.2 -0.0518146
10.2 2.4 0.164973
10.2 2.6 0.297979
10.2 2.8 0.272876
10.2 3 0.115697
10.2 3.2 -0.0697678
10.2 3.4 -0.166927
10.2 3.6 -0.118052
10.2 3.8 0.0426744
10.2 4 0.217711
10.2 4.2 0.300429
10.2 4.4 0.24324
10.2 4.6 0.0737584
10.2 4.8 -0.121801
10.2 5 -0.252226
10.2 5.2 -0.269354
10.2 5.4 -0.187654
10.2 5.6 -0.0673244
10.2 5.8 0.0267402
10.2 6 0.0585334
10.2 6.2 0.0358808
10.2 6.4 -0.00494931
10.2 6.6 -0.0247661
10.2 6.8 -0.00629245
10.2 7 0.0373822
10.2 7.2 0.0776941
10.2 7.4 0.0900442
10.2 7.6 0.0660332
10.2 7.8 0.0247692
10.2 8 -0.00778092
10.2 8.2 -0.00109762
10.2 8.4 0

10.4 0 0
10.4 0.2 -0.0921347
10.4 0.4 -0.669215
10.4 0.6 -0.372289
10.4 0.8 -0.00348929
10.4 1 0.245982
10.4 1.2 0.259006
10.4 1.4 0.0578237
10.4 1.6 -0.215411
10.4 1.8 -0.38961
10.4 2 -0.364393
10.4 2.2 -0.163424
10.4 2.4 0.0858873
10.4 2.6 0.240494
10.4 2.8 0.226242
10.4 3 0.0788747
10.4 3.2 -0.0878257
10.4 3.4 -0.156672
10.4 3.6 -0.079346
10.4 3.8 0.103196
10.4 4 0.286849
10.4 4.2 0.371955
10.4 4.4 0.317333
10.4 4.6 0.153137
10.4 4.8 -0.038683
10.4 5 -0.18135
10.4 5.2 -0.233015
10.4 5.4 -0.200032
10.4 5.6 -0.120288
10.4 5.8 -0.0337509
10.4 6 0.032498
10.4 6.2 0.0731736
10.4 6.4 0.0895106
10.4 6.6 0.0882659
10.4 6.8 0.073051
10.4 7 0.0509373
10.4 7.2 0.0318926
10.4 7.4 0.0284361
10.4 7.6 0.0427597
10.4 7.8 0.0703247
10.4 8 0.0950773
10.4 8.2 0.0130873
10.4 8.4 0

10.6 0 0
10.6 0.2 -0.0892112
10.6 0.4 -0.647415
10.6 0.6 -0.364177
10.6 0.8 -0.0206558
10.6 1 0.197842
10.6 1.2 0.180787
10.6 1.4 -0.0388711
10.6 1.6 -0.31102
10.6 1.8 -0.465609
10.6 2 -0.410692
10.6 2.2 -0.183919
10.6 2.4 0.0758001
10.6 2.6 0.22718
10.6 2.8 0.205675
10.6 3 0.0581607
10.6 3.2 -0.0963339
10.6 3.4 -0.14546
10.6 3.6 -0.0515832
10.6 3.8 0.133918
10.6 4 0.311766
10.6 4.2 0.392494
10.6 4.4 0.348444
10.6 4.6 0.211598
10.6 4.8 0.051594
10.6 5 -0.0748139
10.6 5.2 -0.141069
10.6 5.4 -0.152751
10.6 5.6 -0.125998
10.6 5.8 -0.0728459
10.6 6 -0.00308219
10.6 6.2 0.0706673
10.6 6.4 0.125596
10.6 6.6 0.137314
10.6 6.8 0.0947974
10.6 7 0.0197191
10.6 7.2 -0.0495723
10.6 7.4 -0.0677244
10.6 7.6 -0.0258341
10.6 7.8 0.0546431
10.6 8 0.121589
10.6 8.2 0.0167751
10.6 8.4 0

10.8 0 0
10.8 0.2 -0.0587287
10.8 0.4 -0.426028
10.8 0.6 -0.198385
10.8 0.8 0.073329
10.8 1 0.226173
10.8 1.2 0.167919
10.8 1.4 -0.0577544
10.8 1.6 -0.306034
10.8 1.8 -0.42133
10.8 2 -0.335407
10.8 2.2 -0.103199
10.8 2.4 0.13596
10.8 2.6 0.252808
10.8 2.8 0.200764
10.8 3 0.0413526
10.8 3.2 -0.105277
10.8 3.4 -0.139821
10.8 3.6 -0.0418974
10.8 3.8 0.129234
10.8 4 0.279543
10.8 4.2 0.339178
10.8 4.4 0.3004
10.8 4.6 0.200749
10.8 4.8 0.0960865
10.8 5 0.0159954
10.8 5.2 -0.0370626
10.8 5.4 -0.0749605
10.8 5.6 -0.100618
10.8 5.8 -0.0978916
10.8 6 -0.0532268
10.8 6.2 0.0253129
10.8 6.4 0.100594
10.8 6.6 0.124367
10.8 6.8 0.0718625
10.8 7 -0.0338017
10.8 7.2 -0.134725
10.8 7.4 -0.164833
10.8 7.6 -0.107781
10.8 7.8 0.00342332
10.8 8 0.0938565
10.8 8.2 0.012931
10.8 8.4 0

11 0 0
11 0.2 -0.0207654
11 0.4 -0.14966
11 0.6 0.00747063
11 0.8 0.191099
11 1 0.26816
11 1.2 0.1768
11 1.4 -0.035413
11 1.6 -0.236321
11 1.8 -0.300502
11 2 -0.189477
11 2.2 0.0277634
11 2.4 0.219321
11 2.6 0.27685
11 2.8 0.180803
11 3 0.00972667
11 3.2 -0.122967
11 3.4 -0.137657
11 3.6 -0.0376114
11 3.8 0.106251
11 4 0.208647
11 4.2 0.225403
11 4.4 0.173921
11 4.6 0.104299
11 4.8 0.0610384
11 5 0.0471288
11 5.2 0.0345742
11 5.4 -0.00411185
11 5.6 -0.0663444
11 5.8 -0.114221
11 6 -0.109824
11 6.2 -0.0459556
11 6.4 0.0383124
11 6.6 0.0804975
11 6.8 0.0395738
11 7 -0.0657406
11 7.2 -0.174428
11 7.4 -0.210849
11 7.6 -0.150173
11 7.8 -0.0293422
11 8 0.0685518
11 8.2 0.00945413
11 8.4 0

11.2 0 0
11.2 0.2 0.000938023
11.2 0.4 0.00783231
11.2 0.6 0.104815
11.2 0.8 0.213444
11.2 1 0.235769
11.2 1.2 0.134239
11.2 1.4 -0.0394466
11.2 1.6 -0.176298
11.2 1.8 -0.184608
11.2 2 -0.0552475
11.2 2.2 0.131874
11.2 2.4 0.26041
11.2 2.6 0.251572
11.2 2.8 0.117785
11.2 3 -0.0522925
11.2 3.2 -0.153441
11.2 3.4 -0.133628
11.2 3.6 -0.0241893
11.2 3.8 0.0906764
11.2 4 0.135015
11.2 4.2 0.0895512
11.2 4.4 0.00194747
11.2 4.6 -0.0577652
11.2 4.8 -0.0504708
11.2 5 0.00562193
11.2 5.2 0.0504122
11.2 5.4 0.0368189
11.2 5.6 -0.0384862
11.2 5.8 -0.124611
11.2 6 -0.159367
11.2 6.2 -0.117996
11.2 6.4 -0.0298461
11.2 6.6 0.0374824
11.2 6.8 0.0310945
11.2 7 -0.0448383
11.2 7.2 -0.137064
11.2 7.4 -0.170048
11.2 7.6 -0.115362
11.2 7.8 -0.00252866
11.2 8 0.0910761
11.2 8.2 0.012525
11.2 8.4 0

11.4 0 0
11.4 0.2 -0.00586305
11.4 0.4 -0.0421069
11.4 0.6 0.0242935
11.4 0.8 0.0918482
11.4 1 0.0918289
11.4 1.2 0.00886262
11.4 1.4 -0.110161
11.4 1.6 -0.178481
11.4 1.8 -0.136391
11.4 2 0.000523597
11.4 2.2 0.153208
11.4 2.4 0.220988
11.4 2.6 0.159572
11.4 2.8 0.0066991
11.4 3 -0.141539
11.4 3.2 -0.193304
11.4 3.4 -0.123608
11.4 3.6 0.0076909
11.4 3.8 0.102823
11.4 4 0.0916544
11.4 4.2 -0.0202902
11.4 4.4 -0.158912
11.4 4.6 -0.231901
11.4 4.8 -0.197394
11.4 5 -0.0859278
11.4 5.2 0.0182206
11.4 5.4 0.0451545
11.4 5.6 -0.0199196
11.4 5.8 -0.124067
11.4 6 -0.189526
11.4 6.2 -0.169974
11.4 6.4 -0.0819951
11.4 6.6 0.0139956
11.4 6.8 0.053478
11.4 7 0.0265591
11.4 7.2 -0.0321572
11.4 7.4 -0.0558804
11.4 7.6 -0.0144647
11.4 7.8 0.0763115
11.4 8 0.156241
11.4 8.2 0.021474
11.4 8.4 0

11.6 0 0
11.6 0.2 -0.0331966
11.6 0.4 -0.240393
11.6 0.6 -0.174872
11.6 0.8 -0.114832
11.6 1 -0.105931
11.6 1.2 -0.156581
11.6 1.4 -0.221286
11.6 1.6 -0.233999
11.6 1.8 -0.160963
11.6 2 -0.0257676
11.6 2.2 0.0919859
11.6 2.4 0.116429
11.6 2.6 0.027027
11.6 2.8 -0.121275
11.6 3 -0.23206
11.6 3.2 -0.227975
11.6 3.4 -0.106961
11.6 3.6 0.0520989
11.6 3.8 0.139334
11.6 4 0.091513
11.6 4.2 -0.073127
11.6 4.4 -0.259336
11.6 4.6 -0.360946
11.6 4.8 -0.324524
11.6 5 -0.183932
11.6 5.2 -0.0335239
11.6 5.4 0.0363047
11.6 5.6 -0.00266185
11.6 5.8 -0.106557
11.6 6 -0.190445
11.6 6.2 -0.194574
11.6 6.4 -0.113891
11.6 6.6 0.000477508
11.6 6.8 0.0846755
11.6 7 0.109391
11.6 7.2 0.0901945
11.6 7.4 0.0750498
11.6 7.6 0.0971232
11.6 7.8 0.153927
11.6 8 0.210249
11.6 8.2 0.0288727
11.6 8.4 0

11.8 0 0
11.8 0.2 -0.0583049
11.8 0.4 -0.423335
11.8 0.6 -0.346222
11.8 0.8 -0.273872
11.8 1 -0.244079
11.8 1.2 -0.26309
11.8 1.4 -0.292602
11.8 1.6 -0.282529
11.8 1.8 -0.205464
11.8 2 -0.0888349
11.8 2.2 0.00239588
11.8 2.4 0.00725992
11.8 2.6 -0.0827673
11.8 2.8 -0.209505
11.8 3 -0.283406
11.8 3.2 -0.238936
11.8 3.4 -0.0870972
11.8 3.6 0.0897867
11.8 3.8 0.181003
11.8 4 0.123079
11.8 4.2 -0.0614228
11.8 4.4 -0.275038
11.8 4.6 -0.403204
11.8 4.8 -0.384613
11.8 5 -0.244331
11.8 5.2 -0.0738855
11.8 5.4 0.0290829
11.8 5.6 0.0212396
11.8 5.8 -0.0685425
11.8 6 -0.162913
11.8 6.2 -0.191746
11.8 6.4 -0.132739
11.8 6.6 -0.018383
11.8 6.8 0.091404
11.8 7 0.157163
11.8 7.2 0.169674
11.8 7.4 0.159899
11.8 7.6 0.154202
11.8 7.8 0.168516
11.8 8 0.191162
11.8 8.2 0.0262312
11.8 8.4 0

12 0 0
12 0.2 -0.0605671
12 0.4 -0.439935
12 0.6 -0.354436
12 0.8 -0.267793
12 1 -0.221113
12 1.2 -0.225749
12 1.4 -0.255248
12 1.6 -0.260253
12 1.8 -0.212774
12 2 -0.125679
12 2.2 -0.051516
12 2.4 -0.0415517
12 2.6 -0.107312
12 2.8 -0.206017
12 3 -0.258757
12 3.2 -0.211214
12 3.4 -0.0683737
12 3.6 0.100472
12 3.8 0.197052
12 4 0.157769
12 4.2 -0.00648129
12 4.4 -0.212391
12 4.6 -0.354432
12 4.8 -0.364955
12 5 -0.252151
12 5.2 -0.0894017
12 5.4 0.0303866
12 5.6 0.0536945
12 5.8 -0.0136061
12 6 -0.109056
12 6.2 -0.163789
12 6.4 -0.140486
12 6.6 -0.0498217
12 6.8 0.0613093
12 7 0.146618
12 7.2 0.179714
12 7.4 0.166953
12 7.6 0.1297
12 7.8 0.0956675
12 8 0.0778496
12 8.2 0.0106331
12 8.4 0

12.2 0 0
12.2 0.2 -0.0351008
12.2 0.4 -0.254628
12.2 0.6 -0.171141
12.2 0.8 -0.0766392
12.2 1 -0.0241835
12.2 1.2 -0.037283
12.2 1.4 -0.096967
12.2 1.6 -0.150755
12.2 1.8 -0.156091
12.2 2 -0.105902
12.2 2.2 -0.0380623
12.2 2.4 -0.00160109
12.2 2.6 -0.0260402
12.2 2.8 -0.0928415
12.2 3 -0.149652
12.2 3.2 -0.141175
12.2 3.4 -0.0530786
12.2 3.6 0.0752901
12.2 3.8 0.170292
12.2 4 0.169057
12.2 4.2 0.0622834
12.2 4.4 -0.102113
12.2 4.6 -0.240818
12.2 4.8 -0.28433
12.2 5 -0.219596
12.2 5.2 -0.088471
12.2 5.4 0.0325931
12.2 5.6 0.0849781
12.2 5.8 0.0510953
12.2 6 -0.0337851
12.2 6.2 -0.110926
12.2 6.4 -0.131385
12.2 6.6 -0.0825131
12.2 6.8 0.00870282
12.2 7 0.0956006
12.2 7.2 0.136933
12.2 7.4 0.117964
12.2 7.6 0.0514007
12.2 7.8 -0.0292791
12.2 8 -0.0877234
12.2 8.2 -0.01214
12.2 8.4 0

12.4 0 0
12.4 0.2 0.00485758
12.4 0.4 0.035302
12.4 0.6 0.109173
12.4 0.8 0.205079
12.4 1 0.255625
12.4 1.2 0.22298
12.4 1.4 0.118403
12.4 1.6 0.000943286
12.4 1.8 -0.0672968
12.4 2 -0.0538661
12.4 2.2 0.0210095
12.4 2.4 0.101217
12.4 2.6 0.133278
12.4 2.8 0.0978824
12.4 3 0.0215911
12.4 3.2 -0.0391788
12.4 3.4 -0.0406582
12.4 3.6 0.0203974
12.4 3.8 0.103725
12.4 4 0.149783
12.4 4.2 0.119991
12.4 4.4 0.0187444
12.4 4.6 -0.103796
12.4 4.8 -0.183697
12.4 5 -0.179336
12.4 5.2 -0.0956948
12.4 5.4 0.0190808
12.4 5.6 0.102084
12.4 5.8 0.11282
12.4 6 0.0538093
12.4 6.2 -0.0339673
12.4 6.4 -0.0945363
12.4 6.6 -0.0936389
12.4 6.8 -0.0345131
12.4 7 0.0446358
12.4 7.2 0.0898699
12.4 7.4 0.0680413
12.4 7.6 -0.0194288
12.4 7.8 -0.135112
12.4 8 -0.225553
12.4 8.2 -0.0310584
12.4 8.4 0

12.6 0 0
12.6 0.2 0.0373325
12.6 0.4 0.270972
12.6 0.6 0.33822
12.6 0.8 0.438583
12.6 1 0.490056
12.6 1.2 0.440546
12.6 1.4 0.29621
12.6 1.6 0.122561
12.6 1.8 -0.000182366
12.6 2 -0.0149746
12.6 2.2 0.0735715
12.6 2.4 0.206741
12.6 2.6 0.300916
12.6 2.8 0.300815
12.6 3 0.205883
12.6 3.2 0.07163
12.6 3.4 -0.0288616
12.6 3.6 -0.0446667
12.6 3.8 0.019592
12.6 4 0.110044
12.6 4.2 0.158314
12.6 4.4 0.122784
12.6 4.6 0.0162732
12.6 4.8 -0.101212
12.6 5 -0.16395
12.6 5.2 -0.132616
12.6 5.4 -0.0272225
12.6 5.6 0.092507
12.6 5.8 0.159587
12.6 6 0.141039
12.6 6.2 0.0570123
12.6 6.4 -0.0340712
12.6 6.6 -0.0753667
12.6 6.8 -0.0461873
12.6 7 0.0257082
12.6 7.2 0.0795361
12.6 7.4 0.0649758
12.6 7.6 -0.0293643
12.6 7.8 -0.163987
12.6 8 -0.272984
12.6 8.2 -0.0376044
12.6 8.4 0

12.8 0 0
12.8 0.2 0.047479
12.8 0.4 0.344492
12.8 0.6 0.413007
12.8 0.8 0.521642
12.8 1 0.580871
12.8 1.2 0.531049
12.8 1.4 0.37163
12.8 1.6 0.167441
12.8 1.8 0.0110101
12.8 2 -0.0232714
12.8 2.2 0.0776934
12.8 2.4 0.255344
12.8 2.6 0.40747
12.8 2.8 0.44825
12.8 3 0.35037
12.8 3.2 0.163824
12.8 3.4 -0.0143261
12.8 3.6 -0.0948057
12.8 3.8 -0.0494326
12.8 4 0.073813
12.8 4.2 0.184119
12.8 4.4 0.199072
12.8 4.6 0.100183
12.8 4.8 -0.0586687
12.8 5 -0.184128
12.8 5.2 -0.202524
12.8 5.4 -0.102311
12.8 5.6 0.0569466
12.8 5.8 0.183931
12.8 6 0.212844
12.8 6.2 0.141701
12.8 6.4 0.0307324
12.8 6.6 -0.0426279
12.8 6.8 -0.0354244
12.8 7 0.0371486
12.8 7.2 0.108498
12.8 7.4 0.111348
12.8 7.6 0.0256274
12.8 7.8 -0.113026
12.8 8 -0.225976
12.8 8.2 -0.0310759
12.8 8.4 0

13 0 0
13 0.2 0.0360725
13 0.4 0.26159
13 0.6 0.33435
13 0.8 0.447074
13 1 0.518777
13 1.2 0.486477
13 1.4 0.342715
13 1.6 0.141946
13 1.8 -0.0239313
13 2 -0.07102
13 2.2 0.0281418
13 2.4 0.225631
13 2.6 0.416842
13 2.8 0.496538
13 3 0.416731
13 3.2 0.216735
13 3.4 0.00202814
13 3.6 -0.114663
13 3.8 -0.0830932
13 4 0.05956
13 4.2 0.206152
13 4.4 0.248575
13 4.6 0.145605
13 4.8 -0.0514044
13 5 -0.230456
13 5.2 -0.286009
13 5.4 -0.18702
13 5.6 0.00721464
13 5.8 0.185122
13 6 0.253211
13 6.2 0.193188
13 6.4 0.0667833
13 6.6 -0.0305105
13 6.8 -0.034631
13 7 0.0473662
13 7.2 0.143625
13 7.4 0.17324
13 7.6 0.10272
13 7.8 -0.0301631
13 8 -0.139713
13 8.2 -0.019224
13 8.4 0

13.2 0 0
13.2 0.2 0.016188
13.2 0.4 0.117538
13.2 0.6 0.184824
13.2 0.8 0.28784
13.2 1 0.363282
13.2 1.2 0.359324
13.2 1.4 0.259451
13.2 1.6 0.0954675
13.2 1.8 -0.0559601
13.2 2 -0.115703
13.2 2.2 -0.0433261
13.2 2.4 0.13662
13.2 2.6 0.332488
13.2 2.8 0.43897
13.2 3 0.392823
13.2 3.2 0.218355
13.2 3.4 0.0118686
13.2 3.6 -0.109463
13.2 3.8 -0.0812966
13.2 4 0.0665035
13.2 4.2 0.225098
13.2 4.4 0.274575
13.2 4.6 0.162327
13.2 4.8 -0.061032
13.2 5 -0.272968
13.2 5.2 -0.350274
13.2 5.4 -0.250659
13.2 5.6 -0.033725
13.2 5.8 0.172195
13.2 6 0.257179
13.2 6.2 0.193707
13.2 6.4 0.0475096
13.2 6.6 -0.0690439
13.2 6.8 -0.0774971
13.2 7 0.0200405
13.2 7.2 0.144316
13.2 7.4 0.201623
13.2 7.6 0.148943
13.2 7.8 0.0228301
13.2 8 -0.0841042
13.2 8.2 -0.0115915
13.2 8.4 0

13.4 0 0
13.4 0.2 0.00193459
13.4 0.4 0.0143097
13.4 0.6 0.0552419
13.4 0.8 0.121833
13.4 1 0.18388
13.4 1.2 0.208764
13.4 1.4 0.170366
13.4 1.6 0.071625
13.4 1.8 -0.0459163
13.4 2 -0.118226
13.4 2.2 -0.0941765
13.4 2.4 0.027868
13.4 2.6 0.188871
13.4 2.8 0.300195
13.4 3 0.291467
13.4 3.2 0.167506
13.4 3.4 0.00233149
13.4 3.6 -0.0970214
13.4 3.8 -0.0656639
13.4 4 0.0770113
13.4 4.2 0.229422
13.4 4.4 0.276064
13.4 4.6 0.161767
13.4 4.8 -0.0673897
13.4 5 -0.285409
13.4 5.2 -0.367305
13.4 5.4 -0.266913
13.4 5.6 -0.0472225
13.4 5.8 0.157292
13.4 6 0.230827
13.4 6.2 0.146002
13.4 6.4 -0.0237949
13.4 6.6 -0.155913
13.4 6.8 -0.162398
13.4 7 -0.0476508
13.4 7.2 0.102321
13.4 7.4 0.181934
13.4 7.6 0.141517
13.4 7.8 0.0176327
13.4 8 -0.0916282
13.4 8.2 -0.0126693
13.4 8.4 0

13.6 0 0
13.6 0.2 -0.00220134
13.6 0.4 -0.0152908
13.6 0.6 -0.021808
13.6 0.8 -0.017821
13.6 1 0.0117812
13.6 1.2 0.0595165
13.6 1.4 0.0925081
13.6 1.6 0.0772358
13.6 1.8 0.0113482
13.6 2 -0.0684121
13.6 2.2 -0.106052
13.6 2.4 -0.0678228
13.6 2.6 0.0285365
13.6 2.8 0.120957
13.6 3 0.144172
13.6 3.2 0.0780437
13.6 3.4 -0.0309574
13.6 3.6 -0.097759
13.6 3.8 -0.0631021
13.6 4 0.0651781
13.6 4.2 0.202285
13.6 4.4 0.246806
13.6 4.6 0.145089
13.6 4.8 -0.0623534
13.6 5 -0.258615
13.6 5.2 -0.328859
13.6 5.4 -0.230694
13.6 5.6 -0.0284813
13.6 5.8 0.149128
13.6 6 0.189755
13.6 6.2 0.074633
13.6 6.4 -0.115804
13.6 6.6 -0.254421
13.6 6.8 -0.25336
13.6 7 -0.120853
13.6 7.2 0.0482839
13.6 7.4 0.141153
13.6 7.6 0.103069
13.6 7.8 -0.0242101
13.6 8 -0.140588
13.6 8.2 -0.0194274
13.6 8.4 0

13.8 0 0
13.8 0.2 -0.00186728
13.8 0.4 -0.0127865
13.8 0.6 -0.0765521
13.8 0.8 -0.148757
13.8 1 -0.165598
13.8 1.2 -0.103465
13.8 1.4 0.000831757
13.8 1.6 0.0781862
13.8 1.8 0.0784595
13.8 2 0.00334809
13.8 2.2 -0.0893996
13.8 2.4 -0.137117
13.8 2.6 -0.115872
13.8 2.8 -0.0529871
13.8 3 -0.0101106
13.8 3.2 -0.0235658
13.8 3.4 -0.0801789
13.8 3.6 -0.120696
13.8 3.8 -0.0893101
13.8 4 0.0163961
13.8 4.2 0.135946
13.8 4.4 0.184194
13.8 4.6 0.113134
13.8 4.8 -0.0480433
13.8 5 -0.202225
13.8 5.2 -0.25111
13.8 5.4 -0.160137
13.8 5.6 0.0115617
13.8 5.8 0.147556
13.8 6 0.151589
13.8 6.2 0.0135501
13.8 6.4 -0.181493
13.8 6.6 -0.309852
13.8 6.8 -0.292025
13.8 7 -0.14408
13.8 7.2 0.0323925
13.8 7.4 0.12564
13.8 7.6 0.0810165
13.8 7.8 -0.0557776
13.8 8 -0.17946
13.8 8.2 -0.0247424
13.8 8.4 0

14 0 0
14 0.2 -0.00481435
14 0.4 -0.0338515
14 0.6 -0.149594
14 0.8 -0.295063
14 1 -0.359387
14 1.2 -0.289387
14 1.4 -0.123128
14 1.6 0.041309
14 1.8 0.109661
14 2 0.0545474
14 2.2 -0.0724069
14 2.4 -0.185064
14 2.6 -0.22225
14 2.8 -0.185301
14 3 -0.126962
14 3.2 -0.101528
14 3.4 -0.121434
14 3.6 -0.149946
14 3.8 -0.135936
14 4 -0.0606101
14 4.2 0.0394955
14 4.4 0.0981934
14 4.6 0.0678571
14 4.8 -0.035755
14 5 -0.140737
14 5.2 -0.169011
14 5.4 -0.0900613
14 5.6 0.0450097
14 5.8 0.141222
14 6 0.120939
14 6.2 -0.0167066
14 6.4 -0.188531
14 6.6 -0.285766
14 6.8 -0.242584
14 7 -0.0863393
14 7.2 0.0844503
14 7.4 0.160846
14 7.6 0.10001
14 7.8 -0.0475869
14 8 -0.176256
14 8.2 -0.0242423
14 8.4 0

14.2 0 0
14.2 0.2 -0.0113238
14.2 0.4 -0.0816589
14.2 0.6 -0.235186
14.2 0.8 -0.434153
14.2 1 -0.536529
14.2 1.2 -0.466616
14.2 1.4 -0.259085
14.2 1.6 -0.0329813
14.2 1.8 0.0917382
14.2 2 0.0629816
14.2 2.2 -0.0713279
14.2 2.4 -0.213351
14.2 2.6 -0.277568
14.2 2.8 -0.247557
14.2 3 -0.172801
14.2 3.2 -0.120047
14.2 3.4 -0.123426
14.2 3.6 -0.159147
14.2 3.8 -0.175144
14.2 4 -0.136539
14.2 4.2 -0.0573779
14.2 4.4 0.0107955
14.2 4.6 0.0205015
14.2 4.8 -0.0289622
14.2 5 -0.0924125
14.2 5.2 -0.108287
14.2 5.4 -0.0485942
14.2 5.6 0.0496414
14.2 5.8 0.116565
14.2 6 0.0934195
14.2 6.2 -0.0152116
14.2 6.4 -0.138454
14.2 6.6 -0.188752
14.2 6.8 -0.119707
14.2 7 0.0355754
14.2 7.2 0.181921
14.2 7.4 0.228113
14.2 7.6 0.143842
14.2 7.8 -0.01551
14.2 8 -0.145369
14.2 8.2 -0.0199874
14.2 8.4 0

14.4 0 0
14.4 0.2 -0.0134649
14.4 0.4 -0.0977132
14.4 0.6 -0.269215
14.4 0.8 -0.495321
14.4 1 -0.620394
14.4 1.2 -0.559544
14.4 1.4 -0.343292
14.4 1.6 -0.094893
14.4 1.8 0.0537284
14.4 2 0.044614
14.4 2.2 -0.0800842
14.4 2.4 -0.215638
14.4 2.6 -0.272111
14.4 2.8 -0.226581
14.4 3 -0.132072
14.4 3.2 -0.063946
14.4 3.4 -0.0672839
14.4 3.6 -0.123952
14.4 3.8 -0.177268
14.4 4 -0.178365
14.4 4.2 -0.123073
14.4 4.4 -0.0508451
14.4 4.6 -0.01146
14.4 4.8 -0.0235665
14.4 5 -0.06168
14.4 5.2 -0.0797139
14.4 5.4 -0.0475817
14.4 5.6 0.0169886
14.4 5.8 0.0661884
14.4 6 0.0590212
14.4 6.2 -0.00190714
14.4 6.4 -0.0640013
14.4 6.6 -0.0657835
14.4 6.8 0.020903
14.4 7 0.157693
14.4 7.2 0.264654
14.4 7.4 0.269872
14.4 7.6 0.159281
14.4 7.8 -0.0064221
14.4 8 -0.133138
14.4 8.2 -0.0183389
14.4 8.4 0

14.6 0 0
14.6 0.2 -0.0022401
14.6 0.4 -0.0165308
14.6 0.6 -0.187591
14.6 0.8 -0.411027
14.6 1 -0.54143
14.6 1.2 -0.497548
14.6 1.4 -0.308484
14.6 1.6 -0.0878847
14.6 1.8 0.0429899
14.6 2 0.032309
14.6 2.2 -0.0764547
14.6 2.4 -0.184519
14.6 2.6 -0.20838
14.6 2.8 -0.133665
14.6 3 -0.0178993
14.6 3.2 0.0562276
14.6 3.4 0.042332
14.6 3.6 -0.0407032
14.6 3.8 -0.131364
14.6 4 -0.167725
14.6 4.2 -0.134548
14.6 4.4 -0.064273
14.6 4.6 -0.0107016
14.6 4.8 -0.0048943
14.6 5 -0.0364009
14.6 5.2 -0.0681918
14.6 5.4 -0.0671271
14.6 5.6 -0.0338506
14.6 5.8 0.00386856
14.6 6 0.0157243
14.6 6.2 0.000252815
14.6 6.4 -0.00900276
14.6 6.6 0.0240077
14.6 6.8 0.110395
14.6 7 0.214077
14.6 7.2 0.272372
14.6 7.4 0.235487
14.6 7.6 0.10715
14.6 7.8 -0.0550838
14.6 8 -0.171464
14.6 8.2 -0.0236442
14.6 8.4 0

14.8 0 0
14.8 0.2 0.0219213
14.8 0.4 0.158801
14.8 0.6 0.00476587
14.8 0.8 -0.188961
14.8 1 -0.305141
14.8 1.2 -0.281236
14.8 1.4 -0.146401
14.8 1.6 0.00605836
14.8 1.8 0.0810298
14.8 2 0.0460502
14.8 2.2 -0.0518147
14.8 2.4 -0.125179
14.8 2.6 -0.108217
14.8 2.8 -0.00389931
14.8 3 0.124758
14.8 3.2 0.195887
14.8 3.4 0.168004
14.8 3.6 0.0631857
14.8 3.8 -0.0519323
14.8 4 -0.111167
14.8 4.2 -0.0939437
14.8 4.4 -0.0313894
14.8 4.6 0.0242564
14.8 4.8 0.0336322
14.8 5 -0.000551505
14.8 5.2 -0.048096
14.8 5.4 -0.0750313
14.8 5.6 -0.0691503
14.8 5.8 -0.0466018
14.8 6 -0.0262172
14.8 6.2 -0.0155803
14.8 6.4 0.00136583
14.8 6.6 0.0433442
14.8 6.8 0.110662
14.8 7 0.173774
14.8 7.2 0.187432
14.8 7.4 0.123397
14.8 7.6 -0.00560533
14.8 7.8 -0.14487
14.8 8 -0.238184
14.8 8.2 -0.0329239
14.8 8.4 0

15 0 0
15 0.2 0.0454769
15 0.4 0.329714
15 0.6 0.21037
15 0.8 0.0720907
15 1 -0.00998724
15 1.2 -0.00122895
15 1.4 0.0707493
15 1.6 0.137328
15 1.8 0.139354
15 2 0.0705123
15 2.2 -0.021586
15 2.4 -0.0626819
15 2.6 -0.0128891
15 2.8 0.109962
15 3 0.237727
15 3.2 0.298112
15 3.4 0.257895
15 3.6 0.145149
15 3.8 0.0264668
15 4 -0.0378268
15 4.2 -0.028431
15 4.4 0.0266165
15 4.6 0.0778216
15 4.8 0.0869864
15 5 0.0514726
15 5.2 -0.00329667
15 5.4 -0.0458847
15 5.6 -0.0622143
15 5.8 -0.0574482
15 6 -0.0484154
15 6.2 -0.0409625
15 6.4 -0.0286751
15 6.6 -0.00294623
15 6.8 0.036018
15 7 0.0644424
15 7.2 0.0532866
15 7.4 -0.0129048
15 7.6 -0.117032
15 7.8 -0.212176
15 8 -0.0622701
15 8.2 0
15 8.4 0

15.2 0 0
15.2 0.2 0.0501745
15.2 0.4 0.363708
15.2 0.6 0.296025
15.2 0.8 0.230451
15.2 1 0.197588
15.2 1.2 0.203939
15.2 1.4 0.223371
15.2 1.6 0.215541
15.2 1.8 0.157609
15.2 2 0.0649061
15.2 2.2 -0.0141362
15.2 2.4 -0.0279724
15.2 2.6 0.0404935
15.2 2.8 0.161627
15.2 3 0.271066
15.2 3.2 0.31423
15.2 3.4 0.269896
15.2 3.6 0.17045
15.2 3.8 0.0707212
15.2 4 0.0197204
15.2 4.2 0.0303613
15.2 4.4 0.0762509
15.2 4.6 0.119675
15.2 4.8 0.129385
15.2 5 0.103354
15.2 5.2 0.0600279
15.2 5.4 0.0206023
15.2 5.6 -0.00477823
15.2 5.8 -0.0213517
15.2 6 -0.0386356
15.2 6.2 -0.0583047
15.2 6.4 -0.0730984
15.2 6.6 -0.073799
15.2 6.8 -0.0599388
15.2 7 -0.0485183
15.2 7.2 -0.0563193
15.2 7.4 -0.0953216
15.2 7.6 -0.154296
15.2 7.8 -0.208926
15.2 8 -0.028874
15.2 8.2 0
15.2 8.4 0

15.4 0 0
15.4 0.2 0.027358
15.4 0.4 0.198002
15.4 0.6 0.190617
15.4 0.8 0.199221
15.4 1 0.217864
15.4 1.2 0.233169
15.4 1.4 0.223491
15.4 1.6 0.17402
15.4 1.8 0.0915385
15.4 2 0.00445696
15.4 2.2 -0.0471547
15.4 2.4 -0.035568
15.4 2.6 0.0351594
15.4 2.8 0.134403
15.4 3 0.211864
15.4 3.2 0.235087
15.4 3.4 0.199536
15.4 3.6 0.132142
15.4 3.8 0.0711039
15.4 4 0.0446654
15.4 4.2 0.0563156
15.4 4.4 0.0888918
15.4 4.6 0.118223
15.4 4.8 0.130263
15.4 5 0.12563
15.4 5.2 0.113112
15.4 5.4 0.0972078
15.4 5.6 0.0763276
15.4 5.8 0.0438526
15.4 6 -0.00410576
15.4 6.2 -0.0573178
15.4 6.4 -0.101816
15.4 6.6 -0.12297
15.4 6.8 -0.119456
15.4 7 -0.101987
15.4 7.2 -0.0846674
15.4 7.4 -0.0766071
15.4 7.6 -0.0766107
15.4 7.8 -0.0809282
15.4 8 -0.0112352
15.4 8.2 0
15.4 8.4 0

15.6 0 0
15.6 0.2 -0.0126713
15.6 0.4 -0.0928738
15.6 0.6 -0.0490218
15.6 0.8 0.0129099
15.6 1 0.0666583
15.6 1.2 0.089818
15.6 1.4 0.0712582
15.6 1.6 0.0178468
15.6 1.8 -0.0466887
15.6 2 -0.0944298
15.6 2.2 -0.102324
15.6 2.4 -0.0687118
15.6 2.6 -0.00911018
15.6 2.8 0.0504558
15.6 3 0.0864638
15.6 3.2 0.0936959
15.6 3.4 0.0783571
15.6 3.6 0.058541
15.6 3.8 0.0464
15.6 4 0.044024
15.6 4.2 0.0494357
15.6 4.4 0.0543011
15.6 4.6 0.059714
15.6 4.8 0.0701082
15.6 5 0.092276
15.6 5.2 0.121596
15.6 5.4 0.14331
15.6 5.6 0.138849
15.6 5.8 0.0997338
15.6 6 0.031729
15.6 6.2 -0.0427051
15.6 6.4 -0.101472
15.6 6.6 -0.124028
15.6 6.8 -0.113063
15.6 7 -0.076803
15.6 7.2 -0.0291886
15.6 7.4 0.0212587
15.6 7.6 0.0730451
15.6 7.8 0.121578
15.6 8 0.0167446
15.6 8.2 0
15.6 8.4 0

15.8 0 0
15.8 0.2 -0.0453465
15.8 0.4 -0.330071
15.8 0.6 -0.264142
15.8 0.8 -0.189421
15.8 1 -0.135027
15.8 1.2 -0.118345
15.8 1.4 -0.137636
15.8 1.6 -0.169408
15.8 1.8 -0.185904
15.8 2 -0.172593
15.8 2.2 -0.13203
15.8 2.4 -0.0841545
15.8 2.6 -0.0516255
15.8 2.8 -0.0426641
15.8 3 -0.0505788
15.8 3.2 -0.054138
15.8 3.4 -0.0383577
15.8 3.6 -0.00351606
15.8 3.8 0.031784
15.8 4 0.0461144
15.8 4.2 0.0280328
15.8 4.4 -0.0108011
15.8 4.6 -0.0433962
15.8 4.8 -0.0421488
15.8 5 0.00252343
15.8 5.2 0.0720949
15.8 5.4 0.131696
15.8 5.6 0.147635
15.8 5.8 0.111876
15.8 6 0.0396789
15.8 6.2 -0.0337958
15.8 6.4 -0.0778905
15.8 6.6 -0.0796818
15.8 6.8 -0.0461723
15.8 7 0.00495524
15.8 7.2 0.0595828
15.8 7.4 0.118146
15.8 7.6 0.187303
15.8 7.8 0.282674
15.8 8 0.0389618
15.8 8.2 0
15.8 8.4 0

16 0 0
16 0.2 -0.0484144
16 0.4 -0.352191
16 0.6 -0.30387
16 0.8 -0.261574
16 1 -0.244888
16 1.2 -0.256155
16 1.4 -0.279086
16 1.6 -0.281848
16 1.8 -0.243765
16 2 -0.171357
16 2.2 -0.0928467
16 2.4 -0.0483568
16 2.6 -0.0555984
16 2.8 -0.102532
16 3 -0.150182
16 3.2 -0.155186
16 3.4 -0.104154
16 3.6 -0.0176116
16 3.8 0.0550288
16 4 0.0699466
16 4.2 0.0158437
16 4.4 -0.0775977
16 4.6 -0.154452
16 4.8 -0.168965
16 5 -0.111469
16 5.2 -0.0152365
16 5.4 0.0681498
16 5.6 0.0962682
16 5.8 0.0642144
16 6 0.00280614
16 6.2 -0.0448744
16 6.4 -0.0493786
16 6.6 -0.0100511
16 6.8 0.0477537
16 7 0.0966744
16 7.2 0.124061
16 7.4 0.139142
16 7.6 0.156871
16 7.8 0.0605767
16 8 0
16 8.2 0
16 8.4 0

16.2 0 0
16.2 0.2 -0.0192894
16.2 0.4 -0.139933
16.2 0.6 -0.13775
16.2 0.8 -0.156312
16.2 1 -0.198936
16.2 1.2 -0.251428
16.2 1.4 -0.283627
16.2 1.6 -0.26354
16.2 1.8 -0.184621
16.2 2 -0.073679
16.2 2.2 0.0166995
16.2 2.4 0.0392655
16.2 2.6 -0.0181523
16.2 2.8 -0.117703
16.2 3 -0.194677
16.2 3.2 -0.193327
16.2 3.4 -0.105268
16.2 3.6 0.0243425
16.2 3.8 0.118942
16.2 4 0.122127
16.2 4.2 0.026849
16.2 4.4 -0.11631
16.2 4.6 -0.230621
16.2 4.8 -0.259815
16.2 5 -0.197178
16.2 5.2 -0.0922396
16.2 5.4 -0.00854331
16.2 5.6 0.0123192
16.2 5.8 -0.0227829
16.2 6 -0.0699323
16.2 6.2 -0.0775177
16.2 6.4 -0.0258662
16.2 6.6 0.0618427
16.2 6.8 0.140037
16.2 7 0.169303
16.2 7.2 0.14122
16.2 7.4 0.0845236
16.2 7.6 0.0408104
16.2 7.8 0.00563115
16.2 8 0
16.2 8.2 0
16.2 8.4 0

16.4 0 0
16.4 0.2 0.0215847
16.4 0.4 0.157435
16.4 0.6 0.111335
16.4 0.8 0.0372566
16.4 1 -0.0547852
16.4 1.2 -0.13847
16.4 1.4 -0.177405
16.4 1.6 -0.144623
16.4 1.8 -0.0477959
16.4 2 0.0706834
16.4 2.2 0.145399
16.4 2.4 0.129806
16.4 2.6 0.0259075
16.4 2.8 -0.110324
16.4 3 -0.199064
16.4 3.2 -0.181818
16.4 3.4 -0.0623064
16.4 3.6 0.0943225
16.4 3.8 0.195678
16.4 4 0.180722
16.4 4.2 0.0540277
16.4 4.4 -0.11805
16.4 4.6 -0.244578
16.4 4.8 -0.271065
16.4 5 -0.20513
16.4 5.2 -0.106693
16.4 5.4 -0.0469529
16.4 5.6 -0.057483
16.4 5.8 -0.111974
16.4 6 -0.149327
16.4 6.2 -0.1175
16.4 6.4 -0.0106106
16.4 6.6 0.123157
16.4 6.8 0.213758
16.4 7 0.213065
16.4 7.2 0.123964
16.4 7.4 -0.00600823
16.4 7.6 -0.11294
16.4 7.8 -0.0156136
16.4 8 0
16.4 8.2 0
16.4 8.4 0

16.6 0 0
16.6 0.2 0.0438804
16.6 0.4 0.319442
16.6 0.6 0.253379
16.6 0.8 0.161307
16.6 1 0.0588026
16.6 1.2 -0.0254545
16.6 1.4 -0.057712
16.6 1.6 -0.0193035
16.6 1.8 0.0754114
16.6 2 0.176241
16.6 2.2 0.217749
16.6 2.4 0.164917
16.6 2.6 0.0310823
16.6 2.8 -0.11559
16.6 3 -0.193064
16.6 3.2 -0.151586
16.6 3.4 -0.00874348
16.6 3.6 0.154399
16.6 3.8 0.246477
16.6 4 0.212523
16.6 4.2 0.0733032
16.6 4.4 -0.0929275
16.6 4.6 -0.196811
16.6 4.8 -0.195965
16.6 5 -0.117351
16.6 5.2 -0.0347647
16.6 5.4 -0.0170446
16.6 5.6 -0.0768132
16.6 5.8 -0.166093
16.6 6 -0.207229
16.6 6.2 -0.145643
16.6 6.4 0.0022862
16.6 6.6 0.167638
16.6 6.8 0.259845
16.6 7 0.230772
16.6 7.2 0.0981119
16.6 7.4 -0.0715994
16.6 7.6 -0.228327
16.6 7.8 -0.0315119
16.6 8 0
16.6 8.2 0
16.6 8.4 0

16.8 0 0
16.8 0.2 0.0294967
16.8 0.4 0.215197
16.8 0.6 0.172446
16.8 0.8 0.112266
16.8 1 0.0466299
16.8 1.2 -0.00280926
16.8 1.4 -0.0107784
16.8 1.6 0.0319642
16.8 1.8 0.110533
16.8 2 0.178289
16.8 2.2 0.184643
16.8 2.4 0.109113
16.8 2.6 -0.024752
16.8 2.8 -0.148402
16.8 3 -0.191813
16.8 3.2 -0.121832
16.8 3.4 0.0283719
16.8 3.6 0.177775
16.8 3.8 0.243939
16.8 4 0.192871
16.8 4.2 0.0617959
16.8 4.4 -0.06661
16.8 4.6 -0.113732
16.8 4.8 -0.0618656
16.8 5 0.0389151
16.8 5.2 0.105118
16.8 5.4 0.0754893
16.8 5.6 -0.0403549
16.8 5.8 -0.171197
16.8 6 -0.224195
16.8 6.2 -0.151425
16.8 6.4 0.0168281
16.8 6.6 0.190008
16.8 6.8 0.270455
16.8 7 0.218371
16.8 7.2 0.0755088
16.8 7.4 -0.0578688
16.8 7.6 -0.0395237
16.8 7.8 0
16.8 8 0
16.8 8.2 0
16.8 8.4 0

17 0 0
17 0.2 -0.012388
17 0.4 -0.0896124
17 0.6 -0.0797497
17 0.8 -0.0745248
17 1 -0.0735603
17 1.2 -0.0687241
17 1.4 -0.0474253
17 1.6 -0.00434184
17 1.8 0.0476546
17 2 0.0789884
17 2.2 0.0600143
17 2.4 -0.0139776
17 2.6 -0.114622
17 2.8 -0.186261
17 3 -0.179224
17 3.2 -0.085563
17 3.4 0.0540582
17 3.6 0.164877
17 3.8 0.19107
17 4 0.121008
17 4.2 0.011192
17 4.4 -0.0582131
17 4.6 -0.0333199
17 4.8 0.0785237
17 5 0.204502
17 5.2 0.255469
17 5.4 0.184984
17 5.6 0.0223043
17 5.8 -0.140389
17 6 -0.205353
17 6.2 -0.132245
17 6.4 0.0313859
17 6.6 0.186516
17 6.8 0.235632
17 7 0.155168
17 7.2 0.00681554
17 7.4 -0.107346
17 7.6 -0.0148459
17 7.8 0
17 8 0
17 8.2 0
17 8.4 0

17.2 0 0
17.2 0.2 -0.050675
17.2 0.4 -0.368289
17.2 0.6 -0.308866
17.2 0.8 -0.241526
17.2 1 -0.179311
17.2 1.2 -0.129937
17.2 1.4 -0.0916405
17.2 1.6 -0.0632469
17.2 1.8 -0.0459532
17.2 2 -0.0499824
17.2 2.2 -0.0815906
17.2 2.4 -0.132384
17.2 2.6 -0.177975
17.2 2.8 -0.182029
17.2 3 -0.125346
17.2 3.2 -0.0202433
17.2 3.4 0.0871424
17.2 3.6 0.141497
17.2 3.8 0.114062
17.2 4 0.023944
17.2 4.2 -0.0625508
17.2 4.4 -0.0751307
17.2 4.6 0.0159568
17.2 4.8 0.174711
17.2 5 0.316158
17.2 5.2 0.352058
17.2 5.4 0.254134
17.2 5.6 0.0687526
17.2 5.8 -0.101976
17.2 6 -0.166164
17.2 6.2 -0.098401
17.2 6.4 0.0455598
17.2 6.6 0.158206
17.2 6.8 0.159626
17.2 7 0.0429273
17.2 7.2 -0.109584
17.2 7.4 -0.183035
17.2 7.6 -0.0252511
17.2 7.8 0
17.2 8 0
17.2 8.2 0
17.2 8.4 0

17.4 0 0
17.4 0.2 -0.0539374
17.4 0.4 -0.39245
17.4 0.6 -0.316837
17.4 0.8 -0.224653
17.4 1 -0.14023
17.4 1.2 -0.0818822
17.4 1.4 -0.0556763
17.4 1.6 -0.0587573
17.4 1.8 -0.0836652
17.4 2 -0.11993
17.4 2.2 -0.155491
17.4 2.4 -0.174596
17.4 2.6 -0.160674
17.4 2.8 -0.102787
17.4 3 -0.0109863
17.4 3.2 0.0851892
17.4 3.4 0.143206
17.4 3.6 0.129511
17.4 3.8 0.0474381
17.4 4 -0.0622947
17.4 4.2 -0.130403
17.4 4.4 -0.102304
17.4 4.6 0.0260948
17.4 4.8 0.20285
17.4 5 0.335873
17.4 5.2 0.3535
17.4 5.4 0.244183
17.4 5.6 0.0670501
17.4 5.8 -0.0802951
17.4 6 -0.123533
17.4 6.2 -0.0539129
17.4 6.4 0.0606166
17.4 6.6 0.121466
17.4 6.8 0.0636216
17.4 7 -0.0985074
17.4 7.2 -0.263156
17.4 7.4 -0.0615193
17.4 7.6 0
17.4 7.8 0
17.4 8 0
17.4 8.2 0
17.4 8.4 0

17.6 0 0
17.6 0.2 -0.0140729
17.6 0.4 -0.102581
17.6 0.6 -0.0537483
17.6 0.8 0.013991
17.6 1 0.0737242
17.6 1.2 0.103591
17.6 1.4 0.0928619
17.6 1.6 0.0452454
17.6 1.8 -0.0224005
17.6 2 -0.0869855
17.6 2.2 -0.123199
17.6 2.4 -0.114762
17.6 2.6 -0.0561958
17.6 2.8 0.0396036
17.6 3 0.140827
17.6 3.2 0.20828
17.6 3.4 0.208476
17.6 3.6 0.131733
17.6 3.8 0.00617297
17.6 4 -0.112623
17.6 4.2 -0.164879
17.6 4.4 -0.116423
17.6 4.6 0.0165867
17.6 4.8 0.170716
17.6 5 0.269711
17.6 5.2 0.262568
17.6 5.4 0.15714
17.6 5.6 0.0149489
17.6 5.8 -0.0808807
17.6 6 -0.0827441
17.6 6.2 -0.00337045
17.6 6.4 0.0849181
17.6 6.6 0.0953513
17.6 6.8 -0.0175836
17.6 7 -0.226353
17.6 7.2 -0.436232
17.6 7.4 -0.0601053
17.6 7.6 0
17.6 7.8 0
17.6 8 0
17.6 8.2 0
17.6 8.4 0

17.8 0 0
17.8 0.2 0.0460364
17.8 0.4 0.334633
17.8 0.6 0.330989
17.8 0.8 0.343654
17.8 1 0.351511
17.8 1.2 0.335161
17.8 1.4 0.282904
17.8 1.6 0.198572
17.8 1.8 0.101913
17.8 2 0.0205485
17.8 2.2 -0.0159038
17.8 2.4 0.00710743
17.8 2.6 0.0846288
17.8 2.8 0.18599
17.8 3 0.269826
17.8 3.2 0.294206
17.8 3.4 0.242004
17.8 3.6 0.124164
17.8 3.8 -0.0158473
17.8 4 -0.122863
17.8 4.2 -0.153247
17.8 4.4 -0.0987049
17.8 4.6 0.0100594
17.8 4.8 0.113879
17.8 5 0.157634
17.8 5.2 0.121435
17.8 5.4 0.0305109
17.8 5.6 -0.0591115
17.8 5.8 -0.089428
17.8 6 -0.0420759
17.8 6.2 0.049422
17.8 6.4 0.116816
17.8 6.6 0.0938021
17.8 6.8 -0.0418618
17.8 7 -0.265729
17.8 7.2 -0.556295
17.8 7.4 -0.0766691
17.8 7.6 0
17.8 7.8 0
17.8 8 0
17.8 8.2 0
17.8 8.4 0

18 0 0
18 0.2 0.0870316
18 0.4 0.632306
18 0.6 0.582615
18 0.8 0.545184
18 1 0.50909
18 1.2 0.4615
18 1.4 0.391035
18 1.6 0.299311
18 1.8 0.200476
18 2 0.120635
18 2.2 0.0866698
18 2.4 0.110458
18 2.6 0.181571
18 2.8 0.262798
18 3 0.309833
18 3.2 0.290994
18 3.4 0.202904
18 3.6 0.0758759
18 3.8 -0.0441363
18 4 -0.110575
18 4.2 -0.106104
18 4.4 -0.0465143
18 4.6 0.0270403
18 4.8 0.0683461
18 5 0.0526305
18 5.2 -0.0111604
18 5.4 -0.0835499
18 5.6 -0.117337
18 5.8 -0.0870678
18 6 -0.00216539
18 6.2 0.0933123
18 6.4 0.141756
18 6.6 0.107341
18 6.8 -0.002085
18 7 -0.125108
18 7.2 -0.0938414
18 7.4 0
18 7.6 0
18 7.8 0
18 8 0
18 8.2 0
18 8.4 0

18.2 0 0
18.2 0.2 0.0800787
18.2 0.4 0.582035
18.2 0.6 0.520805
18.2 0.8 0.465286
18.2 1 0.418799
18.2 1.2 0.377422
18.2 1.4 0.33013
18.2 1.6 0.270137
18.2 1.8 0.201698
18.2 2 0.142182
18.2 2.2 0.115157
18.2 2.4 0.131791
18.2 2.6 0.180744
18.2 2.8 0.226927
18.2 3 0.234907
18.2 3.2 0.182262
18.2 3.4 0.082324
18.2 3.6 -0.0249576
18.2 3.8 -0.0943812
18.2 4 -0.0981165
18.2 4.2 -0.0466022
18.2 4.4 0.0240813
18.2 4.6 0.066458
18.2 4.8 0.0519045
18.2 5 -0.0125842
18.2 5.2 -0.092502
18.2 5.4 -0.142744
18.2 5.6 -0.131761
18.2 5.8 -0.0628459
18.2 6 0.0329152
18.2 6.2 0.109272
18.2 6.4 0.129912
18.2 6.6 0.089036
18.2 6.8 0.0106547
18.2 7 -0.0630087
18.2 7.2 -0.00862932
18.2 7.4 0
18.2 7.6 0
18.2 7.8 0
18.2 8 0
18.2 8.2 0
18.2 8.4 0

18.4 0 0
18.4 0.2 0.0283318
18.4 0.4 0.206128
18.4 0.6 0.167882
18.4 0.8 0.129231
18.4 1 0.10871
18.4 1.2 0.108905
18.4 1.4 0.11987
18.4 1.6 0.121077
18.4 1.8 0.103848
18.4 2 0.076325
18.4 2.2 0.0592773
18.4 2.4 0.0645296
18.4 2.6 0.088516
18.4 2.8 0.101923
18.4 3 0.0781866
18.4 3.2 0.00847873
18.4 3.4 -0.0838257
18.4 3.6 -0.153165
18.4 3.8 -0.161497
18.4 4 -0.0991994
18.4 4.2 0.00130788
18.4 4.4 0.0856399
18.4 4.6 0.108806
18.4 4.8 0.0594058
18.4 5 -0.0311266
18.4 5.2 -0.110675
18.4 5.4 -0.135539
18.4 5.6 -0.0957495
18.4 5.8 -0.0168576
18.4 6 0.0553293
18.4 6.2 0.0846072
18.4 6.4 0.0654735
18.4 6.6 0.0185628
18.4 6.8 -0.021097
18.4 7 -0.0116422
18.4 7.2 0
18.4 7.4 0
18.4 7.6 0
18.4 7.8 0
18.4 8 0
18.4 8.2 0
18.4 8.4 0

18.6 0 0
18.6 0.2 -0.0349149
18.6 0.4 -0.253825
18.6 0.6 -0.257731
18.6 0.8 -0.265195
18.6 1 -0.246873
18.6 1.2 -0.191906
18.6 1.4 -0.115522
18.6 1.6 -0.0494228
18.6 1.8 -0.0160038
18.6 2 -0.0151158
18.6 2.2 -0.0279959
18.6 2.4 -0.0333344
18.6 2.6 -0.0305931
18.6 2.8 -0.0363161
18.6 3 -0.0756115
18.6 3.2 -0.147022
18.6 3.4 -0.224949
18.6 3.6 -0.259726
18.6 3.8 -0.220721
18.6 4 -0.110962
18.6 4.2 0.0216886
18.6 4.4 0.115139
18.6 4.6 0.128519
18.6 4.8 0.0662645
18.6 5 -0.0233962
18.6 5.2 -0.0834553
18.6 5.4 -0.0791131
18.6 5.6 -0.0224543
18.6 5.8 0.0404226
18.6 6 0.0624371
18.6 6.2 0.0266332
18.6 6.4 -0.0428609
18.6 6.6 -0.0955886
18.6 6.8 -0.0953231
18.6 7 -0.0132542
18.6 7.2 0
18.6 7.4 0
18.6 7.6 0
18.6 7.8 0
18.6 8 0
18.6 8.2 0
18.6 8.4 0

18.8 0 0
18.8 0.2 -0.0691623
18.8 0.4 -0.502404
18.8 0.6 -0.490207
18.8 0.8 -0.484628
18.8 1 -0.443274
18.8 1.2 -0.351084
18.8 1.4 -0.229894
18.8 1.6 -0.121743
18.8 1.8 -0.0602183
18.8 2 -0.0503784
18.8 2.2 -0.0691723
18.8 2.4 -0.0880785
18.8 2.6 -0.096718
18.8 2.8 -0.109603
18.8 3 -0.147478
18.8 3.2 -0.213871
18.8 3.4 -0.280418
18.8 3.6 -0.299551
18.8 3.8 -0.243665
18.8 4 -0.121752
18.8 4.2 0.0143979
18.8 4.4 0.102219
18.8 4.6 0.108489
18.8 4.8 0.0493443
18.8 5 -0.0180304
18.8 5.2 -0.040758
18.8 5.4 -0.000423642
18.8 5.6 0.0672292
18.8 5.8 0.103546
18.8 6 0.0655911
18.8 6.2 -0.0417196
18.8 6.4 -0.160159
18.8 6.6 -0.216012
18.8 6.8 -0.0430163
18.8 7 0
18.8 7.2 0
18.8 7.4 0
18.8 7.6 0
18.8 7.8 0
18.8 8 0
18.8 8.2 0
18.8 8.4 0

19 0 0
19 0.2 -0.0548216
19 0.4 -0.39823
19 0.6 -0.404821
19 0.8 -0.416334
19 1 -0.384995
19 1.2 -0.289499
19 1.4 -0.157717
19 1.6 -0.0405701
19 1.8 0.0178703
19 2 0.0139492
19 2.2 -0.0244642
19 2.4 -0.0588159
19 2.6 -0.0724788
19 2.8 -0.0810346
19 3 -0.109243
19 3.2 -0.168309
19 3.4 -0.234189
19 3.6 -0.263059
19 3.8 -0.222765
19 4 -0.122461
19 4.2 -0.0111514
19 4.4 0.0558169
19 4.6 0.051489
19 4.8 0.00351945
19 5 -0.0312613
19 5.2 -0.00748626
19 5.4 0.0735022
19 5.6 0.15604
19 5.8 0.170879
19 6 0.0825662
19 6.2 -0.0824111
19 6.4 -0.246762
19 6.6 -0.0636849
19 6.8 0
19 7 0
19 7.2 0
19 7.4 0
19 7.6 0
19 7.8 0
19 8 0
19 8.2 0
19 8.4 0

19.2 0 0
19.2 0.2 -0.00713725
19.2 0.4 -0.0513873
19.2 0.6 -0.100691
19.2 0.8 -0.154604
19.2 1 -0.154467
19.2 1.2 -0.0798876
19.2 1.4 0.0390131
19.2 1.6 0.141038
19.2 1.8 0.178211
19.2 2 0.145601
19.2 2.2 0.0803142
19.2 2.4 0.0293572
19.2 2.6 0.0132456
19.2 2.8 0.0149082
19.2 3 -0.00260945
19.2 3.2 -0.0578206
19.2 3.4 -0.133548
19.2 3.6 -0.185379
19.2 3.8 -0.178854
19.2 4 -0.115788
19.2 4.2 -0.0410309
19.2 4.4 -0.00334886
19.2 4.6 -0.0192716
19.2 4.8 -0.057296
19.2 5 -0.0593318
19.2 5.2 0.0106645
19.2 5.4 0.132289
19.2 5.6 0.235034
19.2 5.8 0.244211
19.2 6 0.134013
19.2 6.2 -0.0594889
19.2 6.4 -0.298432
19.2 6.6 -0.0409936
19.2 6.8 0
19.2 7 0
19.2 7.2 0
19.2 7.4 0
19.2 7.6 0
19.2 7.8 0
19.2 8 0
19.2 8.2 0
19.2 8.4 0

19.4 0 0
19.4 0.2 0.035386
19.4 0.4 0.257798
19.4 0.6 0.170111
19.4 0.8 0.0789339
19.4 1 0.0494651
19.4 1.2 0.105408
19.4 1.4 0.211904
19.4 1.6 0.300616
19.4 1.8 0.318615
19.4 2 0.262098
19.4 2.2 0.174507
19.4 2.4 0.110054
19.4 2.6 0.0924317
19.4 2.8 0.100733
19.4 3 0.0904159
19.4 3.2 0.0340079
19.4 3.4 -0.0540808
19.4 3.6 -0.128311
19.4 3.8 -0.148053
19.4 4 -0.113151
19.4 4.2 -0.0631606
19.4 4.4 -0.044923
19.4 4.6 -0.0707138
19.4 4.8 -0.104283
19.4 5 -0.0854812
19.4 5.2 0.017223
19.4 5.4 0.171731
19.4 5.6 0.296253
19.4 5.8 0.312931
19.4 6 0.212418
19.4 6.2 0.0829578
19.4 6.4 -0.0297126
19.4 6.6 0
19.4 6.8 0
19.4 7 0
19.4 7.2 0
19.4 7.4 0
19.4 7.6 0
19.4 7.8 0
19.4 8 0
19.4 8.2 0
19.4 8.4 0

19.6 0 0
19.6 0.2 0
19.6 0.4 0.035386
19.6 0.6 0.0233463
19.6 0.8 0.0108507
19.6 1 0.00676606
19.6 1.2 0.0144791
19.6 1.4 0.0290663
19.6 1.6 0.041261
19.6 1.8 0.0437395
19.6 2 0.0360116
19.6 2.2 0.0240126
19.6 2.4 0.0151696
19.6 2.6 0.0127153
19.6 2.8 0.0138112
19.6 3 0.0124282
19.6 3.2 0.00468097
19.6 3.4 -0.00738588
19.6 3.6 -0.0176376
19.6 3.8 -0.0202909
19.6 4 -0.0155962
19.6 4.2 -0.00874895
19.6 4.4 -0.00625244
19.6 4.6 -0.00977943
19.6 4.8 -0.0143591
19.6 5 -0.0117364
19.6 5.2 0.00241495
19.6 5.4 0.0236347
19.6 5.6 0.0407275
19.6 5.8 0.0429629
19.6 6 0.0290425
19.6 6.2 0.011281
19.6 6.4 0
19.6 6.6 0
19.6 6.8 0
19.6 7 0
19.6 7.2 0
19.6 7.4 0
19.6 7.6 0
19.6 7.8 0
19.6 8 0
19.6 8.2 0
19.6 8.4 0

19.8 0 0
19.8 0.2 0
19.8 0.4 0
19.8 0.6 0
19.8 0.8 0
19.8 1 0
19.8 1.2 0
19.8 1.4 0
19.8 1.6 0
19.8 1.8 0
19.8 2 0
19.8 2.2 0
19.8 2.4 0
19.8 2.6 0
19.8 2.8 0
19.8 3 0
19.8 3.2 0
19.8 3.4 0
19.8 3.6 0
19.8 3.8 0
19.8 4 0
19.8 4.2 0
19.8 4.4 0
19.8 4.6 0
19.8 4.8 0
19.8 5 0
19.8 5.2 0
19.8 5.4 0
19.8 5.6 0
19.8 5.8 0
19.8 6 0
19.8 6.2 0
19.8 6.4 0
19.8 6.6 0
19.8 6.8 0
19.8 7 0
19.8 7.2 0
19.8 7.4 0
19.8 7.6 0
19.8 7.8 0
19.8 8 0
19.8 8.2 0
19.8 8.4 0

