0 0 0
0 1 0
0 2 0
0 3 0
0 4 0
0 5 0
0 6 0
0 7 0
0 8 0
0 9 0
0 10 0
0 11 0
0 12 0
0 13 0
0 14 0
0 15 0
0 16 0
0 17 0
0 18 0
0 19 0
0 20 0
0 21 0
0 22 0
0 23 0
0 24 0
0 25 0
0 26 0
0 27 0
0 28 0
0 29 0
0 30 0
0 31 0
0 32 0
0 33 0
0 34 0
0 35 0
0 36 0
0 37 0
0 38 0
0 39 0

1 0 0
1 1 0
1 2 -0.0278257
1 3 -0.0280865
1 4 -0.028656
1 5 -0.0293945
1 6 -0.0303553
1 7 -0.0315377
1 8 -0.0328562
1 9 -0.034311
1 10 -0.0357373
1 11 -0.0373253
1 12 -0.038884
1 13 -0.0404325
1 14 -0.0420001
1 15 -0.0434853
1 16 -0.044987
1 17 -0.0463183
1 18 -0.0476448
1 19 -0.0488155
1 20 -0.0499161
1 21 -0.0508711
1 22 -0.0516137
1 23 -0.0521665
1 24 -0.0525521
1 25 -0.0529097
1 26 -0.0532102
1 27 0
1 28 0
1 29 0
1 30 0
1 31 0
1 32 0
1 33 0
1 34 0
1 35 0
1 36 0
1 37 0
1 38 0
1 39 0

2 0 0
2 1 -0.0278257
2 2 -0.223822
2 3 -0.226021
2 4 -0.230462
2 5 -0.236378
2 6 -0.244135
2 7 -0.253485
2 8 -0.263923
2 9 -0.275367
2 10 -0.287338
2 11 -0.299699
2 12 -0.31256
2 13 -0.325117
2 14 -0.337375
2 15 -0.34951
2 16 -0.361055
2 17 -0.372057
2 18 -0.38241
2 19 -0.39233
2 20 -0.400923
2 21 -0.408294
2 22 -0.414415
2 23 -0.41887
2 24 -0.422592
2 25 -0.425256
2 26 -0.427446
2 27 -0.0532102
2 28 0
2 29 0
2 30 0
2 31 0
2 32 0
2 33 0
2 34 0
2 35 0
2 36 0
2 37 0
2 38 0
2 39 0

3 0 0
3 1 -0.0273723
3 2 -0.220331
3 3 -0.222681
3 4 -0.226663
3 5 -0.23255
3 6 -0.240062
3 7 -0.248824
3 8 -0.259215
3 9 -0.270276
3 10 -0.282714
3 11 -0.295084
3 12 -0.308056
3 13 -0.320621
3 14 -0.332384
3 15 -0.344098
3 16 -0.355029
3 17 -0.366135
3 18 -0.376466
3 19 -0.386771
3 20 -0.394988
3 21 -0.401979
3 22 -0.407868
3 23 -0.412595
3 24 -0.416895
3 25 -0.419443
3 26 -0.421231
3 27 -0.052371
3 28 0
3 29 0
3 30 0
3 31 0
3 32 0
3 33 0
3 34 0
3 35 0
3 36 0
3 37 0
3 38 0
3 39 0

4 0 0
4 1 -0.0265645
4 2 -0.213888
4 3 -0.2159
4 4 -0.219454
4 5 -0.225751
4 6 -0.232688
4 7 -0.241654
4 8 -0.250904
4 9 -0.262843
4 10 -0.27391
4 11 -0.286708
4 12 -0.29833
4 13 -0.310224
4 14 -0.323908
4 15 -0.334865
4 16 -0.345956
4 17 -0.357119
4 18 -0.367082
4 19 -0.376413
4 20 -0.385204
4 21 -0.392792
4 22 -0.398441
4 23 -0.40337
4 24 -0.407124
4 25 -0.4096
4 26 -0.410654
4 27 -0.0510231
4 28 0
4 29 0
4 30 0
4 31 0
4 32 0
4 33 0
4 34 0
4 35 0
4 36 0
4 37 0
4 38 0
4 39 0

5 0 0
5 1 -0.0254533
5 2 -0.205114
5 3 -0.207056
5 4 -0.210488
5 5 -0.215149
5 6 -0.22247
5 7 -0.230842
5 8 -0.240773
5 9 -0.25253
5 10 -0.262924
5 11 -0.274653
5 12 -0.287013
5 13 -0.298356
5 14 -0.311345
5 15 -0.322571
5 16 -0.334074
5 17 -0.345311
5 18 -0.355267
5 19 -0.364209
5 20 -0.372883
5 21 -0.379039
5 22 -0.385023
5 23 -0.389909
5 24 -0.393535
5 25 -0.396177
5 26 -0.397472
5 27 -0.0494844
5 28 0
5 29 0
5 30 0
5 31 0
5 32 0
5 33 0
5 34 0
5 35 0
5 36 0
5 37 0
5 38 0
5 39 0

6 0 0
6 1 -0.0240749
6 2 -0.193865
6 3 -0.195502
6 4 -0.19836
6 5 -0.204473
6 6 -0.210515
6 7 -0.218339
6 8 -0.228344
6 9 -0.238708
6 10 -0.24928
6 11 -0.260173
6 12 -0.271943
6 13 -0.283743
6 14 -0.29617
6 15 -0.307619
6 16 -0.319114
6 17 -0.32993
6 18 -0.340278
6 19 -0.349112
6 20 -0.356917
6 21 -0.362895
6 22 -0.369347
6 23 -0.37364
6 24 -0.377733
6 25 -0.380602
6 26 -0.38115
6 27 -0.0473619
6 28 0
6 29 0
6 30 0
6 31 0
6 32 0
6 33 0
6 34 0
6 35 0
6 36 0
6 37 0
6 38 0
6 39 0

7 0 0
7 1 -0.0224824
7 2 -0.18032
7 3 -0.180844
7 4 -0.184055
7 5 -0.189436
7 6 -0.196306
7 7 -0.204517
7 8 -0.212663
7 9 -0.223348
7 10 -0.232745
7 11 -0.242838
7 12 -0.255004
7 13 -0.266125
7 14 -0.27857
7 15 -0.290699
7 16 -0.302292
7 17 -0.31375
7 18 -0.32267
7 19 -0.331437
7 20 -0.339147
7 21 -0.345847
7 22 -0.351685
7 23 -0.356059
7 24 -0.35876
7 25 -0.361102
7 26 -0.362179
7 27 -0.0450733
7 28 0
7 29 0
7 30 0
7 31 0
7 32 0
7 33 0
7 34 0
7 35 0
7 36 0
7 37 0
7 38 0
7 39 0

8 0 0
8 1 -0.0203761
8 2 -0.164069
8 3 -0.166168
8 4 -0.168421
8 5 -0.172696
8 6 -0.1802
8 7 -0.187444
8 8 -0.196368
8 9 -0.206172
8 10 -0.216694
8 11 -0.226306
8 12 -0.237257
8 13 -0.249642
8 14 -0.261048
8 15 -0.272397
8 16 -0.283228
8 17 -0.29332
8 18 -0.303672
8 19 -0.311193
8 20 -0.319328
8 21 -0.326136
8 22 -0.330676
8 23 -0.335122
8 24 -0.336873
8 25 -0.340051
8 26 -0.340756
8 27 -0.0423022
8 28 0
8 29 0
8 30 0
8 31 0
8 32 0
8 33 0
8 34 0
8 35 0
8 36 0
8 37 0
8 38 0
8 39 0

9 0 0
9 1 -0.0180426
9 2 -0.14586
9 3 -0.148498
9 4 -0.15227
9 5 -0.156387
9 6 -0.161485
9 7 -0.169817
9 8 -0.176989
9 9 -0.185675
9 10 -0.196128
9 11 -0.206985
9 12 -0.21876
9 13 -0.230154
9 14 -0.241256
9 15 -0.252109
9 16 -0.263408
9 17 -0.273822
9 18 -0.282222
9 19 -0.289872
9 20 -0.297667
9 21 -0.3041
9 22 -0.309326
9 23 -0.313697
9 24 -0.315705
9 25 -0.316719
9 26 -0.317379
9 27 -0.0394291
9 28 0
9 29 0
9 30 0
9 31 0
9 32 0
9 33 0
9 34 0
9 35 0
9 36 0
9 37 0
9 38 0
9 39 0

10 0 0
10 1 -0.0157239
10 2 -0.126521
10 3 -0.128036
10 4 -0.132114
10 5 -0.13614
10 6 -0.142491
10 7 -0.149534
10 8 -0.157576
10 9 -0.165929
10 10 -0.175023
10 11 -0.186284
10 12 -0.198812
10 13 -0.209607
10 14 -0.220996
10 15 -0.232341
10 16 -0.24174
10 17 -0.252082
10 18 -0.261119
10 19 -0.267838
10 20 -0.275339
10 21 -0.281653
10 22 -0.286562
10 23 -0.290268
10 24 -0.291971
10 25 -0.291679
10 26 -0.292524
10 27 -0.0365229
10 28 0
10 29 0
10 30 0
10 31 0
10 32 0
10 33 0
10 34 0
10 35 0
10 36 0
10 37 0
10 38 0
10 39 0

11 0 0
11 1 -0.0132856
11 2 -0.106482
11 3 -0.107095
11 4 -0.111163
11 5 -0.11567
11 6 -0.121459
11 7 -0.12948
11 8 -0.135974
11 9 -0.144645
11 10 -0.154075
11 11 -0.164841
11 12 -0.175852
11 13 -0.187583
11 14 -0.198499
11 15 -0.21064
11 16 -0.219947
11 17 -0.229355
11 18 -0.23739
11 19 -0.245459
11 20 -0.25231
11 21 -0.257965
11 22 -0.262362
11 23 -0.26411
11 24 -0.265797
11 25 -0.26562
11 26 -0.26456
11 27 -0.0328815
11 28 0
11 29 0
11 30 0
11 31 0
11 32 0
11 33 0
11 34 0
11 35 0
11 36 0
11 37 0
11 38 0
11 39 0

12 0 0
12 1 -0.010737
12 2 -0.0853539
12 3 -0.0850598
12 4 -0.0879176
12 5 -0.0927534
12 6 -0.0984479
12 7 -0.10657
12 8 -0.114737
12 9 -0.122641
12 10 -0.132407
12 11 -0.143187
12 12 -0.153629
12 13 -0.163813
12 14 -0.174654
12 15 -0.185973
12 16 -0.19612
12 17 -0.205862
12 18 -0.213794
12 19 -0.221747
12 20 -0.22843
12 21 -0.233686
12 22 -0.238191
12 23 -0.239955
12 24 -0.238434
12 25 -0.237021
12 26 -0.232824
12 27 -0.0497187
12 28 -0.0183031
12 29 -0.0161725
12 30 -0.0147831
12 31 -0.0140339
12 32 -0.0135656
12 33 0
12 34 0
12 35 0
12 36 0
12 37 0
12 38 0
12 39 0

13 0 0
13 1 -0.00779781
13 2 -0.0627734
13 3 -0.0636262
13 4 -0.0645643
13 5 -0.0702419
13 6 -0.076061
13 7 -0.0820387
13 8 -0.0911844
13 9 -0.0994579
13 10 -0.109424
13 11 -0.119938
13 12 -0.129364
13 13 -0.139344
13 14 -0.150005
13 15 -0.161956
13 16 -0.172004
13 17 -0.181928
13 18 -0.18959
13 19 -0.196254
13 20 -0.201716
13 21 -0.207577
13 22 -0.211852
13 23 -0.21328
13 24 -0.211662
13 25 -0.206469
13 26 -0.193092
13 27 -0.165836
13 28 -0.146181
13 29 -0.130748
13 30 -0.119518
13 31 -0.112456
13 32 -0.108672
13 33 -0.0256705
13 34 -0.0115885
13 35 0
13 36 0
13 37 0
13 38 0
13 39 0

14 0 0
14 1 -0.00505329
14 2 -0.0397243
14 3 -0.0401554
14 4 -0.0429388
14 5 -0.0463265
14 6 -0.0525888
14 7 -0.0584589
14 8 -0.0668421
14 9 -0.0742009
14 10 -0.0843781
14 11 -0.0947346
14 12 -0.104293
14 13 -0.115237
14 14 -0.125461
14 15 -0.136285
14 16 -0.146046
14 17 -0.156226
14 18 -0.16432
14 19 -0.171882
14 20 -0.177268
14 21 -0.182801
14 22 -0.186785
14 23 -0.187341
14 24 -0.186533
14 25 -0.180689
14 26 -0.170123
14 27 -0.154727
14 28 -0.139552
14 29 -0.128023
14 30 -0.11746
14 31 -0.109303
14 32 -0.103229
14 33 -0.0968761
14 34 -0.0933704
14 35 -0.0221475
14 36 0
14 37 0
14 38 0
14 39 0

15 0 0
15 1 -0.00218459
15 2 -0.0168843
15 3 -0.0173924
15 4 -0.0195278
15 5 -0.0230032
15 6 -0.028743
15 7 -0.0346399
15 8 -0.0422956
15 9 -0.0507925
15 10 -0.0590832
15 11 -0.0689822
15 12 -0.0797883
15 13 -0.091184
15 14 -0.101569
15 15 -0.11123
15 16 -0.121332
15 17 -0.131058
15 18 -0.140012
15 19 -0.147513
15 20 -0.152458
15 21 -0.157625
15 22 -0.161844
15 23 -0.163739
15 24 -0.163334
15 25 -0.160509
15 26 -0.152512
15 27 -0.141953
15 28 -0.131696
15 29 -0.120355
15 30 -0.1123
15 31 -0.104681
15 32 -0.0987085
15 33 -0.092909
15 34 -0.0897599
15 35 -0.0850673
15 36 -0.0201794
15 37 0
15 38 0
15 39 0

16 0 0
16 1 0.000732704
16 2 0.00573718
16 3 0.00453672
16 4 0.00345914
16 5 -0.000867894
16 6 -0.00558203
16 7 -0.0117466
16 8 -0.0186869
16 9 -0.0262988
16 10 -0.0353238
16 11 -0.0453524
16 12 -0.0553901
16 13 -0.0664099
16 14 -0.0777009
16 15 -0.0869528
16 16 -0.0969593
16 17 -0.106142
16 18 -0.115149
16 19 -0.123124
16 20 -0.129048
16 21 -0.133936
16 22 -0.137316
16 23 -0.141034
16 24 -0.14184
16 25 -0.141243
16 26 -0.135
16 27 -0.129554
16 28 -0.120638
16 29 -0.113746
16 30 -0.106929
16 31 -0.0999802
16 32 -0.0943257
16 33 -0.0895727
16 34 -0.0859658
16 35 -0.0815675
16 36 -0.0774544
16 37 -0.0187325
16 38 0
16 39 0

17 0 0
17 1 0.00332517
17 2 0.0270623
17 3 0.0262822
17 4 0.0237013
17 5 0.0206587
17 6 0.0161389
17 7 0.0113264
17 8 0.00506943
17 9 -0.00310364
17 10 -0.0116103
17 11 -0.022499
17 12 -0.0326058
17 13 -0.0434435
17 14 -0.0535225
17 15 -0.0639896
17 16 -0.0746148
17 17 -0.0839568
17 18 -0.0919199
17 19 -0.0998137
17 20 -0.106908
17 21 -0.112337
17 22 -0.116544
17 23 -0.121113
17 24 -0.122722
17 25 -0.122952
17 26 -0.120231
17 27 -0.115659
17 28 -0.109587
17 29 -0.104292
17 30 -0.099404
17 31 -0.0942235
17 32 -0.0888714
17 33 -0.0853785
17 34 -0.0819595
17 35 -0.0798722
17 36 -0.0752096
17 37 -0.0731551
17 38 -0.00911204
17 39 0

18 0 0
18 1 0.00564319
18 2 0.0461171
18 3 0.0462011
18 4 0.0437007
18 5 0.0406407
18 6 0.0369312
18 7 0.0321656
18 8 0.0257576
18 9 0.018618
18 10 0.0100714
18 11 -0.000302352
18 12 -0.0112226
18 13 -0.0222909
18 14 -0.0329261
18 15 -0.0427917
18 16 -0.0527621
18 17 -0.0613907
18 18 -0.070685
18 19 -0.0784794
18 20 -0.0853956
18 21 -0.0919036
18 22 -0.0965025
18 23 -0.102377
18 24 -0.105675
18 25 -0.108149
18 26 -0.106284
18 27 -0.103081
18 28 -0.0997528
18 29 -0.0954821
18 30 -0.091499
18 31 -0.0874145
18 32 -0.0832716
18 33 -0.0801371
18 34 -0.0782355
18 35 -0.0760894
18 36 -0.0731762
18 37 -0.0716661
18 38 -0.00894473
18 39 0

19 0 0
19 1 0.00785723
19 2 0.0640926
19 3 0.0647679
19 4 0.0625959
19 5 0.0601213
19 6 0.0551228
19 7 0.0509279
19 8 0.0456909
19 9 0.0380891
19 10 0.0288292
19 11 0.0191213
19 12 0.00877169
19 13 -0.00184776
19 14 -0.0126403
19 15 -0.0238725
19 16 -0.0333699
19 17 -0.0423183
19 18 -0.0514215
19 19 -0.0586824
19 20 -0.0672154
19 21 -0.0731778
19 22 -0.0793352
19 23 -0.0853587
19 24 -0.0900828
19 25 -0.0930804
19 26 -0.0927529
19 27 -0.0918127
19 28 -0.0894114
19 29 -0.0864269
19 30 -0.0839638
19 31 -0.0797704
19 32 -0.0781887
19 33 -0.0757673
19 34 -0.0743088
19 35 -0.0735173
19 36 -0.0711031
19 37 -0.0705098
19 38 -0.00877932
19 39 0

20 0 0
20 1 0.00998834
20 2 0.0804084
20 3 0.080146
20 4 0.0774406
20 5 0.0755923
20 6 0.0723838
20 7 0.0676653
20 8 0.0623785
20 9 0.0553383
20 10 0.0468046
20 11 0.0370933
20 12 0.0251989
20 13 0.0158331
20 14 0.00552137
20 15 -0.00614506
20 16 -0.0140916
20 17 -0.0249593
20 18 -0.0345562
20 19 -0.0419248
20 20 -0.0503068
20 21 -0.057646
20 22 -0.0632697
20 23 -0.069494
20 24 -0.0737633
20 25 -0.0786605
20 26 -0.0807676
20 27 -0.0814899
20 28 -0.0807113
20 29 -0.0798854
20 30 -0.07692
20 31 -0.075184
20 32 -0.0738051
20 33 -0.0717307
20 34 -0.0712378
20 35 -0.0711463
20 36 -0.0707912
20 37 -0.0686429
20 38 -0.00838349
20 39 0

21 0 0
21 1 0.0117357
21 2 0.0941173
21 3 0.0929787
21 4 0.0918847
21 5 0.0898013
21 6 0.0862099
21 7 0.0824443
21 8 0.0771045
21 9 0.0702043
21 10 0.0615169
21 11 0.0511598
21 12 0.0416295
21 13 0.0307485
21 14 0.0192106
21 15 0.00895678
21 16 -8.41606e-05
21 17 -0.00970043
21 18 -0.0185516
21 19 -0.0268342
21 20 -0.0361663
21 21 -0.0429494
21 22 -0.0494162
21 23 -0.0559865
21 24 -0.0615444
21 25 -0.0667295
21 26 -0.0706691
21 27 -0.0724711
21 28 -0.0731044
21 29 -0.0730483
21 30 -0.0714364
21 31 -0.0707352
21 32 -0.0700754
21 33 -0.0697054
21 34 -0.0697538
21 35 -0.0704605
21 36 -0.0699343
21 37 -0.0686107
21 38 -0.00852286
21 39 0

22 0 0
22 1 0.0131707
22 2 0.105739
22 3 0.104161
22 4 0.102315
22 5 0.100162
22 6 0.097294
22 7 0.0935252
22 8 0.088726
22 9 0.0811541
22 10 0.0742659
22 11 0.0643099
22 12 0.0544856
22 13 0.0447809
22 14 0.0329388
22 15 0.0224026
22 16 0.0125696
22 17 0.00265119
22 18 -0.00636141
22 19 -0.0149663
22 20 -0.0234876
22 21 -0.0307271
22 22 -0.0379311
22 23 -0.0459004
22 24 -0.0526257
22 25 -0.0570153
22 26 -0.0622683
22 27 -0.0649736
22 28 -0.0661339
22 29 -0.0666353
22 30 -0.0673698
22 31 -0.0670235
22 32 -0.0672461
22 33 -0.0677031
22 34 -0.0677832
22 35 -0.0690266
22 36 -0.0700625
22 37 -0.069343
22 38 -0.00859506
22 39 0

23 0 0
23 1 0.0142476
23 2 0.114948
23 3 0.113603
23 4 0.11038
23 5 0.109631
23 6 0.105665
23 7 0.102511
23 8 0.0982787
23 9 0.0904671
23 10 0.0827948
23 11 0.0744375
23 12 0.0640007
23 13 0.052817
23 14 0.0430832
23 15 0.032149
23 16 0.021652
23 17 0.011826
23 18 0.00267438
23 19 -0.00464259
23 20 -0.0142251
23 21 -0.0222489
23 22 -0.030149
23 23 -0.0385257
23 24 -0.0441683
23 25 -0.0494544
23 26 -0.0550431
23 27 -0.0592723
23 28 -0.0608653
23 29 -0.0626012
23 30 -0.0629505
23 31 -0.0642967
23 32 -0.0648558
23 33 -0.0664378
23 34 -0.0673042
23 35 -0.069002
23 36 -0.0697572
23 37 -0.0703018
23 38 -0.00877862
23 39 0

24 0 0
24 1 0.0150123
24 2 0.120724
24 3 0.118776
24 4 0.116331
24 5 0.113999
24 6 0.111962
24 7 0.108059
24 8 0.104106
24 9 0.0973013
24 10 0.0883176
24 11 0.0796045
24 12 0.0698608
24 13 0.0595986
24 14 0.0495521
24 15 0.0392994
24 16 0.0288938
24 17 0.0195016
24 18 0.00910155
24 19 0.00049808
24 20 -0.00856273
24 21 -0.0169099
24 22 -0.0242271
24 23 -0.032163
24 24 -0.0390265
24 25 -0.0451163
24 26 -0.0506101
24 27 -0.0547407
24 28 -0.0564924
24 29 -0.0583943
24 30 -0.0611766
24 31 -0.0629815
24 32 -0.0645507
24 33 -0.0652922
24 34 -0.0678215
24 35 -0.0694569
24 36 -0.0705787
24 37 -0.0708886
24 38 -0.00882755
24 39 0

25 0 0
25 1 0.0152517
25 2 0.123178
25 3 0.122094
25 4 0.119422
25 5 0.118024
25 6 0.115085
25 7 0.111915
25 8 0.10671
25 9 0.0993722
25 10 0.0908689
25 11 0.0825217
25 12 0.0734607
25 13 0.0638788
25 14 0.0533509
25 15 0.0431466
25 16 0.0334604
25 17 0.023027
25 18 0.0124127
25 19 0.0044491
25 20 -0.00586824
25 21 -0.0134405
25 22 -0.0225297
25 23 -0.0294722
25 24 -0.0373273
25 25 -0.0444019
25 26 -0.0489452
25 27 -0.0530701
25 28 -0.0557256
25 29 -0.057994
25 30 -0.0606257
25 31 -0.0627694
25 32 -0.0646353
25 33 -0.0663293
25 34 -0.0679859
25 35 -0.0710165
25 36 -0.0710238
25 37 -0.0719478
25 38 -0.00897158
25 39 0

26 0 0
26 1 0.0153097
26 2 0.123437
26 3 0.122094
26 4 0.119509
26 5 0.117682
26 6 0.115467
26 7 0.11099
26 8 0.10639
26 9 0.100139
26 10 0.0908856
26 11 0.0825353
26 12 0.0730225
26 13 0.0625332
26 14 0.0534701
26 15 0.0435056
26 16 0.0332047
26 17 0.023159
26 18 0.0137645
26 19 0.00368088
26 20 -0.0052736
26 21 -0.0141697
26 22 -0.0229253
26 23 -0.0293373
26 24 -0.0369531
26 25 -0.0430976
26 26 -0.0491525
26 27 -0.0538343
26 28 -0.0569155
26 29 -0.05926
26 30 -0.0618067
26 31 -0.0636303
26 32 -0.0643685
26 33 -0.0674953
26 34 -0.0702958
26 35 -0.0723078
26 36 -0.0718348
26 37 -0.0728536
26 38 -0.00911589
26 39 0

27 0 0
27 1 0.014958
27 2 0.121007
27 3 0.120054
27 4 0.117145
27 5 0.11575
27 6 0.1129
27 7 0.108734
27 8 0.102706
27 9 0.0963417
27 10 0.0877219
27 11 0.0787763
27 12 0.0690637
27 13 0.0590718
27 14 0.0504955
27 15 0.039432
27 16 0.0294843
27 17 0.0201759
27 18 0.0103988
27 19 0.00143795
27 20 -0.00886399
27 21 -0.017085
27 22 -0.0253183
27 23 -0.0326376
27 24 -0.0395162
27 25 -0.0461633
27 26 -0.052556
27 27 -0.0560738
27 28 -0.060092
27 29 -0.0628182
27 30 -0.0646133
27 31 -0.0673962
27 32 -0.0679569
27 33 -0.0700859
27 34 -0.0724558
27 35 -0.0738125
27 36 -0.073859
27 37 -0.0740459
27 38 -0.00923206
27 39 0

28 0 0
28 1 0.0144351
28 2 0.115831
28 3 0.113917
28 4 0.1114
28 5 0.108941
28 6 0.107631
28 7 0.101947
28 8 0.097453
28 9 0.0899862
28 10 0.0807557
28 11 0.0720086
28 12 0.0632374
28 13 0.0528869
28 14 0.0434676
28 15 0.0335717
28 16 0.0235669
28 17 0.0140379
28 18 0.00337789
28 19 -0.00554025
28 20 -0.0141349
28 21 -0.0226459
28 22 -0.0314096
28 23 -0.0398065
28 24 -0.0461024
28 25 -0.0520968
28 26 -0.0582821
28 27 -0.0622039
28 28 -0.0639985
28 29 -0.0668267
28 30 -0.0693
28 31 -0.0702952
28 32 -0.0735139
28 33 -0.0736296
28 34 -0.0752317
28 35 -0.0767066
28 36 -0.0766083
28 37 -0.0766481
28 38 -0.00952876
28 39 0

29 0 0
29 1 0.01337
29 2 0.107604
29 3 0.106413
29 4 0.104509
29 5 0.101789
29 6 0.0985264
29 7 0.0953412
29 8 0.0885809
29 9 0.0808688
29 10 0.0723451
29 11 0.0616966
29 12 0.0527347
29 13 0.04239
29 14 0.0332206
29 15 0.023282
29 16 0.0139636
29 17 0.00409906
29 18 -0.00674052
29 19 -0.0144225
29 20 -0.0237263
29 21 -0.0316481
29 22 -0.040126
29 23 -0.0477977
29 24 -0.0543989
29 25 -0.0594689
29 26 -0.0648332
29 27 -0.0693902
29 28 -0.0712084
29 29 -0.0740037
29 30 -0.0745001
29 31 -0.0745866
29 32 -0.0761115
29 33 -0.0776388
29 34 -0.0789031
29 35 -0.080534
29 36 -0.0798926
29 37 -0.0801445
29 38 -0.00999878
29 39 0

30 0 0
30 1 0.0120234
30 2 0.0970324
30 3 0.0963636
30 4 0.093871
30 5 0.0907825
30 6 0.0881808
30 7 0.0828537
30 8 0.0765485
30 9 0.069793
30 10 0.0604246
30 11 0.051346
30 12 0.0407334
30 13 0.0294442
30 14 0.0199575
30 15 0.0103125
30 16 0.00147229
30 17 -0.00864283
30 18 -0.0187436
30 19 -0.0272946
30 20 -0.036214
30 21 -0.0443489
30 22 -0.0517844
30 23 -0.0586431
30 24 -0.065139
30 25 -0.0702729
30 26 -0.0747562
30 27 -0.0779365
30 28 -0.0802406
30 29 -0.0818551
30 30 -0.0829791
30 31 -0.08219
30 32 -0.0823993
30 33 -0.082409
30 34 -0.0834574
30 35 -0.0831867
30 36 -0.082898
30 37 -0.0829051
30 38 -0.0103607
30 39 0

31 0 0
31 1 0.0104978
31 2 0.0844985
31 3 0.0837784
31 4 0.0818846
31 5 0.0784629
31 6 0.0743381
31 7 0.0694055
31 8 0.0627345
31 9 0.0550748
31 10 0.0454981
31 11 0.0365715
31 12 0.0256677
31 13 0.0152173
31 14 0.00519695
31 15 -0.00584446
31 16 -0.0141711
31 17 -0.0233377
31 18 -0.0340193
31 19 -0.0417849
31 20 -0.0508185
31 21 -0.0587104
31 22 -0.0656285
31 23 -0.0728581
31 24 -0.0779634
31 25 -0.0825714
31 26 -0.0867744
31 27 -0.0879973
31 28 -0.0895874
31 29 -0.0895239
31 30 -0.0900733
31 31 -0.0894739
31 32 -0.089348
31 33 -0.0889849
31 34 -0.087991
31 35 -0.0881721
31 36 -0.0873934
31 37 -0.08626
31 38 -0.0106427
31 39 0

32 0 0
32 1 0.00868061
32 2 0.0694521
32 3 0.0683516
32 4 0.0664931
32 5 0.0621982
32 6 0.059204
32 7 0.0531434
32 8 0.0454671
32 9 0.0381741
32 10 0.0286409
32 11 0.0188805
32 12 0.00824564
32 13 -0.0026666
32 14 -0.0114159
32 15 -0.0217968
32 16 -0.0314529
32 17 -0.0411011
32 18 -0.0512304
32 19 -0.0590217
32 20 -0.0690265
32 21 -0.07595
32 22 -0.0815351
32 23 -0.0883319
32 24 -0.0927814
32 25 -0.0975416
32 26 -0.100413
32 27 -0.101352
32 28 -0.100388
32 29 -0.0996979
32 30 -0.09667
32 31 -0.0973027
32 32 -0.0964665
32 33 -0.0947045
32 34 -0.0940878
32 35 -0.0922125
32 36 -0.0905398
32 37 -0.0902551
32 38 -0.0112537
32 39 0

33 0 0
33 1 0.00638689
33 2 0.0519304
33 3 0.0510893
33 4 0.0480367
33 5 0.0456986
33 6 0.0400171
33 7 0.0348582
33 8 0.0283189
33 9 0.0189572
33 10 0.00944392
33 11 -0.000888976
33 12 -0.010911
33 13 -0.0216696
33 14 -0.0314779
33 15 -0.0407793
33 16 -0.0508323
33 17 -0.0610562
33 18 -0.0696986
33 19 -0.0791713
33 20 -0.0879554
33 21 -0.0938143
33 22 -0.100342
33 23 -0.106514
33 24 -0.110183
33 25 -0.112816
33 26 -0.113782
33 27 -0.113281
33 28 -0.112011
33 29 -0.109767
33 30 -0.107421
33 31 -0.104715
33 32 -0.103212
33 33 -0.101199
33 34 -0.0989743
33 35 -0.0976224
33 36 -0.0946991
33 37 -0.0943995
33 38 -0.0117777
33 39 0

34 0 0
34 1 0.00387602
34 2 0.0314561
34 3 0.0305556
34 4 0.0282558
34 5 0.0243266
34 6 0.0197519
34 7 0.0141958
34 8 0.0078223
34 9 -0.00199883
34 10 -0.011654
34 11 -0.022164
34 12 -0.0330493
34 13 -0.0427097
34 14 -0.0537652
34 15 -0.0631315
34 16 -0.0711775
34 17 -0.0815336
34 18 -0.0904016
34 19 -0.100133
34 20 -0.108161
34 21 -0.114377
34 22 -0.119558
34 23 -0.124077
34 24 -0.127526
34 25 -0.129471
34 26 -0.129166
34 27 -0.127083
34 28 -0.124506
34 29 -0.120329
34 30 -0.116889
34 31 -0.113363
34 32 -0.110843
34 33 -0.106986
34 34 -0.104416
34 35 -0.101207
34 36 -0.0989267
34 37 -0.0980791
34 38 -0.0122881
34 39 0

35 0 0
35 1 0.00112647
35 2 0.00957306
35 3 0.00913041
35 4 0.00611676
35 5 0.00270086
35 6 -0.00207216
35 7 -0.00827856
35 8 -0.0153512
35 9 -0.0249587
35 10 -0.0341885
35 11 -0.0450075
35 12 -0.0561448
35 13 -0.0667968
35 14 -0.0761081
35 15 -0.0857366
35 16 -0.0948072
35 17 -0.104919
35 18 -0.114163
35 19 -0.123311
35 20 -0.130105
35 21 -0.135884
35 22 -0.141275
35 23 -0.145738
35 24 -0.147774
35 25 -0.147475
35 26 -0.145618
35 27 -0.141169
35 28 -0.136108
35 29 -0.131734
35 30 -0.12678
35 31 -0.121828
35 32 -0.116839
35 33 -0.112395
35 34 -0.108455
35 35 -0.105068
35 36 -0.102595
35 37 -0.100035
35 38 -0.0124206
35 39 0

36 0 0
36 1 -0.00173717
36 2 -0.0133325
36 3 -0.0137674
36 4 -0.0169995
36 5 -0.0195501
36 6 -0.0249335
36 7 -0.0314194
36 8 -0.0396061
36 9 -0.0481826
36 10 -0.0583883
36 11 -0.0691376
36 12 -0.0797915
36 13 -0.0903185
36 14 -0.100513
36 15 -0.109552
36 16 -0.119185
36 17 -0.129469
36 18 -0.138541
36 19 -0.146843
36 20 -0.153125
36 21 -0.159482
36 22 -0.163188
36 23 -0.167259
36 24 -0.168337
36 25 -0.166787
36 26 -0.16195
36 27 -0.156626
36 28 -0.148592
36 29 -0.142914
36 30 -0.13481
36 31 -0.129188
36 32 -0.123502
36 33 -0.117185
36 34 -0.112627
36 35 -0.109202
36 36 -0.104537
36 37 -0.0253321
36 38 0
36 39 0

37 0 0
37 1 -0.00459606
37 2 -0.0369345
37 3 -0.0380199
37 4 -0.0398946
37 5 -0.0443505
37 6 -0.0492372
37 7 -0.056137
37 8 -0.0648856
37 9 -0.0733461
37 10 -0.0838841
37 11 -0.0943081
37 12 -0.10495
37 13 -0.114177
37 14 -0.124251
37 15 -0.134456
37 16 -0.143711
37 17 -0.155017
37 18 -0.163588
37 19 -0.17184
37 20 -0.177874
37 21 -0.183004
37 22 -0.188081
37 23 -0.190716
37 24 -0.190828
37 25 -0.187348
37 26 -0.180486
37 27 -0.170948
37 28 -0.161148
37 29 -0.151498
37 30 -0.143611
37 31 -0.135801
37 32 -0.128939
37 33 -0.121555
37 34 -0.116409
37 35 -0.112148
37 36 -0.0267962
37 37 0
37 38 0
37 39 0

38 0 0
38 1 -0.00756899
38 2 -0.0605777
38 3 -0.0614715
38 4 -0.0648819
38 5 -0.0682669
38 6 -0.0742261
38 7 -0.0810277
38 8 -0.0899349
38 9 -0.098139
38 10 -0.108147
38 11 -0.118274
38 12 -0.129834
38 13 -0.139859
38 14 -0.149189
38 15 -0.158838
38 16 -0.169649
38 17 -0.179766
38 18 -0.187937
38 19 -0.196591
38 20 -0.203141
38 21 -0.208828
38 22 -0.213512
38 23 -0.214363
38 24 -0.21311
38 25 -0.208856
38 26 -0.199875
38 27 -0.185372
38 28 -0.172265
38 29 -0.15856
38 30 -0.148938
38 31 -0.140465
38 32 -0.133378
38 33 -0.124769
38 34 -0.120882
38 35 -0.0288948
38 36 0
38 37 0
38 38 0
38 39 0

39 0 0
39 1 -0.0105073
39 2 -0.0838046
39 3 -0.0843644
39 4 -0.0887587
39 5 -0.0925645
39 6 -0.0989876
39 7 -0.105401
39 8 -0.11304
39 9 -0.121653
39 10 -0.132391
39 11 -0.142592
39 12 -0.152668
39 13 -0.163778
39 14 -0.173606
39 15 -0.185117
39 16 -0.195607
39 17 -0.205876
39 18 -0.213229
39 19 -0.221513
39 20 -0.227859
39 21 -0.233707
39 22 -0.238351
39 23 -0.238682
39 24 -0.238045
39 25 -0.232979
39 26 -0.222977
39 27 -0.196953
39 28 -0.178173
39 29 -0.163526
39 30 -0.152805
39 31 -0.144452
39 32 -0.139302
39 33 -0.0327597
39 34 -0.0150102
39 35 0
39 36 0
39 37 0
39 38 0
39 39 0

40 0 0
40 1 -0.0132581
40 2 -0.106591
40 3 -0.10759
40 4 -0.11086
40 5 -0.115462
40 6 -0.12211
40 7 -0.129589
40 8 -0.137645
40 9 -0.145683
40 10 -0.15538
40 11 -0.163946
40 12 -0.175554
40 13 -0.186784
40 14 -0.197135
40 15 -0.208912
40 16 -0.218559
40 17 -0.230087
40 18 -0.238681
40 19 -0.247149
40 20 -0.253944
40 21 -0.259184
40 22 -0.263506
40 23 -0.265508
40 24 -0.265661
40 25 -0.262499
40 26 -0.259178
40 27 -0.0569082
40 28 -0.0221758
40 29 -0.0203655
40 30 -0.0190243
40 31 -0.017972
40 32 -0.017341
40 33 0
40 34 0
40 35 0
40 36 0
40 37 0
40 38 0
40 39 0

41 0 0
41 1 -0.0158352
41 2 -0.128107
41 3 -0.130216
41 4 -0.133209
41 5 -0.139203
41 6 -0.144233
41 7 -0.1511
41 8 -0.158551
41 9 -0.16698
41 10 -0.175813
41 11 -0.186354
41 12 -0.198412
41 13 -0.209544
41 14 -0.220051
41 15 -0.231697
41 16 -0.242822
41 17 -0.252992
41 18 -0.261542
41 19 -0.270726
41 20 -0.277409
41 21 -0.283175
41 22 -0.287622
41 23 -0.289702
41 24 -0.290541
41 25 -0.289953
41 26 -0.288975
41 27 -0.0359288
41 28 0
41 29 0
41 30 0
41 31 0
41 32 0
41 33 0
41 34 0
41 35 0
41 36 0
41 37 0
41 38 0
41 39 0

42 0 0
42 1 -0.0185702
42 2 -0.148909
42 3 -0.149857
42 4 -0.153595
42 5 -0.159111
42 6 -0.165621
42 7 -0.172195
42 8 -0.180009
42 9 -0.187267
42 10 -0.197458
42 11 -0.209095
42 12 -0.220402
42 13 -0.231294
42 14 -0.242111
42 15 -0.252999
42 16 -0.263907
42 17 -0.274947
42 18 -0.285574
42 19 -0.292742
42 20 -0.30084
42 21 -0.306493
42 22 -0.309889
42 23 -0.313218
42 24 -0.314332
42 25 -0.315074
42 26 -0.316017
42 27 -0.0393413
42 28 0
42 29 0
42 30 0
42 31 0
42 32 0
42 33 0
42 34 0
42 35 0
42 36 0
42 37 0
42 38 0
42 39 0

43 0 0
43 1 -0.0208524
43 2 -0.167924
43 3 -0.169733
43 4 -0.172662
43 5 -0.177591
43 6 -0.184316
43 7 -0.191468
43 8 -0.198662
43 9 -0.20835
43 10 -0.218331
43 11 -0.228177
43 12 -0.240357
43 13 -0.250385
43 14 -0.262097
43 15 -0.273664
43 16 -0.285261
43 17 -0.29697
43 18 -0.306201
43 19 -0.315078
43 20 -0.322689
43 21 -0.328013
43 22 -0.332408
43 23 -0.335763
43 24 -0.336798
43 25 -0.338863
43 26 -0.340341
43 27 -0.0423679
43 28 0
43 29 0
43 30 0
43 31 0
43 32 0
43 33 0
43 34 0
43 35 0
43 36 0
43 37 0
43 38 0
43 39 0

44 0 0
44 1 -0.0228797
44 2 -0.184344
44 3 -0.186698
44 4 -0.189472
44 5 -0.194423
44 6 -0.199925
44 7 -0.207887
44 8 -0.216711
44 9 -0.225421
44 10 -0.236677
44 11 -0.247676
44 12 -0.259314
44 13 -0.26982
44 14 -0.282464
44 15 -0.294152
44 16 -0.304761
44 17 -0.316079
44 18 -0.325835
44 19 -0.333729
44 20 -0.342294
44 21 -0.347775
44 22 -0.352543
44 23 -0.355765
44 24 -0.358057
44 25 -0.359687
44 26 -0.361445
44 27 -0.0449597
44 28 0
44 29 0
44 30 0
44 31 0
44 32 0
44 33 0
44 34 0
44 35 0
44 36 0
44 37 0
44 38 0
44 39 0

45 0 0
45 1 -0.0245216
45 2 -0.198106
45 3 -0.200811
45 4 -0.203353
45 5 -0.208888
45 6 -0.21575
45 7 -0.222856
45 8 -0.232111
45 9 -0.243015
45 10 -0.253161
45 11 -0.263394
45 12 -0.275621
45 13 -0.287138
45 14 -0.300022
45 15 -0.312542
45 16 -0.323042
45 17 -0.333587
45 18 -0.34348
45 19 -0.350909
45 20 -0.35952
45 21 -0.365418
45 22 -0.369879
45 23 -0.373763
45 24 -0.37641
45 25 -0.378157
45 26 -0.379303
45 27 -0.0471426
45 28 0
45 29 0
45 30 0
45 31 0
45 32 0
45 33 0
45 34 0
45 35 0
45 36 0
45 37 0
45 38 0
45 39 0

46 0 0
46 1 -0.0260108
46 2 -0.209922
46 3 -0.212765
46 4 -0.215298
46 5 -0.221978
46 6 -0.228419
46 7 -0.23745
46 8 -0.246569
46 9 -0.257459
46 10 -0.268356
46 11 -0.279147
46 12 -0.290566
46 13 -0.302701
46 14 -0.315436
46 15 -0.327542
46 16 -0.339083
46 17 -0.349718
46 18 -0.358764
46 19 -0.366453
46 20 -0.373647
46 21 -0.37897
46 22 -0.385193
46 23 -0.389315
46 24 -0.392714
46 25 -0.395118
46 26 -0.395807
46 27 -0.0491958
46 28 0
46 29 0
46 30 0
46 31 0
46 32 0
46 33 0
46 34 0
46 35 0
46 36 0
46 37 0
46 38 0
46 39 0

47 0 0
47 1 -0.0273102
47 2 -0.219916
47 3 -0.222566
47 4 -0.22725
47 5 -0.23328
47 6 -0.239547
47 7 -0.248465
47 8 -0.258241
47 9 -0.269913
47 10 -0.280276
47 11 -0.291013
47 12 -0.303814
47 13 -0.316075
47 14 -0.328459
47 15 -0.340035
47 16 -0.351475
47 17 -0.361885
47 18 -0.370933
47 19 -0.379733
47 20 -0.386637
47 21 -0.391425
47 22 -0.397535
47 23 -0.402129
47 24 -0.40592
47 25 -0.40867
47 26 -0.409476
47 27 -0.0509019
47 28 0
47 29 0
47 30 0
47 31 0
47 32 0
47 33 0
47 34 0
47 35 0
47 36 0
47 37 0
47 38 0
47 39 0

48 0 0
48 1 -0.0282946
48 2 -0.22788
48 3 -0.230227
48 4 -0.234686
48 5 -0.240778
48 6 -0.248963
48 7 -0.257591
48 8 -0.265958
48 9 -0.277621
48 10 -0.288235
48 11 -0.300992
48 12 -0.312956
48 13 -0.325698
48 14 -0.338827
48 15 -0.350067
48 16 -0.360597
48 17 -0.371133
48 18 -0.380252
48 19 -0.388577
48 20 -0.395372
48 21 -0.40128
48 22 -0.406563
48 23 -0.410971
48 24 -0.414724
48 25 -0.417704
48 26 -0.419343
48 27 -0.0521614
48 28 0
48 29 0
48 30 0
48 31 0
48 32 0
48 33 0
48 34 0
48 35 0
48 36 0
48 37 0
48 38 0
48 39 0

49 0 0
49 1 -0.029065
49 2 -0.233302
49 3 -0.234627
49 4 -0.238441
49 5 -0.244414
49 6 -0.252614
49 7 -0.26198
49 8 -0.271799
49 9 -0.282146
49 10 -0.293605
49 11 -0.305878
49 12 -0.318504
49 13 -0.331207
49 14 -0.343617
49 15 -0.355496
49 16 -0.36667
49 17 -0.376636
49 18 -0.385401
49 19 -0.393385
49 20 -0.400332
49 21 -0.40673
49 22 -0.411786
49 23 -0.415998
49 24 -0.419726
49 25 -0.422405
49 26 -0.424695
49 27 -0.0528548
49 28 0
49 29 0
49 30 0
49 31 0
49 32 0
49 33 0
49 34 0
49 35 0
49 36 0
49 37 0
49 38 0
49 39 0

50 0 0
50 1 0
50 2 -0.029065
50 3 -0.0291615
50 4 -0.0296242
50 5 -0.0303902
50 6 -0.0313784
50 7 -0.0325622
50 8 -0.033941
50 9 -0.0350956
50 10 -0.036612
50 11 -0.0380499
50 12 -0.0396812
50 13 -0.041244
50 14 -0.0426835
50 15 -0.0442526
50 16 -0.0457021
50 17 -0.0468593
50 18 -0.0479823
50 19 -0.0489416
50 20 -0.0498183
50 21 -0.0506194
50 22 -0.0512313
50 23 -0.0517537
50 24 -0.0522096
50 25 -0.052536
50 26 -0.0528548
50 27 0
50 28 0
50 29 0
50 30 0
50 31 0
50 32 0
50 33 0
50 34 0
50 35 0
50 36 0
50 37 0
50 38 0
50 39 0

51 0 0
51 1 0
51 2 0
51 3 0
51 4 0
51 5 0
51 6 0
51 7 0
51 8 0
51 9 0
51 10 0
51 11 0
51 12 0
51 13 0
51 14 0
51 15 0
51 16 0
51 17 0
51 18 0
51 19 0
51 20 0
51 21 0
51 22 0
51 23 0
51 24 0
51 25 0
51 26 0
51 27 0
51 28 0
51 29 0
51 30 0
51 31 0
51 32 0
51 33 0
51 34 0
51 35 0
51 36 0
51 37 0
51 38 0
51 39 0

