0 0 0
0 0.2 0
0 0.4 0
0 0.6 0
0 0.8 0
0 1 0
0 1.2 0
0 1.4 0
0 1.6 0
0 1.8 0
0 2 0
0 2.2 0
0 2.4 0
0 2.6 0
0 2.8 0
0 3 0
0 3.2 0
0 3.4 0
0 3.6 0
0 3.8 0
0 4 0
0 4.2 0
0 4.4 0
0 4.6 0
0 4.8 0
0 5 0
0 5.2 0
0 5.4 0
0 5.6 0
0 5.8 0
0 6 0
0 6.2 0
0 6.4 0
0 6.6 0
0 6.8 0
0 7 0
0 7.2 0
0 7.4 0
0 7.6 0
0 7.8 0
0 8 0
0 8.2 0
0 8.4 0

0.2 0 0
0.2 0.2 0
0.2 0.4 0.0084424
0.2 0.6 0.00167442
0.2 0.8 -0.00722223
0.2 1 -0.0144317
0.2 1.2 -0.018779
0.2 1.4 -0.0222786
0.2 1.6 -0.0277491
0.2 1.8 -0.0353615
0.2 2 -0.0411201
0.2 2.2 -0.0387636
0.2 2.4 -0.0246845
0.2 2.6 -0.00163017
0.2 2.8 0.0210927
0.2 3 0.0326297
0.2 3.2 0.0274523
0.2 3.4 0.00948445
0.2 3.6 -0.00965892
0.2 3.8 -0.0178852
0.2 4 -0.0107051
0.2 4.2 0.00529742
0.2 4.4 0.0165245
0.2 4.6 0.0115384
0.2 4.8 -0.0105287
0.2 5 -0.0382993
0.2 5.2 -0.0548417
0.2 5.4 -0.0483604
0.2 5.6 -0.0202994
0.2 5.8 0.0152441
0.2 6 0.0403184
0.2 6.2 0
0.2 6.4 0
0.2 6.6 0
0.2 6.8 0
0.2 7 0
0.2 7.2 0
0.2 7.4 0
0.2 7.6 0
0.2 7.8 0
0.2 8 0
0.2 8.2 0
0.2 8.4 0

0.4 0 0
0.4 0.2 0.0084424
0.4 0.4 0.0603734
0.4 0.6 0.0114789
0.4 0.8 -0.0527491
0.4 1 -0.104819
0.4 1.2 -0.136279
0.4 1.4 -0.161721
0.4 1.6 -0.201525
0.4 1.8 -0.256807
0.4 2 -0.298523
0.4 2.2 -0.281426
0.4 2.4 -0.179143
0.4 2.6 -0.0120343
0.4 2.8 0.1526
0.4 3 0.236128
0.4 3.2 0.198473
0.4 3.4 0.0682083
0.4 3.6 -0.07044
0.4 3.8 -0.12977
0.4 4 -0.0775166
0.4 4.2 0.0386182
0.4 4.4 0.119928
0.4 4.6 0.0835627
0.4 4.8 -0.0765925
0.4 5 -0.278136
0.4 5.2 -0.398005
0.4 5.4 -0.3509
0.4 5.6 -0.147308
0.4 5.8 0.110369
0.4 6 0.292035
0.4 6.2 0.0587878
0.4 6.4 0
0.4 6.6 0
0.4 6.8 0
0.4 7 0
0.4 7.2 0
0.4 7.4 0
0.4 7.6 0
0.4 7.8 0
0.4 8 0
0.4 8.2 0
0.4 8.4 0

0.6 0 0
0.6 0.2 0.0294501
0.6 0.4 0.213308
0.6 0.6 0.151263
0.6 0.8 0.0766154
0.6 1 0.0175079
0.6 1.2 -0.0150299
0.6 1.4 -0.0329074
0.6 1.6 -0.0576739
0.6 1.8 -0.0980441
0.6 2 -0.137936
0.6 2.2 -0.144342
0.6 2.4 -0.0927096
0.6 2.6 0.00817156
0.6 2.8 0.114733
0.6 3 0.171975
0.6 3.2 0.150391
0.6 3.4 0.0695995
0.6 3.6 -0.0111463
0.6 3.8 -0.031478
0.6 4 0.0260773
0.6 4.2 0.119911
0.6 4.4 0.172829
0.6 4.6 0.124722
0.6 4.8 -0.0220355
0.6 5 -0.196692
0.6 5.2 -0.300082
0.6 5.4 -0.268882
0.6 5.6 -0.118205
0.6 5.8 0.0633915
0.6 6 0.16804
0.6 6.2 0.133426
0.6 6.4 -0.0156695
0.6 6.6 0
0.6 6.8 0
0.6 7 0
0.6 7.2 0
0.6 7.4 0
0.6 7.6 0
0.6 7.8 0
0.6 8 0
0.6 8.2 0
0.6 8.4 0

0.8 0 0
0.8 0.2 0.0524553
0.8 0.4 0.380957
0.8 0.6 0.302666
0.8 0.8 0.213546
0.8 1 0.143952
0.8 1.2 0.109693
0.8 1.4 0.103491
0.8 1.6 0.102347
0.8 1.8 0.0863071
0.8 2 0.0533295
0.8 2.2 0.0194781
0.8 2.4 0.00601284
0.8 2.6 0.0205883
0.8 2.8 0.0515382
0.8 3 0.0762718
0.8 3.2 0.0799744
0.8 3.4 0.0697751
0.8 3.6 0.070477
0.8 3.8 0.104012
0.8 4 0.167745
0.8 4.2 0.228001
0.8 4.4 0.237574
0.8 4.6 0.169311
0.8 4.8 0.0385814
0.8 5 -0.0972263
0.8 5.2 -0.172437
0.8 5.4 -0.154187
0.8 5.6 -0.0661603
0.8 5.8 0.0224526
0.8 6 0.0376723
0.8 6.2 -0.0563294
0.8 6.4 -0.248111
0.8 6.6 -0.034139
0.8 6.8 0
0.8 7 0
0.8 7.2 0
0.8 7.4 0
0.8 7.6 0
0.8 7.8 0
0.8 8 0
0.8 8.2 0
0.8 8.4 0

1 0 0
1 0.2 0.0547749
1 0.4 0.398063
1 0.6 0.31897
1 0.8 0.228129
1 1 0.156377
1 1.2 0.1241
1 1.4 0.130594
1 1.6 0.155563
1 1.8 0.171522
1 2 0.159339
1 2.2 0.115869
1 2.4 0.0552325
1 2.6 -0.00148709
1 2.8 -0.0353441
1 3 -0.0363376
1 3.2 -0.00328023
1 3.4 0.0583873
1 3.6 0.137531
1 3.8 0.217361
1 4 0.275223
1 4.2 0.289348
1 4.4 0.247896
1 4.6 0.160108
1 4.8 0.0569315
1 5 -0.0221398
1 5.2 -0.0491295
1 5.4 -0.0266108
1 5.6 0.0116277
1 5.8 0.0204869
1 6 -0.0300811
1 6.2 -0.130306
1 6.4 -0.232675
1 6.6 -0.0395796
1 6.8 0
1 7 0
1 7.2 0
1 7.4 0
1 7.6 0
1 7.8 0
1 8 0
1 8.2 0
1 8.4 0

1.2 0 0
1.2 0.2 0.0278603
1.2 0.4 0.202594
1.2 0.6 0.148609
1.2 0.8 0.0803349
1.2 1 0.0220467
1.2 1.2 -0.00452838
1.2 1.4 0.00839207
1.2 1.6 0.0514517
1.2 1.8 0.0989307
1.2 2 0.121221
1.2 2.2 0.0978266
1.2 2.4 0.0302807
1.2 2.6 -0.0568522
1.2 2.8 -0.124453
1.2 3 -0.136505
1.2 3.2 -0.0778264
1.2 3.4 0.0371198
1.2 3.6 0.168897
1.2 3.8 0.268681
1.2 4 0.30128
1.2 4.2 0.259005
1.2 4.4 0.166322
1.2 4.6 0.0675053
1.2 4.8 0.00504471
1.2 5 -0.000151422
1.2 5.2 0.0393034
1.2 5.4 0.085939
1.2 5.6 0.0967064
1.2 5.8 0.0505001
1.2 6 -0.0388843
1.2 6.2 -0.123084
1.2 6.4 -0.143026
1.2 6.6 -0.0546873
1.2 6.8 0.036651
1.2 7 0
1.2 7.2 0
1.2 7.4 0
1.2 7.6 0
1.2 7.8 0
1.2 8 0
1.2 8.2 0
1.2 8.4 0

1.4 0 0
1.4 0.2 -0.0162357
1.4 0.4 -0.117921
1.4 0.6 -0.12438
1.4 0.8 -0.146793
1.4 1 -0.176207
1.4 1.2 -0.197239
1.4 1.4 -0.192343
1.4 1.6 -0.152454
1.4 1.8 -0.0882451
1.4 2 -0.0285266
1.4 2.2 -0.00673452
1.4 2.4 -0.0395921
1.4 2.6 -0.111268
1.4 2.8 -0.178154
1.4 3 -0.189152
1.4 3.2 -0.118139
1.4 3.4 0.0184465
1.4 3.6 0.164795
1.4 3.8 0.253855
1.4 4 0.244809
1.4 4.2 0.145493
1.4 4.4 0.0106974
1.4 4.6 -0.0879357
1.4 4.8 -0.101363
1.4 5 -0.0290059
1.4 5.2 0.0800715
1.4 5.4 0.158975
1.4 5.6 0.157971
1.4 5.8 0.07765
1.4 6 -0.0326006
1.4 6.2 -0.0985598
1.4 6.4 -0.0615453
1.4 6.6 0.0916359
1.4 6.8 0.320561
1.4 7 0.0441924
1.4 7.2 0
1.4 7.4 0
1.4 7.6 0
1.4 7.8 0
1.4 8 0
1.4 8.2 0
1.4 8.4 0

1.6 0 0
1.6 0.2 -0.0537348
1.6 0.4 -0.390475
1.6 0.6 -0.340426
1.6 0.8 -0.301639
1.6 1 -0.292899
1.6 1.2 -0.312752
1.6 1.4 -0.336257
1.6 1.6 -0.329451
1.6 1.8 -0.276258
1.6 2 -0.192494
1.6 2.2 -0.118945
1.6 2.4 -0.0929332
1.6 2.6 -0.119688
1.6 2.8 -0.164344
1.6 3 -0.172542
1.6 3.2 -0.108668
1.6 3.4 0.015833
1.6 3.6 0.142965
1.6 3.8 0.200093
1.6 4 0.146996
1.6 4.2 0.00359691
1.6 4.4 -0.155602
1.6 4.6 -0.243676
1.6 4.8 -0.212079
1.6 5 -0.078174
1.6 5.2 0.0819819
1.6 5.4 0.181765
1.6 5.6 0.171069
1.6 5.8 0.0686721
1.6 6 -0.0526875
1.6 6.2 -0.105995
1.6 6.4 -0.0437887
1.6 6.6 0.114981
1.6 6.8 0.282473
1.6 7 0.079484
1.6 7.2 0
1.6 7.4 0
1.6 7.6 0
1.6 7.8 0
1.6 8 0
1.6 8.2 0
1.6 8.4 0

1.8 0 0
1.8 0.2 -0.0661235
1.8 0.4 -0.480519
1.8 0.6 -0.378929
1.8 0.8 -0.275339
1.8 1 -0.22495
1.8 1.2 -0.248692
1.8 1.4 -0.317899
1.8 1.6 -0.371288
1.8 1.8 -0.35985
1.8 2 -0.277727
1.8 2.2 -0.166515
1.8 2.4 -0.0839122
1.8 2.6 -0.0611365
1.8 2.8 -0.0825931
1.8 3 -0.0969763
1.8 3.2 -0.0608422
1.8 3.4 0.0270689
1.8 3.6 0.117216
1.8 3.8 0.141097
1.8 4 0.0606498
1.8 4.2 -0.0996252
1.8 4.4 -0.259938
1.8 4.6 -0.331159
1.8 4.8 -0.270042
1.8 5 -0.106888
1.8 5.2 0.0685199
1.8 5.4 0.163664
1.8 5.6 0.135176
1.8 5.8 0.0168902
1.8 6 -0.105914
1.8 6.2 -0.146863
1.8 6.4 -0.0733861
1.8 6.6 0.0780056
1.8 6.8 0.223144
1.8 7 0.294005
1.8 7.2 0.0405291
1.8 7.4 0
1.8 7.6 0
1.8 7.8 0
1.8 8 0
1.8 8.2 0
1.8 8.4 0

2 0 0
2 0.2 -0.0528043
2 0.4 -0.383469
2 0.6 -0.242158
2 0.8 -0.0790663
2 1 0.0117928
2 1.2 -0.0160975
2 1.4 -0.135095
2 1.6 -0.260817
2 1.8 -0.310522
2 2 -0.254404
2 2.2 -0.130279
2 2.4 -0.0128495
2 2.6 0.0420498
2 2.8 0.0291918
2 3 -0.0058084
2 3.2 -0.0104129
2 3.4 0.0328368
2 3.6 0.0890409
2 3.8 0.0976848
2 4 0.0208048
2 4.2 -0.122967
2 4.4 -0.261265
2 4.6 -0.313626
2 4.8 -0.244588
2 5 -0.0900026
2 5.2 0.0614477
2 5.4 0.125085
2 5.6 0.0709888
2 5.8 -0.0547583
2 6 -0.165573
2 6.2 -0.185822
2 6.4 -0.102438
2 6.6 0.033677
2 6.8 0.144155
2 7 0.187874
2 7.2 0.0167678
2 7.4 0
2 7.6 0
2 7.8 0
2 8 0
2 8.2 0
2 8.4 0

2.2 0 0
2.2 0.2 -0.0298861
2.2 0.4 -0.216595
2.2 0.6 -0.0477716
2.2 0.8 0.163424
2.2 1 0.290461
2.2 1.2 0.263969
2.2 1.4 0.107497
2.2 1.6 -0.0782547
2.2 1.8 -0.186372
2.2 2 -0.16635
2.2 2.2 -0.0513773
2.2 2.4 0.0743539
2.2 2.6 0.135338
2.2 2.8 0.112408
2.2 3 0.0468363
2.2 3.2 0.00105969
2.2 3.4 0.00823248
2.2 3.6 0.049007
2.2 3.8 0.0692797
2.2 4 0.0267378
2.2 4.2 -0.0727188
2.2 4.4 -0.173456
2.2 4.6 -0.209498
2.2 4.8 -0.151875
2.2 5 -0.0342872
2.2 5.2 0.0671019
2.2 5.4 0.0858158
2.2 5.6 0.00864383
2.2 5.8 -0.111406
2.2 6 -0.193311
2.2 6.2 -0.180644
2.2 6.4 -0.0825056
2.2 6.6 0.0362105
2.2 6.8 0.0975328
2.2 7 0.0631506
2.2 7.2 -0.0659936
2.2 7.4 -0.00912386
2.2 7.6 0
2.2 7.8 0
2.2 8 0
2.2 8.2 0
2.2 8.4 0

2.4 0 0
2.4 0.2 -0.016781
2.4 0.4 -0.121024
2.4 0.6 0.0637031
2.4 0.8 0.303657
2.4 1 0.456217
2.4 1.2 0.438308
2.4 1.4 0.270004
2.4 1.6 0.0568002
2.4 1.8 -0.0831734
2.4 2 -0.0898716
2.4 2.2 0.00800471
2.4 2.4 0.12181
2.4 2.6 0.169324
2.4 2.8 0.124391
2.4 3 0.0297467
2.4 3.2 -0.0451287
2.4 3.4 -0.0543819
2.4 3.6 -0.00717676
2.4 3.8 0.0452831
2.4 4 0.0535986
2.4 4.2 0.00776228
2.4 4.4 -0.0542555
2.4 4.6 -0.0805727
2.4 4.8 -0.0458002
2.4 5 0.0249803
2.4 5.2 0.073925
2.4 5.4 0.0545357
2.4 5.6 -0.0317217
2.4 5.8 -0.129727
2.4 6 -0.170117
2.4 6.2 -0.117303
2.4 6.4 -0.000123302
2.4 6.6 0.107608
2.4 6.8 0.135995
2.4 7 0.0716807
2.4 7.2 -0.0253103
2.4 7.4 -0.00350163
2.4 7.6 0
2.4 7.8 0
2.4 8 0
2.4 8.2 0
2.4 8.4 0

2.6 0 0
2.6 0.2 -0.020994
2.6 0.4 -0.151757
2.6 0.6 0.0325657
2.6 0.8 0.272464
2.6 1 0.429476
2.6 1.2 0.422757
2.6 1.4 0.269588
2.6 1.6 0.0703373
2.6 1.8 -0.0623519
2.6 2 -0.0722438
2.6 2.2 0.0124447
2.6 2.4 0.106757
2.6 2.6 0.131556
2.6 2.8 0.0658471
2.6 3 -0.0455805
2.6 3.2 -0.128353
2.6 3.4 -0.133229
2.6 3.6 -0.0660895
2.6 3.8 0.0213587
2.6 4 0.0725769
2.6 4.2 0.066866
2.6 4.4 0.0286767
2.6 4.6 0.00217609
2.6 4.8 0.0134713
2.6 5 0.0477524
2.6 5.2 0.0640021
2.6 5.4 0.0300419
2.6 5.6 -0.0447822
2.6 5.8 -0.110271
2.6 6 -0.110199
2.6 6.2 -0.0255471
2.6 6.4 0.103299
2.6 6.6 0.201067
2.6 6.8 0.206001
2.6 7 0.119942
2.6 7.2 0.0172521
2.6 7.4 -0.0178309
2.6 7.6 0
2.6 7.8 0
2.6 8 0
2.6 8.2 0
2.6 8.4 0

2.8 0 0
2.8 0.2 -0.0329713
2.8 0.4 -0.239178
2.8 0.6 -0.0797953
2.8 0.8 0.121505
2.8 1 0.252699
2.8 1.2 0.249652
2.8 1.4 0.130759
2.8 1.6 -0.0196433
2.8 1.8 -0.110211
2.8 2 -0.100073
2.8 2.2 -0.0203352
2.8 2.4 0.0533537
2.8 2.6 0.0569398
2.8 2.8 -0.0199487
2.8 3 -0.128382
2.8 3.2 -0.197662
2.8 3.4 -0.18343
2.8 3.6 -0.0968649
2.8 3.8 0.00811128
2.8 4 0.0732406
2.8 4.2 0.0754035
2.8 4.4 0.0361014
2.8 4.6 -0.000798627
2.8 4.8 -0.00561668
2.8 5 0.0158009
2.8 5.2 0.0303315
2.8 5.4 0.0112117
2.8 5.6 -0.0360725
2.8 5.8 -0.0710517
2.8 6 -0.0500087
2.8 6.2 0.0395698
2.8 6.4 0.158259
2.8 6.6 0.238055
2.8 6.8 0.225962
2.8 7 0.122844
2.8 7.2 -0.0180492
2.8 7.4 -0.147049
2.8 7.6 -0.0202163
2.8 7.8 0
2.8 8 0
2.8 8.2 0
2.8 8.4 0

3 0 0
3 0.2 -0.0345017
3 0.4 -0.251105
3 0.6 -0.146506
3 0.8 -0.0221226
3 1 0.0513798
3 1.2 0.0391767
3 1.4 -0.0392176
3 1.6 -0.122777
3 1.8 -0.15333
3 2 -0.113903
3 2.2 -0.0386221
3 2.4 0.0129276
3 2.6 -0.00172565
3 2.8 -0.0769408
3 3 -0.163974
3 3.2 -0.203131
3 3.4 -0.165548
3 3.6 -0.0718804
3 3.8 0.0224704
3 4 0.0647107
3 4.2 0.0398322
3 4.4 -0.0241295
3 4.6 -0.0776184
3 4.8 -0.0865283
3 5 -0.0534083
3 5.2 -0.0115438
3 5.4 0.00538027
3 5.6 -0.00986551
3 5.8 -0.0307948
3 6 -0.0209457
3 6.2 0.0358123
3 6.4 0.115555
3 6.6 0.168656
3 6.8 0.153318
3 7 0.0675464
3 7.2 -0.0485017
3 7.4 -0.140005
3 7.6 -0.0192583
3 7.8 0
3 8 0
3 8.2 0
3 8.4 0

3.2 0 0
3.2 0.2 -0.0142734
3.2 0.4 -0.104631
3.2 0.6 -0.0776351
3.2 0.8 -0.054259
3.2 1 -0.0559633
3.2 1.2 -0.0868524
3.2 1.4 -0.126438
3.2 1.6 -0.143545
3.2 1.8 -0.118666
3.2 2 -0.0593486
3.2 2.2 -0.00022384
3.2 2.4 0.0214225
3.2 2.6 -0.0102004
3.2 2.8 -0.0746391
3.2 3 -0.127807
3.2 3.2 -0.129509
3.2 3.4 -0.0722501
3.2 3.6 0.0119984
3.2 3.8 0.0705334
3.2 4 0.063758
3.2 4.2 -0.00881894
3.2 4.4 -0.107134
3.2 4.6 -0.17484
3.2 4.8 -0.175908
3.2 5 -0.114683
3.2 5.2 -0.0311568
3.2 5.4 0.0273485
3.2 5.6 0.0360711
3.2 5.8 0.00704234
3.2 6 -0.0265799
3.2 6.2 -0.0354958
3.2 6.4 -0.0179342
3.2 6.6 0.00319565
3.2 6.8 5.86626e-05
3.2 7 -0.0352686
3.2 7.2 -0.0841879
3.2 7.4 -0.117978
3.2 7.6 -0.0106208
3.2 7.8 0
3.2 8 0
3.2 8.2 0
3.2 8.4 0

3.4 0 0
3.4 0.2 0.0219922
3.4 0.4 0.158526
3.4 0.6 0.104968
3.4 0.8 0.0317735
3.4 1 -0.0384757
3.4 1.2 -0.082823
3.4 1.4 -0.0864563
3.4 1.6 -0.0494364
3.4 1.8 0.0108221
3.4 2 0.0662798
3.4 2.2 0.0897395
3.4 2.4 0.0706847
3.4 2.6 0.0208219
3.4 2.8 -0.0281519
3.4 3 -0.0436277
3.4 3.2 -0.00971537
3.4 3.4 0.0582131
3.4 3.6 0.120564
3.4 3.8 0.133229
3.4 4 0.0742522
3.4 4.2 -0.0401722
3.4 4.4 -0.160745
3.4 4.6 -0.230242
3.4 4.8 -0.215317
3.4 5 -0.123944
3.4 5.2 -0.00415522
3.4 5.4 0.0854146
3.4 5.6 0.103943
3.4 5.8 0.0504446
3.4 6 -0.0426866
3.4 6.2 -0.130182
3.4 6.4 -0.181341
3.4 6.6 -0.189913
3.4 6.8 -0.170126
3.4 7 -0.137662
3.4 7.2 -0.0983969
3.4 7.4 -0.0448155
3.4 7.6 0.0412221
3.4 7.8 0.00563225
3.4 8 0
3.4 8.2 0
3.4 8.4 0

3.6 0 0
3.6 0.2 0.0541348
3.6 0.4 0.392491
3.6 0.6 0.281981
3.6 0.8 0.146182
3.6 1 0.0403859
3.6 1.2 0.00240155
3.6 1.4 0.0365898
3.6 1.6 0.112045
3.6 1.8 0.181597
3.6 2 0.20756
3.6 2.2 0.177855
3.6 2.4 0.112042
3.6 2.6 0.0462533
3.6 2.8 0.0157088
3.6 3 0.0358829
3.6 3.2 0.0955424
3.6 3.4 0.162446
3.6 3.6 0.196798
3.6 3.8 0.170644
3.6 4 0.0815502
3.6 4.2 -0.0433441
3.6 4.4 -0.155996
3.6 4.6 -0.208245
3.6 4.8 -0.175039
3.6 5 -0.0675196
3.6 5.2 0.0667904
3.6 5.4 0.16641
3.6 5.6 0.182955
3.6 5.8 0.105378
3.6 6 -0.0369384
3.6 6.2 -0.187642
3.6 6.4 -0.292941
3.6 6.6 -0.322384
3.6 6.8 -0.279247
3.6 7 -0.188478
3.6 7.2 -0.0806929
3.6 7.4 0.0200637
3.6 7.6 0.0960007
3.6 7.8 0.0132065
3.6 8 0
3.6 8.2 0
3.6 8.4 0

3.8 0 0
3.8 0.2 0.0619284
3.8 0.4 0.449781
3.8 0.6 0.322957
3.8 0.8 0.1755
3.8 1 0.079139
3.8 1.2 0.0745055
3.8 1.4 0.149741
3.8 1.6 0.248665
3.8 1.8 0.305724
3.8 2 0.285409
3.8 2.2 0.198501
3.8 2.4 0.0934361
3.8 2.6 0.0227529
3.8 2.8 0.0159838
3.8 3 0.0655457
3.8 3.2 0.136518
3.8 3.4 0.187704
3.8 3.6 0.191605
3.8 3.8 0.143593
3.8 4 0.0595687
3.8 4.2 -0.0316597
3.8 4.4 -0.0991335
3.8 4.6 -0.116009
3.8 4.8 -0.070935
3.8 5 0.0274408
3.8 5.2 0.144398
3.8 5.4 0.231609
3.8 5.6 0.243108
3.8 5.8 0.160503
3.8 6 0.00429651
3.8 6.2 -0.169864
3.8 6.4 -0.298644
3.8 6.6 -0.336302
3.8 6.8 -0.279236
3.8 7 -0.158374
3.8 7.2 -0.0235811
3.8 7.4 0.0852691
3.8 7.6 0.148878
3.8 7.8 0.0205194
3.8 8 0
3.8 8.2 0
3.8 8.4 0

4 0 0
4 0.2 0.0395995
4 0.4 0.28839
4 0.6 0.184901
4 0.8 0.0709019
4 1 0.02032
4 1.2 0.0669199
4 1.4 0.181467
4 1.6 0.289448
4 1.8 0.320005
4 2 0.250934
4 2.2 0.119957
4 2.4 -0.00199207
4 2.6 -0.056102
4 2.8 -0.0297268
4 3 0.0425189
4 3.2 0.106534
4 3.4 0.124353
4 3.6 0.092857
4 3.8 0.0383124
4 4 -0.00797201
4 4.2 -0.0274447
4 4.4 -0.020172
4 4.6 0.00695039
4 4.8 0.0492814
4 5 0.107696
4 5.2 0.17553
4 5.4 0.232614
4 5.6 0.245462
4 5.8 0.188878
4 6 0.0654987
4 6.2 -0.084483
4 6.4 -0.201661
4 6.6 -0.236648
4 6.8 -0.179521
4 7 -0.0648212
4 7.2 0.0499795
4 7.4 0.119159
4 7.6 0.135949
4 7.8 -0.00140777
4 8 0
4 8.2 0
4 8.4 0

4.2 0 0
4.2 0.2 0.000616131
4.2 0.4 0.00577935
4.2 0.6 -0.0545764
4.2 0.8 -0.115702
4.2 1 -0.10945
4.2 1.2 -0.0142992
4.2 1.4 0.125651
4.2 1.6 0.226987
4.2 1.8 0.224588
4.2 2 0.116756
4.2 2.2 -0.0337669
4.2 2.4 -0.140463
4.2 2.6 -0.151706
4.2 2.8 -0.0807728
4.2 3 0.00821559
4.2 3.2 0.0474026
4.2 3.4 0.0127112
4.2 3.6 -0.0636203
4.2 3.8 -0.120349
4.2 4 -0.113272
4.2 4.2 -0.0426585
4.2 4.4 0.0490508
4.2 4.6 0.115127
4.2 4.8 0.13479
4.2 5 0.125823
4.2 5.2 0.121194
4.2 5.4 0.139401
4.2 5.6 0.164931
4.2 5.8 0.164205
4.2 6 0.112873
4.2 6.2 0.0245109
4.2 6.4 -0.0573397
4.2 6.6 -0.0838298
4.2 6.8 -0.040817
4.2 7 0.0418848
4.2 7.2 0.105255
4.2 7.4 0.101112
4.2 7.6 0.0160739
4.2 7.8 -0.147047
4.2 8 -0.0201866
4.2 8.2 0
4.2 8.4 0

4.4 0 0
4.4 0.2 -0.0311391
4.4 0.4 -0.225023
4.4 0.6 -0.249906
4.4 0.8 -0.269071
4.4 1 -0.223618
4.4 1.2 -0.103065
4.4 1.4 0.0385087
4.4 1.6 0.116729
4.4 1.8 0.0796695
4.4 2 -0.0527327
4.4 2.2 -0.195851
4.4 2.4 -0.258696
4.4 2.6 -0.205357
4.4 2.8 -0.081486
4.4 3 0.0186555
4.4 3.2 0.0192842
4.4 3.4 -0.0823725
4.4 3.6 -0.214797
4.4 3.8 -0.279779
4.4 4 -0.223057
4.4 4.2 -0.0688927
4.4 4.4 0.096243
4.4 4.6 0.184449
4.4 4.8 0.162457
4.4 5 0.0703121
4.4 5.2 -0.0153035
4.4 5.4 -0.0348442
4.4 5.6 0.013698
4.4 5.8 0.0844085
4.4 6 0.121228
4.4 6.2 0.104984
4.4 6.4 0.0620298
4.4 6.6 0.0397173
4.4 6.8 0.0619843
4.4 7 0.108409
4.4 7.2 0.126217
4.4 7.4 0.073744
4.4 7.6 -0.0453802
4.4 7.8 -0.172345
4.4 8 -0.0237088
4.4 8.2 0
4.4 8.4 0

4.6 0 0
4.6 0.2 -0.0372104
4.6 0.4 -0.269462
4.6 0.6 -0.285014
4.6 0.8 -0.293624
4.6 1 -0.24216
4.6 1.2 -0.127743
4.6 1.4 -0.00843284
4.6 1.6 0.035153
4.6 1.8 -0.0351805
4.6 2 -0.179769
4.6 2.2 -0.29986
4.6 2.4 -0.304984
4.6 2.6 -0.180772
4.6 2.8 -0.00455699
4.6 3 0.10299
4.6 3.2 0.0614809
4.6 3.4 -0.110621
4.6 3.6 -0.302768
4.6 3.8 -0.385714
4.6 4 -0.296711
4.6 4.2 -0.082575
4.6 4.4 0.12995
4.6 4.6 0.21985
4.6 4.8 0.146029
4.6 5 -0.0281795
4.6 5.2 -0.18596
4.6 5.4 -0.232653
4.6 5.6 -0.15539
4.6 5.8 -0.0168205
4.6 6 0.0949578
4.6 6.2 0.132099
4.6 6.4 0.108819
4.6 6.6 0.0782617
4.6 6.8 0.0789772
4.6 7 0.10374
4.6 7.2 0.105681
4.6 7.4 0.0446682
4.6 7.6 -0.071369
4.6 7.8 -0.179139
4.6 8 -0.0246889
4.6 8.2 0
4.6 8.4 0

4.8 0 0
4.8 0.2 -0.0155768
4.8 0.4 -0.112935
4.8 0.6 -0.147565
4.8 0.8 -0.176598
4.8 1 -0.148827
4.8 1.2 -0.0623127
4.8 1.4 0.0229528
4.8 1.6 0.0312155
4.8 1.8 -0.0662049
4.8 2 -0.217465
4.8 2.2 -0.31436
4.8 2.4 -0.271028
4.8 2.6 -0.0897883
4.8 2.8 0.127203
4.8 3 0.23931
4.8 3.2 0.163694
4.8 3.4 -0.0643582
4.8 3.6 -0.306402
4.8 3.8 -0.409617
4.8 4 -0.307084
4.8 4.2 -0.0629249
4.8 4.4 0.168513
4.8 4.6 0.243841
4.8 4.8 0.121446
4.8 5 -0.115827
4.8 5.2 -0.320801
4.8 5.4 -0.377347
4.8 5.6 -0.27136
4.8 5.8 -0.0851354
4.8 6 0.06716
4.8 6.2 0.118428
4.8 6.4 0.0823106
4.8 6.6 0.0264981
4.8 6.8 0.00982178
4.8 7 0.0359754
4.8 7.2 0.058512
4.8 7.4 0.0286198
4.8 7.6 -0.0556641
4.8 7.8 -0.138984
4.8 8 -0.0191782
4.8 8.2 0
4.8 8.4 0

5 0 0
5 0.2 0.0197341
5 0.4 0.143089
5 0.6 0.0744475
5 0.8 0.0091803
5 1 0.00303302
5 1.2 0.0595183
5 1.4 0.119503
5 1.6 0.106197
5 1.8 -0.00728349
5 2 -0.164773
5 2.2 -0.255065
5 2.4 -0.192413
5 2.6 0.0136153
5 2.8 0.249574
5 3 0.364769
5 3.2 0.274293
5 3.4 0.0202505
5 3.6 -0.245409
5 3.8 -0.360275
5 4 -0.255982
5 4.2 -0.00650143
5 4.4 0.221039
5 4.6 0.275657
5 4.8 0.120065
5 5 -0.148198
5 5.2 -0.366757
5 5.4 -0.413121
5 5.6 -0.282193
5 5.8 -0.0747544
5 6 0.0767905
5 6.2 0.100732
5 6.4 0.0208057
5 6.6 -0.0727005
5 6.8 -0.101596
5 7 -0.0535137
5 7.2 0.0162877
5 7.4 0.0411355
5 7.6 0.00140846
5 7.8 -0.0570968
5 8 -0.00688517
5 8.2 0
5 8.4 0

5.2 0 0
5.2 0.2 0.0497355
5.2 0.4 0.360731
5.2 0.6 0.260279
5.2 0.8 0.162062
5.2 1 0.130393
5.2 1.2 0.174074
5.2 1.4 0.232446
5.2 1.6 0.222547
5.2 1.8 0.108837
5.2 2 -0.0574199
5.2 2.2 -0.16445
5.2 2.4 -0.121402
5.2 2.6 0.0690067
5.2 2.8 0.297984
5.2 3 0.41543
5.2 3.2 0.334133
5.2 3.4 0.0923259
5.2 3.6 -0.163023
5.2 3.8 -0.272382
5.2 4 -0.170874
5.2 4.2 0.0672332
5.2 4.4 0.277099
5.2 4.6 0.313413
5.2 4.8 0.147115
5.2 5 -0.117743
5.2 5.2 -0.317245
5.2 5.4 -0.337285
5.2 5.6 -0.186786
5.2 5.8 0.0185155
5.2 6 0.139314
5.2 6.2 0.109521
5.2 6.4 -0.0279376
5.2 6.6 -0.160835
5.2 6.8 -0.194397
5.2 7 -0.115408
5.2 7.2 0.0077328
5.2 7.4 0.0861487
5.2 7.6 0.0802933
5.2 7.8 0.0280933
5.2 8 0.00756719
5.2 8.2 0.00102123
5.2 8.4 0

5.4 0 0
5.4 0.2 0.0628986
5.4 0.4 0.456285
5.4 0.6 0.335728
5.4 0.8 0.216875
5.4 1 0.176139
5.4 1.2 0.229462
5.4 1.4 0.313759
5.4 1.6 0.333467
5.4 1.8 0.236414
5.4 2 0.0615683
5.4 2.2 -0.0819592
5.4 2.4 -0.0921683
5.4 2.6 0.0471565
5.4 2.8 0.245962
5.4 3 0.365217
5.4 3.2 0.314505
5.4 3.4 0.117784
5.4 3.6 -0.0970604
5.4 3.8 -0.186337
5.4 4 -0.0888724
5.4 4.2 0.127344
5.4 4.4 0.3129
5.4 4.6 0.337431
5.4 4.8 0.181106
5.4 5 -0.0532815
5.4 5.2 -0.213242
5.4 5.4 -0.200519
5.4 5.6 -0.0383289
5.4 5.8 0.150369
5.4 6 0.229672
5.4 6.2 0.146527
5.4 6.4 -0.0385931
5.4 6.6 -0.196915
5.4 6.8 -0.227584
5.4 7 -0.120633
5.4 7.2 0.0405355
5.4 7.4 0.149233
5.4 7.6 0.152104
5.4 7.8 0.0825979
5.4 8 0.0230224
5.4 8.2 0.00316161
5.4 8.4 0

5.6 0 0
5.6 0.2 0.0601841
5.6 0.4 0.436519
5.6 0.6 0.305579
5.6 0.8 0.174842
5.6 1 0.134837
5.6 1.2 0.210543
5.6 1.4 0.336955
5.6 1.6 0.403737
5.6 1.8 0.337916
5.6 2 0.159829
5.6 2.2 -0.0257531
5.6 2.4 -0.104505
5.6 2.6 -0.0345548
5.6 2.8 0.122103
5.6 3 0.242753
5.6 3.2 0.234479
5.6 3.4 0.100111
5.6 3.6 -0.0607225
5.6 3.8 -0.125528
5.6 4 -0.0382232
5.6 4.2 0.147844
5.6 4.4 0.305265
5.6 4.6 0.32459
5.6 4.8 0.191685
5.6 5 -2.10964e-05
5.6 5.2 -0.116872
5.6 5.4 -0.0785864
5.6 5.6 0.0833892
5.6 5.8 0.249535
5.6 6 0.296404
5.6 6.2 0.184269
5.6 6.4 -0.0166515
5.6 6.6 -0.176016
5.6 6.8 -0.195792
5.6 7 -0.0745004
5.6 7.2 0.0958608
5.6 7.4 0.200912
5.6 7.6 0.184405
5.6 7.8 0.0839433
5.6 8 -0.00562224
5.6 8.2 -0.000781512
5.6 8.4 0

5.8 0 0
5.8 0.2 0.0502089
5.8 0.4 0.364006
5.8 0.6 0.22486
5.8 0.8 0.080707
5.8 1 0.0373447
5.8 1.2 0.130791
5.8 1.4 0.297012
5.8 1.6 0.414364
5.8 1.8 0.38835
5.8 2 0.219916
5.8 2.2 0.00408061
5.8 2.4 -0.134554
5.8 2.6 -0.129559
5.8 2.8 -0.0135785
5.8 3 0.109587
5.8 3.2 0.143593
5.8 3.4 0.0695306
5.8 3.6 -0.0432637
5.8 3.8 -0.094242
5.8 4 -0.0283276
5.8 4.2 0.119111
5.8 4.4 0.248489
5.8 4.6 0.268323
5.8 4.8 0.164835
5.8 5 0.0144858
5.8 5.2 -0.0719487
5.8 5.4 -0.0283238
5.8 5.6 0.115943
5.8 5.8 0.257493
5.8 6 0.291078
5.8 6.2 0.186831
5.8 6.4 0.0105768
5.8 6.6 -0.121478
5.8 6.8 -0.125688
5.8 7 -0.00828539
5.8 7.2 0.13987
5.8 7.4 0.211581
5.8 7.6 0.157835
5.8 7.8 0.0220346
5.8 8 -0.0942639
5.8 8.2 -0.0130176
5.8 8.4 0

6 0 0
6 0.2 0.0399556
6 0.4 0.289288
6 0.6 0.139519
6 0.8 -0.0244866
6 1 -0.0839663
6 1.2 0.0100853
6 1.4 0.199312
6 1.6 0.356812
6 1.8 0.37333
6 2 0.230004
6 2.2 0.01053
6 2.4 -0.159438
6 2.6 -0.195558
6 2.8 -0.106759
6 3 0.0199439
6 3.2 0.087274
6 3.4 0.0568651
6 3.6 -0.0282177
6 3.8 -0.084412
6 4 -0.0533483
6 4.2 0.0517798
6 4.4 0.156778
6 4.6 0.184763
6 4.8 0.114193
6 5 -0.00296847
6 5.2 -0.0794774
6 5.4 -0.0572918
6 5.6 0.0488135
6 5.8 0.162412
6 6 0.201124
6 6.2 0.138308
6 6.4 0.0212277
6 6.6 -0.06276
6 6.8 -0.0523255
6 7 0.0425441
6 7.2 0.145833
6 7.4 0.170984
6 7.6 0.0832228
6 7.8 -0.0727099
6 8 -0.202122
6 8.2 -0.0279125
6 8.4 0

6.2 0 0
6.2 0.2 0.0290857
6.2 0.4 0.210169
6.2 0.6 0.0521033
6.2 0.8 -0.132301
6.2 1 -0.215802
6.2 1.2 -0.138671
6.2 1.4 0.0515269
6.2 1.6 0.232108
6.2 1.8 0.287289
6.2 2 0.184192
6.2 2.2 -0.0100016
6.2 2.4 -0.175445
6.2 2.6 -0.221771
6.2 2.8 -0.141929
6.2 3 -0.0100061
6.2 3.2 0.0780991
6.2 3.4 0.0697564
6.2 3.6 -0.0107221
6.2 3.8 -0.0899129
6.2 4 -0.101282
6.2 4.2 -0.0358254
6.2 4.4 0.0562067
6.2 4.6 0.104682
6.2 4.8 0.0729562
6.2 5 -0.0163763
6.2 5.2 -0.10063
6.2 5.4 -0.122909
6.2 5.6 -0.0742576
6.2 5.8 0.0052978
6.2 6 0.0584036
6.2 6.2 0.0555179
6.2 6.4 0.0144035
6.2 6.6 -0.016379
6.2 6.8 -7.21721e-05
6.2 7 0.0572955
6.2 7.2 0.106801
6.2 7.4 0.0940029
6.2 7.6 -0.000379914
6.2 7.8 -0.139727
6.2 8 -0.25319
6.2 8.2 -0.0349487
6.2 8.4 0

6.4 0 0
6.4 0.2 0.0124574
6.4 0.4 0.0893607
6.4 0.6 -0.0638988
6.4 0.8 -0.254193
6.4 1 -0.355194
6.4 1.2 -0.30098
6.4 1.4 -0.125954
6.4 1.6 0.0595285
6.4 1.8 0.144404
6.4 2 0.0869681
6.4 2.2 -0.0615149
6.4 2.4 -0.195702
6.4 2.6 -0.227844
6.4 2.8 -0.1438
6.4 3 -0.00705094
6.4 3.2 0.0899395
6.4 3.4 0.087875
6.4 3.6 -0.00160549
6.4 3.8 -0.110073
6.4 4 -0.161437
6.4 4.2 -0.12462
6.4 4.4 -0.0300417
6.4 4.6 0.0547447
6.4 4.8 0.0723826
6.4 5 0.013038
6.4 5.2 -0.085091
6.4 5.4 -0.163559
6.4 5.6 -0.183498
6.4 5.8 -0.144771
6.4 6 -0.0785771
6.4 6.2 -0.0214062
6.4 6.4 0.0097352
6.4 6.6 0.020979
6.4 6.8 0.0275365
6.4 7 0.0351301
6.4 7.2 0.033608
6.4 7.4 0.00633476
6.4 7.6 -0.0520922
6.4 7.8 -0.126036
6.4 8 -0.186153
6.4 8.2 -0.0257107
6.4 8.4 0

6.6 0 0
6.6 0.2 -0.0123198
6.6 0.4 -0.0902279
6.6 0.6 -0.216932
6.6 0.8 -0.386031
6.6 1 -0.482883
6.6 1.2 -0.443699
6.6 1.4 -0.290816
6.6 1.6 -0.115196
6.6 1.8 -0.0152837
6.6 2 -0.0334214
6.6 2.2 -0.133727
6.6 2.4 -0.228679
6.6 2.6 -0.240389
6.6 2.8 -0.151207
6.6 3 -0.0143651
6.6 3.2 0.0845411
6.6 3.4 0.0838789
6.6 3.6 -0.0138114
6.6 3.8 -0.144542
6.6 4 -0.224081
6.6 4.2 -0.202524
6.6 4.4 -0.0921623
6.6 4.6 0.0405333
6.6 4.8 0.118204
6.6 5 0.0975602
6.6 5.2 -0.00712455
6.6 5.4 -0.137266
6.6 5.6 -0.224487
6.6 5.8 -0.229379
6.6 6 -0.158812
6.6 6.2 -0.0550713
6.6 6.4 0.0292979
6.6 6.6 0.06143
6.6 6.8 0.0392001
6.6 7 -0.0118184
6.6 7.2 -0.0577407
6.6 7.4 -0.0745546
6.6 7.6 -0.0585683
6.6 7.8 -0.0256102
6.6 8 0.000179164
6.6 8.2 2.74716e-05
6.6 8.4 0

6.8 0 0
6.8 0.2 -0.0391696
6.8 0.4 -0.284667
6.8 0.6 -0.365487
6.8 0.8 -0.484737
6.8 1 -0.551987
6.8 1.2 -0.513834
6.8 1.4 -0.383671
6.8 1.6 -0.230223
6.8 1.8 -0.132579
6.8 2 -0.128967
6.8 2.2 -0.195794
6.8 2.4 -0.264217
6.8 2.6 -0.267972
6.8 2.8 -0.185883
6.8 3 -0.0582527
6.8 3.2 0.0400227
6.8 3.4 0.0468004
6.8 3.6 -0.0454348
6.8 3.8 -0.181307
6.8 4 -0.275292
6.8 4.2 -0.26115
6.8 4.4 -0.133758
6.8 4.6 0.0464743
6.8 4.8 0.186733
6.8 5 0.214568
6.8 5.2 0.118531
6.8 5.4 -0.0453557
6.8 5.6 -0.187215
6.8 5.8 -0.232942
6.8 6 -0.166232
6.8 6.2 -0.0344886
6.8 6.4 0.0807473
6.8 6.6 0.112302
6.8 6.8 0.0467723
6.8 7 -0.0685092
6.8 7.2 -0.154824
6.8 7.4 -0.149098
6.8 7.6 -0.0427792
6.8 7.8 0.113683
6.8 8 0.237602
6.8 8.2 0.0327854
6.8 8.4 0

7 0 0
7 0.2 -0.0556473
7 0.4 -0.403777
7 0.6 -0.432514
7 0.8 -0.487341
7 1 -0.51009
7 1.2 -0.464067
7 1.4 -0.357652
7 1.6 -0.236154
7 1.8 -0.156535
7 2 -0.150544
7 2.2 -0.205915
7 2.4 -0.271356
7 2.6 -0.290099
7 2.8 -0.234861
7 3 -0.12786
7 3.2 -0.0300366
7 3.4 -0.00374285
7 3.6 -0.0707988
7 3.8 -0.194122
7 4 -0.293299
7 4.2 -0.291588
7 4.4 -0.162602
7 4.6 0.0467052
7 4.8 0.238554
7 5 0.317598
7 5.2 0.247049
7 5.4 0.0719144
7 5.6 -0.104525
7 5.8 -0.182801
7 6 -0.125293
7 6.2 0.020267
7 6.4 0.149504
7 6.6 0.169494
7 6.8 0.0567236
7 7 -0.121924
7 7.2 -0.249407
7 7.4 -0.228379
7 7.6 -0.0454485
7 7.8 0.217162
7 8 0.425417
7 8.2 0.0586829
7 8.4 0

7.2 0 0
7.2 0.2 -0.0514485
7.2 0.4 -0.372766
7.2 0.6 -0.360219
7.2 0.8 -0.357889
7.2 1 -0.340575
7.2 1.2 -0.291885
7.2 1.4 -0.21374
7.2 1.6 -0.130929
7.2 1.8 -0.0775068
7.2 2 -0.0804388
7.2 2.2 -0.139099
7.2 2.4 -0.22019
7.2 2.6 -0.274411
7.2 2.8 -0.262984
7.2 3 -0.18652
7.2 3.2 -0.0871811
7.2 3.4 -0.02886
7.2 3.6 -0.0539374
7.2 3.8 -0.151423
7.2 4 -0.256628
7.2 4.2 -0.283532
7.2 4.4 -0.182338
7.2 4.6 0.023739
7.2 4.8 0.243915
7.2 5 0.367743
7.2 5.2 0.332985
7.2 5.4 0.167291
7.2 5.6 -0.0253504
7.2 5.8 -0.127051
7.2 6 -0.0811833
7.2 6.2 0.0697599
7.2 6.4 0.208598
7.2 6.6 0.22108
7.2 6.8 0.0729766
7.2 7 -0.158419
7.2 7.2 -0.328899
7.2 7.4 -0.313831
7.2 7.6 -0.0930668
7.2 7.8 0.230974
7.2 8 0.4886
7.2 8.2 0.0673931
7.2 8.4 0

7.4 0 0
7.4 0.2 -0.0265765
7.4 0.4 -0.192132
7.4 0.6 -0.160917
7.4 0.8 -0.126082
7.4 1 -0.0919376
7.4 1.2 -0.056444
7.4 1.4 -0.0151871
7.4 1.6 0.0293576
7.4 1.8 0.0604234
7.4 2 0.0538606
7.4 2.2 -0.00568393
7.4 2.4 -0.104563
7.4 2.6 -0.200252
7.4 2.8 -0.240062
7.4 3 -0.198026
7.4 3.2 -0.0959969
7.4 3.4 0.00184431
7.4 3.6 0.0282788
7.4 3.8 -0.0391858
7.4 4 -0.155724
7.4 4.2 -0.231661
7.4 4.4 -0.189685
7.4 4.6 -0.0205837
7.4 4.8 0.200734
7.4 5 0.356679
7.4 5.2 0.360397
7.4 5.4 0.215561
7.4 5.6 0.0186239
7.4 5.8 -0.102308
7.4 6 -0.0706645
7.4 6.2 0.081893
7.4 6.4 0.234606
7.4 6.6 0.256673
7.4 6.8 0.0983167
7.4 7 -0.164366
7.4 7.2 -0.374489
7.4 7.4 -0.388424
7.4 7.6 -0.176282
7.4 7.8 0.155121
7.4 8 0.419519
7.4 8.2 0.0578215
7.4 8.4 0

7.6 0 0
7.6 0.2 0.00722389
7.6 0.4 0.0531318
7.6 0.6 0.0809741
7.6 0.8 0.117974
7.6 1 0.140431
7.6 1.2 0.142733
7.6 1.4 0.141433
7.6 1.6 0.154344
7.6 1.8 0.180007
7.6 2 0.190115
7.6 2.2 0.149496
7.6 2.4 0.0482503
7.6 2.6 -0.0786806
7.6 2.8 -0.164513
7.6 3 -0.155683
7.6 3.2 -0.0507174
7.6 3.4 0.0859438
7.6 3.6 0.163942
7.6 3.8 0.125741
7.6 4 -0.0078198
7.6 4.2 -0.14474
7.6 4.4 -0.180272
7.6 4.6 -0.0701685
7.6 4.8 0.133755
7.6 5 0.310251
7.6 5.2 0.349797
7.6 5.4 0.228476
7.6 5.6 0.0288427
7.6 5.8 -0.113484
7.6 6 -0.102772
7.6 6.2 0.0475394
7.6 6.4 0.220349
7.6 6.6 0.272472
7.6 6.8 0.134996
7.6 7 -0.130325
7.6 7.2 -0.367667
7.6 7.4 -0.424178
7.6 7.6 -0.256262
7.6 7.8 0.037771
7.6 8 0.27527
7.6 8.2 0.0379096
7.6 8.4 0

7.8 0 0
7.8 0.2 0.0339215
7.8 0.4 0.246441
7.8 0.6 0.259039
7.8 0.8 0.277195
7.8 1 0.266786
7.8 1.2 0.224392
7.8 1.4 0.180547
7.8 1.6 0.174547
7.8 1.8 0.215443
7.8 2 0.267564
7.8 2.2 0.271382
7.8 2.4 0.192169
7.8 2.6 0.053512
7.8 2.8 -0.0660828
7.8 3 -0.086255
7.8 3.2 0.0172052
7.8 3.4 0.184694
7.8 3.6 0.305972
7.8 3.8 0.293281
7.8 4 0.14389
7.8 4.2 -0.0491866
7.8 4.4 -0.158454
7.8 4.6 -0.10609
7.8 4.8 0.0768235
7.8 5 0.269798
7.8 5.2 0.340827
7.8 5.4 0.239425
7.8 5.6 0.0323547
7.8 5.8 -0.13939
7.8 6 -0.159349
7.8 6.2 -0.0187178
7.8 6.4 0.175396
7.8 6.6 0.271704
7.8 6.8 0.180021
7.8 7 -0.0602014
7.8 7.2 -0.306012
7.8 7.4 -0.402929
7.8 7.6 -0.293822
7.8 7.8 -0.0586958
7.8 8 0.136257
7.8 8.2 0.0187473
7.8 8.4 0

8 0 0
8 0.2 0.0432768
8 0.4 0.314115
8 0.6 0.313432
8 0.8 0.307681
8 1 0.26105
8 1.2 0.175315
8 1.4 0.0979424
8 1.6 0.0854176
8 1.8 0.155912
8 2 0.263979
8 2.2 0.32781
8 2.4 0.286933
8 2.6 0.153114
8 2.8 0.0117442
8 3 -0.0349101
8 3.2 0.0596158
8 3.4 0.242941
8 3.6 0.394004
8 3.8 0.401909
8 4 0.246349
8 4.2 0.017843
8 4.4 -0.139195
8 4.6 -0.123529
8 4.8 0.0510796
8 5 0.262644
8 5.2 0.361703
8 5.4 0.274706
8 5.6 0.0550914
8 5.8 -0.152391
8 6 -0.211532
8 6.2 -0.0898258
8 6.4 0.118753
8 6.6 0.259249
8 6.8 0.222579
8 7 0.0236576
8 7.2 -0.212469
8 7.4 -0.33513
8 7.6 -0.277283
8 7.8 -0.0983943
8 8 0.0566019
8 8.2 0.00778947
8 8.4 0

8.2 0 0
8.2 0.2 0.036709
8.2 0.4 0.266033
8.2 0.6 0.262342
8.2 0.8 0.244311
8.2 1 0.174078
8.2 1.2 0.0606743
8.2 1.4 -0.0372566
8.2 1.6 -0.0492085
8.2 1.8 0.0490859
8.2 2 0.205967
8.2 2.2 0.322371
8.2 2.4 0.318
8.2 2.6 0.193404
8.2 2.8 0.0363923
8.2 3 -0.0358926
8.2 3.2 0.0398714
8.2 3.4 0.221726
8.2 3.6 0.385426
8.2 3.8 0.409197
8.2 4 0.260274
8.2 4.2 0.0257648
8.2 4.4 -0.143462
8.2 4.6 -0.133513
8.2 4.8 0.0506467
8.2 5 0.28507
8.2 5.2 0.408126
8.2 5.4 0.330884
8.2 5.6 0.0979316
8.2 5.8 -0.143088
8.2 6 -0.240646
8.2 6.2 -0.143049
8.2 6.4 0.0684408
8.2 6.6 0.239074
8.2 6.8 0.247586
8.2 7 0.0892804
8.2 7.2 -0.126862
8.2 7.4 -0.257505
8.2 7.6 -0.229778
8.2 7.8 -0.0876258
8.2 8 0.0418546
8.2 8.2 0.00580751
8.2 8.4 0

8.4 0 0
8.4 0.2 0.0237581
8.4 0.4 0.172243
8.4 0.6 0.178098
8.4 0.8 0.165746
8.4 1 0.0961806
8.4 1.2 -0.0227451
8.4 1.4 -0.1265
8.4 1.6 -0.138959
8.4 1.8 -0.0306532
8.4 2 0.14559
8.4 2.2 0.284547
8.4 2.4 0.29599
8.4 2.6 0.172968
8.4 2.8 0.00206017
8.4 3 -0.0944457
8.4 3.2 -0.0434724
8.4 3.4 0.122085
8.4 3.6 0.282685
8.4 3.8 0.315369
8.4 4 0.183025
8.4 4.2 -0.0322566
8.4 4.4 -0.182276
8.4 4.6 -0.152608
8.4 4.8 0.0517865
8.4 5 0.306501
8.4 5.2 0.445418
8.4 5.4 0.374672
8.4 5.6 0.135093
8.4 5.8 -0.124066
8.4 6 -0.24517
8.4 6.2 -0.166909
8.4 6.4 0.0377958
8.4 6.6 0.2174
8.4 6.8 0.247141
8.4 7 0.113193
8.4 7.2 -0.0851236
8.4 7.4 -0.210171
8.4 7.6 -0.188798
8.4 7.8 -0.0581983
8.4 8 0.0633949
8.4 8.2 0.00881838
8.4 8.4 0

8.6 0 0
8.6 0.2 0.0137162
8.6 0.4 0.0993824
8.6 0.6 0.122111
8.6 0.8 0.132671
8.6 1 0.0859512
8.6 1.2 -0.0150211
8.6 1.4 -0.111595
8.6 1.6 -0.129005
8.6 1.8 -0.0359853
8.6 2 0.12056
8.6 2.2 0.241147
8.6 2.4 0.2392
8.6 2.6 0.106635
8.6 2.8 -0.0746759
8.6 3 -0.186961
8.6 3.2 -0.157802
8.6 3.4 -0.0150941
8.6 3.6 0.130428
8.6 3.8 0.163486
8.6 4 0.0496547
8.6 4.2 -0.133668
8.6 4.4 -0.248093
8.6 4.6 -0.189573
8.6 4.8 0.0315522
8.6 5 0.292198
8.6 5.2 0.432461
8.6 5.4 0.364118
8.6 5.6 0.130613
8.6 5.8 -0.120907
8.6 6 -0.237559
8.6 6.2 -0.16146
8.6 6.4 0.0347563
8.6 6.6 0.20428
8.6 6.8 0.227122
8.6 7 0.0937108
8.6 7.2 -0.0971843
8.6 7.4 -0.210544
8.6 7.6 -0.176698
8.6 7.8 -0.0358389
8.6 8 0.0926894
8.6 8.2 0.0128655
8.6 8.4 0

8.8 0 0
8.8 0.2 0.00817
8.8 0.4 0.0594018
8.8 0.6 0.100261
8.8 0.8 0.140232
8.8 1 0.130504
8.8 1.2 0.0632094
8.8 1.4 -0.0141369
8.8 1.6 -0.0380808
8.8 1.8 0.0210885
8.8 2 0.126559
8.8 2.2 0.19558
8.8 2.4 0.158244
8.8 2.6 0.0120302
8.8 2.8 -0.167454
8.8 3 -0.276564
8.8 3.2 -0.25433
8.8 3.4 -0.130784
8.8 3.6 -0.00607095
8.8 3.8 0.0187114
8.8 4 -0.0817325
8.8 4.2 -0.234022
8.8 4.4 -0.313566
8.8 4.6 -0.233703
8.8 4.8 -0.0127287
8.8 5 0.230589
8.8 5.2 0.352452
8.8 5.4 0.280912
8.8 5.6 0.0663881
8.8 5.8 -0.149438
8.8 6 -0.22924
8.8 6.2 -0.131577
8.8 6.4 0.0636323
8.8 6.6 0.212725
8.8 6.8 0.208287
8.8 7 0.0548103
8.8 7.2 -0.140407
8.8 7.4 -0.241456
8.8 7.6 -0.184969
8.8 7.8 -0.0202424
8.8 8 0.124595
8.8 8.2 0.0172316
8.8 8.4 0

9 0 0
9 0.2 0.00198729
9 0.4 0.014541
9 0.6 0.0672616
9 0.8 0.129833
9 1 0.155058
9 1.2 0.128592
9 1.4 0.0807706
9 1.6 0.058044
9 1.8 0.0821906
9 2 0.126404
9 2.2 0.131471
9 2.4 0.0529805
9 2.6 -0.0989095
9 2.8 -0.255617
9 3 -0.334491
9 3.2 -0.296145
9 3.4 -0.179226
9 3.6 -0.0747796
9 3.8 -0.0651386
9 4 -0.161706
9 4.2 -0.291717
9 4.4 -0.346633
9 4.6 -0.259719
9 4.8 -0.0593024
9 5 0.14384
9 5.2 0.228117
9 5.4 0.145333
9 5.6 -0.042571
9 5.8 -0.203407
9 6 -0.22252
9 6.2 -0.0835371
9 6.4 0.120389
9 6.6 0.248645
9 6.8 0.209671
9 7 0.0277704
9 7.2 -0.177053
9 7.4 -0.26691
9 7.6 -0.185011
9 7.8 0.00740193
9 8 0.172271
9 8.2 0.0237745
9 8.4 0

9.2 0 0
9.2 0.2 -0.00949089
9.2 0.4 -0.0690515
9.2 0.6 -0.0187953
9.2 0.8 0.0439324
9.2 1 0.0861259
9.2 1.2 0.0952213
9.2 1.4 0.0862287
9.2 1.6 0.0819084
9.2 1.8 0.088843
9.2 2 0.084995
9.2 2.2 0.0353567
9.2 2.4 -0.0741811
9.2 2.6 -0.215825
9.2 2.8 -0.326875
9.2 3 -0.349697
9.2 3.2 -0.273
9.2 3.4 -0.148988
9.2 3.6 -0.0610642
9.2 3.8 -0.0711954
9.2 4 -0.17208
9.2 4.2 -0.288892
9.2 4.4 -0.328175
9.2 4.6 -0.24464
9.2 4.8 -0.0764528
9.2 5 0.0740503
9.2 5.2 0.110142
9.2 5.4 0.0102403
9.2 5.6 -0.15294
9.2 5.8 -0.256374
9.2 6 -0.21109
9.2 6.2 -0.026815
9.2 6.4 0.18976
9.2 6.6 0.301394
9.2 6.8 0.234331
9.2 7 0.0303043
9.2 7.2 -0.180111
9.2 7.4 -0.258531
9.2 7.6 -0.155464
9.2 7.8 0.0591067
9.2 8 0.240581
9.2 8.2 0.0331611
9.2 8.4 0

9.4 0 0
9.4 0.2 -0.0232151
9.4 0.4 -0.168738
9.4 0.6 -0.142512
9.4 0.8 -0.11324
9.4 1 -0.0850074
9.4 1.2 -0.0555314
9.4 1.4 -0.0214017
9.4 1.6 0.0135908
9.4 1.8 0.0314112
9.4 2 0.00580087
9.4 2.2 -0.0773734
9.4 2.4 -0.202368
9.4 2.6 -0.321161
9.4 2.8 -0.374015
9.4 3 -0.327959
9.4 3.2 -0.201963
9.4 3.4 -0.0633669
9.4 3.6 0.00960099
9.4 3.8 -0.0229339
9.4 4 -0.133215
9.4 4.2 -0.241334
9.4 4.4 -0.267047
9.4 4.6 -0.184639
9.4 4.8 -0.0444382
9.4 5 0.0588748
9.4 5.2 0.0506059
9.4 5.4 -0.0684322
9.4 5.6 -0.215352
9.4 5.8 -0.277588
9.4 6 -0.187424
9.4 6.2 0.0248825
9.4 6.4 0.244836
9.4 6.6 0.343756
9.4 6.8 0.262068
9.4 7 0.0530034
9.4 7.2 -0.150292
9.4 7.4 -0.216001
9.4 7.6 -0.101646
9.4 7.8 0.119846
9.4 8 0.306491
9.4 8.2 0.0422216
9.4 8.4 0

9.6 0 0
9.6 0.2 -0.0279334
9.6 0.4 -0.202977
9.6 0.6 -0.228112
9.6 0.8 -0.270387
9.6 1 -0.29024
9.6 1.2 -0.26064
9.6 1.4 -0.184065
9.6 1.6 -0.0938238
9.6 1.8 -0.0405088
9.6 2 -0.0626521
9.6 2.2 -0.161973
9.6 2.4 -0.294775
9.6 2.6 -0.39127
9.6 2.8 -0.391239
9.6 3 -0.283083
9.6 3.2 -0.112553
9.6 3.4 0.0361826
9.6 3.6 0.0906648
9.6 3.8 0.0324274
9.6 4 -0.0897519
9.6 4.2 -0.189409
9.6 4.4 -0.196669
9.6 4.6 -0.103836
9.6 4.8 0.0266689
9.6 5 0.104234
9.6 5.2 0.0689504
9.6 5.4 -0.0624223
9.6 5.6 -0.203649
9.6 5.8 -0.250813
9.6 6 -0.151892
9.6 6.2 0.0541016
9.6 6.4 0.257039
9.6 6.6 0.341522
9.6 6.8 0.260515
9.6 7 0.0687673
9.6 7.2 -0.111635
9.6 7.4 -0.163574
9.6 7.6 -0.0529596
9.6 7.8 0.152982
9.6 8 0.326494
9.6 8.2 0.0449972
9.6 8.4 0

9.8 0 0
9.8 0.2 -0.0126752
9.8 0.4 -0.0920885
9.8 0.6 -0.192849
9.8 0.8 -0.334472
9.8 1 -0.428479
9.8 1.2 -0.416173
9.8 1.4 -0.302869
9.8 1.6 -0.152635
9.8 1.8 -0.0519783
9.8 2 -0.0596714
9.8 2.2 -0.170091
9.8 2.4 -0.315826
9.8 2.6 -0.405015
9.8 2.8 -0.373961
9.8 3 -0.226372
9.8 3.2 -0.0318827
9.8 3.4 0.113256
9.8 3.6 0.141298
9.8 3.8 0.0533171
9.8 4 -0.0826768
9.8 4.2 -0.173699
9.8 4.4 -0.157389
9.8 4.6 -0.0418032
9.8 4.8 0.100936
9.8 5 0.180321
9.8 5.2 0.144274
9.8 5.4 0.014728
9.8 5.6 -0.124818
9.8 5.8 -0.181749
9.8 6 -0.11185
9.8 6.2 0.0499931
9.8 6.4 0.210544
9.8 6.6 0.275674
9.8 6.8 0.208562
9.8 7 0.0546615
9.8 7.2 -0.0873899
9.8 7.4 -0.126234
9.8 7.6 -0.035995
9.8 7.8 0.129317
9.8 8 0.267931
9.8 8.2 0.0369299
9.8 8.4 0

10 0 0
10 0.2 0.0228346
10 0.4 0.166096
10 0.6 -0.019537
10 0.8 -0.266109
10 1 -0.43841
10 1.2 -0.449702
10 1.4 -0.306699
10 1.6 -0.102937
10 1.8 0.0390769
10 2 0.0410276
10 2.2 -0.088213
10 2.4 -0.26026
10 2.6 -0.362992
10 2.8 -0.327628
10 3 -0.169377
10 3.2 0.0259681
10 3.4 0.151503
10 3.6 0.145315
10 3.8 0.0248537
10 4 -0.127311
10 4.2 -0.21214
10 4.4 -0.174158
10 4.6 -0.032068
10 4.8 0.13508
10 5 0.237275
10 5.2 0.22458
10 5.4 0.116063
10 5.6 -0.0165803
10 5.8 -0.0942892
10 6 -0.0768613
10 6.2 0.01445
10 6.4 0.114379
10 6.6 0.156139
10 6.8 0.112699
10 7 0.0126243
10 7.2 -0.0800768
10 7.4 -0.10636
10 7.6 -0.050098
10 7.8 0.0538698
10 8 0.139975
10 8.2 0.0193157
10 8.4 0

10.2 0 0
10.2 0.2 0.0644283
10.2 0.4 0.468178
10.2 0.6 0.212178
10.2 0.8 -0.114631
10.2 1 -0.344288
10.2 1.2 -0.368664
10.2 1.4 -0.200538
10.2 1.6 0.0415605
10.2 1.8 0.207798
10.2 2 0.204232
10.2 2.2 0.0456184
10.2 2.4 -0.162342
10.2 2.6 -0.291549
10.2 2.8 -0.269336
10.2 3 -0.118868
10.2 3.2 0.0601515
10.2 3.4 0.156834
10.2 3.6 0.114472
10.2 3.8 -0.0370732
10.2 4 -0.204587
10.2 4.2 -0.288196
10.2 4.4 -0.238332
10.2 4.6 -0.0805395
10.2 4.8 0.106105
10.2 5 0.235034
10.2 5.2 0.259005
10.2 5.4 0.188392
10.2 5.6 0.0773023
10.2 5.8 -0.0140437
10.2 6 -0.0498737
10.2 6.2 -0.0340775
10.2 6.4 0.00104287
10.2 6.6 0.0204316
10.2 6.8 0.00704293
10.2 7 -0.0303801
10.2 7.2 -0.0674576
10.2 7.4 -0.0811014
10.2 7.6 -0.0645925
10.2 7.8 -0.0311856
10.2 8 -0.00496832
10.2 8.2 -0.000659081
10.2 8.4 0

10.4 0 0
10.4 0.2 0.090521
10.4 0.4 0.657705
10.4 0.6 0.369559
10.4 0.8 0.0119084
10.4 1 -0.231502
10.4 1.2 -0.247255
10.4 1.4 -0.0566955
10.4 1.6 0.205179
10.4 1.8 0.372501
10.4 2 0.348826
10.4 2.2 0.157191
10.4 2.4 -0.0821803
10.4 2.6 -0.232037
10.4 2.8 -0.22101
10.4 3 -0.0819434
10.4 3.2 0.0778399
10.4 3.4 0.145874
10.4 3.6 0.073997
10.4 3.8 -0.0988792
10.4 4 -0.275199
10.4 4.2 -0.359932
10.4 4.4 -0.311365
10.4 4.6 -0.158244
10.4 4.8 0.0264546
10.4 5 0.16766
10.4 5.2 0.224395
10.4 5.4 0.200186
10.4 5.6 0.127303
10.4 5.8 0.0435615
10.4 6 -0.0251016
10.4 6.2 -0.0691262
10.4 6.4 -0.0878578
10.4 6.6 -0.0853405
10.4 6.8 -0.067139
10.4 7 -0.0421889
10.4 7.2 -0.0239744
10.4 7.4 -0.0231387
10.4 7.6 -0.0431611
10.4 7.8 -0.0751143
10.4 8 -0.103377
10.4 8.2 -0.0142367
10.4 8.4 0

10.6 0 0
10.6 0.2 0.086544
10.6 0.4 0.628341
10.6 0.6 0.356434
10.6 0.8 0.0264229
10.6 1 -0.183137
10.6 1.2 -0.167509
10.6 1.4 0.0418013
10.6 1.6 0.30253
10.6 1.8 0.450168
10.6 2 0.397735
10.6 2.2 0.181914
10.6 2.4 -0.0674456
10.6 2.6 -0.214027
10.6 2.8 -0.195998
10.6 3 -0.0576283
10.6 3.2 0.0883783
10.6 3.4 0.135399
10.6 3.6 0.0462892
10.6 3.8 -0.131521
10.6 4 -0.302502
10.6 4.2 -0.382484
10.6 4.4 -0.342861
10.6 4.6 -0.214521
10.6 4.8 -0.0597726
10.6 5 0.0657898
10.6 5.2 0.136393
10.6 5.4 0.153302
10.6 5.6 0.12982
10.6 5.8 0.0774384
10.6 6 0.00606654
10.6 6.2 -0.0691029
10.6 6.4 -0.123493
10.6 6.6 -0.132314
10.6 6.8 -0.0885854
10.6 7 -0.0123885
10.6 7.2 0.0534304
10.6 7.4 0.069652
10.6 7.6 0.0240489
10.6 7.8 -0.0570487
10.6 8 -0.124564
10.6 8.2 -0.017167
10.6 8.4 0

10.8 0 0
10.8 0.2 0.0556139
10.8 0.4 0.403378
10.8 0.6 0.187382
10.8 0.8 -0.0704974
10.8 1 -0.212855
10.8 1.2 -0.155155
10.8 1.4 0.0616637
10.8 1.6 0.299137
10.8 1.8 0.409586
10.8 2 0.327813
10.8 2.2 0.106686
10.8 2.4 -0.12219
10.8 2.6 -0.234102
10.8 2.8 -0.186257
10.8 3 -0.0368818
10.8 3.2 0.100662
10.8 3.4 0.132078
10.8 3.6 0.0369243
10.8 3.8 -0.127946
10.8 4 -0.273299
10.8 4.2 -0.333008
10.8 4.4 -0.297134
10.8 4.6 -0.203209
10.8 4.8 -0.100421
10.8 5 -0.0192571
10.8 5.2 0.0371538
10.8 5.4 0.0781289
10.8 5.6 0.102482
10.8 5.8 0.0970257
10.8 6 0.0497483
10.8 6.2 -0.0293312
10.8 6.4 -0.101817
10.8 6.6 -0.121883
10.8 6.8 -0.0678732
10.8 7 0.0376869
10.8 7.2 0.134116
10.8 7.4 0.16338
10.8 7.6 0.105127
10.8 7.8 -0.00341303
10.8 8 -0.0921119
10.8 8.2 -0.0127062
10.8 8.4 0

11 0 0
11 0.2 0.0178424
11 0.4 0.128726
11 0.6 -0.0169954
11 0.8 -0.187184
11 1 -0.256582
11 1.2 -0.165383
11 1.4 0.0380097
11 1.6 0.230007
11 1.8 0.291073
11 2 0.184734
11 2.2 -0.0216629
11 2.4 -0.202711
11 2.6 -0.256016
11 2.8 -0.165182
11 3 -0.0028268
11 3.2 0.121603
11 3.4 0.133499
11 3.6 0.0356514
11 3.8 -0.10386
11 4 -0.203983
11 4.2 -0.221764
11 4.4 -0.173278
11 4.6 -0.106763
11 4.8 -0.0630228
11 5 -0.0459005
11 5.2 -0.0295422
11 5.4 0.010118
11 5.6 0.068509
11 5.8 0.110867
11 6 0.101541
11 6.2 0.0366535
11 6.4 -0.0439785
11 6.6 -0.0809511
11 6.8 -0.0385321
11 7 0.0669469
11 7.2 0.171123
11 7.4 0.206237
11 7.6 0.146463
11 7.8 0.030385
11 8 -0.0642908
11 8.2 -0.00886578
11 8.4 0

11.2 0 0
11.2 0.2 -0.00280224
11.2 0.4 -0.021239
11.2 0.6 -0.110173
11.2 0.8 -0.209036
11.2 1 -0.226083
11.2 1.2 -0.126639
11.2 1.4 0.0394766
11.2 1.6 0.168696
11.2 1.8 0.175678
11.2 2 0.0519515
11.2 2.2 -0.125826
11.2 2.4 -0.245675
11.2 2.6 -0.234847
11.2 2.8 -0.105049
11.2 3 0.0576175
11.2 3.2 0.153127
11.2 3.4 0.132497
11.2 3.6 0.0254398
11.2 3.8 -0.0863899
11.2 4 -0.130012
11.2 4.2 -0.0883003
11.2 4.4 -0.00551842
11.2 4.6 0.052034
11.2 4.8 0.0472363
11.2 5 -0.00226181
11.2 5.2 -0.0422014
11.2 5.4 -0.0271092
11.2 5.6 0.043366
11.2 5.8 0.12164
11.2 6 0.150475
11.2 6.2 0.106921
11.2 6.4 0.0221407
11.2 6.6 -0.0398839
11.2 6.8 -0.0310935
11.2 7 0.0454238
11.2 7.2 0.132953
11.2 7.4 0.165099
11.2 7.6 0.110974
11.2 7.8 0.00313429
11.2 8 -0.0870416
11.2 8.2 -0.0119801
11.2 8.4 0

11.4 0 0
11.4 0.2 0.00528804
11.4 0.4 0.0376476
11.4 0.6 -0.024481
11.4 0.8 -0.0862209
11.4 1 -0.0853594
11.4 1.2 -0.00493877
11.4 1.4 0.106493
11.4 1.6 0.168703
11.4 1.8 0.126548
11.4 2 -0.00574271
11.4 2.2 -0.1495
11.4 2.4 -0.21169
11.4 2.6 -0.14963
11.4 2.8 -0.000821113
11.4 3 0.1415
11.4 3.2 0.190279
11.4 3.4 0.123356
11.4 3.6 -0.00314298
11.4 3.8 -0.0948602
11.4 4 -0.0851892
11.4 4.2 0.0208377
11.4 4.4 0.151562
11.4 4.6 0.221536
11.4 4.8 0.189841
11.4 5 0.0870741
11.4 5.2 -0.0097548
11.4 5.4 -0.0334239
11.4 5.6 0.0279082
11.4 5.8 0.123898
11.4 6 0.182349
11.4 6.2 0.160862
11.4 6.4 0.0753124
11.4 6.6 -0.0142518
11.4 6.8 -0.0515867
11.4 7 -0.0234735
11.4 7.2 0.0305738
11.4 7.4 0.0526527
11.4 7.6 0.00996847
11.4 7.8 -0.0777108
11.4 8 -0.155066
11.4 8.2 -0.0213091
11.4 8.4 0

11.6 0 0
11.6 0.2 0.0334053
11.6 0.4 0.242269
11.6 0.6 0.179
11.6 0.8 0.120805
11.6 1 0.111187
11.6 1.2 0.155992
11.6 1.4 0.213895
11.6 1.6 0.22277
11.6 1.8 0.149776
11.6 2 0.0206016
11.6 2.2 -0.0912132
11.6 2.4 -0.112707
11.6 2.6 -0.0250187
11.6 2.8 0.118922
11.6 3 0.225067
11.6 3.2 0.220822
11.6 3.4 0.105939
11.6 3.6 -0.0450845
11.6 3.8 -0.128944
11.6 4 -0.0832251
11.6 4.2 0.0727637
11.6 4.4 0.24904
11.6 4.6 0.34449
11.6 4.8 0.309964
11.6 5 0.178592
11.6 5.2 0.0389091
11.6 5.4 -0.0250933
11.6 5.6 0.0130686
11.6 5.8 0.109935
11.6 6 0.187632
11.6 6.2 0.188632
11.6 6.4 0.110278
11.6 6.6 0.00148529
11.6 6.8 -0.078988
11.6 7 -0.102518
11.6 7.2 -0.0871965
11.6 7.4 -0.0758148
11.6 7.6 -0.100544
11.6 7.8 -0.157208
11.6 8 -0.213004
11.6 8.2 -0.0292596
11.6 8.4 0

11.8 0 0
11.8 0.2 0.0589309
11.8 0.4 0.427611
11.8 0.6 0.350405
11.8 0.8 0.278108
11.8 1 0.246061
11.8 1.2 0.259743
11.8 1.4 0.284654
11.8 1.6 0.271811
11.8 1.8 0.196868
11.8 2 0.0848945
11.8 2.2 -0.00169469
11.8 2.4 -0.00563059
11.8 2.6 0.0802449
11.8 2.8 0.201041
11.8 3 0.270413
11.8 3.2 0.227713
11.8 3.4 0.0834403
11.8 3.6 -0.0829533
11.8 3.8 -0.168109
11.8 4 -0.112555
11.8 4.2 0.0624998
11.8 4.4 0.26329
11.8 4.6 0.383224
11.8 4.8 0.364948
11.8 5 0.233354
11.8 5.2 0.0745996
11.8 5.4 -0.0203261
11.8 5.6 -0.010519
11.8 5.8 0.0746362
11.8 6 0.162899
11.8 6.2 0.188087
11.8 6.4 0.130226
11.8 6.6 0.0214377
11.8 6.8 -0.084818
11.8 7 -0.14751
11.8 7.2 -0.163841
11.8 7.4 -0.157119
11.8 7.6 -0.156454
11.8 7.8 -0.172141
11.8 8 -0.196417
11.8 8.2 -0.0269586
11.8 8.4 0

12 0 0
12 0.2 0.0609299
12 0.4 0.442462
12 0.6 0.356729
12 0.8 0.269573
12 1 0.221121
12 1.2 0.222607
12 1.4 0.248214
12 1.6 0.252421
12 1.8 0.207223
12 2 0.125227
12 2.2 0.055067
12 2.4 0.045186
12 2.6 0.106298
12 2.8 0.196302
12 3 0.244446
12 3.2 0.197753
12 3.4 0.0621144
12 3.6 -0.0955925
12 3.8 -0.184369
12 4 -0.145313
12 4.2 0.00988076
12 4.4 0.202735
12 4.6 0.334591
12 4.8 0.343187
12 5 0.236854
12 5.2 0.0855363
12 5.4 -0.025058
12 5.6 -0.0436594
12 5.8 0.0201639
12 6 0.109874
12 6.2 0.160328
12 6.4 0.136622
12 6.6 0.0504711
12 6.8 -0.0563652
12 7 -0.137931
12 7.2 -0.171932
12 7.4 -0.161851
12 7.6 -0.129947
12 7.8 -0.09866
12 8 -0.0836364
12 8.2 -0.0114361
12 8.4 0

12.2 0 0
12.2 0.2 0.0348662
12.2 0.4 0.253135
12.2 0.6 0.170758
12.2 0.8 0.0774972
12.2 1 0.0244804
12.2 1.2 0.036541
12.2 1.4 0.0932591
12.2 1.6 0.147303
12.2 1.8 0.155425
12.2 2 0.110928
12.2 2.2 0.0463549
12.2 2.4 0.010123
12.2 2.6 0.0291699
12.2 2.8 0.0881693
12.2 3 0.137853
12.2 3.2 0.127885
12.2 3.4 0.045494
12.2 3.6 -0.07311
12.2 3.8 -0.159205
12.2 4 -0.156421
12.2 4.2 -0.0547694
12.2 4.4 0.0981672
12.2 4.6 0.226144
12.2 4.8 0.26599
12.2 5 0.20476
12.2 5.2 0.0830619
12.2 5.4 -0.0293537
12.2 5.6 -0.0763718
12.2 5.8 -0.0442564
12.2 6 0.0350548
12.2 6.2 0.106054
12.2 6.4 0.123703
12.2 6.6 0.0775658
12.2 6.8 -0.00879305
12.2 7 -0.0903221
12.2 7.2 -0.130074
12.2 7.4 -0.112126
12.2 7.6 -0.0493568
12.2 7.8 0.0274661
12.2 8 0.0829711
12.2 8.2 0.011484
12.2 8.4 0

12.4 0 0
12.4 0.2 -0.00541709
12.4 0.4 -0.0392928
12.4 0.6 -0.111103
12.4 0.8 -0.205099
12.4 1 -0.254384
12.4 1.2 -0.221373
12.4 1.4 -0.118695
12.4 1.6 -0.00168585
12.4 1.8 0.0679566
12.4 2 0.0590607
12.4 2.2 -0.0108535
12.4 2.4 -0.089395
12.4 2.6 -0.123854
12.4 2.8 -0.0949093
12.4 3 -0.0271632
12.4 3.2 0.029584
12.4 3.4 0.0331355
12.4 3.6 -0.0206298
12.4 3.8 -0.0951508
12.4 4 -0.136962
12.4 4.2 -0.108502
12.4 4.4 -0.0150675
12.4 4.6 0.0984742
12.4 4.8 0.172761
12.4 5 0.169005
12.4 5.2 0.0916454
12.4 5.4 -0.0152788
12.4 5.6 -0.0937751
12.4 5.8 -0.105414
12.4 6 -0.0521659
12.4 6.2 0.0281568
12.4 6.4 0.0844381
12.4 6.6 0.0837326
12.4 6.8 0.0285901
12.4 7 -0.0436033
12.4 7.2 -0.0851972
12.4 7.4 -0.0624949
12.4 7.6 0.0223899
12.4 7.8 0.13431
12.4 8 0.222241
12.4 8.2 0.030635
12.4 8.4 0

12.6 0 0
12.6 0.2 -0.0379533
12.6 0.4 -0.275522
12.6 0.6 -0.339945
12.6 0.8 -0.435977
12.6 1 -0.484949
12.6 1.2 -0.43516
12.6 1.4 -0.294742
12.6 1.6 -0.123571
12.6 1.8 -0.00221827
12.6 2 0.0158416
12.6 2.2 -0.0672805
12.6 2.4 -0.194472
12.6 2.6 -0.287454
12.6 2.8 -0.290972
12.6 3 -0.203853
12.6 3.2 -0.0762375
12.6 3.4 0.0213009
12.6 3.6 0.0405165
12.6 3.8 -0.0160972
12.6 4 -0.09936
12.6 4.2 -0.144501
12.6 4.4 -0.111878
12.6 4.6 -0.0124095
12.6 4.8 0.0992859
12.6 5 0.158899
12.6 5.2 0.130887
12.6 5.4 0.0308472
12.6 5.6 -0.0841042
12.6 5.8 -0.150991
12.6 6 -0.137823
12.6 6.2 -0.0619372
12.6 6.4 0.0231356
12.6 6.6 0.0632244
12.6 6.8 0.0372849
12.6 7 -0.0276761
12.6 7.2 -0.0763507
12.6 7.4 -0.0592296
12.6 7.6 0.0333898
12.6 7.8 0.164175
12.6 8 0.269794
12.6 8.2 0.0371412
12.6 8.4 0

12.8 0 0
12.8 0.2 -0.0479742
12.8 0.4 -0.348042
12.8 0.6 -0.413165
12.8 0.8 -0.516277
12.8 1 -0.572579
12.8 1.2 -0.523625
12.8 1.4 -0.36951
12.8 1.6 -0.171129
12.8 1.8 -0.0189255
12.8 2 0.0159282
12.8 2.2 -0.0790962
12.8 2.4 -0.247621
12.8 2.6 -0.394127
12.8 2.8 -0.43396
12.8 3 -0.34193
12.8 3.2 -0.163821
12.8 3.4 0.00744762
12.8 3.6 0.0873811
12.8 3.8 0.048045
12.8 4 -0.0672457
12.8 4.2 -0.170046
12.8 4.4 -0.183807
12.8 4.6 -0.0892908
12.8 4.8 0.0627852
12.8 5 0.183717
12.8 5.2 0.201544
12.8 5.4 0.105463
12.8 5.6 -0.0484716
12.8 5.8 -0.17352
12.8 6 -0.205842
12.8 6.2 -0.142402
12.8 6.4 -0.0382027
12.8 6.6 0.0324255
12.8 6.8 0.0268861
12.8 7 -0.0395366
12.8 7.2 -0.105391
12.8 7.4 -0.10619
12.8 7.6 -0.0213795
12.8 7.8 0.112221
12.8 8 0.221465
12.8 8.2 0.0304758
12.8 8.4 0

13 0 0
13 0.2 -0.0364439
13 0.4 -0.264378
13 0.6 -0.333271
13 0.8 -0.44075
13 1 -0.508647
13 1.2 -0.477402
13 1.4 -0.340303
13 1.6 -0.148337
13 1.8 0.00976226
13 2 0.0552102
13 2.2 -0.0384433
13 2.4 -0.224918
13 2.6 -0.405728
13 2.8 -0.480408
13 3 -0.403659
13 3.2 -0.212487
13 3.4 -0.00719462
13 3.6 0.105554
13 3.8 0.0764865
13 4 -0.0570991
13 4.2 -0.194406
13 4.4 -0.232808
13 4.6 -0.132584
13 4.8 0.0574475
13 5 0.229039
13 5.2 0.282496
13 5.4 0.186576
13 5.6 -0.00125023
13 5.8 -0.174691
13 6 -0.243155
13 6.2 -0.188183
13 6.4 -0.068048
13 6.6 0.0256359
13 6.8 0.0301188
13 7 -0.0471844
13 7.2 -0.138952
13 7.4 -0.167063
13 7.6 -0.0995687
13 7.8 0.0273098
13 8 0.132421
13 8.2 0.0182279
13 8.4 0

13.2 0 0
13.2 0.2 -0.0167367
13.2 0.4 -0.121412
13.2 0.6 -0.184184
13.2 0.8 -0.280798
13.2 1 -0.352699
13.2 1.2 -0.349362
13.2 1.4 -0.255089
13.2 1.6 -0.101851
13.2 1.8 0.0403482
13.2 2 0.0960334
13.2 2.2 0.0264226
13.2 2.4 -0.14184
13.2 2.6 -0.324941
13.2 2.8 -0.422486
13.2 3 -0.376949
13.2 3.2 -0.210119
13.2 3.4 -0.0145135
13.2 3.6 0.0991377
13.2 3.8 0.0714653
13.2 4 -0.0686404
13.2 4.2 -0.217112
13.2 4.4 -0.261295
13.2 4.6 -0.151205
13.2 4.8 0.064856
13.2 5 0.267609
13.2 5.2 0.340949
13.2 5.4 0.243855
13.2 5.6 0.0352721
13.2 5.8 -0.16323
13.2 6 -0.245199
13.2 6.2 -0.183994
13.2 6.4 -0.0436918
13.2 6.6 0.0687319
13.2 6.8 0.0763566
13.2 7 -0.0179419
13.2 7.2 -0.139031
13.2 7.4 -0.195789
13.2 7.6 -0.146854
13.2 7.8 -0.0276736
13.2 8 0.0737032
13.2 8.2 0.0101606
13.2 8.4 0

13.4 0 0
13.4 0.2 -0.00270797
13.4 0.4 -0.0199686
13.4 0.6 -0.0566905
13.4 0.8 -0.117196
13.4 1 -0.175327
13.4 1.2 -0.19911
13.4 1.4 -0.164807
13.4 1.6 -0.0749589
13.4 1.8 0.0327861
13.4 2 0.0995358
13.4 2.2 0.0769473
13.4 2.4 -0.0356139
13.4 2.6 -0.184425
13.4 2.8 -0.284965
13.4 3 -0.275002
13.4 3.2 -0.157321
13.4 3.4 -0.00348465
13.4 3.6 0.0873681
13.4 3.8 0.0541036
13.4 4 -0.0818586
13.4 4.2 -0.225161
13.4 4.4 -0.265889
13.4 4.6 -0.152938
13.4 4.8 0.0674447
13.4 5 0.275155
13.4 5.2 0.351415
13.4 5.4 0.253319
13.4 5.6 0.0431316
13.4 5.8 -0.15176
13.4 6 -0.219992
13.4 6.2 -0.135298
13.4 6.4 0.0298755
13.4 6.6 0.157727
13.4 6.8 0.163179
13.4 7 0.0505636
13.4 7.2 -0.0970813
13.4 7.4 -0.176582
13.4 7.6 -0.139789
13.4 7.8 -0.0227788
13.4 8 0.0808529
13.4 8.2 0.0111748
13.4 8.4 0

13.6 0 0
13.6 0.2 0.00125974
13.6 0.4 0.00848077
13.6 0.6 0.0178611
13.6 0.8 0.0185151
13.6 1 -0.00646698
13.6 1.2 -0.0508984
13.6 1.4 -0.084322
13.6 1.6 -0.0748764
13.6 1.8 -0.0169838
13.6 2 0.0560495
13.6 2.2 0.0924603
13.6 2.4 0.0604376
13.6 2.6 -0.0257089
13.6 2.8 -0.108697
13.6 3 -0.128453
13.6 3.2 -0.0674692
13.6 3.4 0.0312716
13.6 3.6 0.0895548
13.6 3.8 0.0519709
13.6 4 -0.0712641
13.6 4.2 -0.200521
13.6 4.4 -0.239002
13.6 4.6 -0.138809
13.6 4.8 0.0593797
13.6 5 0.24542
13.6 5.2 0.308897
13.6 5.4 0.21241
13.6 5.6 0.0186025
13.6 5.8 -0.148088
13.6 6 -0.182476
13.6 6.2 -0.0663693
13.6 6.4 0.120127
13.6 6.6 0.254261
13.6 6.8 0.251341
13.6 7 0.121064
13.6 7.2 -0.0447367
13.6 7.4 -0.1359
13.6 7.6 -0.100939
13.6 7.8 0.0215307
13.6 8 0.132929
13.6 8.2 0.0183491
13.6 8.4 0

13.8 0 0
13.8 0.2 0.00106004
13.8 0.4 0.0067308
13.8 0.6 0.0714009
13.8 0.8 0.145581
13.8 1 0.165995
13.8 1.2 0.108117
13.8 1.4 0.00686172
13.8 1.6 -0.071386
13.8 1.8 -0.0756707
13.8 2 -0.00704794
13.8 2.2 0.08249
13.8 2.4 0.132977
13.8 2.6 0.117433
13.8 2.8 0.062718
13.8 3 0.0224784
13.8 3.2 0.0329581
13.8 3.4 0.0809931
13.8 3.6 0.112949
13.8 3.8 0.0789714
13.8 4 -0.0225992
13.8 4.2 -0.134684
13.8 4.4 -0.177371
13.8 4.6 -0.106798
13.8 4.8 0.0464726
13.8 5 0.190831
13.8 5.2 0.232504
13.8 5.4 0.141712
13.8 5.6 -0.0231259
13.8 5.8 -0.149538
13.8 6 -0.147377
13.8 6.2 -0.00895237
13.8 6.4 0.181745
13.8 6.6 0.305386
13.8 6.8 0.285529
13.8 7 0.14057
13.8 7.2 -0.0320948
13.8 7.4 -0.120651
13.8 7.6 -0.0765503
13.8 7.8 0.0571333
13.8 8 0.177754
13.8 8.2 0.0244942
13.8 8.4 0

14 0 0
14 0.2 0.00444266
14 0.4 0.031338
14 0.6 0.145874
14 0.8 0.289246
14 1 0.354603
14 1.2 0.289204
14 1.4 0.128484
14 1.6 -0.0322578
14 1.8 -0.101673
14 2 -0.0516769
14 2.2 0.0707109
14 2.4 0.182266
14 2.6 0.222403
14 2.8 0.191018
14 3 0.135471
14 3.2 0.108167
14 3.4 0.121753
14 3.6 0.143614
14 3.8 0.126772
14 4 0.0548214
14 4.2 -0.038331
14 4.4 -0.0905231
14 4.6 -0.0597082
14 4.8 0.0378672
14 5 0.133995
14 5.2 0.154151
14 5.4 0.0745764
14 5.6 -0.0557074
14 5.8 -0.144194
14 6 -0.118865
14 6.2 0.0179937
14 6.4 0.185996
14 6.6 0.278224
14 6.8 0.233537
14 7 0.0792102
14 7.2 -0.0861322
14 7.4 -0.157378
14 7.6 -0.094624
14 7.8 0.0527958
14 8 0.180013
14 8.2 0.0247644
14 8.4 0

14.2 0 0
14.2 0.2 0.0118867
14.2 0.4 0.0857219
14.2 0.6 0.234205
14.2 0.8 0.427299
14.2 1 0.527363
14.2 1.2 0.460477
14.2 1.4 0.259871
14.2 1.6 0.0395136
14.2 1.8 -0.083347
14.2 2 -0.0582524
14.2 2.2 0.071172
14.2 2.4 0.209625
14.2 2.6 0.274691
14.2 2.8 0.248996
14.2 3 0.177579
14.2 3.2 0.125006
14.2 3.4 0.123566
14.2 3.6 0.153655
14.2 3.8 0.166857
14.2 4 0.131454
14.2 4.2 0.0591572
14.2 4.4 -0.00205169
14.2 4.6 -0.0100574
14.2 4.8 0.0360077
14.2 5 0.0917896
14.2 5.2 0.0998872
14.2 5.4 0.0389385
14.2 5.6 -0.057139
14.2 5.8 -0.117943
14.2 6 -0.0912435
14.2 6.2 0.0163777
14.2 6.4 0.135614
14.2 6.6 0.181069
14.2 6.8 0.109745
14.2 7 -0.0432286
14.2 7.2 -0.185009
14.2 7.4 -0.225332
14.2 7.6 -0.137895
14.2 7.8 0.0219757
14.2 8 0.151428
14.2 8.2 0.020817
14.2 8.4 0

14.4 0 0
14.4 0.2 0.0149523
14.4 0.4 0.108445
14.4 0.6 0.272257
14.4 0.8 0.488952
14.4 1 0.608683
14.4 1.2 0.548313
14.4 1.4 0.338257
14.4 1.6 0.0966979
14.4 1.8 -0.0489595
14.4 2 -0.041941
14.4 2.2 0.0775297
14.4 2.4 0.209678
14.4 2.6 0.266087
14.4 2.8 0.224958
14.4 3 0.134083
14.4 3.2 0.0671026
14.4 3.4 0.0669945
14.4 3.6 0.119275
14.4 3.8 0.170422
14.4 4 0.173766
14.4 4.2 0.124192
14.4 4.4 0.0582611
14.4 4.6 0.0222957
14.4 4.8 0.03254
14.4 5 0.0651497
14.4 5.2 0.0756471
14.4 5.4 0.0410018
14.4 5.6 -0.0222039
14.4 5.8 -0.0667831
14.4 6 -0.0557567
14.4 6.2 0.00522212
14.4 6.4 0.0644595
14.4 6.6 0.0612168
14.4 6.8 -0.0277456
14.4 7 -0.164233
14.4 7.2 -0.267738
14.4 7.4 -0.268244
14.4 7.6 -0.15565
14.4 7.8 0.011025
14.4 8 0.137452
14.4 8.2 0.0189163
14.4 8.4 0

14.6 0 0
14.6 0.2 0.00420928
14.6 0.4 0.0308861
14.6 0.6 0.193903
14.6 0.8 0.407169
14.6 1 0.53044
14.6 1.2 0.485349
14.6 1.4 0.300098
14.6 1.6 0.0850125
14.6 1.8 -0.0427824
14.6 2 -0.0335925
14.6 2.2 0.0713738
14.6 2.4 0.176816
14.6 2.6 0.201149
14.6 2.8 0.130779
14.6 3 0.0201601
14.6 3.2 -0.0521043
14.6 3.4 -0.0408714
14.6 3.6 0.0383865
14.6 3.8 0.125456
14.6 4 0.163004
14.6 4.2 0.134356
14.6 4.4 0.0705312
14.6 4.6 0.0207703
14.6 4.8 0.0138136
14.6 5 0.0406359
14.6 5.2 0.0657103
14.6 5.4 0.0617235
14.6 5.6 0.0293507
14.6 5.8 -0.00362563
14.6 6 -0.0114968
14.6 6.2 0.00511852
14.6 6.4 0.0134094
14.6 6.6 -0.0228284
14.6 6.8 -0.112187
14.6 7 -0.217091
14.6 7.2 -0.274491
14.6 7.4 -0.236029
14.6 7.6 -0.10649
14.6 7.8 0.0553821
14.6 8 0.171076
14.6 8.2 0.0236041
14.6 8.4 0

14.8 0 0
14.8 0.2 -0.0200243
14.8 0.4 -0.144981
14.8 0.6 0.00237498
14.8 0.8 0.187277
14.8 1 0.296774
14.8 1.2 0.271542
14.8 1.4 0.138515
14.8 1.6 -0.0103795
14.8 1.8 -0.0835921
14.8 2 -0.0502233
14.8 2.2 0.0451996
14.8 2.4 0.117739
14.8 2.6 0.103059
14.8 2.8 0.00305791
14.8 3 -0.120821
14.8 3.2 -0.190067
14.8 3.4 -0.164056
14.8 3.6 -0.063211
14.8 3.8 0.0479895
14.8 4 0.106939
14.8 4.2 0.0935815
14.8 4.4 0.035156
14.8 4.6 -0.0169165
14.8 4.8 -0.0276556
14.8 5 0.00285933
14.8 5.2 0.0452285
14.8 5.4 0.0689668
14.8 5.6 0.0642321
14.8 5.8 0.0452692
14.8 6 0.0302406
14.8 6.2 0.0228157
14.8 6.4 0.00648347
14.8 6.6 -0.0377613
14.8 6.8 -0.108386
14.8 7 -0.174157
14.8 7.2 -0.189374
14.8 7.4 -0.125455
14.8 7.6 0.00269935
14.8 7.8 0.141599
14.8 8 0.233495
14.8 8.2 0.0322505
14.8 8.4 0

15 0 0
15 0.2 -0.0443154
15 0.4 -0.321184
15 0.6 -0.205343
15 0.8 -0.0716833
15 1 0.00705163
15 1.2 -0.00290972
15 1.4 -0.0739945
15 1.6 -0.139804
15 1.8 -0.14204
15 2 -0.0742914
15 2.2 0.0155905
15 2.4 0.057542
15 2.6 0.010856
15 2.8 -0.107021
15 3 -0.230966
15 3.2 -0.2894
15 3.4 -0.25164
15 3.6 -0.143437
15 3.8 -0.0283623
15 4 0.0348081
15 4.2 0.0274963
15 4.4 -0.0245446
15 4.6 -0.072819
15 4.8 -0.0830331
15 5 -0.0508338
15 5.2 -0.00099973
15 5.4 0.0389825
15 5.6 0.0549087
15 5.8 0.0548945
15 6 0.0509516
15 6.2 0.0482063
15 6.4 0.0376511
15 6.6 0.00986651
15 6.8 -0.0321015
15 7 -0.0638705
15 7.2 -0.0553852
15 7.4 0.00920061
15 7.6 0.112631
15 7.8 0.207357
15 8 0.0608881
15 8.2 0
15 8.4 0

15.2 0 0
15.2 0.2 -0.0500427
15.2 0.4 -0.362809
15.2 0.6 -0.295084
15.2 0.8 -0.228673
15.2 1 -0.195393
15.2 1.2 -0.201333
15.2 1.4 -0.221409
15.2 1.6 -0.215395
15.2 1.8 -0.159177
15.2 2 -0.0681883
15.2 2.2 0.0106125
15.2 2.4 0.0265068
15.2 2.6 -0.0385367
15.2 2.8 -0.155129
15.2 3 -0.263015
15.2 3.2 -0.305367
15.2 3.4 -0.264245
15.2 3.6 -0.167832
15.2 3.8 -0.0713156
15.2 4 -0.0211177
15.2 4.2 -0.0295871
15.2 4.4 -0.0740454
15.2 4.6 -0.115293
15.2 4.8 -0.126154
15.2 5 -0.103182
15.2 5.2 -0.0640272
15.2 5.4 -0.0274144
15.2 5.6 -0.00206286
15.2 5.8 0.0179249
15.2 6 0.0395352
15.2 6.2 0.0632601
15.2 6.4 0.0796976
15.2 6.6 0.0788424
15.2 6.8 0.0626228
15.2 7 0.0469878
15.2 7.2 0.0532623
15.2 7.4 0.0913645
15.2 7.6 0.151029
15.2 7.8 0.205874
15.2 8 0.0284496
15.2 8.2 0
15.2 8.4 0

15.4 0 0
15.4 0.2 -0.0282045
15.4 0.4 -0.204022
15.4 0.6 -0.193348
15.4 0.8 -0.196891
15.4 1 -0.211914
15.4 1.2 -0.225619
15.4 1.4 -0.217395
15.4 1.6 -0.171632
15.4 1.8 -0.09257
15.4 2 -0.00687828
15.4 2.2 0.0458091
15.4 2.4 0.0378714
15.4 2.6 -0.0304694
15.4 2.8 -0.12647
15.4 3 -0.20455
15.4 3.2 -0.229001
15.4 3.4 -0.196311
15.4 3.6 -0.130749
15.4 3.8 -0.0711591
15.4 4 -0.0444218
15.4 4.2 -0.0545056
15.4 4.4 -0.0852038
15.4 4.6 -0.113559
15.4 4.8 -0.126805
15.4 5 -0.124452
15.4 5.2 -0.114898
15.4 5.4 -0.101341
15.4 5.6 -0.0812408
15.4 5.8 -0.0466854
15.4 6 0.00302562
15.4 6.2 0.0589762
15.4 6.4 0.104065
15.4 6.6 0.124489
15.4 6.8 0.118587
15.4 7 0.098607
15.4 7.2 0.0804376
15.4 7.4 0.0733765
15.4 7.6 0.0763162
15.4 7.8 0.0823237
15.4 8 0.0113896
15.4 8.2 0
15.4 8.4 0

15.6 0 0
15.6 0.2 0.0113331
15.6 0.4 0.0831683
15.6 0.6 0.0443959
15.6 0.8 -0.00991383
15.6 1 -0.0585263
15.6 1.2 -0.0805359
15.6 1.4 -0.0653209
15.6 1.6 -0.0171621
15.6 1.8 0.04382
15.6 2 0.0904892
15.6 2.2 0.101744
15.6 2.4 0.0720476
15.6 2.6 0.0150238
15.6 2.8 -0.0440332
15.6 3 -0.0831435
15.6 3.2 -0.0923976
15.6 3.4 -0.0793921
15.6 3.6 -0.0595195
15.6 3.8 -0.0460156
15.6 4 -0.0430997
15.6 4.2 -0.0464438
15.6 4.4 -0.0504451
15.6 4.6 -0.0555852
15.6 4.8 -0.0674708
15.6 5 -0.0902914
15.6 5.2 -0.120928
15.6 5.4 -0.143416
15.6 5.6 -0.140636
15.6 5.8 -0.101749
15.6 6 -0.0336499
15.6 6.2 0.0420924
15.6 6.4 0.0993651
15.6 6.6 0.121406
15.6 6.8 0.108006
15.6 7 0.0709766
15.6 7.2 0.0248258
15.6 7.4 -0.0224068
15.6 7.6 -0.0702857
15.6 7.8 -0.115278
15.6 8 -0.0158656
15.6 8.2 0
15.6 8.4 0

15.8 0 0
15.8 0.2 0.0441304
15.8 0.4 0.321257
15.8 0.6 0.260747
15.8 0.8 0.193151
15.8 1 0.143384
15.8 1.2 0.126303
15.8 1.4 0.139782
15.8 1.6 0.165394
15.8 1.8 0.178993
15.8 2 0.167157
15.8 2.2 0.131061
15.8 2.4 0.0880726
15.8 2.6 0.0567173
15.8 2.8 0.0459708
15.8 3 0.0490045
15.8 3.2 0.0493533
15.8 3.4 0.0329428
15.8 3.6 0.000907685
15.8 3.8 -0.0312026
15.8 4 -0.0431088
15.8 4.2 -0.0246663
15.8 4.4 0.012979
15.8 4.6 0.044329
15.8 4.8 0.0420301
15.8 5 -0.0015052
15.8 5.2 -0.0703099
15.8 5.4 -0.128869
15.8 5.6 -0.146677
15.8 5.8 -0.111863
15.8 6 -0.0418597
15.8 6.2 0.0305288
15.8 6.4 0.0733688
15.8 6.6 0.0743795
15.8 6.8 0.0406206
15.8 7 -0.0098768
15.8 7.2 -0.0633415
15.8 7.4 -0.118086
15.8 7.6 -0.182699
15.8 7.8 -0.272865
15.8 8 -0.0376083
15.8 8.2 0
15.8 8.4 0

16 0 0
16 0.2 0.0478256
16 0.4 0.347793
16 0.6 0.303623
16 0.8 0.266827
16 1 0.252014
16 1.2 0.260825
16 1.4 0.276306
16 1.6 0.27261
16 1.8 0.233198
16 2 0.163841
16 2.2 0.0922833
16 2.4 0.051904
16 2.6 0.0597236
16 2.8 0.102698
16 3 0.14463
16 3.2 0.147122
16 3.4 0.0968617
16 3.6 0.014776
16 3.8 -0.0533035
16 4 -0.066231
16 4.2 -0.013407
16 4.4 0.075823
16 4.6 0.149903
16 4.8 0.163934
16 5 0.109568
16 5.2 0.0160985
16 5.4 -0.0646481
16 5.6 -0.0938793
16 5.8 -0.0644061
16 6 -0.00588763
16 6.2 0.039955
16 6.4 0.0438298
16 6.6 0.00516464
16 6.8 -0.0518154
16 7 -0.100026
16 7.2 -0.125976
16 7.4 -0.13832
16 7.6 -0.153826
16 7.8 -0.0588089
16 8 0
16 8.2 0
16 8.4 0

16.2 0 0
16.2 0.2 0.0193016
16.2 0.4 0.140099
16.2 0.6 0.141083
16.2 0.8 0.16257
16.2 1 0.204507
16.2 1.2 0.251783
16.2 1.4 0.276276
16.2 1.6 0.25119
16.2 1.8 0.172493
16.2 2 0.0672538
16.2 2.2 -0.0157423
16.2 2.4 -0.033382
16.2 2.6 0.0222901
16.2 2.8 0.115822
16.2 3 0.186574
16.2 3.2 0.183118
16.2 3.4 0.0985875
16.2 3.6 -0.0237174
16.2 3.8 -0.113799
16.2 4 -0.116476
16.2 4.2 -0.0254476
16.2 4.4 0.110766
16.2 4.6 0.220587
16.2 4.8 0.248507
16.2 5 0.190941
16.2 5.2 0.0908233
16.2 5.4 0.0106184
16.2 5.6 -0.0108296
16.2 5.8 0.0218483
16.2 6 0.0649336
16.2 6.2 0.0717808
16.2 6.4 0.0218599
16.2 6.6 -0.0639355
16.2 6.8 -0.14038
16.2 7 -0.168415
16.2 7.2 -0.140481
16.2 7.4 -0.0831934
16.2 7.6 -0.0389481
16.2 7.8 -0.00535757
16.2 8 0
16.2 8.2 0
16.2 8.4 0

16.4 0 0
16.4 0.2 -0.0212793
16.4 0.4 -0.15512
16.4 0.6 -0.106866
16.4 0.8 -0.0312622
16.4 1 0.0590093
16.4 1.2 0.136841
16.4 1.4 0.169295
16.4 1.6 0.133564
16.4 1.8 0.0382778
16.4 2 -0.0732659
16.4 2.2 -0.141214
16.4 2.4 -0.122482
16.4 2.6 -0.0216611
16.4 2.8 0.107854
16.4 3 0.190497
16.4 3.2 0.172273
16.4 3.4 0.0584356
16.4 3.6 -0.0897038
16.4 3.8 -0.185962
16.4 4 -0.172035
16.4 4.2 -0.0521409
16.4 4.4 0.109748
16.4 4.6 0.231004
16.4 4.8 0.25724
16.4 5 0.196289
16.4 5.2 0.104717
16.4 5.4 0.0485908
16.4 5.6 0.0580348
16.4 5.8 0.109425
16.4 6 0.143865
16.4 6.2 0.111932
16.4 6.4 0.0083917
16.4 6.6 -0.120836
16.4 6.8 -0.208372
16.4 7 -0.207506
16.4 7.2 -0.119833
16.4 7.4 0.0080537
16.4 7.6 0.113982
16.4 7.8 0.0157292
16.4 8 0
16.4 8.2 0
16.4 8.4 0

16.6 0 0
16.6 0.2 -0.0437194
16.6 0.4 -0.318367
16.6 0.6 -0.250638
16.6 0.8 -0.157121
16.6 1 -0.0559682
16.6 1.2 0.0242164
16.6 1.4 0.0514582
16.6 1.6 0.0109409
16.6 1.8 -0.0806007
16.6 2 -0.173917
16.6 2.2 -0.210236
16.6 2.4 -0.155629
16.6 2.6 -0.0268472
16.6 2.8 0.112556
16.6 3 0.184631
16.6 3.2 0.14423
16.6 3.4 0.0094991
16.6 3.6 -0.145447
16.6 3.8 -0.232197
16.6 4 -0.201083
16.6 4.2 -0.0706058
16.6 4.4 0.0849675
16.6 4.6 0.183011
16.6 4.8 0.182989
16.6 5 0.110556
16.6 5.2 0.0345367
16.6 5.4 0.0192579
16.6 5.6 0.0773567
16.6 5.8 0.162345
16.6 6 0.199806
16.6 6.2 0.14076
16.6 6.4 -0.00284311
16.6 6.6 -0.161171
16.6 6.8 -0.25013
16.6 7 -0.222261
16.6 7.2 -0.0939886
16.6 7.4 0.0725609
16.6 7.6 0.228936
16.6 7.8 0.0315842
16.6 8 0
16.6 8.2 0
16.6 8.4 0

16.8 0 0
16.8 0.2 -0.02998
16.8 0.4 -0.218289
16.8 0.6 -0.17256
16.8 0.8 -0.110313
16.8 1 -0.0445127
16.8 1.2 0.00254572
16.8 1.4 0.00831422
16.8 1.6 -0.0354962
16.8 1.8 -0.11047
16.8 2 -0.172462
16.8 2.2 -0.175723
16.8 2.4 -0.100639
16.8 2.6 0.0269914
16.8 2.8 0.143493
16.8 3 0.182597
16.8 3.2 0.115554
16.8 3.4 -0.0258144
16.8 3.6 -0.166046
16.8 3.8 -0.227692
16.8 4 -0.180131
16.8 4.2 -0.0582365
16.8 4.4 0.0598855
16.8 4.6 0.103064
16.8 4.8 0.0539778
16.8 5 -0.0397562
16.8 5.2 -0.0995265
16.8 5.4 -0.0691058
16.8 5.6 0.0431309
16.8 5.8 0.167291
16.8 6 0.216782
16.8 6.2 0.146288
16.8 6.4 -0.0158338
16.8 6.6 -0.181309
16.8 6.8 -0.258844
16.8 7 -0.209505
16.8 7.2 -0.0729925
16.8 7.4 0.0547667
16.8 7.6 0.0391464
16.8 7.8 0
16.8 8 0
16.8 8.2 0
16.8 8.4 0

17 0 0
17 0.2 0.0113951
17 0.4 0.0825152
17 0.6 0.0762636
17 0.8 0.0746064
17 1 0.0747829
17 1.2 0.0697011
17 1.4 0.0466805
17 1.6 0.00410343
17 1.8 -0.0454275
17 2 -0.0731775
17 2.2 -0.0529691
17 2.4 0.0189144
17 2.6 0.113337
17 2.8 0.178422
17 3 0.169468
17 3.2 0.0795137
17 3.4 -0.050896
17 3.6 -0.15407
17 3.8 -0.175337
17 4 -0.110008
17 4.2 -0.00836037
17 4.4 0.05436
17 4.6 0.0270465
17 4.8 -0.0797301
17 5 -0.19804
17 5.2 -0.243874
17 5.4 -0.17395
17 5.6 -0.0175888
17 5.8 0.137039
17 6 0.198033
17 6.2 0.128063
17 6.4 -0.0299165
17 6.6 -0.177157
17 6.8 -0.225013
17 7 -0.149045
17 7.2 -0.00826304
17 7.4 0.0977691
17 7.6 0.0134968
17 7.8 0
17 8 0
17 8.2 0
17 8.4 0

17.2 0 0
17.2 0.2 0.0495547
17.2 0.4 0.360152
17.2 0.6 0.303956
17.2 0.8 0.240501
17.2 1 0.181065
17.2 1.2 0.132126
17.2 1.4 0.0933777
17.2 1.6 0.0645995
17.2 1.8 0.0483144
17.2 2 0.053754
17.2 2.2 0.0852254
17.2 2.4 0.133443
17.2 2.6 0.173329
17.2 2.8 0.172436
17.2 3 0.114804
17.2 3.2 0.0141077
17.2 3.4 -0.0855117
17.2 3.6 -0.132898
17.2 3.8 -0.102573
17.2 4 -0.0165697
17.2 4.2 0.0633613
17.2 4.4 0.0715617
17.2 4.6 -0.018473
17.2 4.8 -0.171189
17.2 5 -0.303834
17.2 5.2 -0.336228
17.2 5.4 -0.240386
17.2 5.6 -0.063146
17.2 5.8 0.099363
17.2 6 0.159309
17.2 6.2 0.093283
17.2 6.4 -0.0435122
17.2 6.6 -0.150807
17.2 6.8 -0.150428
17.2 7 -0.0389239
17.2 7.2 0.104833
17.2 7.4 0.168657
17.2 7.6 0.0232719
17.2 7.8 0
17.2 8 0
17.2 8.2 0
17.2 8.4 0

17.4 0 0
17.4 0.2 0.0531801
17.4 0.4 0.386686
17.4 0.6 0.31348
17.4 0.8 0.225062
17.4 1 0.142393
17.4 1.2 0.0838803
17.4 1.4 0.0563104
17.4 1.6 0.0592606
17.4 1.8 0.0842367
17.4 2 0.120982
17.4 2.2 0.155872
17.4 2.4 0.172459
17.4 2.6 0.154323
17.4 2.8 0.0939658
17.4 3 0.00190885
17.4 3.2 -0.0906353
17.4 3.4 -0.142414
17.4 3.6 -0.124247
17.4 3.8 -0.0403345
17.4 4 0.0653943
17.4 4.2 0.128287
17.4 4.4 0.0976458
17.4 4.6 -0.0288669
17.4 4.8 -0.197668
17.4 5 -0.323558
17.4 5.2 -0.338477
17.4 5.4 -0.232495
17.4 5.6 -0.0631616
17.4 5.8 0.0770182
17.4 6 0.116121
17.4 6.2 0.0491252
17.4 6.4 -0.0594655
17.4 6.6 -0.114796
17.4 6.8 -0.0560565
17.4 7 0.100779
17.4 7.2 0.259108
17.4 7.4 0.058997
17.4 7.6 0
17.4 7.8 0
17.4 8 0
17.4 8.2 0
17.4 8.4 0

17.6 0 0
17.6 0.2 0.0139395
17.6 0.4 0.101546
17.6 0.6 0.0542808
17.6 0.8 -0.0112821
17.6 1 -0.0707006
17.6 1.2 -0.101254
17.6 1.4 -0.09226
17.6 1.6 -0.0458641
17.6 1.8 0.0210818
17.6 2 0.0853439
17.6 2.2 0.121748
17.6 2.4 0.111387
17.6 2.6 0.0511886
17.6 2.8 -0.0457479
17.6 3 -0.146317
17.6 3.2 -0.211054
17.6 3.4 -0.207288
17.6 3.6 -0.128663
17.6 3.8 -0.00409949
17.6 4 0.111302
17.6 4.2 0.159433
17.6 4.4 0.109757
17.6 4.6 -0.0197165
17.6 4.8 -0.168656
17.6 5 -0.262189
17.6 5.2 -0.25368
17.6 5.4 -0.151226
17.6 5.6 -0.0161042
17.6 5.8 0.0750994
17.6 6 0.0749947
17.6 6.2 -0.000783891
17.6 6.4 -0.0831794
17.6 6.6 -0.0897257
17.6 6.8 0.022175
17.6 7 0.225835
17.6 7.2 0.430634
17.6 7.4 0.059368
17.6 7.6 0
17.6 7.8 0
17.6 8 0
17.6 8.2 0
17.6 8.4 0

17.8 0 0
17.8 0.2 -0.0456132
17.8 0.4 -0.331223
17.8 0.6 -0.326569
17.8 0.8 -0.339125
17.8 1 -0.348084
17.8 1.2 -0.333079
17.8 1.4 -0.283069
17.8 1.6 -0.200386
17.8 1.8 -0.103918
17.8 2 -0.0221888
17.8 2.2 0.0149802
17.8 2.4 -0.00803699
17.8 2.6 -0.0855889
17.8 2.8 -0.187688
17.8 3 -0.27073
17.8 3.2 -0.294672
17.8 3.4 -0.240542
17.8 3.6 -0.122589
17.8 3.8 0.0157206
17.8 4 0.119477
17.8 4.2 0.147212
17.8 4.4 0.0912593
17.8 4.6 -0.0153318
17.8 4.8 -0.115758
17.8 5 -0.15746
17.8 5.2 -0.121148
17.8 5.4 -0.0320475
17.8 5.6 0.053299
17.8 5.8 0.0817265
17.8 6 0.0354849
17.8 6.2 -0.0523844
17.8 6.4 -0.115013
17.8 6.6 -0.0898455
17.8 6.8 0.0447039
17.8 7 0.263512
17.8 7.2 0.548203
17.8 7.4 0.0755434
17.8 7.6 0
17.8 7.8 0
17.8 8 0
17.8 8.2 0
17.8 8.4 0

18 0 0
18 0.2 -0.0862627
18 0.4 -0.62685
18 0.6 -0.577746
18 0.8 -0.540706
18 1 -0.505963
18 1.2 -0.459721
18 1.4 -0.391806
18 1.6 -0.30115
18 1.8 -0.202111
18 2 -0.120817
18 2.2 -0.0852206
18 2.4 -0.108328
18 2.6 -0.178298
18 2.8 -0.259952
18 3 -0.307564
18 3.2 -0.289384
18 3.4 -0.202055
18 3.6 -0.0753681
18 3.8 0.0425802
18 4 0.107538
18 4.2 0.101645
18 4.4 0.0411815
18 4.6 -0.0317472
18 4.8 -0.0724518
18 5 -0.0572709
18 5.2 0.00472984
18 5.4 0.0750436
18 5.6 0.10843
18 5.8 0.0793793
18 6 -0.00282446
18 6.2 -0.093858
18 6.4 -0.139254
18 6.6 -0.103978
18 6.8 0.00323708
18 7 0.123542
18 7.2 0.0925122
18 7.4 0
18 7.6 0
18 7.8 0
18 8 0
18 8.2 0
18 8.4 0

18.2 0 0
18.2 0.2 -0.0795773
18.2 0.4 -0.57839
18.2 0.6 -0.517672
18.2 0.8 -0.462872
18.2 1 -0.417358
18.2 1.2 -0.376698
18.2 1.4 -0.330846
18.2 1.6 -0.270911
18.2 1.8 -0.201185
18.2 2 -0.140095
18.2 2.2 -0.111292
18.2 2.4 -0.126509
18.2 2.6 -0.174659
18.2 2.8 -0.222447
18.2 3 -0.231109
18.2 3.2 -0.180949
18.2 3.4 -0.0827868
18.2 3.6 0.02339
18.2 3.8 0.0925427
18.2 4 0.096955
18.2 4.2 0.0456436
18.2 4.4 -0.0246405
18.2 4.6 -0.0677162
18.2 4.8 -0.0559273
18.2 5 0.00588882
18.2 5.2 0.0832797
18.2 5.4 0.132329
18.2 5.6 0.123278
18.2 5.8 0.0574065
18.2 6 -0.0343174
18.2 6.2 -0.107101
18.2 6.4 -0.12702
18.2 6.6 -0.0867296
18.2 6.8 -0.0109004
18.2 7 0.0604016
18.2 7.2 0.00826149
18.2 7.4 0
18.2 7.6 0
18.2 7.8 0
18.2 8 0
18.2 8.2 0
18.2 8.4 0

18.4 0 0
18.4 0.2 -0.0284042
18.4 0.4 -0.206433
18.4 0.6 -0.168413
18.4 0.8 -0.130316
18.4 1 -0.109767
18.4 1.2 -0.110495
18.4 1.4 -0.120386
18.4 1.6 -0.120692
18.4 1.8 -0.102123
18.4 2 -0.0729088
18.4 2.2 -0.0540009
18.4 2.4 -0.05896
18.4 2.6 -0.0824866
18.4 2.8 -0.0979988
18.4 3 -0.0769348
18.4 3.2 -0.0100747
18.4 3.4 0.0802071
18.4 3.6 0.15004
18.4 3.8 0.159938
18.4 4 0.100725
18.4 4.2 0.00309176
18.4 4.4 -0.0803952
18.4 4.6 -0.10484
18.4 4.8 -0.059553
18.4 5 0.0267749
18.4 5.2 0.103273
18.4 5.4 0.128128
18.4 5.6 0.090977
18.4 5.8 0.0165342
18.4 6 -0.0525053
18.4 6.2 -0.0812878
18.4 6.4 -0.0626747
18.4 6.6 -0.0175607
18.4 6.8 0.019879
18.4 7 0.0110806
18.4 7.2 0
18.4 7.4 0
18.4 7.6 0
18.4 7.8 0
18.4 8 0
18.4 8.2 0
18.4 8.4 0

18.6 0 0
18.6 0.2 0.0343813
18.6 0.4 0.249735
18.6 0.6 0.253271
18.6 0.8 0.261138
18.6 1 0.24354
18.6 1.2 0.189533
18.6 1.4 0.115006
18.6 1.6 0.0504716
18.6 1.8 0.01848
18.6 2 0.0189982
18.6 2.2 0.0322736
18.6 2.4 0.0380345
18.6 2.6 0.0341609
18.6 2.8 0.0391465
18.6 3 0.075082
18.6 3.2 0.14402
18.6 3.4 0.219132
18.6 3.6 0.254732
18.6 3.8 0.218391
18.6 4 0.113889
18.6 4.2 -0.014103
18.6 4.4 -0.105529
18.6 4.6 -0.120298
18.6 4.8 -0.0624235
18.6 5 0.0231626
18.6 5.2 0.0797252
18.6 5.4 0.076133
18.6 5.6 0.0230613
18.6 5.8 -0.0363732
18.6 6 -0.0567255
18.6 6.2 -0.0220613
18.6 6.4 0.0439983
18.6 6.6 0.0943417
18.6 6.8 0.0925046
18.6 7 0.012867
18.6 7.2 0
18.6 7.4 0
18.6 7.6 0
18.6 7.8 0
18.6 8 0
18.6 8.2 0
18.6 8.4 0

18.8 0 0
18.8 0.2 0.0684355
18.8 0.4 0.49721
18.8 0.6 0.485015
18.8 0.8 0.479083
18.8 1 0.438935
18.8 1.2 0.349057
18.8 1.4 0.229727
18.8 1.6 0.123009
18.8 1.8 0.0624156
18.8 2 0.052847
18.8 2.2 0.0714232
18.8 2.4 0.0902221
18.8 2.6 0.0985798
18.8 2.8 0.110401
18.8 3 0.146433
18.8 3.2 0.209607
18.8 3.4 0.273527
18.8 3.6 0.293603
18.8 3.8 0.240825
18.8 4 0.124438
18.8 4.2 -0.00630013
18.8 4.4 -0.0917247
18.8 4.6 -0.0988185
18.8 4.8 -0.0440661
18.8 5 0.0199721
18.8 5.2 0.0404634
18.8 5.4 0.00242085
18.8 5.6 -0.0623129
18.8 5.8 -0.096295
18.8 6 -0.0587742
18.8 6.2 0.0443628
18.8 6.4 0.159205
18.8 6.6 0.212939
18.8 6.8 0.0421911
18.8 7 0
18.8 7.2 0
18.8 7.4 0
18.8 7.6 0
18.8 7.8 0
18.8 8 0
18.8 8.2 0
18.8 8.4 0

19 0 0
19 0.2 0.0544803
19 0.4 0.395597
19 0.6 0.401338
19 0.8 0.413092
19 1 0.381771
19 1.2 0.288563
19 1.4 0.158022
19 1.6 0.0424054
19 1.8 -0.016876
19 2 -0.0133849
19 2.2 0.0243047
19 2.4 0.0589129
19 2.6 0.0736592
19 2.8 0.0822258
19 3 0.10987
19 3.2 0.166324
19 3.4 0.229658
19 3.6 0.256999
19 3.8 0.218838
19 4 0.123126
19 4.2 0.0162047
19 4.4 -0.0476537
19 4.6 -0.0448681
19 4.8 -0.000113073
19 5 0.0316283
19 5.2 0.00711062
19 5.4 -0.0706659
19 5.6 -0.149844
19 5.8 -0.16349
19 6 -0.0782078
19 6.2 0.0816358
19 6.4 0.241312
19 6.6 0.0624562
19 6.8 0
19 7 0
19 7.2 0
19 7.4 0
19 7.6 0
19 7.8 0
19 8 0
19 8.2 0
19 8.4 0

19.2 0 0
19.2 0.2 0.00745758
19.2 0.4 0.0537287
19.2 0.6 0.101313
19.2 0.8 0.153444
19.2 1 0.153559
19.2 1.2 0.0803161
19.2 1.4 -0.0371946
19.2 1.6 -0.139337
19.2 1.8 -0.178151
19.2 2 -0.14766
19.2 2.2 -0.0833813
19.2 2.4 -0.031473
19.2 2.6 -0.0130734
19.2 2.8 -0.011893
19.2 3 0.00581471
19.2 3.2 0.0589257
19.2 3.4 0.130933
19.2 3.6 0.180007
19.2 3.8 0.172849
19.2 4 0.113157
19.2 4.2 0.0415317
19.2 4.4 0.00522476
19.2 4.6 0.0202199
19.2 4.8 0.055444
19.2 5 0.0559571
19.2 5.2 -0.0126567
19.2 5.4 -0.130459
19.2 5.6 -0.229754
19.2 5.8 -0.238075
19.2 6 -0.130878
19.2 6.2 0.0558879
19.2 6.4 0.28865
19.2 6.6 0.0396403
19.2 6.8 0
19.2 7 0
19.2 7.2 0
19.2 7.4 0
19.2 7.6 0
19.2 7.8 0
19.2 8 0
19.2 8.2 0
19.2 8.4 0

19.4 0 0
19.4 0.2 -0.0345035
19.4 0.4 -0.251401
19.4 0.6 -0.166128
19.4 0.8 -0.0774805
19.4 1 -0.0485894
19.4 1.2 -0.103688
19.4 1.4 -0.209444
19.4 1.6 -0.299348
19.4 1.8 -0.319744
19.4 2 -0.265741
19.4 2.2 -0.179103
19.4 2.4 -0.113016
19.4 2.6 -0.0918492
19.4 2.8 -0.0964481
19.4 3 -0.0846227
19.4 3.2 -0.0301896
19.4 3.4 0.0533934
19.4 3.6 0.123265
19.4 3.8 0.141529
19.4 4 0.107982
19.4 4.2 0.0603583
19.4 4.4 0.0430555
19.4 4.6 0.0676409
19.4 4.8 0.0985109
19.4 5 0.0788088
19.4 5.2 -0.0213907
19.4 5.4 -0.171414
19.4 5.6 -0.291623
19.4 5.8 -0.307664
19.4 6 -0.210941
19.4 6.2 -0.086014
19.4 6.4 0.027942
19.4 6.6 0
19.4 6.8 0
19.4 7 0
19.4 7.2 0
19.4 7.4 0
19.4 7.6 0
19.4 7.8 0
19.4 8 0
19.4 8.2 0
19.4 8.4 0

19.6 0 0
19.6 0.2 0
19.6 0.4 -0.0345035
19.6 0.6 -0.0227999
19.6 0.8 -0.0106362
19.6 1 -0.00665454
19.6 1.2 -0.0142303
19.6 1.4 -0.0287388
19.6 1.6 -0.041098
19.6 1.8 -0.0439037
19.6 2 -0.0365125
19.6 2.2 -0.0246409
19.6 2.4 -0.015565
19.6 2.6 -0.0126262
19.6 2.8 -0.0132544
19.6 3 -0.0116169
19.6 3.2 -0.00414196
19.6 3.4 0.00730919
19.6 3.6 0.0169169
19.6 3.8 0.0194409
19.6 4 0.0148649
19.6 4.2 0.00836462
19.6 4.4 0.00601238
19.6 4.6 0.00936847
19.6 4.8 0.0135668
19.6 5 0.0108054
19.6 5.2 -0.00298963
19.6 5.4 -0.0236052
19.6 5.6 -0.0400648
19.6 5.8 -0.0422268
19.6 6 -0.0288983
19.6 6.2 -0.0116983
19.6 6.4 0
19.6 6.6 0
19.6 6.8 0
19.6 7 0
19.6 7.2 0
19.6 7.4 0
19.6 7.6 0
19.6 7.8 0
19.6 8 0
19.6 8.2 0
19.6 8.4 0

19.8 0 0
19.8 0.2 0
19.8 0.4 0
19.8 0.6 0
19.8 0.8 0
19.8 1 0
19.8 1.2 0
19.8 1.4 0
19.8 1.6 0
19.8 1.8 0
19.8 2 0
19.8 2.2 0
19.8 2.4 0
19.8 2.6 0
19.8 2.8 0
19.8 3 0
19.8 3.2 0
19.8 3.4 0
19.8 3.6 0
19.8 3.8 0
19.8 4 0
19.8 4.2 0
19.8 4.4 0
19.8 4.6 0
19.8 4.8 0
19.8 5 0
19.8 5.2 0
19.8 5.4 0
19.8 5.6 0
19.8 5.8 0
19.8 6 0
19.8 6.2 0
19.8 6.4 0
19.8 6.6 0
19.8 6.8 0
19.8 7 0
19.8 7.2 0
19.8 7.4 0
19.8 7.6 0
19.8 7.8 0
19.8 8 0
19.8 8.2 0
19.8 8.4 0

