0 0 0
0 1 0
0 2 0
0 3 0
0 4 0
0 5 0
0 6 0
0 7 0
0 8 0
0 9 0
0 10 0
0 11 0
0 12 0
0 13 0
0 14 0
0 15 0
0 16 0
0 17 0
0 18 0
0 19 0
0 20 0
0 21 0
0 22 0
0 23 0
0 24 0
0 25 0
0 26 0
0 27 0
0 28 0
0 29 0
0 30 0
0 31 0
0 32 0
0 33 0
0 34 0
0 35 0
0 36 0
0 37 0
0 38 0
0 39 0

1 0 0
1 1 0
1 2 -0.0224915
1 3 -0.0226255
1 4 -0.022829
1 5 -0.0232047
1 6 -0.023665
1 7 -0.0241998
1 8 -0.0248929
1 9 -0.0256664
1 10 -0.0264853
1 11 -0.0273781
1 12 -0.0282932
1 13 -0.0292286
1 14 -0.0301861
1 15 -0.031131
1 16 -0.03206
1 17 -0.0329756
1 18 -0.0338172
1 19 -0.0345804
1 20 -0.0352787
1 21 -0.035881
1 22 -0.0364349
1 23 -0.0368624
1 24 -0.0372307
1 25 -0.037477
1 26 -0.0376272
1 27 0
1 28 0
1 29 0
1 30 0
1 31 0
1 32 0
1 33 0
1 34 0
1 35 0
1 36 0
1 37 0
1 38 0
1 39 0

2 0 0
2 1 -0.0224915
2 2 -0.180818
2 3 -0.181698
2 4 -0.183534
2 5 -0.186413
2 6 -0.190172
2 7 -0.194658
2 8 -0.200103
2 9 -0.206258
2 10 -0.212893
2 11 -0.219964
2 12 -0.227385
2 13 -0.23493
2 14 -0.242592
2 15 -0.250249
2 16 -0.257735
2 17 -0.265002
2 18 -0.271758
2 19 -0.277955
2 20 -0.283558
2 21 -0.288444
2 22 -0.29281
2 23 -0.296388
2 24 -0.299152
2 25 -0.301226
2 26 -0.302467
2 27 -0.0376272
2 28 0
2 29 0
2 30 0
2 31 0
2 32 0
2 33 0
2 34 0
2 35 0
2 36 0
2 37 0
2 38 0
2 39 0

3 0 0
3 1 -0.0221828
3 2 -0.178187
3 3 -0.178838
3 4 -0.18088
3 5 -0.183607
3 6 -0.187475
3 7 -0.192216
3 8 -0.197479
3 9 -0.203509
3 10 -0.21018
3 11 -0.217126
3 12 -0.224524
3 13 -0.232189
3 14 -0.239802
3 15 -0.247518
3 16 -0.254957
3 17 -0.262024
3 18 -0.268736
3 19 -0.274975
3 20 -0.280583
3 21 -0.28558
3 22 -0.28976
3 23 -0.293392
3 24 -0.296016
3 25 -0.298078
3 26 -0.299358
3 27 -0.0372354
3 28 0
3 29 0
3 30 0
3 31 0
3 32 0
3 33 0
3 34 0
3 35 0
3 36 0
3 37 0
3 38 0
3 39 0

4 0 0
4 1 -0.0215603
4 2 -0.173286
4 3 -0.173966
4 4 -0.175827
4 5 -0.178666
4 6 -0.182194
4 7 -0.187078
4 8 -0.192455
4 9 -0.198398
4 10 -0.205075
4 11 -0.21223
4 12 -0.219686
4 13 -0.227232
4 14 -0.234903
4 15 -0.24233
4 16 -0.249673
4 17 -0.256755
4 18 -0.263429
4 19 -0.269731
4 20 -0.275287
4 21 -0.280128
4 22 -0.284424
4 23 -0.287728
4 24 -0.290632
4 25 -0.29242
4 26 -0.293767
4 27 -0.0365589
4 28 0
4 29 0
4 30 0
4 31 0
4 32 0
4 33 0
4 34 0
4 35 0
4 36 0
4 37 0
4 38 0
4 39 0

5 0 0
5 1 -0.0206644
5 2 -0.166081
5 3 -0.166792
5 4 -0.168573
5 5 -0.171459
5 6 -0.175116
5 7 -0.17993
5 8 -0.185181
5 9 -0.19126
5 10 -0.197869
5 11 -0.204929
5 12 -0.212217
5 13 -0.219663
5 14 -0.227334
5 15 -0.234904
5 16 -0.242392
5 17 -0.249349
5 18 -0.255933
5 19 -0.262046
5 20 -0.267596
5 21 -0.272461
5 22 -0.276459
5 23 -0.279804
5 24 -0.282419
5 25 -0.284398
5 26 -0.285662
5 27 -0.0355409
5 28 0
5 29 0
5 30 0
5 31 0
5 32 0
5 33 0
5 34 0
5 35 0
5 36 0
5 37 0
5 38 0
5 39 0

6 0 0
6 1 -0.0195157
6 2 -0.156802
6 3 -0.157432
6 4 -0.159257
6 5 -0.162016
6 6 -0.165821
6 7 -0.170521
6 8 -0.175862
6 9 -0.181829
6 10 -0.188507
6 11 -0.195397
6 12 -0.202825
6 13 -0.210579
6 14 -0.218016
6 15 -0.225638
6 16 -0.233004
6 17 -0.239813
6 18 -0.246342
6 19 -0.252409
6 20 -0.257846
6 21 -0.262544
6 22 -0.266252
6 23 -0.269646
6 24 -0.272163
6 25 -0.273943
6 26 -0.275093
6 27 -0.0342246
6 28 0
6 29 0
6 30 0
6 31 0
6 32 0
6 33 0
6 34 0
6 35 0
6 36 0
6 37 0
6 38 0
6 39 0

7 0 0
7 1 -0.0181063
7 2 -0.145453
7 3 -0.146056
7 4 -0.147993
7 5 -0.150751
7 6 -0.154473
7 7 -0.159238
7 8 -0.16445
7 9 -0.170658
7 10 -0.177026
7 11 -0.184127
7 12 -0.191592
7 13 -0.199101
7 14 -0.206703
7 15 -0.214188
7 16 -0.221497
7 17 -0.22821
7 18 -0.234903
7 19 -0.240731
7 20 -0.245903
7 21 -0.250407
7 22 -0.254273
7 23 -0.257457
7 24 -0.259533
7 25 -0.261217
7 26 -0.262249
7 27 -0.0326242
7 28 0
7 29 0
7 30 0
7 31 0
7 32 0
7 33 0
7 34 0
7 35 0
7 36 0
7 37 0
7 38 0
7 39 0

8 0 0
8 1 -0.0164542
8 2 -0.132249
8 3 -0.133017
8 4 -0.134831
8 5 -0.137672
8 6 -0.14141
8 7 -0.146225
8 8 -0.151462
8 9 -0.157449
8 10 -0.164072
8 11 -0.171026
8 12 -0.178375
8 13 -0.185881
8 14 -0.19348
8 15 -0.201042
8 16 -0.208159
8 17 -0.21512
8 18 -0.221318
8 19 -0.227118
8 20 -0.232167
8 21 -0.236445
8 22 -0.240083
8 23 -0.242857
8 24 -0.244679
8 25 -0.246364
8 26 -0.247158
8 27 -0.0307479
8 28 0
8 29 0
8 30 0
8 31 0
8 32 0
8 33 0
8 34 0
8 35 0
8 36 0
8 37 0
8 38 0
8 39 0

9 0 0
9 1 -0.0146155
9 2 -0.11748
9 3 -0.118247
9 4 -0.120138
9 5 -0.123027
9 6 -0.126659
9 7 -0.13127
9 8 -0.13671
9 9 -0.142848
9 10 -0.149364
9 11 -0.156494
9 12 -0.163845
9 13 -0.171385
9 14 -0.179087
9 15 -0.186512
9 16 -0.193485
9 17 -0.200402
9 18 -0.2065
9 19 -0.212224
9 20 -0.217038
9 21 -0.22106
9 22 -0.224296
9 23 -0.226583
9 24 -0.228231
9 25 -0.22929
9 26 -0.229859
9 27 -0.0285973
9 28 0
9 29 0
9 30 0
9 31 0
9 32 0
9 33 0
9 34 0
9 35 0
9 36 0
9 37 0
9 38 0
9 39 0

10 0 0
10 1 -0.0126114
10 2 -0.101366
10 3 -0.102203
10 4 -0.104084
10 5 -0.106927
10 6 -0.110885
10 7 -0.115461
10 8 -0.120833
10 9 -0.126919
10 10 -0.133554
10 11 -0.140453
10 12 -0.148097
10 13 -0.155414
10 14 -0.163336
10 15 -0.170672
10 16 -0.177651
10 17 -0.184381
10 18 -0.19021
10 19 -0.195872
10 20 -0.200487
10 21 -0.20421
10 22 -0.207115
10 23 -0.209084
10 24 -0.209726
10 25 -0.210311
10 26 -0.210522
10 27 -0.0261978
10 28 0
10 29 0
10 30 0
10 31 0
10 32 0
10 33 0
10 34 0
10 35 0
10 36 0
10 37 0
10 38 0
10 39 0

11 0 0
11 1 -0.0104803
11 2 -0.0842204
11 3 -0.0850314
11 4 -0.086959
11 5 -0.0897963
11 6 -0.0936588
11 7 -0.0983561
11 8 -0.103933
11 9 -0.110002
11 10 -0.116571
11 11 -0.12384
11 12 -0.131257
11 13 -0.138854
11 14 -0.14653
11 15 -0.153929
11 16 -0.160918
11 17 -0.167591
11 18 -0.17346
11 19 -0.178924
11 20 -0.183294
11 21 -0.186623
11 22 -0.18886
11 23 -0.190087
11 24 -0.190049
11 25 -0.189515
11 26 -0.188613
11 27 -0.0234517
11 28 0
11 29 0
11 30 0
11 31 0
11 32 0
11 33 0
11 34 0
11 35 0
11 36 0
11 37 0
11 38 0
11 39 0

12 0 0
12 1 -0.00825412
12 2 -0.0662652
12 3 -0.0670451
12 4 -0.0690429
12 5 -0.0719865
12 6 -0.0759121
12 7 -0.0805359
12 8 -0.0861341
12 9 -0.0922735
12 10 -0.0992555
12 11 -0.106491
12 12 -0.114044
12 13 -0.121535
12 14 -0.129303
12 15 -0.136699
12 16 -0.143578
12 17 -0.150052
12 18 -0.156145
12 19 -0.161032
12 20 -0.165328
12 21 -0.168506
12 22 -0.170263
12 23 -0.170668
12 24 -0.169568
12 25 -0.167169
12 26 -0.163994
12 27 -0.0343289
12 28 -0.0119885
12 29 -0.0105927
12 30 -0.00953063
12 31 -0.00871867
12 32 -0.00823856
12 33 0
12 34 0
12 35 0
12 36 0
12 37 0
12 38 0
12 39 0

13 0 0
13 1 -0.00594165
13 2 -0.0478028
13 3 -0.0487527
13 4 -0.0508335
13 5 -0.0537081
13 6 -0.057895
13 7 -0.0626078
13 8 -0.068373
13 9 -0.0745408
13 10 -0.0814667
13 11 -0.0884616
13 12 -0.096176
13 13 -0.103787
13 14 -0.111684
13 15 -0.119135
13 16 -0.126127
13 17 -0.132597
13 18 -0.138476
13 19 -0.143497
13 20 -0.14742
13 21 -0.150368
13 22 -0.151577
13 23 -0.151495
13 24 -0.149331
13 25 -0.144267
13 26 -0.13438
13 27 -0.111865
13 28 -0.0965039
13 29 -0.0851724
13 30 -0.0765845
13 31 -0.0701139
13 32 -0.0662506
13 33 -0.0153179
13 34 -0.0067066
13 35 0
13 36 0
13 37 0
13 38 0
13 39 0

14 0 0
14 1 -0.00365692
14 2 -0.0292649
14 3 -0.0300781
14 4 -0.0321208
14 5 -0.0353372
14 6 -0.039308
14 7 -0.0441327
14 8 -0.0501484
14 9 -0.0564945
14 10 -0.063592
14 11 -0.0708726
14 12 -0.0783756
14 13 -0.0864249
14 14 -0.0939119
14 15 -0.101456
14 16 -0.108616
14 17 -0.114869
14 18 -0.120881
14 19 -0.125837
14 20 -0.129317
14 21 -0.132366
14 22 -0.133545
14 23 -0.133057
14 24 -0.130848
14 25 -0.125816
14 26 -0.116919
14 27 -0.103989
14 28 -0.0923339
14 29 -0.082291
14 30 -0.0742655
14 31 -0.0678993
14 32 -0.0625915
14 33 -0.0569582
14 34 -0.0538986
14 35 -0.0126927
14 36 0
14 37 0
14 38 0
14 39 0

15 0 0
15 1 -0.0013403
15 2 -0.010793
15 3 -0.0118481
15 4 -0.0142355
15 5 -0.0172463
15 6 -0.021348
15 7 -0.0263214
15 8 -0.0323194
15 9 -0.0387688
15 10 -0.0457483
15 11 -0.053394
15 12 -0.0608682
15 13 -0.0688471
15 14 -0.0764483
15 15 -0.0842573
15 16 -0.0912602
15 17 -0.0978382
15 18 -0.103556
15 19 -0.108741
15 20 -0.112504
15 21 -0.115325
15 22 -0.116526
15 23 -0.116363
15 24 -0.11423
15 25 -0.109838
15 26 -0.103328
15 27 -0.0945382
15 28 -0.0858162
15 29 -0.0776627
15 30 -0.0704934
15 31 -0.0646321
15 32 -0.0594443
15 33 -0.0546409
15 34 -0.0511083
15 35 -0.0481092
15 36 -0.0113414
15 37 0
15 38 0
15 39 0

16 0 0
16 1 0.000871036
16 2 0.00708009
16 3 0.00601069
16 4 0.0038076
16 5 0.000479197
16 6 -0.0039489
16 7 -0.00880967
16 8 -0.014926
16 9 -0.0215092
16 10 -0.0287184
16 11 -0.0361938
16 12 -0.0439053
16 13 -0.0518311
16 14 -0.0596508
16 15 -0.0674183
16 16 -0.074656
16 17 -0.0812006
16 18 -0.0872198
16 19 -0.0922669
16 20 -0.0963375
16 21 -0.0992269
16 22 -0.100729
16 23 -0.100954
16 24 -0.0993967
16 25 -0.0961642
16 26 -0.0913643
16 27 -0.0852894
16 28 -0.0786219
16 29 -0.0722624
16 30 -0.0661168
16 31 -0.060796
16 32 -0.0561208
16 33 -0.0518024
16 34 -0.0485789
16 35 -0.0455513
16 36 -0.0430468
16 37 -0.0102506
16 38 0
16 39 0

17 0 0
17 1 0.00300916
17 2 0.0241
17 3 0.0227803
17 4 0.0206109
17 5 0.0172743
17 6 0.012899
17 7 0.00784608
17 8 0.00168753
17 9 -0.00519494
17 10 -0.0122115
17 11 -0.0199711
17 12 -0.0275776
17 13 -0.0356577
17 14 -0.0437092
17 15 -0.0514575
17 16 -0.0587216
17 17 -0.0655231
17 18 -0.0716417
17 19 -0.0770417
17 20 -0.0814739
17 21 -0.0846251
17 22 -0.0864889
17 23 -0.0872677
17 24 -0.0865335
17 25 -0.084341
17 26 -0.0809846
17 27 -0.0764857
17 28 -0.0714427
17 29 -0.0663951
17 30 -0.0614226
17 31 -0.056859
17 32 -0.0525139
17 33 -0.0489407
17 34 -0.0458103
17 35 -0.0430768
17 36 -0.0410125
17 37 -0.0393408
17 38 -0.00489529
17 39 0

18 0 0
18 1 0.00499958
18 2 0.0400044
18 3 0.0385166
18 4 0.0363834
18 5 0.0328821
18 6 0.0286691
18 7 0.0232833
18 8 0.0170927
18 9 0.0102902
18 10 0.00300139
18 11 -0.00450772
18 12 -0.0126378
18 13 -0.0205651
18 14 -0.0286005
18 15 -0.0367178
18 16 -0.0440842
18 17 -0.0513823
18 18 -0.0576426
18 19 -0.0630095
18 20 -0.067686
18 21 -0.0710715
18 22 -0.07356
18 23 -0.0748891
18 24 -0.0748452
18 25 -0.0736253
18 26 -0.0713194
18 27 -0.0682788
18 28 -0.064789
18 29 -0.0607971
18 30 -0.0565523
18 31 -0.0526912
18 32 -0.0491319
18 33 -0.0461125
18 34 -0.0433157
18 35 -0.0410323
18 36 -0.039286
18 37 -0.0381978
18 38 -0.00475469
18 39 0

19 0 0
19 1 0.00675067
19 2 0.0542932
19 3 0.0531096
19 4 0.0507226
19 5 0.0471859
19 6 0.042949
19 7 0.0374725
19 8 0.0314814
19 9 0.0246151
19 10 0.0170813
19 11 0.00948365
19 12 0.00143597
19 13 -0.00700816
19 14 -0.015236
19 15 -0.0230057
19 16 -0.0307191
19 17 -0.0380823
19 18 -0.0447137
19 19 -0.0504064
19 20 -0.0554463
19 21 -0.0594087
19 22 -0.062422
19 23 -0.0640442
19 24 -0.0646277
19 25 -0.0642634
19 26 -0.0630079
19 27 -0.0610061
19 28 -0.058455
19 29 -0.0552747
19 30 -0.0520549
19 31 -0.0489721
19 32 -0.0459745
19 33 -0.0433103
19 34 -0.0409348
19 35 -0.0388247
19 36 -0.0376577
19 37 -0.0368007
19 38 -0.00456534
19 39 0

20 0 0
20 1 0.00833878
20 2 0.0670603
20 3 0.0658145
20 4 0.0633017
20 5 0.0599381
20 6 0.0554403
20 7 0.0500639
20 8 0.043758
20 9 0.0369529
20 10 0.0295547
20 11 0.0216883
20 12 0.0136199
20 13 0.00538949
20 14 -0.0030143
20 15 -0.011233
20 16 -0.0191532
20 17 -0.0264888
20 18 -0.0335146
20 19 -0.0395155
20 20 -0.0448752
20 21 -0.0489199
20 22 -0.0524312
20 23 -0.0547707
20 24 -0.0560084
20 25 -0.0564821
20 26 -0.0559646
20 27 -0.0547068
20 28 -0.0529138
20 29 -0.0507664
20 30 -0.0480285
20 31 -0.0454771
20 32 -0.0428544
20 33 -0.0406211
20 34 -0.0387002
20 35 -0.037117
20 36 -0.036039
20 37 -0.0353518
20 38 -0.00439737
20 39 0

21 0 0
21 1 0.00969776
21 2 0.0779408
21 3 0.0766265
21 4 0.0740824
21 5 0.0707297
21 6 0.0663218
21 7 0.0610931
21 8 0.0548978
21 9 0.0476845
21 10 0.0404089
21 11 0.0322618
21 12 0.0241445
21 13 0.0158017
21 14 0.00724781
21 15 -0.00109818
21 16 -0.00911398
21 17 -0.0167947
21 18 -0.0240192
21 19 -0.0301879
21 20 -0.035893
21 21 -0.0404982
21 22 -0.0443079
21 23 -0.0470026
21 24 -0.0487733
21 25 -0.0496626
21 26 -0.0496887
21 27 -0.0492086
21 28 -0.048174
21 29 -0.0464941
21 30 -0.0446798
21 31 -0.0425434
21 32 -0.0405002
21 33 -0.0386418
21 34 -0.0371819
21 35 -0.035482
21 36 -0.0345763
21 37 -0.0342101
21 38 -0.00425682
21 39 0

22 0 0
22 1 0.0107926
22 2 0.0867908
22 3 0.0855402
22 4 0.0832427
22 5 0.0796962
22 6 0.0750256
22 7 0.0696434
22 8 0.0634919
22 9 0.0565062
22 10 0.0489264
22 11 0.040961
22 12 0.0327298
22 13 0.0241694
22 14 0.015492
22 15 0.00727273
22 16 -0.00119609
22 17 -0.00901272
22 18 -0.0162592
22 19 -0.0226843
22 20 -0.0286691
22 21 -0.0337358
22 22 -0.0378438
22 23 -0.041043
22 24 -0.0430442
22 25 -0.0444624
22 26 -0.0451838
22 27 -0.0450974
22 28 -0.0444808
22 29 -0.0432227
22 30 -0.0418069
22 31 -0.0401551
22 32 -0.0384649
22 33 -0.0368904
22 34 -0.0355791
22 35 -0.0343923
22 36 -0.0336747
22 37 -0.0332276
22 38 -0.00412494
22 39 0

23 0 0
23 1 0.0116498
23 2 0.0936361
23 3 0.0922616
23 4 0.0897536
23 5 0.086433
23 6 0.081792
23 7 0.076371
23 8 0.0702652
23 9 0.0630791
23 10 0.0554999
23 11 0.0473667
23 12 0.0391469
23 13 0.0305621
23 14 0.0219083
23 15 0.0133811
23 16 0.00485724
23 17 -0.0030211
23 18 -0.0105937
23 19 -0.017179
23 20 -0.0232266
23 21 -0.0285341
23 22 -0.032929
23 23 -0.0364827
23 24 -0.0388072
23 25 -0.0405868
23 26 -0.0414848
23 27 -0.0419431
23 28 -0.041738
23 29 -0.0410279
23 30 -0.0399342
23 31 -0.0385839
23 32 -0.0372275
23 33 -0.0359285
23 34 -0.0347874
23 35 -0.0339413
23 36 -0.0331654
23 37 -0.032618
23 38 -0.00404035
23 39 0

24 0 0
24 1 0.0122172
24 2 0.0981708
24 3 0.0967808
24 4 0.0944416
24 5 0.0907901
24 6 0.0864073
24 7 0.0808942
24 8 0.0746154
24 9 0.067649
24 10 0.0600126
24 11 0.0518689
24 12 0.0434991
24 13 0.0348959
24 14 0.0260396
24 15 0.0173652
24 16 0.00875333
24 17 0.000953796
24 18 -0.00668398
24 19 -0.0136854
24 20 -0.0199137
24 21 -0.0254602
24 22 -0.0300017
24 23 -0.0335505
24 24 -0.0363061
24 25 -0.0382594
24 26 -0.039537
24 27 -0.0401623
24 28 -0.0401928
24 29 -0.0397528
24 30 -0.0389204
24 31 -0.0377472
24 32 -0.0366738
24 33 -0.035411
24 34 -0.0345638
24 35 -0.0336721
24 36 -0.0330005
24 37 -0.0327175
24 38 -0.0040759
24 39 0

25 0 0
25 1 0.0125134
25 2 0.100515
25 3 0.0989488
25 4 0.096493
25 5 0.0930301
25 6 0.0885737
25 7 0.0833459
25 8 0.0770007
25 9 0.0696155
25 10 0.0620793
25 11 0.0536888
25 12 0.0454469
25 13 0.0368703
25 14 0.0280669
25 15 0.0194169
25 16 0.010791
25 17 0.0026272
25 18 -0.00504166
25 19 -0.0118851
25 20 -0.0184053
25 21 -0.0239823
25 22 -0.0286561
25 23 -0.0322476
25 24 -0.0354431
25 25 -0.0373055
25 26 -0.0386405
25 27 -0.0395433
25 28 -0.0397384
25 29 -0.0393845
25 30 -0.0386902
25 31 -0.037797
25 32 -0.0367391
25 33 -0.0357109
25 34 -0.0348804
25 35 -0.0340927
25 36 -0.0336487
25 37 -0.0332644
25 38 -0.00413162
25 39 0

26 0 0
26 1 0.0124653
26 2 0.100277
26 3 0.0990741
26 4 0.0969295
26 5 0.0930062
26 6 0.0885488
26 7 0.0829686
26 8 0.0768979
26 9 0.069717
26 10 0.0620334
26 11 0.053945
26 12 0.045355
26 13 0.0366243
26 14 0.0279255
26 15 0.0191374
26 16 0.0105795
26 17 0.00243377
26 18 -0.00525053
26 19 -0.012231
26 20 -0.0185924
26 21 -0.0242409
26 22 -0.029133
26 23 -0.0328494
26 24 -0.0359422
26 25 -0.0377857
26 26 -0.0393898
26 27 -0.0402503
26 28 -0.0405033
26 29 -0.0402663
26 30 -0.0398942
26 31 -0.0385243
26 32 -0.0377339
26 33 -0.036695
26 34 -0.0358106
26 35 -0.0350779
26 36 -0.0345272
26 37 -0.0342955
26 38 -0.00427267
26 39 0

27 0 0
27 1 0.0121899
27 2 0.0979268
27 3 0.0965335
27 4 0.0940536
27 5 0.090636
27 6 0.0861866
27 7 0.0808109
27 8 0.0746374
27 9 0.0672711
27 10 0.0596346
27 11 0.0513687
27 12 0.0431333
27 13 0.0343781
27 14 0.0254081
27 15 0.0167935
27 16 0.00834041
27 17 6.03266e-05
27 18 -0.00762276
27 19 -0.0145402
27 20 -0.0211234
27 21 -0.0266046
27 22 -0.0313936
27 23 -0.035389
27 24 -0.0378656
27 25 -0.0401812
27 26 -0.0413668
27 27 -0.0423145
27 28 -0.0423368
27 29 -0.0421817
27 30 -0.0414378
27 31 -0.0404362
27 32 -0.039365
27 33 -0.0384356
27 34 -0.037619
27 35 -0.0367687
27 36 -0.0361203
27 37 -0.0358795
27 38 -0.00447189
27 39 0

28 0 0
28 1 0.0116077
28 2 0.09322
28 3 0.0917917
28 4 0.0896871
28 5 0.0859746
28 6 0.0814997
28 7 0.0759405
28 8 0.0697584
28 9 0.0627559
28 10 0.0549976
28 11 0.0469981
28 12 0.0384476
28 13 0.0298294
28 14 0.020979
28 15 0.0121521
28 16 0.00365913
28 17 -0.00422726
28 18 -0.0119137
28 19 -0.018899
28 20 -0.0250946
28 21 -0.0305706
28 22 -0.0352245
28 23 -0.0389176
28 24 -0.041485
28 25 -0.0436764
28 26 -0.0448662
28 27 -0.0455716
28 28 -0.0456137
28 29 -0.0449969
28 30 -0.044223
28 31 -0.0431507
28 32 -0.0420374
28 33 -0.0404857
28 34 -0.0398174
28 35 -0.0388858
28 36 -0.0383824
28 37 -0.0379245
28 38 -0.00470283
28 39 0

29 0 0
29 1 0.0107037
29 2 0.0861941
29 3 0.0852032
29 4 0.0826459
29 5 0.0789914
29 6 0.0745549
29 7 0.0692506
29 8 0.0629348
29 9 0.0558487
29 10 0.0484357
29 11 0.0400079
29 12 0.0318205
29 13 0.0232153
29 14 0.0144194
29 15 0.00582768
29 16 -0.00262181
29 17 -0.0106037
29 18 -0.0180235
29 19 -0.0247656
29 20 -0.0309108
29 21 -0.036374
29 22 -0.040846
29 23 -0.044379
29 24 -0.046803
29 25 -0.0485952
29 26 -0.0496005
29 27 -0.0498594
29 28 -0.0496479
29 29 -0.0489824
29 30 -0.0477715
29 31 -0.046455
29 32 -0.0452124
29 33 -0.043786
29 34 -0.0426657
29 35 -0.0415141
29 36 -0.0409182
29 37 -0.0404061
29 38 -0.00501536
29 39 0

30 0 0
30 1 0.00960176
30 2 0.0772361
30 3 0.076034
30 4 0.0734128
30 5 0.0701023
30 6 0.0654802
30 7 0.060156
30 8 0.0538114
30 9 0.0468546
30 10 0.039242
30 11 0.0312848
30 12 0.0229846
30 13 0.0144914
30 14 0.00579736
30 15 -0.00276377
30 16 -0.0111329
30 17 -0.0189862
30 18 -0.0262987
30 19 -0.0328247
30 20 -0.0387242
30 21 -0.0438478
30 22 -0.0480775
30 23 -0.0511939
30 24 -0.0535063
30 25 -0.0549013
30 26 -0.0555478
30 27 -0.0554392
30 28 -0.0548584
30 29 -0.0537339
30 30 -0.0520428
30 31 -0.0504814
30 32 -0.0486946
30 33 -0.0472723
30 34 -0.0457748
30 35 -0.0446552
30 36 -0.0437006
30 37 -0.0432706
30 38 -0.00538865
30 39 0

31 0 0
31 1 0.00822851
31 2 0.0661191
31 3 0.064844
31 4 0.062414
31 5 0.0590018
31 6 0.0545217
31 7 0.0492595
31 8 0.0429771
31 9 0.0359103
31 10 0.0285413
31 11 0.0204839
31 12 0.0123005
31 13 0.00376212
31 14 -0.00484111
31 15 -0.0131613
31 16 -0.021426
31 17 -0.0289888
31 18 -0.0360297
31 19 -0.0424462
31 20 -0.0480746
31 21 -0.0529133
31 22 -0.0567691
31 23 -0.0595971
31 24 -0.0615382
31 25 -0.0623448
31 26 -0.0625572
31 27 -0.0620086
31 28 -0.060636
31 29 -0.0591592
31 30 -0.0572344
31 31 -0.0550615
31 32 -0.0529193
31 33 -0.0509985
31 34 -0.0492849
31 35 -0.0480455
31 36 -0.047045
31 37 -0.046404
31 38 -0.00575047
31 39 0

32 0 0
32 1 0.00661594
32 2 0.0531954
32 3 0.0519568
32 4 0.0495828
32 5 0.0461158
32 6 0.0416116
32 7 0.0362773
32 8 0.0300939
32 9 0.0231641
32 10 0.0159085
32 11 0.00786379
32 12 -0.000367524
32 13 -0.00874692
32 14 -0.0169805
32 15 -0.0252454
32 16 -0.0333387
32 17 -0.0408739
32 18 -0.0475006
32 19 -0.0538784
32 20 -0.0591838
32 21 -0.0634688
32 22 -0.0669654
32 23 -0.0692948
32 24 -0.0706472
32 25 -0.0711253
32 26 -0.0705489
32 27 -0.069342
32 28 -0.0678678
32 29 -0.0652854
32 30 -0.0626646
32 31 -0.0600789
32 32 -0.057476
32 33 -0.0550192
32 34 -0.0532111
32 35 -0.0513729
32 36 -0.0501657
32 37 -0.0496462
32 38 -0.00619433
32 39 0

33 0 0
33 1 0.00481162
33 2 0.0386213
33 3 0.0373566
33 4 0.0349651
33 5 0.0315224
33 6 0.0272658
33 7 0.0218619
33 8 0.0157083
33 9 0.00886204
33 10 0.00158624
33 11 -0.00636526
33 12 -0.0143064
33 13 -0.0226392
33 14 -0.0309864
33 15 -0.0391008
33 16 -0.046947
33 17 -0.0540188
33 18 -0.060587
33 19 -0.0665152
33 20 -0.0714744
33 21 -0.0755441
33 22 -0.0788396
33 23 -0.0805134
33 24 -0.0812717
33 25 -0.0809211
33 26 -0.0795575
33 27 -0.0777191
33 28 -0.0748852
33 29 -0.0719259
33 30 -0.0686917
33 31 -0.0655571
33 32 -0.0624023
33 33 -0.0595383
33 34 -0.0572075
33 35 -0.0548842
33 36 -0.0536416
33 37 -0.0527582
33 38 -0.00655392
33 39 0

34 0 0
34 1 0.00280993
34 2 0.0226233
34 3 0.0215107
34 4 0.0192711
34 5 0.0158237
34 6 0.0114766
34 7 0.0062507
34 8 0.000113906
34 9 -0.0066912
34 10 -0.0142096
34 11 -0.0218834
34 12 -0.0298843
34 13 -0.0379395
34 14 -0.0459857
34 15 -0.0539723
34 16 -0.0615308
34 17 -0.0686945
34 18 -0.0752088
34 19 -0.0806863
34 20 -0.0853701
34 21 -0.0890704
34 22 -0.0916108
34 23 -0.0928623
34 24 -0.0930183
34 25 -0.0917573
34 26 -0.0894957
34 27 -0.0865624
34 28 -0.0827924
34 29 -0.0790042
34 30 -0.0747772
34 31 -0.0709344
34 32 -0.0672304
34 33 -0.0637677
34 34 -0.0611132
34 35 -0.0585526
34 36 -0.0565891
34 37 -0.0553405
34 38 -0.00688934
34 39 0

35 0 0
35 1 0.000696148
35 2 0.00552569
35 3 0.00434811
35 4 0.00206039
35 5 -0.00114364
35 6 -0.00549223
35 7 -0.0105456
35 8 -0.0167601
35 9 -0.0233801
35 10 -0.0307265
35 11 -0.038305
35 12 -0.0460445
35 13 -0.0542303
35 14 -0.0623488
35 15 -0.0702424
35 16 -0.0774079
35 17 -0.0844706
35 18 -0.0904903
35 19 -0.0960654
35 20 -0.100387
35 21 -0.103791
35 22 -0.105809
35 23 -0.106396
35 24 -0.10582
35 25 -0.103566
35 26 -0.100336
35 27 -0.0960419
35 28 -0.0909835
35 29 -0.0860253
35 30 -0.0810032
35 31 -0.0763806
35 32 -0.0719909
35 33 -0.0682826
35 34 -0.0650412
35 35 -0.0618784
35 36 -0.0596865
35 37 -0.0572474
35 38 -0.00711003
35 39 0

36 0 0
36 1 -0.00156088
36 2 -0.0124676
36 3 -0.0134187
36 4 -0.0155873
36 5 -0.0189028
36 6 -0.0232185
36 7 -0.0282194
36 8 -0.0342175
36 9 -0.0406333
36 10 -0.0480259
36 11 -0.0555995
36 12 -0.0633325
36 13 -0.0714684
36 14 -0.0792197
36 15 -0.0868517
36 16 -0.09421
36 17 -0.10104
36 18 -0.107012
36 19 -0.112354
36 20 -0.116604
36 21 -0.119611
36 22 -0.121312
36 23 -0.121358
36 24 -0.119991
36 25 -0.116732
36 26 -0.112061
36 27 -0.105899
36 28 -0.0993935
36 29 -0.0931458
36 30 -0.086988
36 31 -0.0814422
36 32 -0.0766821
36 33 -0.0722809
36 34 -0.0686721
36 35 -0.0651712
36 36 -0.062262
36 37 -0.0148476
36 38 0
36 39 0

37 0 0
37 1 -0.00385863
37 2 -0.0309472
37 3 -0.0318925
37 4 -0.0340798
37 5 -0.0370873
37 6 -0.0412212
37 7 -0.0462998
37 8 -0.0521567
37 9 -0.0587488
37 10 -0.0659458
37 11 -0.0732962
37 12 -0.0810847
37 13 -0.089073
37 14 -0.0967199
37 15 -0.104376
37 16 -0.111491
37 17 -0.118336
37 18 -0.124183
37 19 -0.129416
37 20 -0.133464
37 21 -0.136024
37 22 -0.137801
37 23 -0.137481
37 24 -0.135485
37 25 -0.131222
37 26 -0.124695
37 27 -0.116217
37 28 -0.107321
37 29 -0.0994813
37 30 -0.0921807
37 31 -0.0860504
37 32 -0.080828
37 33 -0.0758404
37 34 -0.0721644
37 35 -0.0687894
37 36 -0.0163026
37 37 0
37 38 0
37 39 0

38 0 0
38 1 -0.00617207
38 2 -0.0495986
38 3 -0.0505392
38 4 -0.0525641
38 5 -0.0554959
38 6 -0.0597782
38 7 -0.0646879
38 8 -0.0705878
38 9 -0.0767316
38 10 -0.0841155
38 11 -0.0912557
38 12 -0.0989734
38 13 -0.10678
38 14 -0.114582
38 15 -0.122059
38 16 -0.129094
38 17 -0.135849
38 18 -0.141581
38 19 -0.146771
38 20 -0.150727
38 21 -0.153521
38 22 -0.15496
38 23 -0.154638
38 24 -0.152244
38 25 -0.147288
38 26 -0.138834
38 27 -0.125879
38 28 -0.11444
38 29 -0.104391
38 30 -0.0964224
38 31 -0.0898965
38 32 -0.0847103
38 33 -0.078701
38 34 -0.0755676
38 35 -0.0179678
38 36 0
38 37 0
38 38 0
38 39 0

39 0 0
39 1 -0.00847695
39 2 -0.0681305
39 3 -0.0690266
39 4 -0.0709643
39 5 -0.0741343
39 6 -0.0781019
39 7 -0.0828772
39 8 -0.0887161
39 9 -0.0948837
39 10 -0.101908
39 11 -0.109207
39 12 -0.116916
39 13 -0.124413
39 14 -0.132268
39 15 -0.139855
39 16 -0.146695
39 17 -0.153506
39 18 -0.159337
39 19 -0.164504
39 20 -0.168555
39 21 -0.171621
39 22 -0.172902
39 23 -0.172755
39 24 -0.171016
39 25 -0.166066
39 26 -0.156444
39 27 -0.134041
39 28 -0.118973
39 29 -0.107611
39 30 -0.0990529
39 31 -0.0926185
39 32 -0.0887226
39 33 -0.0208153
39 34 -0.00940274
39 35 0
39 36 0
39 37 0
39 38 0
39 39 0

40 0 0
40 1 -0.0107262
40 2 -0.0862241
40 3 -0.087118
40 4 -0.0889497
40 5 -0.091992
40 6 -0.0959431
40 7 -0.100781
40 8 -0.106349
40 9 -0.112684
40 10 -0.119375
40 11 -0.126546
40 12 -0.134366
40 13 -0.141753
40 14 -0.149602
40 15 -0.157051
40 16 -0.164089
40 17 -0.170738
40 18 -0.176549
40 19 -0.181849
40 20 -0.186034
40 21 -0.189295
40 22 -0.191066
40 23 -0.191728
40 24 -0.19079
40 25 -0.188472
40 26 -0.185335
40 27 -0.0397313
40 28 -0.0147909
40 29 -0.0133918
40 30 -0.0123249
40 31 -0.0115324
40 32 -0.0110321
40 33 0
40 34 0
40 35 0
40 36 0
40 37 0
40 38 0
40 39 0

41 0 0
41 1 -0.0128714
41 2 -0.103478
41 3 -0.104391
41 4 -0.106211
41 5 -0.109325
41 6 -0.113195
41 7 -0.117999
41 8 -0.123411
41 9 -0.129685
41 10 -0.136312
41 11 -0.14366
41 12 -0.151049
41 13 -0.158685
41 14 -0.166329
41 15 -0.173925
41 16 -0.180595
41 17 -0.18753
41 18 -0.193471
41 19 -0.19896
41 20 -0.203251
41 21 -0.206847
41 22 -0.209286
41 23 -0.210519
41 24 -0.210568
41 25 -0.209927
41 26 -0.209279
41 27 -0.0260456
41 28 0
41 29 0
41 30 0
41 31 0
41 32 0
41 33 0
41 34 0
41 35 0
41 36 0
41 37 0
41 38 0
41 39 0

42 0 0
42 1 -0.0148969
42 2 -0.119732
42 3 -0.1206
42 4 -0.122419
42 5 -0.125311
42 6 -0.12945
42 7 -0.134143
42 8 -0.139685
42 9 -0.145784
42 10 -0.152633
42 11 -0.159505
42 12 -0.166997
42 13 -0.174618
42 14 -0.182129
42 15 -0.189626
42 16 -0.196492
42 17 -0.203402
42 18 -0.209346
42 19 -0.214899
42 20 -0.219544
42 21 -0.223307
42 22 -0.226396
42 23 -0.228204
42 24 -0.229106
42 25 -0.229723
42 26 -0.229896
42 27 -0.0286022
42 28 0
42 29 0
42 30 0
42 31 0
42 32 0
42 33 0
42 34 0
42 35 0
42 36 0
42 37 0
42 38 0
42 39 0

43 0 0
43 1 -0.0167488
43 2 -0.13467
43 3 -0.135496
43 4 -0.137369
43 5 -0.140469
43 6 -0.144344
43 7 -0.149041
43 8 -0.154495
43 9 -0.160697
43 10 -0.167278
43 11 -0.174372
43 12 -0.181765
43 13 -0.189136
43 14 -0.196892
43 15 -0.204177
43 16 -0.211295
43 17 -0.218101
43 18 -0.224179
43 19 -0.229732
43 20 -0.234791
43 21 -0.23881
43 22 -0.242088
43 23 -0.244667
43 24 -0.246256
43 25 -0.247302
43 26 -0.247908
43 27 -0.0308446
43 28 0
43 29 0
43 30 0
43 31 0
43 32 0
43 33 0
43 34 0
43 35 0
43 36 0
43 37 0
43 38 0
43 39 0

44 0 0
44 1 -0.018422
44 2 -0.148041
44 3 -0.148871
44 4 -0.150766
44 5 -0.153674
44 6 -0.157569
44 7 -0.162259
44 8 -0.167728
44 9 -0.173798
44 10 -0.180494
44 11 -0.187458
44 12 -0.194987
44 13 -0.202488
44 14 -0.20989
44 15 -0.217418
44 16 -0.224534
44 17 -0.231455
44 18 -0.237686
44 19 -0.243431
44 20 -0.248422
44 21 -0.252954
44 22 -0.256382
44 23 -0.259067
44 24 -0.261254
44 25 -0.262565
44 26 -0.263616
44 27 -0.0328114
44 28 0
44 29 0
44 30 0
44 31 0
44 32 0
44 33 0
44 34 0
44 35 0
44 36 0
44 37 0
44 38 0
44 39 0

45 0 0
45 1 -0.019848
45 2 -0.159591
45 3 -0.160497
45 4 -0.162397
45 5 -0.16523
45 6 -0.169003
45 7 -0.173686
45 8 -0.179087
45 9 -0.185363
45 10 -0.191796
45 11 -0.198894
45 12 -0.206232
45 13 -0.213808
45 14 -0.22147
45 15 -0.228641
45 16 -0.235898
45 17 -0.242687
45 18 -0.249117
45 19 -0.255036
45 20 -0.260199
45 21 -0.265001
45 22 -0.268547
45 23 -0.271766
45 24 -0.274123
45 25 -0.275673
45 26 -0.276892
45 27 -0.0344551
45 28 0
45 29 0
45 30 0
45 31 0
45 32 0
45 33 0
45 34 0
45 35 0
45 36 0
45 37 0
45 38 0
45 39 0

46 0 0
46 1 -0.021058
46 2 -0.169227
46 3 -0.170018
46 4 -0.171888
46 5 -0.174713
46 6 -0.178594
46 7 -0.183169
46 8 -0.188707
46 9 -0.194753
46 10 -0.201434
46 11 -0.208368
46 12 -0.215811
46 13 -0.223242
46 14 -0.230738
46 15 -0.238173
46 16 -0.245515
46 17 -0.252264
46 18 -0.258689
46 19 -0.265023
46 20 -0.270214
46 21 -0.275092
46 22 -0.278942
46 23 -0.282098
46 24 -0.28474
46 25 -0.286483
46 26 -0.287634
46 27 -0.0357861
46 28 0
46 29 0
46 30 0
46 31 0
46 32 0
46 33 0
46 34 0
46 35 0
46 36 0
46 37 0
46 38 0
46 39 0

47 0 0
47 1 -0.0219839
47 2 -0.176682
47 3 -0.177412
47 4 -0.179346
47 5 -0.182103
47 6 -0.185841
47 7 -0.1907
47 8 -0.196064
47 9 -0.202257
47 10 -0.208846
47 11 -0.215973
47 12 -0.222996
47 13 -0.230608
47 14 -0.238012
47 15 -0.245388
47 16 -0.252885
47 17 -0.259626
47 18 -0.266374
47 19 -0.272334
47 20 -0.277804
47 21 -0.282815
47 22 -0.28666
47 23 -0.290156
47 24 -0.292788
47 25 -0.294792
47 26 -0.296015
47 27 -0.0368199
47 28 0
47 29 0
47 30 0
47 31 0
47 32 0
47 33 0
47 34 0
47 35 0
47 36 0
47 37 0
47 38 0
47 39 0

48 0 0
48 1 -0.0226229
48 2 -0.181822
48 3 -0.182545
48 4 -0.184467
48 5 -0.187113
48 6 -0.190995
48 7 -0.195827
48 8 -0.201097
48 9 -0.207185
48 10 -0.213885
48 11 -0.220901
48 12 -0.228125
48 13 -0.23571
48 14 -0.243201
48 15 -0.250691
48 16 -0.258027
48 17 -0.264881
48 18 -0.271508
48 19 -0.277966
48 20 -0.283076
48 21 -0.288087
48 22 -0.29231
48 23 -0.295757
48 24 -0.298532
48 25 -0.300504
48 26 -0.301757
48 27 -0.0375395
48 28 0
48 29 0
48 30 0
48 31 0
48 32 0
48 33 0
48 34 0
48 35 0
48 36 0
48 37 0
48 38 0
48 39 0

49 0 0
49 1 -0.022969
49 2 -0.184595
49 3 -0.185324
49 4 -0.187118
49 5 -0.18996
49 6 -0.193747
49 7 -0.19841
49 8 -0.203912
49 9 -0.210036
49 10 -0.216658
49 11 -0.22362
49 12 -0.230977
49 13 -0.238422
49 14 -0.245935
49 15 -0.253469
49 16 -0.26077
49 17 -0.267902
49 18 -0.274548
49 19 -0.280603
49 20 -0.286162
49 21 -0.290954
49 22 -0.295234
49 23 -0.29877
49 24 -0.3016
49 25 -0.303639
49 26 -0.304944
49 27 -0.0379391
49 28 0
49 29 0
49 30 0
49 31 0
49 32 0
49 33 0
49 34 0
49 35 0
49 36 0
49 37 0
49 38 0
49 39 0

50 0 0
50 1 0
50 2 -0.022969
50 3 -0.0230599
50 4 -0.0232682
50 5 -0.0236461
50 6 -0.0241056
50 7 -0.02467
50 8 -0.0253791
50 9 -0.0261453
50 10 -0.0269522
50 11 -0.0278235
50 12 -0.0287435
50 13 -0.0296543
50 14 -0.0305995
50 15 -0.0315349
50 16 -0.0324353
50 17 -0.0333456
50 18 -0.0341748
50 19 -0.0348867
50 20 -0.0356213
50 21 -0.0361898
50 22 -0.0367205
50 23 -0.0371707
50 24 -0.0375134
50 25 -0.0377795
50 26 -0.0379391
50 27 0
50 28 0
50 29 0
50 30 0
50 31 0
50 32 0
50 33 0
50 34 0
50 35 0
50 36 0
50 37 0
50 38 0
50 39 0

51 0 0
51 1 0
51 2 0
51 3 0
51 4 0
51 5 0
51 6 0
51 7 0
51 8 0
51 9 0
51 10 0
51 11 0
51 12 0
51 13 0
51 14 0
51 15 0
51 16 0
51 17 0
51 18 0
51 19 0
51 20 0
51 21 0
51 22 0
51 23 0
51 24 0
51 25 0
51 26 0
51 27 0
51 28 0
51 29 0
51 30 0
51 31 0
51 32 0
51 33 0
51 34 0
51 35 0
51 36 0
51 37 0
51 38 0
51 39 0

