0 0 0
0 0.2 0
0 0.4 0
0 0.6 0
0 0.8 0
0 1 0
0 1.2 0
0 1.4 0
0 1.6 0
0 1.8 0
0 2 0
0 2.2 0
0 2.4 0
0 2.6 0
0 2.8 0
0 3 0
0 3.2 0
0 3.4 0
0 3.6 0
0 3.8 0
0 4 0
0 4.2 0
0 4.4 0
0 4.6 0
0 4.8 0
0 5 0
0 5.2 0
0 5.4 0
0 5.6 0
0 5.8 0
0 6 0
0 6.2 0
0 6.4 0
0 6.6 0
0 6.8 0
0 7 0
0 7.2 0
0 7.4 0
0 7.6 0
0 7.8 0
0 8 0
0 8.2 0
0 8.4 0

0.2 0 0
0.2 0.2 0
0.2 0.4 0.0394473
0.2 0.6 0.0242771
0.2 0.8 0.00571648
0.2 1 -0.00782135
0.2 1.2 -0.0122026
0.2 1.4 -0.0104097
0.2 1.6 -0.00908127
0.2 1.8 -0.0126878
0.2 2 -0.0190511
0.2 2.2 -0.0212863
0.2 2.4 -0.0126788
0.2 2.6 0.00722911
0.2 2.8 0.0309798
0.2 3 0.0468196
0.2 3.2 0.0456978
0.2 3.4 0.028137
0.2 3.6 0.00483192
0.2 3.8 -0.0108242
0.2 4 -0.011004
0.2 4.2 0.00154483
0.2 4.4 0.0151206
0.2 4.6 0.0175118
0.2 4.8 0.00436091
0.2 5 -0.0174623
0.2 5.2 -0.033671
0.2 5.4 -0.0324058
0.2 5.6 -0.0115691
0.2 5.8 0.0184563
0.2 6 0.0416529
0.2 6.2 0
0.2 6.4 0
0.2 6.6 0
0.2 6.8 0
0.2 7 0
0.2 7.2 0
0.2 7.4 0
0.2 7.6 0
0.2 7.8 0
0.2 8 0
0.2 8.2 0
0.2 8.4 0

0.4 0 0
0.4 0.2 0.0394473
0.4 0.4 0.285622
0.4 0.6 0.175811
0.4 0.8 0.0413513
0.4 1 -0.0566262
0.4 1.2 -0.088899
0.4 1.4 -0.0763027
0.4 1.6 -0.0669061
0.4 1.8 -0.092521
0.4 2 -0.138768
0.4 2.2 -0.155018
0.4 2.4 -0.0927347
0.4 2.6 0.052285
0.4 2.8 0.225252
0.4 3 0.339842
0.4 3.2 0.331369
0.4 3.4 0.20397
0.4 3.6 0.0346401
0.4 3.8 -0.0789778
0.4 4 -0.0801417
0.4 4.2 0.0111
0.4 4.4 0.110012
0.4 4.6 0.127257
0.4 4.8 0.0315128
0.4 5 -0.127544
0.4 5.2 -0.245649
0.4 5.4 -0.235443
0.4 5.6 -0.0841658
0.4 5.8 0.133902
0.4 6 0.30255
0.4 6.2 0.0710085
0.4 6.4 0
0.4 6.6 0
0.4 6.8 0
0.4 7 0
0.4 7.2 0
0.4 7.4 0
0.4 7.6 0
0.4 7.8 0
0.4 8 0
0.4 8.2 0
0.4 8.4 0

0.6 0 0
0.6 0.2 0.0320788
0.6 0.4 0.233317
0.6 0.6 0.143686
0.6 0.8 0.0354505
0.6 1 -0.0368104
0.6 1.2 -0.0485202
0.6 1.4 -0.0176438
0.6 1.6 0.0101484
0.6 1.8 3.8714e-06
0.6 2 -0.0432241
0.6 2.2 -0.0797888
0.6 2.4 -0.0639519
0.6 2.6 0.016349
0.6 2.8 0.126182
0.6 3 0.200752
0.6 3.2 0.189862
0.6 3.4 0.0967039
0.6 3.6 -0.0222802
0.6 3.8 -0.0930637
0.6 4 -0.0739961
0.6 4.2 0.0144739
0.6 4.4 0.103334
0.6 4.6 0.119204
0.6 4.8 0.0399882
0.6 5 -0.0922512
0.6 5.2 -0.193213
0.6 5.4 -0.191526
0.6 5.6 -0.0808557
0.6 5.8 0.0799628
0.6 6 0.198961
0.6 6.2 0.213169
0.6 6.4 0.0187622
0.6 6.6 0
0.6 6.8 0
0.6 7 0
0.6 7.2 0
0.6 7.4 0
0.6 7.6 0
0.6 7.8 0
0.6 8 0
0.6 8.2 0
0.6 8.4 0

0.8 0 0
0.8 0.2 0.0226019
0.8 0.4 0.165169
0.8 0.6 0.0966182
0.8 0.8 0.0161155
0.8 1 -0.0263671
0.8 1.2 -0.0105924
0.8 1.4 0.0454973
0.8 1.6 0.0999782
0.8 1.8 0.11156
0.8 2 0.0739574
0.8 2.2 0.0132254
0.8 2.4 -0.0289999
0.8 2.6 -0.0317202
0.8 2.8 -0.0027975
0.8 3 0.0237042
0.8 3.2 0.0136067
0.8 3.4 -0.0308274
0.8 3.6 -0.0813247
0.8 3.8 -0.0969517
0.8 4 -0.0517775
0.8 4.2 0.0288405
0.8 4.4 0.0980276
0.8 4.6 0.107731
0.8 4.8 0.0462471
0.8 5 -0.0507277
0.8 5.2 -0.126249
0.8 5.4 -0.133335
0.8 5.6 -0.072731
0.8 5.8 0.0135991
0.8 6 0.064634
0.8 6.2 0.0373209
0.8 6.4 -0.0778146
0.8 6.6 -0.0105934
0.8 6.8 0
0.8 7 0
0.8 7.2 0
0.8 7.4 0
0.8 7.6 0
0.8 7.8 0
0.8 8 0
0.8 8.2 0
0.8 8.4 0

1 0 0
1 0.2 0.0117464
1 0.4 0.0872483
1 0.6 0.0377655
1 0.8 -0.0209943
1 1 -0.0458279
1 1.2 -0.0165123
1 1.4 0.0545986
1 1.6 0.128962
1 1.8 0.165672
1 2 0.14487
1 2.2 0.0786803
1 2.4 -0.00312127
1 2.6 -0.0691815
1 2.8 -0.104394
1 3 -0.114996
1 3.2 -0.113903
1 3.4 -0.108229
1 3.6 -0.0916509
1 3.8 -0.0575471
1 4 -0.00327206
1 4.2 0.0529718
1 4.4 0.0846722
1 4.6 0.0780903
1 4.8 0.0349193
1 5 -0.0193255
1 5.2 -0.0583548
1 5.4 -0.0650781
1 5.6 -0.0476362
1 5.8 -0.0310482
1 6 -0.0357359
1 6.2 -0.0696039
1 6.4 -0.11418
1 6.6 -0.0184894
1 6.8 0
1 7 0
1 7.2 0
1 7.4 0
1 7.6 0
1 7.8 0
1 8 0
1 8.2 0
1 8.4 0

1.2 0 0
1.2 0.2 0.00155989
1.2 0.4 0.0121335
1.2 0.6 -0.0250057
1.2 0.8 -0.0723959
1.2 1 -0.0959278
1.2 1.2 -0.075516
1.2 1.4 -0.014764
1.2 1.6 0.0609675
1.2 1.8 0.116614
1.2 2 0.124983
1.2 2.2 0.0812913
1.2 2.4 0.00332933
1.2 2.6 -0.0805328
1.2 2.8 -0.141723
1.2 3 -0.162646
1.2 3.2 -0.143283
1.2 3.4 -0.0904027
1.2 3.6 -0.0253267
1.2 3.8 0.0335598
1.2 4 0.0703074
1.2 4.2 0.0766631
1.2 4.4 0.0553218
1.2 4.6 0.0224709
1.2 4.8 -0.00478314
1.2 5 -0.0140832
1.2 5.2 -0.00708182
1.2 5.4 0.000828266
1.2 5.6 -0.00738158
1.2 5.8 -0.0407393
1.2 6 -0.0856952
1.2 6.2 -0.114026
1.2 6.4 -0.096452
1.2 6.6 -0.0207582
1.2 6.8 0.0349008
1.2 7 0
1.2 7.2 0
1.2 7.4 0
1.2 7.6 0
1.2 7.8 0
1.2 8 0
1.2 8.2 0
1.2 8.4 0

1.4 0 0
1.4 0.2 -0.00675967
1.4 0.4 -0.0496963
1.4 0.6 -0.0752298
1.4 0.8 -0.11432
1.4 1 -0.147787
1.4 1.2 -0.1565
1.4 1.4 -0.131862
1.4 1.6 -0.0806187
1.4 1.8 -0.0215049
1.4 2 0.0199012
1.4 2.2 0.025336
1.4 2.4 -0.00914972
1.4 2.6 -0.0644367
1.4 2.8 -0.114114
1.4 3 -0.124611
1.4 3.2 -0.0845891
1.4 3.4 -0.00372626
1.4 3.6 0.0823433
1.4 3.8 0.139235
1.4 4 0.138138
1.4 4.2 0.0823943
1.4 4.4 0.00298674
1.4 4.6 -0.060352
1.4 4.8 -0.0729382
1.4 5 -0.035446
1.4 5.2 0.0234956
1.4 5.4 0.0584119
1.4 5.6 0.0386984
1.4 5.8 -0.0260809
1.4 6 -0.0999314
1.4 6.2 -0.124419
1.4 6.4 -0.0642505
1.4 6.6 0.0797742
1.4 6.8 0.274828
1.4 7 0.037765
1.4 7.2 0
1.4 7.4 0
1.4 7.6 0
1.4 7.8 0
1.4 8 0
1.4 8.2 0
1.4 8.4 0

1.6 0 0
1.6 0.2 -0.0129045
1.6 0.4 -0.0951443
1.6 0.6 -0.102063
1.6 0.8 -0.125451
1.6 1 -0.162281
1.6 1.2 -0.205123
1.6 1.4 -0.231026
1.6 1.6 -0.223426
1.6 1.8 -0.179427
1.6 2 -0.113607
1.6 2.2 -0.0555201
1.6 2.4 -0.0281916
1.6 2.6 -0.0338282
1.6 2.8 -0.052098
1.6 3 -0.047175
1.6 3.2 0.00169532
1.6 3.4 0.0893966
1.6 3.6 0.173601
1.6 3.8 0.210026
1.6 4 0.168129
1.6 4.2 0.0594686
1.6 4.4 -0.0669536
1.6 4.6 -0.148297
1.6 4.8 -0.145367
1.6 5 -0.0668837
1.6 5.2 0.0369151
1.6 5.4 0.0972709
1.6 5.6 0.0786814
1.6 5.8 -0.00682086
1.6 6 -0.100655
1.6 6.2 -0.132057
1.6 6.4 -0.065769
1.6 6.6 0.0792541
1.6 6.8 0.224874
1.6 7 0.0580843
1.6 7.2 0
1.6 7.4 0
1.6 7.6 0
1.6 7.8 0
1.6 8 0
1.6 8.2 0
1.6 8.4 0

1.8 0 0
1.8 0.2 -0.0180694
1.8 0.4 -0.132776
1.8 0.6 -0.108374
1.8 0.8 -0.0938732
1.8 1 -0.114873
1.8 1.2 -0.174808
1.8 1.4 -0.24701
1.8 1.6 -0.291996
1.8 1.8 -0.279697
1.8 2 -0.208731
1.8 2.2 -0.113868
1.8 2.4 -0.0377268
1.8 2.6 -0.00117306
1.8 2.8 0.00332518
1.8 3 0.00849143
1.8 3.2 0.0446321
1.8 3.4 0.115892
1.8 3.6 0.185897
1.8 3.8 0.206006
1.8 4 0.143858
1.8 4.2 0.0124484
1.8 4.4 -0.129405
1.8 4.6 -0.211544
1.8 4.8 -0.191649
1.8 5 -0.0842054
1.8 5.2 0.0455576
1.8 5.4 0.122954
1.8 5.6 0.103911
1.8 5.8 0.00644942
1.8 6 -0.0992045
1.8 6.2 -0.143182
1.8 6.4 -0.0883755
1.8 6.6 0.0349418
1.8 6.8 0.151841
1.8 7 0.197242
1.8 7.2 0.0271007
1.8 7.4 0
1.8 7.6 0
1.8 7.8 0
1.8 8 0
1.8 8.2 0
1.8 8.4 0

2 0 0
2 0.2 -0.0238989
2 0.4 -0.174494
2 0.6 -0.106776
2 0.8 -0.0361625
2 1 -0.0123813
2 1.2 -0.0624175
2 1.4 -0.160442
2 1.6 -0.250249
2 1.8 -0.277213
2 2 -0.22318
2 2.2 -0.121595
2 2.4 -0.0250964
2 2.6 0.0251651
2 2.8 0.0239975
2 3 0.00514528
2 3.2 0.0110763
2 3.4 0.0534156
2 3.6 0.110001
2 3.8 0.130396
2 4 0.0794703
2 4.2 -0.0327848
2 4.4 -0.155915
2 4.6 -0.221038
2 4.8 -0.187669
2 5 -0.0711902
2 5.2 0.0610666
2 5.4 0.136352
2 5.6 0.113006
2 5.8 0.0131156
2 6 -0.0944434
2 6.2 -0.141843
2 6.4 -0.103238
2 6.6 -0.00923224
2 6.8 0.0742211
2 7 0.10627
2 7.2 0.00217077
2 7.4 0
2 7.6 0
2 7.8 0
2 8 0
2 8.2 0
2 8.4 0

2.2 0 0
2.2 0.2 -0.0307574
2.2 0.4 -0.223184
2.2 0.6 -0.109347
2.2 0.8 0.0273444
2.2 1 0.110759
2.2 1.2 0.0932223
2.2 1.4 -0.00676653
2.2 1.6 -0.121368
2.2 1.8 -0.182877
2.2 2 -0.158918
2.2 2.2 -0.0741514
2.2 2.4 0.0102191
2.2 2.6 0.0426091
2.2 2.8 0.0117025
2.2 3 -0.0463343
2.2 3.2 -0.0823588
2.2 3.4 -0.0688773
2.2 3.6 -0.0169132
2.2 3.8 0.0250614
2.2 4 0.0169218
2.2 4.2 -0.0469866
2.2 4.4 -0.127341
2.2 4.6 -0.16691
2.2 4.8 -0.129004
2.2 5 -0.0264155
2.2 5.2 0.0827006
2.2 5.4 0.13759
2.2 5.6 0.106548
2.2 5.8 0.0132112
2.2 6 -0.0788609
2.2 6.2 -0.114963
2.2 6.4 -0.0798461
2.2 6.6 -0.0114632
2.2 6.8 0.0302209
2.2 7 0.00789784
2.2 7.2 -0.0897053
2.2 7.4 -0.0123547
2.2 7.6 0
2.2 7.8 0
2.2 8 0
2.2 8.2 0
2.2 8.4 0

2.4 0 0
2.4 0.2 -0.0353764
2.4 0.4 -0.25677
2.4 0.6 -0.1111
2.4 0.8 0.0754707
2.4 1 0.209066
2.4 1.2 0.230196
2.4 1.4 0.147395
2.4 1.6 0.0279154
2.4 1.8 -0.0512756
2.4 2 -0.0540609
2.4 2.2 0.00227452
2.4 2.4 0.0598601
2.4 2.6 0.0604046
2.4 2.8 -0.00551889
2.4 3 -0.103773
2.4 3.2 -0.173478
2.4 3.4 -0.179772
2.4 3.6 -0.12365
2.4 3.8 -0.0496877
2.4 4 -0.00721385
2.4 4.2 -0.0137648
2.4 4.4 -0.0512907
2.4 4.6 -0.0709669
2.4 4.8 -0.0422691
2.4 5 0.0274388
2.4 5.2 0.0978261
2.4 5.4 0.122403
2.4 5.6 0.0845606
2.4 5.8 0.0070108
2.4 6 -0.0567306
2.4 6.2 -0.065062
2.4 6.4 -0.0201147
2.4 6.6 0.0397702
2.4 6.8 0.0606789
2.4 7 0.024279
2.4 7.2 -0.0395574
2.4 7.4 -0.00548982
2.4 7.6 0
2.4 7.8 0
2.4 8 0
2.4 8.2 0
2.4 8.4 0

2.6 0 0
2.6 0.2 -0.0326575
2.6 0.4 -0.236645
2.6 0.6 -0.0879647
2.6 0.8 0.107168
2.6 1 0.256726
2.6 1.2 0.299405
2.6 1.4 0.240119
2.6 1.6 0.134431
2.6 1.8 0.0538672
2.6 2 0.0400479
2.6 2.2 0.0752354
2.6 2.4 0.106619
2.6 2.6 0.0825826
2.6 2.8 -0.00552823
2.6 3 -0.121631
2.6 3.2 -0.204702
2.6 3.4 -0.215433
2.6 3.6 -0.151439
2.6 3.8 -0.0548948
2.6 4 0.022804
2.6 4.2 0.0532532
2.6 4.4 0.0418088
2.6 4.6 0.0260698
2.6 4.8 0.0307613
2.6 5 0.0607091
2.6 5.2 0.0902073
2.6 5.4 0.0871753
2.6 5.6 0.0457321
2.6 5.8 -0.0103051
2.6 6 -0.0412669
2.6 6.2 -0.0170759
2.6 6.4 0.0473337
2.6 6.6 0.110651
2.6 6.8 0.126039
2.6 7 0.0843646
2.6 7.2 0.0293115
2.6 7.4 0.00445023
2.6 7.6 0
2.6 7.8 0
2.6 8 0
2.6 8.2 0
2.6 8.4 0

2.8 0 0
2.8 0.2 -0.0180531
2.8 0.4 -0.131568
2.8 0.6 -0.018263
2.8 0.8 0.134212
2.8 1 0.252389
2.8 1.2 0.288067
2.8 1.4 0.243825
2.8 1.6 0.161789
2.8 1.8 0.101555
2.8 2 0.0911304
2.8 2.2 0.116635
2.8 2.4 0.134593
2.8 2.6 0.105163
2.8 2.8 0.0233135
2.8 3 -0.0817087
2.8 3.2 -0.153845
2.8 3.4 -0.154845
2.8 3.6 -0.0894541
2.8 3.8 0.00933654
2.8 4 0.0886653
2.8 4.2 0.1204
2.8 4.4 0.106118
2.8 4.6 0.0755658
2.8 4.8 0.0541697
2.8 5 0.0523824
2.8 5.2 0.0532925
2.8 5.4 0.0367693
2.8 5.6 -0.000698707
2.8 5.8 -0.0390229
2.8 6 -0.0475839
2.8 6.2 -0.00408093
2.8 6.4 0.0714573
2.8 6.6 0.138044
2.8 6.8 0.154735
2.8 7 0.111926
2.8 7.2 0.045966
2.8 7.4 0.00212002
2.8 7.6 0.00037447
2.8 7.8 0
2.8 8 0
2.8 8.2 0
2.8 8.4 0

3 0 0
3 0.2 0.00681144
3 0.4 0.0482842
3 0.6 0.0970493
3 0.8 0.166146
3 1 0.215879
3 1.2 0.219911
3 1.4 0.181346
3 1.6 0.128276
3 1.8 0.0967849
3 2 0.0983645
3 2.2 0.121294
3 2.4 0.135741
3 2.6 0.115193
3 2.8 0.0597071
3 3 -0.00779916
3 3.2 -0.0469019
3 3.4 -0.0349197
3 3.6 0.0218105
3 3.8 0.0938348
3 4 0.142141
3 4.2 0.144598
3 4.4 0.108291
3 4.6 0.0590879
3 4.8 0.0234444
3 5 0.00949632
3 5.2 0.00577312
3 5.4 -0.00741616
3 5.6 -0.0357357
3 5.8 -0.0655222
3 6 -0.074468
3 6.2 -0.0377879
3 6.4 0.0274117
3 6.6 0.0900935
3 6.8 0.110442
3 7 0.0783694
3 7.2 0.0196078
3 7.4 -0.0267673
3 7.6 -0.00365945
3 7.8 0
3 8 0
3 8.2 0
3 8.4 0

3.2 0 0
3.2 0.2 0.0334889
3.2 0.4 0.241386
3.2 0.6 0.216792
3.2 0.8 0.191258
3.2 1 0.163512
3.2 1.2 0.131775
3.2 1.4 0.101424
3.2 1.6 0.0797199
3.2 1.8 0.0755472
3.2 2 0.0850939
3.2 2.2 0.0997328
3.2 2.4 0.107375
3.2 2.6 0.0972674
3.2 2.8 0.0751707
3.2 3 0.0547128
3.2 3.2 0.0547315
3.2 3.4 0.0801927
3.2 3.6 0.119904
3.2 3.8 0.150199
3.2 4 0.1503
3.2 4.2 0.111642
3.2 4.4 0.0495962
3.2 4.6 -0.00965049
3.2 4.8 -0.0406056
3.2 5 -0.0400648
3.2 5.2 -0.0227144
3.2 5.4 -0.0163079
3.2 5.6 -0.0347293
3.2 5.8 -0.0696023
3.2 6 -0.10126
3.2 6.2 -0.100973
3.2 6.4 -0.0706506
3.2 6.6 -0.0252593
3.2 6.8 0.00118984
3.2 7 -0.00419714
3.2 7.2 -0.0373088
3.2 7.4 -0.070161
3.2 7.6 -0.0236392
3.2 7.8 0
3.2 8 0
3.2 8.2 0
3.2 8.4 0

3.4 0 0
3.4 0.2 0.0493201
3.4 0.4 0.357644
3.4 0.6 0.278075
3.4 0.8 0.180411
3.4 1 0.0979276
3.4 1.2 0.0530771
3.4 1.4 0.0442169
3.4 1.6 0.0589869
3.4 1.8 0.0740801
3.4 2 0.0785866
3.4 2.2 0.0696917
3.4 2.4 0.0541338
3.4 2.6 0.0433935
3.4 2.8 0.0472903
3.4 3 0.0686812
3.4 3.2 0.101753
3.4 3.4 0.134215
3.4 3.6 0.152844
3.4 3.8 0.142772
3.4 4 0.10167
3.4 4.2 0.0349976
3.4 4.4 -0.0338561
3.4 4.6 -0.0829157
3.4 4.8 -0.0921398
3.4 5 -0.0607979
3.4 5.2 -0.0110333
3.4 5.4 0.0231265
3.4 5.6 0.0159369
3.4 5.8 -0.0349143
3.4 6 -0.104371
3.4 6.2 -0.159664
3.4 6.4 -0.177156
3.4 6.6 -0.155463
3.4 6.8 -0.120035
3.4 7 -0.0894502
3.4 7.2 -0.0781843
3.4 7.4 -0.0837354
3.4 7.6 -0.101697
3.4 7.8 -0.0140521
3.4 8 0
3.4 8.2 0
3.4 8.4 0

3.6 0 0
3.6 0.2 0.0450939
3.6 0.4 0.327752
3.6 0.6 0.226643
3.6 0.8 0.102848
3.6 1 0.0114508
3.6 1.2 -0.0121355
3.6 1.4 0.0221208
3.6 1.6 0.0756807
3.6 1.8 0.1054
3.6 2 0.0896011
3.6 2.2 0.0392033
3.6 2.4 -0.0147846
3.6 2.6 -0.0394368
3.6 2.8 -0.0212993
3.6 3 0.0274864
3.6 3.2 0.081358
3.6 3.4 0.113651
3.6 3.6 0.113572
3.6 3.8 0.0801615
3.6 4 0.0220647
3.6 4.2 -0.0406198
3.6 4.4 -0.0925253
3.6 4.6 -0.114866
3.6 4.8 -0.0952564
3.6 5 -0.0350632
3.6 5.2 0.0408365
3.6 5.4 0.0967148
3.6 5.6 0.0988634
3.6 5.8 0.0351797
3.6 6 -0.0679512
3.6 6.2 -0.173964
3.6 6.4 -0.239481
3.6 6.6 -0.241809
3.6 6.8 -0.19462
3.6 7 -0.123502
3.6 7.2 -0.0608958
3.6 7.4 -0.0216423
3.6 7.6 -0.00934329
3.6 7.8 -0.00149463
3.6 8 0
3.6 8.2 0
3.6 8.4 0

3.8 0 0
3.8 0.2 0.0204714
3.8 0.4 0.149956
3.8 0.6 0.0627011
3.8 0.8 -0.0428729
3.8 1 -0.0992231
3.8 1.2 -0.0713481
3.8 1.4 0.0178959
3.8 1.6 0.108746
3.8 1.8 0.143362
3.8 2 0.0984734
3.8 2.2 0.0032138
3.8 2.4 -0.0883491
3.8 2.6 -0.126581
3.8 2.8 -0.102031
3.8 3 -0.0389664
3.8 3.2 0.022415
3.8 3.4 0.0478792
3.8 3.6 0.0337695
3.8 3.8 -0.0054221
3.8 4 -0.0491052
3.8 4.2 -0.0778157
3.8 4.4 -0.0914011
3.8 4.6 -0.0820718
3.8 4.8 -0.0447418
3.8 5 0.0184462
3.8 5.2 0.0974097
3.8 5.4 0.160619
3.8 5.6 0.174197
3.8 5.8 0.115198
3.8 6 -0.000335863
3.8 6.2 -0.132316
3.8 6.4 -0.227958
3.8 6.6 -0.24934
3.8 6.8 -0.195127
3.8 7 -0.0950835
3.8 7.2 0.00592511
3.8 7.4 0.0784405
3.8 7.6 0.114583
3.8 7.8 0.0157711
3.8 8 0
3.8 8.2 0
3.8 8.4 0

4 0 0
4 0.2 -0.0140885
4 0.4 -0.100775
4 0.6 -0.154286
4 0.8 -0.215443
4 1 -0.216264
4 1.2 -0.129494
4 1.4 0.00963346
4 1.6 0.125341
4 1.8 0.152983
4 2 0.0802079
4 2.2 -0.0479549
4 2.4 -0.157918
4 2.6 -0.194634
4 2.8 -0.154127
4 3 -0.0809761
4 3.2 -0.0239267
4 3.4 -0.0157817
4 3.6 -0.0443161
4 3.8 -0.0768229
4 4 -0.0859029
4 4.2 -0.0617249
4 4.4 -0.0274137
4 4.6 0.00427378
4 4.8 0.0287318
4 5 0.0606074
4 5.2 0.109541
4 5.4 0.163835
4 5.6 0.191662
4 5.8 0.160985
4 6 0.069095
4 6.2 -0.0552293
4 6.4 -0.156456
4 6.6 -0.187179
4 6.8 -0.136074
4 7 -0.0307937
4 7.2 0.0769839
4 7.4 0.14974
4 7.6 0.181068
4 7.8 0.0355425
4 8 0
4 8.2 0
4 8.4 0

4.2 0 0
4.2 0.2 -0.0423847
4.2 0.4 -0.306787
4.2 0.6 -0.328165
4.2 0.8 -0.349069
4.2 1 -0.305494
4.2 1.2 -0.180235
4.2 1.4 -0.0172736
4.2 1.6 0.0996649
4.2 1.8 0.111787
4.2 2 0.0178808
4.2 2.2 -0.119306
4.2 2.4 -0.216353
4.2 2.6 -0.222725
4.2 2.8 -0.151791
4.2 3 -0.064216
4.2 3.2 -0.0209483
4.2 3.4 -0.0419003
4.2 3.6 -0.0931961
4.2 3.8 -0.118638
4.2 4 -0.0871672
4.2 4.2 -0.0110526
4.2 4.4 0.0641575
4.2 4.6 0.099347
4.2 4.8 0.0834261
4.2 5 0.0521503
4.2 5.2 0.0450028
4.2 5.4 0.0787546
4.2 5.6 0.127472
4.2 5.8 0.148906
4.2 6 0.111046
4.2 6.2 0.0268729
4.2 6.4 -0.0599304
4.2 6.6 -0.0949582
4.2 6.8 -0.061213
4.2 7 0.023798
4.2 7.2 0.105711
4.2 7.4 0.145431
4.2 7.6 0.129261
4.2 7.8 0.0754457
4.2 8 0.0105186
4.2 8.2 0
4.2 8.4 0

4.4 0 0
4.4 0.2 -0.0514339
4.4 0.4 -0.373228
4.4 0.6 -0.381311
4.4 0.8 -0.38474
4.4 1 -0.327481
4.4 1.2 -0.199588
4.4 1.4 -0.0484345
4.4 1.6 0.0442232
4.4 1.8 0.0281162
4.4 2 -0.0783476
4.4 2.2 -0.202562
4.4 2.4 -0.256089
4.4 2.6 -0.205175
4.4 2.8 -0.0858771
4.4 3 0.0165159
4.4 3.2 0.0373918
4.4 3.4 -0.0264905
4.4 3.6 -0.11264
4.4 3.8 -0.144197
4.4 4 -0.0826624
4.4 4.2 0.0381606
4.4 4.4 0.142643
4.4 4.6 0.165028
4.4 4.8 0.092787
4.4 5 -0.0158463
4.4 5.2 -0.0867858
4.4 5.4 -0.0767283
4.4 5.6 0.000901372
4.4 5.8 0.085303
4.4 6 0.11724
4.4 6.2 0.0850635
4.4 6.4 0.0207512
4.4 6.6 -0.0216292
4.4 6.8 -0.00992117
4.4 7 0.0410523
4.4 7.2 0.0853214
4.4 7.4 0.083786
4.4 7.6 0.0332846
4.4 7.8 -0.0244829
4.4 8 -0.00330446
4.4 8.2 0
4.4 8.4 0

4.6 0 0
4.6 0.2 -0.0384003
4.6 0.4 -0.278628
4.6 0.6 -0.295113
4.6 0.8 -0.310107
4.6 1 -0.270525
4.6 1.2 -0.169706
4.6 1.4 -0.0580021
4.6 1.6 -0.00838436
4.6 1.8 -0.0565211
4.6 2 -0.172188
4.6 2.2 -0.268958
4.6 2.4 -0.266689
4.6 2.6 -0.150364
4.6 2.8 0.0171192
4.6 3 0.131923
4.6 3.2 0.123487
4.6 3.4 0.0102329
4.6 3.6 -0.122314
4.6 3.8 -0.172695
4.6 4 -0.0969931
4.6 4.2 0.0551253
4.6 4.4 0.179345
4.6 4.6 0.186941
4.6 4.8 0.0671631
4.6 5 -0.106877
4.6 5.2 -0.231453
4.6 5.4 -0.235692
4.6 5.6 -0.128745
4.6 5.8 0.0145392
4.6 6 0.107166
4.6 6.2 0.115385
4.6 6.4 0.0631608
4.6 6.6 0.0107798
4.6 6.8 -0.00130669
4.6 7 0.0234272
4.6 7.2 0.0387623
4.6 7.4 0.00999934
4.6 7.6 -0.0644515
4.6 7.8 -0.133614
4.6 8 -0.0182479
4.6 8.2 0
4.6 8.4 0

4.8 0 0
4.8 0.2 -0.0112546
4.8 0.4 -0.082252
4.8 0.6 -0.122535
4.8 0.8 -0.162801
4.8 1 -0.154441
4.8 1.2 -0.090796
4.8 1.4 -0.0215612
4.8 1.6 -0.0135176
4.8 1.8 -0.0921245
4.8 2 -0.217226
4.8 2.2 -0.293818
4.8 2.4 -0.248877
4.8 2.6 -0.0793526
4.8 2.8 0.121383
4.8 3 0.238752
4.8 3.2 0.200012
4.8 3.4 0.035776
4.8 3.6 -0.142743
4.8 3.8 -0.217262
4.8 4 -0.137034
4.8 4.2 0.0347553
4.8 4.4 0.17565
4.8 4.6 0.181424
4.8 4.8 0.0355124
4.8 5 -0.174046
4.8 5.2 -0.322424
4.8 5.4 -0.327114
4.8 5.6 -0.194175
4.8 5.8 -0.0146487
4.8 6 0.109675
4.8 6.2 0.128278
4.8 6.4 0.0681905
4.8 6.6 -0.00240925
4.8 6.8 -0.0280998
4.8 7 -0.0103469
4.8 7.2 0.00494163
4.8 7.4 -0.0242774
4.8 7.6 -0.101426
4.8 7.8 -0.176107
4.8 8 -0.0242315
4.8 8.2 0
4.8 8.4 0

5 0 0
5 0.2 0.0160721
5 0.4 0.116592
5 0.6 0.0541179
5 0.8 -0.00804263
5 1 -0.022707
5 1.2 0.01801
5 1.4 0.0641215
5 1.6 0.050136
5 1.8 -0.0486151
5 2 -0.184119
5 2.2 -0.259379
5 2.4 -0.204325
5 2.6 -0.019322
5 2.8 0.189929
5 3 0.298667
5 3.2 0.235255
5 3.4 0.0363063
5 3.6 -0.174298
5 3.8 -0.264677
5 4 -0.185406
5 4.2 0.00034829
5 4.4 0.157161
5 4.6 0.174234
5 4.8 0.0346142
5 5 -0.174198
5 5.2 -0.316366
5 5.4 -0.308235
5 5.6 -0.161698
5 5.8 0.0257156
5 6 0.142774
5 6.2 0.138022
5 6.4 0.0493955
5 6.6 -0.0416954
5 6.8 -0.0684439
5 7 -0.0320803
5 7.2 0.0134729
5 7.4 0.0106079
5 7.6 -0.0506527
5 7.8 -0.120812
5 8 -0.0202489
5 8.2 0
5 8.4 0

5.2 0 0
5.2 0.2 0.0333771
5.2 0.4 0.243278
5.2 0.6 0.167572
5.2 0.8 0.0941657
5.2 1 0.0767848
5.2 1.2 0.121706
5.2 1.4 0.176534
5.2 1.6 0.169727
5.2 1.8 0.0705303
5.2 2 -0.0761376
5.2 2.2 -0.173522
5.2 2.4 -0.14494
5.2 2.6 0.0132141
5.2 2.8 0.201028
5.2 3 0.29759
5.2 3.2 0.227003
5.2 3.4 0.0235855
5.2 3.6 -0.191164
5.2 3.8 -0.287154
5.2 4 -0.210123
5.2 4.2 -0.0210836
5.2 4.4 0.146863
5.2 4.6 0.184326
5.2 4.8 0.0709407
5.2 5 -0.106619
5.2 5.2 -0.224047
5.2 5.4 -0.198179
5.2 5.6 -0.0509152
5.2 5.8 0.116395
5.2 6 0.195572
5.2 6.2 0.144946
5.2 6.4 0.0168595
5.2 6.6 -0.0900265
5.2 6.8 -0.104915
5.2 7 -0.0322342
5.2 7.2 0.0607927
5.2 7.4 0.0986543
5.2 7.6 0.0582025
5.2 7.8 -0.00995571
5.2 8 -0.0257352
5.2 8.2 -0.00356186
5.2 8.4 0

5.4 0 0
5.4 0.2 0.0393258
5.4 0.4 0.285932
5.4 0.6 0.201994
5.4 0.8 0.125152
5.4 1 0.115715
5.4 1.2 0.184281
5.4 1.4 0.276114
5.4 1.6 0.304916
5.4 1.8 0.22546
5.4 2 0.0714448
5.4 2.2 -0.0642277
5.4 2.4 -0.0888709
5.4 2.6 0.0111985
5.4 2.8 0.161129
5.4 3 0.246699
5.4 3.2 0.192131
5.4 3.4 0.0175558
5.4 3.6 -0.173033
5.4 3.8 -0.257482
5.4 4 -0.185616
5.4 4.2 -0.00751222
5.4 4.4 0.154759
5.4 4.6 0.20277
5.4 4.8 0.117379
5.4 5 -0.0234121
5.4 5.2 -0.105677
5.4 5.4 -0.0658788
5.4 5.6 0.0713563
5.4 5.8 0.203298
5.4 6 0.236297
5.4 6.2 0.140101
5.4 6.4 -0.0201508
5.4 6.6 -0.134289
5.4 6.8 -0.128941
5.4 7 -0.0158609
5.4 7.2 0.120875
5.4 7.4 0.191486
5.4 7.6 0.161405
5.4 7.8 0.0772355
5.4 8 0.0173513
5.4 8.2 0.00239418
5.4 8.4 0

5.6 0 0
5.6 0.2 0.0394643
5.6 0.4 0.288054
5.6 0.6 0.193963
5.6 0.8 0.103609
5.6 1 0.094893
5.6 1.2 0.18726
5.6 1.4 0.321256
5.6 1.6 0.401446
5.6 1.8 0.357314
5.6 2 0.206102
5.6 2.2 0.0328692
5.6 2.4 -0.0553102
5.6 2.6 -0.0211814
5.6 2.8 0.0894803
5.6 3 0.176691
5.6 3.2 0.160225
5.6 3.4 0.0394604
5.6 3.6 -0.105555
5.6 3.8 -0.174922
5.6 4 -0.115796
5.6 4.2 0.0299181
5.6 4.4 0.16508
5.6 4.6 0.205182
5.6 4.8 0.136435
5.6 5 0.0235544
5.6 5.2 -0.0361341
5.6 5.4 0.00981313
5.6 5.6 0.129168
5.6 5.8 0.231509
5.6 6 0.229163
5.6 6.2 0.108623
5.6 6.4 -0.0588352
5.6 6.6 -0.163398
5.6 6.8 -0.138084
5.6 7 -0.000732453
5.6 7.2 0.157169
5.6 7.4 0.236114
5.6 7.6 0.201139
5.6 7.8 0.0959204
5.6 8 0.00940689
5.6 8.2 0.00121143
5.6 8.4 0

5.8 0 0
5.8 0.2 0.0419257
5.8 0.4 0.304611
5.8 0.6 0.184777
5.8 0.8 0.0616055
5.8 1 0.0301177
5.8 1.2 0.124009
5.8 1.4 0.288868
5.8 1.6 0.415327
5.8 1.8 0.413766
5.8 2 0.279184
5.8 2.2 0.0860624
5.8 2.4 -0.0518013
5.8 2.6 -0.0723679
5.8 2.8 0.00922569
5.8 3 0.108853
5.8 3.2 0.142733
5.8 3.4 0.0876079
5.8 3.6 -0.00617741
5.8 3.8 -0.0607447
5.8 4 -0.0283141
5.8 4.2 0.0660815
5.8 4.4 0.156941
5.8 4.6 0.172671
5.8 4.8 0.103241
5.8 5 0.00328743
5.8 5.2 -0.0484645
5.8 5.4 -0.00954877
5.8 5.6 0.0919482
5.8 5.8 0.17488
5.8 6 0.165789
5.8 6.2 0.0583565
5.8 6.4 -0.0847219
5.8 6.6 -0.166754
5.8 6.8 -0.13172
5.8 7 0.00223413
5.8 7.2 0.14514
5.8 7.4 0.205559
5.8 7.6 0.149308
5.8 7.8 0.023014
5.8 8 -0.081768
5.8 8.2 -0.0112561
5.8 8.4 0

6 0 0
6 0.2 0.0479367
6 0.4 0.348471
6 0.6 0.193504
6 0.8 0.0174257
6 1 -0.061179
6 1.2 0.00719111
6 1.4 0.177886
6 1.6 0.338189
6 1.8 0.380516
6 2 0.275902
6 2.2 0.086452
6 2.4 -0.0732631
6 2.6 -0.122875
6 2.8 -0.0569274
6 3 0.060058
6 3.2 0.140795
6 3.4 0.143019
6 3.6 0.0884636
6 3.8 0.0361743
6 4 0.0334148
6 4.2 0.0744033
6 4.4 0.116396
6 4.6 0.105627
6 4.8 0.0316585
6 5 -0.0655849
6 5.2 -0.1228
6 5.4 -0.101063
6 5.6 -0.0213424
6 5.8 0.0579833
6 6 0.0719825
6 6.2 0.0110117
6 6.4 -0.0823118
6 6.6 -0.133566
6 6.8 -0.100989
6 7 -0.00075615
6 7.2 0.0963323
6 7.4 0.117618
6 7.6 0.0385932
6 7.8 -0.0985667
6 8 -0.212387
6 8.2 -0.0293164
6 8.4 0

6.2 0 0
6.2 0.2 0.0523238
6.2 0.4 0.379772
6.2 0.6 0.192791
6.2 0.8 -0.0330456
6.2 1 -0.167854
6.2 1.2 -0.141382
6.2 1.4 0.0156212
6.2 1.6 0.191918
6.2 1.8 0.271377
6.2 2 0.207375
6.2 2.2 0.0467913
6.2 2.4 -0.105092
6.2 2.6 -0.162383
6.2 2.8 -0.101166
6.2 3 0.0263271
6.2 3.2 0.136292
6.2 3.4 0.174293
6.2 3.6 0.138319
6.2 3.8 0.0760546
6.2 4 0.0407756
6.2 4.2 0.0397245
6.2 4.4 0.0516938
6.2 4.6 0.0318922
6.2 4.8 -0.0343942
6.2 5 -0.125839
6.2 5.2 -0.195022
6.2 5.4 -0.200473
6.2 5.6 -0.145925
6.2 5.8 -0.0650773
6.2 6 -0.0113724
6.2 6.2 -0.00776829
6.2 6.4 -0.037866
6.2 6.6 -0.0600838
6.2 6.8 -0.0459435
6.2 7 -0.00256442
6.2 7.2 0.0317273
6.2 7.4 0.0153879
6.2 7.6 -0.0675799
6.2 7.8 -0.185534
6.2 8 -0.283532
6.2 8.2 -0.039075
6.2 8.4 0

6.4 0 0
6.4 0.2 0.0463638
6.4 0.4 0.335975
6.4 0.6 0.138929
6.4 0.8 -0.109355
6.4 1 -0.278694
6.4 1.2 -0.2872
6.4 1.4 -0.152471
6.4 1.6 0.025279
6.4 1.8 0.132171
6.4 2 0.112152
6.4 2.2 -0.00533743
6.4 2.4 -0.131452
6.4 2.6 -0.179663
6.4 2.8 -0.121932
6.4 3 0.0029929
6.4 3.2 0.117102
6.4 3.4 0.160912
6.4 3.6 0.12505
6.4 3.8 0.0479684
6.4 4 -0.0121975
6.4 4.2 -0.0309627
6.4 4.4 -0.0175228
6.4 4.6 -0.0133572
6.4 4.8 -0.0469248
6.4 5 -0.119379
6.4 5.2 -0.198701
6.4 5.4 -0.23996
6.4 5.6 -0.218821
6.4 5.8 -0.145249
6.4 6 -0.0563229
6.4 6.2 0.0127861
6.4 6.4 0.0432933
6.4 6.6 0.0414613
6.4 6.8 0.0252114
6.4 7 0.00461582
6.4 7.2 -0.0202881
6.4 7.4 -0.0565801
6.4 7.6 -0.110069
6.4 7.8 -0.169401
6.4 8 -0.219018
6.4 8.2 -0.0301586
6.4 8.4 0

6.6 0 0
6.6 0.2 0.0253997
6.6 0.4 0.18361
6.6 0.6 0.0125104
6.6 0.8 -0.212524
6.6 1 -0.371159
6.6 1.2 -0.388002
6.6 1.4 -0.271886
6.6 1.6 -0.10485
6.6 1.8 0.0161436
6.6 2 0.0295124
6.6 2.2 -0.0463192
6.6 2.4 -0.139674
6.6 2.6 -0.176461
6.6 2.8 -0.125259
6.6 3 -0.019394
6.6 3.2 0.0779144
6.6 3.4 0.106985
6.6 3.6 0.0578411
6.6 3.8 -0.0306573
6.6 4 -0.0999497
6.6 4.2 -0.111297
6.6 4.4 -0.0660436
6.6 4.6 -0.00843426
6.6 4.8 0.0130709
6.6 5 -0.0269913
6.6 5.2 -0.111432
6.6 5.4 -0.190608
6.6 5.6 -0.215697
6.6 5.8 -0.166408
6.6 6 -0.0590329
6.6 6.2 0.0567119
6.6 6.4 0.133664
6.6 6.6 0.141637
6.6 6.8 0.089563
6.6 7 0.00983291
6.6 7.2 -0.0610997
6.6 7.4 -0.0921608
6.6 7.6 -0.0814254
6.6 7.8 -0.0464187
6.6 8 -0.0195434
6.6 8.2 -0.00269336
6.6 8.4 0

6.8 0 0
6.8 0.2 -0.00578671
6.8 0.4 -0.0430385
6.8 0.6 -0.154211
6.8 0.8 -0.308199
6.8 1 -0.41368
6.8 1.2 -0.411939
6.8 1.4 -0.308472
6.8 1.6 -0.160595
6.8 1.8 -0.0463168
6.8 2 -0.0171285
6.8 2.2 -0.0624333
6.8 2.4 -0.127799
6.8 2.6 -0.155076
6.8 2.8 -0.118421
6.8 3 -0.0372273
6.8 3.2 0.03403
6.8 3.4 0.0429025
6.8 3.6 -0.0208097
6.8 3.8 -0.117584
6.8 4 -0.185683
6.8 4.2 -0.176358
6.8 4.4 -0.0884124
6.8 4.6 0.0329702
6.8 4.8 0.117743
6.8 5 0.119229
6.8 5.2 0.0352785
6.8 5.4 -0.0841357
6.8 5.6 -0.164251
6.8 5.8 -0.153288
6.8 6 -0.0495732
6.8 6.2 0.0931733
6.8 6.4 0.198737
6.8 6.6 0.210363
6.8 6.8 0.125409
6.8 7 -0.00475057
6.8 7.2 -0.104745
6.8 7.4 -0.114209
6.8 7.6 -0.0249044
6.8 7.8 0.117019
6.8 8 0.229766
6.8 8.2 0.0315784
6.8 8.4 0

7 0 0
7 0.2 -0.0345715
7 0.4 -0.251697
7 0.6 -0.287509
7 0.8 -0.346322
7 1 -0.37601
7 1.2 -0.343253
7 1.4 -0.253086
7 1.6 -0.139634
7 1.8 -0.0540664
7 2 -0.0272068
7 2.2 -0.0567585
7 2.4 -0.104188
7 2.6 -0.126615
7 2.8 -0.103797
7 3 -0.0466414
7 3.2 0.00252157
7 3.4 -0.000422879
7 3.6 -0.0660557
7 3.8 -0.162664
7 4 -0.229116
7 4.2 -0.208899
7 4.4 -0.0938686
7 4.6 0.0740184
7 4.8 0.212138
7 5 0.251352
7 5.2 0.171887
7 5.4 0.019821
7 5.6 -0.114658
7 5.8 -0.148335
7 6 -0.0619672
7 6.2 0.0917418
7 6.4 0.21674
7 6.6 0.231966
7 6.8 0.123382
7 7 -0.0449089
7 7.2 -0.167159
7 7.4 -0.155982
7 7.6 -0.000665794
7 7.8 0.22789
7 8 0.411005
7 8.2 0.0565362
7 8.4 0

7.2 0 0
7.2 0.2 -0.0476568
7.2 0.4 -0.34585
7.2 0.6 -0.316158
7.2 0.8 -0.28848
7.2 1 -0.250886
7.2 1.2 -0.199179
7.2 1.4 -0.136305
7.2 1.6 -0.0727658
7.2 1.8 -0.0312159
7.2 2 -0.019698
7.2 2.2 -0.0434471
7.2 2.4 -0.0786591
7.2 2.6 -0.0971228
7.2 2.8 -0.0839226
7.2 3 -0.0401589
7.2 3.2 0.00110164
7.2 3.4 0.00267743
7.2 3.6 -0.0512645
7.2 3.8 -0.143316
7.2 4 -0.21695
7.2 4.2 -0.210899
7.2 4.4 -0.100539
7.2 4.6 0.0777701
7.2 4.8 0.244288
7.2 5 0.310777
7.2 5.2 0.239353
7.2 5.4 0.0694176
7.2 5.6 -0.102429
7.2 5.8 -0.175944
7.2 6 -0.108928
7.2 6.2 0.0497698
7.2 6.4 0.19154
7.2 6.6 0.217407
7.2 6.8 0.0994196
7.2 7 -0.0936095
7.2 7.2 -0.237436
7.2 7.4 -0.227652
7.2 7.6 -0.0443753
7.2 7.8 0.2269
7.2 8 0.444161
7.2 8.2 0.061125
7.2 8.4 0

7.4 0 0
7.4 0.2 -0.03931
7.4 0.4 -0.285447
7.4 0.6 -0.219605
7.4 0.8 -0.139603
7.4 1 -0.070313
7.4 1.2 -0.0280549
7.4 1.4 -0.0114969
7.4 1.6 -0.00787611
7.4 1.8 -0.00862759
7.4 2 -0.0127994
7.4 2.2 -0.028428
7.4 2.4 -0.0502841
7.4 2.6 -0.0667462
7.4 2.8 -0.0591585
7.4 3 -0.0226061
7.4 3.2 0.0278316
7.4 3.4 0.0537474
7.4 3.6 0.0228064
7.4 3.8 -0.0592584
7.4 4 -0.150003
7.4 4.2 -0.184083
7.4 4.4 -0.118436
7.4 4.6 0.0344975
7.4 4.8 0.200076
7.4 5 0.284698
7.4 5.2 0.230883
7.4 5.4 0.0608694
7.4 5.6 -0.129402
7.4 5.8 -0.228008
7.4 6 -0.176932
7.4 6.2 -0.0125986
7.4 6.4 0.150357
7.4 6.6 0.196833
7.4 6.8 0.0873978
7.4 7 -0.117588
7.4 7.2 -0.287317
7.4 7.4 -0.302172
7.4 7.6 -0.137685
7.4 7.8 0.125903
7.4 8 0.336925
7.4 8.2 0.0463146
7.4 8.4 0

7.6 0 0
7.6 0.2 -0.0154009
7.6 0.4 -0.11101
7.6 0.6 -0.0404459
7.6 0.8 0.0474919
7.6 1 0.105898
7.6 1.2 0.109309
7.6 1.4 0.0698281
7.6 1.6 0.0223654
7.6 1.8 -0.0063472
7.6 2 -0.0106011
7.6 2.2 -0.00907952
7.6 2.4 -0.0167436
7.6 2.6 -0.0322745
7.6 2.8 -0.0352235
7.6 3 -0.000843304
7.6 3.2 0.0629579
7.6 3.4 0.121513
7.6 3.6 0.128215
7.6 3.8 0.0600261
7.6 4 -0.0528172
7.6 4.2 -0.142676
7.6 4.4 -0.141992
7.6 4.6 -0.0392372
7.6 4.8 0.109646
7.6 5 0.208221
7.6 5.2 0.182549
7.6 5.4 0.0318025
7.6 5.6 -0.157425
7.6 5.8 -0.268217
7.6 6 -0.229717
7.6 6.2 -0.0632231
7.6 6.4 0.121333
7.6 6.6 0.198556
7.6 6.8 0.112501
7.6 7 -0.0903329
7.6 7.2 -0.281691
7.6 7.4 -0.338766
7.6 7.6 -0.2216
7.6 7.8 -0.00341405
7.6 8 0.173163
7.6 8.2 0.023741
7.6 8.4 0

7.8 0 0
7.8 0.2 0.0113732
7.8 0.4 0.08369
7.8 0.6 0.134632
7.8 0.8 0.196686
7.8 1 0.214897
7.8 1.2 0.168966
7.8 1.4 0.0836389
7.8 1.6 0.0065011
7.8 1.8 -0.0220475
7.8 2 -0.00295625
7.8 2.2 0.0293484
7.8 2.4 0.0376277
7.8 2.6 0.0147225
7.8 2.8 -0.00764751
7.8 3 0.0104398
7.8 3.2 0.0813513
7.8 3.4 0.173134
7.8 3.6 0.21935
7.8 3.8 0.174641
7.8 4 0.0483567
7.8 4.2 -0.0913559
7.8 4.4 -0.156746
7.8 4.6 -0.104141
7.8 4.8 0.0270163
7.8 5 0.143534
7.8 5.2 0.153593
7.8 5.4 0.0350496
7.8 5.6 -0.143401
7.8 5.8 -0.26513
7.8 6 -0.243883
7.8 6.2 -0.0851352
7.8 6.4 0.11325
7.8 6.6 0.221141
7.8 6.8 0.168821
7.8 7 -0.014528
7.8 7.2 -0.214484
7.8 7.4 -0.308608
7.8 7.6 -0.244524
7.8 7.8 -0.0813958
7.8 8 0.0560928
7.8 8.2 0.00763579
7.8 8.4 0

8 0 0
8 0.2 0.0283131
8 0.4 0.20673
8 0.6 0.231522
8 0.8 0.255674
8 1 0.231532
8 1.2 0.145121
8 1.4 0.037614
8 1.6 -0.033869
8 1.8 -0.0323596
8 2 0.0296025
8 2.2 0.0952983
8 2.4 0.111267
8 2.6 0.0684029
8 2.8 0.00945414
8 3 -0.00219307
8 3.2 0.0642347
8 3.4 0.179162
8 3.6 0.262375
8 3.8 0.244663
8 4 0.120561
8 4.2 -0.0457224
8 4.4 -0.151645
8 4.6 -0.131147
8 4.8 -0.00336734
8 5 0.136498
8 5.2 0.183369
8 5.4 0.0960576
8 5.6 -0.073196
8 5.8 -0.21085
8 6 -0.220202
8 6.2 -0.0850524
8 6.4 0.110658
8 6.6 0.242358
8 6.8 0.225636
8 7 0.0728331
8 7.2 -0.116783
8 7.4 -0.225049
8 7.6 -0.195556
8 7.8 -0.0698257
8 8 0.0416091
8 8.2 0.0056638
8 8.4 0

8.2 0 0
8.2 0.2 0.0305044
8.2 0.4 0.221788
8.2 0.6 0.226553
8.2 0.8 0.221963
8.2 1 0.17111
8.2 1.2 0.072152
8.2 1.4 -0.0273861
8.2 1.6 -0.0667271
8.2 1.8 -0.0158781
8.2 2 0.0909103
8.2 2.2 0.183459
8.2 2.4 0.194749
8.2 2.6 0.117191
8.2 2.8 0.00987464
8.2 3 -0.0440838
8.2 3.2 0.00545366
8.2 3.4 0.130985
8.2 3.6 0.243962
8.2 3.8 0.259329
8.2 4 0.153834
8.2 4.2 -0.0130828
8.2 4.4 -0.128257
8.2 4.6 -0.116373
8.2 4.8 0.0187058
8.2 5 0.181758
8.2 5.2 0.260653
8.2 5.4 0.19579
8.2 5.6 0.0248408
8.2 5.8 -0.136519
8.2 6 -0.183396
8.2 6.2 -0.0857109
8.2 6.4 0.0915113
8.2 6.6 0.228602
8.2 6.8 0.238472
8.2 7 0.119679
8.2 7.2 -0.0428657
8.2 7.4 -0.138219
8.2 7.6 -0.110447
8.2 7.8 0.00568208
8.2 8 0.113463
8.2 8.2 0.0156549
8.2 8.4 0

8.4 0 0
8.4 0.2 0.021697
8.4 0.4 0.157552
8.4 0.6 0.156452
8.4 0.8 0.142987
8.4 1 0.0864902
8.4 1.2 0.000693236
8.4 1.4 -0.0676888
8.4 1.6 -0.0643786
8.4 1.8 0.0302876
8.4 2 0.168357
8.4 2.2 0.26661
8.4 2.4 0.2576
8.4 2.6 0.138231
8.4 2.8 -0.0161512
8.4 3 -0.107021
8.4 3.2 -0.0776194
8.4 3.4 0.0485872
8.4 3.6 0.179219
8.4 3.8 0.221902
8.4 4 0.139931
8.4 4.2 -0.00602588
8.4 4.4 -0.107548
8.4 4.6 -0.0845702
8.4 4.8 0.0615704
8.4 5 0.239945
8.4 5.2 0.334128
8.4 5.4 0.276284
8.4 5.6 0.0997009
8.4 5.8 -0.0839879
8.4 6 -0.166115
8.4 6.2 -0.105348
8.4 6.4 0.0438831
8.4 6.6 0.173147
8.4 6.8 0.191576
8.4 7 0.0990165
8.4 7.2 -0.0314095
8.4 7.4 -0.0982504
8.4 7.6 -0.0486925
8.4 7.8 0.0850628
8.4 8 0.205701
8.4 8.2 0.0283599
8.4 8.4 0

8.6 0 0
8.6 0.2 0.0108412
8.6 0.4 0.0789294
8.6 0.6 0.0803501
8.6 0.8 0.0709367
8.6 1 0.0288318
8.6 1.2 -0.0302198
8.6 1.4 -0.0627349
8.6 1.6 -0.0256882
8.6 1.8 0.0871032
8.6 2 0.22394
8.6 2.2 0.302562
8.6 2.4 0.26369
8.6 2.6 0.113639
8.6 2.8 -0.0662269
8.6 3 -0.174688
8.6 3.2 -0.154112
8.6 3.4 -0.0302077
8.6 3.6 0.10524
8.6 3.8 0.158855
8.6 4 0.095291
8.6 4.2 -0.0283731
8.6 4.4 -0.108846
8.6 4.6 -0.0720187
8.6 4.8 0.0804152
8.6 5 0.259074
8.6 5.2 0.347371
8.6 5.4 0.286626
8.6 5.6 0.107298
8.6 5.8 -0.0830037
8.6 6 -0.177829
8.6 6.2 -0.135925
8.6 6.4 -0.00906939
8.6 6.6 0.0983639
8.6 6.8 0.110526
8.6 7 0.0223261
8.6 7.2 -0.0880709
8.6 7.4 -0.125544
8.6 7.6 -0.0437075
8.6 7.8 0.116084
8.6 8 0.255329
8.6 8.2 0.0353092
8.6 8.4 0

8.8 0 0
8.8 0.2 0.00477136
8.8 0.4 0.0350994
8.8 0.6 0.0400061
8.8 0.8 0.0376431
8.8 1 0.01447
8.8 1.2 -0.018856
8.8 1.4 -0.0261216
8.8 1.6 0.0226962
8.8 1.8 0.122448
8.8 2 0.226599
8.8 2.2 0.264945
8.8 2.4 0.194329
8.8 2.6 0.0367522
8.8 2.8 -0.132924
8.8 3 -0.223133
8.8 3.2 -0.19013
8.8 3.4 -0.0673589
8.8 3.6 0.0569555
8.8 3.8 0.0999467
8.8 4 0.0379156
8.8 4.2 -0.0726106
8.8 4.4 -0.137135
8.8 4.6 -0.0910119
8.8 4.8 0.0557798
8.8 5 0.214939
8.8 5.2 0.281949
8.8 5.4 0.211071
8.8 5.6 0.039903
8.8 5.8 -0.129436
8.8 6 -0.20139
8.8 6.2 -0.147761
8.8 6.4 -0.02776
8.8 6.6 0.0590458
8.8 6.8 0.046125
8.8 7 -0.0590302
8.8 7.2 -0.171093
8.8 7.4 -0.194862
8.8 7.6 -0.0900702
8.8 7.8 0.0943858
8.8 8 0.246232
8.8 8.2 0.033843
8.8 8.4 0

9 0 0
9 0.2 0.0040183
9 0.4 0.0292598
9 0.6 0.0324068
9 0.8 0.0304241
9 1 0.0194581
9 1.2 0.00670702
9 1.4 0.0103264
9 1.6 0.0529802
9 1.8 0.11631
9 2 0.166068
9 2.2 0.15535
9 2.4 0.0627092
9 2.6 -0.0762588
9 2.8 -0.19478
9 3 -0.23048
9 3.2 -0.165146
9 3.4 -0.0414428
9 3.6 0.0561239
9 3.8 0.0666672
9 4 -0.0159025
9 4.2 -0.127221
9 4.4 -0.182812
9 4.6 -0.132841
9 4.8 -0.000804539
9 5 0.128563
9 5.2 0.166646
9 5.4 0.0851143
9 5.6 -0.0657481
9 5.8 -0.189119
9 6 -0.205313
9 6.2 -0.112979
9 6.4 0.0186526
9 6.6 0.0899365
9 6.8 0.0437429
9 7 -0.0928648
9 7.2 -0.226143
9 7.4 -0.25561
9 7.6 -0.144401
9 7.8 0.0485404
9 8 0.206686
9 8.2 0.0285332
9 8.4 0

9.2 0 0
9.2 0.2 0.00401552
9.2 0.4 0.029202
9.2 0.6 0.0245631
9.2 0.8 0.0157112
9.2 1 0.00517931
9.2 1.2 0.00322956
9.2 1.4 0.0163521
9.2 1.6 0.0463501
9.2 1.8 0.0697544
9.2 2 0.064846
9.2 2.2 0.00874885
9.2 2.4 -0.0908855
9.2 2.6 -0.189434
9.2 2.8 -0.235206
9.2 3 -0.194128
9.2 3.2 -0.0832156
9.2 3.4 0.0376216
9.2 3.6 0.0966048
9.2 3.8 0.0577698
9.2 4 -0.0564481
9.2 4.2 -0.174779
9.2 4.4 -0.21939
9.2 4.6 -0.162921
9.2 4.8 -0.0439693
9.2 5 0.0525074
9.2 5.2 0.0595684
9.2 5.4 -0.0323935
9.2 5.6 -0.157319
9.2 5.8 -0.222687
9.2 6 -0.174124
9.2 6.2 -0.0296136
9.2 6.4 0.122061
9.2 6.6 0.184106
9.2 6.8 0.108483
9.2 7 -0.063083
9.2 7.2 -0.221588
9.2 7.4 -0.267886
9.2 7.6 -0.166772
9.2 7.8 0.0237261
9.2 8 0.17937
9.2 8.2 0.0246422
9.2 8.4 0

9.4 0 0
9.4 0.2 0.000847267
9.4 0.4 0.00602589
9.4 0.6 -0.0141395
9.4 0.8 -0.0406238
9.4 1 -0.057279
9.4 1.2 -0.0478257
9.4 1.4 -0.0185043
9.4 1.6 0.0128508
9.4 1.8 0.0158837
9.4 2 -0.0295008
9.4 2.2 -0.118886
9.4 2.4 -0.21664
9.4 2.6 -0.268765
9.4 2.8 -0.238212
9.4 3 -0.125055
9.4 3.2 0.0252541
9.4 3.4 0.134737
9.4 3.6 0.149113
9.4 3.8 0.0569391
9.4 4 -0.088162
9.4 4.2 -0.206283
9.4 4.4 -0.23159
9.4 4.6 -0.156521
9.4 4.8 -0.0390052
9.4 5 0.0360259
9.4 5.2 0.0135467
9.4 5.4 -0.0877753
9.4 5.6 -0.195228
9.4 5.8 -0.217536
9.4 6 -0.118303
9.4 6.2 0.0641082
9.4 6.4 0.231958
9.4 6.6 0.287451
9.4 6.8 0.192912
9.4 7 0.00197195
9.4 7.2 -0.173356
9.4 7.4 -0.231681
9.4 7.6 -0.141978
9.4 7.8 0.0356744
9.4 8 0.183851
9.4 8.2 0.0252439
9.4 8.4 0

9.6 0 0
9.6 0.2 -0.00514211
9.6 0.4 -0.0383288
9.6 0.6 -0.081066
9.6 0.8 -0.134905
9.6 1 -0.161846
9.6 1.2 -0.135978
9.6 1.4 -0.0741662
9.6 1.6 -0.0139211
9.6 1.8 -0.00397955
9.6 2 -0.0653632
9.6 2.2 -0.177088
9.6 2.4 -0.275393
9.6 2.6 -0.298104
9.6 2.8 -0.214718
9.6 3 -0.0492333
9.6 3.2 0.121028
9.6 3.4 0.210955
9.6 3.6 0.179391
9.6 3.8 0.0409788
9.6 4 -0.124206
9.6 4.2 -0.227051
9.6 4.4 -0.215453
9.6 4.6 -0.106749
9.6 4.8 0.0237362
9.6 5 0.0890723
9.6 5.2 0.0476928
9.6 5.4 -0.0680876
9.6 5.6 -0.173757
9.6 5.8 -0.183077
9.6 6 -0.0702666
9.6 6.2 0.119027
9.6 6.4 0.280965
9.6 6.6 0.327529
9.6 6.8 0.230446
9.6 7 0.046094
9.6 7.2 -0.12066
9.6 7.4 -0.17758
9.6 7.6 -0.0945959
9.6 7.8 0.068008
9.6 8 0.203323
9.6 8.2 0.0278735
9.6 8.4 0

9.8 0 0
9.8 0.2 -0.00911433
9.8 0.4 -0.0668418
9.8 0.6 -0.138381
9.8 0.8 -0.229152
9.8 1 -0.271901
9.8 1.2 -0.225319
9.8 1.4 -0.117356
9.8 1.6 -0.00553385
9.8 1.8 0.0349678
9.8 2 -0.0240755
9.8 2.2 -0.150759
9.8 2.4 -0.264595
9.8 2.6 -0.283489
9.8 2.8 -0.178797
9.8 3 0.00412701
9.8 3.2 0.172741
9.8 3.4 0.238277
9.8 3.6 0.166423
9.8 3.8 -0.00370312
9.8 4 -0.16987
9.8 4.2 -0.243661
9.8 4.4 -0.185417
9.8 4.6 -0.0351954
9.8 4.8 0.116396
9.8 5 0.181912
9.8 5.2 0.127696
9.8 5.4 -0.00229166
9.8 5.6 -0.121097
9.8 5.8 -0.14504
9.8 6 -0.0574579
9.8 6.2 0.0994984
9.8 6.4 0.233266
9.8 6.6 0.267319
9.8 6.8 0.184536
9.8 7 0.0323319
9.8 7.2 -0.0991298
9.8 7.4 -0.136069
9.8 7.6 -0.0585488
9.8 7.8 0.0832383
9.8 8 0.200664
9.8 8.2 0.0275696
9.8 8.4 0

10 0 0
10 0.2 -0.0051822
10 0.4 -0.0365114
10 0.6 -0.143296
10 0.8 -0.279142
10 1 -0.342674
10 1.2 -0.281983
10 1.4 -0.122619
10 1.6 0.0469578
10 1.8 0.126566
10 2 0.0764909
10 2.2 -0.0691519
10 2.4 -0.211087
10 2.6 -0.251749
10 2.8 -0.158877
10 3 0.0172547
10 3.2 0.171585
10 3.4 0.212974
10 3.6 0.114959
10 3.8 -0.0649118
10 4 -0.221261
10 4.2 -0.262123
10 4.4 -0.164329
10 4.6 0.0176016
10 4.8 0.187139
10 5 0.256176
10 5.2 0.199332
10 5.4 0.0628594
10 5.6 -0.0684556
10 5.8 -0.12115
10 6 -0.0802475
10 6.2 0.0212743
10 6.4 0.108437
10 6.6 0.128226
10 6.8 0.0686496
10 7 -0.0324514
10 7.2 -0.111809
10 7.4 -0.120971
10 7.6 -0.050115
10 7.8 0.0624951
10 8 0.15295
10 8.2 0.0210335
10 8.4 0

10.2 0 0
10.2 0.2 0.00911783
10.2 0.4 0.0672479
10.2 0.6 -0.0817123
10.2 0.8 -0.264558
10.2 1 -0.361195
10.2 1.2 -0.293472
10.2 1.4 -0.0978838
10.2 1.6 0.120109
10.2 1.8 0.232268
10.2 2 0.185359
10.2 2.2 0.0184477
10.2 2.4 -0.159384
10.2 2.6 -0.234108
10.2 2.8 -0.166711
10.2 3 -0.00744202
10.2 3.2 0.13514
10.2 3.4 0.16375
10.2 3.6 0.059064
10.2 3.8 -0.117027
10.2 4 -0.256301
10.2 4.2 -0.276396
10.2 4.4 -0.160425
10.2 4.6 0.0303751
10.2 4.8 0.198972
10.2 5 0.267925
10.2 5.2 0.216869
10.2 5.4 0.0930028
10.2 5.6 -0.0345839
10.2 5.8 -0.104711
10.2 6 -0.106528
10.2 6.2 -0.0651726
10.2 6.4 -0.0261178
10.2 6.6 -0.0218086
10.2 6.8 -0.0525942
10.2 7 -0.0971014
10.2 7.2 -0.122345
10.2 7.4 -0.10663
10.2 7.6 -0.0529463
10.2 7.8 0.0155009
10.2 8 0.0681122
10.2 8.2 0.00942265
10.2 8.4 0

10.4 0 0
10.4 0.2 0.02866
10.4 0.4 0.209372
10.4 0.6 0.0230431
10.4 0.8 -0.203756
10.4 1 -0.330444
10.4 1.2 -0.268957
10.4 1.4 -0.0586457
10.4 1.6 0.181553
10.4 1.8 0.306158
10.4 2 0.253752
10.4 2.2 0.0619233
10.4 2.4 -0.145054
10.4 2.6 -0.24675
10.4 2.8 -0.197799
10.4 3 -0.0447512
10.4 3.2 0.0954075
10.4 3.4 0.127023
10.4 3.6 0.0303196
10.4 3.8 -0.131293
10.4 4 -0.257821
10.4 4.2 -0.272128
10.4 4.4 -0.165221
10.4 4.6 0.00288467
10.4 4.8 0.148217
10.4 5 0.207077
10.4 5.2 0.171099
10.4 5.4 0.0788241
10.4 5.6 -0.0164639
10.4 5.8 -0.0758158
10.4 6 -0.0976551
10.4 6.2 -0.098484
10.4 6.4 -0.0999998
10.4 6.6 -0.106915
10.4 6.8 -0.114336
10.4 7 -0.109479
10.4 7.2 -0.0915104
10.4 7.4 -0.0672537
10.4 7.6 -0.0449368
10.4 7.8 -0.0263121
10.4 8 -0.0174778
10.4 8.2 -0.00242155
10.4 8.4 0

10.6 0 0
10.6 0.2 0.044981
10.6 0.4 0.328467
10.6 0.6 0.12035
10.6 0.8 -0.134483
10.6 1 -0.282265
10.6 1.2 -0.234335
10.6 1.4 -0.0303436
10.6 1.6 0.206001
10.6 1.8 0.32346
10.6 2 0.256288
10.6 2.2 0.0482268
10.6 2.4 -0.170521
10.6 2.6 -0.275945
10.6 2.8 -0.223449
10.6 3 -0.0658109
10.6 3.2 0.083323
10.6 3.4 0.129249
10.6 3.6 0.0493001
10.6 3.8 -0.0968874
10.6 4 -0.214399
10.6 4.2 -0.236125
10.6 4.4 -0.160833
10.6 4.6 -0.0367809
10.6 4.8 0.0655645
10.6 5 0.104945
10.6 5.2 0.0842942
10.6 5.4 0.0382419
10.6 5.6 -0.00197455
10.6 5.8 -0.0229847
10.6 6 -0.0343994
10.6 6.2 -0.0544201
10.6 6.4 -0.0816806
10.6 6.6 -0.0995156
10.6 6.8 -0.0913731
10.6 7 -0.0542952
10.6 7.2 -0.0127166
10.6 7.4 0.0083179
10.6 7.6 -0.00492472
10.6 7.8 -0.0397405
10.6 8 -0.0720017
10.6 8.2 -0.0099024
10.6 8.4 0

10.8 0 0
10.8 0.2 0.0515436
10.8 0.4 0.374659
10.8 0.6 0.165996
10.8 0.8 -0.0890056
10.8 1 -0.237918
10.8 1.2 -0.201241
10.8 1.4 -0.0139654
10.8 1.6 0.196985
10.8 1.8 0.289889
10.8 2 0.20637
10.8 2.2 -0.00153075
10.8 2.4 -0.207303
10.8 2.6 -0.292263
10.8 2.8 -0.219509
10.8 3 -0.0460565
10.8 3.2 0.112203
10.8 3.4 0.166365
10.8 3.6 0.0993264
10.8 3.8 -0.0314244
10.8 4 -0.13992
10.8 4.2 -0.169558
10.8 4.4 -0.124958
10.8 4.6 -0.050963
10.8 4.8 0.0024301
10.8 5 0.0129875
10.8 5.2 0.00128621
10.8 5.4 -0.00417359
10.8 5.6 0.0154736
10.8 5.8 0.0462293
10.8 6 0.0594802
10.8 6.2 0.0389256
10.8 6.4 -0.00297902
10.8 6.6 -0.0323926
10.8 6.8 -0.020834
10.8 7 0.0282304
10.8 7.2 0.0807919
10.8 7.4 0.0936134
10.8 7.6 0.0523214
10.8 7.8 -0.0216358
10.8 8 -0.0825835
10.8 8.2 -0.0113855
10.8 8.4 0

11 0 0
11 0.2 0.0471025
11 0.4 0.341619
11 0.6 0.155845
11 0.8 -0.0688511
11 1 -0.194447
11 1.2 -0.156942
11 1.4 0.00798005
11 1.6 0.181658
11 1.8 0.243011
11 2 0.146793
11 2.2 -0.0455314
11 2.4 -0.218975
11 2.6 -0.267248
11 2.8 -0.166801
11 3 0.014853
11 3.2 0.167609
11 3.4 0.212621
11 3.6 0.142242
11 3.8 0.0232612
11 4 -0.0698484
11 4.2 -0.0909873
11 4.4 -0.0571301
11 4.6 -0.0154342
11 4.8 -0.00508133
11 5 -0.025611
11 5.2 -0.0471432
11 5.4 -0.0310308
11 5.6 0.0288787
11 5.8 0.10112
11 6 0.140215
11 6.2 0.125838
11 6.4 0.0735626
11 6.6 0.0275716
11 6.8 0.0289383
11 7 0.0765992
11 7.2 0.131538
11 7.4 0.143404
11 7.6 0.0945335
11 7.8 0.00677478
11 8 -0.0619637
11 8.2 -0.00843241
11 8.4 0

11.2 0 0
11.2 0.2 0.0372116
11.2 0.4 0.269874
11.2 0.6 0.122825
11.2 0.8 -0.0512534
11.2 1 -0.141166
11.2 1.2 -0.0961782
11.2 1.4 0.0462349
11.2 1.6 0.182254
11.2 1.8 0.21331
11.2 2 0.113046
11.2 2.2 -0.054546
11.2 2.4 -0.18409
11.2 2.6 -0.190524
11.2 2.8 -0.0717626
11.2 3 0.0995916
11.2 3.2 0.220826
11.2 3.4 0.23087
11.2 3.6 0.143209
11.2 3.8 0.0308478
11.2 4 -0.0369105
11.2 4.2 -0.027402
11.2 4.4 0.0251189
11.2 4.6 0.0659987
11.2 4.8 0.0538616
11.2 5 -0.000670789
11.2 5.2 -0.0492774
11.2 5.4 -0.0436344
11.2 5.6 0.0204175
11.2 5.8 0.107849
11.2 6 0.161123
11.2 6.2 0.150807
11.2 6.4 0.0883775
11.2 6.6 0.0250469
11.2 6.8 0.0069157
11.2 7 0.0447555
11.2 7.2 0.10201
11.2 7.4 0.126438
11.2 7.6 0.0957708
11.2 7.8 0.0282319
11.2 8 -0.0292013
11.2 8.2 -0.00409313
11.2 8.4 0

11.4 0 0
11.4 0.2 0.0294831
11.4 0.4 0.213408
11.4 0.6 0.104674
11.4 0.8 -0.0157085
11.4 1 -0.0666373
11.4 1.2 -0.0118127
11.4 1.4 0.107534
11.4 1.6 0.206755
11.4 1.8 0.212585
11.4 2 0.115123
11.4 2.2 -0.024298
11.4 2.4 -0.111262
11.4 2.6 -0.0856325
11.4 2.8 0.0359169
11.4 3 0.174912
11.4 3.2 0.243651
11.4 3.4 0.200904
11.4 3.6 0.0831012
11.4 3.8 -0.0270377
11.4 4 -0.0592528
11.4 4.2 -0.00113515
11.4 4.4 0.0983583
11.4 4.6 0.165015
11.4 4.8 0.151327
11.4 5 0.0701348
11.4 5.2 -0.0198164
11.4 5.4 -0.054954
11.4 5.6 -0.0180448
11.4 5.8 0.0592517
11.4 6 0.114348
11.4 6.2 0.106201
11.4 6.4 0.0400191
11.4 6.6 -0.0395989
11.4 6.8 -0.078022
11.4 7 -0.0578135
11.4 7.2 -0.00225259
11.4 7.4 0.0464034
11.4 7.6 0.0574885
11.4 7.8 0.0334996
11.4 8 0.0081192
11.4 8.2 0.00118444
11.4 8.4 0

11.6 0 0
11.6 0.2 0.027379
11.6 0.4 0.19899
11.6 0.6 0.119923
11.6 0.8 0.0390692
11.6 1 0.0152884
11.6 1.2 0.0699442
11.6 1.4 0.166751
11.6 1.6 0.23305
11.6 1.8 0.219649
11.6 2 0.129196
11.6 2.2 0.017999
11.6 2.4 -0.0350518
11.6 2.6 0.00772224
11.6 2.8 0.118012
11.6 3 0.216989
11.6 3.2 0.226884
11.6 3.4 0.131542
11.6 3.6 -0.0166693
11.6 3.8 -0.125677
11.6 4 -0.12673
11.6 4.2 -0.016944
11.6 4.4 0.137797
11.6 4.6 0.24435
11.6 4.8 0.243752
11.6 5 0.145343
11.6 5.2 0.0141911
11.6 5.4 -0.0728709
11.6 5.6 -0.0790708
11.6 5.8 -0.023664
11.6 6 0.0298168
11.6 6.2 0.0336588
11.6 6.4 -0.0239444
11.6 6.6 -0.108359
11.6 6.8 -0.167566
11.6 7 -0.169393
11.6 7.2 -0.120604
11.6 7.4 -0.0515085
11.6 7.6 0.00517635
11.6 7.8 0.0378769
11.6 8 0.0524021
11.6 8.2 0.00728375
11.6 8.4 0

11.8 0 0
11.8 0.2 0.028665
11.8 0.4 0.209272
11.8 0.6 0.145934
11.8 0.8 0.0831063
11.8 1 0.0656379
11.8 1.2 0.107941
11.8 1.4 0.179627
11.8 1.6 0.223665
11.8 1.8 0.201657
11.8 2 0.121908
11.8 2.2 0.0347386
11.8 2.4 0.00493181
11.8 2.6 0.0531877
11.8 2.8 0.146939
11.8 3 0.211728
11.8 3.2 0.182289
11.8 3.4 0.054781
11.8 3.6 -0.10937
11.8 3.8 -0.215622
11.8 4 -0.195434
11.8 4.2 -0.0534103
11.8 4.4 0.138581
11.8 4.6 0.277527
11.8 4.8 0.294841
11.8 5 0.191905
11.8 5.2 0.0318117
11.8 5.4 -0.0961715
11.8 5.6 -0.141232
11.8 5.8 -0.104739
11.8 6 -0.0402346
11.8 6.2 -0.00870985
11.8 6.4 -0.0370519
11.8 6.6 -0.113417
11.8 6.8 -0.186756
11.8 7 -0.218575
11.8 7.2 -0.191888
11.8 7.4 -0.118531
11.8 7.6 -0.0294095
11.8 7.8 0.0507572
11.8 8 0.102333
11.8 8.2 0.0142683
11.8 8.4 0

12 0 0
12 0.2 0.0271477
12 0.4 0.198525
12 0.6 0.138328
12 0.8 0.0739128
12 1 0.0461837
12 1.2 0.070901
12 1.4 0.122618
12 1.6 0.156723
12 1.8 0.139466
12 2 0.0761218
12 2.2 0.00764581
12 2.4 -0.010772
12 2.6 0.0350135
12 2.8 0.11622
12 3 0.169068
12 3.2 0.134857
12 3.4 0.0126839
12 3.6 -0.142729
12 3.8 -0.245427
12 4 -0.226941
12 4.2 -0.0890719
12 4.4 0.10333
12 4.6 0.254379
12 4.8 0.287858
12 5 0.193971
12 5.2 0.0277527
12 5.4 -0.12
12 5.6 -0.1824
12 5.8 -0.148588
12 6 -0.0600036
12 6.2 0.0153489
12 6.4 0.029637
12 6.6 -0.0223648
12 6.8 -0.105861
12 7 -0.173517
12 7.2 -0.18569
12 7.4 -0.13413
12 7.6 -0.0373505
12 7.8 0.0699315
12 8 0.14545
12 8.2 0.0201469
12 8.4 0

12.2 0 0
12.2 0.2 0.0176295
12.2 0.4 0.128702
12.2 0.6 0.0652285
12.2 0.8 -0.0102827
12.2 1 -0.0540715
12.2 1.2 -0.0442405
12.2 1.4 0.00185902
12.2 1.6 0.0428317
12.2 1.8 0.0457572
12.2 2 0.00433447
12.2 2.2 -0.0492221
12.2 2.4 -0.0693597
12.2 2.6 -0.0353005
12.2 2.8 0.0400136
12.2 3 0.101436
12.2 3.2 0.101622
12.2 3.4 0.024395
12.2 3.6 -0.096165
12.2 3.8 -0.190442
12.2 4 -0.197243
12.2 4.2 -0.101813
12.2 4.4 0.0522197
12.2 4.6 0.187714
12.2 4.8 0.22905
12.2 5 0.158228
12.2 5.2 0.0119929
12.2 5.4 -0.129345
12.2 5.6 -0.192699
12.2 5.8 -0.152371
12.2 6 -0.0376892
12.2 6.2 0.0851048
12.2 6.4 0.150713
12.2 6.6 0.129268
12.2 6.8 0.0414573
12.2 7 -0.0619119
12.2 7.2 -0.124067
12.2 7.4 -0.11352
12.2 7.6 -0.0335189
12.2 7.8 0.0761468
12.2 8 0.161897
12.2 8.2 0.0223839
12.2 8.4 0

12.4 0 0
12.4 0.2 0.000123381
12.4 0.4 0.000738028
12.4 0.6 -0.0629928
12.4 0.8 -0.1479
12.4 1 -0.202002
12.4 1.2 -0.197573
12.4 1.4 -0.141678
12.4 1.6 -0.072844
12.4 1.8 -0.0373632
12.4 2 -0.0511823
12.4 2.2 -0.0973281
12.4 2.4 -0.132314
12.4 2.6 -0.122204
12.4 2.8 -0.0578839
12.4 3 0.0257849
12.4 3.2 0.0821514
12.4 3.4 0.075218
12.4 3.6 0.00748002
12.4 3.8 -0.0770063
12.4 4 -0.123416
12.4 4.2 -0.0955321
12.4 4.4 -0.00630699
12.4 4.6 0.0943009
12.4 4.8 0.14514
12.4 5 0.109426
12.4 5.2 0.0013863
12.4 5.4 -0.118913
12.4 5.6 -0.179069
12.4 5.8 -0.13876
12.4 6 -0.0111707
12.4 6.2 0.144277
12.4 6.4 0.252083
12.4 6.6 0.262547
12.4 6.8 0.177425
12.4 7 0.045962
12.4 7.2 -0.0626609
12.4 7.4 -0.0948413
12.4 7.6 -0.0421258
12.4 7.8 0.0569993
12.4 8 0.139843
12.4 8.2 0.0191879
12.4 8.4 0

12.6 0 0
12.6 0.2 -0.0189413
12.6 0.4 -0.138165
12.6 0.6 -0.19691
12.6 0.8 -0.283937
12.6 1 -0.339645
12.6 1.2 -0.327625
12.6 1.4 -0.248104
12.6 1.6 -0.144365
12.6 1.8 -0.0681889
12.6 2 -0.0549928
12.6 2.2 -0.100993
12.6 2.4 -0.163996
12.6 2.6 -0.19311
12.6 2.8 -0.151127
12.6 3 -0.0529842
12.6 3.2 0.0595357
12.6 3.4 0.127553
12.6 3.6 0.116763
12.6 3.8 0.0475601
12.6 4 -0.0405135
12.6 4.2 -0.087378
12.6 4.4 -0.0677667
12.6 4.6 0.000712202
12.6 4.8 0.0651689
12.6 5 0.074966
12.6 5.2 0.0137439
12.6 5.4 -0.0824567
12.6 5.6 -0.149964
12.6 5.8 -0.134704
12.6 6 -0.0274072
12.6 6.2 0.131071
12.6 6.4 0.262125
12.6 6.6 0.299674
12.6 6.8 0.229283
12.6 7 0.0898408
12.6 7.2 -0.0446763
12.6 7.4 -0.104954
12.6 7.6 -0.0721532
12.6 7.8 0.0165873
12.6 8 0.0933286
12.6 8.2 0.0127151
12.6 8.4 0

12.8 0 0
12.8 0.2 -0.0306176
12.8 0.4 -0.222468
12.8 0.6 -0.274111
12.8 0.8 -0.356028
12.8 1 -0.405118
12.8 1.2 -0.382621
12.8 1.4 -0.282023
12.8 1.6 -0.144459
12.8 1.8 -0.0338993
12.8 2 0.00202517
12.8 2.2 -0.0486751
12.8 2.4 -0.145796
12.8 2.6 -0.221643
12.8 2.8 -0.220918
12.8 3 -0.128276
12.8 3.2 0.0182442
12.8 3.4 0.142433
12.8 3.6 0.184007
12.8 3.8 0.128565
12.8 4 0.0102113
12.8 4.2 -0.094073
12.8 4.4 -0.126898
12.8 4.6 -0.077036
12.8 4.8 0.0129768
12.8 5 0.0730772
12.8 5.2 0.0584494
12.8 5.4 -0.0247556
12.8 5.6 -0.118797
12.8 5.8 -0.153796
12.8 6 -0.0967316
12.8 6.2 0.0345468
12.8 6.4 0.168849
12.8 6.6 0.228851
12.8 6.8 0.182089
12.8 7 0.0575588
12.8 7.2 -0.072996
12.8 7.4 -0.137814
12.8 7.6 -0.108333
12.8 7.8 -0.0199095
12.8 8 0.057187
12.8 8.2 0.00778252
12.8 8.4 0

13 0 0
13 0.2 -0.0287399
13 0.4 -0.20937
13 0.6 -0.255839
13 0.8 -0.328767
13 1 -0.372696
13 1.2 -0.347525
13 1.4 -0.242312
13 1.6 -0.0911537
13 1.8 0.0398239
13 2 0.0915384
13 2.2 0.040426
13 2.4 -0.0845403
13 2.6 -0.207798
13 2.8 -0.255431
13 3 -0.191113
13 3.2 -0.0414596
13 3.4 0.111575
13 3.6 0.186816
13 3.8 0.144552
13 4 0.013732
13 4.2 -0.11936
13 4.4 -0.178343
13 4.6 -0.12726
13 4.8 -0.00526617
13 5 0.105042
13 5.2 0.128797
13 5.4 0.0488271
13 5.6 -0.0852205
13 5.8 -0.186692
13 6 -0.195677
13 6.2 -0.105859
13 6.4 0.0208006
13 6.6 0.101264
13 6.8 0.087012
13 7 -0.00794624
13 7.2 -0.114778
13 7.4 -0.162887
13 7.6 -0.121116
13 7.8 -0.0223551
13 8 0.062523
13 8.2 0.00856143
13 8.4 0

13.2 0 0
13.2 0.2 -0.0141631
13.2 0.4 -0.102752
13.2 0.6 -0.143855
13.2 0.8 -0.209291
13.2 1 -0.253837
13.2 1.2 -0.242511
13.2 1.4 -0.159697
13.2 1.6 -0.0251012
13.2 1.8 0.102182
13.2 2 0.163194
13.2 2.2 0.120588
13.2 2.4 -0.00954502
13.2 2.6 -0.158533
13.2 2.8 -0.247754
13.2 3 -0.222
13.2 3.2 -0.0956455
13.2 3.4 0.0547659
13.2 3.6 0.142624
13.2 3.8 0.111528
13.2 4 -0.0153214
13.2 4.2 -0.15351
13.2 4.4 -0.212907
13.2 4.6 -0.147078
13.2 4.8 0.00519454
13.2 5 0.153918
13.2 5.2 0.202609
13.2 5.4 0.118198
13.2 5.6 -0.0517162
13.2 5.8 -0.210168
13.2 6 -0.271947
13.2 6.2 -0.216045
13.2 6.4 -0.09617
13.2 6.6 0.00406757
13.2 6.8 0.020536
13.2 7 -0.043637
13.2 7.2 -0.125416
13.2 7.4 -0.153957
13.2 7.6 -0.0969816
13.2 7.8 0.014681
13.2 8 0.108995
13.2 8.2 0.0150431
13.2 8.4 0

13.4 0 0
13.4 0.2 0.00699759
13.4 0.4 0.0512514
13.4 0.6 0.0161453
13.4 0.8 -0.0389863
13.4 1 -0.0898052
13.4 1.2 -0.111078
13.4 1.4 -0.0771589
13.4 1.6 0.009407
13.4 1.8 0.11234
13.4 2 0.178765
13.4 2.2 0.161168
13.4 2.4 0.0578791
13.4 2.6 -0.08638
13.4 2.8 -0.193568
13.4 3 -0.204137
13.4 3.2 -0.114532
13.4 3.4 0.0125856
13.4 3.6 0.0954369
13.4 3.8 0.0728253
13.4 4 -0.0416194
13.4 4.2 -0.17056
13.4 4.4 -0.221985
13.4 4.6 -0.145889
13.4 4.8 0.0237189
13.4 5 0.188627
13.4 5.2 0.248722
13.4 5.4 0.16415
13.4 5.6 -0.0213502
13.4 5.8 -0.204248
13.4 6 -0.287149
13.4 6.2 -0.24261
13.4 6.4 -0.117337
13.4 6.6 -0.00150592
13.4 6.8 0.0315008
13.4 7 -0.0165015
13.4 7.2 -0.0901815
13.4 7.4 -0.114362
13.4 7.6 -0.0535603
13.4 7.8 0.0631106
13.4 8 0.160129
13.4 8.2 0.0219784
13.4 8.4 0

13.6 0 0
13.6 0.2 0.0263407
13.6 0.4 0.190532
13.6 0.6 0.165485
13.6 0.8 0.128156
13.6 1 0.0731394
13.6 1.2 0.0133172
13.6 1.4 -0.0186184
13.6 1.6 -0.00122989
13.6 1.8 0.0615651
13.6 2 0.131086
13.6 2.2 0.154034
13.6 2.4 0.1058
13.6 2.6 0.00404819
13.6 2.8 -0.0944446
13.6 3 -0.12711
13.6 3.2 -0.0778419
13.6 3.4 0.0159769
13.6 3.6 0.0810925
13.6 3.8 0.0612854
13.6 4 -0.0378861
13.6 4.2 -0.15409
13.6 4.4 -0.201214
13.6 4.6 -0.130576
13.6 4.8 0.0300542
13.6 5 0.189155
13.6 5.2 0.247678
13.6 5.4 0.168336
13.6 5.6 -0.00453836
13.6 5.8 -0.170655
13.6 6 -0.23501
13.6 6.2 -0.172525
13.6 6.4 -0.0355378
13.6 6.6 0.08467
13.6 6.8 0.113825
13.6 7 0.0541188
13.6 7.2 -0.0356158
13.6 7.4 -0.0782551
13.6 7.6 -0.0319031
13.6 7.8 0.0749166
13.6 8 0.166602
13.6 8.2 0.0228637
13.6 8.4 0

13.8 0 0
13.8 0.2 0.0365297
13.8 0.4 0.264511
13.8 0.6 0.262063
13.8 0.8 0.254734
13.8 1 0.207951
13.8 1.2 0.117212
13.8 1.4 0.0211997
13.8 1.6 -0.0346549
13.8 1.8 -0.0184699
13.8 2 0.0493569
13.8 2.2 0.117254
13.8 2.4 0.138022
13.8 2.6 0.0952545
13.8 2.8 0.0267096
13.8 3 -0.0144265
13.8 3.2 0.00214162
13.8 3.4 0.0626377
13.8 3.6 0.107327
13.8 3.8 0.0894355
13.8 4 0.00386417
13.8 4.2 -0.103343
13.8 4.4 -0.154238
13.8 4.6 -0.108326
13.8 4.8 0.0180466
13.8 5 0.146746
13.8 5.2 0.194346
13.8 5.4 0.126955
13.8 5.6 -0.00930028
13.8 5.8 -0.126999
13.8 6 -0.145004
13.8 6.2 -0.0500574
13.8 6.4 0.0981069
13.8 6.6 0.205352
13.8 6.8 0.206939
13.8 7 0.111608
13.8 7.2 -0.0133958
13.8 7.4 -0.0841182
13.8 7.6 -0.0604567
13.8 7.8 0.0275024
13.8 8 0.109682
13.8 8.2 0.015121
13.8 8.4 0

14 0 0
14 0.2 0.0350265
14 0.4 0.254502
14 0.6 0.287266
14 0.8 0.324372
14 1 0.30511
14 1.2 0.204724
14 1.4 0.0616993
14 1.6 -0.0533505
14 1.8 -0.0817033
14 2 -0.0195006
14 2.2 0.0855182
14 2.4 0.164026
14 2.6 0.178001
14 2.8 0.137927
14 3 0.0968435
14 3.2 0.0884015
14 3.4 0.117608
14 3.6 0.146855
14 3.8 0.132728
14 4 0.060143
14 4.2 -0.0372524
14 4.4 -0.0991717
14 4.6 -0.0858482
14 4.8 -0.00807085
14 5 0.0783542
14 5.2 0.1086
14 5.4 0.0569511
14 5.6 -0.0344432
14 5.8 -0.0936938
14 6 -0.0630865
14 6.2 0.0587076
14 6.4 0.20368
14 6.6 0.281749
14 6.8 0.242131
14 7 0.105013
14 7.2 -0.0511229
14 7.4 -0.14253
14 7.6 -0.130345
14 7.8 -0.0512721
14 8 0.0235567
14 8.2 0.00317311
14 8.4 0

14.2 0 0
14.2 0.2 0.0238565
14.2 0.4 0.172793
14.2 0.6 0.244436
14.2 0.8 0.33418
14.2 1 0.356164
14.2 1.2 0.271862
14.2 1.4 0.112678
14.2 1.6 -0.0362051
14.2 1.8 -0.095838
14.2 2 -0.0469908
14.2 2.2 0.0712239
14.2 2.4 0.179865
14.2 2.6 0.226292
14.2 2.8 0.202279
14.2 3 0.155333
14.2 3.2 0.126977
14.2 3.4 0.137151
14.2 3.6 0.160365
14.2 3.8 0.157312
14.2 4 0.105137
14.2 4.2 0.0205197
14.2 4.4 -0.0474424
14.2 4.6 -0.0644113
14.2 4.8 -0.0323542
14.2 5 0.0131543
14.2 5.2 0.0252339
14.2 5.4 -0.0122566
14.2 5.6 -0.0648488
14.2 5.8 -0.0779482
14.2 6 -0.0141113
14.2 6.2 0.112256
14.2 6.4 0.233505
14.2 6.6 0.269831
14.2 6.8 0.189279
14.2 7 0.0253455
14.2 7.2 -0.137961
14.2 7.4 -0.220975
14.2 7.6 -0.194316
14.2 7.8 -0.101368
14.2 8 -0.0199792
14.2 8.2 -0.00274895
14.2 8.4 0

14.4 0 0
14.4 0.2 0.00618972
14.4 0.4 0.0454045
14.4 0.6 0.152931
14.4 0.8 0.290526
14.4 1 0.359078
14.4 1.2 0.308317
14.4 1.4 0.16234
14.4 1.6 0.00914449
14.4 1.8 -0.0668694
14.4 2 -0.0338622
14.4 2.2 0.0732763
14.4 2.4 0.177972
14.4 2.6 0.222824
14.4 2.8 0.195089
14.4 3 0.134953
14.4 3.2 0.0917228
14.4 3.4 0.0926218
14.4 3.6 0.120484
14.4 3.8 0.135259
14.4 4 0.110871
14.4 4.2 0.0479796
14.4 4.4 -0.014743
14.4 4.6 -0.0479415
14.4 4.8 -0.0423916
14.4 5 -0.0234654
14.4 5.2 -0.0215746
14.4 5.4 -0.047712
14.4 5.6 -0.0782057
14.4 5.8 -0.0686822
14.4 6 -0.000252067
14.4 6.2 0.105921
14.4 6.4 0.187856
14.4 6.6 0.184647
14.4 6.8 0.0784708
14.4 7 -0.0840279
14.4 7.2 -0.220325
14.4 7.4 -0.261524
14.4 7.6 -0.192469
14.4 7.8 -0.0661456
14.4 8 0.0331511
14.4 8.2 0.00448939
14.4 8.4 0

14.6 0 0
14.6 0.2 -0.0130437
14.6 0.4 -0.0942829
14.6 0.6 0.0329135
14.6 0.8 0.196985
14.6 1 0.297674
14.6 1.2 0.282891
14.6 1.4 0.172447
14.6 1.6 0.041817
14.6 1.8 -0.0299659
14.6 2 -0.00990849
14.6 2.2 0.0699374
14.6 2.4 0.144587
14.6 2.6 0.163567
14.6 2.8 0.116426
14.6 3 0.0421944
14.6 3.2 -0.00584033
14.6 3.4 -0.00268202
14.6 3.6 0.0368496
14.6 3.8 0.0730008
14.6 4 0.0760401
14.6 4.2 0.0415375
14.6 4.4 -0.00435919
14.6 4.6 -0.0324727
14.6 4.8 -0.0317112
14.6 5 -0.0212526
14.6 5.2 -0.0206607
14.6 5.4 -0.0412813
14.6 5.6 -0.0610562
14.6 5.8 -0.0522874
14.6 6 -0.00125337
14.6 6.2 0.0695621
14.6 6.4 0.110536
14.6 6.6 0.0787984
14.6 6.8 -0.0282225
14.6 7 -0.160368
14.6 7.2 -0.245108
14.6 7.4 -0.225174
14.6 7.6 -0.107064
14.6 7.8 0.0534302
14.6 8 0.172952
14.6 8.2 0.0237968
14.6 8.4 0

14.8 0 0
14.8 0.2 -0.0298102
14.8 0.4 -0.216196
14.8 0.6 -0.091977
14.8 0.8 0.0650962
14.8 1 0.17341
14.8 1.2 0.187358
14.8 1.4 0.119383
14.8 1.6 0.0298951
14.8 1.8 -0.0205539
14.8 2 -0.00687848
14.8 2.2 0.0432257
14.8 2.4 0.0789639
14.8 2.6 0.0638224
14.8 2.8 -0.00336415
14.8 3 -0.0790671
14.8 3.2 -0.119492
14.8 3.4 -0.105013
14.8 3.6 -0.0515354
14.8 3.8 0.00143884
14.8 4 0.0224223
14.8 4.2 0.00845261
14.8 4.4 -0.0167558
14.8 4.6 -0.0293253
14.8 4.8 -0.0179863
14.8 5 0.0013651
14.8 5.2 0.00677739
14.8 5.4 -0.00517447
14.8 5.6 -0.0238167
14.8 5.8 -0.0239379
14.8 6 0.0044106
14.8 6.2 0.0433113
14.8 6.4 0.0556031
14.8 6.6 0.0152618
14.8 6.8 -0.0736779
14.8 7 -0.163105
14.8 7.2 -0.191397
14.8 7.4 -0.122651
14.8 7.6 0.0252518
14.8 7.8 0.193467
14.8 8 0.314928
14.8 8.2 0.0433461
14.8 8.4 0

15 0 0
15 0.2 -0.0403442
15 0.4 -0.293262
15 0.6 -0.195395
15 0.8 -0.0763769
15 1 0.00873577
15 1.2 0.0333989
15 1.4 0.00454926
15 1.6 -0.0353548
15 1.8 -0.0516638
15 2 -0.0334891
15 2.2 -0.00667491
15 2.4 -0.00359134
15 2.6 -0.0432857
15 2.8 -0.113099
15 3 -0.174653
15 3.2 -0.1941
15 3.4 -0.162333
15 3.6 -0.101818
15 3.8 -0.0458814
15 4 -0.0237461
15 4.2 -0.0288008
15 4.4 -0.0409287
15 4.6 -0.0375159
15 4.8 -0.014122
15 5 0.0164116
15 5.2 0.031889
15 5.4 0.02567
15 5.6 0.0101318
15 5.8 0.00394545
15 6 0.0188434
15 6.2 0.0426989
15 6.4 0.0470157
15 6.6 0.0154919
15 6.8 -0.0458062
15 7 -0.0944375
15 7.2 -0.0887683
15 7.4 -0.0052681
15 7.6 0.132287
15 7.8 0.259928
15 8 0.0791671
15 8.2 0
15 8.4 0

15.2 0 0
15.2 0.2 -0.0422326
15.2 0.4 -0.307364
15.2 0.6 -0.25173
15.2 0.8 -0.190833
15.2 1 -0.147826
15.2 1.2 -0.128499
15.2 1.4 -0.126256
15.2 1.6 -0.119777
15.2 1.8 -0.101362
15.2 2 -0.0736205
15.2 2.2 -0.0586261
15.2 2.4 -0.0743515
15.2 2.6 -0.11928
15.2 2.8 -0.17506
15.2 3 -0.205865
15.2 3.2 -0.194023
15.2 3.4 -0.145371
15.2 3.6 -0.0865606
15.2 3.8 -0.0478481
15.2 4 -0.0411742
15.2 4.2 -0.0562917
15.2 4.4 -0.0682164
15.2 4.6 -0.0590834
15.2 4.8 -0.0300864
15.2 5 0.00619252
15.2 5.2 0.0243257
15.2 5.4 0.021357
15.2 5.6 0.01112
15.2 5.8 0.00848927
15.2 6 0.0269409
15.2 6.2 0.0539736
15.2 6.4 0.0708088
15.2 6.6 0.0587957
15.2 6.8 0.0236654
15.2 7 -0.0046776
15.2 7.2 0.00605895
15.2 7.4 0.0706844
15.2 7.6 0.167771
15.2 7.8 0.253502
15.2 8 0.0349874
15.2 8.2 0
15.2 8.4 0

15.4 0 0
15.4 0.2 -0.035288
15.4 0.4 -0.256126
15.4 0.6 -0.24373
15.4 0.8 -0.241336
15.4 1 -0.242253
15.4 1.2 -0.233354
15.4 1.4 -0.210757
15.4 1.6 -0.171407
15.4 1.8 -0.127584
15.4 2 -0.0946425
15.4 2.2 -0.0878177
15.4 2.4 -0.109381
15.4 2.6 -0.146148
15.4 2.8 -0.17165
15.4 3 -0.164893
15.4 3.2 -0.123937
15.4 3.4 -0.0652301
15.4 3.6 -0.023121
15.4 3.8 -0.0116873
15.4 4 -0.032298
15.4 4.2 -0.0644743
15.4 4.4 -0.0842305
15.4 4.6 -0.0782613
15.4 4.8 -0.0528577
15.4 5 -0.0264252
15.4 5.2 -0.0176222
15.4 5.4 -0.0223063
15.4 5.6 -0.0291918
15.4 5.8 -0.0175509
15.4 6 0.015505
15.4 6.2 0.0592419
15.4 6.4 0.0926814
15.4 6.6 0.098424
15.4 6.8 0.0784262
15.4 7 0.0541594
15.4 7.2 0.0463918
15.4 7.4 0.0675019
15.4 7.6 0.106152
15.4 7.8 0.139468
15.4 8 0.0192061
15.4 8.2 0
15.4 8.4 0

15.6 0 0
15.6 0.2 -0.0216146
15.6 0.4 -0.156366
15.6 0.6 -0.177881
15.6 0.8 -0.216635
15.6 1 -0.245532
15.6 1.2 -0.241122
15.6 1.4 -0.204098
15.6 1.6 -0.147505
15.6 1.8 -0.097486
15.6 2 -0.0723854
15.6 2.2 -0.0802581
15.6 2.4 -0.106713
15.6 2.6 -0.129222
15.6 2.8 -0.122253
15.6 3 -0.0828704
15.6 3.2 -0.0224203
15.6 3.4 0.0293474
15.6 3.6 0.0488169
15.6 3.8 0.0293449
15.6 4 -0.013905
15.6 4.2 -0.0562263
15.6 4.4 -0.0773584
15.6 4.6 -0.0731931
15.6 4.8 -0.0601647
15.6 5 -0.0551931
15.6 5.2 -0.0636049
15.6 5.4 -0.0795399
15.6 5.6 -0.0855074
15.6 5.8 -0.0626681
15.6 6 -0.0145169
15.6 6.2 0.043234
15.6 6.4 0.0852407
15.6 6.6 0.095666
15.6 6.8 0.0774239
15.6 7 0.0461863
15.6 7.2 0.0191724
15.6 7.4 0.00029343
15.6 7.6 -0.0133348
15.6 7.8 -0.0308073
15.6 8 -0.00420501
15.6 8.2 0
15.6 8.4 0

15.8 0 0
15.8 0.2 -0.00617723
15.8 0.4 -0.0431071
15.8 0.6 -0.0788257
15.8 0.8 -0.129748
15.8 1 -0.160895
15.8 1.2 -0.150488
15.8 1.4 -0.104853
15.8 1.6 -0.0486036
15.8 1.8 -0.0123912
15.8 2 -0.0133072
15.8 2.2 -0.0429487
15.8 2.4 -0.0784413
15.8 2.6 -0.0905451
15.8 2.8 -0.06346
15.8 3 -0.00581673
15.8 3.2 0.0568408
15.8 3.4 0.0916092
15.8 3.6 0.0847659
15.8 3.8 0.0436984
15.8 4 -0.00400702
15.8 4.2 -0.0347429
15.8 4.4 -0.0384024
15.8 4.6 -0.0286873
15.8 4.8 -0.0259227
15.8 5 -0.043074
15.8 5.2 -0.078219
15.8 5.4 -0.110883
15.8 5.6 -0.119114
15.8 5.8 -0.0910528
15.8 6 -0.0389154
15.8 6.2 0.0153201
15.8 6.4 0.0441793
15.8 6.6 0.0427912
15.8 6.8 0.0148594
15.8 7 -0.0162443
15.8 7.2 -0.0428188
15.8 7.4 -0.0666462
15.8 7.6 -0.101033
15.8 7.8 -0.159649
15.8 8 -0.0218882
15.8 8.2 0
15.8 8.4 0

16 0 0
16 0.2 0.00643422
16 0.4 0.0476855
16 0.6 0.0147284
16 0.8 -0.0222223
16 1 -0.0332723
16 1.2 -0.00490427
16 1.4 0.0467395
16 1.6 0.0894724
16 1.8 0.0938212
16 2 0.0566593
16 2.2 -0.00238902
16 2.4 -0.049268
16 2.6 -0.0562764
16 2.8 -0.0192816
16 3 0.0407709
16 3.2 0.0872445
16 3.4 0.0945258
16 3.6 0.0632794
16 3.8 0.0178025
16 4 -0.00949264
16 4.2 -0.00311364
16 4.4 0.0288437
16 4.6 0.0577877
16 4.8 0.0546318
16 5 0.0151113
16 5.2 -0.045324
16 5.4 -0.0931721
16 5.6 -0.10385
16 5.8 -0.0762582
16 6 -0.032649
16 6.2 -0.00350566
16 6.4 -0.00859015
16 6.6 -0.0401278
16 6.8 -0.080629
16 7 -0.100715
16 7.2 -0.0968642
16 7.4 -0.081733
16 7.6 -0.074801
16 7.8 -0.0320764
16 8 0
16 8.2 0
16 8.4 0

16.2 0 0
16.2 0.2 0.0128001
16.2 0.4 0.0936967
16.2 0.6 0.0777061
16.2 0.8 0.0701021
16.2 1 0.0900439
16.2 1.2 0.136766
16.2 1.4 0.185797
16.2 1.6 0.205076
16.2 1.8 0.17228
16.2 2 0.0990573
16.2 2.2 0.0180327
16.2 2.4 -0.034377
16.2 2.6 -0.0340664
16.2 2.8 0.00644504
16.2 3 0.0553765
16.2 3.2 0.0740213
16.2 3.4 0.0503775
16.2 3.6 0.00170173
16.2 3.8 -0.0347284
16.2 4 -0.0250412
16.2 4.2 0.0330537
16.2 4.4 0.109229
16.2 4.6 0.159322
16.2 4.8 0.153078
16.2 5 0.0941215
16.2 5.2 0.0160758
16.2 5.4 -0.0371991
16.2 5.6 -0.0437949
16.2 5.8 -0.0160143
16.2 6 0.0124915
16.2 6.2 0.00666232
16.2 6.4 -0.0456297
16.2 6.6 -0.118604
16.2 6.8 -0.173963
16.2 7 -0.174065
16.2 7.2 -0.12103
16.2 7.4 -0.0432944
16.2 7.6 0.0156515
16.2 7.8 0.00221077
16.2 8 0
16.2 8.2 0
16.2 8.4 0

16.4 0 0
16.4 0.2 0.0140093
16.4 0.4 0.100521
16.4 0.6 0.101409
16.4 0.8 0.122952
16.4 1 0.168345
16.4 1.2 0.224123
16.4 1.4 0.263627
16.4 1.6 0.253878
16.4 1.8 0.190792
16.4 2 0.0957246
16.4 2.2 0.00870913
16.4 2.4 -0.0326441
16.4 2.6 -0.0188118
16.4 2.8 0.027419
16.4 3 0.0617504
16.4 3.2 0.0525383
16.4 3.4 -0.00134821
16.4 3.6 -0.0646626
16.4 3.8 -0.0857592
16.4 4 -0.0383997
16.4 4.2 0.0673019
16.4 4.4 0.17628
16.4 4.6 0.237172
16.4 4.8 0.219788
16.4 5 0.143713
16.4 5.2 0.0577173
16.4 5.4 0.013089
16.4 5.6 0.0241592
16.4 5.8 0.0638322
16.4 6 0.0857174
16.4 6.2 0.0457718
16.4 6.4 -0.0530137
16.4 6.6 -0.163863
16.4 6.8 -0.233132
16.4 7 -0.213154
16.4 7.2 -0.1144
16.4 7.4 0.0206829
16.4 7.6 0.130853
16.4 7.8 0.0180118
16.4 8 0
16.4 8.2 0
16.4 8.4 0

16.6 0 0
16.6 0.2 0.0127816
16.6 0.4 0.0906638
16.6 0.6 0.102196
16.6 0.8 0.13887
16.6 1 0.190819
16.6 1.2 0.242356
16.6 1.4 0.263505
16.6 1.6 0.231654
16.6 1.8 0.150908
16.6 2 0.0517398
16.6 2.2 -0.0194621
16.6 2.4 -0.0327308
16.6 2.6 0.00712202
16.6 2.8 0.0639139
16.6 3 0.0871561
16.6 3.2 0.0514509
16.6 3.4 -0.029758
16.6 3.6 -0.102389
16.6 3.8 -0.112046
16.6 4 -0.0394541
16.6 4.2 0.0900217
16.6 4.4 0.208648
16.6 4.6 0.258358
16.6 4.8 0.219274
16.6 5 0.124065
16.6 5.2 0.0368154
16.6 5.4 0.0130652
16.6 5.6 0.0580226
16.6 5.8 0.124397
16.6 6 0.151058
16.6 6.2 0.0918632
16.6 6.4 -0.0356296
16.6 6.6 -0.172011
16.6 6.8 -0.246601
16.6 7 -0.213246
16.6 7.2 -0.0905552
16.6 7.4 0.0688539
16.6 7.6 0.218553
16.6 7.8 0.0301182
16.6 8 0
16.6 8.2 0
16.6 8.4 0

16.8 0 0
16.8 0.2 0.011774
16.8 0.4 0.0842467
16.8 0.6 0.0968231
16.8 0.8 0.128122
16.8 1 0.169442
16.8 1.2 0.203798
16.8 1.4 0.20577
16.8 1.6 0.161004
16.8 1.8 0.0804149
16.8 2 -0.00278867
16.8 2.2 -0.0432188
16.8 2.4 -0.0218227
16.8 2.6 0.046084
16.8 2.8 0.113244
16.8 3 0.128101
16.8 3.2 0.0745589
16.8 3.4 -0.0229278
16.8 3.6 -0.101529
16.8 3.8 -0.106977
16.8 4 -0.0272898
16.8 4.2 0.100191
16.8 4.4 0.200113
16.8 4.6 0.215862
16.8 4.8 0.141629
16.8 5 0.0274527
16.8 5.2 -0.0523681
16.8 5.4 -0.0468114
16.8 5.6 0.0375377
16.8 5.8 0.138091
16.8 6 0.181076
16.8 6.2 0.123442
16.8 6.4 -0.0107319
16.8 6.6 -0.150668
16.8 6.8 -0.218875
16.8 7 -0.176104
16.8 7.2 -0.0575973
16.8 7.4 0.0575487
16.8 7.6 0.0381439
16.8 7.8 0
16.8 8 0
16.8 8.2 0
16.8 8.4 0

17 0 0
17 0.2 0.0115212
17 0.4 0.083793
17 0.6 0.0880308
17 0.8 0.102209
17 1 0.124602
17 1.2 0.139629
17 1.4 0.128767
17 1.6 0.0852248
17 1.8 0.0190187
17 2 -0.0369877
17 2.2 -0.0449834
17 2.4 0.00284185
17 2.6 0.0866578
17 2.8 0.156054
17 3 0.163887
17 3.2 0.0999333
17 3.4 -0.00357451
17 3.6 -0.0820595
17 3.8 -0.0873881
17 4 -0.0132799
17 4.2 0.0930309
17 4.4 0.156912
17 4.6 0.131064
17 4.8 0.0230714
17 5 -0.10407
17 5.2 -0.172989
17 5.4 -0.139722
17 5.6 -0.0220056
17 5.8 0.105795
17 6 0.166957
17 6.2 0.121059
17 6.4 -0.000789983
17 6.6 -0.119222
17 6.8 -0.160084
17 7 -0.0993239
17 7.2 0.0177131
17 7.4 0.112176
17 7.6 0.0154561
17 7.8 0
17 8 0
17 8.2 0
17 8.4 0

17.2 0 0
17.2 0.2 0.00984745
17.2 0.4 0.0727406
17.2 0.6 0.065207
17.2 0.8 0.0607434
17.2 1 0.0652513
17.2 1.2 0.0689894
17.2 1.4 0.0611106
17.2 1.6 0.0330293
17.2 1.8 -0.00786104
17.2 2 -0.0380165
17.2 2.2 -0.0276304
17.2 2.4 0.0268597
17.2 2.6 0.104387
17.2 2.8 0.161881
17.2 3 0.160891
17.2 3.2 0.0927759
17.2 3.4 -0.00380137
17.2 3.6 -0.0732736
17.2 3.8 -0.0716065
17.2 4 -0.00560044
17.2 4.2 0.0762949
17.2 4.4 0.10544
17.2 4.6 0.0475293
17.2 4.8 -0.078025
17.2 5 -0.205908
17.2 5.2 -0.260515
17.2 5.4 -0.206242
17.2 5.6 -0.075074
17.2 5.8 0.0588592
17.2 6 0.121484
17.2 6.2 0.0842623
17.2 6.4 -0.0137087
17.2 6.6 -0.0947594
17.2 6.8 -0.0942344
17.2 7 -0.00380573
17.2 7.2 0.114773
17.2 7.4 0.186725
17.2 7.6 0.0257808
17.2 7.8 0
17.2 8 0
17.2 8.2 0
17.2 8.4 0

17.4 0 0
17.4 0.2 0.00416701
17.4 0.4 0.0315935
17.4 0.6 0.0155895
17.4 0.8 -0.0019148
17.4 1 -0.00577206
17.4 1.2 0.00161425
17.4 1.4 0.0141076
17.4 1.6 0.0155628
17.4 1.8 0.00120629
17.4 2 -0.0133952
17.4 2.2 -0.00578718
17.4 2.4 0.0296744
17.4 2.6 0.0806925
17.4 2.8 0.112874
17.4 3 0.0999469
17.4 3.2 0.0385176
17.4 3.4 -0.0391946
17.4 3.6 -0.0879962
17.4 3.8 -0.0756378
17.4 4 -0.0135404
17.4 4.2 0.0524242
17.4 4.4 0.0670174
17.4 4.6 0.00117031
17.4 4.8 -0.117356
17.4 5 -0.224276
17.4 5.2 -0.260266
17.4 5.4 -0.199347
17.4 5.6 -0.0795301
17.4 5.8 0.0318071
17.4 6 0.0718967
17.4 6.2 0.0322052
17.4 6.4 -0.044108
17.4 6.6 -0.0855412
17.4 6.8 -0.0407025
17.4 7 0.0808151
17.4 7.2 0.205797
17.4 7.4 0.0541264
17.4 7.6 0
17.4 7.8 0
17.4 8 0
17.4 8.2 0
17.4 8.4 0

17.6 0 0
17.6 0.2 -0.00547068
17.6 0.4 -0.0390978
17.6 0.6 -0.0588236
17.6 0.8 -0.0827496
17.6 1 -0.0849707
17.6 1.2 -0.0602015
17.6 1.4 -0.0202155
17.6 1.6 0.0130062
17.6 1.8 0.0248073
17.6 2 0.0160256
17.6 2.2 0.00293679
17.6 2.4 0.00264769
17.6 2.6 0.0150191
17.6 2.8 0.0218705
17.6 3 0.00178273
17.6 3.2 -0.0439299
17.6 3.4 -0.0958227
17.6 3.6 -0.119461
17.6 3.8 -0.0924355
17.6 4 -0.0276783
17.6 4.2 0.0352377
17.6 4.4 0.0505879
17.6 4.6 0.00315963
17.6 4.8 -0.0821051
17.6 5 -0.154631
17.6 5.2 -0.169157
17.6 5.4 -0.115358
17.6 5.6 -0.0268963
17.6 5.8 0.0377664
17.6 6 0.0388152
17.6 6.2 -0.018159
17.6 6.4 -0.0828986
17.6 6.6 -0.0949962
17.6 6.8 -0.0177093
17.6 7 0.13196
17.6 7.2 0.28837
17.6 7.4 0.0395982
17.6 7.6 0
17.6 7.8 0
17.6 8 0
17.6 8.2 0
17.6 8.4 0

17.8 0 0
17.8 0.2 -0.0152745
17.8 0.4 -0.112251
17.8 0.6 -0.134832
17.8 0.8 -0.161269
17.8 1 -0.159578
17.8 1.2 -0.118517
17.8 1.4 -0.0510007
17.8 1.6 0.010968
17.8 1.8 0.0377813
17.8 2 0.0260416
17.8 2.2 -0.0100193
17.8 2.4 -0.0453958
17.8 2.6 -0.0651478
17.8 2.8 -0.0762183
17.8 3 -0.0905641
17.8 3.2 -0.11397
17.8 3.4 -0.136679
17.8 3.6 -0.13844
17.8 3.8 -0.102984
17.8 4 -0.0402259
17.8 4.2 0.0200823
17.8 4.4 0.0484534
17.8 4.6 0.0312949
17.8 4.8 -0.00998729
17.8 5 -0.041603
17.8 5.2 -0.0340456
17.8 5.4 0.00824146
17.8 5.6 0.0548045
17.8 5.8 0.0652677
17.8 6 0.0232448
17.8 6.2 -0.0523057
17.8 6.4 -0.110163
17.8 6.6 -0.10716
17.8 6.8 -0.0274242
17.8 7 0.118564
17.8 7.2 0.33309
17.8 7.4 0.0456944
17.8 7.6 0
17.8 7.8 0
17.8 8 0
17.8 8.2 0
17.8 8.4 0

18 0 0
18 0.2 -0.0199595
18 0.4 -0.146994
18 0.6 -0.174502
18 0.8 -0.208911
18 1 -0.210822
18 1.2 -0.162518
18 1.4 -0.0798308
18 1.6 -0.00388696
18 1.8 0.0304949
18 2 0.0123154
18 2.2 -0.04002
18 2.4 -0.093893
18 2.6 -0.125373
18 2.8 -0.131625
18 3 -0.127355
18 3.2 -0.12422
18 3.4 -0.122726
18 3.6 -0.114372
18 3.8 -0.0854626
18 4 -0.03986
18 4.2 0.00852976
18 4.4 0.0414911
18 4.6 0.0503868
18 4.8 0.0464858
18 5 0.0501061
18 5.2 0.0712238
18 5.4 0.100502
18 5.6 0.112125
18 5.8 0.0812726
18 6 0.0121701
18 6.2 -0.0650088
18 6.4 -0.109491
18 6.6 -0.0986471
18 6.8 -0.0501106
18 7 -0.00962394
18 7.2 0.04426
18 7.4 0
18 7.6 0
18 7.8 0
18 8 0
18 8.2 0
18 8.4 0

18.2 0 0
18.2 0.2 -0.0157693
18.2 0.4 -0.116404
18.2 0.6 -0.155076
18.2 0.8 -0.204733
18.2 1 -0.220649
18.2 1.2 -0.180536
18.2 1.4 -0.1017
18.2 1.6 -0.0252156
18.2 1.8 0.00726567
18.2 2 -0.015913
18.2 2.2 -0.069818
18.2 2.4 -0.120576
18.2 2.6 -0.138892
18.2 2.8 -0.121567
18.2 3 -0.0879974
18.2 3.2 -0.0600617
18.2 3.4 -0.0478871
18.2 3.6 -0.0456456
18.2 3.8 -0.0402606
18.2 4 -0.0235123
18.2 4.2 -0.00209123
18.2 4.4 0.0187943
18.2 4.6 0.0336947
18.2 4.8 0.0477989
18.2 5 0.0680147
18.2 5.2 0.0934945
18.2 5.4 0.112941
18.2 5.6 0.104037
18.2 5.8 0.0581711
18.2 6 -0.00927119
18.2 6.2 -0.064001
18.2 6.4 -0.071224
18.2 6.6 -0.0358768
18.2 6.8 -0.00050152
18.2 7 -0.0483138
18.2 7.2 -0.00672347
18.2 7.4 0
18.2 7.6 0
18.2 7.8 0
18.2 8 0
18.2 8.2 0
18.2 8.4 0

18.4 0 0
18.4 0.2 -0.0037304
18.4 0.4 -0.0277727
18.4 0.6 -0.0818653
18.4 0.8 -0.152036
18.4 1 -0.187678
18.4 1.2 -0.167133
18.4 1.4 -0.103324
18.4 1.6 -0.0402889
18.4 1.8 -0.0174294
18.4 2 -0.0415411
18.4 2.2 -0.0888968
18.4 2.4 -0.118633
18.4 2.6 -0.107805
18.4 2.8 -0.0575557
18.4 3 0.00470139
18.4 3.2 0.0499256
18.4 3.4 0.0613958
18.4 3.6 0.0458528
18.4 3.8 0.0188948
18.4 4 0.00105921
18.4 4.2 -0.00898442
18.4 4.4 -0.0104695
18.4 4.6 -0.0090419
18.4 4.8 -0.00269947
18.4 5 0.0109148
18.4 5.2 0.0290154
18.4 5.4 0.0407142
18.4 5.6 0.0294185
18.4 5.8 -0.0063425
18.4 6 -0.0473313
18.4 6.2 -0.0608132
18.4 6.4 -0.0180561
18.4 6.6 0.0706132
18.4 6.8 0.157416
18.4 7 0.0150052
18.4 7.2 0
18.4 7.4 0
18.4 7.6 0
18.4 7.8 0
18.4 8 0
18.4 8.2 0
18.4 8.4 0

18.6 0 0
18.6 0.2 0.0106271
18.6 0.4 0.0780776
18.6 0.6 0.0109346
18.6 0.8 -0.0730809
18.6 1 -0.125945
18.6 1.2 -0.124757
18.6 1.4 -0.081368
18.6 1.6 -0.0370159
18.6 1.8 -0.0269269
18.6 2 -0.0522688
18.6 2.2 -0.0879598
18.6 2.4 -0.0957567
18.6 2.6 -0.0561294
18.6 2.8 0.020582
18.6 3 0.101063
18.6 3.2 0.148952
18.6 3.4 0.149445
18.6 3.6 0.113206
18.6 3.8 0.0643228
18.6 4 0.0231263
18.6 4.2 -0.00656373
18.6 4.4 -0.0276367
18.6 4.6 -0.0489825
18.6 4.8 -0.0659081
18.6 5 -0.0754019
18.6 5.2 -0.0724133
18.6 5.4 -0.064948
18.6 5.6 -0.0660337
18.6 5.8 -0.0775963
18.6 6 -0.0879738
18.6 6.2 -0.0681025
18.6 6.4 0.0107731
18.6 6.6 0.140379
18.6 6.8 0.279238
18.6 7 0.0384962
18.6 7.2 0
18.6 7.4 0
18.6 7.6 0
18.6 7.8 0
18.6 8 0
18.6 8.2 0
18.6 8.4 0

18.8 0 0
18.8 0.2 0.0209994
18.8 0.4 0.153676
18.8 0.6 0.0817902
18.8 0.8 -0.00654092
18.8 1 -0.0634991
18.8 1.2 -0.0690773
18.8 1.4 -0.0403165
18.8 1.6 -0.01075
18.8 1.8 -0.0136998
18.8 2 -0.0444484
18.8 2.2 -0.0771188
18.8 2.4 -0.0715989
18.8 2.6 -0.0161431
18.8 2.8 0.070266
18.8 3 0.150407
18.8 3.2 0.185919
18.8 3.4 0.171876
18.8 3.6 0.122844
18.8 3.8 0.0708952
18.8 4 0.0345216
18.8 4.2 0.0109994
18.8 4.4 -0.0124606
18.8 4.6 -0.0485085
18.8 4.8 -0.0925418
18.8 5 -0.130341
18.8 5.2 -0.145989
18.8 5.4 -0.140082
18.8 5.6 -0.124037
18.8 5.8 -0.110184
18.8 6 -0.0984707
18.8 6.2 -0.0743444
18.8 6.4 -0.0133043
18.8 6.6 0.106147
18.8 6.8 0.0530112
18.8 7 0
18.8 7.2 0
18.8 7.4 0
18.8 7.6 0
18.8 7.8 0
18.8 8 0
18.8 8.2 0
18.8 8.4 0

19 0 0
19 0.2 0.0238011
19 0.4 0.173955
19 0.6 0.108347
19 0.8 0.0312294
19 1 -0.0167027
19 1.2 -0.01632
19 1.4 0.011519
19 1.6 0.0316675
19 1.8 0.0171712
19 2 -0.0227637
19 2.2 -0.0594075
19 2.4 -0.0576241
19 2.6 -0.00434268
19 2.8 0.0728694
19 3 0.133983
19 3.2 0.14867
19 3.4 0.117873
19 3.6 0.0690448
19 3.8 0.0367236
19 4 0.0324551
19 4.2 0.0430877
19 4.4 0.0388043
19 4.6 0.00231333
19 4.8 -0.0620386
19 5 -0.123762
19 5.2 -0.157439
19 5.4 -0.147888
19 5.6 -0.11192
19 5.8 -0.0717277
19 6 -0.048289
19 6.2 -0.0508161
19 6.4 -0.0702236
19 6.6 0.00467477
19 6.8 0
19 7 0
19 7.2 0
19 7.4 0
19 7.6 0
19 7.8 0
19 8 0
19 8.2 0
19 8.4 0

19.2 0 0
19.2 0.2 0.0213921
19.2 0.4 0.155003
19.2 0.6 0.0982969
19.2 0.8 0.0364363
19.2 1 0.00705745
19.2 1.2 0.0220437
19.2 1.4 0.0587912
19.2 1.6 0.0780692
19.2 1.8 0.0556686
19.2 2 0.000844671
19.2 2.2 -0.0477829
19.2 2.4 -0.0567048
19.2 2.6 -0.0171296
19.2 2.8 0.0413781
19.2 3 0.0788459
19.2 3.2 0.0692319
19.2 3.4 0.0251476
19.2 3.6 -0.0171718
19.2 3.8 -0.0211449
19.2 4 0.0209545
19.2 4.2 0.0797459
19.2 4.4 0.109571
19.2 4.6 0.0828841
19.2 4.8 0.00746365
19.2 5 -0.0734359
19.2 5.2 -0.117904
19.2 5.4 -0.102552
19.2 5.6 -0.0430723
19.2 5.8 0.0240372
19.2 6 0.0623719
19.2 6.2 0.0431011
19.2 6.4 -0.0594737
19.2 6.6 -0.00835981
19.2 6.8 0
19.2 7 0
19.2 7.2 0
19.2 7.4 0
19.2 7.6 0
19.2 7.8 0
19.2 8 0
19.2 8.2 0
19.2 8.4 0

19.4 0 0
19.4 0.2 0.0189139
19.4 0.4 0.135832
19.4 0.6 0.0844446
19.4 0.8 0.0324334
19.4 1 0.0169859
19.4 1.2 0.0457077
19.4 1.4 0.0922019
19.4 1.6 0.113075
19.4 1.8 0.0846365
19.4 2 0.0190582
19.4 2.2 -0.0422272
19.4 2.4 -0.0617935
19.4 2.6 -0.0342707
19.4 2.8 0.011739
19.4 3 0.0327775
19.4 3.2 0.00789578
19.4 3.4 -0.0480703
19.4 3.6 -0.0863998
19.4 3.8 -0.0665963
19.4 4 0.012486
19.4 4.2 0.109464
19.4 4.4 0.167849
19.4 4.6 0.151069
19.4 4.8 0.068674
19.4 5 -0.0276141
19.4 5.2 -0.0781909
19.4 5.4 -0.0570407
19.4 5.6 0.0229384
19.4 5.8 0.116729
19.4 6 0.181358
19.4 6.2 0.207614
19.4 6.4 0.0203897
19.4 6.6 0
19.4 6.8 0
19.4 7 0
19.4 7.2 0
19.4 7.4 0
19.4 7.6 0
19.4 7.8 0
19.4 8 0
19.4 8.2 0
19.4 8.4 0

19.6 0 0
19.6 0.2 0
19.6 0.4 0.0189139
19.6 0.6 0.0117602
19.6 0.8 0.00453482
19.6 1 0.00241225
19.6 1.2 0.00643118
19.6 1.4 0.012864
19.6 1.6 0.0157706
19.6 1.8 0.0118476
19.6 2 0.00281403
19.6 2.2 -0.00570072
19.6 2.4 -0.00838197
19.6 2.6 -0.0047024
19.6 2.8 0.0016856
19.6 3 0.00453342
19.6 3.2 0.00123162
19.6 3.4 -0.00672605
19.6 3.6 -0.0120875
19.6 3.8 -0.00923122
19.6 4 0.00173621
19.6 4.2 0.015083
19.6 4.4 0.0231794
19.6 4.6 0.0208987
19.6 4.8 0.00948539
19.6 5 -0.00391849
19.6 5.2 -0.0107515
19.6 5.4 -0.00781557
19.6 5.6 0.00334099
19.6 5.8 0.0163611
19.6 6 0.025113
19.6 6.2 0.0287495
19.6 6.4 0
19.6 6.6 0
19.6 6.8 0
19.6 7 0
19.6 7.2 0
19.6 7.4 0
19.6 7.6 0
19.6 7.8 0
19.6 8 0
19.6 8.2 0
19.6 8.4 0

19.8 0 0
19.8 0.2 0
19.8 0.4 0
19.8 0.6 0
19.8 0.8 0
19.8 1 0
19.8 1.2 0
19.8 1.4 0
19.8 1.6 0
19.8 1.8 0
19.8 2 0
19.8 2.2 0
19.8 2.4 0
19.8 2.6 0
19.8 2.8 0
19.8 3 0
19.8 3.2 0
19.8 3.4 0
19.8 3.6 0
19.8 3.8 0
19.8 4 0
19.8 4.2 0
19.8 4.4 0
19.8 4.6 0
19.8 4.8 0
19.8 5 0
19.8 5.2 0
19.8 5.4 0
19.8 5.6 0
19.8 5.8 0
19.8 6 0
19.8 6.2 0
19.8 6.4 0
19.8 6.6 0
19.8 6.8 0
19.8 7 0
19.8 7.2 0
19.8 7.4 0
19.8 7.6 0
19.8 7.8 0
19.8 8 0
19.8 8.2 0
19.8 8.4 0

