0 0 0
0 0.2 0
0 0.4 0
0 0.6 0
0 0.8 0
0 1 0
0 1.2 0
0 1.4 0
0 1.6 0
0 1.8 0
0 2 0
0 2.2 0
0 2.4 0
0 2.6 0
0 2.8 0
0 3 0
0 3.2 0
0 3.4 0
0 3.6 0
0 3.8 0
0 4 0
0 4.2 0
0 4.4 0
0 4.6 0
0 4.8 0
0 5 0
0 5.2 0
0 5.4 0
0 5.6 0
0 5.8 0
0 6 0
0 6.2 0
0 6.4 0
0 6.6 0
0 6.8 0
0 7 0
0 7.2 0
0 7.4 0
0 7.6 0
0 7.8 0
0 8 0
0 8.2 0
0 8.4 0

0.2 0 0
0.2 0.2 0
0.2 0.4 -0.0720693
0.2 0.6 -0.0569533
0.2 0.8 -0.0395922
0.2 1 -0.0240567
0.2 1.2 -0.0141459
0.2 1.4 -0.0116699
0.2 1.6 -0.0160598
0.2 1.8 -0.0232415
0.2 2 -0.0293342
0.2 2.2 -0.0322303
0.2 2.4 -0.0312673
0.2 2.6 -0.0281743
0.2 2.8 -0.0248025
0.2 3 -0.0221558
0.2 3.2 -0.0212257
0.2 3.4 -0.0214672
0.2 3.6 -0.0217374
0.2 3.8 -0.0203395
0.2 4 -0.0160241
0.2 4.2 -0.0109901
0.2 4.4 -0.00718273
0.2 4.6 -0.00471559
0.2 4.8 -0.00399723
0.2 5 -0.00489426
0.2 5.2 -0.0059405
0.2 5.4 -0.00778995
0.2 5.6 -0.00951046
0.2 5.8 -0.0114755
0.2 6 -0.0149059
0.2 6.2 0
0.2 6.4 0
0.2 6.6 0
0.2 6.8 0
0.2 7 0
0.2 7.2 0
0.2 7.4 0
0.2 7.6 0
0.2 7.8 0
0.2 8 0
0.2 8.2 0
0.2 8.4 0

0.4 0 0
0.4 0.2 -0.0720693
0.4 0.4 -0.523791
0.4 0.6 -0.415302
0.4 0.8 -0.287084
0.4 1 -0.173679
0.4 1.2 -0.102223
0.4 1.4 -0.0856181
0.4 1.6 -0.116469
0.4 1.8 -0.167725
0.4 2 -0.212897
0.4 2.2 -0.234037
0.4 2.4 -0.227999
0.4 2.6 -0.205539
0.4 2.8 -0.18073
0.4 3 -0.161465
0.4 3.2 -0.154511
0.4 3.4 -0.155573
0.4 3.6 -0.156678
0.4 3.8 -0.145843
0.4 4 -0.116899
0.4 4.2 -0.0804056
0.4 4.4 -0.0505577
0.4 4.6 -0.0335608
0.4 4.8 -0.0283245
0.4 5 -0.0342892
0.4 5.2 -0.0437398
0.4 5.4 -0.0547943
0.4 5.6 -0.0678789
0.4 5.8 -0.0846394
0.4 6 -0.108812
0.4 6.2 -0.0334847
0.4 6.4 0
0.4 6.6 0
0.4 6.8 0
0.4 7 0
0.4 7.2 0
0.4 7.4 0
0.4 7.6 0
0.4 7.8 0
0.4 8 0
0.4 8.2 0
0.4 8.4 0

0.6 0 0
0.6 0.2 -0.0241244
0.6 0.4 -0.177193
0.6 0.6 -0.128625
0.6 0.8 -0.0647685
0.6 1 -0.0140572
0.6 1.2 0.00590262
0.6 1.4 -0.0113054
0.6 1.6 -0.0511405
0.6 1.8 -0.0981781
0.6 2 -0.132169
0.6 2.2 -0.140285
0.6 2.4 -0.121812
0.6 2.6 -0.0886093
0.6 2.8 -0.052089
0.6 3 -0.0204508
0.6 3.2 0.00274402
0.6 3.4 0.0115107
0.6 3.6 0.0114527
0.6 3.8 0.0126558
0.6 4 0.0143812
0.6 4.2 0.0166884
0.6 4.4 0.015067
0.6 4.6 0.00687263
0.6 4.8 -0.00651741
0.6 5 -0.0149396
0.6 5.2 -0.0218007
0.6 5.4 -0.0240877
0.6 5.6 -0.0305335
0.6 5.8 -0.0505674
0.6 6 -0.0856775
0.6 6.2 -0.134504
0.6 6.4 -0.0381175
0.6 6.6 0
0.6 6.8 0
0.6 7 0
0.6 7.2 0
0.6 7.4 0
0.6 7.6 0
0.6 7.8 0
0.6 8 0
0.6 8.2 0
0.6 8.4 0

0.8 0 0
0.8 0.2 0.0316504
0.8 0.4 0.229332
0.8 0.6 0.210402
0.8 0.8 0.189698
0.8 1 0.161839
0.8 1.2 0.119469
0.8 1.4 0.0688834
0.8 1.6 0.0184583
0.8 1.8 -0.0205037
0.8 2 -0.0375848
0.8 2.2 -0.0270122
0.8 2.4 0.00380889
0.8 2.6 0.0473196
0.8 2.8 0.0976091
0.8 3 0.142006
0.8 3.2 0.182588
0.8 3.4 0.202952
0.8 3.6 0.209514
0.8 3.8 0.201446
0.8 4 0.176621
0.8 4.2 0.133761
0.8 4.4 0.0859534
0.8 4.6 0.0464693
0.8 4.8 0.0139511
0.8 5 0.00505573
0.8 5.2 0.00949417
0.8 5.4 0.0203787
0.8 5.6 0.0273745
0.8 5.8 0.00917688
0.8 6 -0.0334511
0.8 6.2 -0.0947236
0.8 6.4 -0.141365
0.8 6.6 -0.0195386
0.8 6.8 0
0.8 7 0
0.8 7.2 0
0.8 7.4 0
0.8 7.6 0
0.8 7.8 0
0.8 8 0
0.8 8.2 0
0.8 8.4 0

1 0 0
1 0.2 0.0596354
1 0.4 0.432382
1 0.6 0.371261
1 0.8 0.297332
1 1 0.22224
1 1.2 0.145523
1 1.4 0.0811183
1 1.6 0.0368563
1 1.8 0.0184734
1 2 0.0246836
1 2.2 0.048362
1 2.4 0.0792218
1 2.6 0.115212
1 2.8 0.15895
1 3 0.204875
1 3.2 0.253994
1 3.4 0.291137
1 3.6 0.308342
1 3.8 0.299986
1 4 0.257177
1 4.2 0.191039
1 4.4 0.116691
1 4.6 0.0535833
1 4.8 0.0184055
1 5 0.0135182
1 5.2 0.0351977
1 5.4 0.0639891
1 5.6 0.0843182
1 5.8 0.0758455
1 6 0.0337332
1 6.2 -0.0284124
1 6.4 -0.0768419
1 6.6 -0.0129037
1 6.8 0
1 7 0
1 7.2 0
1 7.4 0
1 7.6 0
1 7.8 0
1 8 0
1 8.2 0
1 8.4 0

1.2 0 0
1.2 0.2 0.0436051
1.2 0.4 0.315492
1.2 0.6 0.259527
1.2 0.8 0.189815
1.2 1 0.121311
1.2 1.2 0.0599532
1.2 1.4 0.0184993
1.2 1.6 0.00363055
1.2 1.8 0.0127107
1.2 2 0.0355777
1.2 2.2 0.0583571
1.2 2.4 0.0704033
1.2 2.6 0.0809205
1.2 2.8 0.0926336
1.2 3 0.120427
1.2 3.2 0.162752
1.2 3.4 0.212146
1.2 3.6 0.244499
1.2 3.8 0.251902
1.2 4 0.214855
1.2 4.2 0.148712
1.2 4.4 0.0779015
1.2 4.6 0.0199894
1.2 4.8 -0.00224965
1.2 5 0.0113968
1.2 5.2 0.0508167
1.2 5.4 0.0946695
1.2 5.6 0.120071
1.2 5.8 0.121523
1.2 6 0.0856116
1.2 6.2 0.0350229
1.2 6.4 -0.0129054
1.2 6.6 -0.0196807
1.2 6.8 -0.0112406
1.2 7 0
1.2 7.2 0
1.2 7.4 0
1.2 7.6 0
1.2 7.8 0
1.2 8 0
1.2 8.2 0
1.2 8.4 0

1.4 0 0
1.4 0.2 -0.00167703
1.4 0.4 -0.0125901
1.4 0.6 -0.0236589
1.4 0.8 -0.0422576
1.4 1 -0.0610808
1.4 1.2 -0.0692903
1.4 1.4 -0.0665803
1.4 1.6 -0.0451028
1.4 1.8 -0.0104881
1.4 2 0.0190936
1.4 2.2 0.0333542
1.4 2.4 0.0187563
1.4 2.6 -0.0172766
1.4 2.8 -0.0511345
1.4 3 -0.0579855
1.4 3.2 -0.0307409
1.4 3.4 0.01876
1.4 3.6 0.0617242
1.4 3.8 0.0913275
1.4 4 0.0820803
1.4 4.2 0.0405852
1.4 4.4 -0.00283893
1.4 4.6 -0.025578
1.4 4.8 -0.022755
1.4 5 0.0081424
1.4 5.2 0.0558595
1.4 5.4 0.0980752
1.4 5.6 0.12248
1.4 5.8 0.123475
1.4 6 0.0961716
1.4 6.2 0.0517332
1.4 6.4 0.00864775
1.4 6.6 -0.0252594
1.4 6.8 -0.06322
1.4 7 -0.00858665
1.4 7.2 0
1.4 7.4 0
1.4 7.6 0
1.4 7.8 0
1.4 8 0
1.4 8.2 0
1.4 8.4 0

1.6 0 0
1.6 0.2 -0.0420595
1.6 0.4 -0.305493
1.6 0.6 -0.265788
1.6 0.8 -0.220894
1.6 1 -0.175011
1.6 1.2 -0.132658
1.6 1.4 -0.0914134
1.6 1.6 -0.047236
1.6 1.8 -0.00219812
1.6 2 0.0241166
1.6 2.2 0.0195214
1.6 2.4 -0.0211812
1.6 2.6 -0.0916918
1.6 2.8 -0.16413
1.6 3 -0.208351
1.6 3.2 -0.203811
1.6 3.4 -0.159493
1.6 3.6 -0.104221
1.6 3.8 -0.0645846
1.6 4 -0.0526757
1.6 4.2 -0.0613909
1.6 4.4 -0.0688376
1.6 4.6 -0.0576731
1.6 4.8 -0.0270235
1.6 5 0.0149161
1.6 5.2 0.0549907
1.6 5.4 0.0783455
1.6 5.6 0.0825188
1.6 5.8 0.0701934
1.6 6 0.0501966
1.6 6.2 0.0273476
1.6 6.4 0.00162752
1.6 6.6 -0.0262516
1.6 6.8 -0.0516948
1.6 7 -0.00860429
1.6 7.2 0
1.6 7.4 0
1.6 7.6 0
1.6 7.8 0
1.6 8 0
1.6 8.2 0
1.6 8.4 0

1.8 0 0
1.8 0.2 -0.048329
1.8 0.4 -0.350861
1.8 0.6 -0.285978
1.8 0.8 -0.203708
1.8 1 -0.125384
1.8 1.2 -0.0616892
1.8 1.4 -0.0188963
1.8 1.6 0.0149405
1.8 1.8 0.0463667
1.8 2 0.0637924
1.8 2.2 0.0520338
1.8 2.4 0.00228745
1.8 2.6 -0.0814884
1.8 2.8 -0.166015
1.8 3 -0.223881
1.8 3.2 -0.233369
1.8 3.4 -0.198853
1.8 3.6 -0.151495
1.8 3.8 -0.113382
1.8 4 -0.0987538
1.8 4.2 -0.0947575
1.8 4.4 -0.0806944
1.8 4.6 -0.0465385
1.8 4.8 -0.00487262
1.8 5 0.033548
1.8 5.2 0.0524037
1.8 5.4 0.041844
1.8 5.6 0.0120259
1.8 5.8 -0.0166131
1.8 6 -0.0302318
1.8 6.2 -0.0310342
1.8 6.4 -0.0226967
1.8 6.6 -0.0191384
1.8 6.8 -0.0196809
1.8 7 -0.0104031
1.8 7.2 -0.00138226
1.8 7.4 0
1.8 7.6 0
1.8 7.8 0
1.8 8 0
1.8 8.2 0
1.8 8.4 0

2 0 0
2 0.2 -0.0167523
2 0.4 -0.120247
2 0.6 -0.0657107
2 0.8 0.00999698
2 1 0.0750399
2 1.2 0.10765
2 1.4 0.110416
2 1.6 0.105317
2 1.8 0.104344
2 2 0.111362
2 2.2 0.10715
2 2.4 0.0788541
2 2.6 0.0201797
2 2.8 -0.0488868
2 3 -0.0978868
2 3.2 -0.103259
2 3.4 -0.0780315
2 3.6 -0.0471022
2 3.8 -0.0316057
2 4 -0.03806
2 4.2 -0.0467304
2 4.4 -0.0363898
2 4.6 -0.00353898
2 4.8 0.0374647
2 5 0.0633943
2 5.2 0.0527425
2 5.4 0.00669384
2 5.6 -0.0583136
2 5.8 -0.103018
2 6 -0.112329
2 6.2 -0.083062
2 6.4 -0.0354209
2 6.6 0.00160086
2 6.8 0.0161737
2 7 0.0206561
2 7.2 0.00935383
2 7.4 0
2 7.6 0
2 7.8 0
2 8 0
2 8.2 0
2 8.4 0

2.2 0 0
2.2 0.2 0.0296045
2.2 0.4 0.215746
2.2 0.6 0.239574
2.2 0.8 0.278202
2.2 1 0.293206
2.2 1.2 0.265286
2.2 1.4 0.204148
2.2 1.6 0.144304
2.2 1.8 0.112131
2.2 2 0.113909
2.2 2.2 0.132131
2.2 2.4 0.146209
2.2 2.6 0.135652
2.2 2.8 0.11068
2.2 3 0.0906894
2.2 3.2 0.0967339
2.2 3.4 0.113638
2.2 3.6 0.121087
2.2 3.8 0.105843
2.2 4 0.0629501
2.2 4.2 0.0216556
2.2 4.4 0.00987636
2.2 4.6 0.0337873
2.2 4.8 0.07194
2.2 5 0.0866686
2.2 5.2 0.0618635
2.2 5.4 -0.00919455
2.2 5.6 -0.0949137
2.2 5.8 -0.154244
2.2 6 -0.157605
2.2 6.2 -0.103044
2.2 6.4 -0.0270641
2.2 6.6 0.0314501
2.2 6.8 0.052148
2.2 7 0.0460673
2.2 7.2 0.0448879
2.2 7.4 0.00622417
2.2 7.6 0
2.2 7.8 0
2.2 8 0
2.2 8.2 0
2.2 8.4 0

2.4 0 0
2.4 0.2 0.0562145
2.4 0.4 0.407936
2.4 0.6 0.407052
2.4 0.8 0.414585
2.4 1 0.386949
2.4 1.2 0.302825
2.4 1.4 0.183199
2.4 1.6 0.0789172
2.4 1.8 0.0267542
2.4 2 0.0372293
2.4 2.2 0.0878413
2.4 2.4 0.142705
2.4 2.6 0.180297
2.4 2.8 0.196929
2.4 3 0.205589
2.4 3.2 0.223389
2.4 3.4 0.240447
2.4 3.6 0.228947
2.4 3.8 0.183245
2.4 4 0.111748
2.4 4.2 0.0409378
2.4 4.4 0.00956519
2.4 4.6 0.0222792
2.4 4.8 0.0612958
2.4 5 0.0886418
2.4 5.2 0.0700196
2.4 5.4 0.00105606
2.4 5.6 -0.0846327
2.4 5.8 -0.14577
2.4 6 -0.145515
2.4 6.2 -0.085439
2.4 6.4 0.00330473
2.4 6.6 0.0675401
2.4 6.8 0.0789219
2.4 7 0.0548768
2.4 7.2 0.026036
2.4 7.4 0.00356891
2.4 7.6 0
2.4 7.8 0
2.4 8 0
2.4 8.2 0
2.4 8.4 0

2.6 0 0
2.6 0.2 0.0417846
2.6 0.4 0.303816
2.6 0.6 0.311475
2.6 0.8 0.318913
2.6 1 0.279558
2.6 1.2 0.177297
2.6 1.4 0.0384769
2.6 1.6 -0.0797952
2.6 1.8 -0.130868
2.6 2 -0.102985
2.6 2.2 -0.0255855
2.6 2.4 0.0587324
2.6 2.6 0.119144
2.6 2.8 0.151578
2.6 3 0.172889
2.6 3.2 0.191443
2.6 3.4 0.209742
2.6 3.6 0.195655
2.6 3.8 0.141035
2.6 4 0.0611736
2.6 4.2 -0.0252599
2.6 4.4 -0.0689637
2.6 4.6 -0.0508159
2.6 4.8 0.00518405
2.6 5 0.0641614
2.6 5.2 0.08032
2.6 5.4 0.037995
2.6 5.6 -0.0326614
2.6 5.8 -0.0893826
2.6 6 -0.0871445
2.6 6.2 -0.0339388
2.6 6.4 0.0427228
2.6 6.6 0.0980728
2.6 6.8 0.0902883
2.6 7 0.0356452
2.6 7.2 -0.0267183
2.6 7.4 -0.0389458
2.6 7.6 0
2.6 7.8 0
2.6 8 0
2.6 8.2 0
2.6 8.4 0

2.8 0 0
2.8 0.2 -0.00622044
2.8 0.4 -0.0452608
2.8 0.6 -0.000385468
2.8 0.8 0.0442418
2.8 1 0.0354584
2.8 1.2 -0.0436098
2.8 1.4 -0.161025
2.8 1.6 -0.255598
2.8 1.8 -0.283098
2.8 2 -0.236653
2.8 2.2 -0.14955
2.8 2.4 -0.0625313
2.8 2.6 -0.0131984
2.8 2.8 0.00163202
2.8 3 0.00601068
2.8 3.2 0.0212313
2.8 3.4 0.0397802
2.8 3.6 0.0401924
2.8 3.8 0.000260487
2.8 4 -0.0710571
2.8 4.2 -0.146084
2.8 4.4 -0.183694
2.8 4.6 -0.152607
2.8 4.8 -0.0710094
2.8 5 0.0236408
2.8 5.2 0.0858036
2.8 5.4 0.0829104
2.8 5.6 0.0394071
2.8 5.8 -0.00839392
2.8 6 -0.0133791
2.8 6.2 0.0253728
2.8 6.4 0.081992
2.8 6.6 0.114123
2.8 6.8 0.0897921
2.8 7 0.00743711
2.8 7.2 -0.107674
2.8 7.4 -0.25516
2.8 7.6 -0.0351957
2.8 7.8 0
2.8 8 0
2.8 8.2 0
2.8 8.4 0

3 0 0
3 0.2 -0.05883
3 0.4 -0.427914
3 0.6 -0.337482
3 0.8 -0.24251
3 1 -0.199247
3 1.2 -0.226102
3 1.4 -0.298182
3 1.6 -0.35316
3 1.8 -0.34614
3 2 -0.283503
3 2.2 -0.201103
3 2.4 -0.141728
3 2.6 -0.131916
3 2.8 -0.156667
3 3 -0.18691
3 3.2 -0.185884
3 3.4 -0.159556
3 3.6 -0.134833
3 3.8 -0.139882
3 4 -0.183413
3 4.2 -0.240386
3 4.4 -0.267795
3 4.6 -0.229077
3 4.8 -0.131502
3 5 -0.0103369
3 5.2 0.0858195
3 5.4 0.117459
3 5.6 0.0962771
3 5.8 0.0548947
3 6 0.041025
3 6.2 0.0625518
3 6.4 0.100911
3 6.6 0.11379
3 6.8 0.0868793
3 7 0.0120054
3 7.2 -0.0804121
3 7.4 -0.165583
3 7.6 -0.0230422
3 7.8 0
3 8 0
3 8.2 0
3 8.4 0

3.2 0 0
3.2 0.2 -0.0850011
3.2 0.4 -0.618021
3.2 0.6 -0.498864
3.2 0.8 -0.368431
3.2 1 -0.288922
3.2 1.2 -0.275387
3.2 1.4 -0.302155
3.2 1.6 -0.319569
3.2 1.8 -0.284517
3.2 2 -0.211089
3.2 2.2 -0.141028
3.2 2.4 -0.118389
3.2 2.6 -0.157231
3.2 2.8 -0.231527
3.2 3 -0.294689
3.2 3.2 -0.305041
3.2 3.4 -0.264308
3.2 3.6 -0.209132
3.2 3.8 -0.17861
3.2 4 -0.195811
3.2 4.2 -0.237261
3.2 4.4 -0.264818
3.2 4.6 -0.234673
3.2 4.8 -0.143894
3.2 5 -0.0232374
3.2 5.2 0.0796937
3.2 5.4 0.125963
3.2 5.6 0.11677
3.2 5.8 0.0821892
3.2 6 0.0638009
3.2 6.2 0.0677838
3.2 6.4 0.0915284
3.2 6.6 0.0985424
3.2 6.8 0.0807104
3.2 7 0.0374233
3.2 7.2 -0.00317281
3.2 7.4 -0.0216018
3.2 7.6 0.0356421
3.2 7.8 0
3.2 8 0
3.2 8.2 0
3.2 8.4 0

3.4 0 0
3.4 0.2 -0.0710977
3.4 0.4 -0.515849
3.4 0.6 -0.400344
3.4 0.8 -0.27358
3.4 1 -0.192449
3.4 1.2 -0.171005
3.4 1.4 -0.183973
3.4 1.6 -0.184254
3.4 1.8 -0.136854
3.4 2 -0.0611674
3.4 2.2 -0.000572188
3.4 2.4 -0.00131729
3.4 2.6 -0.071738
3.4 2.8 -0.175683
3.4 3 -0.253814
3.4 3.2 -0.269167
3.4 3.4 -0.215489
3.4 3.6 -0.139979
3.4 3.8 -0.0860754
3.4 4 -0.0891883
3.4 4.2 -0.132005
3.4 4.4 -0.171345
3.4 4.6 -0.166468
3.4 4.8 -0.106405
3.4 5 -0.0150825
3.4 5.2 0.0701893
3.4 5.4 0.108226
3.4 5.6 0.0967755
3.4 5.8 0.0646118
3.4 6 0.0449025
3.4 6.2 0.044759
3.4 6.4 0.0563525
3.4 6.6 0.0621644
3.4 6.8 0.0589444
3.4 7 0.0465722
3.4 7.2 0.0588786
3.4 7.4 0.122186
3.4 7.6 0.27924
3.4 7.8 0.03862
3.4 8 0
3.4 8.2 0
3.4 8.4 0

3.6 0 0
3.6 0.2 -0.0270909
3.6 0.4 -0.197407
3.6 0.6 -0.118429
3.6 0.8 -0.028147
3.6 1 0.0224524
3.6 1.2 0.0156952
3.6 1.4 -0.0185119
3.6 1.6 -0.031373
3.6 1.8 0.00918408
3.6 2 0.0823658
3.6 2.2 0.143081
3.6 2.4 0.138187
3.6 2.6 0.0707676
3.6 2.8 -0.0327084
3.6 3 -0.107536
3.6 3.2 -0.115707
3.6 3.4 -0.0579869
3.6 3.6 0.0241285
3.6 3.8 0.0771137
3.6 4 0.0680147
3.6 4.2 0.0115179
3.6 4.4 -0.0478639
3.6 4.6 -0.0745964
3.6 4.8 -0.0510156
3.6 5 0.0033484
3.6 5.2 0.051101
3.6 5.4 0.0711852
3.6 5.6 0.0522
3.6 5.8 0.0232857
3.6 6 0.00832175
3.6 6.2 0.0101071
3.6 6.4 0.0234215
3.6 6.6 0.0290708
3.6 6.8 0.0223845
3.6 7 0.0150898
3.6 7.2 0.0320339
3.6 7.4 0.0817913
3.6 7.6 0.162216
3.6 7.8 0.0224321
3.6 8 0
3.6 8.2 0
3.6 8.4 0

3.8 0 0
3.8 0.2 0.0204637
3.8 0.4 0.147428
3.8 0.6 0.181506
3.8 0.8 0.224372
3.8 1 0.227706
3.8 1.2 0.174244
3.8 1.4 0.0977454
3.8 1.6 0.0583038
3.8 1.8 0.0777971
3.8 2 0.143291
3.8 2.2 0.212055
3.8 2.4 0.225617
3.8 2.6 0.180315
3.8 2.8 0.103441
3.8 3 0.0493921
3.8 3.2 0.0479015
3.8 3.4 0.101333
3.8 3.6 0.164361
3.8 3.8 0.192133
3.8 4 0.166812
3.8 4.2 0.0984514
3.8 4.4 0.0242738
3.8 4.6 -0.0127989
3.8 4.8 -0.00863277
3.8 5 0.0203907
3.8 5.2 0.0403794
3.8 5.4 0.0395545
3.8 5.6 0.0148426
3.8 5.8 -0.010601
3.8 6 -0.0169618
3.8 6.2 -0.00309705
3.8 6.4 0.0135644
3.8 6.6 0.0138348
3.8 6.8 -0.00556883
3.8 7 -0.0351313
3.8 7.2 -0.0508907
3.8 7.4 -0.0399851
3.8 7.6 -0.0184596
3.8 7.8 -0.00241202
3.8 8 0
3.8 8.2 0
3.8 8.4 0

4 0 0
4 0.2 0.046908
4 0.4 0.340921
4 0.6 0.350558
4 0.8 0.36375
4 1 0.332799
4 1.2 0.243986
4 1.4 0.133676
4 1.6 0.0629804
4 1.8 0.0598973
4 2 0.113246
4 2.2 0.187579
4 2.4 0.221247
4 2.6 0.204206
4 2.8 0.157096
4 3 0.12058
4 3.2 0.120263
4 3.4 0.152364
4 3.6 0.187867
4 3.8 0.18701
4 4 0.142838
4 4.2 0.0730612
4 4.4 0.00998337
4 4.6 -0.0115421
4 4.8 0.000552095
4 5 0.0275364
4 5.2 0.0415006
4 5.4 0.0272682
4 5.6 0.00115842
4 5.8 -0.0155959
4 6 -0.0107369
4 6.2 0.0137715
4 6.4 0.036498
4 6.6 0.0294929
4 6.8 -0.00802028
4 7 -0.0626972
4 7.2 -0.117181
4 7.4 -0.147838
4 7.6 -0.172746
4 7.8 -0.0677859
4 8 0
4 8.2 0
4 8.4 0

4.2 0 0
4.2 0.2 0.0460061
4.2 0.4 0.332621
4.2 0.6 0.341035
4.2 0.8 0.355546
4.2 1 0.321385
4.2 1.2 0.233998
4.2 1.4 0.113444
4.2 1.6 0.0276233
4.2 1.8 0.00939554
4.2 2 0.0498259
4.2 2.2 0.113387
4.2 2.4 0.15058
4.2 2.6 0.149443
4.2 2.8 0.118791
4.2 3 0.0822887
4.2 3.2 0.0727485
4.2 3.4 0.080425
4.2 3.6 0.0819989
4.2 3.8 0.0581377
4.2 4 0.00602766
4.2 4.2 -0.0490938
4.2 4.4 -0.0792709
4.2 4.6 -0.0619257
4.2 4.8 -0.013758
4.2 5 0.0353446
4.2 5.2 0.0596512
4.2 5.4 0.0470019
4.2 5.6 0.0157884
4.2 5.8 -0.000716662
4.2 6 0.0101933
4.2 6.2 0.0466586
4.2 6.4 0.0715252
4.2 6.6 0.0663822
4.2 6.8 0.0204547
4.2 7 -0.0472715
4.2 7.2 -0.114468
4.2 7.4 -0.168996
4.2 7.6 -0.226331
4.2 7.8 -0.317319
4.2 8 -0.043881
4.2 8.2 0
4.2 8.4 0

4.4 0 0
4.4 0.2 0.0265422
4.4 0.4 0.192916
4.4 0.6 0.222131
4.4 0.8 0.261026
4.4 1 0.258362
4.4 1.2 0.194232
4.4 1.4 0.0956498
4.4 1.6 0.0169388
4.4 1.8 -0.00869284
4.4 2 0.0112716
4.4 2.2 0.0511597
4.4 2.4 0.0742299
4.4 2.6 0.0629116
4.4 2.8 0.0265384
4.4 3 -0.0138199
4.4 3.2 -0.0404517
4.4 3.4 -0.0596896
4.4 3.6 -0.0788719
4.4 3.8 -0.11433
4.4 4 -0.158803
4.4 4.2 -0.190922
4.4 4.4 -0.177753
4.4 4.6 -0.112019
4.4 4.8 -0.0255489
4.4 5 0.0476649
4.4 5.2 0.0786822
4.4 5.4 0.0642655
4.4 5.6 0.031307
4.4 5.8 0.00925026
4.4 6 0.018368
4.4 6.2 0.0532662
4.4 6.4 0.0808008
4.4 6.6 0.083297
4.4 6.8 0.0502168
4.4 7 -0.00111834
4.4 7.2 -0.0521923
4.4 7.4 -0.0894187
4.4 7.6 -0.122912
4.4 7.8 -0.160842
4.4 8 -0.0219681
4.4 8.2 0
4.4 8.4 0

4.6 0 0
4.6 0.2 0.00592745
4.6 0.4 0.0437633
4.6 0.6 0.0971163
4.6 0.8 0.171009
4.6 1 0.203178
4.6 1.2 0.180935
4.6 1.4 0.118469
4.6 1.6 0.0590886
4.6 1.8 0.0309908
4.6 2 0.0343181
4.6 2.2 0.044949
4.6 2.4 0.0378562
4.6 2.6 0.00261886
4.6 2.8 -0.0496354
4.6 3 -0.0999577
4.6 3.2 -0.13768
4.6 3.4 -0.166656
4.6 3.6 -0.191614
4.6 3.8 -0.222834
4.6 4 -0.253546
4.6 4.2 -0.260241
4.6 4.4 -0.215564
4.6 4.6 -0.122582
4.6 4.8 -0.0153346
4.6 5 0.0675064
4.6 5.2 0.0945738
4.6 5.4 0.0685106
4.6 5.6 0.0214337
4.6 5.8 -0.0159801
4.6 6 -0.0182758
4.6 6.2 0.0103301
4.6 6.4 0.0419469
4.6 6.6 0.0541228
4.6 6.8 0.045773
4.6 7 0.0293036
4.6 7.2 0.0200242
4.6 7.4 0.0268043
4.6 7.6 0.032833
4.6 7.8 0.0368987
4.6 8 0.00502911
4.6 8.2 0
4.6 8.4 0

4.8 0 0
4.8 0.2 -0.00415111
4.8 0.4 -0.0288986
4.8 0.6 0.0346859
4.8 0.8 0.120486
4.8 1 0.175257
4.8 1.2 0.183078
4.8 1.4 0.153073
4.8 1.6 0.115783
4.8 1.8 0.0925399
4.8 2 0.0862635
4.8 2.2 0.0770912
4.8 2.4 0.0471655
4.8 2.6 -0.00923406
4.8 2.8 -0.075437
4.8 3 -0.127035
4.8 3.2 -0.160977
4.8 3.4 -0.178242
4.8 3.6 -0.188866
4.8 3.8 -0.202227
4.8 4 -0.211704
4.8 4.2 -0.203283
4.8 4.4 -0.155463
4.8 4.6 -0.0689481
4.8 4.8 0.0223404
4.8 5 0.0806099
4.8 5.2 0.0883711
4.8 5.4 0.0455159
4.8 5.6 -0.0189024
4.8 5.8 -0.0688825
4.8 6 -0.082308
4.8 6.2 -0.0641201
4.8 6.4 -0.0387519
4.8 6.6 -0.0175366
4.8 6.8 0.000357496
4.8 7 0.0157026
4.8 7.2 0.0495296
4.8 7.4 0.098825
4.8 7.6 0.139696
4.8 7.8 0.170167
4.8 8 0.0234496
4.8 8.2 0
4.8 8.4 0

5 0 0
5 0.2 -0.00385535
5 0.4 -0.0267045
5 0.6 0.0278937
5 0.8 0.0988082
5 1 0.148303
5 1.2 0.159574
5 1.4 0.143239
5 1.6 0.120246
5 1.8 0.110453
5 2 0.10838
5 2.2 0.0972029
5 2.4 0.0617559
5 2.6 0.00662563
5 2.8 -0.0530803
5 3 -0.0936394
5 3.2 -0.107942
5 3.4 -0.0979834
5 3.6 -0.0807446
5 3.8 -0.0681786
5 4 -0.0624505
5 4.2 -0.0551915
5 4.4 -0.0286279
5 4.6 0.0152754
5 4.8 0.0619772
5 5 0.0824885
5 5.2 0.0624607
5 5.4 0.00705864
5 5.6 -0.0656818
5 5.8 -0.119464
5 6 -0.142956
5 6.2 -0.138617
5 6.4 -0.116947
5 6.6 -0.0984786
5 6.8 -0.069186
5 7 -0.029591
5 7.2 0.0273118
5 7.4 0.0918458
5 7.6 0.141502
5 7.8 0.167104
5 8 0.0131557
5 8.2 0
5 8.4 0

5.2 0 0
5.2 0.2 -0.00103078
5.2 0.4 -0.0072315
5.2 0.6 0.0256619
5.2 0.8 0.0629981
5.2 1 0.0836095
5.2 1.2 0.0767958
5.2 1.4 0.0581669
5.2 1.6 0.0428966
5.2 1.8 0.0457528
5.2 2 0.0600997
5.2 2.2 0.0661315
5.2 2.4 0.0497367
5.2 2.6 0.011263
5.2 2.8 -0.0270645
5.2 3 -0.0428539
5.2 3.2 -0.0269404
5.2 3.4 0.0130798
5.2 3.6 0.0585222
5.2 3.8 0.0941688
5.2 4 0.105994
5.2 4.2 0.101685
5.2 4.4 0.0918434
5.2 4.6 0.0883939
5.2 4.8 0.0771548
5.2 5 0.0571981
5.2 5.2 0.0224712
5.2 5.4 -0.0304402
5.2 5.6 -0.0887024
5.2 5.8 -0.127723
5.2 6 -0.146873
5.2 6.2 -0.151323
5.2 6.4 -0.143398
5.2 6.6 -0.136816
5.2 6.8 -0.115441
5.2 7 -0.0771016
5.2 7.2 -0.0222644
5.2 7.4 0.032689
5.2 7.6 0.0580501
5.2 7.8 0.0312783
5.2 8 -0.0735961
5.2 8.2 -0.0101096
5.2 8.4 0

5.4 0 0
5.4 0.2 -0.00266387
5.4 0.4 -0.0209119
5.4 0.6 -0.0107424
5.4 0.8 -0.00528633
5.4 1 -0.0164777
5.4 1.2 -0.0471944
5.4 1.4 -0.0763662
5.4 1.6 -0.0873331
5.4 1.8 -0.0767209
5.4 2 -0.0423156
5.4 2.2 -0.00902009
5.4 2.4 0.00395968
5.4 2.6 -0.00638177
5.4 2.8 -0.0199522
5.4 3 -0.015402
5.4 3.2 0.0186888
5.4 3.4 0.0726549
5.4 3.6 0.132355
5.4 3.8 0.182235
5.4 4 0.198955
5.4 4.2 0.183406
5.4 4.4 0.1476
5.4 4.6 0.105769
5.4 4.8 0.0632083
5.4 5 0.0244442
5.4 5.2 -0.00628498
5.4 5.4 -0.0346045
5.4 5.6 -0.0570126
5.4 5.8 -0.0697467
5.4 6 -0.0769021
5.4 6.2 -0.0875508
5.4 6.4 -0.097441
5.4 6.6 -0.106489
5.4 6.8 -0.103529
5.4 7 -0.0834221
5.4 7.2 -0.0466397
5.4 7.4 -0.0190323
5.4 7.6 -0.0175778
5.4 7.8 -0.0550154
5.4 8 -0.115498
5.4 8.2 -0.0158966
5.4 8.4 0

5.6 0 0
5.6 0.2 -0.0105963
5.6 0.4 -0.0777329
5.6 0.6 -0.0701005
5.6 0.8 -0.0739362
5.6 1 -0.0993336
5.6 1.2 -0.141443
5.6 1.4 -0.182591
5.6 1.6 -0.194958
5.6 1.8 -0.174743
5.6 2 -0.127644
5.6 2.2 -0.0750371
5.6 2.4 -0.0411024
5.6 2.6 -0.0313574
5.6 2.8 -0.0339563
5.6 3 -0.0278322
5.6 3.2 -0.00252983
5.6 3.4 0.0483849
5.6 3.6 0.103143
5.6 3.8 0.152144
5.6 4 0.172065
5.6 4.2 0.156261
5.6 4.4 0.120679
5.6 4.6 0.0728775
5.6 4.8 0.0280547
5.6 5 0.00345414
5.6 5.2 -0.00108986
5.6 5.4 0.00511135
5.6 5.6 0.0229329
5.6 5.8 0.0378358
5.6 6 0.0441799
5.6 6.2 0.0297484
5.6 6.4 0.006524
5.6 6.6 -0.0239401
5.6 6.8 -0.0410037
5.6 7 -0.0403964
5.6 7.2 -0.0250885
5.6 7.4 -0.018083
5.6 7.6 -0.036426
5.6 7.8 -0.0796966
5.6 8 -0.126071
5.6 8.2 -0.0173273
5.6 8.4 0

5.8 0 0
5.8 0.2 -0.0191957
5.8 0.4 -0.140019
5.8 0.6 -0.117955
5.8 0.8 -0.10555
5.8 1 -0.116147
5.8 1.2 -0.147583
5.8 1.4 -0.185367
5.8 1.6 -0.203081
5.8 1.8 -0.185534
5.8 2 -0.138055
5.8 2.2 -0.0830708
5.8 2.4 -0.04276
5.8 2.6 -0.0283246
5.8 2.8 -0.0389045
5.8 3 -0.0564064
5.8 3.2 -0.061942
5.8 3.4 -0.0421095
5.8 3.6 -0.00673532
5.8 3.8 0.029909
5.8 4 0.0530865
5.8 4.2 0.0574757
5.8 4.4 0.0438785
5.8 4.6 0.0196954
5.8 4.8 0.00522151
5.8 5 0.0114798
5.8 5.2 0.0382233
5.8 5.4 0.0769378
5.8 5.6 0.1165
5.8 5.8 0.147657
5.8 6 0.155551
5.8 6.2 0.132933
5.8 6.4 0.0946297
5.8 6.6 0.0553067
5.8 6.8 0.0322434
5.8 7 0.0271324
5.8 7.2 0.0362107
5.8 7.4 0.031942
5.8 7.6 0.00313074
5.8 7.8 -0.0422021
5.8 8 -0.0814063
5.8 8.2 -0.0112326
5.8 8.4 0

6 0 0
6 0.2 -0.0244312
6 0.4 -0.177435
6 0.6 -0.130055
6 0.8 -0.0760191
6 1 -0.0414525
6 1.2 -0.0461881
6 1.4 -0.0718493
6 1.6 -0.0976362
6 1.8 -0.0990857
6 2 -0.0711516
6 2.2 -0.0255657
6 2.4 0.00531083
6 2.6 0.00752804
6 2.8 -0.0223359
6 3 -0.0672159
6 3.2 -0.110771
6 3.4 -0.130906
6 3.6 -0.124341
6 3.8 -0.102461
6 4 -0.0749284
6 4.2 -0.0463539
6 4.4 -0.022139
6 4.6 -0.00762945
6 4.8 0.0138074
6 5 0.0508474
6 5.2 0.0994981
6 5.4 0.147082
6 5.6 0.185061
6 5.8 0.202938
6 6 0.193699
6 6.2 0.159594
6 6.4 0.113422
6 6.6 0.0771885
6 6.8 0.0647147
6 7 0.0726363
6 7.2 0.0922181
6 7.4 0.0966345
6 7.6 0.0656402
6 7.8 0.0217291
6 8 -0.0133627
6 8.2 -0.0019944
6 8.4 0

6.2 0 0
6.2 0.2 -0.025598
6.2 0.4 -0.185459
6.2 0.6 -0.110188
6.2 0.8 -0.00972348
6.2 1 0.0730588
6.2 1.2 0.1083
6.2 1.4 0.0926518
6.2 1.6 0.0534054
6.2 1.8 0.0254109
6.2 2 0.0230939
6.2 2.2 0.0448935
6.2 2.4 0.0607355
6.2 2.6 0.0560146
6.2 2.8 0.0154262
6.2 3 -0.0480409
6.2 3.2 -0.114753
6.2 3.4 -0.161992
6.2 3.6 -0.183151
6.2 3.8 -0.171971
6.2 4 -0.13937
6.2 4.2 -0.0901416
6.2 4.4 -0.0354802
6.2 4.6 0.0117054
6.2 4.8 0.0608349
6.2 5 0.105894
6.2 5.2 0.152183
6.2 5.4 0.18161
6.2 5.6 0.1876
6.2 5.8 0.17253
6.2 6 0.135623
6.2 6.2 0.0862452
6.2 6.4 0.0398013
6.2 6.6 0.0204913
6.2 6.8 0.0345409
6.2 7 0.0731277
6.2 7.2 0.113718
6.2 7.4 0.128059
6.2 7.6 0.100072
6.2 7.8 0.0558637
6.2 8 0.0229385
6.2 8.2 0.00315891
6.2 8.4 0

6.4 0 0
6.4 0.2 -0.0256214
6.4 0.4 -0.184911
6.4 0.6 -0.0899326
6.4 0.8 0.0422002
6.4 1 0.156296
6.4 1.2 0.213916
6.4 1.4 0.203404
6.4 1.6 0.147831
6.4 1.8 0.0922728
6.4 2 0.0616347
6.4 2.2 0.0595921
6.4 2.4 0.0691042
6.4 2.6 0.0663797
6.4 2.8 0.0414779
6.4 3 -0.0106469
6.4 3.2 -0.0728627
6.4 3.4 -0.121199
6.4 3.6 -0.146186
6.4 3.8 -0.146291
6.4 4 -0.109426
6.4 4.2 -0.0551074
6.4 4.4 0.00988582
6.4 4.6 0.0674293
6.4 4.8 0.116683
6.4 5 0.155656
6.4 5.2 0.176907
6.4 5.4 0.171494
6.4 5.6 0.138445
6.4 5.8 0.0846496
6.4 6 0.0172352
6.4 6.2 -0.0438047
6.4 6.4 -0.0825164
6.4 6.6 -0.080429
6.4 6.8 -0.0400552
6.4 7 0.0254748
6.4 7.2 0.0861886
6.4 7.4 0.108241
6.4 7.6 0.0846495
6.4 7.8 0.0363524
6.4 8 -0.00328381
6.4 8.2 -0.000421053
6.4 8.4 0

6.6 0 0
6.6 0.2 -0.0262522
6.6 0.4 -0.189736
6.6 0.6 -0.0945611
6.6 0.8 0.0386926
6.6 1 0.154358
6.6 1.2 0.211106
6.6 1.4 0.194732
6.6 1.6 0.12864
6.6 1.8 0.0545779
6.6 2 0.00442125
6.6 2.2 -0.00896725
6.6 2.4 0.00464161
6.6 2.6 0.0192111
6.6 2.8 0.0249388
6.6 3 0.011438
6.6 3.2 -0.0143634
6.6 3.4 -0.0431328
6.6 3.6 -0.0566825
6.6 3.8 -0.0539278
6.6 4 -0.0250419
6.6 4.2 0.0236667
6.6 4.4 0.0764187
6.6 4.6 0.124249
6.6 4.8 0.156923
6.6 5 0.171103
6.6 5.2 0.168291
6.6 5.4 0.136223
6.6 5.6 0.0741023
6.6 5.8 -0.00872523
6.6 6 -0.0941108
6.6 6.2 -0.158789
6.6 6.4 -0.185295
6.6 6.6 -0.166352
6.6 6.8 -0.106618
6.6 7 -0.030713
6.6 7.2 0.0366105
6.6 7.4 0.0539207
6.6 7.6 0.0232001
6.6 7.8 -0.0352891
6.6 8 -0.0834971
6.6 8.2 -0.0115569
6.6 8.4 0

6.8 0 0
6.8 0.2 -0.0247652
6.8 0.4 -0.180419
6.8 0.6 -0.109467
6.8 0.8 -0.0109311
6.8 1 0.0739278
6.8 1.2 0.107541
6.8 1.4 0.0793275
6.8 1.6 0.0131997
6.8 1.8 -0.0606412
6.8 2 -0.111693
6.8 2.2 -0.124789
6.8 2.4 -0.103368
6.8 2.6 -0.0668645
6.8 2.8 -0.0299845
6.8 3 -0.00207764
6.8 3.2 0.0163572
6.8 3.4 0.0216446
6.8 3.6 0.0279534
6.8 3.8 0.0378251
6.8 4 0.0523238
6.8 4.2 0.0792231
6.8 4.4 0.109076
6.8 4.6 0.136248
6.8 4.8 0.154578
6.8 5 0.155662
6.8 5.2 0.14356
6.8 5.4 0.103102
6.8 5.6 0.0372676
6.8 5.8 -0.0468004
6.8 6 -0.128598
6.8 6.2 -0.186635
6.8 6.4 -0.211427
6.8 6.6 -0.19031
6.8 6.8 -0.129181
6.8 7 -0.0581866
6.8 7.2 -0.00367869
6.8 7.4 0.00457063
6.8 7.6 -0.0402949
6.8 7.8 -0.109475
6.8 8 -0.164354
6.8 8.2 -0.0223497
6.8 8.4 0

7 0 0
7 0.2 -0.0167161
7 0.4 -0.120801
7 0.6 -0.0907918
7 0.8 -0.0544161
7 1 -0.02704
7 1.2 -0.0272817
7 1.4 -0.0608502
7 1.6 -0.109664
7 1.8 -0.16171
7 2 -0.193045
7 2.2 -0.199236
7 2.4 -0.179941
7 2.6 -0.143091
7 2.8 -0.100993
7 3 -0.0512535
7 3.2 -0.00465612
7 3.4 0.0262985
7 3.6 0.0490291
7 3.8 0.0698714
7 4 0.0759109
7 4.2 0.0811004
7 4.4 0.0899608
7 4.6 0.0968899
7 4.8 0.108753
7 5 0.117293
7 5.2 0.124239
7 5.4 0.105936
7 5.6 0.0620451
7 5.8 -0.000131294
7 6 -0.0677143
7 6.2 -0.115781
7 6.4 -0.142251
7 6.6 -0.1335
7 6.8 -0.0934823
7 7 -0.0452857
7 7.2 -0.0119995
7 7.4 -0.0166451
7 7.6 -0.0648912
7 7.8 -0.133226
7 8 -0.191171
7 8.2 -0.0261748
7 8.4 0

7.2 0 0
7.2 0.2 0.000721131
7.2 0.4 0.00413944
7.2 0.6 -0.0189426
7.2 0.8 -0.0513522
7.2 1 -0.0831754
7.2 1.2 -0.111327
7.2 1.4 -0.13771
7.2 1.6 -0.155941
7.2 1.8 -0.166307
7.2 2 -0.168171
7.2 2.2 -0.166403
7.2 2.4 -0.165514
7.2 2.6 -0.158918
7.2 2.8 -0.139403
7.2 3 -0.107611
7.2 3.2 -0.0641321
7.2 3.4 -0.0192223
7.2 3.6 0.0133846
7.2 3.8 0.0331659
7.2 4 0.0388256
7.2 4.2 0.0351995
7.2 4.4 0.0341019
7.2 4.6 0.0368254
7.2 4.8 0.0544607
7.2 5 0.0855559
7.2 5.2 0.121828
7.2 5.4 0.141764
7.2 5.6 0.136715
7.2 5.8 0.107681
7.2 6 0.05954
7.2 6.2 0.0135725
7.2 6.4 -0.0228341
7.2 6.6 -0.0407433
7.2 6.8 -0.0369128
7.2 7 -0.0186981
7.2 7.2 -0.00083997
7.2 7.4 -0.00891037
7.2 7.6 -0.0438688
7.2 7.8 -0.0951544
7.2 8 -0.142281
7.2 8.2 -0.0197801
7.2 8.4 0

7.4 0 0
7.4 0.2 0.0211841
7.4 0.4 0.154598
7.4 0.6 0.0910626
7.4 0.8 0.0057522
7.4 1 -0.0695126
7.4 1.2 -0.113091
7.4 1.4 -0.117276
7.4 1.6 -0.0895418
7.4 1.8 -0.0525237
7.4 2 -0.0244787
7.4 2.2 -0.0246176
7.4 2.4 -0.052359
7.4 2.6 -0.102609
7.4 2.8 -0.135083
7.4 3 -0.143828
7.4 3.2 -0.123258
7.4 3.4 -0.0847877
7.4 3.6 -0.0456645
7.4 3.8 -0.0201362
7.4 4 -0.0123951
7.4 4.2 -0.0151854
7.4 4.4 -0.0198518
7.4 4.6 -0.00755089
7.4 4.8 0.0227699
7.4 5 0.0769438
7.4 5.2 0.140306
7.4 5.4 0.194105
7.4 5.6 0.217383
7.4 5.8 0.210907
7.4 6 0.176152
7.4 6.2 0.12622
7.4 6.4 0.0680731
7.4 6.6 0.0234417
7.4 6.8 -0.00410034
7.4 7 -0.0100173
7.4 7.2 0.0013812
7.4 7.4 0.00485956
7.4 7.6 -0.00251949
7.4 7.8 -0.0243046
7.4 8 -0.0414399
7.4 8.2 -0.00538264
7.4 8.4 0

7.6 0 0
7.6 0.2 0.0352809
7.6 0.4 0.254577
7.6 0.6 0.167476
7.6 0.8 0.0605074
7.6 1 -0.0254474
7.6 1.2 -0.0599095
7.6 1.4 -0.0327135
7.6 1.6 0.0353801
7.6 1.8 0.11351
7.6 2 0.162038
7.6 2.2 0.153244
7.6 2.4 0.0920007
7.6 2.6 -0.00408469
7.6 2.8 -0.0952971
7.6 3 -0.143345
7.6 3.2 -0.148227
7.6 3.4 -0.123304
7.6 3.6 -0.0854463
7.6 3.8 -0.0541163
7.6 4 -0.0361554
7.6 4.2 -0.0303701
7.6 4.4 -0.0272019
7.6 4.6 -0.00751478
7.6 4.8 0.0295215
7.6 5 0.0918538
7.6 5.2 0.158481
7.6 5.4 0.219445
7.6 5.6 0.251467
7.6 5.8 0.250246
7.6 6 0.217824
7.6 6.2 0.160462
7.6 6.4 0.0859344
7.6 6.6 0.0219244
7.6 6.8 -0.0219846
7.6 7 -0.0392106
7.6 7.2 -0.0245099
7.6 7.4 0.00491137
7.6 7.6 0.0283695
7.6 7.8 0.0435897
7.6 8 0.0497914
7.6 8.2 0.00659997
7.6 8.4 0

7.8 0 0
7.8 0.2 0.0323941
7.8 0.4 0.236041
7.8 0.6 0.159889
7.8 0.8 0.0633984
7.8 1 -0.00544309
7.8 1.2 -0.0185423
7.8 1.4 0.0334192
7.8 1.6 0.124934
7.8 1.8 0.221636
7.8 2 0.276841
7.8 2.2 0.263029
7.8 2.4 0.181256
7.8 2.6 0.0626242
7.8 2.8 -0.0497701
7.8 3 -0.117344
7.8 3.2 -0.133034
7.8 3.4 -0.114778
7.8 3.6 -0.0764945
7.8 3.8 -0.0372845
7.8 4 -0.0135876
7.8 4.2 0.000253735
7.8 4.4 0.00840882
7.8 4.6 0.026982
7.8 4.8 0.0594414
7.8 5 0.10504
7.8 5.2 0.159261
7.8 5.4 0.200019
7.8 5.6 0.21707
7.8 5.8 0.203887
7.8 6 0.165113
7.8 6.2 0.108206
7.8 6.4 0.0355297
7.8 6.6 -0.0287564
7.8 6.8 -0.0736446
7.8 7 -0.0882276
7.8 7.2 -0.0694742
7.8 7.4 -0.0277197
7.8 7.6 0.0189464
7.8 7.8 0.055855
7.8 8 0.080451
7.8 8.2 0.0111703
7.8 8.4 0

8 0 0
8 0.2 0.0150381
8 0.4 0.10768
8 0.6 0.057914
8 0.8 -0.00240515
8 1 -0.0367579
8 1.2 -0.0283126
8 1.4 0.0297833
8 1.6 0.117069
8 1.8 0.199757
8 2 0.247483
8 2.2 0.232124
8 2.4 0.160175
8 2.6 0.0571361
8 2.8 -0.0347538
8 3 -0.0895911
8 3.2 -0.0934708
8 3.4 -0.0653876
8 3.6 -0.0232544
8 3.8 0.0142288
8 4 0.0342974
8 4.2 0.0448163
8 4.4 0.0536203
8 4.6 0.0615104
8 4.8 0.0779893
8 5 0.100911
8 5.2 0.124052
8 5.4 0.13356
8 5.6 0.125913
8 5.8 0.0992199
8 6 0.0600101
8 6.2 0.0139476
8 6.4 -0.034398
8 6.6 -0.0793584
8 6.8 -0.111244
8 7 -0.123478
8 7.2 -0.107597
8 7.4 -0.0697332
8 7.6 -0.0262368
8 7.8 0.00963981
8 8 0.029771
8 8.2 0.00406151
8 8.4 0

8.2 0 0
8.2 0.2 -0.00741874
8.2 0.4 -0.0537716
8.2 0.6 -0.0630365
8.2 0.8 -0.0764157
8.2 1 -0.0799574
8.2 1.2 -0.0629572
8.2 1.4 -0.026146
8.2 1.6 0.025294
8.2 1.8 0.0674619
8.2 2 0.0897556
8.2 2.2 0.0816596
8.2 2.4 0.0423616
8.2 2.6 -0.0103914
8.2 2.8 -0.0529034
8.2 3 -0.0661903
8.2 3.2 -0.0451958
8.2 3.4 -0.00549134
8.2 3.6 0.0328886
8.2 3.8 0.0605423
8.2 4 0.068734
8.2 4.2 0.0686324
8.2 4.4 0.0654749
8.2 4.6 0.0615723
8.2 4.8 0.066318
8.2 5 0.0701838
8.2 5.2 0.0671091
8.2 5.4 0.0519524
8.2 5.6 0.0242135
8.2 5.8 -0.00576045
8.2 6 -0.0312243
8.2 6.2 -0.048196
8.2 6.4 -0.062591
8.2 6.6 -0.0745365
8.2 6.8 -0.0879588
8.2 7 -0.100862
8.2 7.2 -0.102634
8.2 7.4 -0.0971675
8.2 7.6 -0.0871209
8.2 7.8 -0.0789144
8.2 8 -0.0808015
8.2 8.2 -0.0112868
8.2 8.4 0

8.4 0 0
8.4 0.2 -0.0197367
8.4 0.4 -0.144474
8.4 0.6 -0.119772
8.4 0.8 -0.0906591
8.4 1 -0.0692124
8.4 1.2 -0.0635204
8.4 1.4 -0.0700974
8.4 1.6 -0.0802775
8.4 1.8 -0.0903073
8.4 2 -0.0973692
8.4 2.2 -0.0944649
8.4 2.4 -0.0922608
8.4 2.6 -0.0876555
8.4 2.8 -0.0766173
8.4 3 -0.0439116
8.4 3.2 -0.00750418
8.4 3.4 0.0311702
8.4 3.6 0.053048
8.4 3.8 0.0614886
8.4 4 0.0528265
8.4 4.2 0.0386633
8.4 4.4 0.0278044
8.4 4.6 0.0210499
8.4 4.8 0.0215215
8.4 5 0.0204628
8.4 5.2 0.0100322
8.4 5.4 -0.012781
8.4 5.6 -0.0427574
8.4 5.8 -0.0623252
8.4 6 -0.0633938
8.4 6.2 -0.0473835
8.4 6.4 -0.0212232
8.4 6.6 -0.00371765
8.4 6.8 0.000430787
8.4 7 -0.0202267
8.4 7.2 -0.0550738
8.4 7.4 -0.0906758
8.4 7.6 -0.127531
8.4 7.8 -0.165617
8.4 8 -0.195074
8.4 8.2 -0.0268543
8.4 8.4 0

8.6 0 0
8.6 0.2 -0.0161602
8.6 0.4 -0.117436
8.6 0.6 -0.0700206
8.6 0.8 -0.0125736
8.6 1 0.0230831
8.6 1.2 0.0109326
8.6 1.4 -0.0403615
8.6 1.6 -0.112003
8.6 1.8 -0.173156
8.6 2 -0.201871
8.6 2.2 -0.190463
8.6 2.4 -0.158577
8.6 2.6 -0.111563
8.6 2.8 -0.0682931
8.6 3 -0.0262645
8.6 3.2 0.00765893
8.6 3.4 0.0243831
8.6 3.6 0.0189295
8.6 3.8 0.00166963
8.6 4 -0.0216662
8.6 4.2 -0.0403294
8.6 4.4 -0.047607
8.6 4.6 -0.0460683
8.6 4.8 -0.0354212
8.6 5 -0.0254472
8.6 5.2 -0.0197292
8.6 5.4 -0.0319502
8.6 5.6 -0.0487212
8.6 5.8 -0.0553612
8.6 6 -0.0352146
8.6 6.2 0.0076062
8.6 6.4 0.0601493
8.6 6.6 0.0997295
8.6 6.8 0.1081
8.6 7 0.0766747
8.6 7.2 0.0145408
8.6 7.4 -0.0584792
8.6 7.6 -0.135442
8.6 7.8 -0.204841
8.6 8 -0.255758
8.6 8.2 -0.035321
8.6 8.4 0

8.8 0 0
8.8 0.2 -0.00314061
8.8 0.4 -0.0239349
8.8 0.6 0.0366681
8.8 0.8 0.116276
8.8 1 0.160957
8.8 1.2 0.136871
8.8 1.4 0.0603007
8.8 1.6 -0.0466712
8.8 1.8 -0.136907
8.8 2 -0.174375
8.8 2.2 -0.154102
8.8 2.4 -0.108937
8.8 2.6 -0.0623102
8.8 2.8 -0.0266929
8.8 3 -0.0135604
8.8 3.2 -0.0148651
8.8 3.4 -0.0356693
8.8 3.6 -0.063798
8.8 3.8 -0.0943314
8.8 4 -0.120593
8.8 4.2 -0.130486
8.8 4.4 -0.122714
8.8 4.6 -0.101865
8.8 4.8 -0.0725139
8.8 5 -0.0388724
8.8 5.2 -0.0120427
8.8 5.4 -0.00514389
8.8 5.6 -0.00889127
8.8 5.8 -0.00357916
8.8 6 0.0253398
8.8 6.2 0.073045
8.8 6.4 0.128958
8.8 6.6 0.168402
8.8 6.8 0.178998
8.8 7 0.140825
8.8 7.2 0.0698927
8.8 7.4 -0.0156913
8.8 7.6 -0.105384
8.8 7.8 -0.181729
8.8 8 -0.234869
8.8 8.2 -0.0322627
8.8 8.4 0

9 0 0
9 0.2 0.00445344
9 0.4 0.0336388
9 0.6 0.106345
9 0.8 0.198524
9 1 0.256114
9 1.2 0.23699
9 1.4 0.157715
9 1.6 0.0496807
9 1.8 -0.0325818
9 2 -0.0596426
9 2.2 -0.0344575
9 2.4 0.00616698
9 2.6 0.0268892
9 2.8 0.0145521
9 3 -0.0238815
9 3.2 -0.0735912
9 3.4 -0.123443
9 3.6 -0.16289
9 3.8 -0.185894
9 4 -0.193454
9 4.2 -0.185698
9 4.4 -0.158407
9 4.6 -0.122704
9 4.8 -0.0738278
9 5 -0.0171229
9 5.2 0.0295319
9 5.4 0.0525214
9 5.6 0.0532758
9 5.8 0.0496723
9 6 0.0601938
9 6.2 0.0889703
9 6.4 0.129501
9 6.6 0.160858
9 6.8 0.170746
9 7 0.137648
9 7.2 0.0798794
9 7.4 0.0146813
9 7.6 -0.0495667
9 7.8 -0.101088
9 8 -0.139755
9 8.2 -0.0193798
9 8.4 0

9.2 0 0
9.2 0.2 -0.00282881
9.2 0.4 -0.019866
9.2 0.6 0.0620738
9.2 0.8 0.162911
9.2 1 0.230783
9.2 1.2 0.227575
9.2 1.4 0.16682
9.2 1.6 0.0911441
9.2 1.8 0.0431
9.2 2 0.0454322
9.2 2.2 0.0794149
9.2 2.4 0.101752
9.2 2.6 0.0807825
9.2 2.8 0.0141262
9.2 3 -0.0787683
9.2 3.2 -0.161596
9.2 3.4 -0.218702
9.2 3.6 -0.239675
9.2 3.8 -0.230561
9.2 4 -0.204274
9.2 4.2 -0.173235
9.2 4.4 -0.135205
9.2 4.6 -0.0921149
9.2 4.8 -0.039799
9.2 5 0.0219441
9.2 5.2 0.0748164
9.2 5.4 0.103387
9.2 5.6 0.0993391
9.2 5.8 0.0768667
9.2 6 0.0521916
9.2 6.2 0.0507416
9.2 6.4 0.0614268
9.2 6.6 0.0775062
9.2 6.8 0.0848385
9.2 7 0.0723875
9.2 7.2 0.0476778
9.2 7.4 0.0280343
9.2 7.6 0.0106097
9.2 7.8 0.00125069
9.2 8 -0.00742546
9.2 8.2 -0.00104164
9.2 8.4 0

9.4 0 0
9.4 0.2 -0.0227625
9.4 0.4 -0.164031
9.4 0.6 -0.0755097
9.4 0.8 0.0263859
9.4 1 0.0916534
9.4 1.2 0.0979962
9.4 1.4 0.061423
9.4 1.6 0.021133
9.4 1.8 0.0185883
9.4 2 0.0607618
9.4 2.2 0.109055
9.4 2.4 0.116958
9.4 2.6 0.0581253
9.4 2.8 -0.0497533
9.4 3 -0.171894
9.4 3.2 -0.258812
9.4 3.4 -0.285697
9.4 3.6 -0.259292
9.4 3.8 -0.198846
9.4 4 -0.138352
9.4 4.2 -0.0923515
9.4 4.4 -0.0665592
9.4 4.6 -0.0443579
9.4 4.8 -0.00488518
9.4 5 0.0477515
9.4 5.2 0.100194
9.4 5.4 0.127092
9.4 5.6 0.111686
9.4 5.8 0.0664864
9.4 6 0.0172512
9.4 6.2 -0.0138353
9.4 6.4 -0.0291649
9.4 6.6 -0.0250211
9.4 6.8 -0.0158167
9.4 7 -0.00700994
9.4 7.2 0.00520981
9.4 7.4 0.0282143
9.4 7.6 0.0535212
9.4 7.8 0.0837835
9.4 8 0.106388
9.4 8.2 0.0147333
9.4 8.4 0

9.6 0 0
9.6 0.2 -0.0387362
9.6 0.4 -0.280361
9.6 0.6 -0.200134
9.6 0.8 -0.120807
9.6 1 -0.0752169
9.6 1.2 -0.0796054
9.6 1.4 -0.109813
9.6 1.6 -0.122535
9.6 1.8 -0.0898129
9.6 2 -0.0152749
9.6 2.2 0.0517945
9.6 2.4 0.0556988
9.6 2.6 -0.0237869
9.6 2.8 -0.149882
9.6 3 -0.271998
9.6 3.2 -0.331388
9.6 3.4 -0.303649
9.6 3.6 -0.211428
9.6 3.8 -0.10239
9.6 4 -0.0205578
9.6 4.2 0.0155986
9.6 4.4 0.00958802
9.6 4.6 -0.00681677
9.6 4.8 -0.0021618
9.6 5 0.0330874
9.6 5.2 0.0821278
9.6 5.4 0.113742
9.6 5.6 0.100746
9.6 5.8 0.0547649
9.6 6 -0.00386175
9.6 6.2 -0.0517596
9.6 6.4 -0.078081
9.6 6.6 -0.0822537
9.6 6.8 -0.0683532
9.6 7 -0.0482475
9.6 7.2 -0.0172736
9.6 7.4 0.0250712
9.6 7.6 0.0751251
9.6 7.8 0.122509
9.6 8 0.159146
9.6 8.2 0.0219094
9.6 8.4 0

9.8 0 0
9.8 0.2 -0.0347278
9.8 0.4 -0.250025
9.8 0.6 -0.195232
9.8 0.8 -0.152744
9.8 1 -0.148319
9.8 1.2 -0.189013
9.8 1.4 -0.239707
9.8 1.6 -0.253005
9.8 1.8 -0.202489
9.8 2 -0.109514
9.8 2.2 -0.0313698
9.8 2.4 -0.022122
9.8 2.6 -0.101877
9.8 2.8 -0.225676
9.8 3 -0.330704
9.8 3.2 -0.346443
9.8 3.4 -0.26371
9.8 3.6 -0.119896
9.8 3.8 0.0206362
9.8 4 0.0999827
9.8 4.2 0.10419
9.8 4.4 0.0471082
9.8 4.6 -0.0173162
9.8 4.8 -0.0444731
9.8 5 -0.0169743
9.8 5.2 0.0431057
9.8 5.4 0.0878482
9.8 5.6 0.0911199
9.8 5.8 0.058095
9.8 6 0.00438628
9.8 6.2 -0.036799
9.8 6.4 -0.0562794
9.8 6.6 -0.0579681
9.8 6.8 -0.0452244
9.8 7 -0.0244873
9.8 7.2 -0.0016496
9.8 7.4 0.0299648
9.8 7.6 0.0707889
9.8 7.8 0.11234
9.8 8 0.146456
9.8 8.2 0.0200316
9.8 8.4 0

10 0 0
10 0.2 -0.0069973
10 0.4 -0.0532488
10 0.6 -0.0350563
10 0.8 -0.0296124
10 1 -0.072217
10 1.2 -0.150401
10 1.4 -0.23509
10 1.6 -0.274796
10 1.8 -0.232082
10 2 -0.14393
10 2.2 -0.0590934
10 2.4 -0.0441015
10 2.6 -0.116993
10 2.8 -0.233351
10 3 -0.312584
10 3.2 -0.296615
10 3.4 -0.183351
10 3.6 -0.0201675
10 3.8 0.116945
10 4 0.170022
10 4.2 0.128368
10 4.4 0.0275651
10 4.6 -0.0694992
10 4.8 -0.110825
10 5 -0.0797915
10 5.2 -0.0058616
10 5.4 0.06517
10 5.6 0.0961421
10 5.8 0.0839147
10 6 0.0517303
10 6.2 0.028464
10 6.4 0.0204674
10 6.6 0.0220593
10 6.8 0.0307396
10 7 0.0366421
10 7.2 0.0345016
10 7.4 0.0360779
10 7.6 0.0467935
10 7.8 0.0676332
10 8 0.0863797
10 8.2 0.0119164
10 8.4 0

10.2 0 0
10.2 0.2 0.0281332
10.2 0.4 0.204377
10.2 0.6 0.198725
10.2 0.8 0.179876
10.2 1 0.115535
10.2 1.2 0.00833014
10.2 1.4 -0.102204
10.2 1.6 -0.164295
10.2 1.8 -0.148907
10.2 2 -0.0725497
10.2 2.2 0.00105819
10.2 2.4 0.0156887
10.2 2.6 -0.0488944
10.2 2.8 -0.153347
10.2 3 -0.224539
10.2 3.2 -0.205557
10.2 3.4 -0.0977507
10.2 3.6 0.0442743
10.2 3.8 0.145716
10.2 4 0.160416
10.2 4.2 0.0847915
10.2 4.4 -0.0429517
10.2 4.6 -0.146704
10.2 4.8 -0.177071
10.2 5 -0.126526
10.2 5.2 -0.0280122
10.2 5.4 0.0656178
10.2 5.6 0.115859
10.2 5.8 0.116935
10.2 6 0.0963504
10.2 6.2 0.0883209
10.2 6.4 0.0941226
10.2 6.6 0.102736
10.2 6.8 0.103826
10.2 7 0.0890188
10.2 7.2 0.0581228
10.2 7.4 0.029729
10.2 7.6 0.0144103
10.2 7.8 0.0149453
10.2 8 0.0174144
10.2 8.2 0.00218662
10.2 8.4 0

10.4 0 0
10.4 0.2 0.0482339
10.4 0.4 0.347628
10.4 0.6 0.34419
10.4 0.8 0.337994
10.4 1 0.290512
10.4 1.2 0.191408
10.4 1.4 0.0773037
10.4 1.6 -0.00189512
10.4 1.8 -0.00713697
10.4 2 0.0512305
10.4 2.2 0.114911
10.4 2.4 0.125878
10.4 2.6 0.0627849
10.4 2.8 -0.0398984
10.4 3 -0.12105
10.4 3.2 -0.125154
10.4 3.4 -0.0559799
10.4 3.6 0.0387447
10.4 3.8 0.0956313
10.4 4 0.0808131
10.4 4.2 -0.010824
10.4 4.4 -0.127196
10.4 4.6 -0.207461
10.4 4.8 -0.210095
10.4 5 -0.131943
10.4 5.2 -0.0164903
10.4 5.4 0.0818398
10.4 5.6 0.131335
10.4 5.8 0.128723
10.4 6 0.104713
10.4 6.2 0.0984837
10.4 6.4 0.106093
10.4 6.6 0.118523
10.4 6.8 0.117058
10.4 7 0.0889373
10.4 7.2 0.0470315
10.4 7.4 0.00650345
10.4 7.6 -0.0173596
10.4 7.8 -0.0240495
10.4 8 -0.0240111
10.4 8.2 -0.00340627
10.4 8.4 0

10.6 0 0
10.6 0.2 0.0361395
10.6 0.4 0.261086
10.6 0.6 0.296472
10.6 0.8 0.341836
10.6 1 0.345368
10.6 1.2 0.283833
10.6 1.4 0.186255
10.6 1.6 0.103098
10.6 1.8 0.0868413
10.6 2 0.133872
10.6 2.2 0.197118
10.6 2.4 0.212222
10.6 2.6 0.150916
10.6 2.8 0.0456218
10.6 3 -0.0536245
10.6 3.2 -0.0933556
10.6 3.4 -0.0736157
10.6 3.6 -0.0312115
10.6 3.8 -0.00472497
10.6 4 -0.0288177
10.6 4.2 -0.107789
10.6 4.4 -0.18902
10.6 4.6 -0.228117
10.6 4.8 -0.192742
10.6 5 -0.0953793
10.6 5.2 0.0223593
10.6 5.4 0.101527
10.6 5.6 0.124744
10.6 5.8 0.0944975
10.6 6 0.0539589
10.6 6.2 0.0353311
10.6 6.4 0.042984
10.6 6.6 0.0600848
10.6 6.8 0.0622764
10.6 7 0.0376689
10.6 7.2 0.0043327
10.6 7.4 -0.0247259
10.6 7.6 -0.0366325
10.6 7.8 -0.0283131
10.6 8 -0.017056
10.6 8.2 -0.00235327
10.6 8.4 0

10.8 0 0
10.8 0.2 -0.00286849
10.8 0.4 -0.0207908
10.8 0.6 0.0713351
10.8 0.8 0.185539
10.8 1 0.25685
10.8 1.2 0.244607
10.8 1.4 0.167743
10.8 1.6 0.0953383
10.8 1.8 0.0723819
10.8 2 0.113615
10.8 2.2 0.181013
10.8 2.4 0.209421
10.8 2.6 0.166882
10.8 2.8 0.0681811
10.8 3 -0.0444311
10.8 3.2 -0.113322
10.8 3.4 -0.133389
10.8 3.6 -0.123863
10.8 3.8 -0.111031
10.8 4 -0.123847
10.8 4.2 -0.163082
10.8 4.4 -0.198981
10.8 4.6 -0.194268
10.8 4.8 -0.1347
10.8 5 -0.0327164
10.8 5.2 0.066931
10.8 5.4 0.114345
10.8 5.6 0.0979779
10.8 5.8 0.0367209
10.8 6 -0.0242998
10.8 6.2 -0.0504841
10.8 6.4 -0.0454625
10.8 6.6 -0.0281186
10.8 6.8 -0.0194887
10.8 7 -0.0305594
10.8 7.2 -0.0496154
10.8 7.4 -0.0556236
10.8 7.6 -0.0391229
10.8 7.8 -0.00449055
10.8 8 0.0208186
10.8 8.2 0.00280838
10.8 8.4 0

11 0 0
11 0.2 -0.0454883
11 0.4 -0.329127
11 0.6 -0.19016
11 0.8 -0.020559
11 1 0.100473
11 1.2 0.122274
11 1.4 0.0625638
11 1.6 -0.0143789
11 1.8 -0.0431302
11 2 0.00266433
11 2.2 0.0820071
11 2.4 0.13017
11 2.6 0.111222
11 2.8 0.0276864
11 3 -0.0791053
11 3.2 -0.159655
11 3.4 -0.192977
11 3.6 -0.189242
11 3.8 -0.163606
11 4 -0.150897
11 4.2 -0.152082
11 4.4 -0.154309
11 4.6 -0.128497
11 4.8 -0.0644627
11 5 0.0218089
11 5.2 0.0928204
11 5.4 0.110538
11 5.6 0.0684856
11 5.8 -0.00609817
11 6 -0.0740355
11 6.2 -0.10326
11 6.4 -0.0955419
11 6.6 -0.0737186
11 6.8 -0.0621971
11 7 -0.0688922
11 7.2 -0.0784656
11 7.4 -0.0734341
11 7.6 -0.0407681
11 7.8 0.0100888
11 8 0.049012
11 8.2 0.00674708
11 8.4 0

11.2 0 0
11.2 0.2 -0.0654481
11.2 0.4 -0.474432
11.2 0.6 -0.321515
11.2 0.8 -0.138483
11.2 1 -0.00853784
11.2 1.2 0.0161758
11.2 1.4 -0.0460277
11.2 1.6 -0.134932
11.2 1.8 -0.172835
11.2 2 -0.128849
11.2 2.2 -0.0387721
11.2 2.4 0.0297856
11.2 2.6 0.0313088
11.2 2.8 -0.0284893
11.2 3 -0.116269
11.2 3.2 -0.183979
11.2 3.4 -0.206988
11.2 3.6 -0.185761
11.2 3.8 -0.142096
11.2 4 -0.107076
11.2 4.2 -0.0845886
11.2 4.4 -0.0751073
11.2 4.6 -0.0545499
11.2 4.8 -0.0114058
11.2 5 0.044686
11.2 5.2 0.0883426
11.2 5.4 0.0930314
11.2 5.6 0.0520403
11.2 5.8 -0.00910446
11.2 6 -0.0601573
11.2 6.2 -0.0779483
11.2 6.4 -0.061867
11.2 6.6 -0.0414365
11.2 6.8 -0.0314387
11.2 7 -0.0466294
11.2 7.2 -0.0672081
11.2 7.4 -0.0743291
11.2 7.6 -0.0501068
11.2 7.8 -0.0148265
11.2 8 0.016716
11.2 8.2 0.00238206
11.2 8.4 0

11.4 0 0
11.4 0.2 -0.0528499
11.4 0.4 -0.383894
11.4 0.6 -0.253497
11.4 0.8 -0.0993381
11.4 1 1.67966e-05
11.4 1.2 -0.00296449
11.4 1.4 -0.0891358
11.4 1.6 -0.192475
11.4 1.8 -0.240293
11.4 2 -0.200871
11.4 2.2 -0.110058
11.4 2.4 -0.0326556
11.4 2.6 -0.0114248
11.4 2.8 -0.0513667
11.4 3 -0.118449
11.4 3.2 -0.163145
11.4 3.4 -0.16055
11.4 3.6 -0.116291
11.4 3.8 -0.0538459
11.4 4 -0.00854942
11.4 4.2 0.01077
11.4 4.4 0.00470942
11.4 4.6 -0.00673917
11.4 4.8 0.00157126
11.4 5 0.0279321
11.4 5.2 0.063371
11.4 5.4 0.0779686
11.4 5.6 0.0619988
11.4 5.8 0.0329013
11.4 6 0.0129199
11.4 6.2 0.014898
11.4 6.4 0.0404674
11.4 6.6 0.0607483
11.4 6.8 0.0546492
11.4 7 0.0221289
11.4 7.2 -0.0249255
11.4 7.4 -0.0673224
11.4 7.6 -0.0853491
11.4 7.8 -0.087322
11.4 8 -0.0843327
11.4 8.2 -0.0117608
11.4 8.4 0

11.6 0 0
11.6 0.2 -0.0197873
11.6 0.4 -0.143864
11.6 0.6 -0.0557311
11.6 0.8 0.0457499
11.6 1 0.097244
11.6 1.2 0.0586777
11.6 1.4 -0.0495974
11.6 1.6 -0.160859
11.6 1.8 -0.212368
11.6 2 -0.177879
11.6 2.2 -0.0923662
11.6 2.4 -0.0191919
11.6 2.6 0.00464398
11.6 2.8 -0.0259143
11.6 3 -0.0748047
11.6 3.2 -0.101341
11.6 3.4 -0.0785714
11.6 3.6 -0.0174308
11.6 3.8 0.0515644
11.6 4 0.0916522
11.6 4.2 0.0914402
11.6 4.4 0.0553279
11.6 4.6 0.0084185
11.6 4.8 -0.015895
11.6 5 -0.00334647
11.6 5.2 0.0367535
11.6 5.4 0.0787473
11.6 5.6 0.0995398
11.6 5.8 0.106517
11.6 6 0.111217
11.6 6.2 0.126936
11.6 6.4 0.151061
11.6 6.6 0.160654
11.6 6.8 0.1412
11.6 7 0.0904491
11.6 7.2 0.0142245
11.6 7.4 -0.0625737
11.6 7.6 -0.129593
11.6 7.8 -0.180377
11.6 8 -0.213024
11.6 8.2 -0.0292914
11.6 8.4 0

11.8 0 0
11.8 0.2 0.00970601
11.8 0.4 0.0712659
11.8 0.6 0.120407
11.8 0.8 0.177265
11.8 1 0.190255
11.8 1.2 0.133499
11.8 1.4 0.0286618
11.8 1.6 -0.0708048
11.8 1.8 -0.109976
11.8 2 -0.0757811
11.8 2.2 -0.00230923
11.8 2.4 0.0521871
11.8 2.6 0.0592496
11.8 2.8 0.0210811
11.8 3 -0.0258657
11.8 3.2 -0.0407701
11.8 3.4 -0.00716815
11.8 3.6 0.0586851
11.8 3.8 0.122653
11.8 4 0.150839
11.8 4.2 0.129507
11.8 4.4 0.0665558
11.8 4.6 -0.00512564
11.8 4.8 -0.0413197
11.8 5 -0.0269136
11.8 5.2 0.0292894
11.8 5.4 0.0993665
11.8 5.6 0.146786
11.8 5.8 0.168656
11.8 6 0.171838
11.8 6.2 0.17749
11.8 6.4 0.184954
11.8 6.6 0.188946
11.8 6.8 0.165856
11.8 7 0.113437
11.8 7.2 0.0342278
11.8 7.4 -0.0577554
11.8 7.6 -0.153529
11.8 7.8 -0.235174
11.8 8 -0.296341
11.8 8.2 -0.0409464
11.8 8.4 0

12 0 0
12 0.2 0.018357
12 0.4 0.131346
12 0.6 0.154303
12 0.8 0.187961
12 1 0.192024
12 1.2 0.148207
12 1.4 0.0756357
12 1.6 0.0117458
12 1.8 0.000603785
12 2 0.0397863
12 2.2 0.0969862
12 2.4 0.125745
12 2.6 0.102529
12 2.8 0.0457426
12 3 -0.0106627
12 3.2 -0.0263392
12 3.4 0.0063165
12 3.6 0.0689838
12 3.8 0.126257
12 4 0.143431
12 4.2 0.108614
12 4.4 0.0425371
12 4.6 -0.0255034
12 4.8 -0.0550604
12 5 -0.0226373
12 5.2 0.0532206
12 5.4 0.136287
12 5.6 0.18095
12 5.8 0.180193
12 6 0.149788
12 6.2 0.120177
12 6.4 0.101672
12 6.6 0.0983128
12 6.8 0.0955137
12 7 0.0765909
12 7.2 0.0332121
12 7.4 -0.0358823
12 7.6 -0.126768
12 7.8 -0.214156
12 8 -0.279607
12 8.2 -0.0385251
12 8.4 0

12.2 0 0
12.2 0.2 0.00478448
12.2 0.4 0.0336746
12.2 0.6 0.0540213
12.2 0.8 0.0818571
12.2 1 0.0924464
12.2 1.2 0.0790567
12.2 1.4 0.0526848
12.2 1.6 0.0396832
12.2 1.8 0.0636088
12.2 2 0.111501
12.2 2.2 0.148268
12.2 2.4 0.143551
12.2 2.6 0.0939253
12.2 2.8 0.0164702
12.2 3 -0.0509835
12.2 3.2 -0.0688955
12.2 3.4 -0.0417493
12.2 3.6 0.0141674
12.2 3.8 0.0660649
12.2 4 0.081125
12.2 4.2 0.0554906
12.2 4.4 0.0058199
12.2 4.6 -0.0337182
12.2 4.8 -0.0323204
12.2 5 0.0215547
12.2 5.2 0.107146
12.2 5.4 0.179623
12.2 5.6 0.193775
12.2 5.8 0.141352
12.2 6 0.0535515
12.2 6.2 -0.0263939
12.2 6.4 -0.0755691
12.2 6.6 -0.0736198
12.2 6.8 -0.041075
12.2 7 -0.00345478
12.2 7.2 0.0185498
12.2 7.4 0.00147456
12.2 7.6 -0.0482845
12.2 7.8 -0.113827
12.2 8 -0.163817
12.2 8.2 -0.0224293
12.2 8.4 0

12.4 0 0
12.4 0.2 -0.0133131
12.4 0.4 -0.0989413
12.4 0.6 -0.0783601
12.4 0.8 -0.0540139
12.4 1 -0.033833
12.4 1.2 -0.0211449
12.4 1.4 -0.00406544
12.4 1.6 0.0284066
12.4 1.8 0.0692993
12.4 2 0.112819
12.4 2.2 0.12806
12.4 2.4 0.100244
12.4 2.6 0.0308286
12.4 2.8 -0.0571879
12.4 3 -0.120758
12.4 3.2 -0.138588
12.4 3.4 -0.111253
12.4 3.6 -0.0613301
12.4 3.8 -0.0166351
12.4 4 0.00554231
12.4 4.2 -6.55945e-05
12.4 4.4 -0.0142475
12.4 4.6 -0.0128482
12.4 4.8 0.024417
12.4 5 0.0977096
12.4 5.2 0.1751
12.4 5.4 0.218821
12.4 5.6 0.183511
12.4 5.8 0.0761189
12.4 6 -0.0663222
12.4 6.2 -0.189561
12.4 6.4 -0.253576
12.4 6.6 -0.242989
12.4 6.8 -0.175049
12.4 7 -0.0815873
12.4 7.2 0.00400681
12.4 7.4 0.0483748
12.4 7.6 0.0463706
12.4 7.8 0.0186067
12.4 8 -0.00748289
12.4 8.2 -0.0011066
12.4 8.4 0

12.6 0 0
12.6 0.2 -0.0171162
12.6 0.4 -0.121652
12.6 0.6 -0.109277
12.6 0.8 -0.10335
12.6 1 -0.0900553
12.6 1.2 -0.0734889
12.6 1.4 -0.04306
12.6 1.6 0.002442
12.6 1.8 0.0449077
12.6 2 0.0742144
12.6 2.2 0.0668584
12.6 2.4 0.0227144
12.6 2.6 -0.0535604
12.6 2.8 -0.127771
12.6 3 -0.172048
12.6 3.2 -0.177139
12.6 3.4 -0.150524
12.6 3.6 -0.110561
12.6 3.8 -0.0735208
12.6 4 -0.0475441
12.6 4.2 -0.0331194
12.6 4.4 -0.0119788
12.6 4.6 0.0284006
12.6 4.8 0.0920198
12.6 5 0.170409
12.6 5.2 0.234809
12.6 5.4 0.244866
12.6 5.6 0.167599
12.6 5.8 0.0264412
12.6 6 -0.141577
12.6 6.2 -0.276806
12.6 6.4 -0.341074
12.6 6.6 -0.319691
12.6 6.8 -0.232905
12.6 7 -0.113343
12.6 7.2 0.00340499
12.6 7.4 0.079439
12.6 7.6 0.108512
12.6 7.8 0.102469
12.6 8 0.0946264
12.6 8.2 0.0131571
12.6 8.4 0

12.8 0 0
12.8 0.2 0.00174946
12.8 0.4 0.0117524
12.8 0.6 -0.00834569
12.8 0.8 -0.0330178
12.8 1 -0.0472861
12.8 1.2 -0.0464571
12.8 1.4 -0.0272923
12.8 1.6 0.00233613
12.8 1.8 0.0266968
12.8 2 0.0294558
12.8 2.2 0.00234632
12.8 2.4 -0.0472058
12.8 2.6 -0.104111
12.8 2.8 -0.147329
12.8 3 -0.161994
12.8 3.2 -0.147952
12.8 3.4 -0.124687
12.8 3.6 -0.104134
12.8 3.8 -0.0848719
12.8 4 -0.0635372
12.8 4.2 -0.0403378
12.8 4.4 0.00419429
12.8 4.6 0.0657099
12.8 4.8 0.140509
12.8 5 0.209603
12.8 5.2 0.254573
12.8 5.4 0.238914
12.8 5.6 0.155145
12.8 5.8 0.0210985
12.8 6 -0.124619
12.8 6.2 -0.23597
12.8 6.4 -0.285516
12.8 6.6 -0.265614
12.8 6.8 -0.185487
12.8 7 -0.0853878
12.8 7.2 0.0136581
12.8 7.4 0.077794
12.8 7.6 0.0978252
12.8 7.8 0.0870916
12.8 8 0.0783111
12.8 8.2 0.0108451
12.8 8.4 0

13 0 0
13 0.2 0.0272927
13 0.4 0.199347
13 0.6 0.152461
13 0.8 0.0960217
13 1 0.0487133
13 1.2 0.0240378
13 1.4 0.0230734
13 1.6 0.0303492
13 1.8 0.0297975
13 2 0.00623534
13 2.2 -0.0370714
13 2.4 -0.0780674
13 2.6 -0.107796
13 2.8 -0.112772
13 3 -0.0906693
13 3.2 -0.0603188
13 3.4 -0.0468827
13 3.6 -0.0525347
13 3.8 -0.058197
13 4 -0.0532042
13 4.2 -0.030141
13 4.4 0.0181888
13 4.6 0.0822456
13 4.8 0.150661
13 5 0.199445
13 5.2 0.225391
13 5.4 0.20647
13 5.6 0.144863
13 5.8 0.0584066
13 6 -0.0270951
13 6.2 -0.0872959
13 6.4 -0.112636
13 6.6 -0.101453
13 6.8 -0.0586713
13 7 -0.0104498
13 7.2 0.0328843
13 7.4 0.0428456
13 7.6 0.0239337
13 7.8 -0.0140237
13 8 -0.0426984
13 8.2 -0.00589073
13 8.4 0

13.2 0 0
13.2 0.2 0.0379028
13.2 0.4 0.273595
13.2 0.6 0.213751
13.2 0.8 0.14957
13.2 1 0.0971186
13.2 1.2 0.0679999
13.2 1.4 0.0590548
13.2 1.6 0.0514502
13.2 1.8 0.0328874
13.2 2 -0.00497506
13.2 2.2 -0.0484792
13.2 2.4 -0.0764348
13.2 2.6 -0.0770766
13.2 2.8 -0.0435489
13.2 3 0.00719596
13.2 3.2 0.0422693
13.2 3.4 0.0423783
13.2 3.6 0.0116232
13.2 3.8 -0.0249286
13.2 4 -0.0426022
13.2 4.2 -0.0268671
13.2 4.4 0.0205372
13.2 4.6 0.0754095
13.2 4.8 0.1233
13.2 5 0.150847
13.2 5.2 0.157396
13.2 5.4 0.145865
13.2 5.6 0.12477
13.2 5.8 0.104192
13.2 6 0.0948555
13.2 6.2 0.093673
13.2 6.4 0.092162
13.2 6.6 0.0879332
13.2 6.8 0.0795434
13.2 7 0.0632863
13.2 7.2 0.0393936
13.2 7.4 -0.00568578
13.2 7.6 -0.0655059
13.2 7.8 -0.12914
13.2 8 -0.17957
13.2 8.2 -0.024768
13.2 8.4 0

13.4 0 0
13.4 0.2 0.0186297
13.4 0.4 0.135046
13.4 0.6 0.0980798
13.4 0.8 0.0597356
13.4 1 0.03502
13.4 1.2 0.032617
13.4 1.4 0.0386451
13.4 1.6 0.0417124
13.4 1.8 0.0202671
13.4 2 -0.019098
13.4 2.2 -0.0577558
13.4 2.4 -0.0753316
13.4 2.6 -0.0498544
13.4 2.8 0.00891529
13.4 3 0.0732929
13.4 3.2 0.104441
13.4 3.4 0.0876913
13.4 3.6 0.034887
13.4 3.8 -0.020821
13.4 4 -0.0509133
13.4 4.2 -0.0347191
13.4 4.4 0.0121101
13.4 4.6 0.061719
13.4 4.8 0.0929198
13.4 5 0.0940881
13.4 5.2 0.0854278
13.4 5.4 0.0789991
13.4 5.6 0.0918852
13.4 5.8 0.124289
13.4 6 0.173118
13.4 6.2 0.21279
13.4 6.4 0.223811
13.4 6.6 0.20118
13.4 6.8 0.153195
13.4 7 0.0911757
13.4 7.2 0.0268118
13.4 7.4 -0.0424542
13.4 7.6 -0.115303
13.4 7.8 -0.179342
13.4 8 -0.228094
13.4 8.2 -0.0314588
13.4 8.4 0

13.6 0 0
13.6 0.2 -0.0206093
13.6 0.4 -0.148364
13.6 0.6 -0.144423
13.6 0.8 -0.139341
13.6 1 -0.115588
13.6 1.2 -0.0758414
13.6 1.4 -0.0328257
13.6 1.6 -0.0052378
13.6 1.8 -0.0138545
13.6 2 -0.0468842
13.6 2.2 -0.0828007
13.6 2.4 -0.0921673
13.6 2.6 -0.0564088
13.6 2.8 0.0107211
13.6 3 0.0740713
13.6 3.2 0.0957376
13.6 3.4 0.0659141
13.6 3.6 0.00370377
13.6 3.8 -0.0535353
13.6 4 -0.0725735
13.6 4.2 -0.0494366
13.6 4.4 0.00799707
13.6 4.6 0.0609381
13.6 4.8 0.0797574
13.6 5 0.0635026
13.6 5.2 0.0399944
13.6 5.4 0.0282117
13.6 5.6 0.0518106
13.6 5.8 0.107138
13.6 6 0.173617
13.6 6.2 0.222538
13.6 6.4 0.227748
13.6 6.6 0.190438
13.6 6.8 0.123865
13.6 7 0.0545554
13.6 7.2 0.00141669
13.6 7.4 -0.0429975
13.6 7.6 -0.0843651
13.6 7.8 -0.116672
13.6 8 -0.142242
13.6 8.2 -0.019575
13.6 8.4 0

13.8 0 0
13.8 0.2 -0.055002
13.8 0.4 -0.399055
13.8 0.6 -0.360846
13.8 0.8 -0.317158
13.8 1 -0.252802
13.8 1.2 -0.173061
13.8 1.4 -0.0966979
13.8 1.6 -0.0485212
13.8 1.8 -0.0461201
13.8 2 -0.0757615
13.8 2.2 -0.111664
13.8 2.4 -0.125091
13.8 2.6 -0.0939346
13.8 2.8 -0.0311698
13.8 3 0.023527
13.8 3.2 0.0382229
13.8 3.4 -5.32374e-05
13.8 3.6 -0.0626684
13.8 3.8 -0.104634
13.8 4 -0.102073
13.8 4.2 -0.0522588
13.8 4.4 0.0235981
13.8 4.6 0.0837369
13.8 4.8 0.0997506
13.8 5 0.0712156
13.8 5.2 0.0326859
13.8 5.4 0.00937499
13.8 5.6 0.0181695
13.8 5.8 0.0595035
13.8 6 0.105951
13.8 6.2 0.133118
13.8 6.4 0.118089
13.8 6.6 0.0724928
13.8 6.8 0.0225645
13.8 7 -0.0123924
13.8 7.2 -0.0193647
13.8 7.4 -0.0081599
13.8 7.6 0.0106591
13.8 7.8 0.0290525
13.8 8 0.0399816
13.8 8.2 0.00551278
13.8 8.4 0

14 0 0
14 0.2 -0.061222
14 0.4 -0.443852
14 0.6 -0.399156
14 0.8 -0.347746
14 1 -0.274254
14 1.2 -0.186894
14 1.4 -0.0970427
14 1.6 -0.0453087
14 1.8 -0.0424806
14 2 -0.0824767
14 2.2 -0.126648
14 2.4 -0.150003
14 2.6 -0.130902
14 2.8 -0.0817469
14 3 -0.0385131
14 3.2 -0.0315027
14 3.4 -0.0649758
14 3.6 -0.113139
14 3.8 -0.137813
14 4 -0.107317
14 4.2 -0.0315766
14 4.4 0.0584231
14 4.6 0.123209
14 4.8 0.135767
14 5 0.105036
14 5.2 0.0554494
14 5.4 0.0180115
14 5.6 0.00676108
14 5.8 0.0149132
14 6 0.0214949
14 6.2 0.00502513
14 6.4 -0.0352621
14 6.6 -0.0826745
14 6.8 -0.104894
14 7 -0.0872601
14 7.2 -0.0308241
14 7.4 0.0445081
14 7.6 0.113856
14 7.8 0.169654
14 8 0.2082
14 8.2 0.0286947
14 8.4 0

14.2 0 0
14.2 0.2 -0.0335702
14.2 0.4 -0.243731
14.2 0.6 -0.226474
14.2 0.8 -0.207375
14.2 1 -0.162682
14.2 1.2 -0.0995165
14.2 1.4 -0.0299496
14.2 1.6 0.00671577
14.2 1.8 -0.00111556
14.2 2 -0.0514669
14.2 2.2 -0.104745
14.2 2.4 -0.141496
14.2 2.6 -0.138313
14.2 2.8 -0.104039
14.2 3 -0.0685696
14.2 3.2 -0.0632155
14.2 3.4 -0.0912761
14.2 3.6 -0.121714
14.2 3.8 -0.128198
14.2 4 -0.0827056
14.2 4.2 0.00260859
14.2 4.4 0.0921369
14.2 4.6 0.151144
14.2 4.8 0.16087
14.2 5 0.129382
14.2 5.2 0.0794042
14.2 5.4 0.0405598
14.2 5.6 0.0156255
14.2 5.8 -0.00447694
14.2 6 -0.0377079
14.2 6.2 -0.0939192
14.2 6.4 -0.154131
14.2 6.6 -0.193647
14.2 6.8 -0.183802
14.2 7 -0.122264
14.2 7.2 -0.0232475
14.2 7.4 0.0762228
14.2 7.6 0.156682
14.2 7.8 0.20972
14.2 8 0.246299
14.2 8.2 0.0341436
14.2 8.4 0

14.4 0 0
14.4 0.2 0.0101127
14.4 0.4 0.0726249
14.4 0.6 0.0452774
14.4 0.8 0.0157698
14.4 1 0.0099748
14.4 1.2 0.0295627
14.4 1.4 0.0588181
14.4 1.6 0.0742612
14.4 1.8 0.0549154
14.4 2 0.00226014
14.4 2.2 -0.0551461
14.4 2.4 -0.0980619
14.4 2.6 -0.104407
14.4 2.8 -0.0818655
14.4 3 -0.0532424
14.4 3.2 -0.04819
14.4 3.4 -0.0639977
14.4 3.6 -0.0827216
14.4 3.8 -0.0779759
14.4 4 -0.0335853
14.4 4.2 0.0370948
14.4 4.4 0.104641
14.4 4.6 0.14142
14.4 4.8 0.140353
14.4 5 0.114525
14.4 5.2 0.0790363
14.4 5.4 0.0534968
14.4 5.6 0.0368615
14.4 5.8 0.00864894
14.4 6 -0.0458628
14.4 6.2 -0.122617
14.4 6.4 -0.186319
14.4 6.6 -0.214612
14.4 6.8 -0.183947
14.4 7 -0.1022
14.4 7.2 -0.00305847
14.4 7.4 0.0759941
14.4 7.6 0.11481
14.4 7.8 0.119106
14.4 8 0.116542
14.4 8.2 0.016322
14.4 8.4 0

14.6 0 0
14.6 0.2 0.0421403
14.6 0.4 0.306268
14.6 0.6 0.245504
14.6 0.8 0.175551
14.6 1 0.126477
14.6 1.2 0.110748
14.6 1.4 0.113843
14.6 1.6 0.116509
14.6 1.8 0.0925435
14.6 2 0.0486177
14.6 2.2 -0.00388705
14.6 2.4 -0.039904
14.6 2.6 -0.0475672
14.6 2.8 -0.0338636
14.6 3 -0.0107005
14.6 3.2 -0.00441902
14.6 3.4 -0.011787
14.6 3.6 -0.0250652
14.6 3.8 -0.0171139
14.6 4 0.0128794
14.6 4.2 0.0544016
14.6 4.4 0.0845624
14.6 4.6 0.0877763
14.6 4.8 0.0701596
14.6 5 0.048665
14.6 5.2 0.0409248
14.6 5.4 0.0474352
14.6 5.6 0.0516583
14.6 5.8 0.0371511
14.6 6 -0.0116063
14.6 6.2 -0.0856908
14.6 6.4 -0.144297
14.6 6.6 -0.15992
14.6 6.8 -0.115716
14.6 7 -0.0364434
14.6 7.2 0.0353888
14.6 7.4 0.0565823
14.6 7.6 0.0217374
14.6 7.8 -0.044131
14.6 8 -0.10589
14.6 8.2 -0.0145993
14.6 8.4 0

14.8 0 0
14.8 0.2 0.0463186
14.8 0.4 0.337161
14.8 0.6 0.268826
14.8 0.8 0.19121
14.8 1 0.133904
14.8 1.2 0.108581
14.8 1.4 0.105395
14.8 1.6 0.108501
14.8 1.8 0.0941311
14.8 2 0.0664536
14.8 2.2 0.0282894
14.8 2.4 0.000770955
14.8 2.6 -0.00563468
14.8 2.8 0.00677643
14.8 3 0.024692
14.8 3.2 0.0304119
14.8 3.4 0.0274447
14.8 3.6 0.0188936
14.8 3.8 0.024548
14.8 4 0.0405237
14.8 4.2 0.0511259
14.8 4.4 0.0419674
14.8 4.6 0.0151435
14.8 4.8 -0.0234577
14.8 5 -0.0399216
14.8 5.2 -0.0260001
14.8 5.4 0.0125429
14.8 5.6 0.0478866
14.8 5.8 0.0564266
14.8 6 0.0252312
14.8 6.2 -0.0304427
14.8 6.4 -0.0724544
14.8 6.6 -0.0744694
14.8 6.8 -0.0222654
14.8 7 0.0439331
14.8 7.2 0.0778031
14.8 7.4 0.0451636
14.8 7.6 -0.0536537
14.8 7.8 -0.173352
14.8 8 -0.281714
14.8 8.2 -0.038742
14.8 8.4 0

15 0 0
15 0.2 0.0287794
15 0.4 0.209126
15 0.6 0.158817
15 0.8 0.104285
15 1 0.064883
15 1.2 0.0540002
15 1.4 0.0648951
15 1.6 0.0782318
15 1.8 0.0754986
15 2 0.0634317
15 2.2 0.0417414
15 2.4 0.0214671
15 2.6 0.0163013
15 2.8 0.0238413
15 3 0.0311294
15 3.2 0.0290159
15 3.4 0.0240871
15 3.6 0.0207497
15 3.8 0.0281338
15 4 0.0372913
15 4.2 0.0329694
15 4.4 0.00420068
15 4.6 -0.0476571
15 4.8 -0.095008
15 5 -0.11145
15 5.2 -0.0856524
15 5.4 -0.0234141
15 5.6 0.0326184
15 5.8 0.0541407
15 6 0.0344777
15 6.2 -0.00855752
15 6.4 -0.0336563
15 6.6 -0.0176894
15 6.8 0.0381739
15 7 0.0944359
15 7.2 0.106308
15 7.4 0.0420186
15 7.6 -0.0759563
15 7.8 -0.183127
15 8 -0.0636826
15 8.2 0
15 8.4 0

15.2 0 0
15.2 0.2 0.0104943
15.2 0.4 0.0782027
15.2 0.6 0.055384
15.2 0.8 0.031431
15.2 1 0.0220306
15.2 1.2 0.0350295
15.2 1.4 0.0569791
15.2 1.6 0.0746104
15.2 1.8 0.0785606
15.2 2 0.069228
15.2 2.2 0.0528737
15.2 2.4 0.0398719
15.2 2.6 0.0285306
15.2 2.8 0.0217062
15.2 3 0.0117189
15.2 3.2 -0.00339183
15.2 3.4 -0.0140864
15.2 3.6 -0.0146885
15.2 3.8 -0.0028671
15.2 4 0.0142148
15.2 4.2 0.0180245
15.2 4.4 -0.0125565
15.2 4.6 -0.0617446
15.2 4.8 -0.106432
15.2 5 -0.124174
15.2 5.2 -0.0966989
15.2 5.4 -0.039296
15.2 5.6 0.0167345
15.2 5.8 0.0352074
15.2 6 0.0108752
15.2 6.2 -0.0273528
15.2 6.4 -0.0428307
15.2 6.6 -0.0187077
15.2 6.8 0.0419031
15.2 7 0.0989588
15.2 7.2 0.104943
15.2 7.4 0.0374368
15.2 7.6 -0.0724756
15.2 7.8 -0.164988
15.2 8 -0.0228188
15.2 8.2 0
15.2 8.4 0

15.4 0 0
15.4 0.2 0.0106273
15.4 0.4 0.0764315
15.4 0.6 0.0676553
15.4 0.8 0.0700881
15.4 1 0.0803976
15.4 1.2 0.101996
15.4 1.4 0.116883
15.4 1.6 0.126752
15.4 1.8 0.121284
15.4 2 0.101526
15.4 2.2 0.0827995
15.4 2.4 0.0644743
15.4 2.6 0.0434508
15.4 2.8 0.0250873
15.4 3 -0.00377315
15.4 3.2 -0.0329341
15.4 3.4 -0.0583897
15.4 3.6 -0.0627409
15.4 3.8 -0.0433633
15.4 4 -0.0105785
15.4 4.2 0.0103708
15.4 4.4 0.00164813
15.4 4.6 -0.0273677
15.4 4.8 -0.0591564
15.4 5 -0.071509
15.4 5.2 -0.0520957
15.4 5.4 -0.0138198
15.4 5.6 0.0200184
15.4 5.8 0.0173908
15.4 6 -0.024656
15.4 6.2 -0.0728855
15.4 6.4 -0.0901796
15.4 6.6 -0.0623395
15.4 6.8 0.00300466
15.4 7 0.0643711
15.4 7.2 0.0750786
15.4 7.4 0.0264591
15.4 7.6 -0.0609751
15.4 7.8 -0.133434
15.4 8 -0.018507
15.4 8.2 0
15.4 8.4 0

15.6 0 0
15.6 0.2 0.0277443
15.6 0.4 0.202313
15.6 0.6 0.196524
15.6 0.8 0.20187
15.6 1 0.215017
15.6 1.2 0.228002
15.6 1.4 0.224852
15.6 1.6 0.204919
15.6 1.8 0.173232
15.6 2 0.135207
15.6 2.2 0.10777
15.6 2.4 0.0893132
15.6 2.6 0.0719406
15.6 2.8 0.0453747
15.6 3 0.00813409
15.6 3.2 -0.0363479
15.6 3.4 -0.0770488
15.6 3.6 -0.0913903
15.6 3.8 -0.0725035
15.6 4 -0.0300021
15.6 4.2 0.00668115
15.6 4.4 0.0277428
15.6 4.6 0.0287006
15.6 4.8 0.0155791
15.6 5 0.0128716
15.6 5.2 0.0255527
15.6 5.4 0.0432782
15.6 5.6 0.0473195
15.6 5.8 0.0135142
15.6 6 -0.0456918
15.6 6.2 -0.103504
15.6 6.4 -0.128819
15.6 6.6 -0.100918
15.6 6.8 -0.0380396
15.6 7 0.0208968
15.6 7.2 0.0407664
15.6 7.4 0.0118179
15.6 7.6 -0.0520348
15.6 7.8 -0.106385
15.6 8 -0.0143815
15.6 8.2 0
15.6 8.4 0

15.8 0 0
15.8 0.2 0.0440444
15.8 0.4 0.318754
15.8 0.6 0.305033
15.8 0.8 0.305261
15.8 1 0.306492
15.8 1.2 0.30258
15.8 1.4 0.27718
15.8 1.6 0.229181
15.8 1.8 0.173459
15.8 2 0.129293
15.8 2.2 0.105772
15.8 2.4 0.0972582
15.8 2.6 0.0969557
15.8 2.8 0.0828212
15.8 3 0.044951
15.8 3.2 -0.00911005
15.8 3.4 -0.0610578
15.8 3.6 -0.0951361
15.8 3.8 -0.088558
15.8 4 -0.056312
15.8 4.2 -0.00912664
15.8 4.4 0.0316521
15.8 4.6 0.0565327
15.8 4.8 0.0709825
15.8 5 0.0852561
15.8 5.2 0.0955182
15.8 5.4 0.10046
15.8 5.6 0.0797002
15.8 5.8 0.0331751
15.8 6 -0.0340569
15.8 6.2 -0.0941757
15.8 6.4 -0.121744
15.8 6.6 -0.097494
15.8 6.8 -0.0434011
15.8 7 0.00545894
15.8 7.2 0.020535
15.8 7.4 -0.00301163
15.8 7.6 -0.0474414
15.8 7.8 -0.0949086
15.8 8 -0.0130155
15.8 8.2 0
15.8 8.4 0

16 0 0
16 0.2 0.0358237
16 0.4 0.258022
16 0.6 0.248
16 0.8 0.250067
16 1 0.250234
16 1.2 0.233881
16 1.4 0.194428
16 1.6 0.135026
16 1.8 0.0794485
16 2 0.0440975
16 2.2 0.0419705
16 2.4 0.063608
16 2.6 0.0929658
16 2.8 0.104661
16 3 0.0808498
16 3.2 0.0279496
16 3.4 -0.0332502
16 3.6 -0.0805215
16 3.8 -0.0995253
16 4 -0.0871597
16 4.2 -0.0526494
16 4.4 -0.0115546
16 4.6 0.0258368
16 4.8 0.0635433
16 5 0.0975596
16 5.2 0.116981
16 5.4 0.123991
16 5.6 0.10346
16 5.8 0.059693
16 6 0.00191926
16 6.2 -0.0463408
16 6.4 -0.0631667
16 6.6 -0.0431927
16 6.8 -0.000399359
16 7 0.0288416
16 7.2 0.0278319
16 7.4 0.000249032
16 7.6 -0.0374281
16 7.8 -0.0184776
16 8 0
16 8.2 0
16 8.4 0

16.2 0 0
16.2 0.2 -0.00243346
16.2 0.4 -0.0190596
16.2 0.6 -0.00535819
16.2 0.8 0.0135207
16.2 1 0.0232276
16.2 1.2 0.0130808
16.2 1.4 -0.0193217
16.2 1.6 -0.0619892
16.2 1.8 -0.0931686
16.2 2 -0.0998898
16.2 2.2 -0.0702533
16.2 2.4 -0.0141532
16.2 2.6 0.0491435
16.2 2.8 0.0886129
16.2 3 0.0859363
16.2 3.2 0.0476508
16.2 3.4 -0.0141537
16.2 3.6 -0.074043
16.2 3.8 -0.11753
16.2 4 -0.133323
16.2 4.2 -0.124352
16.2 4.4 -0.0940761
16.2 4.6 -0.0563476
16.2 4.8 -0.00914655
16.2 5 0.0426101
16.2 5.2 0.0802073
16.2 5.4 0.103458
16.2 5.6 0.0995267
16.2 5.8 0.0737802
16.2 6 0.0427335
16.2 6.2 0.0207653
16.2 6.4 0.0226489
16.2 6.6 0.0456451
16.2 6.8 0.0765807
16.2 7 0.0814677
16.2 7.2 0.0529794
16.2 7.4 0.00301026
16.2 7.6 -0.0380852
16.2 7.8 -0.00525
16.2 8 0
16.2 8.2 0
16.2 8.4 0

16.4 0 0
16.4 0.2 -0.0507143
16.4 0.4 -0.366675
16.4 0.6 -0.320479
16.4 0.8 -0.280063
16.4 1 -0.253935
16.4 1.2 -0.247598
16.4 1.4 -0.256338
16.4 1.6 -0.272045
16.4 1.8 -0.266817
16.4 2 -0.239758
16.4 2.2 -0.176724
16.4 2.4 -0.0978254
16.4 2.6 -0.0206665
16.4 2.8 0.0327829
16.4 3 0.0459652
16.4 3.2 0.0231485
16.4 3.4 -0.0277984
16.4 3.6 -0.0818801
16.4 3.8 -0.130973
16.4 4 -0.16909
16.4 4.2 -0.189304
16.4 4.4 -0.182201
16.4 4.6 -0.155745
16.4 4.8 -0.109636
16.4 5 -0.0511179
16.4 5.2 0.00762036
16.4 5.4 0.0537757
16.4 5.6 0.0701753
16.4 5.8 0.0673969
16.4 6 0.0636372
16.4 6.2 0.0661328
16.4 6.4 0.086834
16.4 6.6 0.112748
16.4 6.8 0.132781
16.4 7 0.123692
16.4 7.2 0.0757417
16.4 7.4 0.00845644
16.4 7.6 -0.0364207
16.4 7.8 -0.00496707
16.4 8 0
16.4 8.2 0
16.4 8.4 0

16.6 0 0
16.6 0.2 -0.0750108
16.6 0.4 -0.543952
16.6 0.6 -0.487479
16.6 0.8 -0.440398
16.6 1 -0.409789
16.6 1.2 -0.395155
16.6 1.4 -0.388521
16.6 1.6 -0.37258
16.6 1.8 -0.334689
16.6 2 -0.279883
16.6 2.2 -0.208971
16.6 2.4 -0.133648
16.6 2.6 -0.0697611
16.6 2.8 -0.0303752
16.6 3 -0.0168881
16.6 3.2 -0.0307149
16.6 3.4 -0.0560405
16.6 3.6 -0.0925515
16.6 3.8 -0.132497
16.6 4 -0.176123
16.6 4.2 -0.211389
16.6 4.4 -0.227349
16.6 4.6 -0.217128
16.6 4.8 -0.175483
16.6 5 -0.116023
16.6 5.2 -0.0459033
16.6 5.4 0.00752217
16.6 5.6 0.037756
16.6 5.8 0.0469603
16.6 6 0.0523217
16.6 6.2 0.0675165
16.6 6.4 0.0959277
16.6 6.6 0.126234
16.6 6.8 0.1437
16.6 7 0.120767
16.6 7.2 0.0668716
16.6 7.4 0.000417483
16.6 7.6 -0.0427285
16.6 7.8 -0.00583843
16.6 8 0
16.6 8.2 0
16.6 8.4 0

16.8 0 0
16.8 0.2 -0.0556278
16.8 0.4 -0.403609
16.8 0.6 -0.366462
16.8 0.8 -0.34095
16.8 1 -0.331898
16.8 1.2 -0.331308
16.8 1.4 -0.327145
16.8 1.6 -0.29839
16.8 1.8 -0.250034
16.8 2 -0.191139
16.8 2.2 -0.134823
16.8 2.4 -0.090723
16.8 2.6 -0.0697313
16.8 2.8 -0.0707365
16.8 3 -0.0748883
16.8 3.2 -0.0834562
16.8 3.4 -0.0842982
16.8 3.6 -0.0874334
16.8 3.8 -0.101758
16.8 4 -0.13434
16.8 4.2 -0.17073
16.8 4.4 -0.199318
16.8 4.6 -0.203212
16.8 4.8 -0.17327
16.8 5 -0.116387
16.8 5.2 -0.0518989
16.8 5.4 -0.00364215
16.8 5.6 0.0239933
16.8 5.8 0.0251116
16.8 6 0.0213561
16.8 6.2 0.0312565
16.8 6.4 0.0558471
16.8 6.6 0.0826248
16.8 6.8 0.0961636
16.8 7 0.0767654
16.8 7.2 0.0285182
16.8 7.4 -0.022237
16.8 7.6 -0.0089527
16.8 7.8 0
16.8 8 0
16.8 8.2 0
16.8 8.4 0

17 0 0
17 0.2 -0.00105349
17 0.4 -0.00736726
17 0.6 -0.0150741
17 0.8 -0.0361476
17 1 -0.0658916
17 1.2 -0.0958467
17 1.4 -0.115253
17 1.6 -0.101622
17 1.8 -0.0650344
17 2 -0.0185326
17 2.2 0.0110196
17 2.4 0.00990023
17 2.6 -0.0239491
17 2.8 -0.0704947
17 3 -0.105185
17 3.2 -0.115139
17 3.4 -0.0936872
17 3.6 -0.0630724
17 3.8 -0.0404554
17 4 -0.045181
17 4.2 -0.0749412
17 4.4 -0.108434
17 4.6 -0.122141
17 4.8 -0.10408
17 5 -0.0603359
17 5.2 -0.00931287
17 5.4 0.0280774
17 5.6 0.0365644
17 5.8 0.0176206
17 6 -0.00405657
17 6.2 -0.0138421
17 6.4 -0.00509679
17 6.6 0.0153045
17 6.8 0.0282939
17 7 0.0122834
17 7.2 -0.0318407
17 7.4 -0.0786866
17 7.6 -0.0107416
17 7.8 0
17 8 0
17 8.2 0
17 8.4 0

17.2 0 0
17.2 0.2 0.0546787
17.2 0.4 0.398038
17.2 0.6 0.347792
17.2 0.8 0.283183
17.2 1 0.211894
17.2 1.2 0.147857
17.2 1.4 0.100619
17.2 1.6 0.0879856
17.2 1.8 0.105834
17.2 2 0.136458
17.2 2.2 0.143498
17.2 2.4 0.113999
17.2 2.6 0.0417452
17.2 2.8 -0.044851
17.2 3 -0.108115
17.2 3.2 -0.118237
17.2 3.4 -0.0793156
17.2 3.6 -0.0159546
17.2 3.8 0.0401252
17.2 4 0.0563562
17.2 4.2 0.0356212
17.2 4.4 -0.000942827
17.2 4.6 -0.0241195
17.2 4.8 -0.0176423
17.2 5 0.0122608
17.2 5.2 0.0493276
17.2 5.4 0.0747798
17.2 5.6 0.0697922
17.2 5.8 0.0349367
17.2 6 -0.00952106
17.2 6.2 -0.0424028
17.2 6.4 -0.0488302
17.2 6.6 -0.0366511
17.2 6.8 -0.0212553
17.2 7 -0.0299604
17.2 7.2 -0.0628304
17.2 7.4 -0.124724
17.2 7.6 -0.0171911
17.2 7.8 0
17.2 8 0
17.2 8.2 0
17.2 8.4 0

17.4 0 0
17.4 0.2 0.0751497
17.4 0.4 0.543993
17.4 0.6 0.476496
17.4 0.8 0.403048
17.4 1 0.319673
17.4 1.2 0.237085
17.4 1.4 0.171463
17.4 1.6 0.146615
17.4 1.8 0.15826
17.4 2 0.185153
17.4 2.2 0.192055
17.4 2.4 0.159915
17.4 2.6 0.0779197
17.4 2.8 -0.0223209
17.4 3 -0.0945031
17.4 3.2 -0.104502
17.4 3.4 -0.0506665
17.4 3.6 0.0336717
17.4 3.8 0.106732
17.4 4 0.135315
17.4 4.2 0.114782
17.4 4.4 0.0690775
17.4 4.6 0.0323007
17.4 4.8 0.0255247
17.4 5 0.0528291
17.4 5.2 0.0858229
17.4 5.4 0.102976
17.4 5.6 0.0864487
17.4 5.8 0.0444238
17.4 6 -0.00551539
17.4 6.2 -0.0464798
17.4 6.4 -0.063038
17.4 6.6 -0.0497397
17.4 6.8 -0.027016
17.4 7 -0.0217276
17.4 7.2 -0.0266588
17.4 7.4 -0.0209787
17.4 7.6 0
17.4 7.8 0
17.4 8 0
17.4 8.2 0
17.4 8.4 0

17.6 0 0
17.6 0.2 0.0450118
17.6 0.4 0.327097
17.6 0.6 0.291248
17.6 0.8 0.24769
17.6 1 0.191259
17.6 1.2 0.12486
17.6 1.4 0.0647541
17.6 1.6 0.0429558
17.6 1.8 0.0637301
17.6 2 0.106842
17.6 2.2 0.136835
17.6 2.4 0.1279
17.6 2.6 0.0657479
17.6 2.8 -0.0199658
17.6 3 -0.0838214
17.6 3.2 -0.0867245
17.6 3.4 -0.0267786
17.6 3.6 0.0660497
17.6 3.8 0.139032
17.6 4 0.160345
17.6 4.2 0.129323
17.6 4.4 0.0730617
17.6 4.6 0.0240619
17.6 4.8 0.00993535
17.6 5 0.0341935
17.6 5.2 0.0660639
17.6 5.4 0.0882966
17.6 5.6 0.077323
17.6 5.8 0.0424575
17.6 6 -0.00138183
17.6 6.2 -0.0379123
17.6 6.4 -0.046875
17.6 6.6 -0.0303318
17.6 6.8 0.00268502
17.6 7 0.0336815
17.6 7.2 0.0428744
17.6 7.4 0.00570184
17.6 7.6 0
17.6 7.8 0
17.6 8 0
17.6 8.2 0
17.6 8.4 0

17.8 0 0
17.8 0.2 -0.0149685
17.8 0.4 -0.107456
17.8 0.6 -0.0811018
17.8 0.8 -0.059877
17.8 1 -0.0615789
17.8 1.2 -0.0913654
17.8 1.4 -0.126553
17.8 1.6 -0.135296
17.8 1.8 -0.0994382
17.8 2 -0.0358857
17.8 2.2 0.0262106
17.8 2.4 0.0508665
17.8 2.6 0.0221064
17.8 2.8 -0.0329487
17.8 3 -0.0769633
17.8 3.2 -0.0726878
17.8 3.4 -0.0128402
17.8 3.6 0.0736068
17.8 3.8 0.135123
17.8 4 0.142652
17.8 4.2 0.0936615
17.8 4.4 0.0235075
17.8 4.6 -0.0308898
17.8 4.8 -0.0466046
17.8 5 -0.0245725
17.8 5.2 0.0116768
17.8 5.4 0.0375616
17.8 5.6 0.0420268
17.8 5.8 0.0240237
17.8 6 -0.00135724
17.8 6.2 -0.0267574
17.8 6.4 -0.0286127
17.8 6.6 -0.00274635
17.8 6.8 0.0435749
17.8 7 0.0946292
17.8 7.2 0.112613
17.8 7.4 0.0157558
17.8 7.6 0
17.8 7.8 0
17.8 8 0
17.8 8.2 0
17.8 8.4 0

18 0 0
18 0.2 -0.0636706
18 0.4 -0.461568
18 0.6 -0.378661
18 0.8 -0.288644
18 1 -0.23087
18 1.2 -0.221362
18 1.4 -0.23763
18 1.6 -0.242601
18 1.8 -0.207949
18 2 -0.135378
18 2.2 -0.0528666
18 2.4 -0.00338292
18 2.6 -0.00480511
18 2.8 -0.0422471
18 3 -0.0721653
18 3.2 -0.0604664
18 3.4 0.00108254
18 3.6 0.0758825
18 3.8 0.115676
18 4 0.107553
18 4.2 0.0449278
18 4.4 -0.0330692
18 4.6 -0.0918386
18 4.8 -0.102851
18 5 -0.0752671
18 5.2 -0.0324458
18 5.4 -0.000425311
18 5.6 0.01093
18 5.8 0.00257201
18 6 -0.0093371
18 6.2 -0.022554
18 6.4 -0.0245857
18 6.6 -0.00242876
18 6.8 0.0521259
18 7 0.13063
18 7.2 0.0339651
18 7.4 0
18 7.6 0
18 7.8 0
18 8 0
18 8.2 0
18 8.4 0

18.2 0 0
18.2 0.2 -0.0687103
18.2 0.4 -0.497208
18.2 0.6 -0.387401
18.2 0.8 -0.264103
18.2 1 -0.177048
18.2 1.2 -0.147463
18.2 1.4 -0.166704
18.2 1.6 -0.187888
18.2 1.8 -0.170783
18.2 2 -0.114344
18.2 2.2 -0.0387069
18.2 2.4 0.0103126
18.2 2.6 0.0109514
18.2 2.8 -0.0208497
18.2 3 -0.046987
18.2 3.2 -0.03498
18.2 3.4 0.021286
18.2 3.6 0.0800449
18.2 3.8 0.11087
18.2 4 0.0842412
18.2 4.2 0.0106545
18.2 4.4 -0.0644467
18.2 4.6 -0.109573
18.2 4.8 -0.110329
18.2 5 -0.0757681
18.2 5.2 -0.0312362
18.2 5.4 -0.00402427
18.2 5.6 0.00454008
18.2 5.8 -0.000608686
18.2 6 -0.00913383
18.2 6.2 -0.0275932
18.2 6.4 -0.045327
18.2 6.6 -0.0462576
18.2 6.8 -0.00434748
18.2 7 0.130345
18.2 7.2 0.0180229
18.2 7.4 0
18.2 7.6 0
18.2 7.8 0
18.2 8 0
18.2 8.2 0
18.2 8.4 0

18.4 0 0
18.4 0.2 -0.0290408
18.4 0.4 -0.212189
18.4 0.6 -0.117343
18.4 0.8 0.0051936
18.4 1 0.0928207
18.4 1.2 0.104776
18.4 1.4 0.0617192
18.4 1.6 0.00596066
18.4 1.8 -0.0102267
18.4 2 0.0141557
18.4 2.2 0.0593313
18.4 2.4 0.0836067
18.4 2.6 0.0680007
18.4 2.8 0.0240674
18.4 3 -0.011813
18.4 3.2 -0.00145957
18.4 3.4 0.0513145
18.4 3.6 0.104991
18.4 3.8 0.123802
18.4 4 0.0845356
18.4 4.2 0.0111411
18.4 4.4 -0.05994
18.4 4.6 -0.0857953
18.4 4.8 -0.0643724
18.4 5 -0.0143585
18.4 5.2 0.0229869
18.4 5.4 0.0348082
18.4 5.6 0.0264183
18.4 5.8 0.0126763
18.4 6 0.00145013
18.4 6.2 -0.0130773
18.4 6.4 -0.0551906
18.4 6.6 -0.114145
18.4 6.8 -0.168549
18.4 7 -0.00522356
18.4 7.2 0
18.4 7.4 0
18.4 7.6 0
18.4 7.8 0
18.4 8 0
18.4 8.2 0
18.4 8.4 0

18.6 0 0
18.6 0.2 0.0236293
18.6 0.4 0.16994
18.6 0.6 0.233549
18.6 0.8 0.32706
18.6 1 0.3847
18.6 1.2 0.365399
18.6 1.4 0.286443
18.6 1.6 0.200013
18.6 1.8 0.152128
18.6 2 0.147614
18.6 2.2 0.16808
18.6 2.4 0.168533
18.6 2.6 0.12743
18.6 2.8 0.0645617
18.6 3 0.0199121
18.6 3.2 0.0288095
18.6 3.4 0.0814399
18.6 3.6 0.132611
18.6 3.8 0.142927
18.6 4 0.0943458
18.6 4.2 0.0210555
18.6 4.4 -0.0344076
18.6 4.6 -0.0358805
18.6 4.8 0.00967353
18.6 5 0.068879
18.6 5.2 0.0968463
18.6 5.4 0.0842481
18.6 5.6 0.0518693
18.6 5.8 0.0317977
18.6 6 0.0304664
18.6 6.2 0.0299851
18.6 6.4 -0.00553605
18.6 6.6 -0.11006
18.6 6.8 -0.252066
18.6 7 -0.0345577
18.6 7.2 0
18.6 7.4 0
18.6 7.6 0
18.6 7.8 0
18.6 8 0
18.6 8.2 0
18.6 8.4 0

18.8 0 0
18.8 0.2 0.0500856
18.8 0.4 0.362044
18.8 0.6 0.402936
18.8 0.8 0.470778
18.8 1 0.495377
18.8 1.2 0.443202
18.8 1.4 0.336809
18.8 1.6 0.238187
18.8 1.8 0.182703
18.8 2 0.177834
18.8 2.2 0.197813
18.8 2.4 0.189324
18.8 2.6 0.139906
18.8 2.8 0.0659834
18.8 3 0.0215989
18.8 3.2 0.0333978
18.8 3.4 0.0925565
18.8 3.6 0.148347
18.8 3.8 0.152118
18.8 4 0.0933307
18.8 4.2 0.0119243
18.8 4.4 -0.0295488
18.8 4.6 -0.00547461
18.8 4.8 0.0665656
18.8 5 0.133247
18.8 5.2 0.147683
18.8 5.4 0.103336
18.8 5.6 0.0418347
18.8 5.8 0.0153647
18.8 6 0.0440549
18.8 6.2 0.0946569
18.8 6.4 0.111921
18.8 6.6 0.00633736
18.8 6.8 -0.033553
18.8 7 0
18.8 7.2 0
18.8 7.4 0
18.8 7.6 0
18.8 7.8 0
18.8 8 0
18.8 8.2 0
18.8 8.4 0

19 0 0
19 0.2 0.0311985
19 0.4 0.224775
19 0.6 0.267499
19 0.8 0.325555
19 1 0.330406
19 1.2 0.2631
19 1.4 0.149134
19 1.6 0.0582537
19 1.8 0.0299279
19 2 0.0660092
19 2.2 0.118679
19 2.4 0.130152
19 2.6 0.0850794
19 2.8 0.016555
19 3 -0.0194459
19 3.2 0.00636254
19 3.4 0.0787969
19 3.6 0.139287
19 3.8 0.138045
19 4 0.0663798
19 4.2 -0.022803
19 4.4 -0.058335
19 4.6 -0.0135062
19 4.8 0.0789753
19 5 0.148684
19 5.2 0.14692
19 5.4 0.0673296
19 5.6 -0.0267957
19 5.8 -0.0649075
19 6 -0.00401366
19 6.2 0.126506
19 6.4 0.263804
19 6.6 0.0376208
19 6.8 0
19 7 0
19 7.2 0
19 7.4 0
19 7.6 0
19 7.8 0
19 8 0
19 8.2 0
19 8.4 0

19.2 0 0
19.2 0.2 -0.019388
19.2 0.4 -0.141408
19.2 0.6 -0.0740957
19.2 0.8 -0.00764843
19.2 1 -0.0052542
19.2 1.2 -0.0781247
19.2 1.4 -0.183189
19.2 1.6 -0.244995
19.2 1.8 -0.224709
19.2 2 -0.133604
19.2 2.2 -0.0342946
19.2 2.4 0.0149154
19.2 2.6 -0.00969539
19.2 2.8 -0.0628676
19.2 3 -0.0835962
19.2 3.2 -0.0361776
19.2 3.4 0.0543091
19.2 3.6 0.121724
19.2 3.8 0.108016
19.2 4 0.0203303
19.2 4.2 -0.0781152
19.2 4.4 -0.113471
19.2 4.6 -0.0553969
19.2 4.8 0.0525284
19.2 5 0.129517
19.2 5.2 0.104581
19.2 5.4 -0.0116727
19.2 5.6 -0.139856
19.2 5.8 -0.191597
19.2 6 -0.125993
19.2 6.2 0.0471483
19.2 6.4 0.31759
19.2 6.6 0.0438965
19.2 6.8 0
19.2 7 0
19.2 7.2 0
19.2 7.4 0
19.2 7.6 0
19.2 7.8 0
19.2 8 0
19.2 8.2 0
19.2 8.4 0

19.4 0 0
19.4 0.2 -0.0646791
19.4 0.4 -0.469499
19.4 0.6 -0.375448
19.4 0.8 -0.293895
19.4 1 -0.285048
19.4 1.2 -0.358978
19.4 1.4 -0.457288
19.4 1.6 -0.497827
19.4 1.8 -0.438365
19.4 2 -0.301536
19.4 2.2 -0.15736
19.4 2.4 -0.0777236
19.4 2.6 -0.084416
19.4 2.8 -0.12699
19.4 3 -0.13486
19.4 3.2 -0.0707284
19.4 3.4 0.0369098
19.4 3.6 0.113198
19.4 3.8 0.0954703
19.4 4 -0.0105217
19.4 4.2 -0.126571
19.4 4.4 -0.166232
19.4 4.6 -0.0983086
19.4 4.8 0.0266374
19.4 5 0.107862
19.4 5.2 0.0687082
19.4 5.4 -0.0780946
19.4 5.6 -0.243493
19.4 5.8 -0.320028
19.4 6 -0.278737
19.4 6.2 -0.186936
19.4 6.4 0.018108
19.4 6.6 0
19.4 6.8 0
19.4 7 0
19.4 7.2 0
19.4 7.4 0
19.4 7.6 0
19.4 7.8 0
19.4 8 0
19.4 8.2 0
19.4 8.4 0

19.6 0 0
19.6 0.2 0
19.6 0.4 -0.0646791
19.6 0.6 -0.0516849
19.6 0.8 -0.040534
19.6 1 -0.0390639
19.6 1.2 -0.0494819
19.6 1.4 -0.0630699
19.6 1.6 -0.0687316
19.6 1.8 -0.0604089
19.6 2 -0.0416909
19.6 2.2 -0.0215677
19.6 2.4 -0.0107301
19.6 2.6 -0.011605
19.6 2.8 -0.0175029
19.6 3 -0.0185568
19.6 3.2 -0.00972635
19.6 3.4 0.00527326
19.6 3.6 0.015785
19.6 3.8 0.0134649
19.6 4 -0.00141134
19.6 4.2 -0.0174484
19.6 4.4 -0.0228657
19.6 4.6 -0.0138172
19.6 4.8 0.00380112
19.6 5 0.0148283
19.6 5.2 0.00951854
19.6 5.4 -0.0108737
19.6 5.6 -0.03397
19.6 5.8 -0.044377
19.6 6 -0.0383993
19.6 6.2 -0.0257885
19.6 6.4 0
19.6 6.6 0
19.6 6.8 0
19.6 7 0
19.6 7.2 0
19.6 7.4 0
19.6 7.6 0
19.6 7.8 0
19.6 8 0
19.6 8.2 0
19.6 8.4 0

19.8 0 0
19.8 0.2 0
19.8 0.4 0
19.8 0.6 0
19.8 0.8 0
19.8 1 0
19.8 1.2 0
19.8 1.4 0
19.8 1.6 0
19.8 1.8 0
19.8 2 0
19.8 2.2 0
19.8 2.4 0
19.8 2.6 0
19.8 2.8 0
19.8 3 0
19.8 3.2 0
19.8 3.4 0
19.8 3.6 0
19.8 3.8 0
19.8 4 0
19.8 4.2 0
19.8 4.4 0
19.8 4.6 0
19.8 4.8 0
19.8 5 0
19.8 5.2 0
19.8 5.4 0
19.8 5.6 0
19.8 5.8 0
19.8 6 0
19.8 6.2 0
19.8 6.4 0
19.8 6.6 0
19.8 6.8 0
19.8 7 0
19.8 7.2 0
19.8 7.4 0
19.8 7.6 0
19.8 7.8 0
19.8 8 0
19.8 8.2 0
19.8 8.4 0

