0 0 0
0 1 0
0 2 0
0 3 0
0 4 0
0 5 0
0 6 0
0 7 0
0 8 0
0 9 0
0 10 0
0 11 0
0 12 0
0 13 0
0 14 0
0 15 0
0 16 0
0 17 0
0 18 0
0 19 0
0 20 0
0 21 0
0 22 0
0 23 0
0 24 0
0 25 0
0 26 0
0 27 0
0 28 0
0 29 0
0 30 0
0 31 0
0 32 0
0 33 0
0 34 0
0 35 0
0 36 0
0 37 0
0 38 0
0 39 0

1 0 0
1 1 0
1 2 -0.0212875
1 3 -0.0214589
1 4 -0.0217465
1 5 -0.0223153
1 6 -0.0229555
1 7 -0.0237932
1 8 -0.0247513
1 9 -0.02584
1 10 -0.0270852
1 11 -0.028372
1 12 -0.0296974
1 13 -0.0309908
1 14 -0.0323188
1 15 -0.0334998
1 16 -0.0347552
1 17 -0.0359798
1 18 -0.0372282
1 19 -0.038323
1 20 -0.0391739
1 21 -0.0399872
1 22 -0.0408183
1 23 -0.0414327
1 24 -0.0419793
1 25 -0.0424137
1 26 -0.0426418
1 27 0
1 28 0
1 29 0
1 30 0
1 31 0
1 32 0
1 33 0
1 34 0
1 35 0
1 36 0
1 37 0
1 38 0
1 39 0

2 0 0
2 1 -0.0212875
2 2 -0.171221
2 3 -0.172489
2 4 -0.175049
2 5 -0.179117
2 6 -0.184491
2 7 -0.191162
2 8 -0.198954
2 9 -0.207925
2 10 -0.217569
2 11 -0.228018
2 12 -0.238596
2 13 -0.249176
2 14 -0.259487
2 15 -0.269459
2 16 -0.27944
2 17 -0.289355
2 18 -0.299054
2 19 -0.307588
2 20 -0.315003
2 21 -0.321764
2 22 -0.327891
2 23 -0.333079
2 24 -0.337428
2 25 -0.340689
2 26 -0.342663
2 27 -0.0426418
2 28 0
2 29 0
2 30 0
2 31 0
2 32 0
2 33 0
2 34 0
2 35 0
2 36 0
2 37 0
2 38 0
2 39 0

3 0 0
3 1 -0.0210134
3 2 -0.168775
3 3 -0.169525
3 4 -0.172185
3 5 -0.1757
3 6 -0.181259
3 7 -0.187746
3 8 -0.19567
3 9 -0.204902
3 10 -0.214293
3 11 -0.22458
3 12 -0.234933
3 13 -0.245588
3 14 -0.255617
3 15 -0.266299
3 16 -0.276355
3 17 -0.28613
3 18 -0.29501
3 19 -0.303187
3 20 -0.311445
3 21 -0.318381
3 22 -0.323942
3 23 -0.32924
3 24 -0.333495
3 25 -0.336148
3 26 -0.33801
3 27 -0.0420561
3 28 0
3 29 0
3 30 0
3 31 0
3 32 0
3 33 0
3 34 0
3 35 0
3 36 0
3 37 0
3 38 0
3 39 0

4 0 0
4 1 -0.0202734
4 2 -0.163292
4 3 -0.16465
4 4 -0.167237
4 5 -0.170711
4 6 -0.175694
4 7 -0.182177
4 8 -0.189939
4 9 -0.198646
4 10 -0.208094
4 11 -0.218025
4 12 -0.228545
4 13 -0.239038
4 14 -0.249261
4 15 -0.259872
4 16 -0.269627
4 17 -0.27939
4 18 -0.288022
4 19 -0.296376
4 20 -0.30405
4 21 -0.311134
4 22 -0.316546
4 23 -0.321461
4 24 -0.325934
4 25 -0.328206
4 26 -0.330088
4 27 -0.0410961
4 28 0
4 29 0
4 30 0
4 31 0
4 32 0
4 33 0
4 34 0
4 35 0
4 36 0
4 37 0
4 38 0
4 39 0

5 0 0
5 1 -0.019359
5 2 -0.155373
5 3 -0.156353
5 4 -0.15913
5 5 -0.162553
5 6 -0.167569
5 7 -0.173836
5 8 -0.181774
5 9 -0.18982
5 10 -0.199256
5 11 -0.209262
5 12 -0.219464
5 13 -0.230122
5 14 -0.240376
5 15 -0.250642
5 16 -0.260215
5 17 -0.269482
5 18 -0.277925
5 19 -0.286226
5 20 -0.293598
5 21 -0.300444
5 22 -0.306079
5 23 -0.311024
5 24 -0.314199
5 25 -0.316866
5 26 -0.318409
5 27 -0.0396135
5 28 0
5 29 0
5 30 0
5 31 0
5 32 0
5 33 0
5 34 0
5 35 0
5 36 0
5 37 0
5 38 0
5 39 0

6 0 0
6 1 -0.0180488
6 2 -0.145014
6 3 -0.146223
6 4 -0.14856
6 5 -0.151905
6 6 -0.157472
6 7 -0.163503
6 8 -0.170494
6 9 -0.178725
6 10 -0.187891
6 11 -0.198303
6 12 -0.20796
6 13 -0.21802
6 14 -0.228018
6 15 -0.238624
6 16 -0.248168
6 17 -0.257027
6 18 -0.265438
6 19 -0.273084
6 20 -0.28044
6 21 -0.286569
6 22 -0.292504
6 23 -0.296459
6 24 -0.299955
6 25 -0.302277
6 26 -0.303841
6 27 -0.0378373
6 28 0
6 29 0
6 30 0
6 31 0
6 32 0
6 33 0
6 34 0
6 35 0
6 36 0
6 37 0
6 38 0
6 39 0

7 0 0
7 1 -0.0164069
7 2 -0.132149
7 3 -0.133776
7 4 -0.135742
7 5 -0.139298
7 6 -0.144314
7 7 -0.150125
7 8 -0.15719
7 9 -0.165851
7 10 -0.174469
7 11 -0.183877
7 12 -0.193712
7 13 -0.204181
7 14 -0.213867
7 15 -0.224283
7 16 -0.233261
7 17 -0.242077
7 18 -0.250673
7 19 -0.258454
7 20 -0.265095
7 21 -0.271485
7 22 -0.276119
7 23 -0.280566
7 24 -0.283374
7 25 -0.285258
7 26 -0.28636
7 27 -0.0355765
7 28 0
7 29 0
7 30 0
7 31 0
7 32 0
7 33 0
7 34 0
7 35 0
7 36 0
7 37 0
7 38 0
7 39 0

8 0 0
8 1 -0.0145761
8 2 -0.117304
8 3 -0.118695
8 4 -0.120454
8 5 -0.124628
8 6 -0.129535
8 7 -0.135078
8 8 -0.142385
8 9 -0.150259
8 10 -0.158412
8 11 -0.167691
8 12 -0.177047
8 13 -0.187279
8 14 -0.197193
8 15 -0.207321
8 16 -0.216633
8 17 -0.225644
8 18 -0.234073
8 19 -0.24144
8 20 -0.247949
8 21 -0.253724
8 22 -0.257628
8 23 -0.261168
8 24 -0.263835
8 25 -0.265342
8 26 -0.266352
8 27 -0.0331191
8 28 0
8 29 0
8 30 0
8 31 0
8 32 0
8 33 0
8 34 0
8 35 0
8 36 0
8 37 0
8 38 0
8 39 0

9 0 0
9 1 -0.0124974
9 2 -0.100376
9 3 -0.10148
9 4 -0.10378
9 5 -0.107679
9 6 -0.11238
9 7 -0.117657
9 8 -0.125121
9 9 -0.132699
9 10 -0.141119
9 11 -0.150353
9 12 -0.159371
9 13 -0.168937
9 14 -0.178767
9 15 -0.188784
9 16 -0.198683
9 17 -0.206902
9 18 -0.214824
9 19 -0.222665
9 20 -0.228774
9 21 -0.234257
9 22 -0.237463
9 23 -0.240585
9 24 -0.242525
9 25 -0.244137
9 26 -0.244697
9 27 -0.0304157
9 28 0
9 29 0
9 30 0
9 31 0
9 32 0
9 33 0
9 34 0
9 35 0
9 36 0
9 37 0
9 38 0
9 39 0

10 0 0
10 1 -0.0101464
10 2 -0.0818101
10 3 -0.0829376
10 4 -0.0852881
10 5 -0.089141
10 6 -0.094143
10 7 -0.0996778
10 8 -0.106468
10 9 -0.113888
10 10 -0.122266
10 11 -0.130537
10 12 -0.139489
10 13 -0.149553
10 14 -0.159343
10 15 -0.168685
10 16 -0.178672
10 17 -0.186977
10 18 -0.194727
10 19 -0.201645
10 20 -0.207521
10 21 -0.212193
10 22 -0.215928
10 23 -0.218591
10 24 -0.219531
10 25 -0.220262
10 26 -0.220664
10 27 -0.0274676
10 28 0
10 29 0
10 30 0
10 31 0
10 32 0
10 33 0
10 34 0
10 35 0
10 36 0
10 37 0
10 38 0
10 39 0

11 0 0
11 1 -0.00767984
11 2 -0.0616891
11 3 -0.0624039
11 4 -0.0648849
11 5 -0.0690581
11 6 -0.0734834
11 7 -0.0794583
11 8 -0.0859667
11 9 -0.0936954
11 10 -0.10212
11 11 -0.111001
11 12 -0.119532
11 13 -0.128808
11 14 -0.138375
11 15 -0.147919
11 16 -0.156897
11 17 -0.16579
11 18 -0.173489
11 19 -0.180703
11 20 -0.186313
11 21 -0.190374
11 22 -0.193897
11 23 -0.195518
11 24 -0.194844
11 25 -0.194453
11 26 -0.194139
11 27 -0.0242243
11 28 0
11 29 0
11 30 0
11 31 0
11 32 0
11 33 0
11 34 0
11 35 0
11 36 0
11 37 0
11 38 0
11 39 0

12 0 0
12 1 -0.00500253
12 2 -0.0401668
12 3 -0.0412788
12 4 -0.0440434
12 5 -0.047525
12 6 -0.0521595
12 7 -0.0578823
12 8 -0.0648011
12 9 -0.0723688
12 10 -0.0803059
12 11 -0.0889525
12 12 -0.0982499
12 13 -0.107325
12 14 -0.116885
12 15 -0.126223
12 16 -0.134874
12 17 -0.143733
12 18 -0.151553
12 19 -0.158155
12 20 -0.164146
12 21 -0.168189
12 22 -0.170895
12 23 -0.171288
12 24 -0.170725
12 25 -0.168133
12 26 -0.16385
12 27 -0.0329525
12 28 -0.0104863
12 29 -0.00879572
12 30 -0.00758491
12 31 -0.0066796
12 32 -0.00606985
12 33 0
12 34 0
12 35 0
12 36 0
12 37 0
12 38 0
12 39 0

13 0 0
13 1 -0.00220627
13 2 -0.0180799
13 3 -0.0195834
13 4 -0.0213217
13 5 -0.0250551
13 6 -0.0299802
13 7 -0.0359112
13 8 -0.0425631
13 9 -0.0504538
13 10 -0.0586604
13 11 -0.0668733
13 12 -0.0761501
13 13 -0.0852738
13 14 -0.0947767
13 15 -0.103617
13 16 -0.113032
13 17 -0.121385
13 18 -0.129155
13 19 -0.135687
13 20 -0.141474
13 21 -0.145615
13 22 -0.148144
13 23 -0.148154
13 24 -0.145828
13 25 -0.139755
13 26 -0.127727
13 27 -0.101263
13 28 -0.0837808
13 29 -0.0707676
13 30 -0.0609531
13 31 -0.0536683
13 32 -0.0488667
13 33 -0.0109292
13 34 -0.00431899
13 35 0
13 36 0
13 37 0
13 38 0
13 39 0

14 0 0
14 1 0.000566165
14 2 0.00461874
14 3 0.00319504
14 4 0.0012464
14 5 -0.00216729
14 6 -0.00753411
14 7 -0.0133471
14 8 -0.0202028
14 9 -0.0280399
14 10 -0.0368281
14 11 -0.044992
14 12 -0.0543943
14 13 -0.0630916
14 14 -0.0725286
14 15 -0.0818776
14 16 -0.0904059
14 17 -0.0993141
14 18 -0.106537
14 19 -0.113923
14 20 -0.119933
14 21 -0.123633
14 22 -0.125532
14 23 -0.125281
14 24 -0.122526
14 25 -0.116786
14 26 -0.106664
14 27 -0.0920619
14 28 -0.0777865
14 29 -0.0669156
14 30 -0.0581714
14 31 -0.0506007
14 32 -0.0443362
14 33 -0.0385272
14 34 -0.0347206
14 35 -0.00769643
14 36 0
14 37 0
14 38 0
14 39 0

15 0 0
15 1 0.00340681
15 2 0.0273838
15 3 0.0259104
15 4 0.0232369
15 5 0.0198377
15 6 0.0147589
15 7 0.0085784
15 8 0.00226726
15 9 -0.00587684
15 10 -0.0141199
15 11 -0.022901
15 12 -0.0320473
15 13 -0.0407141
15 14 -0.0501573
15 15 -0.059841
15 16 -0.068574
15 17 -0.0774398
15 18 -0.0849688
15 19 -0.0919345
15 20 -0.0977824
15 21 -0.10195
15 22 -0.104211
15 23 -0.104477
15 24 -0.102116
15 25 -0.0978119
15 26 -0.090435
15 27 -0.0803574
15 28 -0.0701448
15 29 -0.0611593
15 30 -0.0533869
15 31 -0.0462167
15 32 -0.0405098
15 33 -0.0352242
15 34 -0.0308847
15 35 -0.0270579
15 36 -0.00590114
15 37 0
15 38 0
15 39 0

16 0 0
16 1 0.00618858
16 2 0.0495098
16 3 0.0478543
16 4 0.045007
16 5 0.0413773
16 6 0.0365189
16 7 0.0299601
16 8 0.0232507
16 9 0.0157285
16 10 0.00724736
16 11 -0.00155613
16 12 -0.010814
16 13 -0.01994
16 14 -0.0294322
16 15 -0.0384633
16 16 -0.0472846
16 17 -0.0563587
16 18 -0.0642072
16 19 -0.0715831
16 20 -0.0773136
16 21 -0.0818438
16 22 -0.0847649
16 23 -0.0856127
16 24 -0.0840943
16 25 -0.0806911
16 26 -0.0755006
16 27 -0.0686161
16 28 -0.0616069
16 29 -0.053886
16 30 -0.0474128
16 31 -0.0416229
16 32 -0.0369456
16 33 -0.0314651
16 34 -0.0270115
16 35 -0.0233554
16 36 -0.0202149
16 37 -0.00436334
16 38 0
16 39 0

17 0 0
17 1 0.00879268
17 2 0.0707189
17 3 0.069028
17 4 0.065872
17 5 0.0618826
17 6 0.0565019
17 7 0.0503332
17 8 0.0430855
17 9 0.0354563
17 10 0.0272594
17 11 0.0190071
17 12 0.00958394
17 13 0.000235377
17 14 -0.0100318
17 15 -0.0191305
17 16 -0.0276636
17 17 -0.0364115
17 18 -0.0448275
17 19 -0.0524811
17 20 -0.0586411
17 21 -0.0632224
17 22 -0.0667517
17 23 -0.0681714
17 24 -0.0672033
17 25 -0.0659725
17 26 -0.0623284
17 27 -0.0578955
17 28 -0.0529034
17 29 -0.0467056
17 30 -0.0413005
17 31 -0.0359783
17 32 -0.0313537
17 33 -0.0263869
17 34 -0.0229844
17 35 -0.0197036
17 36 -0.0170574
17 37 -0.0148713
17 38 -0.00183963
17 39 0

18 0 0
18 1 0.0112212
18 2 0.090149
18 3 0.088405
18 4 0.0856817
18 5 0.0811583
18 6 0.0760691
18 7 0.0698248
18 8 0.0623987
18 9 0.0544832
18 10 0.0458191
18 11 0.0374605
18 12 0.028598
18 13 0.0189263
18 14 0.00850979
18 15 -0.0012437
18 16 -0.00999638
18 17 -0.0192206
18 18 -0.0268437
18 19 -0.0347976
18 20 -0.0414559
18 21 -0.0468588
18 22 -0.0503979
18 23 -0.0525703
18 24 -0.0530614
18 25 -0.0521163
18 26 -0.0503238
18 27 -0.0471422
18 28 -0.0440301
18 29 -0.0395333
18 30 -0.0352831
18 31 -0.031008
18 32 -0.0265159
18 33 -0.0230402
18 34 -0.0197382
18 35 -0.0169509
18 36 -0.0150679
18 37 -0.0138695
18 38 -0.00174105
18 39 0

19 0 0
19 1 0.0134467
19 2 0.107856
19 3 0.105975
19 4 0.103524
19 5 0.098737
19 6 0.0937654
19 7 0.0872009
19 8 0.0795477
19 9 0.0724843
19 10 0.0634776
19 11 0.054509
19 12 0.0451436
19 13 0.0346871
19 14 0.0248609
19 15 0.0150699
19 16 0.00563296
19 17 -0.0032445
19 18 -0.0117979
19 19 -0.0201314
19 20 -0.0261487
19 21 -0.0319092
19 22 -0.0363861
19 23 -0.0392405
19 24 -0.0409713
19 25 -0.0411886
19 26 -0.0406156
19 27 -0.0385946
19 28 -0.0362759
19 29 -0.0329512
19 30 -0.0289028
19 31 -0.0248514
19 32 -0.0218004
19 33 -0.0188721
19 34 -0.016298
19 35 -0.0141399
19 36 -0.0130547
19 37 -0.0122446
19 38 -0.00151544
19 39 0

20 0 0
20 1 0.0154171
20 2 0.123762
20 3 0.121818
20 4 0.119407
20 5 0.114785
20 6 0.109762
20 7 0.103167
20 8 0.0960623
20 9 0.0879803
20 10 0.0792615
20 11 0.0699321
20 12 0.0599866
20 13 0.049547
20 14 0.0393675
20 15 0.0289739
20 16 0.0193521
20 17 0.0104095
20 18 0.00204388
20 19 -0.0063541
20 20 -0.0132101
20 21 -0.0194624
20 22 -0.0242324
20 23 -0.0275745
20 24 -0.0302188
20 25 -0.0305704
20 26 -0.0312829
20 27 -0.0304657
20 28 -0.0291017
20 29 -0.0269348
20 30 -0.0237596
20 31 -0.0212234
20 32 -0.018436
20 33 -0.0158471
20 34 -0.0134897
20 35 -0.0119866
20 36 -0.0109749
20 37 -0.010485
20 38 -0.0012907
20 39 0

21 0 0
21 1 0.017108
21 2 0.137456
21 3 0.135529
21 4 0.133022
21 5 0.128531
21 6 0.123627
21 7 0.117091
21 8 0.10977
21 9 0.101449
21 10 0.0923468
21 11 0.0825336
21 12 0.0717382
21 13 0.0618736
21 14 0.052043
21 15 0.0412418
21 16 0.0312279
21 17 0.0217556
21 18 0.0137009
21 19 0.00512886
21 20 -0.00220989
21 21 -0.00872429
21 22 -0.0141375
21 23 -0.0184796
21 24 -0.0209806
21 25 -0.0228612
21 26 -0.0242251
21 27 -0.0237356
21 28 -0.0229834
21 29 -0.0215017
21 30 -0.0193589
21 31 -0.0169364
21 32 -0.0152942
21 33 -0.013041
21 34 -0.0115167
21 35 -0.0102491
21 36 -0.00956078
21 37 -0.0090667
21 38 -0.00112407
21 39 0

22 0 0
22 1 0.0185289
22 2 0.148556
22 3 0.146699
22 4 0.144168
22 5 0.139419
22 6 0.134833
22 7 0.128218
22 8 0.121213
22 9 0.112514
22 10 0.102982
22 11 0.0926483
22 12 0.0820177
22 13 0.0723154
22 14 0.0616861
22 15 0.0513164
22 16 0.0414876
22 17 0.0315757
22 18 0.0227861
22 19 0.0142496
22 20 0.00663838
22 21 -0.000540169
22 22 -0.00550484
22 23 -0.0101287
22 24 -0.013357
22 25 -0.0158527
22 26 -0.0182373
22 27 -0.0184917
22 28 -0.0189945
22 29 -0.017691
22 30 -0.0165283
22 31 -0.0148744
22 32 -0.0133066
22 33 -0.012119
22 34 -0.0105898
22 35 -0.00961658
22 36 -0.00876885
22 37 -0.00823602
22 38 -0.00100442
22 39 0

23 0 0
23 1 0.0195129
23 2 0.156896
23 3 0.155543
23 4 0.153258
23 5 0.148662
23 6 0.143572
23 7 0.136891
23 8 0.12965
23 9 0.121191
23 10 0.11137
23 11 0.101112
23 12 0.0902839
23 13 0.079995
23 14 0.0691053
23 15 0.058687
23 16 0.0490631
23 17 0.0391355
23 18 0.0298961
23 19 0.0211306
23 20 0.013382
23 21 0.00615885
23 22 -0.000125879
23 23 -0.004989
23 24 -0.00858726
23 25 -0.0111528
23 26 -0.013656
23 27 -0.0147684
23 28 -0.0154142
23 29 -0.0143152
23 30 -0.0137922
23 31 -0.0127139
23 32 -0.0118076
23 33 -0.0110156
23 34 -0.00986487
23 35 -0.00920071
23 36 -0.00904273
23 37 -0.00839757
23 38 -0.000994983
23 39 0

24 0 0
24 1 0.0201839
24 2 0.162519
24 3 0.161569
24 4 0.158681
24 5 0.154671
24 6 0.14995
24 7 0.143024
24 8 0.135796
24 9 0.127435
24 10 0.117504
24 11 0.106971
24 12 0.0963514
24 13 0.0851163
24 14 0.0741233
24 15 0.063397
24 16 0.0531087
24 17 0.0435549
24 18 0.0346817
24 19 0.0265435
24 20 0.0183835
24 21 0.0106715
24 22 0.0045144
24 23 -0.00132
24 24 -0.00522571
24 25 -0.00809351
24 26 -0.0106558
24 27 -0.0119473
24 28 -0.0128207
24 29 -0.0126512
24 30 -0.0130471
24 31 -0.0123154
24 32 -0.0116679
24 33 -0.0108308
24 34 -0.00967487
24 35 -0.00955254
24 36 -0.0086765
24 37 -0.00879307
24 38 -0.00115232
24 39 0

25 0 0
25 1 0.0206149
25 2 0.165468
25 3 0.163745
25 4 0.161613
25 5 0.157885
25 6 0.152974
25 7 0.146341
25 8 0.138726
25 9 0.130024
25 10 0.120388
25 11 0.109813
25 12 0.0992985
25 13 0.0879437
25 14 0.0772661
25 15 0.065693
25 16 0.0558202
25 17 0.0465513
25 18 0.0377477
25 19 0.0286249
25 20 0.0201006
25 21 0.0124852
25 22 0.00584498
25 23 0.000451487
25 24 -0.00348074
25 25 -0.00669912
25 26 -0.00908967
25 27 -0.0112801
25 28 -0.0119752
25 29 -0.0125004
25 30 -0.0125052
25 31 -0.0123009
25 32 -0.0124217
25 33 -0.0113956
25 34 -0.0106978
25 35 -0.0101123
25 36 -0.0098586
25 37 -0.0098273
25 38 -0.0012257
25 39 0

26 0 0
26 1 0.0205848
26 2 0.165358
26 3 0.163944
26 4 0.162108
26 5 0.157226
26 6 0.152084
26 7 0.145727
26 8 0.138578
26 9 0.130346
26 10 0.12039
26 11 0.109864
26 12 0.0991209
26 13 0.087711
26 14 0.0766541
26 15 0.0656734
26 16 0.0557648
26 17 0.0463784
26 18 0.0370739
26 19 0.0280002
26 20 0.0198404
26 21 0.0121574
26 22 0.00586213
26 23 0.000185115
26 24 -0.00360617
26 25 -0.00689302
26 26 -0.00916576
26 27 -0.01149
26 28 -0.012433
26 29 -0.0133178
26 30 -0.0140253
26 31 -0.0139592
26 32 -0.0133126
26 33 -0.0125689
26 34 -0.0119801
26 35 -0.0120637
26 36 -0.0113491
26 37 -0.0113822
26 38 -0.00142337
26 39 0

27 0 0
27 1 0.0202356
27 2 0.162451
27 3 0.160842
27 4 0.15904
27 5 0.154449
27 6 0.149053
27 7 0.142876
27 8 0.135637
27 9 0.127171
27 10 0.117505
27 11 0.107089
27 12 0.0959368
27 13 0.0848138
27 14 0.0742517
27 15 0.063523
27 16 0.053813
27 17 0.0436967
27 18 0.0346487
27 19 0.0257224
27 20 0.0170994
27 21 0.00977896
27 22 0.00303772
27 23 -0.0018458
27 24 -0.00629233
27 25 -0.00943611
27 26 -0.0123163
27 27 -0.0145672
27 28 -0.0150635
27 29 -0.0155869
27 30 -0.0160057
27 31 -0.0159675
27 32 -0.0156733
27 33 -0.0143657
27 34 -0.0139069
27 35 -0.013781
27 36 -0.0135782
27 37 -0.0137588
27 38 -0.00173489
27 39 0

28 0 0
28 1 0.0194265
28 2 0.156597
28 3 0.15559
28 4 0.15318
28 5 0.149055
28 6 0.143842
28 7 0.13723
28 8 0.129531
28 9 0.121112
28 10 0.111379
28 11 0.10117
28 12 0.0908093
28 13 0.0799615
28 14 0.0691493
28 15 0.0583439
28 16 0.0481594
28 17 0.0380502
28 18 0.0291551
28 19 0.019825
28 20 0.0124024
28 21 0.00520073
28 22 -0.0015049
28 23 -0.0066288
28 24 -0.0112481
28 25 -0.0138197
28 26 -0.0163457
28 27 -0.0180663
28 28 -0.0188295
28 29 -0.019157
28 30 -0.0190986
28 31 -0.0190866
28 32 -0.0186046
28 33 -0.0179943
28 34 -0.0170355
28 35 -0.0169288
28 36 -0.0162669
28 37 -0.0160813
28 38 -0.00199051
28 39 0

29 0 0
29 1 0.0184684
29 2 0.148452
29 3 0.147125
29 4 0.144677
29 5 0.139813
29 6 0.135407
29 7 0.128773
29 8 0.12099
29 9 0.112421
29 10 0.102659
29 11 0.0933235
29 12 0.0830805
29 13 0.0720951
29 14 0.0612995
29 15 0.0503811
29 16 0.0405396
29 17 0.030295
29 18 0.0213568
29 19 0.0121691
29 20 0.00420512
29 21 -0.00224462
29 22 -0.00864266
29 23 -0.0134587
29 24 -0.0177004
29 25 -0.0204539
29 26 -0.0219883
29 27 -0.0236642
29 28 -0.0243215
29 29 -0.0243686
29 30 -0.0231169
29 31 -0.0227834
29 32 -0.0220125
29 33 -0.0213832
29 34 -0.0205361
29 35 -0.0198208
29 36 -0.0192436
29 37 -0.0189355
29 38 -0.00233759
29 39 0

30 0 0
30 1 0.0171254
30 2 0.137735
30 3 0.136482
30 4 0.133928
30 5 0.129135
30 6 0.124137
30 7 0.116944
30 8 0.10916
30 9 0.101451
30 10 0.0923408
30 11 0.0823075
30 12 0.0720427
30 13 0.0620602
30 14 0.0514133
30 15 0.0408735
30 16 0.0305433
30 17 0.0201912
30 18 0.0115109
30 19 0.00260977
30 20 -0.00504137
30 21 -0.0120015
30 22 -0.0177139
30 23 -0.0227923
30 24 -0.025827
30 25 -0.0278687
30 26 -0.0297615
30 27 -0.0301146
30 28 -0.0306705
30 29 -0.0300282
30 30 -0.0290357
30 31 -0.0282857
30 32 -0.0267927
30 33 -0.0257081
30 34 -0.0242785
30 35 -0.0236614
30 36 -0.0224005
30 37 -0.0221244
30 38 -0.00278043
30 39 0

31 0 0
31 1 0.0154942
31 2 0.124381
31 3 0.122877
31 4 0.119779
31 5 0.115328
31 6 0.109918
31 7 0.102947
31 8 0.0959617
31 9 0.087942
31 10 0.0787605
31 11 0.069127
31 12 0.059837
31 13 0.0494078
31 14 0.0389055
31 15 0.0284105
31 16 0.0179234
31 17 0.0082487
31 18 -0.000795871
31 19 -0.00941128
31 20 -0.0168486
31 21 -0.0232365
31 22 -0.0289259
31 23 -0.0331806
31 24 -0.0355849
31 25 -0.0369218
31 26 -0.0382717
31 27 -0.0388095
31 28 -0.0382248
31 29 -0.036771
31 30 -0.0352715
31 31 -0.0335144
31 32 -0.0318926
31 33 -0.0300051
31 34 -0.028531
31 35 -0.0275686
31 36 -0.0266848
31 37 -0.025862
31 38 -0.00319602
31 39 0

32 0 0
32 1 0.0134933
32 2 0.108514
32 3 0.107014
32 4 0.103843
32 5 0.0999032
32 6 0.0938121
32 7 0.0871578
32 8 0.080354
32 9 0.0717645
32 10 0.0634809
32 11 0.0540661
32 12 0.0445124
32 13 0.0347177
32 14 0.0241225
32 15 0.0134623
32 16 0.00358533
32 17 -0.00512427
32 18 -0.014593
32 19 -0.0232248
32 20 -0.030462
32 21 -0.0365575
32 22 -0.04153
32 23 -0.0452397
32 24 -0.0475577
32 25 -0.0484067
32 26 -0.048507
32 27 -0.04832
32 28 -0.0471116
32 29 -0.045008
32 30 -0.0431437
32 31 -0.0398874
32 32 -0.0378156
32 33 -0.0354252
32 34 -0.0329634
32 35 -0.0318051
32 36 -0.0304812
32 37 -0.0299003
32 38 -0.00372235
32 39 0

33 0 0
33 1 0.0112062
33 2 0.0902636
33 3 0.0888795
33 4 0.0858867
33 5 0.0819833
33 6 0.0761779
33 7 0.0697084
33 8 0.0628086
33 9 0.0542172
33 10 0.045749
33 11 0.037158
33 12 0.0277252
33 13 0.0179436
33 14 0.00739414
33 15 -0.00270767
33 16 -0.0131411
33 17 -0.0216886
33 18 -0.0305665
33 19 -0.0388208
33 20 -0.0459454
33 21 -0.0515648
33 22 -0.055682
33 23 -0.0587418
33 24 -0.0597707
33 25 -0.0605783
33 26 -0.0599906
33 27 -0.0588758
33 28 -0.0565156
33 29 -0.0531122
33 30 -0.0506071
33 31 -0.0463093
33 32 -0.0439428
33 33 -0.0405498
33 34 -0.0387827
33 35 -0.0366479
33 36 -0.0348679
33 37 -0.0339963
33 38 -0.00420724
33 39 0

34 0 0
34 1 0.00881419
34 2 0.0704546
34 3 0.0685993
34 4 0.0659543
34 5 0.0617812
34 6 0.0573133
34 7 0.0507217
34 8 0.0431658
34 9 0.035286
34 10 0.0270004
34 11 0.0182948
34 12 0.00860144
34 13 -0.0011091
34 14 -0.0114151
34 15 -0.020973
34 16 -0.0307365
34 17 -0.0399043
34 18 -0.0483863
34 19 -0.0563813
34 20 -0.0627585
34 21 -0.0678424
34 22 -0.071657
34 23 -0.0740999
34 24 -0.0747442
34 25 -0.073954
34 26 -0.0726596
34 27 -0.0698758
34 28 -0.0667133
34 29 -0.0627528
34 30 -0.0587423
34 31 -0.0546626
34 32 -0.0504182
34 33 -0.0469439
34 34 -0.0441308
34 35 -0.0408698
34 36 -0.0385752
34 37 -0.0374008
34 38 -0.00467973
34 39 0

35 0 0
35 1 0.00612104
35 2 0.0492052
35 3 0.0476176
35 4 0.0448291
35 5 0.0408559
35 6 0.0360371
35 7 0.0303574
35 8 0.0227748
35 9 0.0148862
35 10 0.00671002
35 11 -0.00243515
35 12 -0.0119718
35 13 -0.0215342
35 14 -0.0320347
35 15 -0.0414685
35 16 -0.0505274
35 17 -0.0595883
35 18 -0.0675981
35 19 -0.0750325
35 20 -0.0816076
35 21 -0.0863302
35 22 -0.08921
35 23 -0.090572
35 24 -0.0901494
35 25 -0.0886994
35 26 -0.0858583
35 27 -0.0818456
35 28 -0.0766071
35 29 -0.0720033
35 30 -0.0666732
35 31 -0.0619402
35 32 -0.0573608
35 33 -0.0523601
35 34 -0.0496113
35 35 -0.0456442
35 36 -0.0427443
35 37 -0.0397149
35 38 -0.00493172
35 39 0

36 0 0
36 1 0.00331331
36 2 0.0264659
36 3 0.0249487
36 4 0.0226336
36 5 0.0191881
36 6 0.014051
36 7 0.00796344
36 8 0.00154396
36 9 -0.00619718
36 10 -0.0155447
36 11 -0.023817
36 12 -0.0335175
36 13 -0.0428602
36 14 -0.0524097
36 15 -0.0622332
36 16 -0.0711947
36 17 -0.0800377
36 18 -0.0880475
36 19 -0.095707
36 20 -0.101448
36 21 -0.106008
36 22 -0.10847
36 23 -0.109146
36 24 -0.107997
36 25 -0.104984
36 26 -0.10057
36 27 -0.0939035
36 28 -0.0866319
36 29 -0.0800734
36 30 -0.0740938
36 31 -0.0685275
36 32 -0.0633391
36 33 -0.0581643
36 34 -0.0542199
36 35 -0.0498689
36 36 -0.0461768
36 37 -0.0106703
36 38 0
36 39 0

37 0 0
37 1 0.000349099
37 2 0.00292006
37 3 0.00211108
37 4 6.21645e-05
37 5 -0.00347352
37 6 -0.00849768
37 7 -0.014187
37 8 -0.0205985
37 9 -0.0287671
37 10 -0.0376435
37 11 -0.0462299
37 12 -0.0556778
37 13 -0.0649635
37 14 -0.0739845
37 15 -0.0839187
37 16 -0.0933965
37 17 -0.101555
37 18 -0.109255
37 19 -0.117042
37 20 -0.122484
37 21 -0.12688
37 22 -0.128915
37 23 -0.129204
37 24 -0.127385
37 25 -0.122983
37 26 -0.1157
37 27 -0.106417
37 28 -0.0971404
37 29 -0.088293
37 30 -0.0808387
37 31 -0.0739
37 32 -0.0687808
37 33 -0.0632382
37 34 -0.058851
37 35 -0.0547684
37 36 -0.0125758
37 37 0
37 38 0
37 39 0

38 0 0
38 1 -0.00253141
38 2 -0.0201692
38 3 -0.0209553
38 4 -0.0229787
38 5 -0.0269148
38 6 -0.0318688
38 7 -0.0372116
38 8 -0.0438306
38 9 -0.0513811
38 10 -0.0594102
38 11 -0.0689714
38 12 -0.0776996
38 13 -0.0864856
38 14 -0.0962207
38 15 -0.106282
38 16 -0.115335
38 17 -0.12371
38 18 -0.130947
38 19 -0.138166
38 20 -0.143755
38 21 -0.148269
38 22 -0.1501
38 23 -0.150166
38 24 -0.148154
38 25 -0.143037
38 26 -0.133192
38 27 -0.118187
38 28 -0.105247
38 29 -0.0945193
38 30 -0.0863036
38 31 -0.0788829
38 32 -0.0739243
38 33 -0.0668537
38 34 -0.0631134
38 35 -0.0146895
38 36 0
38 37 0
38 38 0
38 39 0

39 0 0
39 1 -0.00530849
39 2 -0.0427334
39 3 -0.043907
39 4 -0.0455247
39 5 -0.0492381
39 6 -0.05335
39 7 -0.0588966
39 8 -0.0659321
39 9 -0.073546
39 10 -0.0821861
39 11 -0.0911217
39 12 -0.0997025
39 13 -0.108874
39 14 -0.119092
39 15 -0.128039
39 16 -0.137136
39 17 -0.145742
39 18 -0.153598
39 19 -0.160686
39 20 -0.165981
39 21 -0.169888
39 22 -0.171977
39 23 -0.172844
39 24 -0.170512
39 25 -0.165995
39 26 -0.155183
39 27 -0.128088
39 28 -0.110824
39 29 -0.0981794
39 30 -0.0892794
39 31 -0.0823356
39 32 -0.0780821
39 33 -0.0179739
39 34 -0.00785235
39 35 0
39 36 0
39 37 0
39 38 0
39 39 0

40 0 0
40 1 -0.00795775
40 2 -0.064069
40 3 -0.0652763
40 4 -0.0676784
40 5 -0.0715715
40 6 -0.0758306
40 7 -0.0813031
40 8 -0.0880127
40 9 -0.0951573
40 10 -0.103924
40 11 -0.112623
40 12 -0.121461
40 13 -0.130813
40 14 -0.140573
40 15 -0.149558
40 16 -0.159369
40 17 -0.168082
40 18 -0.176202
40 19 -0.182604
40 20 -0.187931
40 21 -0.192323
40 22 -0.194957
40 23 -0.19645
40 24 -0.19607
40 25 -0.193619
40 26 -0.190107
40 27 -0.0394922
40 28 -0.0137627
40 29 -0.0121749
40 30 -0.0111294
40 31 -0.0102358
40 32 -0.00967616
40 33 0
40 34 0
40 35 0
40 36 0
40 37 0
40 38 0
40 39 0

41 0 0
41 1 -0.0104907
41 2 -0.0843115
41 3 -0.0854862
41 4 -0.0876704
41 5 -0.0915179
41 6 -0.0957492
41 7 -0.101492
41 8 -0.108042
41 9 -0.115637
41 10 -0.123924
41 11 -0.133556
41 12 -0.142415
41 13 -0.152064
41 14 -0.161755
41 15 -0.170971
41 16 -0.180761
41 17 -0.188785
41 18 -0.196809
41 19 -0.203935
41 20 -0.209501
41 21 -0.214637
41 22 -0.217714
41 23 -0.21984
41 24 -0.220628
41 25 -0.220849
41 26 -0.21973
41 27 -0.0272774
41 28 0
41 29 0
41 30 0
41 31 0
41 32 0
41 33 0
41 34 0
41 35 0
41 36 0
41 37 0
41 38 0
41 39 0

42 0 0
42 1 -0.0127286
42 2 -0.102773
42 3 -0.104571
42 4 -0.106883
42 5 -0.110376
42 6 -0.115027
42 7 -0.121074
42 8 -0.127684
42 9 -0.135429
42 10 -0.14368
42 11 -0.152915
42 12 -0.161827
42 13 -0.172293
42 14 -0.181828
42 15 -0.19099
42 16 -0.200745
42 17 -0.209233
42 18 -0.217381
42 19 -0.224493
42 20 -0.230647
42 21 -0.235935
42 22 -0.23959
42 23 -0.242011
42 24 -0.243983
42 25 -0.24517
42 26 -0.245305
42 27 -0.0305025
42 28 0
42 29 0
42 30 0
42 31 0
42 32 0
42 33 0
42 34 0
42 35 0
42 36 0
42 37 0
42 38 0
42 39 0

43 0 0
43 1 -0.0149379
43 2 -0.119979
43 3 -0.120922
43 4 -0.123399
43 5 -0.127358
43 6 -0.132319
43 7 -0.138669
43 8 -0.145263
43 9 -0.153344
43 10 -0.161967
43 11 -0.171685
43 12 -0.180891
43 13 -0.190424
43 14 -0.200478
43 15 -0.210219
43 16 -0.219728
43 17 -0.227976
43 18 -0.23646
43 19 -0.243839
43 20 -0.249726
43 21 -0.254638
43 22 -0.259109
43 23 -0.262697
43 24 -0.265151
43 25 -0.267004
43 26 -0.267831
43 27 -0.0333058
43 28 0
43 29 0
43 30 0
43 31 0
43 32 0
43 33 0
43 34 0
43 35 0
43 36 0
43 37 0
43 38 0
43 39 0

44 0 0
44 1 -0.0168068
44 2 -0.135092
44 3 -0.13635
44 4 -0.138783
44 5 -0.142685
44 6 -0.14753
44 7 -0.153761
44 8 -0.1608
44 9 -0.168803
44 10 -0.177884
44 11 -0.187821
44 12 -0.197765
44 13 -0.206734
44 14 -0.216952
44 15 -0.226847
44 16 -0.236237
44 17 -0.245186
44 18 -0.252945
44 19 -0.260083
44 20 -0.267244
44 21 -0.272826
44 22 -0.277415
44 23 -0.281643
44 24 -0.284819
44 25 -0.286331
44 26 -0.287629
44 27 -0.0357939
44 28 0
44 29 0
44 30 0
44 31 0
44 32 0
44 33 0
44 34 0
44 35 0
44 36 0
44 37 0
44 38 0
44 39 0

45 0 0
45 1 -0.018444
45 2 -0.148193
45 3 -0.1494
45 4 -0.151643
45 5 -0.156229
45 6 -0.160733
45 7 -0.166939
45 8 -0.17408
45 9 -0.182618
45 10 -0.191327
45 11 -0.201305
45 12 -0.211744
45 13 -0.22162
45 14 -0.231566
45 15 -0.241731
45 16 -0.250858
45 17 -0.25964
45 18 -0.268026
45 19 -0.275476
45 20 -0.282417
45 21 -0.288869
45 22 -0.293473
45 23 -0.29806
45 24 -0.301227
45 25 -0.303247
45 26 -0.304985
45 27 -0.0379956
45 28 0
45 29 0
45 30 0
45 31 0
45 32 0
45 33 0
45 34 0
45 35 0
45 36 0
45 37 0
45 38 0
45 39 0

46 0 0
46 1 -0.0197543
46 2 -0.158925
46 3 -0.160287
46 4 -0.162168
46 5 -0.166762
46 6 -0.171775
46 7 -0.178595
46 8 -0.185769
46 9 -0.194304
46 10 -0.20357
46 11 -0.213166
46 12 -0.2234
46 13 -0.233215
46 14 -0.243709
46 15 -0.253766
46 16 -0.263144
46 17 -0.272052
46 18 -0.280035
46 19 -0.288083
46 20 -0.295321
46 21 -0.301188
46 22 -0.30745
46 23 -0.311603
46 24 -0.315369
46 25 -0.317503
46 26 -0.318473
46 27 -0.0395935
46 28 0
46 29 0
46 30 0
46 31 0
46 32 0
46 33 0
46 34 0
46 35 0
46 36 0
46 37 0
46 38 0
46 39 0

47 0 0
47 1 -0.0207861
47 2 -0.167292
47 3 -0.168588
47 4 -0.171058
47 5 -0.175288
47 6 -0.180054
47 7 -0.186969
47 8 -0.19434
47 9 -0.20294
47 10 -0.212194
47 11 -0.222781
47 12 -0.232489
47 13 -0.243072
47 14 -0.253212
47 15 -0.262706
47 16 -0.272767
47 17 -0.281939
47 18 -0.29029
47 19 -0.298053
47 20 -0.305627
47 21 -0.311655
47 22 -0.317692
47 23 -0.322289
47 24 -0.325444
47 25 -0.328195
47 26 -0.328988
47 27 -0.0408397
47 28 0
47 29 0
47 30 0
47 31 0
47 32 0
47 33 0
47 34 0
47 35 0
47 36 0
47 37 0
47 38 0
47 39 0

48 0 0
48 1 -0.0215291
48 2 -0.173121
48 3 -0.174254
48 4 -0.177054
48 5 -0.180773
48 6 -0.186052
48 7 -0.192822
48 8 -0.200605
48 9 -0.209047
48 10 -0.217915
48 11 -0.228013
48 12 -0.238072
48 13 -0.248958
48 14 -0.259296
48 15 -0.269304
48 16 -0.27891
48 17 -0.288264
48 18 -0.296939
48 19 -0.304939
48 20 -0.312682
48 21 -0.319321
48 22 -0.324693
48 23 -0.329532
48 24 -0.333069
48 25 -0.335427
48 26 -0.337039
48 27 -0.041968
48 28 0
48 29 0
48 30 0
48 31 0
48 32 0
48 33 0
48 34 0
48 35 0
48 36 0
48 37 0
48 38 0
48 39 0

49 0 0
49 1 -0.0219326
49 2 -0.176286
49 3 -0.177549
49 4 -0.1801
49 5 -0.184014
49 6 -0.189373
49 7 -0.195753
49 8 -0.203342
49 9 -0.211782
49 10 -0.221141
49 11 -0.230943
49 12 -0.241371
49 13 -0.252078
49 14 -0.262524
49 15 -0.272617
49 16 -0.282279
49 17 -0.291718
49 18 -0.300855
49 19 -0.309175
49 20 -0.316474
49 21 -0.323168
49 22 -0.328748
49 23 -0.333335
49 24 -0.337017
49 25 -0.339775
49 26 -0.341778
49 27 -0.0425568
49 28 0
49 29 0
49 30 0
49 31 0
49 32 0
49 33 0
49 34 0
49 35 0
49 36 0
49 37 0
49 38 0
49 39 0

50 0 0
50 1 0
50 2 -0.0219326
50 3 -0.0220875
50 4 -0.0224086
50 5 -0.0229058
50 6 -0.023578
50 7 -0.0243437
50 8 -0.0252687
50 9 -0.0263316
50 10 -0.0275269
50 11 -0.0287126
50 12 -0.0300392
50 13 -0.0313557
50 14 -0.0326595
50 15 -0.0339144
50 16 -0.0351265
50 17 -0.0362758
50 18 -0.0374488
50 19 -0.0384912
50 20 -0.0393649
50 21 -0.0402099
50 22 -0.0409114
50 23 -0.0414615
50 24 -0.0418969
50 25 -0.0422978
50 26 -0.0425568
50 27 0
50 28 0
50 29 0
50 30 0
50 31 0
50 32 0
50 33 0
50 34 0
50 35 0
50 36 0
50 37 0
50 38 0
50 39 0

51 0 0
51 1 0
51 2 0
51 3 0
51 4 0
51 5 0
51 6 0
51 7 0
51 8 0
51 9 0
51 10 0
51 11 0
51 12 0
51 13 0
51 14 0
51 15 0
51 16 0
51 17 0
51 18 0
51 19 0
51 20 0
51 21 0
51 22 0
51 23 0
51 24 0
51 25 0
51 26 0
51 27 0
51 28 0
51 29 0
51 30 0
51 31 0
51 32 0
51 33 0
51 34 0
51 35 0
51 36 0
51 37 0
51 38 0
51 39 0

