0 0 0
0 1 0
0 2 0
0 3 0
0 4 0
0 5 0
0 6 0
0 7 0
0 8 0
0 9 0
0 10 0
0 11 0
0 12 0
0 13 0
0 14 0
0 15 0
0 16 0
0 17 0
0 18 0
0 19 0
0 20 0
0 21 0
0 22 0
0 23 0
0 24 0
0 25 0
0 26 0
0 27 0
0 28 0
0 29 0
0 30 0
0 31 0
0 32 0
0 33 0
0 34 0
0 35 0
0 36 0
0 37 0
0 38 0
0 39 0

1 0 0
1 1 0
1 2 -0.0160038
1 3 -0.0160917
1 4 -0.016152
1 5 -0.0164484
1 6 -0.0167215
1 7 -0.0170632
1 8 -0.0176188
1 9 -0.0181644
1 10 -0.0187851
1 11 -0.0194247
1 12 -0.0201937
1 13 -0.0208797
1 14 -0.0215281
1 15 -0.0222616
1 16 -0.0228497
1 17 -0.0234036
1 18 -0.0238311
1 19 -0.0243792
1 20 -0.0247108
1 21 -0.0251515
1 22 -0.0255139
1 23 -0.025709
1 24 -0.0259859
1 25 -0.0263073
1 26 -0.0264186
1 27 0
1 28 0
1 29 0
1 30 0
1 31 0
1 32 0
1 33 0
1 34 0
1 35 0
1 36 0
1 37 0
1 38 0
1 39 0

2 0 0
2 1 -0.0160038
2 2 -0.128621
2 3 -0.129278
2 4 -0.130307
2 5 -0.132014
2 6 -0.134365
2 7 -0.13743
2 8 -0.1412
2 9 -0.145795
2 10 -0.150853
2 11 -0.156195
2 12 -0.162036
2 13 -0.16768
2 14 -0.173388
2 15 -0.178754
2 16 -0.183652
2 17 -0.188085
2 18 -0.191731
2 19 -0.195583
2 20 -0.198954
2 21 -0.202074
2 22 -0.204764
2 23 -0.207038
2 24 -0.209105
2 25 -0.210994
2 26 -0.212304
2 27 -0.0264186
2 28 0
2 29 0
2 30 0
2 31 0
2 32 0
2 33 0
2 34 0
2 35 0
2 36 0
2 37 0
2 38 0
2 39 0

3 0 0
3 1 -0.0156927
3 2 -0.126207
3 3 -0.126902
3 4 -0.128483
3 5 -0.129592
3 6 -0.132263
3 7 -0.135553
3 8 -0.138595
3 9 -0.143311
3 10 -0.14848
3 11 -0.154115
3 12 -0.159455
3 13 -0.165289
3 14 -0.171383
3 15 -0.176159
3 16 -0.181179
3 17 -0.185613
3 18 -0.189627
3 19 -0.192768
3 20 -0.196719
3 21 -0.199783
3 22 -0.202106
3 23 -0.205109
3 24 -0.207049
3 25 -0.207911
3 26 -0.209524
3 27 -0.0261479
3 28 0
3 29 0
3 30 0
3 31 0
3 32 0
3 33 0
3 34 0
3 35 0
3 36 0
3 37 0
3 38 0
3 39 0

4 0 0
4 1 -0.0151385
4 2 -0.12166
4 3 -0.121931
4 4 -0.123125
4 5 -0.125456
4 6 -0.128231
4 7 -0.131827
4 8 -0.135718
4 9 -0.140177
4 10 -0.144704
4 11 -0.15014
4 12 -0.155624
4 13 -0.161135
4 14 -0.166686
4 15 -0.171435
4 16 -0.176911
4 17 -0.180538
4 18 -0.185155
4 19 -0.188721
4 20 -0.191915
4 21 -0.195304
4 22 -0.198503
4 23 -0.200642
4 24 -0.202565
4 25 -0.203715
4 26 -0.204453
4 27 -0.0254394
4 28 0
4 29 0
4 30 0
4 31 0
4 32 0
4 33 0
4 34 0
4 35 0
4 36 0
4 37 0
4 38 0
4 39 0

5 0 0
5 1 -0.0143207
5 2 -0.114926
5 3 -0.115123
5 4 -0.117075
5 5 -0.11926
5 6 -0.121794
5 7 -0.126056
5 8 -0.130058
5 9 -0.13379
5 10 -0.138959
5 11 -0.144518
5 12 -0.149826
5 13 -0.156334
5 14 -0.161363
5 15 -0.166172
5 16 -0.171018
5 17 -0.174867
5 18 -0.17929
5 19 -0.182192
5 20 -0.186527
5 21 -0.188897
5 22 -0.192076
5 23 -0.194596
5 24 -0.196359
5 25 -0.197728
5 26 -0.197664
5 27 -0.0245216
5 28 0
5 29 0
5 30 0
5 31 0
5 32 0
5 33 0
5 34 0
5 35 0
5 36 0
5 37 0
5 38 0
5 39 0

6 0 0
6 1 -0.0132728
6 2 -0.106596
6 3 -0.106999
6 4 -0.109304
6 5 -0.11212
6 6 -0.114673
6 7 -0.118725
6 8 -0.122499
6 9 -0.127076
6 10 -0.132022
6 11 -0.137674
6 12 -0.143211
6 13 -0.148736
6 14 -0.153997
6 15 -0.158866
6 16 -0.163106
6 17 -0.167342
6 18 -0.171282
6 19 -0.175151
6 20 -0.17871
6 21 -0.181693
6 22 -0.184328
6 23 -0.186273
6 24 -0.188218
6 25 -0.188897
6 26 -0.189188
6 27 -0.023491
6 28 0
6 29 0
6 30 0
6 31 0
6 32 0
6 33 0
6 34 0
6 35 0
6 36 0
6 37 0
6 38 0
6 39 0

7 0 0
7 1 -0.0120472
7 2 -0.0971443
7 3 -0.0980687
7 4 -0.0991865
7 5 -0.102069
7 6 -0.105378
7 7 -0.109085
7 8 -0.113918
7 9 -0.118865
7 10 -0.123508
7 11 -0.128921
7 12 -0.13466
7 13 -0.139954
7 14 -0.144832
7 15 -0.150164
7 16 -0.154142
7 17 -0.158658
7 18 -0.163032
7 19 -0.166465
7 20 -0.17003
7 21 -0.172356
7 22 -0.174841
7 23 -0.177055
7 24 -0.178442
7 25 -0.178564
7 26 -0.179626
7 27 -0.0223887
7 28 0
7 29 0
7 30 0
7 31 0
7 32 0
7 33 0
7 34 0
7 35 0
7 36 0
7 37 0
7 38 0
7 39 0

8 0 0
8 1 -0.0107008
8 2 -0.0864314
8 3 -0.087692
8 4 -0.0892547
8 5 -0.0922024
8 6 -0.09498
8 7 -0.0990907
8 8 -0.103409
8 9 -0.108443
8 10 -0.113799
8 11 -0.119443
8 12 -0.124852
8 13 -0.130452
8 14 -0.136279
8 15 -0.140552
8 16 -0.144701
8 17 -0.148414
8 18 -0.152706
8 19 -0.156299
8 20 -0.159745
8 21 -0.161974
8 22 -0.163858
8 23 -0.165489
8 24 -0.167052
8 25 -0.167838
8 26 -0.168641
8 27 -0.0209807
8 28 0
8 29 0
8 30 0
8 31 0
8 32 0
8 33 0
8 34 0
8 35 0
8 36 0
8 37 0
8 38 0
8 39 0

9 0 0
9 1 -0.00928883
9 2 -0.0748449
9 3 -0.0759583
9 4 -0.0779627
9 5 -0.0808791
9 6 -0.0842575
9 7 -0.0881892
9 8 -0.0930369
9 9 -0.0971015
9 10 -0.102888
9 11 -0.10779
9 12 -0.113208
9 13 -0.118556
9 14 -0.124336
9 15 -0.129441
9 16 -0.134082
9 17 -0.137933
9 18 -0.141708
9 19 -0.145195
9 20 -0.147857
9 21 -0.150413
9 22 -0.151951
9 23 -0.152663
9 24 -0.154334
9 25 -0.154486
9 26 -0.155356
9 27 -0.0193795
9 28 0
9 29 0
9 30 0
9 31 0
9 32 0
9 33 0
9 34 0
9 35 0
9 36 0
9 37 0
9 38 0
9 39 0

10 0 0
10 1 -0.00783163
10 2 -0.0629711
10 3 -0.0636655
10 4 -0.0656044
10 5 -0.0680035
10 6 -0.0722321
10 7 -0.076366
10 8 -0.0802661
10 9 -0.0854926
10 10 -0.0908692
10 11 -0.0959546
10 12 -0.101236
10 13 -0.106939
10 14 -0.111638
10 15 -0.116699
10 16 -0.121515
10 17 -0.125205
10 18 -0.129267
10 19 -0.132833
10 20 -0.135033
10 21 -0.137461
10 22 -0.13862
10 23 -0.139307
10 24 -0.139881
10 25 -0.140001
10 26 -0.140053
10 27 -0.0174175
10 28 0
10 29 0
10 30 0
10 31 0
10 32 0
10 33 0
10 34 0
10 35 0
10 36 0
10 37 0
10 38 0
10 39 0

11 0 0
11 1 -0.0063168
11 2 -0.0505336
11 3 -0.0507668
11 4 -0.0529617
11 5 -0.0553204
11 6 -0.0587774
11 7 -0.0636259
11 8 -0.0689595
11 9 -0.0735934
11 10 -0.0784708
11 11 -0.0827366
11 12 -0.0883526
11 13 -0.0932399
11 14 -0.0979506
11 15 -0.10318
11 16 -0.108137
11 17 -0.111785
11 18 -0.116182
11 19 -0.119233
11 20 -0.121696
11 21 -0.123256
11 22 -0.124149
11 23 -0.125426
11 24 -0.12481
11 25 -0.123868
11 26 -0.122697
11 27 -0.0152526
11 28 0
11 29 0
11 30 0
11 31 0
11 32 0
11 33 0
11 34 0
11 35 0
11 36 0
11 37 0
11 38 0
11 39 0

12 0 0
12 1 -0.00470568
12 2 -0.0374152
12 3 -0.0375411
12 4 -0.0397208
12 5 -0.0421833
12 6 -0.0460221
12 7 -0.0501133
12 8 -0.0546333
12 9 -0.0599064
12 10 -0.0642973
12 11 -0.069318
12 12 -0.0749116
12 13 -0.079765
12 14 -0.084446
12 15 -0.08908
12 16 -0.0935339
12 17 -0.0980358
12 18 -0.102927
12 19 -0.105196
12 20 -0.107334
12 21 -0.108791
12 22 -0.109706
12 23 -0.109358
12 24 -0.108835
12 25 -0.106398
12 26 -0.103416
12 27 -0.0205328
12 28 -0.00606322
12 29 -0.00501112
12 30 -0.00416562
12 31 -0.00352779
12 32 -0.0031915
12 33 0
12 34 0
12 35 0
12 36 0
12 37 0
12 38 0
12 39 0

13 0 0
13 1 -0.00290822
13 2 -0.0238061
13 3 -0.02488
13 4 -0.0263214
13 5 -0.0290122
13 6 -0.0322912
13 7 -0.0362112
13 8 -0.0408444
13 9 -0.0457592
13 10 -0.0508891
13 11 -0.056062
13 12 -0.0607838
13 13 -0.065249
13 14 -0.0698564
13 15 -0.0744617
13 16 -0.0788644
13 17 -0.0834541
13 18 -0.0874787
13 19 -0.0908963
13 20 -0.0930771
13 21 -0.0943899
13 22 -0.0948795
13 23 -0.0942605
13 24 -0.0921881
13 25 -0.088516
13 26 -0.0803451
13 27 -0.0617297
13 28 -0.0489157
13 29 -0.0401366
13 30 -0.0335418
13 31 -0.0284581
13 32 -0.0255886
13 33 -0.00542479
13 34 -0.00195105
13 35 0
13 36 0
13 37 0
13 38 0
13 39 0

14 0 0
14 1 -0.00127941
14 2 -0.0100421
14 3 -0.0107208
14 4 -0.0129471
14 5 -0.0154985
14 6 -0.0190985
14 7 -0.0229989
14 8 -0.026902
14 9 -0.0313436
14 10 -0.0364371
14 11 -0.0416068
14 12 -0.0461839
14 13 -0.0510675
14 14 -0.0560825
14 15 -0.0600619
14 16 -0.0645079
14 17 -0.0694137
14 18 -0.072489
14 19 -0.0764219
14 20 -0.0789201
14 21 -0.0798708
14 22 -0.0806567
14 23 -0.0795992
14 24 -0.0772537
14 25 -0.0732502
14 26 -0.0662162
14 27 -0.0547398
14 28 -0.0456609
14 29 -0.0378438
14 30 -0.0316711
14 31 -0.026344
14 32 -0.0223658
14 33 -0.0178002
14 34 -0.0155776
14 35 -0.00331223
14 36 0
14 37 0
14 38 0
14 39 0

15 0 0
15 1 0.000400076
15 2 0.00335434
15 3 0.00269266
15 4 0.00106116
15 5 -0.00178144
15 6 -0.00575836
15 7 -0.00965345
15 8 -0.0130658
15 9 -0.0179388
15 10 -0.0224219
15 11 -0.0274526
15 12 -0.0323806
15 13 -0.0367722
15 14 -0.0414541
15 15 -0.0459599
15 16 -0.0509087
15 17 -0.0546949
15 18 -0.0581179
15 19 -0.0616135
15 20 -0.0646683
15 21 -0.0659646
15 22 -0.0667791
15 23 -0.066428
15 24 -0.0643087
15 25 -0.0606159
15 26 -0.0550174
15 27 -0.0473768
15 28 -0.040517
15 29 -0.0331519
15 30 -0.0279734
15 31 -0.02362
15 32 -0.0194291
15 33 -0.0156648
15 34 -0.0132279
15 35 -0.010718
15 36 -0.00210361
15 37 0
15 38 0
15 39 0

16 0 0
16 1 0.00210066
16 2 0.0165853
16 3 0.0151259
16 4 0.0135699
16 5 0.0112365
16 6 0.007557
16 7 0.00367641
16 8 -0.000583499
16 9 -0.00457588
16 10 -0.00904199
16 11 -0.0140033
16 12 -0.0187344
16 13 -0.0236918
16 14 -0.0282049
16 15 -0.0324631
16 16 -0.0375177
16 17 -0.0412978
16 18 -0.045292
16 19 -0.0482499
16 20 -0.0512049
16 21 -0.0533055
16 22 -0.0537865
16 23 -0.0533874
16 24 -0.0527366
16 25 -0.0494924
16 26 -0.0455223
16 27 -0.0403431
16 28 -0.034579
16 29 -0.0290534
16 30 -0.0240708
16 31 -0.0202452
16 32 -0.016739
16 33 -0.0128204
16 34 -0.0108402
16 35 -0.00794786
16 36 -0.00586758
16 37 -0.00105339
16 38 0
16 39 0

17 0 0
17 1 0.00363016
17 2 0.0288733
17 3 0.0272994
17 4 0.0261427
17 5 0.0230841
17 6 0.0202702
17 7 0.0167748
17 8 0.0127769
17 9 0.00769212
17 10 0.00372853
17 11 -0.000915504
17 12 -0.00593852
17 13 -0.011196
17 14 -0.0159538
17 15 -0.020787
17 16 -0.0255065
17 17 -0.0285482
17 18 -0.0329798
17 19 -0.0356235
17 20 -0.0385012
17 21 -0.0414922
17 22 -0.0425879
17 23 -0.0422095
17 24 -0.0418528
17 25 -0.0400117
17 26 -0.0370414
17 27 -0.032928
17 28 -0.0286549
17 29 -0.0242534
17 30 -0.0208069
17 31 -0.016661
17 32 -0.0132323
17 33 -0.0110832
17 34 -0.00809021
17 35 -0.00620075
17 36 -0.00412237
17 37 -0.0025104
17 38 -0.000310968
17 39 0

18 0 0
18 1 0.00499017
18 2 0.0402323
18 3 0.0393492
18 4 0.0385526
18 5 0.0352133
18 6 0.0320744
18 7 0.0282035
18 8 0.0240637
18 9 0.0197297
18 10 0.0151224
18 11 0.0106945
18 12 0.00615649
18 13 0.00089967
18 14 -0.00437616
18 15 -0.00910437
18 16 -0.0136624
18 17 -0.017326
18 18 -0.0208588
18 19 -0.024459
18 20 -0.0271649
18 21 -0.0299616
18 22 -0.0318719
18 23 -0.032621
18 24 -0.0322879
18 25 -0.0315862
18 26 -0.0293231
18 27 -0.0264598
18 28 -0.023529
18 29 -0.0196968
18 30 -0.0166629
18 31 -0.0138408
18 32 -0.0101986
18 33 -0.00806854
18 34 -0.00516861
18 35 -0.0032461
18 36 -0.00204937
18 37 -0.00152307
18 38 -0.000201255
18 39 0

19 0 0
19 1 0.00637113
19 2 0.0514564
19 3 0.0503729
19 4 0.0489254
19 5 0.0465265
19 6 0.0436295
19 7 0.0394931
19 8 0.0348534
19 9 0.0301652
19 10 0.0255202
19 11 0.020398
19 12 0.015929
19 13 0.0115399
19 14 0.00641405
19 15 0.00142006
19 16 -0.00325306
19 17 -0.00754616
19 18 -0.0110994
19 19 -0.0140035
19 20 -0.0172945
19 21 -0.0204108
19 22 -0.0223388
19 23 -0.0236571
19 24 -0.0237536
19 25 -0.0235909
19 26 -0.0221062
19 27 -0.0206964
19 28 -0.0190076
19 29 -0.0162161
19 30 -0.0133693
19 31 -0.0109397
19 32 -0.00749746
19 33 -0.00562863
19 34 -0.00322811
19 35 -0.00107926
19 36 -0.000549448
19 37 0.000100572
19 38 4.2295e-05
19 39 0

20 0 0
20 1 0.00773436
20 2 0.0618932
20 3 0.0604032
20 4 0.0591723
20 5 0.0571258
20 6 0.0536413
20 7 0.0495304
20 8 0.0447091
20 9 0.0393387
20 10 0.0355736
20 11 0.0302396
20 12 0.025416
20 13 0.0211241
20 14 0.0165065
20 15 0.0109565
20 16 0.00616505
20 17 0.00240058
20 18 -0.00183706
20 19 -0.00558579
20 20 -0.00920423
20 21 -0.0122311
20 22 -0.014149
20 23 -0.0159747
20 24 -0.0171556
20 25 -0.0174699
20 26 -0.0169658
20 27 -0.0156502
20 28 -0.0139276
20 29 -0.0121634
20 30 -0.00993845
20 31 -0.00805008
20 32 -0.00544119
20 33 -0.00332191
20 34 -0.00124512
20 35 0.000628761
20 36 0.00100135
20 37 0.00186185
20 38 0.000260131
20 39 0

21 0 0
21 1 0.00881446
21 2 0.0711735
21 3 0.0705381
21 4 0.0683294
21 5 0.0660479
21 6 0.0627513
21 7 0.0588833
21 8 0.0534935
21 9 0.0479074
21 10 0.043077
21 11 0.0383868
21 12 0.0342138
21 13 0.0295408
21 14 0.0245524
21 15 0.0190432
21 16 0.0144152
21 17 0.0101113
21 18 0.00555962
21 19 0.00196061
21 20 -0.0013364
21 21 -0.00455081
21 22 -0.00752391
21 23 -0.00968319
21 24 -0.0108138
21 25 -0.0119078
21 26 -0.0119179
21 27 -0.0116258
21 28 -0.0104408
21 29 -0.00892551
21 30 -0.00682342
21 31 -0.00524876
21 32 -0.00270892
21 33 -0.000994319
21 34 0.000735815
21 35 0.00183503
21 36 0.00264021
21 37 0.00322172
21 38 0.000366898
21 39 0

22 0 0
22 1 0.00983537
22 2 0.0792973
22 3 0.0785886
22 4 0.0761532
22 5 0.0740558
22 6 0.0705033
22 7 0.0660876
22 8 0.0616512
22 9 0.0558222
22 10 0.0500088
22 11 0.0452469
22 12 0.0410109
22 13 0.035876
22 14 0.031068
22 15 0.0260773
22 16 0.0215209
22 17 0.0159397
22 18 0.0114766
22 19 0.0071722
22 20 0.00378903
22 21 0.000796316
22 22 -0.00234282
22 23 -0.00479161
22 24 -0.00598871
22 25 -0.00698981
22 26 -0.00782951
22 27 -0.00832407
22 28 -0.00776024
22 29 -0.00624207
22 30 -0.00442041
22 31 -0.00291369
22 32 -0.001366
22 33 0.000389982
22 34 0.00116084
22 35 0.00299223
22 36 0.00358533
22 37 0.00467172
22 38 0.000645327
22 39 0

23 0 0
23 1 0.0106974
23 2 0.0862053
23 3 0.0851943
23 4 0.0818602
23 5 0.0802122
23 6 0.0759442
23 7 0.0720358
23 8 0.0673705
23 9 0.0623016
23 10 0.0562643
23 11 0.0510361
23 12 0.0463639
23 13 0.040504
23 14 0.0357134
23 15 0.030707
23 16 0.0257402
23 17 0.0205343
23 18 0.016813
23 19 0.012821
23 20 0.00856854
23 21 0.00495052
23 22 0.00228494
23 23 -0.000261902
23 24 -0.00306165
23 25 -0.00364622
23 26 -0.00469066
23 27 -0.0052533
23 28 -0.00572538
23 29 -0.00498823
23 30 -0.00310118
23 31 -0.00205836
23 32 0.000252343
23 33 0.00134235
23 34 0.00247833
23 35 0.00368366
23 36 0.00475549
23 37 0.00523563
23 38 0.000660143
23 39 0

24 0 0
24 1 0.0113503
24 2 0.0910705
24 3 0.0899204
24 4 0.0872618
24 5 0.0840985
24 6 0.0800201
24 7 0.0753161
24 8 0.0709783
24 9 0.065827
24 10 0.0601374
24 11 0.0553113
24 12 0.0500679
24 13 0.0445396
24 14 0.0395972
24 15 0.0336623
24 16 0.0290501
24 17 0.0242271
24 18 0.0198845
24 19 0.0160004
24 20 0.0114923
24 21 0.00801037
24 22 0.00443057
24 23 0.00242415
24 24 -0.000532663
24 25 -0.00209317
24 26 -0.00310397
24 27 -0.00424117
24 28 -0.00401379
24 29 -0.00418763
24 30 -0.00282121
24 31 -0.00154957
24 32 -0.000107296
24 33 0.00180159
24 34 0.00275749
24 35 0.00418833
24 36 0.00506254
24 37 0.00547588
24 38 0.00068653
24 39 0

25 0 0
25 1 0.0116813
25 2 0.0935546
25 3 0.0919773
25 4 0.0891071
25 5 0.0861048
25 6 0.0821117
25 7 0.0772012
25 8 0.0731804
25 9 0.0680334
25 10 0.0623342
25 11 0.0564647
25 12 0.0516068
25 13 0.0462201
25 14 0.0414576
25 15 0.035625
25 16 0.0302317
25 17 0.0255999
25 18 0.0214678
25 19 0.0176081
25 20 0.0127909
25 21 0.00937058
25 22 0.00592268
25 23 0.00296987
25 24 0.000641453
25 25 -0.00168024
25 26 -0.00346047
25 27 -0.00421867
25 28 -0.00434986
25 29 -0.0040101
25 30 -0.00309307
25 31 -0.00173008
25 32 -0.000365579
25 33 0.00102577
25 34 0.00260314
25 35 0.00377807
25 36 0.00460891
25 37 0.00513001
25 38 0.000640879
25 39 0

26 0 0
26 1 0.0116263
26 2 0.0932383
26 3 0.0918418
26 4 0.089754
26 5 0.0859222
26 6 0.0815854
26 7 0.0776523
26 8 0.0725512
26 9 0.0680563
26 10 0.0623445
26 11 0.0567294
26 12 0.0518678
26 13 0.0467245
26 14 0.0411998
26 15 0.0354173
26 16 0.0307225
26 17 0.0250736
26 18 0.0213824
26 19 0.0164917
26 20 0.0127123
26 21 0.00954
26 22 0.00500348
26 23 0.00233231
26 24 -0.000479985
26 25 -0.00261248
26 26 -0.00377429
26 27 -0.00520097
26 28 -0.00492862
26 29 -0.00498174
26 30 -0.00379199
26 31 -0.0025793
26 32 -0.000685469
26 33 0.000471256
26 34 0.00176393
26 35 0.00297886
26 36 0.00405153
26 37 0.00436271
26 38 0.000534867
26 39 0

27 0 0
27 1 0.0113085
27 2 0.0904556
27 3 0.0886765
27 4 0.087382
27 5 0.0834937
27 6 0.0789584
27 7 0.0761531
27 8 0.0707296
27 9 0.0655563
27 10 0.0605638
27 11 0.0548646
27 12 0.0498015
27 13 0.0445055
27 14 0.0390153
27 15 0.0335937
27 16 0.0281995
27 17 0.0231673
27 18 0.0189785
27 19 0.0142889
27 20 0.0103669
27 21 0.00695276
27 22 0.0034489
27 23 0.000546859
27 24 -0.00161491
27 25 -0.00381881
27 26 -0.00574324
27 27 -0.0063945
27 28 -0.00674715
27 29 -0.00626262
27 30 -0.00546282
27 31 -0.00357411
27 32 -0.00220221
27 33 -0.000822238
27 34 0.000828997
27 35 0.00211544
27 36 0.00324259
27 37 0.00355014
27 38 0.000431536
27 39 0

28 0 0
28 1 0.0106795
28 2 0.0853385
28 3 0.0835435
28 4 0.0820635
28 5 0.0783641
28 6 0.0749906
28 7 0.0720631
28 8 0.0674164
28 9 0.0619964
28 10 0.0564952
28 11 0.0510349
28 12 0.0459263
28 13 0.0405317
28 14 0.0350078
28 15 0.0293352
28 16 0.0241034
28 17 0.0191281
28 18 0.015142
28 19 0.0111283
28 20 0.00636394
28 21 0.00299492
28 22 3.03287e-05
28 23 -0.0025028
28 24 -0.00490332
28 25 -0.00644253
28 26 -0.00787868
28 27 -0.00904727
28 28 -0.00806043
28 29 -0.00718558
28 30 -0.00642817
28 31 -0.00508517
28 32 -0.00402094
28 33 -0.00228691
28 34 -0.00137324
28 35 -0.000232805
28 36 0.00112061
28 37 0.00216499
28 38 0.000314836
28 39 0

29 0 0
29 1 0.0097416
29 2 0.0781784
29 3 0.0766132
29 4 0.074728
29 5 0.0717437
29 6 0.0688224
29 7 0.0652466
29 8 0.060037
29 9 0.0554693
29 10 0.0505082
29 11 0.0457716
29 12 0.0402226
29 13 0.0346523
29 14 0.0296742
29 15 0.0238624
29 16 0.0193261
29 17 0.0142632
29 18 0.00918295
29 19 0.00514238
29 20 0.00101906
29 21 -0.00225986
29 22 -0.00472905
29 23 -0.00692711
29 24 -0.00859096
29 25 -0.00984293
29 26 -0.0113344
29 27 -0.0118928
29 28 -0.0116207
29 29 -0.0101852
29 30 -0.00833917
29 31 -0.00784121
29 32 -0.00587283
29 33 -0.00489876
29 34 -0.002883
29 35 -0.00108698
29 36 -0.000896983
29 37 -1.71297e-05
29 38 4.25681e-05
29 39 0

30 0 0
30 1 0.00860479
30 2 0.068913
30 3 0.0674531
30 4 0.0658277
30 5 0.063471
30 6 0.0610114
30 7 0.0576177
30 8 0.0528045
30 9 0.0488908
30 10 0.0435798
30 11 0.0384798
30 12 0.0331472
30 13 0.0275323
30 14 0.0223546
30 15 0.01686
30 16 0.0117221
30 17 0.00703185
30 18 0.00212586
30 19 -0.00168957
30 20 -0.00548845
30 21 -0.00887616
30 22 -0.0109784
30 23 -0.0131825
30 24 -0.0144918
30 25 -0.0151406
30 26 -0.015244
30 27 -0.0151405
30 28 -0.014662
30 29 -0.0137819
30 30 -0.0121956
30 31 -0.0109733
30 32 -0.00890015
30 33 -0.00789265
30 34 -0.00619376
30 35 -0.00428129
30 36 -0.00416128
30 37 -0.00292617
30 38 -0.000300013
30 39 0

31 0 0
31 1 0.00723236
31 2 0.0582885
31 3 0.0573435
31 4 0.0559439
31 5 0.0539014
31 6 0.0506785
31 7 0.047834
31 8 0.0435337
31 9 0.0391623
31 10 0.0344455
31 11 0.0295135
31 12 0.0243869
31 13 0.0195
31 14 0.0140101
31 15 0.00819332
31 16 0.00264627
31 17 -0.00140381
31 18 -0.00570272
31 19 -0.00934621
31 20 -0.013257
31 21 -0.0166244
31 22 -0.0184389
31 23 -0.0203226
31 24 -0.0212657
31 25 -0.0217778
31 26 -0.021144
31 27 -0.0204369
31 28 -0.0192666
31 29 -0.017657
31 30 -0.0153447
31 31 -0.0141859
31 32 -0.0114871
31 33 -0.0111621
31 34 -0.00913681
31 35 -0.00754781
31 36 -0.00731077
31 37 -0.00675585
31 38 -0.000847642
31 39 0

32 0 0
32 1 0.00576905
32 2 0.0468008
32 3 0.0464334
32 4 0.0454493
32 5 0.0430026
32 6 0.0405233
32 7 0.0377172
32 8 0.0335792
32 9 0.02893
32 10 0.023859
32 11 0.0185068
32 12 0.0140127
32 13 0.00931004
32 14 0.00456465
32 15 -0.00177839
32 16 -0.00639797
32 17 -0.0104602
32 18 -0.015165
32 19 -0.0196439
32 20 -0.0230323
32 21 -0.0253484
32 22 -0.0269937
32 23 -0.0288327
32 24 -0.0290844
32 25 -0.028652
32 26 -0.0278333
32 27 -0.0264057
32 28 -0.0250845
32 29 -0.0220603
32 30 -0.020125
32 31 -0.0181338
32 32 -0.0155499
32 33 -0.0141077
32 34 -0.0129071
32 35 -0.0110815
32 36 -0.010238
32 37 -0.0100469
32 38 -0.00126635
32 39 0

33 0 0
33 1 0.00447268
33 2 0.0356581
33 3 0.0340373
33 4 0.032914
33 5 0.0310844
33 6 0.0287003
33 7 0.0259242
33 8 0.0218158
33 9 0.0172757
33 10 0.0126078
33 11 0.00721688
33 12 0.00345676
33 13 -0.00177927
33 14 -0.00737711
33 15 -0.0120615
33 16 -0.0172538
33 17 -0.0217603
33 18 -0.0258322
33 19 -0.0296648
33 20 -0.0326405
33 21 -0.0349394
33 22 -0.0367999
33 23 -0.038001
33 24 -0.0378234
33 25 -0.0369109
33 26 -0.0355865
33 27 -0.0332771
33 28 -0.0314899
33 29 -0.0277918
33 30 -0.0248206
33 31 -0.0222667
33 32 -0.0196562
33 33 -0.0176787
33 34 -0.0160926
33 35 -0.0145186
33 36 -0.0132636
33 37 -0.0129775
33 38 -0.00164205
33 39 0

34 0 0
34 1 0.00300177
34 2 0.0238527
34 3 0.0223662
34 4 0.0211075
34 5 0.0187358
34 6 0.0162756
34 7 0.0129262
34 8 0.00862385
34 9 0.00477239
34 10 -0.000176065
34 11 -0.00490696
34 12 -0.0094521
34 13 -0.0143986
34 14 -0.0194441
34 15 -0.0242607
34 16 -0.0290502
34 17 -0.033536
34 18 -0.0375039
34 19 -0.04132
34 20 -0.0435634
34 21 -0.045504
34 22 -0.0472386
34 23 -0.0474218
34 24 -0.046891
34 25 -0.045768
34 26 -0.0436299
34 27 -0.0397196
34 28 -0.03688
34 29 -0.033363
34 30 -0.0294462
34 31 -0.0265187
34 32 -0.024046
34 33 -0.0216996
34 34 -0.0195192
34 35 -0.0179387
34 36 -0.0164158
34 37 -0.0155232
34 38 -0.00191315
34 39 0

35 0 0
35 1 0.00135737
35 2 0.0111709
35 3 0.0106737
35 4 0.00862806
35 5 0.00617844
35 6 0.00357222
35 7 5.0771e-05
35 8 -0.0040203
35 9 -0.00844967
35 10 -0.0128644
35 11 -0.017956
35 12 -0.0225831
35 13 -0.0272874
35 14 -0.0324296
35 15 -0.037439
35 16 -0.0420968
35 17 -0.0462722
35 18 -0.0500101
35 19 -0.054036
35 20 -0.0569128
35 21 -0.0585838
35 22 -0.0596732
35 23 -0.0586405
35 24 -0.0571975
35 25 -0.0551803
35 26 -0.0519678
35 27 -0.0478201
35 28 -0.0438273
35 29 -0.0386799
35 30 -0.0348481
35 31 -0.0310017
35 32 -0.0280579
35 33 -0.0258111
35 34 -0.0233923
35 35 -0.0215806
35 36 -0.019691
35 37 -0.0176522
35 38 -0.00219176
35 39 0

36 0 0
36 1 -0.000262263
36 2 -0.00184294
36 3 -0.002235
36 4 -0.00399557
36 5 -0.00670859
36 6 -0.0106561
36 7 -0.0136869
36 8 -0.0179903
36 9 -0.0215856
36 10 -0.0262496
36 11 -0.0314361
36 12 -0.0364696
36 13 -0.0417591
36 14 -0.0467788
36 15 -0.051064
36 16 -0.0558473
36 17 -0.060873
36 18 -0.0636942
36 19 -0.06721
36 20 -0.0691855
36 21 -0.0705556
36 22 -0.0710908
36 23 -0.0700344
36 24 -0.0683633
36 25 -0.0651329
36 26 -0.0607042
36 27 -0.0553895
36 28 -0.049889
36 29 -0.0443886
36 30 -0.0397557
36 31 -0.0357077
36 32 -0.0321388
36 33 -0.0292441
36 34 -0.026789
36 35 -0.0242771
36 36 -0.0222121
36 37 -0.00495826
36 38 0
36 39 0

37 0 0
37 1 -0.00183797
37 2 -0.0151572
37 3 -0.0161836
37 4 -0.0174744
37 5 -0.0200093
37 6 -0.0235774
37 7 -0.0266568
37 8 -0.0315828
37 9 -0.0360908
37 10 -0.0408055
37 11 -0.0454804
37 12 -0.0508915
37 13 -0.0562149
37 14 -0.0612952
37 15 -0.0653222
37 16 -0.0697252
37 17 -0.0741358
37 18 -0.0776185
37 19 -0.0809927
37 20 -0.0833456
37 21 -0.0840409
37 22 -0.0843178
37 23 -0.0825958
37 24 -0.0803699
37 25 -0.0762103
37 26 -0.0701979
37 27 -0.0639724
37 28 -0.0569048
37 29 -0.0503294
37 30 -0.0448951
37 31 -0.0398808
37 32 -0.0357563
37 33 -0.0328049
37 34 -0.0297085
37 35 -0.0273497
37 36 -0.00618668
37 37 0
37 38 0
37 39 0

38 0 0
38 1 -0.00356686
38 2 -0.028661
38 3 -0.0293175
38 4 -0.0312002
38 5 -0.0333482
38 6 -0.0371642
38 7 -0.040668
38 8 -0.0449936
38 9 -0.0500312
38 10 -0.0550143
38 11 -0.0598048
38 12 -0.0652923
38 13 -0.0701877
38 14 -0.0758956
38 15 -0.0804775
38 16 -0.0841664
38 17 -0.0884477
38 18 -0.0923673
38 19 -0.0947003
38 20 -0.0968638
38 21 -0.0971234
38 22 -0.0981821
38 23 -0.0964171
38 24 -0.0940026
38 25 -0.0894808
38 26 -0.0823217
38 27 -0.0722605
38 28 -0.0624257
38 29 -0.0545706
38 30 -0.0488326
38 31 -0.0432157
38 32 -0.0396451
38 33 -0.0347126
38 34 -0.0322555
38 35 -0.00743772
38 36 0
38 37 0
38 38 0
38 39 0

39 0 0
39 1 -0.00520563
39 2 -0.0419283
39 3 -0.0427161
39 4 -0.0445915
39 5 -0.0475033
39 6 -0.0509538
39 7 -0.0546878
39 8 -0.058694
39 9 -0.06332
39 10 -0.0688818
39 11 -0.0740174
39 12 -0.0795697
39 13 -0.0846516
39 14 -0.0896831
39 15 -0.0946966
39 16 -0.0988345
39 17 -0.102877
39 18 -0.106281
39 19 -0.10882
39 20 -0.110613
39 21 -0.111681
39 22 -0.11155
39 23 -0.110018
39 24 -0.107635
39 25 -0.103195
39 26 -0.0957402
39 27 -0.0783655
39 28 -0.0662903
39 29 -0.0577611
39 30 -0.0511918
39 31 -0.0460188
39 32 -0.0428824
39 33 -0.00954382
39 34 -0.00401754
39 35 0
39 36 0
39 37 0
39 38 0
39 39 0

40 0 0
40 1 -0.00685201
40 2 -0.0549314
40 3 -0.0555577
40 4 -0.0580748
40 5 -0.0601892
40 6 -0.0634482
40 7 -0.0672554
40 8 -0.0716905
40 9 -0.0769018
40 10 -0.0822682
40 11 -0.0875294
40 12 -0.0922535
40 13 -0.0985266
40 14 -0.103014
40 15 -0.108244
40 16 -0.11216
40 17 -0.11609
40 18 -0.119883
40 19 -0.122221
40 20 -0.124451
40 21 -0.126374
40 22 -0.12642
40 23 -0.124925
40 24 -0.12306
40 25 -0.120746
40 26 -0.118466
40 27 -0.0244774
40 28 -0.00823084
40 29 -0.0072208
40 30 -0.00635363
40 31 -0.00575842
40 32 -0.00530442
40 33 0
40 34 0
40 35 0
40 36 0
40 37 0
40 38 0
40 39 0

41 0 0
41 1 -0.00839241
41 2 -0.0674641
41 3 -0.0682217
41 4 -0.0698411
41 5 -0.0721906
41 6 -0.0756241
41 7 -0.0797118
41 8 -0.0849329
41 9 -0.0900022
41 10 -0.0948181
41 11 -0.0998508
41 12 -0.10569
41 13 -0.111182
41 14 -0.11635
41 15 -0.121096
41 16 -0.125258
41 17 -0.129205
41 18 -0.13262
41 19 -0.13576
41 20 -0.137576
41 21 -0.138983
41 22 -0.1392
41 23 -0.13915
41 24 -0.138634
41 25 -0.136983
41 26 -0.136342
41 27 -0.0169542
41 28 0
41 29 0
41 30 0
41 31 0
41 32 0
41 33 0
41 34 0
41 35 0
41 36 0
41 37 0
41 38 0
41 39 0

42 0 0
42 1 -0.00984966
42 2 -0.0792225
42 3 -0.0798397
42 4 -0.0815874
42 5 -0.0839785
42 6 -0.0873063
42 7 -0.0910654
42 8 -0.0959667
42 9 -0.10085
42 10 -0.105942
42 11 -0.111768
42 12 -0.117189
42 13 -0.123208
42 14 -0.127764
42 15 -0.133405
42 16 -0.137488
42 17 -0.140349
42 18 -0.144542
42 19 -0.147786
42 20 -0.150544
42 21 -0.151931
42 22 -0.152659
42 23 -0.152507
42 24 -0.152296
42 25 -0.152225
42 26 -0.152383
42 27 -0.0189765
42 28 0
42 29 0
42 30 0
42 31 0
42 32 0
42 33 0
42 34 0
42 35 0
42 36 0
42 37 0
42 38 0
42 39 0

43 0 0
43 1 -0.0111928
43 2 -0.0900393
43 3 -0.0907567
43 4 -0.0920634
43 5 -0.094162
43 6 -0.0988373
43 7 -0.102298
43 8 -0.106734
43 9 -0.111234
43 10 -0.116663
43 11 -0.122206
43 12 -0.127294
43 13 -0.133197
43 14 -0.138142
43 15 -0.144249
43 16 -0.148239
43 17 -0.151842
43 18 -0.155881
43 19 -0.158469
43 20 -0.16156
43 21 -0.163089
43 22 -0.16469
43 23 -0.165609
43 24 -0.166067
43 25 -0.166038
43 26 -0.166169
43 27 -0.0206592
43 28 0
43 29 0
43 30 0
43 31 0
43 32 0
43 33 0
43 34 0
43 35 0
43 36 0
43 37 0
43 38 0
43 39 0

44 0 0
44 1 -0.0124706
44 2 -0.100283
44 3 -0.100667
44 4 -0.101955
44 5 -0.104585
44 6 -0.107947
44 7 -0.11172
44 8 -0.116002
44 9 -0.121009
44 10 -0.12626
44 11 -0.131662
44 12 -0.13671
44 13 -0.142441
44 14 -0.148308
44 15 -0.153414
44 16 -0.157791
44 17 -0.162059
44 18 -0.166177
44 19 -0.169305
44 20 -0.172299
44 21 -0.174119
44 22 -0.175362
44 23 -0.177094
44 24 -0.177538
44 25 -0.178685
44 26 -0.178838
44 27 -0.0222264
44 28 0
44 29 0
44 30 0
44 31 0
44 32 0
44 33 0
44 34 0
44 35 0
44 36 0
44 37 0
44 38 0
44 39 0

45 0 0
45 1 -0.0136082
45 2 -0.109501
45 3 -0.110172
45 4 -0.111465
45 5 -0.113527
45 6 -0.11719
45 7 -0.120465
45 8 -0.124779
45 9 -0.129137
45 10 -0.1341
45 11 -0.139897
45 12 -0.145427
45 13 -0.151443
45 14 -0.156414
45 15 -0.161136
45 16 -0.166094
45 17 -0.170977
45 18 -0.175326
45 19 -0.178035
45 20 -0.181148
45 21 -0.182749
45 22 -0.185223
45 23 -0.187081
45 24 -0.187779
45 25 -0.18929
45 26 -0.189787
45 27 -0.0235925
45 28 0
45 29 0
45 30 0
45 31 0
45 32 0
45 33 0
45 34 0
45 35 0
45 36 0
45 37 0
45 38 0
45 39 0

46 0 0
46 1 -0.0145891
46 2 -0.117376
46 3 -0.117995
46 4 -0.119183
46 5 -0.121545
46 6 -0.124629
46 7 -0.127655
46 8 -0.132237
46 9 -0.136765
46 10 -0.141456
46 11 -0.147311
46 12 -0.152495
46 13 -0.158157
46 14 -0.163662
46 15 -0.168056
46 16 -0.17362
46 17 -0.178188
46 18 -0.182343
46 19 -0.185282
46 20 -0.187961
46 21 -0.191309
46 22 -0.193319
46 23 -0.195616
46 24 -0.196754
46 25 -0.197866
46 26 -0.198825
46 27 -0.0247754
46 28 0
46 29 0
46 30 0
46 31 0
46 32 0
46 33 0
46 34 0
46 35 0
46 36 0
46 37 0
46 38 0
46 39 0

47 0 0
47 1 -0.0153768
47 2 -0.123584
47 3 -0.124262
47 4 -0.125565
47 5 -0.127458
47 6 -0.1302
47 7 -0.133408
47 8 -0.137837
47 9 -0.141911
47 10 -0.147301
47 11 -0.152876
47 12 -0.158025
47 13 -0.163478
47 14 -0.169671
47 15 -0.174239
47 16 -0.178856
47 17 -0.183281
47 18 -0.187364
47 19 -0.19106
47 20 -0.194373
47 21 -0.197312
47 22 -0.199359
47 23 -0.202125
47 24 -0.204297
47 25 -0.205337
47 26 -0.205519
47 27 -0.0255151
47 28 0
47 29 0
47 30 0
47 31 0
47 32 0
47 33 0
47 34 0
47 35 0
47 36 0
47 37 0
47 38 0
47 39 0

48 0 0
48 1 -0.0159545
48 2 -0.128095
48 3 -0.128357
48 4 -0.12943
48 5 -0.131672
48 6 -0.133809
48 7 -0.137349
48 8 -0.141455
48 9 -0.145628
48 10 -0.15133
48 11 -0.156981
48 12 -0.162398
48 13 -0.167408
48 14 -0.173843
48 15 -0.178323
48 16 -0.183178
48 17 -0.18751
48 18 -0.190739
48 19 -0.195517
48 20 -0.1988
48 21 -0.201395
48 22 -0.203702
48 23 -0.206126
48 24 -0.207712
48 25 -0.209483
48 26 -0.210418
48 27 -0.0261357
48 28 0
48 29 0
48 30 0
48 31 0
48 32 0
48 33 0
48 34 0
48 35 0
48 36 0
48 37 0
48 38 0
48 39 0

49 0 0
49 1 -0.016208
49 2 -0.130282
49 3 -0.130719
49 4 -0.131717
49 5 -0.133511
49 6 -0.135888
49 7 -0.13933
49 8 -0.143523
49 9 -0.148423
49 10 -0.153536
49 11 -0.158735
49 12 -0.164506
49 13 -0.170135
49 14 -0.1753
49 15 -0.180798
49 16 -0.185848
49 17 -0.190221
49 18 -0.193856
49 19 -0.197268
49 20 -0.200385
49 21 -0.203738
49 22 -0.206466
49 23 -0.208371
49 24 -0.210274
49 25 -0.211839
49 26 -0.212907
49 27 -0.0264745
49 28 0
49 29 0
49 30 0
49 31 0
49 32 0
49 33 0
49 34 0
49 35 0
49 36 0
49 37 0
49 38 0
49 39 0

50 0 0
50 1 0
50 2 -0.016208
50 3 -0.0162736
50 4 -0.0164133
50 5 -0.0165714
50 6 -0.0169195
50 7 -0.0173292
50 8 -0.0178549
50 9 -0.0185227
50 10 -0.0190934
50 11 -0.0197168
50 12 -0.0204739
50 13 -0.0212357
50 14 -0.0217547
50 15 -0.0225183
50 16 -0.0231471
50 17 -0.0236815
50 18 -0.024206
50 19 -0.0244827
50 20 -0.0248958
50 21 -0.0253437
50 22 -0.025705
50 23 -0.0259127
50 24 -0.0261836
50 25 -0.026327
50 26 -0.0264745
50 27 0
50 28 0
50 29 0
50 30 0
50 31 0
50 32 0
50 33 0
50 34 0
50 35 0
50 36 0
50 37 0
50 38 0
50 39 0

51 0 0
51 1 0
51 2 0
51 3 0
51 4 0
51 5 0
51 6 0
51 7 0
51 8 0
51 9 0
51 10 0
51 11 0
51 12 0
51 13 0
51 14 0
51 15 0
51 16 0
51 17 0
51 18 0
51 19 0
51 20 0
51 21 0
51 22 0
51 23 0
51 24 0
51 25 0
51 26 0
51 27 0
51 28 0
51 29 0
51 30 0
51 31 0
51 32 0
51 33 0
51 34 0
51 35 0
51 36 0
51 37 0
51 38 0
51 39 0

