0 0 0
0 1 0
0 2 0
0 3 0
0 4 0
0 5 0
0 6 0
0 7 0
0 8 0
0 9 0
0 10 0
0 11 0
0 12 0
0 13 0
0 14 0
0 15 0
0 16 0
0 17 0
0 18 0
0 19 0
0 20 0
0 21 0
0 22 0
0 23 0
0 24 0
0 25 0
0 26 0
0 27 0
0 28 0
0 29 0
0 30 0
0 31 0
0 32 0
0 33 0
0 34 0
0 35 0
0 36 0
0 37 0
0 38 0
0 39 0

1 0 0
1 1 0
1 2 -0.0237989
1 3 -0.0238098
1 4 -0.023945
1 5 -0.0241125
1 6 -0.0243386
1 7 -0.0245998
1 8 -0.0249466
1 9 -0.0253323
1 10 -0.0257549
1 11 -0.0262346
1 12 -0.0267597
1 13 -0.0273183
1 14 -0.0279114
1 15 -0.0283966
1 16 -0.0289627
1 17 -0.0294741
1 18 -0.0298584
1 19 -0.0303162
1 20 -0.0306615
1 21 -0.030978
1 22 -0.0312405
1 23 -0.0314925
1 24 -0.0316652
1 25 -0.031849
1 26 -0.0319407
1 27 0
1 28 0
1 29 0
1 30 0
1 31 0
1 32 0
1 33 0
1 34 0
1 35 0
1 36 0
1 37 0
1 38 0
1 39 0

2 0 0
2 1 -0.0237989
2 2 -0.191222
2 3 -0.191393
2 4 -0.192271
2 5 -0.193727
2 6 -0.19554
2 7 -0.197861
2 8 -0.200543
2 9 -0.203614
2 10 -0.207211
2 11 -0.210937
2 12 -0.215212
2 13 -0.219701
2 14 -0.224109
2 15 -0.228359
2 16 -0.232636
2 17 -0.236509
2 18 -0.24011
2 19 -0.243476
2 20 -0.246446
2 21 -0.249063
2 22 -0.251167
2 23 -0.253065
2 24 -0.254557
2 25 -0.255782
2 26 -0.256731
2 27 -0.0319407
2 28 0
2 29 0
2 30 0
2 31 0
2 32 0
2 33 0
2 34 0
2 35 0
2 36 0
2 37 0
2 38 0
2 39 0

3 0 0
3 1 -0.0235105
3 2 -0.188947
3 3 -0.189122
3 4 -0.189666
3 5 -0.191171
3 6 -0.193361
3 7 -0.196137
3 8 -0.198757
3 9 -0.201899
3 10 -0.205632
3 11 -0.209289
3 12 -0.213538
3 13 -0.217893
3 14 -0.222036
3 15 -0.226562
3 16 -0.230424
3 17 -0.23406
3 18 -0.238129
3 19 -0.241176
3 20 -0.244315
3 21 -0.247017
3 22 -0.249251
3 23 -0.251003
3 24 -0.252543
3 25 -0.253573
3 26 -0.254614
3 27 -0.031706
3 28 0
3 29 0
3 30 0
3 31 0
3 32 0
3 33 0
3 34 0
3 35 0
3 36 0
3 37 0
3 38 0
3 39 0

4 0 0
4 1 -0.022987
4 2 -0.184742
4 3 -0.18501
4 4 -0.185599
4 5 -0.187045
4 6 -0.189341
4 7 -0.191908
4 8 -0.195138
4 9 -0.198591
4 10 -0.201629
4 11 -0.205799
4 12 -0.210106
4 13 -0.214278
4 14 -0.21898
4 15 -0.223159
4 16 -0.227
4 17 -0.23084
4 18 -0.23439
4 19 -0.237475
4 20 -0.240951
4 21 -0.243027
4 22 -0.245529
4 23 -0.246898
4 24 -0.248698
4 25 -0.249896
4 26 -0.25076
4 27 -0.0312131
4 28 0
4 29 0
4 30 0
4 31 0
4 32 0
4 33 0
4 34 0
4 35 0
4 36 0
4 37 0
4 38 0
4 39 0

5 0 0
5 1 -0.022275
5 2 -0.17896
5 3 -0.179229
5 4 -0.180456
5 5 -0.181909
5 6 -0.183756
5 7 -0.186781
5 8 -0.189704
5 9 -0.193734
5 10 -0.197009
5 11 -0.201289
5 12 -0.205224
5 13 -0.209415
5 14 -0.213631
5 15 -0.217891
5 16 -0.22155
5 17 -0.225473
5 18 -0.228984
5 19 -0.232522
5 20 -0.235269
5 21 -0.237812
5 22 -0.239476
5 23 -0.241429
5 24 -0.24307
5 25 -0.244213
5 26 -0.24535
5 27 -0.0305454
5 28 0
5 29 0
5 30 0
5 31 0
5 32 0
5 33 0
5 34 0
5 35 0
5 36 0
5 37 0
5 38 0
5 39 0

6 0 0
6 1 -0.0213628
6 2 -0.171762
6 3 -0.17234
6 4 -0.173767
6 5 -0.175009
6 6 -0.177454
6 7 -0.180121
6 8 -0.183366
6 9 -0.187419
6 10 -0.190593
6 11 -0.195051
6 12 -0.199005
6 13 -0.20328
6 14 -0.206884
6 15 -0.211528
6 16 -0.215046
6 17 -0.218893
6 18 -0.223198
6 19 -0.225787
6 20 -0.228785
6 21 -0.230879
6 22 -0.233053
6 23 -0.234486
6 24 -0.236127
6 25 -0.237052
6 26 -0.238113
6 27 -0.0296415
6 28 0
6 29 0
6 30 0
6 31 0
6 32 0
6 33 0
6 34 0
6 35 0
6 36 0
6 37 0
6 38 0
6 39 0

7 0 0
7 1 -0.0203371
7 2 -0.1635
7 3 -0.164114
7 4 -0.165144
7 5 -0.167274
7 6 -0.169535
7 7 -0.172136
7 8 -0.175699
7 9 -0.179225
7 10 -0.183475
7 11 -0.187737
7 12 -0.191531
7 13 -0.195966
7 14 -0.199613
7 15 -0.204022
7 16 -0.207644
7 17 -0.211659
7 18 -0.215051
7 19 -0.217968
7 20 -0.220472
7 21 -0.222664
7 22 -0.225024
7 23 -0.226349
7 24 -0.227693
7 25 -0.228584
7 26 -0.229121
7 27 -0.0284888
7 28 0
7 29 0
7 30 0
7 31 0
7 32 0
7 33 0
7 34 0
7 35 0
7 36 0
7 37 0
7 38 0
7 39 0

8 0 0
8 1 -0.0191782
8 2 -0.154373
8 3 -0.155135
8 4 -0.15679
8 5 -0.158058
8 6 -0.160964
8 7 -0.163759
8 8 -0.166817
8 9 -0.170796
8 10 -0.174471
8 11 -0.179054
8 12 -0.182785
8 13 -0.187095
8 14 -0.190722
8 15 -0.194964
8 16 -0.198654
8 17 -0.202589
8 18 -0.205949
8 19 -0.209094
8 20 -0.211331
8 21 -0.213253
8 22 -0.215546
8 23 -0.216998
8 24 -0.218208
8 25 -0.218964
8 26 -0.219004
8 27 -0.0272361
8 28 0
8 29 0
8 30 0
8 31 0
8 32 0
8 33 0
8 34 0
8 35 0
8 36 0
8 37 0
8 38 0
8 39 0

9 0 0
9 1 -0.0179818
9 2 -0.14457
9 3 -0.145223
9 4 -0.146501
9 5 -0.148182
9 6 -0.150558
9 7 -0.153695
9 8 -0.156867
9 9 -0.160825
9 10 -0.164757
9 11 -0.16913
9 12 -0.173034
9 13 -0.177099
9 14 -0.181173
9 15 -0.184768
9 16 -0.188889
9 17 -0.19237
9 18 -0.196092
9 19 -0.198946
9 20 -0.201169
9 21 -0.203382
9 22 -0.204912
9 23 -0.206692
9 24 -0.207233
9 25 -0.207338
9 26 -0.207593
9 27 -0.0258344
9 28 0
9 29 0
9 30 0
9 31 0
9 32 0
9 33 0
9 34 0
9 35 0
9 36 0
9 37 0
9 38 0
9 39 0

10 0 0
10 1 -0.0166719
10 2 -0.134149
10 3 -0.134827
10 4 -0.136088
10 5 -0.13799
10 6 -0.140404
10 7 -0.14253
10 8 -0.146065
10 9 -0.150011
10 10 -0.153774
10 11 -0.158337
10 12 -0.162599
10 13 -0.166685
10 14 -0.170539
10 15 -0.174789
10 16 -0.178613
10 17 -0.181927
10 18 -0.185281
10 19 -0.187916
10 20 -0.190724
10 21 -0.19222
10 22 -0.193963
10 23 -0.194636
10 24 -0.194868
10 25 -0.194791
10 26 -0.194759
10 27 -0.0242155
10 28 0
10 29 0
10 30 0
10 31 0
10 32 0
10 33 0
10 34 0
10 35 0
10 36 0
10 37 0
10 38 0
10 39 0

11 0 0
11 1 -0.0153648
11 2 -0.123341
11 3 -0.123758
11 4 -0.125123
11 5 -0.12688
11 6 -0.129019
11 7 -0.131583
11 8 -0.134978
11 9 -0.138855
11 10 -0.142754
11 11 -0.147129
11 12 -0.151187
11 13 -0.155164
11 14 -0.159826
11 15 -0.163463
11 16 -0.16738
11 17 -0.171021
11 18 -0.173973
11 19 -0.176525
11 20 -0.178917
11 21 -0.180469
11 22 -0.182071
11 23 -0.182263
11 24 -0.181773
11 25 -0.181207
11 26 -0.180426
11 27 -0.0224498
11 28 0
11 29 0
11 30 0
11 31 0
11 32 0
11 33 0
11 34 0
11 35 0
11 36 0
11 37 0
11 38 0
11 39 0

12 0 0
12 1 -0.0139323
12 2 -0.11209
12 3 -0.112839
12 4 -0.113852
12 5 -0.115433
12 6 -0.117515
12 7 -0.120215
12 8 -0.123589
12 9 -0.126939
12 10 -0.131025
12 11 -0.135456
12 12 -0.140002
12 13 -0.144523
12 14 -0.148448
12 15 -0.152399
12 16 -0.156302
12 17 -0.159673
12 18 -0.162819
12 19 -0.165479
12 20 -0.167483
12 21 -0.169086
12 22 -0.169451
12 23 -0.168966
12 24 -0.168122
12 25 -0.166361
12 26 -0.163812
12 27 -0.0364245
12 28 -0.0147175
12 29 -0.0137044
12 30 -0.0128634
12 31 -0.0122897
12 32 -0.0118913
12 33 0
12 34 0
12 35 0
12 36 0
12 37 0
12 38 0
12 39 0

13 0 0
13 1 -0.0125204
13 2 -0.100758
13 3 -0.101481
13 4 -0.102579
13 5 -0.103927
13 6 -0.105985
13 7 -0.10845
13 8 -0.111504
13 9 -0.115581
13 10 -0.11947
13 11 -0.123969
13 12 -0.128398
13 13 -0.13278
13 14 -0.13692
13 15 -0.141067
13 16 -0.144768
13 17 -0.147985
13 18 -0.150832
13 19 -0.15328
13 20 -0.155366
13 21 -0.15648
13 22 -0.156925
13 23 -0.156481
13 24 -0.154613
13 25 -0.15085
13 26 -0.143829
13 27 -0.128841
13 28 -0.118262
13 29 -0.110026
13 30 -0.103497
13 31 -0.0985739
13 32 -0.0955646
13 33 -0.0228313
13 34 -0.0106214
13 35 0
13 36 0
13 37 0
13 38 0
13 39 0

14 0 0
14 1 -0.0111431
14 2 -0.0894201
14 3 -0.0898266
14 4 -0.0908027
14 5 -0.0925783
14 6 -0.0942457
14 7 -0.0970925
14 8 -0.100359
14 9 -0.103816
14 10 -0.108229
14 11 -0.112523
14 12 -0.116635
14 13 -0.121064
14 14 -0.125133
14 15 -0.12948
14 16 -0.133176
14 17 -0.136731
14 18 -0.139193
14 19 -0.142059
14 20 -0.143628
14 21 -0.144787
14 22 -0.145289
14 23 -0.144193
14 24 -0.142377
14 25 -0.138414
14 26 -0.132218
14 27 -0.1232
14 28 -0.115039
14 29 -0.107776
14 30 -0.101819
14 31 -0.0964214
14 32 -0.0924493
14 33 -0.0879123
14 34 -0.0854733
14 35 -0.0207448
14 36 0
14 37 0
14 38 0
14 39 0

15 0 0
15 1 -0.00970181
15 2 -0.0780639
15 3 -0.078561
15 4 -0.0790248
15 5 -0.0806985
15 6 -0.0828954
15 7 -0.0861088
15 8 -0.0892462
15 9 -0.0929505
15 10 -0.0971792
15 11 -0.101512
15 12 -0.105898
15 13 -0.1101
15 14 -0.114528
15 15 -0.11821
15 16 -0.121697
15 17 -0.125191
15 18 -0.128143
15 19 -0.130882
15 20 -0.132705
15 21 -0.133651
15 22 -0.133751
15 23 -0.132753
15 24 -0.131306
15 25 -0.127875
15 26 -0.122997
15 27 -0.116973
15 28 -0.110306
15 29 -0.104943
15 30 -0.099152
15 31 -0.09439
15 32 -0.090402
15 33 -0.0860211
15 34 -0.0833519
15 35 -0.0813965
15 36 -0.0197936
15 37 0
15 38 0
15 39 0

16 0 0
16 1 -0.00834227
16 2 -0.0669538
16 3 -0.0672307
16 4 -0.0677583
16 5 -0.07004
16 6 -0.072233
16 7 -0.0748872
16 8 -0.0785787
16 9 -0.0823958
16 10 -0.0862831
16 11 -0.0903313
16 12 -0.0949978
16 13 -0.099093
16 14 -0.10317
16 15 -0.107279
16 16 -0.110807
16 17 -0.11463
16 18 -0.117796
16 19 -0.119872
16 20 -0.122384
16 21 -0.123015
16 22 -0.123696
16 23 -0.123021
16 24 -0.121294
16 25 -0.118638
16 26 -0.115113
16 27 -0.110324
16 28 -0.105314
16 29 -0.100352
16 30 -0.0957251
16 31 -0.0918463
16 32 -0.0874804
16 33 -0.0840733
16 34 -0.0812615
16 35 -0.0794999
16 36 -0.0778031
16 37 -0.0190349
16 38 0
16 39 0

17 0 0
17 1 -0.00698569
17 2 -0.0561233
17 3 -0.0564958
17 4 -0.0573747
17 5 -0.0595176
17 6 -0.0616071
17 7 -0.0647246
17 8 -0.0683881
17 9 -0.0721935
17 10 -0.0762375
17 11 -0.0805396
17 12 -0.0847859
17 13 -0.0888694
17 14 -0.093058
17 15 -0.0973162
17 16 -0.100636
17 17 -0.104601
17 18 -0.107267
17 19 -0.109891
17 20 -0.112285
17 21 -0.113278
17 22 -0.113683
17 23 -0.113394
17 24 -0.112743
17 25 -0.11045
17 26 -0.107589
17 27 -0.104044
17 28 -0.100104
17 29 -0.0963827
17 30 -0.0923775
17 31 -0.0886895
17 32 -0.0858153
17 33 -0.0822144
17 34 -0.0797639
17 35 -0.0780027
17 36 -0.0764447
17 37 -0.075314
17 38 -0.00936463
17 39 0

18 0 0
18 1 -0.00573506
18 2 -0.045995
18 3 -0.0462789
18 4 -0.0473143
18 5 -0.049319
18 6 -0.0518802
18 7 -0.0550275
18 8 -0.0586883
18 9 -0.0622014
18 10 -0.06661
18 11 -0.0706626
18 12 -0.074661
18 13 -0.0790024
18 14 -0.0831106
18 15 -0.0874444
18 16 -0.0910097
18 17 -0.094496
18 18 -0.0979503
18 19 -0.100474
18 20 -0.102518
18 21 -0.104132
18 22 -0.10492
18 23 -0.105323
18 24 -0.104604
18 25 -0.103292
18 26 -0.101459
18 27 -0.0984527
18 28 -0.0954641
18 29 -0.091992
18 30 -0.0890877
18 31 -0.0858673
18 32 -0.0831081
18 33 -0.0799846
18 34 -0.0778576
18 35 -0.076118
18 36 -0.0748503
18 37 -0.074534
18 38 -0.00931019
18 39 0

19 0 0
19 1 -0.00452478
19 2 -0.0364719
19 3 -0.0372076
19 4 -0.0378905
19 5 -0.0400127
19 6 -0.0428737
19 7 -0.0460895
19 8 -0.0498999
19 9 -0.053526
19 10 -0.0574148
19 11 -0.0619983
19 12 -0.0660737
19 13 -0.0705379
19 14 -0.0746013
19 15 -0.0785204
19 16 -0.0821147
19 17 -0.0857728
19 18 -0.0890343
19 19 -0.0921687
19 20 -0.0948114
19 21 -0.0960152
19 22 -0.0976621
19 23 -0.0976647
19 24 -0.0973947
19 25 -0.0967001
19 26 -0.095438
19 27 -0.0930602
19 28 -0.0906068
19 29 -0.0879418
19 30 -0.0854837
19 31 -0.0829421
19 32 -0.0806728
19 33 -0.0782601
19 34 -0.0764094
19 35 -0.074766
19 36 -0.0739122
19 37 -0.0732491
19 38 -0.00908867
19 39 0

20 0 0
20 1 -0.00347859
20 2 -0.0279176
20 3 -0.0285445
20 4 -0.0295377
20 5 -0.0316585
20 6 -0.0342675
20 7 -0.0384016
20 8 -0.0415309
20 9 -0.0452699
20 10 -0.0493078
20 11 -0.0539459
20 12 -0.0582463
20 13 -0.0628226
20 14 -0.0669543
20 15 -0.071115
20 16 -0.0747608
20 17 -0.0782409
20 18 -0.0816788
20 19 -0.0848985
20 20 -0.0874255
20 21 -0.0892297
20 22 -0.0905394
20 23 -0.0910094
20 24 -0.0911388
20 25 -0.0910937
20 26 -0.0904494
20 27 -0.0891106
20 28 -0.0871427
20 29 -0.0845297
20 30 -0.0830483
20 31 -0.0806545
20 32 -0.0781605
20 33 -0.0763833
20 34 -0.0745433
20 35 -0.0737224
20 36 -0.0722454
20 37 -0.0719414
20 38 -0.008977
20 39 0

21 0 0
21 1 -0.00256831
21 2 -0.0205162
21 3 -0.0209552
21 4 -0.022604
21 5 -0.0244604
21 6 -0.0275957
21 7 -0.0313629
21 8 -0.0350813
21 9 -0.038462
21 10 -0.0429503
21 11 -0.0466981
21 12 -0.0510979
21 13 -0.0558509
21 14 -0.0600709
21 15 -0.0639674
21 16 -0.0677951
21 17 -0.0716836
21 18 -0.0750324
21 19 -0.078767
21 20 -0.0811552
21 21 -0.0830825
21 22 -0.0847229
21 23 -0.0857942
21 24 -0.0865617
21 25 -0.0862479
21 26 -0.0860377
21 27 -0.0846301
21 28 -0.0834641
21 29 -0.0818422
21 30 -0.0799878
21 31 -0.07883
21 32 -0.0768334
21 33 -0.0747006
21 34 -0.0735053
21 35 -0.072173
21 36 -0.0713172
21 37 -0.0708528
21 38 -0.0087966
21 39 0

22 0 0
22 1 -0.00181762
22 2 -0.0144615
22 3 -0.0149247
22 4 -0.0166706
22 5 -0.0188465
22 6 -0.0219777
22 7 -0.0253821
22 8 -0.0291573
22 9 -0.0327436
22 10 -0.0366394
22 11 -0.0412898
22 12 -0.0457753
22 13 -0.0501185
22 14 -0.0546873
22 15 -0.0585707
22 16 -0.0623908
22 17 -0.066245
22 18 -0.069938
22 19 -0.0734694
22 20 -0.0762588
22 21 -0.0785326
22 22 -0.0801378
22 23 -0.0810238
22 24 -0.0821946
22 25 -0.082555
22 26 -0.0825111
22 27 -0.0819099
22 28 -0.080851
22 29 -0.0797567
22 30 -0.0785311
22 31 -0.077601
22 32 -0.0755229
22 33 -0.0737914
22 34 -0.0722776
22 35 -0.0713638
22 36 -0.070557
22 37 -0.0702649
22 38 -0.0087409
22 39 0

23 0 0
23 1 -0.0012897
23 2 -0.0100872
23 3 -0.0103346
23 4 -0.0119168
23 5 -0.0145513
23 6 -0.0175704
23 7 -0.0212353
23 8 -0.0247236
23 9 -0.0283036
23 10 -0.0325279
23 11 -0.0367671
23 12 -0.0413279
23 13 -0.0458306
23 14 -0.0502269
23 15 -0.0543643
23 16 -0.0585405
23 17 -0.0622859
23 18 -0.0667226
23 19 -0.0697407
23 20 -0.0727779
23 21 -0.0748728
23 22 -0.0769285
23 23 -0.0778967
23 24 -0.0789703
23 25 -0.0798073
23 26 -0.080133
23 27 -0.0798612
23 28 -0.0791285
23 29 -0.078154
23 30 -0.077023
23 31 -0.0758228
23 32 -0.0746388
23 33 -0.0733206
23 34 -0.0719702
23 35 -0.0708809
23 36 -0.0700992
23 37 -0.0697945
23 38 -0.00868876
23 39 0

24 0 0
24 1 -0.000916058
24 2 -0.00716545
24 3 -0.00761037
24 4 -0.00933681
24 5 -0.0112033
24 6 -0.0147428
24 7 -0.0182378
24 8 -0.0219173
24 9 -0.0259469
24 10 -0.0297035
24 11 -0.0341244
24 12 -0.0390095
24 13 -0.0429652
24 14 -0.0473102
24 15 -0.0518976
24 16 -0.0558648
24 17 -0.0602936
24 18 -0.0643066
24 19 -0.0676566
24 20 -0.0700029
24 21 -0.0727403
24 22 -0.0745293
24 23 -0.0761033
24 24 -0.0774702
24 25 -0.0779168
24 26 -0.0786214
24 27 -0.0784442
24 28 -0.0778011
24 29 -0.0770784
24 30 -0.0759952
24 31 -0.0749919
24 32 -0.0737748
24 33 -0.072609
24 34 -0.0714458
24 35 -0.0703934
24 36 -0.0701094
24 37 -0.069795
24 38 -0.00866331
24 39 0

25 0 0
25 1 -0.000696468
25 2 -0.00581384
25 3 -0.00675496
25 4 -0.00778943
25 5 -0.0102628
25 6 -0.0135023
25 7 -0.0165762
25 8 -0.0207347
25 9 -0.0246401
25 10 -0.0286264
25 11 -0.0330099
25 12 -0.0377813
25 13 -0.0425632
25 14 -0.0463219
25 15 -0.0508898
25 16 -0.0550249
25 17 -0.0585849
25 18 -0.0631965
25 19 -0.0669211
25 20 -0.068886
25 21 -0.0715211
25 22 -0.0734197
25 23 -0.0752907
25 24 -0.0766927
25 25 -0.0773594
25 26 -0.0779318
25 27 -0.0778451
25 28 -0.0772715
25 29 -0.0767378
25 30 -0.076138
25 31 -0.0750688
25 32 -0.0738188
25 33 -0.0722924
25 34 -0.0708799
25 35 -0.0702884
25 36 -0.0698261
25 37 -0.0700922
25 38 -0.00875257
25 39 0

26 0 0
26 1 -0.0007915
26 2 -0.00627981
26 3 -0.00704044
26 4 -0.0085044
26 5 -0.0104208
26 6 -0.0135676
26 7 -0.017778
26 8 -0.0211359
26 9 -0.0254277
26 10 -0.0291102
26 11 -0.0336211
26 12 -0.037643
26 13 -0.042492
26 14 -0.0467582
26 15 -0.0509653
26 16 -0.0552936
26 17 -0.059135
26 18 -0.0630337
26 19 -0.0666252
26 20 -0.0692147
26 21 -0.071792
26 22 -0.0737859
26 23 -0.0752583
26 24 -0.0767428
26 25 -0.0775202
26 26 -0.0781318
26 27 -0.0782282
26 28 -0.0777302
26 29 -0.0770282
26 30 -0.0764134
26 31 -0.0750218
26 32 -0.0741549
26 33 -0.0727636
26 34 -0.0718062
26 35 -0.0709109
26 36 -0.0705237
26 37 -0.0704867
26 38 -0.00876087
26 39 0

27 0 0
27 1 -0.00104586
27 2 -0.00846419
27 3 -0.00931203
27 4 -0.0103536
27 5 -0.0127238
27 6 -0.0153451
27 7 -0.0192955
27 8 -0.0228633
27 9 -0.0265192
27 10 -0.030857
27 11 -0.0350377
27 12 -0.03989
27 13 -0.0449454
27 14 -0.0488394
27 15 -0.0525813
27 16 -0.0569136
27 17 -0.0607439
27 18 -0.0647338
27 19 -0.067987
27 20 -0.0710372
27 21 -0.0730607
27 22 -0.0753926
27 23 -0.0768105
27 24 -0.0778918
27 25 -0.0790109
27 26 -0.0791582
27 27 -0.0795043
27 28 -0.0791072
27 29 -0.0779871
27 30 -0.0776337
27 31 -0.0764123
27 32 -0.0753615
27 33 -0.0736086
27 34 -0.0722583
27 35 -0.0716164
27 36 -0.0710486
27 37 -0.0714939
27 38 -0.00894266
27 39 0

28 0 0
28 1 -0.00157298
28 2 -0.012285
28 3 -0.0124194
28 4 -0.0142398
28 5 -0.016053
28 6 -0.0191469
28 7 -0.0228026
28 8 -0.0263159
28 9 -0.030163
28 10 -0.0343377
28 11 -0.0385433
28 12 -0.0428498
28 13 -0.0478215
28 14 -0.0520753
28 15 -0.0562865
28 16 -0.0599437
28 17 -0.0640225
28 18 -0.0678753
28 19 -0.0716006
28 20 -0.0737046
28 21 -0.0759598
28 22 -0.0777313
28 23 -0.0790812
28 24 -0.0805806
28 25 -0.0813182
28 26 -0.0815841
28 27 -0.0811388
28 28 -0.0808969
28 29 -0.079881
28 30 -0.0787288
28 31 -0.0781165
28 32 -0.0770571
28 33 -0.0751477
28 34 -0.074048
28 35 -0.0734814
28 36 -0.0729612
28 37 -0.0724792
28 38 -0.00898758
28 39 0

29 0 0
29 1 -0.00222201
29 2 -0.0175134
29 3 -0.0174422
29 4 -0.0188518
29 5 -0.0211035
29 6 -0.0238379
29 7 -0.027479
29 8 -0.031068
29 9 -0.0345292
29 10 -0.0385094
29 11 -0.0429449
29 12 -0.0475851
29 13 -0.0523316
29 14 -0.0567229
29 15 -0.0607996
29 16 -0.064535
29 17 -0.0682801
29 18 -0.072489
29 19 -0.075385
29 20 -0.0782109
29 21 -0.079902
29 22 -0.0814085
29 23 -0.0830316
29 24 -0.0841627
29 25 -0.0848109
29 26 -0.0849089
29 27 -0.0844499
29 28 -0.0834701
29 29 -0.0824695
29 30 -0.0814451
29 31 -0.0802748
29 32 -0.0787389
29 33 -0.0773178
29 34 -0.0759282
29 35 -0.0748936
29 36 -0.0743079
29 37 -0.0741248
29 38 -0.00923646
29 39 0

30 0 0
30 1 -0.00298671
30 2 -0.0237185
30 3 -0.0237048
30 4 -0.0253529
30 5 -0.0271846
30 6 -0.029772
30 7 -0.0334176
30 8 -0.0366646
30 9 -0.0406816
30 10 -0.0446057
30 11 -0.0490913
30 12 -0.0534324
30 13 -0.0580264
30 14 -0.0627181
30 15 -0.0664327
30 16 -0.0705402
30 17 -0.0742486
30 18 -0.077676
30 19 -0.0807521
30 20 -0.0834224
30 21 -0.0851528
30 22 -0.0868518
30 23 -0.0879477
30 24 -0.0887323
30 25 -0.0893574
30 26 -0.089218
30 27 -0.0883935
30 28 -0.0871715
30 29 -0.0854857
30 30 -0.0846683
30 31 -0.0829924
30 32 -0.0812732
30 33 -0.0798236
30 34 -0.0781936
30 35 -0.0771821
30 36 -0.0763639
30 37 -0.076078
30 38 -0.00946104
30 39 0

31 0 0
31 1 -0.00386634
31 2 -0.0310499
31 3 -0.0313019
31 4 -0.0325037
31 5 -0.0340782
31 6 -0.0377724
31 7 -0.0405025
31 8 -0.0440563
31 9 -0.0476863
31 10 -0.0514263
31 11 -0.0560085
31 12 -0.0606133
31 13 -0.0653274
31 14 -0.0694405
31 15 -0.0735391
31 16 -0.0773598
31 17 -0.0809303
31 18 -0.0848138
31 19 -0.087395
31 20 -0.0899405
31 21 -0.0914284
31 22 -0.0933592
31 23 -0.0942698
31 24 -0.0945795
31 25 -0.0946513
31 26 -0.0944015
31 27 -0.0928704
31 28 -0.0913004
31 29 -0.0896829
31 30 -0.087987
31 31 -0.0863674
31 32 -0.0842314
31 33 -0.0820514
31 34 -0.0803716
31 35 -0.0791517
31 36 -0.0782409
31 37 -0.078093
31 38 -0.00973101
31 39 0

32 0 0
32 1 -0.00491038
32 2 -0.0392224
32 3 -0.0394658
32 4 -0.0412046
32 5 -0.0426395
32 6 -0.045322
32 7 -0.0487115
32 8 -0.0517379
32 9 -0.0556044
32 10 -0.0595519
32 11 -0.0642036
32 12 -0.0689035
32 13 -0.0736763
32 14 -0.0776919
32 15 -0.0821075
32 16 -0.085928
32 17 -0.0894427
32 18 -0.0928457
32 19 -0.095381
32 20 -0.0975811
32 21 -0.0992525
32 22 -0.100668
32 23 -0.101172
32 24 -0.10101
32 25 -0.100799
32 26 -0.0996297
32 27 -0.0982007
32 28 -0.0965221
32 29 -0.0939389
32 30 -0.0918417
32 31 -0.0894794
32 32 -0.0874925
32 33 -0.085219
32 34 -0.0824777
32 35 -0.0816341
32 36 -0.0805374
32 37 -0.0802394
32 38 -0.00998447
32 39 0

33 0 0
33 1 -0.00603094
33 2 -0.0484415
33 3 -0.0489186
33 4 -0.0497552
33 5 -0.052379
33 6 -0.0548603
33 7 -0.0579323
33 8 -0.0613093
33 9 -0.0650087
33 10 -0.0691276
33 11 -0.0732172
33 12 -0.077715
33 13 -0.0826936
33 14 -0.0870287
33 15 -0.091107
33 16 -0.0947963
33 17 -0.0981486
33 18 -0.101467
33 19 -0.104081
33 20 -0.105942
33 21 -0.107809
33 22 -0.108653
33 23 -0.109157
33 24 -0.108614
33 25 -0.107748
33 26 -0.106024
33 27 -0.103695
33 28 -0.101448
33 29 -0.0986949
33 30 -0.0958558
33 31 -0.0928152
33 32 -0.0904146
33 33 -0.0879634
33 34 -0.0856662
33 35 -0.0841379
33 36 -0.0828201
33 37 -0.082415
33 38 -0.0102707
33 39 0

34 0 0
34 1 -0.00725762
34 2 -0.0584199
34 3 -0.0591635
34 4 -0.0601765
34 5 -0.0622799
34 6 -0.0647299
34 7 -0.0675567
34 8 -0.0710663
34 9 -0.0746444
34 10 -0.0786914
34 11 -0.0832213
34 12 -0.0880397
34 13 -0.0925406
34 14 -0.0967486
34 15 -0.101112
34 16 -0.104648
34 17 -0.108047
34 18 -0.111602
34 19 -0.114015
34 20 -0.115676
34 21 -0.117354
34 22 -0.117269
34 23 -0.117509
34 24 -0.116285
34 25 -0.1148
34 26 -0.11297
34 27 -0.110309
34 28 -0.107411
34 29 -0.103541
34 30 -0.100647
34 31 -0.0965477
34 32 -0.0936885
34 33 -0.090854
34 34 -0.0885353
34 35 -0.0864703
34 36 -0.0851369
34 37 -0.084235
34 38 -0.0104752
34 39 0

35 0 0
35 1 -0.00864046
35 2 -0.0692991
35 3 -0.0696506
35 4 -0.0707811
35 5 -0.0724071
35 6 -0.0747748
35 7 -0.0781728
35 8 -0.0814275
35 9 -0.0856137
35 10 -0.0890361
35 11 -0.0939541
35 12 -0.0985157
35 13 -0.103177
35 14 -0.107342
35 15 -0.111081
35 16 -0.115006
35 17 -0.118543
35 18 -0.121524
35 19 -0.124312
35 20 -0.126045
35 21 -0.126999
35 22 -0.12728
35 23 -0.127233
35 24 -0.125758
35 25 -0.123589
35 26 -0.120558
35 27 -0.117266
35 28 -0.113338
35 29 -0.108769
35 30 -0.104802
35 31 -0.100762
35 32 -0.0976776
35 33 -0.0940913
35 34 -0.0914685
35 35 -0.0892718
35 36 -0.0868101
35 37 -0.0855996
35 38 -0.0106598
35 39 0

36 0 0
36 1 -0.0100632
36 2 -0.0806284
36 3 -0.080746
36 4 -0.081538
36 5 -0.0834699
36 6 -0.08636
36 7 -0.0892736
36 8 -0.0924791
36 9 -0.0966619
36 10 -0.100945
36 11 -0.105119
36 12 -0.109341
36 13 -0.113921
36 14 -0.117974
36 15 -0.12243
36 16 -0.126097
36 17 -0.129961
36 18 -0.132887
36 19 -0.135203
36 20 -0.136672
36 21 -0.137547
36 22 -0.138251
36 23 -0.137277
36 24 -0.135565
36 25 -0.132669
36 26 -0.128912
36 27 -0.1244
36 28 -0.119008
36 29 -0.113726
36 30 -0.109569
36 31 -0.105111
36 32 -0.100795
36 33 -0.0971785
36 34 -0.094217
36 35 -0.0917229
36 36 -0.0892401
36 37 -0.0217706
36 38 0
36 39 0

37 0 0
37 1 -0.0114167
37 2 -0.0918283
37 3 -0.0923692
37 4 -0.0934115
37 5 -0.095239
37 6 -0.0977299
37 7 -0.100693
37 8 -0.103844
37 9 -0.107997
37 10 -0.111879
37 11 -0.116493
37 12 -0.120962
37 13 -0.125459
37 14 -0.12981
37 15 -0.13361
37 16 -0.137219
37 17 -0.14095
37 18 -0.143938
37 19 -0.146326
37 20 -0.14786
37 21 -0.148746
37 22 -0.148723
37 23 -0.147763
37 24 -0.145874
37 25 -0.142581
37 26 -0.137314
37 27 -0.130869
37 28 -0.124703
37 29 -0.118712
37 30 -0.113193
37 31 -0.108486
37 32 -0.104093
37 33 -0.100176
37 34 -0.0968838
37 35 -0.0941025
37 36 -0.0228113
37 37 0
37 38 0
37 39 0

38 0 0
38 1 -0.0128267
38 2 -0.10324
38 3 -0.103921
38 4 -0.105136
38 5 -0.106595
38 6 -0.109056
38 7 -0.112193
38 8 -0.115407
38 9 -0.119126
38 10 -0.123459
38 11 -0.127878
38 12 -0.132255
38 13 -0.136758
38 14 -0.140821
38 15 -0.144842
38 16 -0.148549
38 17 -0.152653
38 18 -0.155617
38 19 -0.157664
38 20 -0.159329
38 21 -0.15992
38 22 -0.160281
38 23 -0.159077
38 24 -0.15727
38 25 -0.153497
38 26 -0.147062
38 27 -0.137944
38 28 -0.129672
38 29 -0.12234
38 30 -0.116344
38 31 -0.111486
38 32 -0.106905
38 33 -0.101877
38 34 -0.0990653
38 35 -0.0240104
38 36 0
38 37 0
38 38 0
38 39 0

39 0 0
39 1 -0.0142999
39 2 -0.114774
39 3 -0.115125
39 4 -0.116606
39 5 -0.118222
39 6 -0.120759
39 7 -0.123814
39 8 -0.127205
39 9 -0.130777
39 10 -0.134875
39 11 -0.139579
39 12 -0.143654
39 13 -0.147521
39 14 -0.151899
39 15 -0.156248
39 16 -0.160011
39 17 -0.163121
39 18 -0.166831
39 19 -0.168654
39 20 -0.170436
39 21 -0.171814
39 22 -0.17236
39 23 -0.171381
39 24 -0.169539
39 25 -0.166034
39 26 -0.159189
39 27 -0.143906
39 28 -0.132714
39 29 -0.124571
39 30 -0.118468
39 31 -0.113246
39 32 -0.11025
39 33 -0.0263687
39 34 -0.0123099
39 35 0
39 36 0
39 37 0
39 38 0
39 39 0

40 0 0
40 1 -0.0157244
40 2 -0.126171
40 3 -0.126331
40 4 -0.127871
40 5 -0.129384
40 6 -0.132252
40 7 -0.134785
40 8 -0.138269
40 9 -0.141714
40 10 -0.145923
40 11 -0.150606
40 12 -0.154879
40 13 -0.158983
40 14 -0.16284
40 15 -0.167337
40 16 -0.171159
40 17 -0.174459
40 18 -0.177418
40 19 -0.179995
40 20 -0.181699
40 21 -0.183458
40 22 -0.184343
40 23 -0.184157
40 24 -0.182963
40 25 -0.180821
40 26 -0.179022
40 27 -0.0402356
40 28 -0.0165039
40 29 -0.0155039
40 30 -0.0147507
40 31 -0.0140709
40 32 -0.0137199
40 33 0
40 34 0
40 35 0
40 36 0
40 37 0
40 38 0
40 39 0

41 0 0
41 1 -0.0170634
41 2 -0.137175
41 3 -0.137609
41 4 -0.138691
41 5 -0.140457
41 6 -0.143333
41 7 -0.14573
41 8 -0.149387
41 9 -0.153342
41 10 -0.157047
41 11 -0.161461
41 12 -0.165426
41 13 -0.169848
41 14 -0.173684
41 15 -0.17797
41 16 -0.181945
41 17 -0.185589
41 18 -0.188509
41 19 -0.190917
41 20 -0.193473
41 21 -0.194781
41 22 -0.19605
41 23 -0.196657
41 24 -0.196556
41 25 -0.195548
41 26 -0.194982
41 27 -0.0242658
41 28 0
41 29 0
41 30 0
41 31 0
41 32 0
41 33 0
41 34 0
41 35 0
41 36 0
41 37 0
41 38 0
41 39 0

42 0 0
42 1 -0.0183614
42 2 -0.147763
42 3 -0.148414
42 4 -0.149725
42 5 -0.150601
42 6 -0.153569
42 7 -0.156493
42 8 -0.159809
42 9 -0.163744
42 10 -0.167564
42 11 -0.171853
42 12 -0.175699
42 13 -0.180256
42 14 -0.184531
42 15 -0.188617
42 16 -0.192471
42 17 -0.195875
42 18 -0.199173
42 19 -0.201831
42 20 -0.204116
42 21 -0.205756
42 22 -0.207421
42 23 -0.207949
42 24 -0.208818
42 25 -0.208605
42 26 -0.208378
42 27 -0.0258996
42 28 0
42 29 0
42 30 0
42 31 0
42 32 0
42 33 0
42 34 0
42 35 0
42 36 0
42 37 0
42 38 0
42 39 0

43 0 0
43 1 -0.019668
43 2 -0.157875
43 3 -0.157963
43 4 -0.159067
43 5 -0.160964
43 6 -0.16324
43 7 -0.166063
43 8 -0.169391
43 9 -0.173174
43 10 -0.177115
43 11 -0.181395
43 12 -0.185941
43 13 -0.190282
43 14 -0.194211
43 15 -0.198187
43 16 -0.202249
43 17 -0.20606
43 18 -0.209301
43 19 -0.212063
43 20 -0.214553
43 21 -0.2162
43 22 -0.217836
43 23 -0.21888
43 24 -0.21968
43 25 -0.220144
43 26 -0.220079
43 27 -0.0273456
43 28 0
43 29 0
43 30 0
43 31 0
43 32 0
43 33 0
43 34 0
43 35 0
43 36 0
43 37 0
43 38 0
43 39 0

44 0 0
44 1 -0.0207972
44 2 -0.167069
44 3 -0.167427
44 4 -0.168774
44 5 -0.169698
44 6 -0.172119
44 7 -0.174796
44 8 -0.178139
44 9 -0.181981
44 10 -0.185984
44 11 -0.190784
44 12 -0.194751
44 13 -0.199167
44 14 -0.203098
44 15 -0.2071
44 16 -0.21127
44 17 -0.214672
44 18 -0.218262
44 19 -0.221241
44 20 -0.223543
44 21 -0.225495
44 22 -0.2273
44 23 -0.228781
44 24 -0.229924
44 25 -0.230356
44 26 -0.230648
44 27 -0.0287084
44 28 0
44 29 0
44 30 0
44 31 0
44 32 0
44 33 0
44 34 0
44 35 0
44 36 0
44 37 0
44 38 0
44 39 0

45 0 0
45 1 -0.0218212
45 2 -0.175463
45 3 -0.175756
45 4 -0.176321
45 5 -0.178022
45 6 -0.179903
45 7 -0.182893
45 8 -0.186337
45 9 -0.190287
45 10 -0.193973
45 11 -0.198245
45 12 -0.202673
45 13 -0.206626
45 14 -0.210875
45 15 -0.214977
45 16 -0.219325
45 17 -0.222572
45 18 -0.226608
45 19 -0.229331
45 20 -0.231801
45 21 -0.234043
45 22 -0.23575
45 23 -0.237077
45 24 -0.238597
45 25 -0.239238
45 26 -0.239698
45 27 -0.0298072
45 28 0
45 29 0
45 30 0
45 31 0
45 32 0
45 33 0
45 34 0
45 35 0
45 36 0
45 37 0
45 38 0
45 39 0

46 0 0
46 1 -0.0227055
46 2 -0.182349
46 3 -0.182569
46 4 -0.183466
46 5 -0.184764
46 6 -0.187126
46 7 -0.189902
46 8 -0.192876
46 9 -0.19643
46 10 -0.200363
46 11 -0.204458
46 12 -0.20911
46 13 -0.213245
46 14 -0.217397
46 15 -0.22142
46 16 -0.225606
46 17 -0.22953
46 18 -0.232925
46 19 -0.235795
46 20 -0.239154
46 21 -0.240547
46 22 -0.24286
46 23 -0.244055
46 24 -0.245662
46 25 -0.246354
46 26 -0.247216
46 27 -0.0307752
46 28 0
46 29 0
46 30 0
46 31 0
46 32 0
46 33 0
46 34 0
46 35 0
46 36 0
46 37 0
46 38 0
46 39 0

47 0 0
47 1 -0.0233409
47 2 -0.187759
47 3 -0.188318
47 4 -0.188958
47 5 -0.190733
47 6 -0.192575
47 7 -0.19499
47 8 -0.198167
47 9 -0.201458
47 10 -0.205723
47 11 -0.209493
47 12 -0.213939
47 13 -0.218004
47 14 -0.222497
47 15 -0.226994
47 16 -0.230127
47 17 -0.234396
47 18 -0.237561
47 19 -0.24103
47 20 -0.243683
47 21 -0.246095
47 22 -0.248381
47 23 -0.249763
47 24 -0.251253
47 25 -0.251931
47 26 -0.253148
47 27 -0.031549
47 28 0
47 29 0
47 30 0
47 31 0
47 32 0
47 33 0
47 34 0
47 35 0
47 36 0
47 37 0
47 38 0
47 39 0

48 0 0
48 1 -0.0238409
48 2 -0.191669
48 3 -0.192129
48 4 -0.192431
48 5 -0.194037
48 6 -0.196557
48 7 -0.198962
48 8 -0.201893
48 9 -0.205558
48 10 -0.209003
48 11 -0.212987
48 12 -0.216873
48 13 -0.221151
48 14 -0.225605
48 15 -0.229791
48 16 -0.234491
48 17 -0.238263
48 18 -0.24216
48 19 -0.244546
48 20 -0.247947
48 21 -0.250083
48 22 -0.251974
48 23 -0.253767
48 24 -0.255108
48 25 -0.256382
48 26 -0.257289
48 27 -0.032023
48 28 0
48 29 0
48 30 0
48 31 0
48 32 0
48 33 0
48 34 0
48 35 0
48 36 0
48 37 0
48 38 0
48 39 0

49 0 0
49 1 -0.0241378
49 2 -0.193901
49 3 -0.19393
49 4 -0.194936
49 5 -0.196327
49 6 -0.198352
49 7 -0.200989
49 8 -0.204136
49 9 -0.207509
49 10 -0.211084
49 11 -0.214933
49 12 -0.219074
49 13 -0.223547
49 14 -0.227959
49 15 -0.232274
49 16 -0.23648
49 17 -0.240264
49 18 -0.24405
49 19 -0.2473
49 20 -0.249886
49 21 -0.252264
49 22 -0.254348
49 23 -0.256181
49 24 -0.25767
49 25 -0.258931
49 26 -0.259775
49 27 -0.0323262
49 28 0
49 29 0
49 30 0
49 31 0
49 32 0
49 33 0
49 34 0
49 35 0
49 36 0
49 37 0
49 38 0
49 39 0

50 0 0
50 1 0
50 2 -0.0241378
50 3 -0.0241064
50 4 -0.0242825
50 5 -0.0244483
50 6 -0.0246528
50 7 -0.0250089
50 8 -0.0254103
50 9 -0.0258004
50 10 -0.0262826
50 11 -0.0267341
50 12 -0.0272747
50 13 -0.0278268
50 14 -0.0283804
50 15 -0.0289471
50 16 -0.0294025
50 17 -0.0299143
50 18 -0.0303231
50 19 -0.0308297
50 20 -0.0310712
50 21 -0.0314009
50 22 -0.0316546
50 23 -0.0318775
50 24 -0.0320707
50 25 -0.0322245
50 26 -0.0323262
50 27 0
50 28 0
50 29 0
50 30 0
50 31 0
50 32 0
50 33 0
50 34 0
50 35 0
50 36 0
50 37 0
50 38 0
50 39 0

51 0 0
51 1 0
51 2 0
51 3 0
51 4 0
51 5 0
51 6 0
51 7 0
51 8 0
51 9 0
51 10 0
51 11 0
51 12 0
51 13 0
51 14 0
51 15 0
51 16 0
51 17 0
51 18 0
51 19 0
51 20 0
51 21 0
51 22 0
51 23 0
51 24 0
51 25 0
51 26 0
51 27 0
51 28 0
51 29 0
51 30 0
51 31 0
51 32 0
51 33 0
51 34 0
51 35 0
51 36 0
51 37 0
51 38 0
51 39 0

