0 0 0
0 0.2 0
0 0.4 0
0 0.6 0
0 0.8 0
0 1 0
0 1.2 0
0 1.4 0
0 1.6 0
0 1.8 0
0 2 0
0 2.2 0
0 2.4 0
0 2.6 0
0 2.8 0
0 3 0
0 3.2 0
0 3.4 0
0 3.6 0
0 3.8 0
0 4 0
0 4.2 0
0 4.4 0
0 4.6 0
0 4.8 0
0 5 0
0 5.2 0
0 5.4 0
0 5.6 0
0 5.8 0
0 6 0
0 6.2 0
0 6.4 0
0 6.6 0
0 6.8 0
0 7 0
0 7.2 0
0 7.4 0
0 7.6 0
0 7.8 0
0 8 0
0 8.2 0
0 8.4 0

0.2 0 0
0.2 0.2 0
0.2 0.4 0.0092736
0.2 0.6 0.0105593
0.2 0.8 0.0127436
0.2 1 0.0148233
0.2 1.2 0.0172156
0.2 1.4 0.0215113
0.2 1.6 0.0285144
0.2 1.8 0.036585
0.2 2 0.0413441
0.2 2.2 0.0378684
0.2 2.4 0.0246839
0.2 2.6 0.00552362
0.2 2.8 -0.011363
0.2 3 -0.0179647
0.2 3.2 -0.0116082
0.2 3.4 0.00277893
0.2 3.6 0.0151722
0.2 3.8 0.0169724
0.2 4 0.00677246
0.2 4.2 -0.00793258
0.2 4.4 -0.0153799
0.2 4.6 -0.00744236
0.2 4.8 0.0143919
0.2 5 0.0388366
0.2 5.2 0.051561
0.2 5.4 0.044117
0.2 5.6 0.0196211
0.2 5.8 -0.00921545
0.2 6 -0.0282058
0.2 6.2 0
0.2 6.4 0
0.2 6.6 0
0.2 6.8 0
0.2 7 0
0.2 7.2 0
0.2 7.4 0
0.2 7.6 0
0.2 7.8 0
0.2 8 0
0.2 8.2 0
0.2 8.4 0

0.4 0 0
0.4 0.2 0.0092736
0.4 0.4 0.0681598
0.4 0.6 0.0771714
0.4 0.8 0.0926774
0.4 1 0.107485
0.4 1.2 0.124774
0.4 1.4 0.155851
0.4 1.6 0.206793
0.4 1.8 0.265353
0.4 2 0.299649
0.4 2.2 0.274591
0.4 2.4 0.178886
0.4 2.6 0.0402204
0.4 2.8 -0.0819045
0.4 3 -0.129511
0.4 3.2 -0.083326
0.4 3.4 0.0207677
0.4 3.6 0.110306
0.4 3.8 0.122931
0.4 4 0.0488854
0.4 4.2 -0.0576687
0.4 4.4 -0.111467
0.4 4.6 -0.0536937
0.4 4.8 0.104476
0.4 5 0.281614
0.4 5.2 0.37361
0.4 5.4 0.31967
0.4 5.6 0.142174
0.4 5.8 -0.0665022
0.4 6 -0.203852
0.4 6.2 -0.0347257
0.4 6.4 0
0.4 6.6 0
0.4 6.8 0
0.4 7 0
0.4 7.2 0
0.4 7.4 0
0.4 7.6 0
0.4 7.8 0
0.4 8 0
0.4 8.2 0
0.4 8.4 0

0.6 0 0
0.6 0.2 -0.0206708
0.6 0.4 -0.149414
0.6 0.6 -0.114411
0.6 0.8 -0.0727668
0.6 1 -0.0358809
0.6 1.2 -0.0054737
0.6 1.4 0.0262774
0.6 1.6 0.0677288
0.6 1.8 0.114557
0.6 2 0.147074
0.6 2.2 0.141178
0.6 2.4 0.0856454
0.6 2.6 -0.00234029
0.6 2.8 -0.0833392
0.6 3 -0.117533
0.6 3.2 -0.0920414
0.6 3.4 -0.0326586
0.6 3.6 0.0105954
0.6 3.8 -0.00262394
0.6 4 -0.0719271
0.6 4.2 -0.151223
0.6 4.4 -0.175374
0.6 4.6 -0.104742
0.6 4.8 0.0429113
0.6 5 0.197377
0.6 5.2 0.275539
0.6 5.4 0.235147
0.6 5.6 0.102584
0.6 5.8 -0.0395742
0.6 6 -0.103918
0.6 6.2 -0.0466056
0.6 6.4 0.0323114
0.6 6.6 0
0.6 6.8 0
0.6 7 0
0.6 7.2 0
0.6 7.4 0
0.6 7.6 0
0.6 7.8 0
0.6 8 0
0.6 8.2 0
0.6 8.4 0

0.8 0 0
0.8 0.2 -0.0543269
0.8 0.4 -0.394013
0.8 0.6 -0.327673
0.8 0.8 -0.253078
0.8 1 -0.187864
0.8 1.2 -0.141163
0.8 1.4 -0.110463
0.8 1.6 -0.0851146
0.8 1.8 -0.0577808
0.8 2 -0.031345
0.8 2.2 -0.0153462
0.8 2.4 -0.0190768
0.8 2.6 -0.0404548
0.8 2.8 -0.0671674
0.8 3 -0.085125
0.8 3.2 -0.0903785
0.8 3.4 -0.0950258
0.8 3.6 -0.11806
0.8 3.8 -0.168548
0.8 4 -0.231726
0.8 4.2 -0.271934
0.8 4.4 -0.251952
0.8 4.6 -0.160172
0.8 4.8 -0.0250937
0.8 5 0.0958216
0.8 5.2 0.148684
0.8 5.4 0.117157
0.8 5.6 0.0356309
0.8 5.8 -0.0283172
0.8 6 -0.0145297
0.8 6.2 0.0969056
0.8 6.4 0.281816
0.8 6.6 0.0388313
0.8 6.8 0
0.8 7 0
0.8 7.2 0
0.8 7.4 0
0.8 7.6 0
0.8 7.8 0
0.8 8 0
0.8 8.2 0
0.8 8.4 0

1 0 0
1 0.2 -0.0627661
1 0.4 -0.455418
1 0.6 -0.378313
1 0.8 -0.290397
1 1 -0.212855
1 1.2 -0.160863
1 1.4 -0.138079
1 1.6 -0.134965
1 1.8 -0.135944
1 2 -0.12689
1 2.2 -0.102095
1 2.4 -0.0664293
1 2.6 -0.0303544
1 2.8 -0.00868566
1 3 -0.0131987
1 3.2 -0.0504899
1 3.4 -0.118741
1 3.6 -0.205633
1 3.8 -0.288281
1 4 -0.337901
1 4.2 -0.332023
1 4.4 -0.265052
1 4.6 -0.157023
1 4.8 -0.0477134
1 5 0.021837
1 5.2 0.0305388
1 5.4 -0.00829661
1 5.6 -0.0515379
1 5.8 -0.052352
1 6 0.0138987
1 6.2 0.128441
1 6.4 0.237325
1 6.6 0.0394006
1 6.8 0
1 7 0
1 7.2 0
1 7.4 0
1 7.6 0
1 7.8 0
1 8 0
1 8.2 0
1 8.4 0

1.2 0 0
1.2 0.2 -0.0343748
1.2 0.4 -0.249594
1.2 0.6 -0.197058
1.2 0.8 -0.130929
1.2 1 -0.0691756
1.2 1.2 -0.0285172
1.2 1.4 -0.0189744
1.2 1.6 -0.0376277
1.2 1.8 -0.0685212
1.2 2 -0.0879091
1.2 2.2 -0.0763968
1.2 2.4 -0.0298937
1.2 2.6 0.034618
1.2 2.8 0.0847715
1.2 3 0.0877556
1.2 3.2 0.0269368
1.2 3.4 -0.0864277
1.2 3.6 -0.214616
1.2 3.8 -0.309961
1.2 4 -0.334868
1.2 4.2 -0.281494
1.2 4.4 -0.175731
1.2 4.6 -0.0652538
1.2 4.8 0.00206696
1.2 5 0.00337827
1.2 5.2 -0.0480464
1.2 5.4 -0.109927
1.2 5.6 -0.134055
1.2 5.8 -0.0936021
1.2 6 -0.0013295
1.2 6.2 0.0935836
1.2 6.4 0.127306
1.2 6.6 0.0484435
1.2 6.8 -0.0315114
1.2 7 0
1.2 7.2 0
1.2 7.4 0
1.2 7.6 0
1.2 7.8 0
1.2 8 0
1.2 8.2 0
1.2 8.4 0

1.4 0 0
1.4 0.2 0.0166458
1.4 0.4 0.120686
1.4 0.6 0.119582
1.4 0.8 0.131412
1.4 1 0.152245
1.4 1.2 0.171551
1.4 1.4 0.173061
1.4 1.6 0.146316
1.4 1.8 0.0968163
1.4 2 0.0471128
1.4 2.2 0.0269761
1.4 2.4 0.0521111
1.4 2.6 0.111311
1.4 2.8 0.16635
1.4 3 0.172071
1.4 3.2 0.103819
1.4 3.4 -0.0239778
1.4 3.6 -0.160713
1.4 3.8 -0.244257
1.4 4 -0.235409
1.4 4.2 -0.139892
1.4 4.4 -0.00934986
1.4 4.6 0.0884067
1.4 4.8 0.104225
1.4 5 0.0346591
1.4 5.2 -0.0767331
1.4 5.4 -0.165264
1.4 5.6 -0.179545
1.4 5.8 -0.114594
1.4 6 -0.011626
1.4 6.2 0.0603541
1.4 6.4 0.0422725
1.4 6.6 -0.0822994
1.4 6.8 -0.276505
1.4 7 -0.0381897
1.4 7.2 0
1.4 7.4 0
1.4 7.6 0
1.4 7.8 0
1.4 8 0
1.4 8.2 0
1.4 8.4 0

1.6 0 0
1.6 0.2 0.0607401
1.6 0.4 0.440595
1.6 0.6 0.377087
1.6 0.8 0.319966
1.6 1 0.289451
1.6 1.2 0.290407
1.6 1.4 0.301864
1.6 1.6 0.294204
1.6 1.8 0.251377
1.6 2 0.184175
1.6 2.2 0.126567
1.6 2.4 0.109916
1.6 2.6 0.138165
1.6 2.8 0.180634
1.6 3 0.189619
1.6 3.2 0.133256
1.6 3.4 0.0215846
1.6 3.6 -0.0931556
1.6 3.8 -0.147071
1.6 4 -0.103534
1.6 4.2 0.0204776
1.6 4.4 0.159303
1.6 4.6 0.23568
1.6 4.8 0.204764
1.6 5 0.0809865
1.6 5.2 -0.0695089
1.6 5.4 -0.168992
1.6 5.6 -0.170716
1.6 5.8 -0.0873395
1.6 6 0.0187029
1.6 6.2 0.0714073
1.6 6.4 0.0259459
1.6 6.6 -0.105055
1.6 6.8 -0.246478
1.6 7 -0.0707474
1.6 7.2 0
1.6 7.4 0
1.6 7.6 0
1.6 7.8 0
1.6 8 0
1.6 8.2 0
1.6 8.4 0

1.8 0 0
1.8 0.2 0.0739075
1.8 0.4 0.536258
1.8 0.6 0.423044
1.8 0.8 0.302094
1.8 1 0.226917
1.8 1.2 0.223178
1.8 1.4 0.267867
1.8 1.6 0.309473
1.8 1.8 0.302782
1.8 2 0.239767
1.8 2.2 0.153627
1.8 2.4 0.0918323
1.8 2.6 0.0808128
1.8 2.8 0.105509
1.8 3 0.12292
1.8 3.2 0.094418
1.8 3.4 0.0204037
1.8 3.6 -0.056779
1.8 3.8 -0.0782818
1.8 4 -0.0117747
1.8 4.2 0.121554
1.8 4.4 0.253041
1.8 4.6 0.307363
1.8 4.8 0.247973
1.8 5 0.102909
1.8 5.2 -0.0516253
1.8 5.4 -0.135715
1.8 5.6 -0.113866
1.8 5.8 -0.0150141
1.8 6 0.0882573
1.8 6.2 0.121602
1.8 6.4 0.0574508
1.8 6.6 -0.0732209
1.8 6.8 -0.200175
1.8 7 -0.266086
1.8 7.2 -0.0367271
1.8 7.4 0
1.8 7.6 0
1.8 7.8 0
1.8 8 0
1.8 8.2 0
1.8 8.4 0

2 0 0
2 0.2 0.0542589
2 0.4 0.393424
2 0.6 0.251752
2 0.8 0.084938
2 1 -0.0192836
2 1.2 -0.013799
2 1.4 0.0799532
2 1.6 0.188914
2 1.8 0.238734
2 2 0.199544
2 2.2 0.101478
2 2.4 0.0058793
2 2.6 -0.0373478
2 2.8 -0.0246163
2 3 0.00776359
2 3.2 0.0151487
2 3.4 -0.0166621
2 3.6 -0.0585792
2 3.8 -0.0610934
2 4 0.00654542
2 4.2 0.126353
2 4.4 0.237702
2 4.6 0.274659
2 4.8 0.211158
2 5 0.0798365
2 5.2 -0.043381
2 5.4 -0.0890075
2 5.6 -0.0368605
2 5.8 0.0720797
2 6 0.161619
2 6.2 0.170409
2 6.4 0.0894959
2 6.6 -0.0347697
2 6.8 -0.135285
2 7 -0.17722
2 7.2 -0.0196638
2 7.4 0
2 7.6 0
2 7.8 0
2 8 0
2 8.2 0
2 8.4 0

2.2 0 0
2.2 0.2 0.0216445
2.2 0.4 0.156443
2.2 0.6 0.00403891
2.2 0.8 -0.188868
2.2 1 -0.308004
2.2 1.2 -0.287161
2.2 1.4 -0.147317
2.2 1.6 0.0237452
2.2 1.8 0.128156
2.2 2 0.118859
2.2 2.2 0.0224184
2.2 2.4 -0.0894037
2.2 2.6 -0.148512
2.2 2.8 -0.136077
2.2 3 -0.083994
2.2 3.2 -0.0437757
2.2 3.4 -0.043751
2.2 3.6 -0.0681692
2.2 3.8 -0.0743695
2.2 4 -0.0297457
2.2 4.2 0.0577702
2.2 4.4 0.141827
2.2 4.6 0.168695
2.2 4.8 0.119501
2.2 5 0.0258821
2.2 5.2 -0.0475069
2.2 5.4 -0.0481082
2.2 5.6 0.0290652
2.2 5.8 0.133756
2.2 6 0.196431
2.2 6.2 0.17217
2.2 6.4 0.0737239
2.2 6.6 -0.0383799
2.2 6.8 -0.0976736
2.2 7 -0.0718762
2.2 7.2 0.0346417
2.2 7.4 0.00480384
2.2 7.6 0
2.2 7.8 0
2.2 8 0
2.2 8.2 0
2.2 8.4 0

2.4 0 0
2.4 0.2 0.00196966
2.4 0.4 0.0135838
2.4 0.6 -0.140619
2.4 0.8 -0.343376
2.4 1 -0.466475
2.4 1.2 -0.436144
2.4 1.4 -0.271711
2.4 1.6 -0.0684104
2.4 1.8 0.0654864
2.4 2 0.0748457
2.4 2.2 -0.0156219
2.4 2.4 -0.127671
2.4 2.6 -0.185359
2.4 2.8 -0.162577
2.4 3 -0.092051
2.4 3.2 -0.031143
2.4 3.4 -0.0185057
2.4 3.6 -0.0477177
2.4 3.8 -0.0781186
2.4 4 -0.0713451
2.4 4.2 -0.0232883
2.4 4.4 0.0343368
2.4 4.6 0.0578559
2.4 4.8 0.0314332
2.4 5 -0.0213278
2.4 5.2 -0.050166
2.4 5.4 -0.0196105
2.4 5.6 0.0628458
2.4 5.8 0.146501
2.4 6 0.171137
2.4 6.2 0.111556
2.4 6.4 -0.00286297
2.4 6.6 -0.103652
2.4 6.8 -0.130622
2.4 7 -0.0737909
2.4 7.2 0.0105086
2.4 7.4 0.00145107
2.4 7.6 0
2.4 7.8 0
2.4 8 0
2.4 8.2 0
2.4 8.4 0

2.6 0 0
2.6 0.2 0.00786343
2.6 0.4 0.0563777
2.6 0.6 -0.0944164
2.6 0.8 -0.289922
2.6 1 -0.408104
2.6 1.2 -0.378239
2.6 1.4 -0.220658
2.6 1.6 -0.0276943
2.6 1.8 0.0970082
2.6 2 0.102455
2.6 2.2 0.0153284
2.6 2.4 -0.0865812
2.6 2.6 -0.129596
2.6 2.8 -0.0912975
2.6 3 -0.00864977
2.6 3.2 0.0566617
2.6 3.4 0.0618077
2.6 3.6 0.0123448
2.6 3.8 -0.0493274
2.6 4 -0.0784689
2.6 4.2 -0.0605336
2.6 4.4 -0.019364
2.6 4.6 0.00735794
2.6 4.8 0.000345804
2.6 5 -0.0257877
2.6 5.2 -0.0345963
2.6 5.4 -0.0012518
2.6 5.6 0.0630119
2.6 5.8 0.112969
2.6 6 0.100824
2.6 6.2 0.0159838
2.6 6.4 -0.103656
2.6 6.6 -0.188503
2.6 6.8 -0.187716
2.6 7 -0.1043
2.6 7.2 -0.00762044
2.6 7.4 0.0239496
2.6 7.6 0
2.6 7.8 0
2.6 8 0
2.6 8.2 0
2.6 8.4 0

2.8 0 0
2.8 0.2 0.0299603
2.8 0.4 0.216964
2.8 0.6 0.0807824
2.8 0.8 -0.0857229
2.8 1 -0.184496
2.8 1.2 -0.16093
2.8 1.4 -0.037265
2.8 1.6 0.106821
2.8 1.8 0.187167
2.8 2 0.168008
2.8 2.2 0.080437
2.8 2.4 -0.00390491
2.8 2.6 -0.0246756
2.8 2.8 0.0290132
2.8 3 0.113729
2.8 3.2 0.167476
2.8 3.4 0.152488
2.8 3.6 0.0790926
2.8 3.8 -0.00408135
2.8 4 -0.0488617
2.8 4.2 -0.038177
2.8 4.4 0.00561115
2.8 4.6 0.0414399
2.8 4.8 0.0448181
2.8 5 0.0212691
2.8 5.2 0.00181303
2.8 5.4 0.00914275
2.8 5.6 0.0386799
2.8 5.8 0.0558449
2.8 6 0.0248556
2.8 6.2 -0.0607425
2.8 6.4 -0.16376
2.8 6.6 -0.225006
2.8 6.8 -0.200955
2.8 7 -0.0952561
2.8 7.2 0.0443733
2.8 7.4 0.181446
2.8 7.6 0.0249966
2.8 7.8 0
2.8 8 0
2.8 8.2 0
2.8 8.4 0

3 0 0
3 0.2 0.0450654
3 0.4 0.32721
3 0.6 0.226936
3 0.8 0.115653
3 1 0.0549867
3 1.2 0.0748715
3 1.4 0.152154
3 1.6 0.2277
3 1.8 0.246254
3 2 0.195442
3 2.2 0.110491
3 2.4 0.0509214
3 2.6 0.0561928
3 2.8 0.120422
3 3 0.195832
3 3.2 0.226869
3 3.4 0.187911
3 3.6 0.100613
3 3.8 0.0174097
3 4 -0.0145169
3 4.2 0.0169089
3 4.4 0.0812338
3 4.6 0.131646
3 4.8 0.13517
3 5 0.0945613
3 5.2 0.0411222
3 5.4 0.00637536
3 5.6 -0.00062025
3 5.8 -5.11816e-05
3 6 -0.0207906
3 6.2 -0.0728587
3 6.4 -0.136108
3 6.6 -0.167424
3 6.8 -0.136225
3 7 -0.0449154
3 7.2 0.0694892
3 7.4 0.160403
3 7.6 0.0221021
3 7.8 0
3 8 0
3 8.2 0
3 8.4 0

3.2 0 0
3.2 0.2 0.0345569
3.2 0.4 0.25151
3.2 0.6 0.210199
3.2 0.8 0.175763
3.2 1 0.168813
3.2 1.2 0.193493
3.2 1.4 0.226371
3.2 1.6 0.234574
3.2 1.8 0.197463
3.2 2 0.125565
3.2 2.2 0.0562784
3.2 2.4 0.0298559
3.2 2.6 0.0615791
3.2 2.8 0.1293
3.2 3 0.185407
3.2 3.2 0.18812
3.2 3.4 0.130146
3.2 3.6 0.0439842
3.2 3.8 -0.0160947
3.2 4 -0.0111668
3.2 4.2 0.0588545
3.2 4.4 0.153473
3.2 4.6 0.217124
3.2 4.8 0.214139
3.2 5 0.146804
3.2 5.2 0.0535458
3.2 5.4 -0.0211899
3.2 5.6 -0.0515215
3.2 5.8 -0.0441816
3.2 6 -0.0247308
3.2 6.2 -0.0166333
3.2 6.4 -0.0216724
3.2 6.6 -0.0235385
3.2 6.8 -0.00347307
3.2 7 0.0394636
3.2 7.2 0.086606
3.2 7.4 0.114722
3.2 7.6 0.00356974
3.2 7.8 0
3.2 8 0
3.2 8.2 0
3.2 8.4 0

3.4 0 0
3.4 0.2 -0.00124648
3.4 0.4 -0.00789911
3.4 0.6 0.0207241
3.4 0.8 0.0670582
3.4 1 0.116045
3.4 1.2 0.148565
3.4 1.4 0.1471
3.4 1.6 0.105259
3.4 1.8 0.0354064
3.4 2 -0.033719
3.4 2.2 -0.0704479
3.4 2.4 -0.0563391
3.4 2.6 -0.00140377
3.4 2.8 0.0611647
3.4 3 0.0911861
3.4 3.2 0.0666389
3.4 3.4 -0.000973555
3.4 3.6 -0.0709414
3.4 3.8 -0.094515
3.4 4 -0.046235
3.4 4.2 0.0606441
3.4 4.4 0.176868
3.4 4.6 0.245603
3.4 4.8 0.231356
3.4 5 0.141048
3.4 5.2 0.0191245
3.4 5.4 -0.078882
3.4 5.6 -0.112985
3.4 5.8 -0.0803232
3.4 6 -0.0057611
3.4 6.2 0.0725651
3.4 6.4 0.12686
3.4 6.6 0.149032
3.4 6.8 0.14511
3.4 7 0.123549
3.4 7.2 0.0846018
3.4 7.4 0.0202742
3.4 7.6 -0.0892237
3.4 7.8 -0.0122565
3.4 8 0
3.4 8.2 0
3.4 8.4 0

3.6 0 0
3.6 0.2 -0.0427948
3.6 0.4 -0.309649
3.6 0.6 -0.223063
3.6 0.8 -0.115847
3.6 1 -0.0297313
3.6 1.2 0.00344952
3.6 1.4 -0.0247181
3.6 1.6 -0.0942584
3.6 1.8 -0.168289
3.6 2 -0.209682
3.6 2.2 -0.19959
3.6 2.4 -0.144804
3.6 2.6 -0.0750405
3.6 2.8 -0.0270414
3.6 3 -0.0256393
3.6 3.2 -0.0709566
3.6 3.4 -0.135376
3.6 3.6 -0.178847
3.6 3.8 -0.166308
3.6 4 -0.0886555
3.6 4.2 0.0303059
3.6 4.4 0.142592
3.6 4.6 0.198334
3.6 4.8 0.171184
3.6 5 0.0714834
3.6 5.2 -0.0558845
3.6 5.4 -0.153614
3.6 5.6 -0.176839
3.6 5.8 -0.115238
3.6 6 0.00549108
3.6 6.2 0.137947
3.6 6.4 0.235563
3.6 6.6 0.27084
3.6 6.8 0.242808
3.6 7 0.167823
3.6 7.2 0.0695976
3.6 7.4 -0.0315315
3.6 7.6 -0.1151
3.6 7.8 -0.0158581
3.6 8 0
3.6 8.2 0
3.6 8.4 0

3.8 0 0
3.8 0.2 -0.065357
3.8 0.4 -0.473995
3.8 0.6 -0.361697
3.8 0.8 -0.233227
3.8 1 -0.143437
3.8 1.2 -0.126606
3.8 1.4 -0.178067
3.8 1.6 -0.257118
3.8 1.8 -0.31239
3.8 2 -0.30997
3.8 2.2 -0.250235
3.8 2.4 -0.164431
3.8 2.6 -0.0947952
3.8 2.8 -0.0712007
3.8 3 -0.0970056
3.8 3.2 -0.150516
3.8 3.4 -0.197123
3.8 3.6 -0.207321
3.8 3.8 -0.168329
3.8 4 -0.0893038
3.8 4.2 0.00323822
3.8 4.4 0.0758388
3.8 4.6 0.0989899
3.8 4.8 0.0600539
3.8 5 -0.0298834
3.8 5.2 -0.135897
3.8 5.4 -0.212933
3.8 5.6 -0.220556
3.8 5.8 -0.146501
3.8 6 -0.0102671
3.8 6.2 0.140215
3.8 6.4 0.251733
3.8 6.6 0.287938
3.8 6.8 0.243664
3.8 7 0.144595
3.8 7.2 0.0293581
3.8 7.4 -0.0667006
3.8 7.6 -0.125681
3.8 7.8 -0.0173684
3.8 8 0
3.8 8.2 0
3.8 8.4 0

4 0 0
4 0.2 -0.0564101
4 0.4 -0.4098
4 0.6 -0.309379
4 0.8 -0.200716
4 1 -0.140759
4 1.2 -0.157057
4 1.4 -0.23101
4 1.6 -0.306987
4 1.8 -0.331672
4 2 -0.282869
4 2.2 -0.184664
4 2.4 -0.0879735
4 2.6 -0.0374943
4 2.8 -0.0474858
4 3 -0.0949917
4 3.2 -0.140432
4 3.4 -0.151926
4 3.6 -0.123187
4 3.8 -0.0700009
4 4 -0.0188723
4 4.2 0.0113329
4 4.4 0.0136713
4 4.6 -0.00988235
4 4.8 -0.0542065
4 5 -0.112824
4 5.2 -0.173446
4 5.4 -0.215881
4 5.6 -0.215122
4 5.8 -0.155844
4 6 -0.0461913
4 6.2 0.0795375
4 6.4 0.173731
4 6.6 0.199679
4 6.8 0.152395
4 7 0.0610103
4 7.2 -0.0278588
4 7.4 -0.0767344
4 7.6 -0.0814635
4 7.8 0.0181182
4 8 0
4 8.2 0
4 8.4 0

4.2 0 0
4.2 0.2 -0.0238656
4.2 0.4 -0.174351
4.2 0.6 -0.110386
4.2 0.8 -0.0456708
4.2 1 -0.0322058
4.2 1.2 -0.0871338
4.2 1.4 -0.178143
4.2 1.6 -0.243226
4.2 1.8 -0.234282
4.2 2 -0.14867
4.2 2.2 -0.0325645
4.2 2.4 0.0502583
4.2 2.6 0.0611748
4.2 2.8 0.0107192
4.2 3 -0.0508984
4.2 3.2 -0.0715204
4.2 3.4 -0.0318014
4.2 3.6 0.0433005
4.2 3.8 0.103899
4.2 4 0.110077
4.2 4.2 0.0577521
4.2 4.4 -0.0236412
4.2 4.6 -0.0938036
4.2 4.8 -0.130087
4.2 5 -0.13739
4.2 5.2 -0.135233
4.2 5.4 -0.13872
4.2 5.6 -0.141224
4.2 5.8 -0.124742
4.2 6 -0.0765929
4.2 6.2 -0.00826661
4.2 6.4 0.047905
4.2 6.6 0.0596953
4.2 6.8 0.020538
4.2 7 -0.042143
4.2 7.2 -0.0812343
4.2 7.4 -0.057126
4.2 7.6 0.0402276
4.2 7.8 0.213658
4.2 8 0.0294036
4.2 8.2 0
4.2 8.4 0

4.4 0 0
4.4 0.2 0.00998022
4.4 0.4 0.0712294
4.4 0.6 0.0990077
4.4 0.8 0.121875
4.4 1 0.0959768
4.4 1.2 0.0146288
4.4 1.4 -0.0816804
4.4 1.6 -0.12934
4.4 1.8 -0.0904787
4.4 2 0.0175801
4.4 2.2 0.129895
4.4 2.4 0.176774
4.4 2.6 0.134319
4.4 2.8 0.0403622
4.4 3 -0.0287556
4.4 3.2 -0.0133525
4.4 3.4 0.0882897
4.4 3.6 0.21494
4.4 3.8 0.283532
4.4 4 0.243926
4.4 4.2 0.111906
4.4 4.4 -0.0437978
4.4 4.6 -0.14513
4.4 4.8 -0.155548
4.4 5 -0.0958313
4.4 5.2 -0.0240039
4.4 5.4 0.00948478
4.4 5.6 -0.00805749
4.4 5.8 -0.0496212
4.4 6 -0.0775587
4.4 6.2 -0.0755887
4.4 6.4 -0.0585898
4.4 6.6 -0.0561863
4.4 6.8 -0.0814354
4.4 7 -0.115001
4.4 7.2 -0.115067
4.4 7.4 -0.0504936
4.4 7.6 0.0724569
4.4 7.8 0.200586
4.4 8 0.0276387
4.4 8.2 0
4.4 8.4 0

4.6 0 0
4.6 0.2 0.0241655
4.6 0.4 0.174508
4.6 0.6 0.186783
4.6 0.8 0.192266
4.6 1 0.152207
4.6 1.2 0.066413
4.6 1.4 -0.0195992
4.6 1.6 -0.0449956
4.6 1.8 0.0181812
4.6 2 0.135652
4.6 2.2 0.229691
4.6 2.4 0.231235
4.6 2.6 0.131797
4.6 2.8 -0.00358072
4.6 3 -0.0765757
4.6 3.2 -0.0234723
4.6 3.4 0.1382
4.6 3.6 0.314235
4.6 3.8 0.394346
4.6 4 0.321266
4.6 4.2 0.13125
4.6 4.4 -0.0718743
4.6 4.6 -0.179336
4.6 4.8 -0.14682
4.6 5 -0.0155264
4.6 5.2 0.122182
4.6 5.4 0.182709
4.6 5.6 0.143662
4.6 5.8 0.0441721
4.6 6 -0.0498797
4.6 6.2 -0.0967781
4.6 6.4 -0.0998444
4.6 6.6 -0.0925798
4.6 6.8 -0.101671
4.6 7 -0.119493
4.6 7.2 -0.11105
4.6 7.4 -0.0473461
4.6 7.6 0.0617751
4.6 7.8 0.160878
4.6 8 0.0222013
4.6 8.2 0
4.6 8.4 0

4.8 0 0
4.8 0.2 0.0121128
4.8 0.4 0.0875733
4.8 0.6 0.1115
4.8 0.8 0.129796
4.8 1 0.10354
4.8 1.2 0.0337762
4.8 1.4 -0.0319776
4.8 1.6 -0.0351127
4.8 1.8 0.0449001
4.8 2 0.164984
4.8 2.2 0.239714
4.8 2.4 0.201828
4.8 2.6 0.056371
4.8 2.8 -0.111892
4.8 3 -0.188769
4.8 3.2 -0.108831
4.8 3.4 0.0960701
4.8 3.6 0.308695
4.8 3.8 0.399275
4.8 4 0.309491
4.8 4.2 0.0904938
4.8 4.4 -0.127141
4.8 4.6 -0.216923
4.8 4.8 -0.134307
4.8 5 0.0603938
4.8 5.2 0.245767
4.8 5.4 0.319266
4.8 5.6 0.255479
4.8 5.8 0.112602
4.8 6 -0.0197657
4.8 6.2 -0.0809159
4.8 6.4 -0.072966
4.8 6.6 -0.0423609
4.8 6.8 -0.0341688
4.8 7 -0.0542262
4.8 7.2 -0.0684776
4.8 7.4 -0.0416414
4.8 7.6 0.0279592
4.8 7.8 0.0952702
4.8 8 0.0131872
4.8 8.2 0
4.8 8.4 0

5 0 0
5 0.2 -0.0161584
5 0.4 -0.116961
5 0.6 -0.0634529
5 0.8 -0.0135036
5 1 -0.0100113
5 1.2 -0.0560697
5 1.4 -0.103665
5 1.6 -0.0929716
5 1.8 -0.0039833
5 2 0.11831
5 2.2 0.18491
5 2.4 0.129251
5 2.6 -0.038761
5 2.8 -0.225139
5 3 -0.308761
5 3.2 -0.221615
5 3.4 -0.00211323
5 3.6 0.222796
5 3.8 0.316666
5 4 0.222139
5 4.2 0.000636255
5 4.4 -0.205588
5 4.6 -0.264229
5 4.8 -0.137829
5 5 0.0971721
5 5.2 0.303321
5 5.4 0.370118
5 5.6 0.281866
5 5.8 0.114216
5 6 -0.0231084
5 6.2 -0.0624558
5 6.4 -0.0143917
5 6.6 0.0545744
5 6.8 0.079125
5 7 0.0443556
5 7.2 -0.0122627
5 7.4 -0.0387124
5 7.6 -0.0171337
5 7.8 0.0207253
5 8 -0.00117995
5 8.2 0
5 8.4 0

5.2 0 0
5.2 0.2 -0.0430211
5.2 0.4 -0.311577
5.2 0.6 -0.226953
5.2 0.8 -0.143332
5.2 1 -0.112933
5.2 1.2 -0.143245
5.2 1.4 -0.187186
5.2 1.6 -0.178729
5.2 1.8 -0.0899417
5.2 2 0.0374812
5.2 2.2 0.115293
5.2 2.4 0.0717112
5.2 2.6 -0.0878369
5.2 2.8 -0.274301
5.2 3 -0.366219
5.2 3.2 -0.293734
5.2 3.4 -0.0911671
5.2 3.6 0.118527
5.2 3.8 0.203213
5.2 4 0.109591
5.2 4.2 -0.098058
5.2 4.4 -0.27898
5.2 4.6 -0.307829
5.2 4.8 -0.156863
5.2 5 0.0876038
5.2 5.2 0.283398
5.2 5.4 0.326271
5.2 5.6 0.214003
5.2 5.8 0.039266
5.2 6 -0.0784959
5.2 6.2 -0.0740598
5.2 6.4 0.0275761
5.2 6.6 0.138308
5.2 6.8 0.176561
5.2 7 0.122214
5.2 7.2 0.022838
5.2 7.4 -0.0513574
5.2 7.6 -0.0641675
5.2 7.8 -0.0380004
5.2 8 -0.0295675
5.2 8.2 -0.00406332
5.2 8.4 0

5.4 0 0
5.4 0.2 -0.0556097
5.4 0.4 -0.402709
5.4 0.6 -0.297761
5.4 0.8 -0.192453
5.4 1 -0.148716
5.4 1.2 -0.18154
5.4 1.4 -0.241159
5.4 1.6 -0.252574
5.4 1.8 -0.174392
5.4 2 -0.0384492
5.4 2.2 0.0678965
5.4 2.4 0.0644199
5.4 2.6 -0.0590396
5.4 2.8 -0.227352
5.4 3 -0.326583
5.4 3.2 -0.284367
5.4 3.4 -0.122999
5.4 3.6 0.0506701
5.4 3.8 0.116643
5.4 4 0.0269985
5.4 4.2 -0.159669
5.4 4.4 -0.31415
5.4 4.6 -0.325533
5.4 4.8 -0.175155
5.4 5 0.0483474
5.4 5.2 0.210369
5.4 5.4 0.219854
5.4 5.6 0.0888215
5.4 5.8 -0.0806935
5.4 6 -0.169348
5.4 6.2 -0.120101
5.4 6.4 0.0260928
5.4 6.6 0.166572
5.4 6.8 0.210839
5.4 7 0.140388
5.4 7.2 0.0135362
5.4 7.4 -0.0847512
5.4 7.6 -0.106171
5.4 7.8 -0.068632
5.4 8 -0.0315274
5.4 8.2 -0.00434063
5.4 8.4 0

5.6 0 0
5.6 0.2 -0.0521716
5.6 0.4 -0.377838
5.6 0.6 -0.266299
5.6 0.8 -0.152765
5.6 1 -0.110532
5.6 1.2 -0.160374
5.6 1.4 -0.25086
5.6 1.6 -0.29528
5.6 1.8 -0.236304
5.6 2 -0.0933333
5.6 2.2 0.0494045
5.6 2.4 0.100965
5.6 2.6 0.0301137
5.6 2.8 -0.108135
5.6 3 -0.211988
5.6 3.2 -0.205542
5.6 3.4 -0.094409
5.6 3.6 0.036837
5.6 3.8 0.0845444
5.6 4 0.00367449
5.6 4.2 -0.158932
5.6 4.4 -0.292839
5.6 4.6 -0.302767
5.6 4.8 -0.175662
5.6 5 0.00703762
5.6 5.2 0.126825
5.6 5.4 0.107632
5.6 5.6 -0.0299451
5.6 5.8 -0.18582
5.6 6 -0.248685
5.6 6.2 -0.173907
5.6 6.4 -0.0106263
5.6 6.6 0.134921
5.6 6.8 0.174483
5.6 7 0.0956797
5.6 7.2 -0.0353267
5.6 7.4 -0.127577
5.6 7.6 -0.130755
5.6 7.8 -0.0662588
5.6 8 -0.00436107
5.6 8.2 -0.000588786
5.6 8.4 0

5.8 0 0
5.8 0.2 -0.0394894
5.8 0.4 -0.285736
5.8 0.6 -0.175543
5.8 0.8 -0.0613063
5.8 1 -0.025779
5.8 1.2 -0.0966468
5.8 1.4 -0.220898
5.8 1.6 -0.302656
5.8 1.8 -0.269377
5.8 2 -0.126436
5.8 2.2 0.0457003
5.8 2.4 0.147723
5.8 2.6 0.12849
5.8 2.8 0.0212287
5.8 3 -0.0846571
5.8 3.2 -0.110556
5.8 3.4 -0.0426263
5.8 3.6 0.0557108
5.8 3.8 0.0967758
5.8 4 0.0337833
5.8 4.2 -0.102292
5.8 4.4 -0.222352
5.8 4.6 -0.245248
5.8 4.8 -0.155816
5.8 5 -0.0190433
5.8 5.2 0.0662697
5.8 5.4 0.0379106
5.8 5.6 -0.086239
5.8 5.8 -0.218764
5.8 6 -0.26644
5.8 6.2 -0.194336
5.8 6.4 -0.0494726
5.8 6.6 0.0721988
5.8 6.8 0.0963878
5.8 7 0.0185964
5.8 7.2 -0.0944882
5.8 7.4 -0.156532
5.8 7.6 -0.124131
5.8 7.8 -0.026749
5.8 8 0.0588887
5.8 8.2 0.00815673
5.8 8.4 0

6 0 0
6 0.2 -0.0246795
6 0.4 -0.178175
6 0.6 -0.0713817
6 0.8 0.0428743
6 1 0.0748962
6 1.2 -0.00842501
6 1.4 -0.157522
6 1.6 -0.270995
6 1.8 -0.266258
6 2 -0.136254
6 2.2 0.0459462
6 2.4 0.176425
6 2.6 0.191201
6 2.8 0.105059
6 3 -0.00364527
6 3.2 -0.0525474
6 3.4 -0.013296
6 3.6 0.0712245
6 3.8 0.122952
6 4 0.0898649
6 4.2 -0.0167883
6 4.4 -0.129403
6 4.6 -0.174872
6 4.8 -0.129052
6 5 -0.0327044
6 5.2 0.0378739
6 5.4 0.0273642
6 5.6 -0.0583622
6 5.8 -0.1579
6 6 -0.199791
6 6.2 -0.156041
6 6.4 -0.0600853
6 6.6 0.0166924
6 6.8 0.0202807
6 7 -0.0469268
6 7.2 -0.127207
6 7.4 -0.150497
6 7.6 -0.0857667
6 7.8 0.0331496
6 8 0.132343
6 8.2 0.0183271
6 8.4 0

6.2 0 0
6.2 0.2 -0.00973681
6.2 0.4 -0.0695379
6.2 0.6 0.0327083
6.2 0.8 0.147984
6.2 1 0.183495
6.2 1.2 0.100367
6.2 1.4 -0.0570541
6.2 1.6 -0.191167
6.2 1.8 -0.214101
6.2 2 -0.110311
6.2 2.2 0.0570626
6.2 2.4 0.186883
6.2 2.6 0.209652
6.2 2.8 0.128682
6.2 3 0.0142113
6.2 3.2 -0.0506156
6.2 3.4 -0.0245319
6.2 3.6 0.0628784
6.2 3.8 0.140582
6.2 4 0.145812
6.2 4.2 0.0688901
6.2 4.4 -0.0410782
6.2 4.6 -0.116248
6.2 4.8 -0.115211
6.2 5 -0.0509037
6.2 5.2 0.023417
6.2 5.4 0.0550655
6.2 5.6 0.0282567
6.2 5.8 -0.0285631
6.2 6 -0.0697433
6.2 6.2 -0.0685031
6.2 6.4 -0.0359914
6.2 6.6 -0.0107603
6.2 6.8 -0.0231914
6.2 7 -0.0700115
6.2 7.2 -0.112054
6.2 7.4 -0.104892
6.2 7.6 -0.0314577
6.2 7.8 0.0785593
6.2 8 0.167923
6.2 8.2 0.0232516
6.2 8.4 0

6.4 0 0
6.4 0.2 0.00752598
6.4 0.4 0.0556374
6.4 0.6 0.147998
6.4 0.8 0.26009
6.4 1 0.300922
6.4 1.2 0.228079
6.4 1.4 0.0765501
6.4 1.6 -0.0642896
6.4 1.8 -0.110797
6.4 2 -0.0410736
6.4 2.2 0.0928157
6.4 2.4 0.199202
6.4 2.6 0.209613
6.4 2.8 0.121845
6.4 3 -0.00192283
6.4 3.2 -0.0777642
6.4 3.4 -0.0581444
6.4 3.6 0.0397967
6.4 3.8 0.146616
6.4 4 0.189807
6.4 4.2 0.139898
6.4 4.4 0.0271277
6.4 4.6 -0.081586
6.4 4.8 -0.126628
6.4 5 -0.0905656
6.4 5.2 -0.00407006
6.4 5.4 0.0798688
6.4 5.6 0.120705
6.4 5.8 0.110083
6.4 6 0.0694592
6.4 6.2 0.0271811
6.4 6.4 -0.000430728
6.4 6.6 -0.0160933
6.4 6.8 -0.0298794
6.4 7 -0.0443721
6.4 7.2 -0.0495975
6.4 7.4 -0.0313104
6.4 7.6 0.0151341
6.4 7.8 0.0755878
6.4 8 0.124351
6.4 8.2 0.0172218
6.4 8.4 0

6.6 0 0
6.6 0.2 0.0275672
6.6 0.4 0.200633
6.6 0.6 0.274117
6.6 0.8 0.372821
6.6 1 0.413378
6.6 1.2 0.353193
6.6 1.4 0.217673
6.6 1.6 0.0815777
6.6 1.8 0.0201317
6.6 2 0.0575782
6.6 2.2 0.153511
6.6 2.4 0.230211
6.6 2.6 0.224193
6.6 2.8 0.128868
6.6 3 -0.00185558
6.6 3.2 -0.0877725
6.6 3.4 -0.0762944
6.6 3.6 0.0247213
6.6 3.8 0.15188
6.6 4 0.22458
6.6 4.2 0.195652
6.6 4.4 0.0779106
6.6 4.6 -0.0654856
6.6 4.8 -0.157826
6.6 5 -0.153808
6.6 5.2 -0.0617579
6.6 5.4 0.0668651
6.6 5.6 0.167605
6.6 5.8 0.199092
6.6 6 0.160281
6.6 6.2 0.0832698
6.6 6.4 0.0122077
6.6 6.6 -0.0231016
6.6 6.8 -0.0164711
6.6 7 0.0137002
6.6 7.2 0.0436848
6.6 7.4 0.0533384
6.6 7.6 0.0405659
6.6 7.8 0.0152985
6.6 8 -0.00404556
6.6 8.2 -0.000548207
6.6 8.4 0

6.8 0 0
6.8 0.2 0.044943
6.8 0.4 0.32612
6.8 0.6 0.373761
6.8 0.8 0.447595
6.8 1 0.478157
6.8 1.2 0.427646
6.8 1.4 0.311798
6.8 1.6 0.189703
6.8 1.8 0.124125
6.8 2 0.14008
6.8 2.2 0.209777
6.8 2.4 0.269479
6.8 2.6 0.261681
6.8 2.8 0.173302
6.8 3 0.0456881
6.8 3.2 -0.0496864
6.8 3.4 -0.0557773
6.8 3.6 0.0317426
6.8 3.8 0.161058
6.8 4 0.250663
6.8 4.2 0.23885
6.8 4.4 0.119417
6.8 4.6 -0.0521091
6.8 4.8 -0.190377
6.8 5 -0.225958
6.8 5.2 -0.144521
6.8 5.4 0.00648951
6.8 5.6 0.147417
6.8 5.8 0.209734
6.8 6 0.173235
6.8 6.2 0.0740487
6.8 6.4 -0.0202256
6.8 6.6 -0.0519276
6.8 6.8 -0.00654458
6.8 7 0.0802668
6.8 7.2 0.145283
6.8 7.4 0.137508
6.8 7.6 0.0499837
6.8 7.8 -0.0773863
6.8 8 -0.177545
6.8 8.2 -0.0245513
6.8 8.4 0

7 0 0
7 0.2 0.0503854
7 0.4 0.365045
7 0.6 0.387147
7 0.8 0.430817
7 1 0.445728
7 1.2 0.400867
7 1.4 0.306368
7 1.6 0.203738
7 1.8 0.143791
7 2 0.152635
7 2.2 0.214558
7 2.4 0.280575
7 2.6 0.29674
7 2.8 0.238795
7 3 0.129401
7 3.2 0.0272633
7 3.4 -0.00790039
7 3.6 0.0472337
7 3.8 0.159465
7 4 0.25528
7 4.2 0.263108
7 4.4 0.155386
7 4.6 -0.0289299
7 4.8 -0.203631
7 5 -0.283056
7 5.2 -0.230512
7 5.4 -0.0818515
7 5.6 0.0759195
7 5.8 0.155775
7 6 0.121772
7 6.2 0.0115206
7 6.4 -0.0902972
7 6.6 -0.105191
7 6.8 -0.0123545
7 7 0.133693
7 7.2 0.237408
7 7.4 0.21716
7 7.6 0.0630866
7 7.8 -0.15652
7 8 -0.329679
7 8.2 -0.045571
7 8.4 0

7.2 0 0
7.2 0.2 0.0378333
7.2 0.4 0.273567
7.2 0.6 0.279037
7.2 0.8 0.297736
7.2 1 0.298632
7.2 1.2 0.261878
7.2 1.4 0.189607
7.2 1.6 0.108968
7.2 1.8 0.0589212
7.2 2 0.0683719
7.2 2.2 0.135743
7.2 2.4 0.226833
7.2 2.6 0.289369
7.2 2.8 0.28303
7.2 3 0.20638
7.2 3.2 0.100588
7.2 3.4 0.0291916
7.2 3.6 0.0367986
7.2 3.8 0.118715
7.2 4 0.217177
7.2 4.2 0.254245
7.2 4.4 0.178867
7.2 4.6 0.00598576
7.2 4.8 -0.18872
7.2 5 -0.308364
7.2 5.2 -0.295079
7.2 5.4 -0.166934
7.2 5.6 -0.00883395
7.2 5.8 0.0803464
7.2 6 0.0509168
7.2 6.2 -0.0634513
7.2 6.4 -0.167465
7.2 6.6 -0.166743
7.2 6.8 -0.0346395
7.2 7 0.163712
7.2 7.2 0.305879
7.2 7.4 0.288729
7.2 7.6 0.0965109
7.2 7.8 -0.182538
7.2 8 -0.402992
7.2 8.2 -0.0556646
7.2 8.4 0

7.4 0 0
7.4 0.2 0.0105857
7.4 0.4 0.0759172
7.4 0.6 0.0777706
7.4 0.8 0.0838345
7.4 1 0.0820676
7.4 1.2 0.0594721
7.4 1.4 0.011974
7.4 1.6 -0.0485296
7.4 1.8 -0.0929149
7.4 2 -0.0876443
7.4 2.2 -0.0167506
7.4 2.4 0.101552
7.4 2.6 0.216586
7.4 2.8 0.270185
7.4 3 0.232946
7.4 3.2 0.126678
7.4 3.4 0.0160976
7.4 3.6 -0.0292351
7.4 3.8 0.0182612
7.4 4 0.122095
7.4 4.2 0.200854
7.4 4.4 0.179164
7.4 4.6 0.0416554
7.4 4.8 -0.152725
7.4 5 -0.302165
7.4 5.2 -0.327697
7.4 5.4 -0.22568
7.4 5.6 -0.0719032
7.4 5.8 0.0277081
7.4 6 0.00858347
7.4 6.2 -0.105251
7.4 6.4 -0.215017
7.4 6.6 -0.214495
7.4 6.8 -0.0658582
7.4 7 0.163787
7.4 7.2 0.340652
7.4 7.4 0.343645
7.4 7.6 0.150298
7.4 7.8 -0.14455
7.4 8 -0.378828
7.4 8.2 -0.0522978
7.4 8.4 0

7.6 0 0
7.6 0.2 -0.0191538
7.6 0.4 -0.139536
7.6 0.6 -0.131862
7.6 0.8 -0.124886
7.6 1 -0.116407
7.6 1.2 -0.114758
7.6 1.4 -0.134678
7.6 1.6 -0.179214
7.6 1.8 -0.228938
7.6 2 -0.243634
7.6 2.2 -0.188143
7.6 2.4 -0.0607395
7.6 2.6 0.0921317
7.6 2.8 0.196806
7.6 3 0.196425
7.6 3.2 0.0910886
7.6 3.4 -0.0544667
7.6 3.6 -0.148845
7.6 3.8 -0.131981
7.6 4 -0.0176588
7.6 4.2 0.110558
7.6 4.4 0.154684
7.6 4.6 0.0672851
7.6 4.8 -0.111926
7.6 5 -0.279685
7.6 5.2 -0.336464
7.6 5.4 -0.255063
7.6 5.6 -0.0992148
7.6 5.8 0.0194647
7.6 6 0.0200459
7.6 6.2 -0.0894047
7.6 6.4 -0.212954
7.6 6.6 -0.233907
7.6 6.8 -0.0996027
7.6 7 0.134848
7.6 7.2 0.333825
7.6 7.4 0.368862
7.6 7.6 0.206529
7.6 7.8 -0.0643773
7.6 8 -0.281928
7.6 8.2 -0.038883
7.6 8.4 0

7.8 0 0
7.8 0.2 -0.0378448
7.8 0.4 -0.274542
7.8 0.6 -0.259824
7.8 0.8 -0.24478
7.8 1 -0.216494
7.8 1.2 -0.184011
7.8 1.4 -0.173509
7.8 1.6 -0.206651
7.8 1.8 -0.273191
7.8 2 -0.326461
7.8 2.2 -0.310813
7.8 2.4 -0.203025
7.8 2.6 -0.0395294
7.8 2.8 0.0955777
7.8 3 0.122087
7.8 3.2 0.0195833
7.8 3.4 -0.15087
7.8 3.6 -0.282147
7.8 3.8 -0.286883
7.8 4 -0.160404
7.8 4.2 0.0144916
7.8 4.4 0.119673
7.8 4.6 0.0803135
7.8 4.8 -0.0816575
7.8 5 -0.261447
7.8 5.2 -0.341228
7.8 5.4 -0.270898
7.8 5.6 -0.102316
7.8 5.8 0.0468591
7.8 6 0.0762555
7.8 6.2 -0.0242281
7.8 6.4 -0.167506
7.8 6.6 -0.227536
7.8 6.8 -0.132841
7.8 7 0.0805928
7.8 7.2 0.287473
7.8 7.4 0.356852
7.8 7.6 0.243369
7.8 7.8 0.0213941
7.8 8 -0.160773
7.8 8.2 -0.0221533
7.8 8.4 0

8 0 0
8 0.2 -0.0394929
8 0.4 -0.286131
8 0.6 -0.271168
8 0.8 -0.249237
8 1 -0.201021
8 1.2 -0.136222
8 1.4 -0.0951083
8 1.6 -0.117337
8 1.8 -0.203426
8 2 -0.304354
8 2.2 -0.344481
8 2.4 -0.27898
8 2.6 -0.131255
8 2.8 0.0128607
8 3 0.0564062
8 3.2 -0.0388398
8 3.4 -0.219059
8 3.6 -0.369697
8 3.8 -0.386449
8 4 -0.250877
8 4.2 -0.0444387
8 4.4 0.100699
8 4.6 0.0909031
8 4.8 -0.064458
8 5 -0.257942
8 5.2 -0.355685
8 5.4 -0.289161
8 5.6 -0.101159
8 5.8 0.0837282
8 6 0.147251
8 6.2 0.058321
8 6.4 -0.103907
8 6.6 -0.209019
8 6.8 -0.165228
8 7 0.0130162
8 7.2 0.215793
8 7.4 0.313863
8 7.6 0.251328
8 7.8 0.0837095
8 8 -0.0589298
8 8.2 -0.00812117
8 8.4 0

8.2 0 0
8.2 0.2 -0.0290109
8.2 0.4 -0.209913
8.2 0.6 -0.203746
8.2 0.8 -0.184155
8.2 1 -0.124548
8.2 1.2 -0.0347092
8.2 1.4 0.0345412
8.2 1.6 0.0276746
8.2 1.8 -0.0688858
8.2 2 -0.206621
8.2 2.2 -0.298735
8.2 2.4 -0.280307
8.2 2.6 -0.159727
8.2 2.8 -0.0192455
8.2 3 0.0368383
8.2 3.2 -0.0429943
8.2 3.4 -0.215338
8.2 3.6 -0.366634
8.2 3.8 -0.38631
8.2 4 -0.248878
8.2 4.2 -0.03405
8.2 4.4 0.120886
8.2 4.6 0.113247
8.2 4.8 -0.0518767
8.2 5 -0.263565
8.2 5.2 -0.377801
8.2 5.4 -0.313076
8.2 5.6 -0.107915
8.2 5.8 0.107771
8.2 6 0.200349
8.2 6.2 0.123349
8.2 6.4 -0.0533724
8.2 6.6 -0.194371
8.2 6.8 -0.194689
8.2 7 -0.0498069
8.2 7.2 0.143476
8.2 7.4 0.260675
8.2 7.6 0.237515
8.2 7.8 0.113876
8.2 8 0.00240037
8.2 8.2 0.000286632
8.2 8.4 0

8.4 0 0
8.4 0.2 -0.016979
8.4 0.4 -0.122843
8.4 0.6 -0.133045
8.4 0.8 -0.128316
8.4 1 -0.072688
8.4 1.2 0.0283401
8.4 1.4 0.119342
8.4 1.6 0.133913
8.4 1.8 0.0457161
8.4 2 -0.102648
8.4 2.2 -0.220565
8.4 2.4 -0.232189
8.4 2.6 -0.132821
8.4 2.8 0.00381407
8.4 3 0.0730621
8.4 3.2 0.0161735
8.4 3.4 -0.1332
8.4 3.6 -0.269596
8.4 3.8 -0.285743
8.4 4 -0.154989
8.4 4.2 0.0459437
8.4 4.4 0.182537
8.4 4.6 0.154567
8.4 4.8 -0.0314851
8.4 5 -0.262308
8.4 5.2 -0.388658
8.4 5.4 -0.327071
8.4 5.6 -0.114573
8.4 5.8 0.114885
8.4 6 0.221187
8.4 6.2 0.149452
8.4 6.4 -0.0343032
8.4 6.6 -0.194113
8.4 6.8 -0.217713
8.4 7 -0.0916383
8.4 7.2 0.0951565
8.4 7.4 0.221136
8.4 7.6 0.217892
8.4 7.8 0.117527
8.4 8 0.0221666
8.4 8.2 0.00296878
8.4 8.4 0

8.6 0 0
8.6 0.2 -0.0107255
8.6 0.4 -0.077625
8.6 0.6 -0.107108
8.6 0.8 -0.127885
8.6 1 -0.0931209
8.6 1.2 6.56949e-05
8.6 1.4 0.101036
8.6 1.6 0.138163
8.6 1.8 0.0771816
8.6 2 -0.0491568
8.6 2.2 -0.156733
8.6 2.4 -0.169074
8.6 2.6 -0.0739706
8.6 2.8 0.0635647
8.6 3 0.146324
8.6 3.2 0.114888
8.6 3.4 -0.00458787
8.6 3.6 -0.117874
8.6 3.8 -0.127569
8.6 4 -0.0101997
8.6 4.2 0.162085
8.6 4.4 0.264435
8.6 4.6 0.206549
8.6 4.8 0.00117211
8.6 5 -0.238077
8.6 5.2 -0.367065
8.6 5.4 -0.307603
8.6 5.6 -0.100729
8.6 5.8 0.11956
8.6 6 0.216228
8.6 6.2 0.137038
8.6 6.4 -0.0493762
8.6 6.6 -0.209133
8.6 6.8 -0.23141
8.6 7 -0.104763
8.6 7.2 0.0817914
8.6 7.4 0.206406
8.6 7.6 0.202371
8.6 7.8 0.101249
8.6 8 0.00495724
8.6 8.2 0.000590488
8.6 8.4 0

8.8 0 0
8.8 0.2 -0.00855334
8.8 0.4 -0.0619923
8.8 0.6 -0.109833
8.8 0.8 -0.160878
8.8 1 -0.159322
8.8 1.2 -0.0911716
8.8 1.4 0.0015393
8.8 1.6 0.0541475
8.8 1.8 0.0277474
8.8 2 -0.0541232
8.8 2.2 -0.1217
8.8 2.4 -0.108171
8.8 2.6 -0.00255673
8.8 2.8 0.138019
8.8 3 0.227289
8.8 3.2 0.212653
8.8 3.4 0.117667
8.8 3.6 0.0258403
8.8 3.8 0.021562
8.8 4 0.122389
8.8 4.2 0.261453
8.8 4.4 0.327839
8.8 4.6 0.24635
8.8 4.8 0.0377217
8.8 5 -0.18921
8.8 5.2 -0.303433
8.8 5.4 -0.241268
8.8 5.6 -0.0504399
8.8 5.8 0.139373
8.8 6 0.202503
8.8 6.2 0.101926
8.8 6.4 -0.0883344
8.8 6.6 -0.235134
8.8 6.8 -0.237551
8.8 7 -0.095485
8.8 7.2 0.0947595
8.8 7.4 0.209549
8.8 7.6 0.186616
8.8 7.8 0.0645736
8.8 8 -0.0473814
8.8 8.2 -0.00661151
8.8 8.4 0

9 0 0
9 0.2 -0.0028115
9 0.4 -0.0204775
9 0.6 -0.0816016
9 0.8 -0.155758
9 1 -0.187578
9 1.2 -0.156567
9 1.4 -0.0904824
9 1.6 -0.0420624
9 1.8 -0.0425899
9 2 -0.0771902
9 2.2 -0.0929273
9 2.4 -0.0415426
9 2.6 0.0786307
9 2.8 0.214145
9 3 0.292946
9 3.2 0.27528
9 3.4 0.189185
9 3.6 0.10912
9 3.8 0.1069
9 4 0.192138
9 4.2 0.30176
9 4.4 0.34073
9 4.6 0.251238
9 4.8 0.0602363
9 5 -0.131088
9 5.2 -0.211807
9 5.4 -0.13834
9 5.6 0.0328447
9 5.8 0.179069
9 6 0.194602
9 6.2 0.0614334
9 6.4 -0.135086
9 6.6 -0.264774
9 6.8 -0.24061
9 7 -0.0788844
9 7.2 0.113387
9 7.4 0.211183
9 7.6 0.158572
9 7.8 0.00492244
9 8 -0.130759
9 8.2 -0.0180799
9 8.4 0

9.2 0 0
9.2 0.2 0.0110621
9.2 0.4 0.0802756
9.2 0.6 0.0185148
9.2 0.8 -0.05832
9.2 1 -0.107842
9.2 1.2 -0.112428
9.2 1.4 -0.0884474
9.2 1.6 -0.0669548
9.2 1.8 -0.0652905
9.2 2 -0.0680688
9.2 2.2 -0.0395216
9.2 2.4 0.04519
9.2 2.6 0.171766
9.2 2.8 0.286965
9.2 3 0.333487
9.2 3.2 0.289923
9.2 3.4 0.192959
9.2 3.6 0.113173
9.2 3.8 0.10963
9.2 4 0.182426
9.2 4.2 0.271321
9.2 4.4 0.294742
9.2 4.6 0.211226
9.2 4.8 0.0533658
9.2 5 -0.0882098
9.2 5.2 -0.124
9.2 5.4 -0.0324896
9.2 5.6 0.121202
9.2 5.8 0.224253
9.2 6 0.191478
9.2 6.2 0.0266527
9.2 6.4 -0.175437
9.2 6.6 -0.28964
9.2 6.8 -0.243411
9.2 7 -0.0687997
9.2 7.2 0.118975
9.2 7.4 0.195862
9.2 7.6 0.113644
9.2 7.8 -0.0691919
9.2 8 -0.226682
9.2 8.2 -0.0312773
9.2 8.4 0

9.4 0 0
9.4 0.2 0.0274658
9.4 0.4 0.199372
9.4 0.6 0.159036
9.4 0.8 0.113686
9.4 1 0.0772991
9.4 1.2 0.0526707
9.4 1.4 0.0308296
9.4 1.6 0.00538258
9.4 1.8 -0.0167931
9.4 2 -0.0120961
9.4 2.2 0.043045
9.4 2.4 0.148104
9.4 2.6 0.269251
9.4 2.8 0.350103
9.4 3 0.347834
9.4 3.2 0.261395
9.4 3.4 0.140571
9.4 3.6 0.0550583
9.4 3.8 0.0516845
9.4 4 0.119126
9.4 4.2 0.196606
9.4 4.4 0.212975
9.4 4.6 0.139994
9.4 4.8 0.015362
9.4 5 -0.0789869
9.4 5.2 -0.0735655
9.4 5.4 0.03513
9.4 5.6 0.176866
9.4 5.8 0.248394
9.4 6 0.183554
9.4 6.2 0.00189354
9.4 6.4 -0.19785
9.4 6.6 -0.298192
9.4 6.8 -0.241435
9.4 7 -0.0677426
9.4 7.2 0.106395
9.4 7.4 0.163935
9.4 7.6 0.0638618
9.4 7.8 -0.13199
9.4 8 -0.298706
9.4 8.2 -0.0412111
9.4 8.4 0

9.6 0 0
9.6 0.2 0.0322587
9.6 0.4 0.234131
9.6 0.6 0.244263
9.6 0.8 0.270235
9.6 1 0.284653
9.6 1.2 0.26428
9.6 1.4 0.203923
9.6 1.6 0.122544
9.6 1.8 0.0590926
9.6 2 0.0524634
9.6 2.2 0.118972
9.6 2.4 0.235208
9.6 2.6 0.346047
9.6 2.8 0.389306
9.6 3 0.335682
9.6 3.2 0.204434
9.6 3.4 0.060619
9.6 3.6 -0.026229
9.6 3.8 -0.0210656
9.6 4 0.0514194
9.6 4.2 0.125843
9.6 4.4 0.137808
9.6 4.6 0.069283
9.6 4.8 -0.0365718
9.6 5 -0.104187
9.6 5.2 -0.0769876
9.6 5.4 0.0384447
9.6 5.6 0.171593
9.6 5.8 0.22933
9.6 6 0.158998
9.6 6.2 -0.0133883
9.6 6.4 -0.194387
9.6 6.6 -0.280385
9.6 6.8 -0.224464
9.6 7 -0.0672907
9.6 7.2 0.0842638
9.6 7.4 0.128342
9.6 7.6 0.0302109
9.6 7.8 -0.15191
9.6 8 -0.30642
9.6 8.2 -0.0422908
9.6 8.4 0

9.8 0 0
9.8 0.2 0.0133412
9.8 0.4 0.0967117
9.8 0.6 0.183717
9.8 0.8 0.311354
9.8 1 0.405285
9.8 1.2 0.411775
9.8 1.4 0.325398
9.8 1.6 0.19232
9.8 1.8 0.0847657
9.8 2 0.0620598
9.8 2.2 0.136406
9.8 2.4 0.264446
9.8 2.6 0.370677
9.8 2.8 0.386808
9.8 3 0.294265
9.8 3.2 0.133062
9.8 3.4 -0.0192262
9.8 3.6 -0.0927998
9.8 3.8 -0.0654333
9.8 4 0.023921
9.8 4.2 0.102878
9.8 4.4 0.109649
9.8 4.6 0.034482
9.8 4.8 -0.0745981
9.8 5 -0.144281
9.8 5.2 -0.123004
9.8 5.4 -0.0188484
9.8 5.6 0.104065
9.8 5.8 0.16435
9.8 6 0.116912
9.8 6.2 -0.0168687
9.8 6.4 -0.16003
9.8 6.6 -0.227956
9.8 6.8 -0.183045
9.8 7 -0.05749
9.8 7.2 0.0642399
9.8 7.4 0.100856
9.8 7.6 0.0269221
9.8 7.8 -0.113695
9.8 8 -0.232931
9.8 8.2 -0.032151
9.8 8.4 0

10 0 0
10 0.2 -0.0278287
10 0.4 -0.202005
10 0.6 -0.02848
10 0.8 0.205414
10 1 0.383754
10 1.2 0.423851
10 1.4 0.322387
10 1.6 0.149291
10 1.8 0.00875637
10 2 -0.0216383
10 2.2 0.0678434
10 2.4 0.21635
10 2.6 0.330313
10 2.8 0.337014
10 3 0.228238
10 3.2 0.0593962
10 3.4 -0.0798482
10 3.6 -0.123218
10 3.8 -0.0603929
10 4 0.0550317
10 4.2 0.143365
10 4.4 0.145168
10 4.6 0.0553977
10 4.8 -0.0737911
10 5 -0.169262
10 5.2 -0.178942
10 5.4 -0.10517
10 5.6 0.00115912
10 5.8 0.0724118
10 6 0.0671816
10 6.2 -0.00625308
10 6.4 -0.096421
10 6.6 -0.143451
10 6.8 -0.117652
10 7 -0.0358038
10 7.2 0.0477823
10 7.4 0.0812481
10 7.6 0.0447585
10 7.8 -0.0345125
10 8 -0.102504
10 8.2 -0.0141891
10 8.4 0

10.2 0 0
10.2 0.2 -0.0732636
10.2 0.4 -0.53158
10.2 0.6 -0.289131
10.2 0.8 0.0225546
10.2 1 0.257862
10.2 1.2 0.317708
10.2 1.4 0.202223
10.2 1.6 0.00307873
10.2 1.8 -0.152433
10.2 2 -0.17513
10.2 2.2 -0.0602899
10.2 2.4 0.115474
10.2 2.6 0.246055
10.2 2.8 0.257034
10.2 3 0.150026
10.2 3.2 -0.00537822
10.2 3.4 -0.114616
10.2 3.6 -0.116432
10.2 3.8 -0.013143
10.2 4 0.129552
10.2 4.2 0.228353
10.2 4.4 0.226046
10.2 4.6 0.122693
10.2 4.8 -0.0287025
10.2 5 -0.156564
10.2 5.2 -0.2081
10.2 5.4 -0.17662
10.2 5.6 -0.0951097
10.2 5.8 -0.0156303
10.2 6 0.0246471
10.2 6.2 0.0176555
10.2 6.4 -0.0152085
10.2 6.6 -0.041758
10.2 6.8 -0.0411599
10.2 7 -0.0126941
10.2 7.2 0.0251065
10.2 7.4 0.0508582
10.2 7.6 0.054166
10.2 7.8 0.0406984
10.2 8 0.0282784
10.2 8.2 0.0038939
10.2 8.4 0

10.4 0 0
10.4 0.2 -0.0981809
10.4 0.4 -0.712307
10.4 0.6 -0.444405
10.4 0.8 -0.110848
10.4 1 0.131066
10.4 1.2 0.180339
10.4 1.4 0.0457264
10.4 1.6 -0.167475
10.4 1.8 -0.319588
10.4 2 -0.321301
10.4 2.2 -0.177895
10.4 2.4 0.0216139
10.4 2.6 0.164235
10.4 2.8 0.180227
10.4 3 0.0826271
10.4 3.2 -0.050384
10.4 3.4 -0.123291
10.4 3.6 -0.084696
10.4 3.8 0.0508789
10.4 4 0.210983
10.4 4.2 0.313677
10.4 4.4 0.309026
10.4 4.6 0.201935
10.4 4.8 0.0427092
10.4 5 -0.104157
10.4 5.2 -0.189831
10.4 5.4 -0.200433
10.4 5.6 -0.151333
10.4 5.8 -0.0747973
10.4 6 -0.00168986
10.4 6.2 0.0472649
10.4 6.4 0.0642336
10.4 6.6 0.0532904
10.4 6.8 0.0257596
10.4 7 -0.00208979
10.4 7.2 -0.015534
10.4 7.4 -0.00501975
10.4 7.6 0.0277349
10.4 7.8 0.069503
10.4 8 0.103226
10.4 8.2 0.0142415
10.4 8.4 0

10.6 0 0
10.6 0.2 -0.0876129
10.6 0.4 -0.635198
10.6 0.6 -0.394106
10.6 0.8 -0.1018
10.6 1 0.0935215
10.6 1.2 0.101829
10.6 1.4 -0.0570551
10.6 1.6 -0.27088
10.6 1.8 -0.403724
10.6 2 -0.378001
10.6 2.2 -0.213158
10.6 2.4 -0.00769177
10.6 2.6 0.128356
10.6 2.8 0.136487
10.6 3 0.0428369
10.6 3.2 -0.0694475
10.6 3.4 -0.110853
10.6 3.6 -0.0439613
10.6 3.8 0.104492
10.6 4 0.261127
10.6 4.2 0.353219
10.6 4.4 0.344389
10.6 4.6 0.246495
10.6 4.8 0.104172
10.6 5 -0.0330466
10.6 5.2 -0.128953
10.6 5.4 -0.169488
10.6 5.6 -0.155289
10.6 5.8 -0.098021
10.6 6 -0.0151576
10.6 6.2 0.0664824
10.6 6.4 0.118062
10.6 6.6 0.117883
10.6 6.8 0.0660772
10.6 7 -0.0115431
10.6 7.2 -0.0730841
10.6 7.4 -0.0837938
10.6 7.6 -0.0363482
10.6 7.8 0.041795
10.6 8 0.10544
10.6 8.2 0.0145601
10.6 8.4 0

10.8 0 0
10.8 0.2 -0.0475825
10.8 0.4 -0.344509
10.8 0.6 -0.169826
10.8 0.8 0.0376214
10.8 1 0.152834
10.8 1.2 0.106756
10.8 1.4 -0.0695965
10.8 1.6 -0.266795
10.8 1.8 -0.366802
10.8 2 -0.312819
10.8 2.2 -0.142349
10.8 2.4 0.0445348
10.8 2.6 0.147851
10.8 2.8 0.129275
10.8 3 0.0290895
10.8 3.2 -0.0682545
10.8 3.4 -0.0865784
10.8 3.6 -0.00671054
10.8 3.8 0.131733
10.8 4 0.259303
10.8 4.2 0.320926
10.8 4.4 0.300886
10.8 4.6 0.220868
10.8 4.8 0.118755
10.8 5 0.0226183
10.8 5.2 -0.0532448
10.8 5.4 -0.104229
10.8 5.6 -0.122275
10.8 5.8 -0.0977919
10.8 6 -0.0306468
10.8 6.2 0.0582461
10.8 6.4 0.127894
10.8 6.6 0.137807
10.8 6.8 0.0751438
10.8 7 -0.0323671
10.8 7.2 -0.127206
10.8 7.4 -0.156979
10.8 7.6 -0.106019
10.8 7.8 -0.00959806
10.8 8 0.0691495
10.8 8.2 0.00957596
10.8 8.4 0

11 0 0
11 0.2 -0.00270857
11 0.4 -0.0188507
11 0.6 0.0802153
11 0.8 0.194833
11 1 0.229991
11 1.2 0.142077
11 1.4 -0.0301677
11 1.6 -0.189818
11 1.8 -0.244382
11 2 -0.165457
11 2.2 -0.00554904
11 2.4 0.139393
11 2.6 0.189622
11 2.8 0.131262
11 3 0.0197929
11 3.2 -0.0635679
11 3.4 -0.0620912
11 3.6 0.0204933
11 3.8 0.132298
11 4 0.210437
11 4.2 0.222653
11 4.4 0.180086
11 4.6 0.118407
11 4.8 0.0688096
11 5 0.0357987
11 5.2 0.00483873
11 5.4 -0.0366294
11 5.6 -0.0789909
11 5.8 -0.0952184
11 6 -0.0619156
11 6.2 0.0130311
11 6.4 0.0891712
11 6.6 0.114116
11 6.8 0.0616001
11 7 -0.046327
11 7.2 -0.14869
11 7.4 -0.184694
11 7.6 -0.132492
11 7.8 -0.0291018
11 8 0.0552472
11 8.2 0.00761561
11 8.4 0

11.2 0 0
11.2 0.2 0.0197311
11.2 0.4 0.143973
11.2 0.6 0.189079
11.2 0.8 0.236501
11.2 1 0.221713
11.2 1.2 0.124126
11.2 1.4 -0.0156838
11.2 1.6 -0.117276
11.2 1.8 -0.119491
11.2 2 -0.0199553
11.2 2.2 0.118173
11.2 2.4 0.209537
11.2 2.6 0.20062
11.2 2.8 0.103535
11.2 3 -0.0132341
11.2 3.2 -0.0752768
11.2 3.4 -0.0491769
11.2 3.6 0.0367245
11.2 3.8 0.117859
11.2 4 0.138975
11.2 4.2 0.0921001
11.2 4.4 0.0164321
11.2 4.6 -0.0354778
11.2 4.8 -0.0353064
11.2 5 -0.00108571
11.2 5.2 0.0243669
11.2 5.4 0.00641977
11.2 5.6 -0.050159
11.2 5.8 -0.105188
11.2 6 -0.113873
11.2 6.2 -0.063937
11.2 6.4 0.0127656
11.2 6.6 0.0600445
11.2 6.8 0.0401364
11.2 7 -0.0373397
11.2 7.2 -0.118845
11.2 7.4 -0.143673
11.2 7.6 -0.0873656
11.2 7.8 0.0178304
11.2 8 0.105314
11.2 8.2 0.0145144
11.2 8.4 0

11.4 0 0
11.4 0.2 0.00804388
11.4 0.4 0.0589847
11.4 0.6 0.0865806
11.4 0.8 0.109064
11.4 1 0.0860474
11.4 1.2 0.0118794
11.4 1.4 -0.0735437
11.4 1.6 -0.110486
11.4 1.8 -0.0633636
11.4 2 0.0497533
11.4 2.2 0.162158
11.4 2.4 0.203453
11.4 2.6 0.145969
11.4 2.8 0.0251308
11.4 3 -0.0828148
11.4 3.2 -0.112594
11.4 3.4 -0.0531562
11.4 3.6 0.0442034
11.4 3.8 0.103639
11.4 4 0.0765231
11.4 4.2 -0.025221
11.4 4.4 -0.137708
11.4 4.6 -0.191942
11.4 4.8 -0.158573
11.4 5 -0.0703283
11.4 5.2 0.00662762
11.4 5.4 0.0176032
11.4 5.6 -0.0420242
11.4 5.8 -0.126318
11.4 6 -0.173257
11.4 6.2 -0.150596
11.4 6.4 -0.076134
11.4 6.6 -0.0027999
11.4 6.8 0.0229462
11.4 7 -0.0038984
11.4 7.2 -0.0447428
11.4 7.4 -0.0467416
11.4 7.6 0.0153012
11.4 7.8 0.117693
11.4 8 0.205074
11.4 8.2 0.0282479
11.4 8.4 0

11.6 0 0
11.6 0.2 -0.0263254
11.6 0.4 -0.190488
11.6 0.6 -0.149938
11.6 0.8 -0.117019
11.6 1 -0.118286
11.6 1.2 -0.151856
11.6 1.4 -0.18345
11.6 1.6 -0.16854
11.6 1.8 -0.0890363
11.6 2 0.0260418
11.6 2.2 0.114839
11.6 2.4 0.121724
11.6 2.6 0.0386939
11.6 2.8 -0.0845092
11.6 3 -0.170428
11.6 3.2 -0.163216
11.6 3.4 -0.068575
11.6 3.6 0.0465306
11.6 3.8 0.0996848
11.6 4 0.0451883
11.6 4.2 -0.0925731
11.6 4.4 -0.235035
11.6 4.6 -0.30102
11.6 4.8 -0.257261
11.6 5 -0.140803
11.6 5.2 -0.0295971
11.6 5.4 0.00725076
11.6 5.6 -0.0450176
11.6 5.8 -0.142543
11.6 6 -0.215431
11.6 6.2 -0.216431
11.6 6.4 -0.147833
11.6 6.6 -0.0544641
11.6 6.8 0.0142957
11.6 7 0.0391243
11.6 7.2 0.0413332
11.6 7.4 0.0606918
11.6 7.6 0.121493
11.6 7.8 0.210692
11.6 8 0.289413
11.6 8.2 0.0398443
11.6 8.4 0

11.8 0 0
11.8 0.2 -0.0570067
11.8 0.4 -0.413171
11.8 0.6 -0.350158
11.8 0.8 -0.293339
11.8 1 -0.265807
11.8 1.2 -0.266593
11.8 1.4 -0.267852
11.8 1.6 -0.233805
11.8 1.8 -0.151883
11.8 2 -0.04909
11.8 2.2 0.0214421
11.8 2.4 0.0155229
11.8 2.6 -0.0660958
11.8 2.8 -0.173219
11.8 3 -0.232772
11.8 3.2 -0.198532
11.8 3.4 -0.0821688
11.8 3.6 0.0465053
11.8 3.8 0.105435
11.8 4 0.0494537
11.8 4.2 -0.0958876
11.8 4.4 -0.251407
11.8 4.6 -0.332313
11.8 4.8 -0.300213
11.8 5 -0.184983
11.8 5.2 -0.0632458
11.8 5.4 -0.00712542
11.8 5.6 -0.0421946
11.8 5.8 -0.133531
11.8 6 -0.2152
11.8 6.2 -0.232951
11.8 6.4 -0.176846
11.8 6.6 -0.0786289
11.8 6.8 0.0139902
11.8 7 0.0731787
11.8 7.2 0.102403
11.8 7.4 0.127714
11.8 7.6 0.170582
11.8 7.8 0.22971
11.8 8 0.285271
11.8 8.2 0.0392691
11.8 8.4 0

12 0 0
12 0.2 -0.0612267
12 0.4 -0.443983
12 0.6 -0.369078
12 0.8 -0.29503
12 1 -0.251591
12 1.2 -0.244657
12 1.4 -0.253002
12 1.6 -0.240414
12 1.8 -0.188275
12 2 -0.11141
12 2.2 -0.0506516
12 2.4 -0.046025
12 2.6 -0.102318
12 2.8 -0.18186
12 3 -0.224726
12 3.2 -0.188639
12 3.4 -0.07996
12 3.6 0.0443654
12 3.8 0.111393
12 4 0.0761934
12 4.2 -0.0473227
12 4.4 -0.193755
12 4.6 -0.28645
12 4.8 -0.281511
12 5 -0.193854
12 5.2 -0.0832704
12 5.4 -0.0159683
12 5.6 -0.0238698
12 5.8 -0.0894448
12 6 -0.161075
12 6.2 -0.188268
12 6.4 -0.151789
12 6.6 -0.0690435
12 6.8 0.0213749
12 7 0.0880605
12 7.2 0.120596
12 7.4 0.131007
12 7.6 0.136986
12 7.8 0.148419
12 8 0.165196
12 8.2 0.0227046
12 8.4 0

12.2 0 0
12.2 0.2 -0.035119
12.2 0.4 -0.254553
12.2 0.6 -0.1839
12.2 0.8 -0.106946
12.2 1 -0.064563
12.2 1.2 -0.075631
12.2 1.4 -0.122457
12.2 1.6 -0.16343
12.2 1.8 -0.164037
12.2 2 -0.119678
12.2 2.2 -0.0590791
12.2 2.4 -0.0239696
12.2 2.6 -0.036758
12.2 2.8 -0.0851068
12.2 3 -0.127248
12.2 3.2 -0.121303
12.2 3.4 -0.0563935
12.2 3.6 0.0373628
12.2 3.8 0.105785
12.2 4 0.103672
12.2 4.2 0.0249756
12.2 4.4 -0.0927176
12.2 4.6 -0.190588
12.2 4.8 -0.222103
12.2 5 -0.180028
12.2 5.2 -0.0971061
12.2 5.4 -0.0235209
12.2 5.6 0.00401965
12.2 5.8 -0.0183785
12.2 6 -0.0631587
12.2 6.2 -0.0919782
12.2 6.4 -0.0804459
12.2 6.6 -0.0292875
12.2 6.8 0.0367555
12.2 7 0.0888366
12.2 7.2 0.106546
12.2 7.4 0.0881771
12.2 7.6 0.0467035
12.2 7.8 0.00222852
12.2 8 -0.027777
12.2 8.2 -0.00389682
12.2 8.4 0

12.4 0 0
12.4 0.2 0.00517437
12.4 0.4 0.0375841
12.4 0.6 0.0957552
12.4 0.8 0.169347
12.4 1 0.202536
12.4 1.2 0.164319
12.4 1.4 0.0673875
12.4 1.6 -0.0375887
12.4 1.8 -0.0959125
12.4 2 -0.0815986
12.4 2.2 -0.0107631
12.4 2.4 0.0683575
12.4 2.6 0.109348
12.4 2.8 0.0922259
12.4 3 0.0381654
12.4 3.2 -0.0110266
12.4 3.4 -0.0183824
12.4 3.6 0.0219146
12.4 3.8 0.0810514
12.4 4 0.114665
12.4 4.2 0.0920265
12.4 4.4 0.0147606
12.4 4.6 -0.0829757
12.4 4.8 -0.154219
12.4 5 -0.166941
12.4 5.2 -0.120315
12.4 5.4 -0.0432577
12.4 5.6 0.0248898
12.4 5.8 0.0566353
12.4 6 0.0498141
12.4 6.2 0.0254069
12.4 6.4 0.0113949
12.4 6.6 0.0238044
12.4 6.8 0.0569599
12.4 7 0.0881402
12.4 7.2 0.0889375
12.4 7.4 0.0447044
12.4 7.6 -0.0379454
12.4 7.8 -0.132413
12.4 8 -0.204007
12.4 8.2 -0.0281577
12.4 8.4 0

12.6 0 0
12.6 0.2 0.0361039
12.6 0.4 0.261668
12.6 0.6 0.312346
12.6 0.8 0.387626
12.6 1 0.418792
12.6 1.2 0.362756
12.6 1.4 0.229035
12.6 1.6 0.0740568
12.6 1.8 -0.0302436
12.6 2 -0.0367452
12.6 2.2 0.0502951
12.6 2.4 0.176959
12.6 2.6 0.272914
12.6 2.8 0.286572
12.6 3 0.216889
12.6 3.2 0.107093
12.6 3.4 0.0201522
12.6 3.6 -0.0017874
12.6 3.8 0.0407514
12.6 4 0.105695
12.6 4.2 0.137654
12.6 4.4 0.101618
12.6 4.6 0.00536737
12.6 4.8 -0.105534
12.6 5 -0.174193
12.6 5.2 -0.16568
12.6 5.4 -0.0857983
12.6 5.6 0.0232397
12.6 5.8 0.11041
12.6 6 0.143318
12.6 6.2 0.125411
12.6 6.4 0.0873012
12.6 6.6 0.0644004
12.6 6.8 0.0713904
12.6 7 0.0918121
12.6 7.2 0.0915368
12.6 7.4 0.0405869
12.6 7.6 -0.0623557
12.6 7.8 -0.186722
12.6 8 -0.283905
12.6 8.2 -0.0391454
12.6 8.4 0

12.8 0 0
12.8 0.2 0.0435417
12.8 0.4 0.31544
12.8 0.6 0.369572
12.8 0.8 0.455027
12.8 1 0.496532
12.8 1.2 0.444431
12.8 1.4 0.301825
12.8 1.6 0.126152
12.8 1.8 -0.00191925
12.8 2 -0.0198233
12.8 2.2 0.0793832
12.8 2.4 0.242623
12.8 2.6 0.382882
12.8 2.8 0.425423
12.8 3 0.34909
12.8 3.2 0.194806
12.8 3.4 0.044816
12.8 3.6 -0.0289011
12.8 3.8 -0.00216524
12.8 4 0.0867008
12.8 4.2 0.162555
12.8 4.4 0.159468
12.8 4.6 0.0623049
12.8 4.8 -0.0846584
12.8 5 -0.202996
12.8 5.2 -0.228073
12.8 5.4 -0.146605
12.8 5.6 -0.00281668
12.8 5.8 0.129763
12.8 6 0.193122
12.8 6.2 0.175862
12.8 6.4 0.115123
12.8 6.6 0.0651703
12.8 6.8 0.059914
12.8 7 0.0906791
12.8 7.2 0.11274
12.8 7.4 0.0819801
12.8 7.6 -0.0146894
12.8 7.8 -0.144566
12.8 8 -0.247855
12.8 8.2 -0.034164
12.8 8.4 0

13 0 0
13 0.2 0.0311695
13 0.4 0.225664
13 0.6 0.286341
13 0.8 0.380168
13 1 0.437442
13 1.2 0.406891
13 1.4 0.285585
13 1.6 0.120717
13 1.8 -0.00836723
13 2 -0.0344512
13 2.2 0.0614339
13 2.4 0.235004
13 2.6 0.398064
13 2.8 0.463752
13 3 0.395582
13 3.2 0.227784
13 3.4 0.0485662
13 3.6 -0.0515694
13 3.8 -0.0325182
13 4 0.0723549
13 4.2 0.176394
13 4.4 0.193536
13 4.6 0.0922231
13 4.8 -0.0823645
13 5 -0.237708
13 5.2 -0.287326
13 5.4 -0.205236
13 5.6 -0.0388077
13 5.8 0.120587
13 6 0.195616
13 6.2 0.167239
13 6.4 0.0812178
13 6.6 0.0111425
13 6.8 0.00849898
13 7 0.0662577
13 7.2 0.131289
13 7.4 0.139895
13 7.6 0.069103
13 7.8 -0.0495115
13 8 -0.145614
13 8.2 -0.0200508
13 8.4 0

13.2 0 0
13.2 0.2 0.0146902
13.2 0.4 0.106368
13.2 0.6 0.161395
13.2 0.8 0.246018
13.2 1 0.307967
13.2 1.2 0.304785
13.2 1.4 0.224439
13.2 1.6 0.0971379
13.2 1.8 -0.0162384
13.2 2 -0.0526626
13.2 2.2 0.0168043
13.2 2.4 0.166009
13.2 2.6 0.321226
13.2 2.8 0.39805
13.2 3 0.351311
13.2 3.2 0.20249
13.2 3.4 0.0333747
13.2 3.6 -0.0645944
13.2 3.8 -0.0427278
13.2 4 0.0704786
13.2 4.2 0.186609
13.2 4.4 0.212084
13.2 4.6 0.107935
13.2 4.8 -0.0819958
13.2 5 -0.256108
13.2 5.2 -0.317763
13.2 5.4 -0.235254
13.2 5.6 -0.0606421
13.2 5.8 0.10271
13.2 6 0.167113
13.2 6.2 0.113312
13.2 6.4 -0.0023646
13.2 6.6 -0.0886374
13.2 6.8 -0.0829431
13.2 7 0.00963351
13.2 7.2 0.121654
13.2 7.4 0.174343
13.2 7.6 0.132977
13.2 7.8 0.0294692
13.2 8 -0.0584562
13.2 8.2 -0.00807249
13.2 8.4 0

13.4 0 0
13.4 0.2 0.00799066
13.4 0.4 0.0582648
13.4 0.6 0.0843024
13.4 0.8 0.129874
13.4 1 0.173879
13.4 1.2 0.190538
13.4 1.4 0.161131
13.4 1.6 0.0886776
13.4 1.8 0.00415299
13.4 2 -0.0452641
13.4 2.2 -0.0230025
13.4 2.4 0.0695453
13.4 2.6 0.186233
13.4 2.8 0.259053
13.4 3 0.23984
13.4 3.2 0.134328
13.4 3.4 0.00425735
13.4 3.6 -0.069583
13.4 3.8 -0.0388364
13.4 4 0.0742468
13.4 4.2 0.189305
13.4 4.4 0.216084
13.4 4.6 0.114467
13.4 4.8 -0.072706
13.4 5 -0.244814
13.4 5.2 -0.30463
13.4 5.4 -0.221599
13.4 5.6 -0.051896
13.4 5.8 0.0966826
13.4 6 0.134501
13.4 6.2 0.0462623
13.4 6.4 -0.0995286
13.4 6.6 -0.199884
13.4 6.8 -0.185325
13.4 7 -0.0650069
13.4 7.2 0.0832193
13.4 7.4 0.166415
13.4 7.6 0.142624
13.4 7.8 0.0449231
13.4 8 -0.0428586
13.4 8.2 -0.00595335
13.4 8.4 0

13.6 0 0
13.6 0.2 0.0124097
13.6 0.4 0.0906553
13.6 0.6 0.066179
13.6 0.8 0.0463216
13.6 1 0.0499009
13.6 1.2 0.0759503
13.6 1.4 0.100286
13.6 1.6 0.0950177
13.6 1.8 0.0519564
13.6 2 -0.0062378
13.6 2.2 -0.0395444
13.6 2.4 -0.0214826
13.6 2.6 0.0373247
13.6 2.8 0.0935498
13.6 3 0.100956
13.6 3.2 0.047378
13.6 3.4 -0.0316777
13.6 3.6 -0.0741132
13.6 3.8 -0.0374478
13.6 4 0.066474
13.6 4.2 0.170955
13.6 4.4 0.196838
13.6 4.6 0.108308
13.6 4.8 -0.0575726
13.6 5 -0.208358
13.6 5.2 -0.254608
13.6 5.4 -0.17094
13.6 5.6 -0.0141611
13.6 5.8 0.109642
13.6 6 0.11671
13.6 6.2 -0.00115614
13.6 6.4 -0.168361
13.6 6.6 -0.276267
13.6 6.8 -0.255923
13.6 7 -0.120779
13.6 7.2 0.0420346
13.6 7.4 0.132953
13.6 7.6 0.107194
13.6 7.8 0.000686516
13.6 8 -0.0964828
13.6 8.2 -0.0133335
13.6 8.4 0

13.8 0 0
13.8 0.2 0.0177023
13.8 0.4 0.129306
13.8 0.6 0.0477844
13.8 0.8 -0.0474032
13.8 1 -0.0939637
13.8 1.2 -0.0643351
13.8 1.4 0.0148738
13.8 1.6 0.0844608
13.8 1.8 0.0949134
13.8 2 0.0409221
13.8 2.2 -0.0388623
13.8 2.4 -0.0919432
13.8 2.6 -0.0924983
13.8 2.8 -0.057449
13.8 3 -0.0278008
13.8 3.2 -0.0341371
13.8 3.4 -0.0666838
13.8 3.6 -0.0857778
13.8 3.8 -0.0528696
13.8 4 0.0313858
13.8 4.2 0.119326
13.8 4.4 0.147201
13.8 4.6 0.0818077
13.8 4.8 -0.0477935
13.8 5 -0.164494
13.8 5.2 -0.191939
13.8 5.4 -0.108897
13.8 5.6 0.0305495
13.8 5.8 0.130673
13.8 6 0.116818
13.8 6.2 -0.012175
13.8 6.4 -0.18013
13.8 6.6 -0.282682
13.8 6.8 -0.256215
13.8 7 -0.120776
13.8 7.2 0.0347464
13.8 7.4 0.11104
13.8 7.6 0.0668956
13.8 7.8 -0.057702
13.8 8 -0.16901
13.8 8.2 -0.0233212
13.8 8.4 0

14 0 0
14 0.2 0.0132546
14 0.4 0.0970118
14 0.6 -0.0303771
14 0.8 -0.189603
14 1 -0.279068
14 1.2 -0.244061
14 1.4 -0.112535
14 1.6 0.031272
14 1.8 0.101211
14 2 0.0656984
14 2.2 -0.0389633
14 2.4 -0.141456
14 2.6 -0.185182
14 2.8 -0.164091
14 3 -0.116188
14 3.2 -0.0862157
14 3.4 -0.0893312
14 3.6 -0.101867
14 3.8 -0.0876742
14 4 -0.0326317
14 4.2 0.0363457
14 4.4 0.0696323
14 4.6 0.0349728
14 4.8 -0.0517648
14 5 -0.131978
14 5.2 -0.143143
14 5.4 -0.0667557
14 5.6 0.0537755
14 5.8 0.137083
14 6 0.12158
14 6.2 0.00802154
14 6.4 -0.134187
14 6.6 -0.213699
14 6.8 -0.178313
14 7 -0.0520467
14 7.2 0.0794866
14 7.4 0.126928
14 7.6 0.0571413
14 7.8 -0.0850774
14 8 -0.206212
14 8.2 -0.0284144
14 8.4 0

14.2 0 0
14.2 0.2 -0.00084485
14.2 0.4 -0.00563068
14.2 0.6 -0.157533
14.2 0.8 -0.354926
14.2 1 -0.468632
14.2 1.2 -0.425724
14.2 1.4 -0.252041
14.2 1.6 -0.0501856
14.2 1.8 0.0706387
14.2 2 0.0601676
14.2 2.2 -0.0485448
14.2 2.4 -0.170459
14.2 2.6 -0.230677
14.2 2.8 -0.209346
14.2 3 -0.143453
14.2 3.2 -0.0911346
14.2 3.4 -0.0836584
14.2 3.6 -0.108677
14.2 3.8 -0.125833
14.2 4 -0.105579
14.2 4.2 -0.0560055
14.2 4.4 -0.0146011
14.2 4.6 -0.0173594
14.2 4.8 -0.0638655
14.2 5 -0.114882
14.2 5.2 -0.120766
14.2 5.4 -0.0601056
14.2 5.6 0.0378435
14.2 5.8 0.111696
14.2 6 0.111143
14.2 6.2 0.0364781
14.2 6.4 -0.0579191
14.2 6.6 -0.100792
14.2 6.8 -0.0538789
14.2 7 0.0566692
14.2 7.2 0.15638
14.2 7.4 0.170795
14.2 7.6 0.0792465
14.2 7.8 -0.07074
14.2 8 -0.191559
14.2 8.2 -0.0263769
14.2 8.4 0

14.4 0 0
14.4 0.2 -0.0127265
14.4 0.4 -0.092207
14.4 0.6 -0.247836
14.4 0.8 -0.454601
14.4 1 -0.573231
14.4 1.2 -0.52373
14.4 1.4 -0.332112
14.4 1.6 -0.105685
14.4 1.8 0.0378492
14.4 2 0.0425486
14.4 2.2 -0.0583045
14.4 2.4 -0.175001
14.4 2.6 -0.225621
14.4 2.8 -0.187911
14.4 3 -0.10356
14.4 3.2 -0.039608
14.4 3.4 -0.0378695
14.4 3.6 -0.0879375
14.4 3.8 -0.142515
14.4 4 -0.157551
14.4 4.2 -0.125093
14.4 4.4 -0.0757786
14.4 4.6 -0.050692
14.4 4.8 -0.0658774
14.4 5 -0.10084
14.4 5.2 -0.114112
14.4 5.4 -0.0804301
14.4 5.6 -0.0101112
14.4 5.8 0.0550421
14.4 6 0.0770482
14.4 6.2 0.0499605
14.4 6.4 0.0103614
14.4 6.6 0.00605989
14.4 6.8 0.0613834
14.4 7 0.151442
14.4 7.2 0.216421
14.4 7.4 0.201841
14.4 7.6 0.0992531
14.4 7.8 -0.0441953
14.4 8 -0.153141
14.4 8.2 -0.021116
14.4 8.4 0

14.6 0 0
14.6 0.2 -0.00903586
14.6 0.4 -0.0657224
14.6 0.6 -0.211724
14.6 0.8 -0.404013
14.6 1 -0.512559
14.6 1.2 -0.465168
14.6 1.4 -0.287313
14.6 1.6 -0.0811281
14.6 1.8 0.0445436
14.6 2 0.041607
14.6 2.2 -0.0528678
14.6 2.4 -0.150616
14.6 2.6 -0.175205
14.6 2.8 -0.111296
14.6 3 -0.00856135
14.6 3.2 0.0594408
14.6 3.4 0.0480763
14.6 3.6 -0.0301806
14.6 3.8 -0.119805
14.6 4 -0.164163
14.6 4.2 -0.145368
14.6 4.4 -0.0893639
14.6 4.6 -0.0441163
14.6 4.8 -0.039126
14.6 5 -0.0691781
14.6 5.2 -0.0994149
14.6 5.4 -0.0988941
14.6 5.6 -0.0615905
14.6 5.8 -0.0104023
14.6 6 0.0261972
14.6 6.2 0.0371184
14.6 6.4 0.0399216
14.6 6.6 0.0623971
14.6 6.8 0.116444
14.6 7 0.181402
14.6 7.2 0.213632
14.6 7.4 0.178899
14.6 7.6 0.0784209
14.6 7.8 -0.0445495
14.6 8 -0.132461
14.6 8.2 -0.018319
14.6 8.4 0

14.8 0 0
14.8 0.2 0.0117883
14.8 0.4 0.0849018
14.8 0.6 -0.043109
14.8 0.8 -0.20282
14.8 1 -0.291342
14.8 1.2 -0.254428
14.8 1.4 -0.119643
14.8 1.6 0.0263776
14.8 1.8 0.097261
14.8 2 0.0631944
14.8 2.2 -0.0319672
14.8 2.4 -0.107718
14.8 2.6 -0.100257
14.8 2.8 -0.00928695
14.8 3 0.108029
14.8 3.2 0.175435
14.8 3.4 0.151221
14.8 3.6 0.0523503
14.8 3.8 -0.0599209
14.8 4 -0.122764
14.8 4.2 -0.11264
14.8 4.4 -0.053529
14.8 4.6 0.00351658
14.8 4.8 0.0198185
14.8 5 -0.00928743
14.8 5.2 -0.0560161
14.8 5.4 -0.0857166
14.8 5.6 -0.0819673
14.8 5.8 -0.0529582
14.8 6 -0.019285
14.8 6.2 0.00524254
14.8 6.4 0.0251303
14.8 6.6 0.0531638
14.8 6.8 0.0939531
14.8 7 0.13162
14.8 7.2 0.138868
14.8 7.4 0.0956744
14.8 7.6 0.0099451
14.8 7.8 -0.0828576
14.8 8 -0.143809
14.8 8.2 -0.0199271
14.8 8.4 0

15 0 0
15 0.2 0.0349206
15 0.4 0.252684
15 0.6 0.153448
15 0.8 0.0411153
15 1 -0.0174535
15 1.2 0.00678898
15 1.4 0.0857121
15 1.6 0.15343
15 1.8 0.153874
15 2 0.0806573
15 2.2 -0.0180591
15 2.4 -0.071856
15 2.6 -0.0362129
15 2.8 0.0746464
15 3 0.19871
15 3.2 0.263552
15 3.4 0.233919
15 3.6 0.130076
15 3.8 0.0135223
15 4 -0.0546014
15 4.2 -0.0496323
15 4.4 0.00700748
15 4.6 0.0671865
15 4.8 0.0907335
15 5 0.0668714
15 5.2 0.0163468
15 5.4 -0.0303473
15 5.6 -0.0522256
15 5.8 -0.0506827
15 6 -0.0381314
15 6.2 -0.026873
15 6.4 -0.0167872
15 6.6 -0.00284549
15 6.8 0.0171633
15 7 0.0333695
15 7.2 0.0283281
15 7.4 -0.00800745
15 7.6 -0.0682921
15 7.8 -0.124623
15 8 -0.0371876
15 8.2 0
15 8.4 0

15.2 0 0
15.2 0.2 0.0392278
15.2 0.4 0.283863
15.2 0.6 0.227437
15.2 0.8 0.174626
15.2 1 0.15503
15.2 1.2 0.174544
15.2 1.4 0.205608
15.2 1.6 0.206348
15.2 1.8 0.150952
15.2 2 0.0529064
15.2 2.2 -0.0390202
15.2 2.4 -0.0699921
15.2 2.6 -0.0150008
15.2 2.8 0.102126
15.2 3 0.222205
15.2 3.2 0.283257
15.2 3.4 0.258933
15.2 3.6 0.170074
15.2 3.8 0.0691443
15.2 4 0.00811192
15.2 4.2 0.00867143
15.2 4.4 0.054885
15.2 4.6 0.108682
15.2 4.8 0.13666
15.2 5 0.127497
15.2 5.2 0.0918027
15.2 5.4 0.0505655
15.2 5.6 0.0177557
15.2 5.8 -0.0050539
15.2 6 -0.0239321
15.2 6.2 -0.0431803
15.2 6.4 -0.0600677
15.2 6.6 -0.0682504
15.2 6.8 -0.065284
15.2 7 -0.0576133
15.2 7.2 -0.0566966
15.2 7.4 -0.0702176
15.2 7.6 -0.0964901
15.2 7.8 -0.123003
15.2 8 -0.0170478
15.2 8.2 0
15.2 8.4 0

15.4 0 0
15.4 0.2 0.0143567
15.4 0.4 0.103399
15.4 0.6 0.0997161
15.4 0.8 0.108532
15.4 1 0.13155
15.4 1.2 0.156831
15.4 1.4 0.162656
15.4 1.6 0.129092
15.4 1.8 0.0551034
15.4 2 -0.0357422
15.4 2.2 -0.101777
15.4 2.4 -0.107745
15.4 2.6 -0.0449223
15.4 2.8 0.0612251
15.4 3 0.163646
15.4 3.2 0.219743
15.4 3.4 0.21221
15.4 3.6 0.156716
15.4 3.8 0.0891353
15.4 4 0.0436233
15.4 4.2 0.0363046
15.4 4.4 0.06024
15.4 4.6 0.0959365
15.4 4.8 0.124632
15.4 5 0.137274
15.4 5.2 0.13485
15.4 5.4 0.120183
15.4 5.6 0.0950094
15.4 5.8 0.0575407
15.4 6 0.00963001
15.4 6.2 -0.0420712
15.4 6.4 -0.0851032
15.4 6.6 -0.108963
15.4 6.8 -0.110109
15.4 7 -0.0943368
15.4 7.2 -0.0722847
15.4 7.4 -0.052038
15.4 7.6 -0.0373404
15.4 7.8 -0.0293078
15.4 8 -0.00410265
15.4 8.2 0
15.4 8.4 0

15.6 0 0
15.6 0.2 -0.0282251
15.6 0.4 -0.20561
15.6 0.6 -0.162196
15.6 0.8 -0.10645
15.6 1 -0.0535493
15.6 1.2 -0.0197779
15.6 1.4 -0.017789
15.6 1.6 -0.0482777
15.6 1.8 -0.100068
15.6 2 -0.149615
15.6 2.2 -0.172798
15.6 2.4 -0.155731
15.6 2.6 -0.100598
15.6 2.8 -0.0254698
15.6 3 0.0460496
15.6 3.2 0.0943691
15.6 3.4 0.112134
15.6 3.6 0.103525
15.6 3.8 0.0799081
15.6 4 0.0527994
15.6 4.2 0.0306531
15.6 4.4 0.0194626
15.6 4.6 0.0240122
15.6 4.8 0.045791
15.6 5 0.0817734
15.6 5.2 0.120305
15.6 5.4 0.145187
15.6 5.6 0.140511
15.6 5.8 0.100919
15.6 6 0.0360328
15.6 6.2 -0.0349005
15.6 6.4 -0.0884581
15.6 6.6 -0.111056
15.6 6.8 -0.100819
15.6 7 -0.0671475
15.6 7.2 -0.0209966
15.6 7.4 0.0287853
15.6 7.6 0.0789676
15.6 7.8 0.123714
15.6 8 0.0170576
15.6 8.2 0
15.6 8.4 0

15.8 0 0
15.8 0.2 -0.0606279
15.8 0.4 -0.440324
15.8 0.6 -0.376092
15.8 0.8 -0.308696
15.8 1 -0.25457
15.8 1.2 -0.224644
15.8 1.4 -0.21811
15.8 1.6 -0.223411
15.8 1.8 -0.226212
15.8 2 -0.216586
15.8 2.2 -0.193656
15.8 2.4 -0.164683
15.8 2.6 -0.136678
15.8 2.8 -0.111016
15.8 3 -0.0826703
15.8 3.2 -0.0449252
15.8 3.4 0.00164861
15.8 3.6 0.0455256
15.8 3.8 0.0689278
15.8 4 0.0576438
15.8 4.2 0.0136978
15.8 4.4 -0.0424036
15.8 4.6 -0.0796484
15.8 4.8 -0.0736119
15.8 5 -0.0220939
15.8 5.2 0.0527287
15.8 5.4 0.114288
15.8 5.6 0.13272
15.8 5.8 0.0990264
15.8 6 0.0316413
15.8 6.2 -0.0377135
15.8 6.4 -0.0794847
15.8 6.6 -0.0812734
15.8 6.8 -0.0496611
15.8 7 0.00011267
15.8 7.2 0.0540112
15.8 7.4 0.108734
15.8 7.6 0.169345
15.8 7.8 0.248407
15.8 8 0.0342844
15.8 8.2 0
15.8 8.4 0

16 0 0
16 0.2 -0.0579215
16 0.4 -0.420454
16 0.6 -0.374659
16 0.8 -0.337721
16 1 -0.317884
16 1.2 -0.312655
16 1.4 -0.3084
16 1.6 -0.28672
16 1.8 -0.239411
16 2 -0.176553
16 2.2 -0.122067
16 2.4 -0.100928
16 2.6 -0.118064
16 2.8 -0.154889
16 3 -0.175169
16 3.2 -0.149419
16 3.4 -0.0745271
16 3.6 0.0190852
16 3.8 0.0842446
16 4 0.0834834
16 4.2 0.0141112
16 4.4 -0.0883075
16 4.6 -0.168771
16 4.8 -0.184198
16 5 -0.128
16 5.2 -0.0331172
16 5.4 0.0493753
16 5.6 0.079245
16 5.8 0.0507989
16 6 -0.00877864
16 6.2 -0.0581141
16 6.4 -0.0677666
16 6.6 -0.0349463
16 6.8 0.0195825
16 7 0.0703832
16 7.2 0.104309
16 7.4 0.124999
16 7.6 0.144753
16 7.8 0.0542648
16 8 0
16 8.2 0
16 8.4 0

16.2 0 0
16.2 0.2 -0.0181271
16.2 0.4 -0.131443
16.2 0.6 -0.134779
16.2 0.8 -0.156617
16.2 1 -0.1931
16.2 1.2 -0.228319
16.2 1.4 -0.237764
16.2 1.6 -0.201998
16.2 1.8 -0.123056
16.2 2 -0.0310075
16.2 2.2 0.0293112
16.2 2.4 0.0230258
16.2 2.6 -0.049124
16.2 2.8 -0.147612
16.2 3 -0.21083
16.2 3.2 -0.193634
16.2 3.4 -0.0943324
16.2 3.6 0.0385356
16.2 3.8 0.133761
16.2 4 0.137538
16.2 4.2 0.0459851
16.2 4.4 -0.0922357
16.2 4.6 -0.204545
16.2 4.8 -0.237277
16.2 5 -0.184659
16.2 5.2 -0.0889446
16.2 5.4 -0.0109133
16.2 5.6 0.0102718
16.2 5.8 -0.0233885
16.2 6 -0.072102
16.2 6.2 -0.0902282
16.2 6.4 -0.0555169
16.2 6.6 0.0166698
16.2 6.8 0.0878942
16.2 7 0.123156
16.2 7.2 0.112849
16.2 7.4 0.07652
16.2 7.6 0.0470349
16.2 7.8 0.0064757
16.2 8 0
16.2 8.2 0
16.2 8.4 0

16.4 0 0
16.4 0.2 0.033586
16.4 0.4 0.244107
16.4 0.6 0.189875
16.4 0.8 0.113372
16.4 1 0.0273351
16.4 1.2 -0.0427078
16.4 1.4 -0.0681854
16.4 1.6 -0.0318225
16.4 1.8 0.0540775
16.4 2 0.146367
16.4 2.2 0.189073
16.4 2.4 0.14591
16.4 2.6 0.0257113
16.4 2.8 -0.115703
16.4 3 -0.202747
16.4 3.2 -0.18505
16.4 3.4 -0.0668452
16.4 3.6 0.0889384
16.4 3.8 0.197925
16.4 4 0.200434
16.4 4.2 0.0965992
16.4 4.4 -0.0550332
16.4 4.6 -0.174604
16.4 4.8 -0.208839
16.4 5 -0.160124
16.4 5.2 -0.0795162
16.4 5.4 -0.0287134
16.4 5.6 -0.0389588
16.4 5.8 -0.0910978
16.4 6 -0.13381
16.4 6.2 -0.119554
16.4 6.4 -0.0395194
16.4 6.6 0.0686296
16.4 6.8 0.14801
16.4 7 0.156584
16.4 7.2 0.0939182
16.4 7.4 -0.0034311
16.4 7.6 -0.0846991
16.4 7.8 -0.0116994
16.4 8 0
16.4 8.2 0
16.4 8.4 0

16.6 0 0
16.6 0.2 0.0611413
16.6 0.4 0.444228
16.6 0.6 0.369803
16.6 0.8 0.275964
16.6 1 0.178229
16.6 1.2 0.101789
16.6 1.4 0.0733995
16.6 1.6 0.105093
16.6 1.8 0.179277
16.6 2 0.250794
16.6 2.2 0.264881
16.6 2.4 0.192835
16.6 2.6 0.0509761
16.6 2.8 -0.098459
16.6 3 -0.180106
16.6 3.2 -0.149311
16.6 3.4 -0.0201617
16.6 3.6 0.138247
16.6 3.8 0.241068
16.6 4 0.235639
16.6 4.2 0.132695
16.6 4.4 -0.00482759
16.6 4.6 -0.0999422
16.6 4.8 -0.112535
16.6 5 -0.0596219
16.6 5.2 -0.000614302
16.6 5.4 0.00752565
16.6 5.6 -0.0489302
16.6 5.8 -0.131379
16.6 6 -0.174665
16.6 6.2 -0.133562
16.6 6.4 -0.016942
16.6 6.6 0.117512
16.6 6.8 0.196083
16.6 7 0.177496
16.6 7.2 0.074654
16.6 7.4 -0.05929
16.6 7.6 -0.18406
16.6 7.8 -0.0254389
16.6 8 0
16.6 8.2 0
16.6 8.4 0

16.8 0 0
16.8 0.2 0.0435271
16.8 0.4 0.316262
16.8 0.6 0.267994
16.8 0.8 0.2093
16.8 1 0.148759
16.8 1.2 0.103642
16.8 1.4 0.0922825
16.8 1.6 0.121695
16.8 1.8 0.17614
16.8 2 0.218123
16.8 2.2 0.207779
16.8 2.4 0.127976
16.8 2.6 0.00104648
16.8 2.8 -0.115381
16.8 3 -0.161185
16.8 3.2 -0.107468
16.8 3.4 0.0217336
16.8 3.6 0.159146
16.8 3.8 0.233969
16.8 4 0.213425
16.8 4.2 0.121603
16.8 4.4 0.0231964
16.8 4.6 -0.019726
16.8 4.8 0.011534
16.8 5 0.0790601
16.8 5.2 0.118265
16.8 5.4 0.081195
16.8 5.6 -0.0250311
16.8 5.8 -0.140074
16.8 6 -0.188131
16.8 6.2 -0.130122
16.8 6.4 0.00951457
16.8 6.6 0.153324
16.8 6.8 0.22184
16.8 7 0.180514
16.8 7.2 0.0643495
16.8 7.4 -0.04384
16.8 7.6 -0.0315049
16.8 7.8 0
16.8 8 0
16.8 8.2 0
16.8 8.4 0

17 0 0
17 0.2 -0.0082941
17 0.4 -0.0599008
17 0.6 -0.0487603
17 0.8 -0.0373774
17 1 -0.0279358
17 1.2 -0.0178596
17 1.4 0.000362978
17 1.6 0.0288717
17 1.8 0.0589331
17 2 0.0712716
17 2.2 0.0462687
17 2.4 -0.016821
17 2.6 -0.0949715
17 2.8 -0.146451
17 3 -0.136217
17 3.2 -0.0579824
17 3.4 0.0549616
17 3.6 0.147488
17 3.8 0.174345
17 4 0.129998
17 4.2 0.0546511
17 4.4 0.00828169
17 4.6 0.0323874
17 4.8 0.117114
17 5 0.206102
17 5.2 0.230153
17 5.4 0.155696
17 5.6 0.0103768
17 5.8 -0.127977
17 6 -0.179486
17 6.2 -0.113129
17 6.4 0.0303221
17 6.6 0.164329
17 6.8 0.208575
17 7 0.142814
17 7.2 0.0191312
17 7.4 -0.0741182
17 7.6 -0.0102567
17 7.8 0
17 8 0
17 8.2 0
17 8.4 0

17.2 0 0
17.2 0.2 -0.0569828
17.2 0.4 -0.413546
17.2 0.6 -0.346042
17.2 0.8 -0.267746
17.2 1 -0.19289
17.2 1.2 -0.133274
17.2 1.4 -0.0936209
17.2 1.6 -0.0741528
17.2 1.8 -0.0743944
17.2 2 -0.0925065
17.2 2.2 -0.123903
17.2 2.4 -0.156095
17.2 2.6 -0.169404
17.2 2.8 -0.14472
17.2 3 -0.0773846
17.2 3.2 0.0142697
17.2 3.4 0.0928223
17.2 3.6 0.121296
17.2 3.8 0.0867393
17.2 4 0.0132575
17.2 4.2 -0.0469471
17.2 4.4 -0.0417181
17.2 4.6 0.0441696
17.2 4.8 0.175805
17.2 5 0.281233
17.2 5.2 0.294113
17.2 5.4 0.195656
17.2 5.6 0.0316809
17.2 5.8 -0.111254
17.2 6 -0.157679
17.2 6.2 -0.0894704
17.2 6.4 0.0418566
17.2 6.6 0.144723
17.2 6.8 0.149798
17.2 7 0.0541457
17.2 7.2 -0.0721425
17.2 7.4 -0.128583
17.2 7.6 -0.0177782
17.2 7.8 0
17.2 8 0
17.2 8.2 0
17.2 8.4 0

17.4 0 0
17.4 0.2 -0.0647934
17.4 0.4 -0.470344
17.4 0.6 -0.384973
17.4 0.8 -0.281289
17.4 1 -0.181046
17.4 1.2 -0.10593
17.4 1.4 -0.0697291
17.4 1.6 -0.0753772
17.4 1.8 -0.113564
17.4 2 -0.164395
17.4 2.2 -0.202675
17.4 2.4 -0.20564
17.4 2.6 -0.160364
17.4 2.8 -0.0724456
17.4 3 0.0331424
17.4 3.2 0.118346
17.4 3.4 0.146477
17.4 3.6 0.103022
17.4 3.8 0.00635514
17.4 4 -0.0948081
17.4 4.2 -0.141678
17.4 4.4 -0.0970862
17.4 4.6 0.0306023
17.4 4.8 0.185404
17.4 5 0.291386
17.4 5.2 0.291657
17.4 5.4 0.184599
17.4 5.6 0.0268045
17.4 5.8 -0.0976149
17.4 6 -0.126328
17.4 6.2 -0.0569027
17.4 6.4 0.0491667
17.4 6.6 0.106029
17.4 6.8 0.059332
17.4 7 -0.0752768
17.4 7.2 -0.211676
17.4 7.4 -0.0470089
17.4 7.6 0
17.4 7.8 0
17.4 8 0
17.4 8.2 0
17.4 8.4 0

17.6 0 0
17.6 0.2 -0.0211662
17.6 0.4 -0.153765
17.6 0.6 -0.101611
17.6 0.8 -0.0278957
17.6 1 0.046417
17.6 1.2 0.0963642
17.6 1.4 0.103041
17.6 1.6 0.0601292
17.6 1.8 -0.0185347
17.6 2 -0.102141
17.6 2.2 -0.152197
17.6 2.4 -0.139563
17.6 2.6 -0.0596819
17.6 2.8 0.0618038
17.6 3 0.176439
17.6 3.2 0.23443
17.6 3.4 0.205796
17.6 3.6 0.0978238
17.6 3.8 -0.0452848
17.6 4 -0.15988
17.6 4.2 -0.191557
17.6 4.4 -0.122176
17.6 4.6 0.0179763
17.6 4.8 0.164659
17.6 5 0.248305
17.6 5.2 0.231079
17.6 5.4 0.127863
17.6 5.6 -0.0017609
17.6 5.8 -0.0861818
17.6 6 -0.0848365
17.6 6.2 -0.0130407
17.6 6.4 0.0641697
17.6 6.6 0.0714972
17.6 6.8 -0.0279496
17.6 7 -0.207012
17.6 7.2 -0.382871
17.6 7.4 -0.0528641
17.6 7.6 0
17.6 7.8 0
17.6 8 0
17.6 8.2 0
17.6 8.4 0

17.8 0 0
17.8 0.2 0.0477939
17.8 0.4 0.34651
17.8 0.6 0.333773
17.8 0.8 0.34105
17.8 1 0.35594
17.8 1.2 0.359535
17.8 1.4 0.330095
17.8 1.6 0.256372
17.8 1.8 0.149068
17.8 2 0.0420616
17.8 2.2 -0.020598
17.8 2.4 -0.00789848
17.8 2.6 0.0788588
17.8 2.8 0.200854
17.8 3 0.297185
17.8 3.2 0.315658
17.8 3.4 0.236708
17.8 3.6 0.0879856
17.8 3.8 -0.0709653
17.8 4 -0.174201
17.8 4.2 -0.18251
17.8 4.4 -0.100315
17.8 4.6 0.0270481
17.8 4.8 0.136422
17.8 5 0.177369
17.8 5.2 0.136887
17.8 5.4 0.0458882
17.8 5.6 -0.0406265
17.8 5.8 -0.0726467
17.8 6 -0.0347155
17.8 6.2 0.0413049
17.8 6.4 0.0937698
17.8 6.6 0.0645567
17.8 6.8 -0.0658459
17.8 7 -0.268087
17.8 7.2 -0.509587
17.8 7.4 -0.0703251
17.8 7.6 0
17.8 7.8 0
17.8 8 0
17.8 8.2 0
17.8 8.4 0

18 0 0
18 0.2 0.0961349
18 0.4 0.697516
18 0.6 0.626752
18 0.8 0.569285
18 1 0.52891
18 1.2 0.497175
18 1.4 0.45289
18 1.6 0.3765
18 1.8 0.269578
18 2 0.159937
18 2.2 0.0916798
18 2.4 0.0962468
18 2.6 0.169763
18 2.8 0.269624
18 3 0.332796
18 3.2 0.312304
18 3.4 0.202269
18 3.6 0.0456272
18 3.8 -0.0926122
18 4 -0.155893
18 4.2 -0.128562
18 4.4 -0.0379035
18 4.6 0.0603962
18 4.8 0.114719
18 5 0.102021
18 5.2 0.0374563
18 5.4 -0.0364618
18 5.6 -0.0758521
18 5.8 -0.0556486
18 6 0.0129389
18 6.2 0.0901592
18 6.4 0.125852
18 6.6 0.0842005
18 6.8 -0.0326602
18 7 -0.170609
18 7.2 -0.0938097
18 7.4 0
18 7.6 0
18 7.8 0
18 8 0
18 8.2 0
18 8.4 0

18.2 0 0
18.2 0.2 0.0903319
18.2 0.4 0.655463
18.2 0.6 0.563693
18.2 0.8 0.475294
18.2 1 0.414039
18.2 1.2 0.384546
18.2 1.4 0.365022
18.2 1.6 0.325652
18.2 1.8 0.253133
18.2 2 0.166024
18.2 2.2 0.104354
18.2 2.4 0.101311
18.2 2.6 0.155596
18.2 2.8 0.226823
18.2 3 0.257096
18.2 3.2 0.209407
18.2 3.4 0.0920156
18.2 3.6 -0.0427153
18.2 3.8 -0.13087
18.2 4 -0.133499
18.2 4.2 -0.0605551
18.2 4.4 0.0379003
18.2 4.6 0.10248
18.2 4.8 0.0986569
18.2 5 0.0350123
18.2 5.2 -0.0475748
18.2 5.4 -0.10113
18.2 5.6 -0.0972375
18.2 5.8 -0.0400958
18.2 6 0.0413682
18.2 6.2 0.106906
18.2 6.4 0.128429
18.2 6.6 0.0942522
18.2 6.8 0.00915298
18.2 7 -0.118546
18.2 7.2 -0.0162914
18.2 7.4 0
18.2 7.6 0
18.2 7.8 0
18.2 8 0
18.2 8.2 0
18.2 8.4 0

18.4 0 0
18.4 0.2 0.0331954
18.4 0.4 0.240809
18.4 0.6 0.168622
18.4 0.8 0.0899007
18.4 1 0.0475758
18.4 1.2 0.0581194
18.4 1.4 0.0980253
18.4 1.6 0.125096
18.4 1.8 0.110474
18.4 2 0.0613091
18.4 2.2 0.0152358
18.4 2.4 0.00922026
18.4 2.6 0.0477139
18.4 2.8 0.095733
18.4 3 0.10359
18.4 3.2 0.0441945
18.4 3.4 -0.0628518
18.4 3.6 -0.15929
18.4 3.8 -0.186471
18.4 4 -0.124532
18.4 4.2 -0.00744108
18.4 4.4 0.0970931
18.4 4.6 0.131082
18.4 4.8 0.0802899
18.4 5 -0.0190195
18.4 5.2 -0.105819
18.4 5.4 -0.134283
18.4 5.6 -0.097086
18.4 5.8 -0.0245904
18.4 6 0.0404547
18.4 6.2 0.0723178
18.4 6.4 0.0731075
18.4 6.6 0.0637641
18.4 6.8 0.0608487
18.4 7 -0.00796734
18.4 7.2 0
18.4 7.4 0
18.4 7.6 0
18.4 7.8 0
18.4 8 0
18.4 8.2 0
18.4 8.4 0

18.6 0 0
18.6 0.2 -0.0373528
18.6 0.4 -0.270884
18.6 0.6 -0.307077
18.6 0.8 -0.35737
18.6 1 -0.361973
18.6 1.2 -0.296319
18.6 1.4 -0.187243
18.6 1.6 -0.0905659
18.6 1.8 -0.0499915
18.6 2 -0.0660385
18.6 2.2 -0.100075
18.6 2.4 -0.109469
18.6 2.6 -0.0814372
18.6 2.8 -0.0457043
18.6 3 -0.0474575
18.6 3.2 -0.107807
18.6 3.4 -0.199707
18.6 3.6 -0.261635
18.6 3.8 -0.239954
18.6 4 -0.129362
18.6 4.2 0.0175953
18.6 4.4 0.12232
18.6 4.6 0.132031
18.6 4.8 0.051197
18.6 5 -0.0605987
18.6 5.2 -0.132453
18.6 5.4 -0.127986
18.6 5.6 -0.0650429
18.6 5.8 0.000507445
18.6 6 0.0205912
18.6 6.2 -0.0104251
18.6 6.4 -0.0514898
18.6 6.6 -0.0424877
18.6 6.8 0.0373308
18.6 7 0.0050225
18.6 7.2 0
18.6 7.4 0
18.6 7.6 0
18.6 7.8 0
18.6 8 0
18.6 8.2 0
18.6 8.4 0

18.8 0 0
18.8 0.2 -0.0745132
18.8 0.4 -0.540555
18.8 0.6 -0.559289
18.8 0.8 -0.593983
18.8 1 -0.573156
18.8 1.2 -0.467259
18.8 1.4 -0.309448
18.8 1.6 -0.168232
18.8 1.8 -0.0988738
18.8 2 -0.105781
18.8 2.2 -0.145008
18.8 2.4 -0.164435
18.8 2.6 -0.145175
18.8 2.8 -0.114103
18.8 3 -0.117593
18.8 3.2 -0.176626
18.8 3.4 -0.261717
18.8 3.6 -0.308371
18.8 3.8 -0.265453
18.8 4 -0.135322
18.8 4.2 0.0186711
18.8 4.4 0.113515
18.8 4.6 0.10395
18.8 4.8 0.0109371
18.8 5 -0.0904383
18.8 5.2 -0.127042
18.8 5.4 -0.0785856
18.8 5.6 0.00886617
18.8 5.8 0.0577457
18.8 6 0.0156158
18.8 6.2 -0.101893
18.8 6.4 -0.214599
18.8 6.6 -0.214965
18.8 6.8 -0.02462
18.8 7 0
18.8 7.2 0
18.8 7.4 0
18.8 7.6 0
18.8 7.8 0
18.8 8 0
18.8 8.2 0
18.8 8.4 0

19 0 0
19 0.2 -0.0559516
19 0.4 -0.40567
19 0.6 -0.44348
19 0.8 -0.494194
19 1 -0.477699
19 1.2 -0.363246
19 1.4 -0.191119
19 1.6 -0.0417228
19 1.8 0.0210553
19 2 -0.00662114
19 2.2 -0.0721407
19 2.4 -0.11287
19 2.6 -0.103922
19 2.8 -0.0746372
19 3 -0.0778946
19 3.2 -0.140347
19 3.4 -0.232751
19 3.6 -0.28816
19 3.8 -0.252784
19 4 -0.131925
19 4.2 0.00813452
19 4.4 0.0846003
19 4.6 0.0590654
19 4.8 -0.0337351
19 5 -0.108657
19 5.2 -0.0954456
19 5.4 0.00698158
19 5.6 0.12676
19 5.8 0.165267
19 6 0.0685047
19 6.2 -0.136766
19 6.4 -0.352919
19 6.6 -0.0782099
19 6.8 0
19 7 0
19 7.2 0
19 7.4 0
19 7.6 0
19 7.8 0
19 8 0
19 8.2 0
19 8.4 0

19.2 0 0
19.2 0.2 0.000850139
19.2 0.4 0.00662897
19.2 0.6 -0.0772363
19.2 0.8 -0.16841
19.2 1 -0.179837
19.2 1.2 -0.080765
19.2 1.4 0.0814528
19.2 1.6 0.214977
19.2 1.8 0.24894
19.2 2 0.182612
19.2 2.2 0.0783115
19.2 2.4 0.0101589
19.2 2.6 0.00720183
19.2 2.8 0.035212
19.2 3 0.0308906
19.2 3.2 -0.0401992
19.2 3.4 -0.151157
19.2 3.6 -0.23044
19.2 3.8 -0.219404
19.2 4 -0.120924
19.2 4.2 -0.00238471
19.2 4.4 0.0535831
19.2 4.6 0.0147969
19.2 4.8 -0.0734684
19.2 5 -0.119072
19.2 5.2 -0.0543073
19.2 5.4 0.105798
19.2 5.6 0.266594
19.2 5.8 0.315898
19.2 6 0.200948
19.2 6.2 -0.0478595
19.2 6.4 -0.406774
19.2 6.6 -0.0559929
19.2 6.8 0
19.2 7 0
19.2 7.2 0
19.2 7.4 0
19.2 7.6 0
19.2 7.8 0
19.2 8 0
19.2 8.2 0
19.2 8.4 0

19.4 0 0
19.4 0.2 0.0514685
19.4 0.4 0.374016
19.4 0.6 0.246821
19.4 0.8 0.116824
19.4 1 0.0779185
19.4 1.2 0.162917
19.4 1.4 0.317138
19.4 1.6 0.437474
19.4 1.8 0.446929
19.4 2 0.346403
19.4 2.2 0.208119
19.4 2.4 0.116854
19.4 2.6 0.104937
19.4 2.8 0.132679
19.4 3 0.126832
19.4 3.2 0.0448462
19.4 3.4 -0.0862066
19.4 3.6 -0.18931
19.4 3.8 -0.198569
19.4 4 -0.115068
19.4 4.2 -0.00878089
19.4 4.4 0.035271
19.4 4.6 -0.0134458
19.4 4.8 -0.101274
19.4 5 -0.12789
19.4 5.2 -0.0254971
19.4 5.4 0.181527
19.4 5.6 0.382608
19.4 5.8 0.458242
19.4 6 0.374096
19.4 6.2 0.231125
19.4 6.4 -0.0242645
19.4 6.6 0
19.4 6.8 0
19.4 7 0
19.4 7.2 0
19.4 7.4 0
19.4 7.6 0
19.4 7.8 0
19.4 8 0
19.4 8.2 0
19.4 8.4 0

19.6 0 0
19.6 0.2 0
19.6 0.4 0.0514685
19.6 0.6 0.033956
19.6 0.8 0.0160851
19.6 1 0.0107121
19.6 1.2 0.0224106
19.6 1.4 0.0436441
19.6 1.6 0.0601931
19.6 1.8 0.0615227
19.6 2 0.0477014
19.6 2.2 0.0286752
19.6 2.4 0.0161173
19.6 2.6 0.0144628
19.6 2.8 0.0182581
19.6 3 0.0174566
19.6 3.2 0.00617074
19.6 3.4 -0.0118473
19.6 3.6 -0.0260493
19.6 3.8 -0.0273224
19.6 4 -0.0158619
19.6 4.2 -0.00127149
19.6 4.4 0.00479035
19.6 4.6 -0.00191256
19.6 4.8 -0.0139722
19.6 5 -0.0175729
19.6 5.2 -0.00347558
19.6 5.4 0.0250331
19.6 5.6 0.0526797
19.6 5.8 0.0630586
19.6 6 0.0514447
19.6 6.2 0.0317283
19.6 6.4 0
19.6 6.6 0
19.6 6.8 0
19.6 7 0
19.6 7.2 0
19.6 7.4 0
19.6 7.6 0
19.6 7.8 0
19.6 8 0
19.6 8.2 0
19.6 8.4 0

19.8 0 0
19.8 0.2 0
19.8 0.4 0
19.8 0.6 0
19.8 0.8 0
19.8 1 0
19.8 1.2 0
19.8 1.4 0
19.8 1.6 0
19.8 1.8 0
19.8 2 0
19.8 2.2 0
19.8 2.4 0
19.8 2.6 0
19.8 2.8 0
19.8 3 0
19.8 3.2 0
19.8 3.4 0
19.8 3.6 0
19.8 3.8 0
19.8 4 0
19.8 4.2 0
19.8 4.4 0
19.8 4.6 0
19.8 4.8 0
19.8 5 0
19.8 5.2 0
19.8 5.4 0
19.8 5.6 0
19.8 5.8 0
19.8 6 0
19.8 6.2 0
19.8 6.4 0
19.8 6.6 0
19.8 6.8 0
19.8 7 0
19.8 7.2 0
19.8 7.4 0
19.8 7.6 0
19.8 7.8 0
19.8 8 0
19.8 8.2 0
19.8 8.4 0

