0 0 0
0 0.2 0
0 0.4 0
0 0.6 0
0 0.8 0
0 1 0
0 1.2 0
0 1.4 0
0 1.6 0
0 1.8 0
0 2 0
0 2.2 0
0 2.4 0
0 2.6 0
0 2.8 0
0 3 0
0 3.2 0
0 3.4 0
0 3.6 0
0 3.8 0
0 4 0
0 4.2 0
0 4.4 0
0 4.6 0
0 4.8 0
0 5 0
0 5.2 0
0 5.4 0
0 5.6 0
0 5.8 0
0 6 0
0 6.2 0
0 6.4 0
0 6.6 0
0 6.8 0
0 7 0
0 7.2 0
0 7.4 0
0 7.6 0
0 7.8 0
0 8 0
0 8.2 0
0 8.4 0

0.2 0 0
0.2 0.2 0
0.2 0.4 -0.0404473
0.2 0.6 -0.0277325
0.2 0.8 -0.0124403
0.2 1 -0.00110286
0.2 1.2 0.00284543
0.2 1.4 0.000974722
0.2 1.6 -0.00189722
0.2 1.8 -0.00126339
0.2 2 0.00284863
0.2 2.2 0.00627308
0.2 2.4 0.00332386
0.2 2.6 -0.00807232
0.2 2.8 -0.0245752
0.2 3 -0.0381668
0.2 3.2 -0.0411916
0.2 3.4 -0.0315497
0.2 3.6 -0.0138453
0.2 3.8 0.0026636
0.2 4 0.00997852
0.2 4.2 0.00598475
0.2 4.4 -0.00398272
0.2 4.6 -0.0114057
0.2 4.8 -0.0104213
0.2 5 -0.00144197
0.2 5.2 0.00866229
0.2 5.4 0.0114127
0.2 5.6 0.00296247
0.2 5.8 -0.0130965
0.2 6 -0.0276879
0.2 6.2 0
0.2 6.4 0
0.2 6.6 0
0.2 6.8 0
0.2 7 0
0.2 7.2 0
0.2 7.4 0
0.2 7.6 0
0.2 7.8 0
0.2 8 0
0.2 8.2 0
0.2 8.4 0

0.4 0 0
0.4 0.2 -0.0404473
0.4 0.4 -0.293408
0.4 0.6 -0.201241
0.4 0.8 -0.0900815
0.4 1 -0.00765876
0.4 1.2 0.0212696
0.4 1.4 0.00751268
0.4 1.6 -0.0130594
0.4 1.8 -0.00829766
0.4 2 0.0217131
0.4 2.2 0.0463511
0.4 2.4 0.0249356
0.4 2.6 -0.0586465
0.4 2.8 -0.178777
0.4 3 -0.277312
0.4 3.2 -0.29937
0.4 3.4 -0.228825
0.4 3.6 -0.0998847
0.4 3.8 0.0200276
0.4 4 0.072291
0.4 4.2 0.0432582
0.4 4.4 -0.0293309
0.4 4.6 -0.0832026
0.4 4.8 -0.0753854
0.4 5 -0.00978209
0.4 5.2 0.0635493
0.4 5.4 0.0837699
0.4 5.6 0.0221519
0.4 5.8 -0.0953351
0.4 6 -0.201818
0.4 6.2 -0.0559224
0.4 6.4 0
0.4 6.6 0
0.4 6.8 0
0.4 7 0
0.4 7.2 0
0.4 7.4 0
0.4 7.6 0
0.4 7.8 0
0.4 8 0
0.4 8.2 0
0.4 8.4 0

0.6 0 0
0.6 0.2 -0.0198347
0.6 0.4 -0.144522
0.6 0.6 -0.0815379
0.6 0.8 -0.00515493
0.6 1 0.0433847
0.6 1.2 0.0439647
0.6 1.4 0.00759831
0.6 1.6 -0.0296983
0.6 1.8 -0.0378587
0.6 2 -0.0110697
0.6 2.2 0.0243222
0.6 2.4 0.0318051
0.6 2.6 -0.00926467
0.6 2.8 -0.0818912
0.6 3 -0.14415
0.6 3.2 -0.153851
0.6 3.4 -0.0966384
0.6 3.6 0.000639286
0.6 3.8 0.0856448
0.6 4 0.111877
0.6 4.2 0.0720734
0.6 4.4 -0.00225596
0.6 4.6 -0.0576547
0.6 4.8 -0.0565632
0.6 5 -0.00328246
0.6 5.2 0.0610315
0.6 5.4 0.0856561
0.6 5.6 0.0423895
0.6 5.8 -0.0526083
0.6 6 -0.150246
0.6 6.2 -0.205169
0.6 6.4 -0.038845
0.6 6.6 0
0.6 6.8 0
0.6 7 0
0.6 7.2 0
0.6 7.4 0
0.6 7.6 0
0.6 7.8 0
0.6 8 0
0.6 8.2 0
0.6 8.4 0

0.8 0 0
0.8 0.2 0.00455783
0.8 0.4 0.0318441
0.8 0.6 0.0614827
0.8 0.8 0.0975321
0.8 1 0.106878
0.8 1.2 0.0725769
0.8 1.4 0.00706295
0.8 1.6 -0.0530914
0.8 1.8 -0.0790251
0.8 2 -0.0579597
0.8 2.2 -0.00999692
0.8 2.4 0.0346945
0.8 2.6 0.0494853
0.8 2.8 0.0377602
0.8 3 0.0195397
0.8 3.2 0.0243571
0.8 3.4 0.0620564
0.8 3.6 0.117936
0.8 3.8 0.158117
0.8 4 0.15463
0.8 4.2 0.103084
0.8 4.4 0.0285086
0.8 4.6 -0.0270963
0.8 4.8 -0.0353021
0.8 5 0.00359994
0.8 5.2 0.0586222
0.8 5.4 0.0897049
0.8 5.6 0.0718256
0.8 5.8 0.0128926
0.8 6 -0.0551222
0.8 6.2 -0.0947621
0.8 6.4 -0.076069
0.8 6.6 -0.0106105
0.8 6.8 0
0.8 7 0
0.8 7.2 0
0.8 7.4 0
0.8 7.6 0
0.8 7.8 0
0.8 8 0
0.8 8.2 0
0.8 8.4 0

1 0 0
1 0.2 0.0182042
1 0.4 0.130673
1 0.6 0.139611
1 0.8 0.151041
1 1 0.139075
1 1.2 0.0885155
1 1.4 0.0110957
1 1.6 -0.0637731
1 1.8 -0.10501
1 2 -0.0966141
1 2.2 -0.0461743
1 2.4 0.0192685
1 2.6 0.0765226
1 2.8 0.110837
1 3 0.127494
1 3.2 0.137531
1 3.4 0.153019
1 3.6 0.169643
1 3.8 0.171366
1 4 0.146886
1 4.2 0.0977015
1 4.4 0.0368065
1 4.6 -0.00875974
1 4.8 -0.0206886
1 5 0.00256977
1 5.2 0.04473
1 5.4 0.0787986
1 5.6 0.088413
1 5.8 0.0684971
1 6 0.0343637
1 6.2 0.00467945
1 6.4 -0.00766526
1 6.6 0.00119907
1 6.8 0
1 7 0
1 7.2 0
1 7.4 0
1 7.6 0
1 7.8 0
1 8 0
1 8.2 0
1 8.4 0

1.2 0 0
1.2 0.2 0.0141268
1.2 0.4 0.102111
1.2 0.6 0.111333
1.2 0.8 0.123717
1.2 1 0.11949
1.2 1.2 0.084945
1.2 1.4 0.0231223
1.2 1.6 -0.044233
1.2 1.8 -0.0914916
1.2 2 -0.10027
1.2 2.2 -0.0673302
1.2 2.4 -0.00885137
1.2 2.6 0.0562596
1.2 2.8 0.105591
1.2 3 0.133326
1.2 3.2 0.139258
1.2 3.4 0.130612
1.2 3.6 0.114971
1.2 3.8 0.0961416
1.2 4 0.0750417
1.2 4.2 0.0488821
1.2 4.4 0.0220015
1.2 4.6 -0.000204306
1.2 4.8 -0.00998944
1.2 5 -0.00217267
1.2 5.2 0.0196553
1.2 5.4 0.0499499
1.2 5.6 0.0777798
1.2 5.8 0.0924606
1.2 6 0.0896378
1.2 6.2 0.069737
1.2 6.4 0.0407941
1.2 6.6 0.0175497
1.2 6.8 -0.0131532
1.2 7 0
1.2 7.2 0
1.2 7.4 0
1.2 7.6 0
1.2 7.8 0
1.2 8 0
1.2 8.2 0
1.2 8.4 0

1.4 0 0
1.4 0.2 -0.002345
1.4 0.4 -0.0169165
1.4 0.6 0.00594381
1.4 0.8 0.038977
1.4 1 0.0652401
1.4 1.2 0.0709555
1.4 1.4 0.0508741
1.4 1.6 0.0105126
1.4 1.8 -0.0315992
1.4 2 -0.0601268
1.4 2.2 -0.0606201
1.4 2.4 -0.0364136
1.4 2.6 0.0043826
1.4 2.8 0.0399998
1.4 3 0.0580988
1.4 3.2 0.0495363
1.4 3.4 0.0206173
1.4 3.6 -0.0101329
1.4 3.8 -0.0314542
1.4 4 -0.032837
1.4 4.2 -0.0188434
1.4 4.4 -0.00135357
1.4 4.6 0.00814948
1.4 4.8 0.00455403
1.4 5 -0.0052195
1.4 5.2 -0.00861009
1.4 5.4 0.00615814
1.4 5.6 0.0381223
1.4 5.8 0.0770071
1.4 6 0.100631
1.4 6.2 0.0918698
1.4 6.4 0.0473565
1.4 6.6 -0.0236377
1.4 6.8 -0.11378
1.4 7 -0.015541
1.4 7.2 0
1.4 7.4 0
1.4 7.6 0
1.4 7.8 0
1.4 8 0
1.4 8.2 0
1.4 8.4 0

1.6 0 0
1.6 0.2 -0.0176874
1.6 0.4 -0.126624
1.6 0.6 -0.0917345
1.6 0.8 -0.0427185
1.6 1 0.0119503
1.6 1.2 0.0609276
1.6 1.4 0.0887782
1.6 1.6 0.0880034
1.6 1.8 0.0600291
1.6 2 0.0170565
1.6 2.2 -0.0205161
1.6 2.4 -0.0397701
1.6 2.6 -0.0380404
1.6 2.8 -0.0292068
1.6 3 -0.0281679
1.6 3.2 -0.0493285
1.6 3.4 -0.0881846
1.6 3.6 -0.124355
1.6 3.8 -0.138378
1.6 4 -0.11384
1.6 4.2 -0.0613996
1.6 4.4 -0.00319978
1.6 4.6 0.032931
1.6 4.8 0.0317157
1.6 5 0.00158636
1.6 5.2 -0.0311036
1.6 5.4 -0.0400667
1.6 5.6 -0.013559
1.6 5.8 0.0356898
1.6 6 0.0784946
1.6 6.2 0.084482
1.6 6.4 0.0454148
1.6 6.6 -0.0264929
1.6 6.8 -0.0945054
1.6 7 -0.0238747
1.6 7.2 0
1.6 7.4 0
1.6 7.6 0
1.6 7.8 0
1.6 8 0
1.6 8.2 0
1.6 8.4 0

1.8 0 0
1.8 0.2 -0.0186117
1.8 0.4 -0.133897
1.8 0.6 -0.108689
1.8 0.8 -0.0668547
1.8 1 -0.00822093
1.8 1.2 0.0613672
1.8 1.4 0.123073
1.8 1.6 0.154925
1.8 1.8 0.144766
1.8 2 0.0981496
1.8 2.2 0.0366476
1.8 2.4 -0.0157714
1.8 2.6 -0.0435917
1.8 2.8 -0.052045
1.8 3 -0.0579536
1.8 3.2 -0.0810488
1.8 3.4 -0.118629
1.8 3.6 -0.153674
1.8 3.8 -0.162281
1.8 4 -0.125583
1.8 4.2 -0.0533842
1.8 4.4 0.025555
1.8 4.6 0.0720047
1.8 4.8 0.0672129
1.8 5 0.0179848
1.8 5.2 -0.0416061
1.8 5.4 -0.0744818
1.8 5.6 -0.0610343
1.8 5.8 -0.0104052
1.8 6 0.0438242
1.8 6.2 0.065785
1.8 6.4 0.0420257
1.8 6.6 -0.0121805
1.8 6.8 -0.0635243
1.8 7 -0.0804951
1.8 7.2 -0.0109657
1.8 7.4 0
1.8 7.6 0
1.8 7.8 0
1.8 8 0
1.8 8.2 0
1.8 8.4 0

2 0 0
2 0.2 -0.00257099
2 0.4 -0.0173505
2 0.6 -0.0235951
2 0.8 -0.0224115
2 1 0.00403523
2 1.2 0.0597466
2 1.4 0.127064
2 1.6 0.175938
2 1.8 0.182533
2 2 0.143911
2 2.2 0.080093
2 2.4 0.019353
2 2.6 -0.0117355
2 2.8 -0.0170128
2 3 -0.0110539
2 3.2 -0.0183777
2 3.4 -0.0464193
2 3.6 -0.0813184
2 3.8 -0.0962258
2 4 -0.0688906
2 4.2 -0.00542797
2 4.4 0.0663307
2 4.6 0.105828
2 4.8 0.0918516
2 5 0.0296135
2 5.2 -0.0445777
2 5.4 -0.0930152
2 5.6 -0.08823
2 5.8 -0.0422433
2 6 0.0138456
2 6.2 0.0442418
2 6.4 0.0364405
2 6.6 0.00369337
2 6.8 -0.0247696
2 7 -0.0308196
2 7.2 0.00882093
2 7.4 0
2 7.6 0
2 7.8 0
2 8 0
2 8.2 0
2 8.4 0

2.2 0 0
2.2 0.2 0.0214762
2.2 0.4 0.156815
2.2 0.6 0.106825
2.2 0.8 0.0499741
2.2 1 0.0194357
2.2 1.2 0.0341482
2.2 1.4 0.0815053
2.2 1.6 0.130291
2.2 1.8 0.14991
2.2 2 0.127439
2.2 2.2 0.0795097
2.2 2.4 0.0353655
2.2 2.6 0.0224521
2.2 2.8 0.0428058
2.2 3 0.0760306
2.2 3.2 0.0932305
2.2 3.4 0.078757
2.2 3.6 0.0427188
2.2 3.8 0.0113234
2.2 4 0.00877021
2.2 4.2 0.0398272
2.2 4.4 0.0842296
2.2 4.6 0.106539
2.2 4.8 0.0854388
2.2 5 0.0236368
2.2 5.2 -0.047719
2.2 5.4 -0.0931566
2.2 5.6 -0.0915051
2.2 5.8 -0.0513764
2.2 6 -0.00139581
2.2 6.2 0.0274465
2.2 6.4 0.0242723
2.2 6.6 0.00689516
2.2 6.8 0.000551751
2.2 7 0.0277203
2.2 7.2 0.0946295
2.2 7.4 0.0130272
2.2 7.6 0
2.2 7.8 0
2.2 8 0
2.2 8.2 0
2.2 8.4 0

2.4 0 0
2.4 0.2 0.0378407
2.4 0.4 0.27508
2.4 0.6 0.189771
2.4 0.8 0.0822441
2.4 1 -0.000536767
2.4 1.2 -0.031076
2.4 1.4 -0.0130587
2.4 1.6 0.0259115
2.4 1.8 0.0522046
2.4 2 0.0486319
2.4 2.2 0.0256846
2.4 2.4 0.00950867
2.4 2.6 0.0254943
2.4 2.8 0.0740355
2.4 3 0.134265
2.4 3.2 0.175818
2.4 3.4 0.174949
2.4 3.6 0.135563
2.4 3.8 0.0839303
2.4 4 0.0463756
2.4 4.2 0.0400575
2.4 4.4 0.0518578
2.4 4.6 0.0583848
2.4 4.8 0.0388693
2.4 5 -0.00568097
2.4 5.2 -0.0546975
2.4 5.4 -0.0816024
2.4 5.6 -0.0706881
2.4 5.8 -0.0347607
2.4 6 0.00228243
2.4 6.2 0.0164333
2.4 6.4 0.00547638
2.4 6.6 -0.0128369
2.4 6.8 -0.0144993
2.4 7 0.0109184
2.4 7.2 0.049988
2.4 7.4 0.00694823
2.4 7.6 0
2.4 7.8 0
2.4 8 0
2.4 8.2 0
2.4 8.4 0

2.6 0 0
2.6 0.2 0.0340918
2.6 0.4 0.247872
2.6 0.6 0.155998
2.6 0.8 0.0343587
2.6 1 -0.0710853
2.6 1.2 -0.12558
2.6 1.4 -0.12855
2.6 1.6 -0.0996828
2.6 1.8 -0.0707327
2.6 2 -0.0591194
2.6 2.2 -0.059748
2.6 2.4 -0.0536118
2.6 2.6 -0.0198932
2.6 2.8 0.0441804
2.6 3 0.117467
2.6 3.2 0.169538
2.6 3.4 0.177129
2.6 3.6 0.139061
2.6 3.8 0.0753323
2.6 4 0.0174098
2.6 4.2 -0.0156352
2.6 4.4 -0.024653
2.6 4.6 -0.0239379
2.6 4.8 -0.0306507
2.6 5 -0.0475196
2.6 5.2 -0.0621062
2.6 5.4 -0.05894
2.6 5.6 -0.0346398
2.6 5.8 0.00128858
2.6 6 0.025259
2.6 6.2 0.0209854
2.6 6.4 -0.00748521
2.6 6.6 -0.0395329
2.6 6.8 -0.0516968
2.6 7 -0.0362661
2.6 7.2 -0.0162458
2.6 7.4 -0.0131246
2.6 7.6 0
2.6 7.8 0
2.6 8 0
2.6 8.2 0
2.6 8.4 0

2.8 0 0
2.8 0.2 0.00963871
2.8 0.4 0.0706412
2.8 0.6 0.00638449
2.8 0.8 -0.0865663
2.8 1 -0.170248
2.8 1.2 -0.217004
2.8 1.4 -0.220973
2.8 1.6 -0.195474
2.8 1.8 -0.165983
2.8 2 -0.146396
2.8 2.2 -0.135909
2.8 2.4 -0.12246
2.8 2.6 -0.0896062
2.8 2.8 -0.0338618
2.8 3 0.028974
2.8 3.2 0.075602
2.8 3.4 0.0855764
2.8 3.6 0.0534662
2.8 3.8 -0.00301417
2.8 4 -0.0596684
2.8 4.2 -0.0956959
2.8 4.4 -0.106914
2.8 4.6 -0.101169
2.8 4.8 -0.0901127
2.8 5 -0.079454
2.8 5.2 -0.0618404
2.8 5.4 -0.0325431
2.8 5.6 0.00715122
2.8 5.8 0.0452988
2.8 6 0.0613623
2.8 6.2 0.043628
2.8 6.4 -0.000714105
2.8 6.6 -0.0473168
2.8 6.8 -0.0729401
2.8 7 -0.0716438
2.8 7.2 -0.0622341
2.8 7.4 -0.0781695
2.8 7.6 -0.0108141
2.8 7.8 0
2.8 8 0
2.8 8.2 0
2.8 8.4 0

3 0 0
3 0.2 -0.023688
3 0.4 -0.170968
3 0.6 -0.184586
3 0.8 -0.216169
3 1 -0.246962
3 1.2 -0.26011
3 1.4 -0.251647
3 1.6 -0.226466
3 1.8 -0.196861
3 2 -0.175451
3 2.2 -0.163019
3 2.4 -0.153551
3 2.6 -0.137635
3 2.8 -0.111183
3 3 -0.0770292
3 3.2 -0.0505265
3 3.4 -0.0438956
3 3.6 -0.0608854
3 3.8 -0.0938166
3 4 -0.127359
3 4.2 -0.146905
3 4.4 -0.146713
3 4.6 -0.132074
3 4.8 -0.109398
3 5 -0.0837261
3 5.2 -0.0504221
3 5.4 -0.00798703
3 5.6 0.0409955
3 5.8 0.083254
3 6 0.0994907
3 6.2 0.0810944
3 6.4 0.0335228
3 6.6 -0.019073
3 6.8 -0.0548004
3 7 -0.0605554
3 7.2 -0.0503845
3 7.4 -0.0443113
3 7.6 -0.00617531
3 7.8 0
3 8 0
3 8.2 0
3 8.4 0

3.2 0 0
3.2 0.2 -0.0481145
3.2 0.4 -0.348769
3.2 0.6 -0.311983
3.2 0.8 -0.278734
3.2 1 -0.251397
3.2 1.2 -0.229643
3.2 1.4 -0.209508
3.2 1.6 -0.187476
3.2 1.8 -0.162901
3.2 2 -0.14029
3.2 2.2 -0.126284
3.2 2.4 -0.12212
3.2 2.6 -0.126585
3.2 2.8 -0.133358
3.2 3 -0.136733
3.2 3.2 -0.135272
3.2 3.4 -0.132782
3.2 3.6 -0.132628
3.2 3.8 -0.134693
3.2 4 -0.136441
3.2 4.2 -0.131892
3.2 4.4 -0.120008
3.2 4.6 -0.102485
3.2 4.8 -0.0812976
3.2 5 -0.0593546
3.2 5.2 -0.0338326
3.2 5.4 0.00276659
3.2 5.6 0.0489337
3.2 5.8 0.0933826
3.2 6 0.120922
3.2 6.2 0.118095
3.2 6.4 0.0835953
3.2 6.6 0.0363455
3.2 6.8 -0.00177845
3.2 7 -0.0140101
3.2 7.2 -0.00350738
3.2 7.4 0.0152467
3.2 7.6 0.0203588
3.2 7.8 0
3.2 8 0
3.2 8.2 0
3.2 8.4 0

3.4 0 0
3.4 0.2 -0.0505211
3.4 0.4 -0.366537
3.4 0.6 -0.298995
3.4 0.8 -0.224219
3.4 1 -0.163329
3.4 1.2 -0.128547
3.4 1.4 -0.114633
3.4 1.6 -0.108355
3.4 1.8 -0.0930708
3.4 2 -0.0673998
3.4 2.2 -0.0437595
3.4 2.4 -0.0348735
3.4 2.6 -0.0488752
3.4 2.8 -0.079929
3.4 3 -0.112978
3.4 3.2 -0.13437
3.4 3.4 -0.136193
3.4 3.6 -0.122312
3.4 3.8 -0.100036
3.4 4 -0.0770835
3.4 4.2 -0.0575144
3.4 4.4 -0.0422192
3.4 4.6 -0.0311643
3.4 4.8 -0.0265973
3.4 5 -0.0263543
3.4 5.2 -0.0215902
3.4 5.4 -0.0067757
3.4 5.6 0.0258
3.4 5.8 0.070182
3.4 6 0.111964
3.4 6.2 0.134056
3.4 6.4 0.125666
3.4 6.6 0.0942589
3.4 6.8 0.0555926
3.4 7 0.0335823
3.4 7.2 0.0367964
3.4 7.4 0.0689731
3.4 7.6 0.132839
3.4 7.8 0.0183359
3.4 8 0
3.4 8.2 0
3.4 8.4 0

3.6 0 0
3.6 0.2 -0.0291232
3.6 0.4 -0.212198
3.6 0.6 -0.14447
3.6 0.8 -0.0637974
3.6 1 -0.00509663
3.6 1.2 0.00842405
3.6 1.4 -0.00851768
3.6 1.6 -0.0308548
3.6 1.8 -0.029181
3.6 2 0.0026034
3.6 2.2 0.0455466
3.6 2.4 0.0732092
3.6 2.6 0.064817
3.6 2.8 0.0250201
3.6 3 -0.0258963
3.6 3.2 -0.0627206
3.6 3.4 -0.0683367
3.6 3.6 -0.0480814
3.6 3.8 -0.0162355
3.6 4 0.0132409
3.6 4.2 0.0312522
3.6 4.4 0.037081
3.6 4.6 0.0330908
3.6 4.8 0.0203962
3.6 5 0.000352122
3.6 5.2 -0.0213246
3.6 5.4 -0.0323045
3.6 5.6 -0.0204193
3.6 5.8 0.0169767
3.6 6 0.0712473
3.6 6.2 0.118
3.6 6.4 0.139012
3.6 6.6 0.125128
3.6 6.8 0.0887821
3.6 7 0.0481861
3.6 7.2 0.0276956
3.6 7.4 0.0322001
3.6 7.6 0.0548339
3.6 7.8 0.00761525
3.6 8 0
3.6 8.2 0
3.6 8.4 0

3.8 0 0
3.8 0.2 0.00560039
3.8 0.4 0.039014
3.8 0.6 0.0835031
3.8 0.8 0.140805
3.8 1 0.165437
3.8 1.2 0.135768
3.8 1.4 0.071139
3.8 1.6 0.0130503
3.8 1.8 0.00257667
3.8 2 0.0436084
3.8 2.2 0.111442
3.8 2.4 0.161686
3.8 2.6 0.16751
3.8 2.8 0.127456
3.8 3 0.0704329
3.8 3.2 0.0265342
3.8 3.4 0.0161574
3.8 3.6 0.0339191
3.8 3.8 0.0597672
3.8 4 0.0760735
3.8 4.2 0.0762437
3.8 4.4 0.0660342
3.8 4.6 0.0523257
3.8 4.8 0.0341931
3.8 5 0.00837426
3.8 5.2 -0.0242965
3.8 5.4 -0.0567441
3.8 5.6 -0.0676983
3.8 5.8 -0.0458597
3.8 6 0.0097384
3.8 6.2 0.0728098
3.8 6.4 0.117765
3.8 6.6 0.121638
3.8 6.8 0.0849756
3.8 7 0.0293707
3.8 7.2 -0.0205826
3.8 7.4 -0.0480704
3.8 7.6 -0.0572205
3.8 7.8 -0.00784774
3.8 8 0
3.8 8.2 0
3.8 8.4 0

4 0 0
4 0.2 0.0371119
4 0.4 0.268039
4 0.6 0.28479
4 0.8 0.308141
4 1 0.290798
4 1.2 0.214955
4 1.4 0.107906
4 1.6 0.0220749
4 1.8 0.00317588
4 2 0.0541243
4 2.2 0.139779
4 2.4 0.207063
4 2.6 0.220026
4 2.8 0.180422
4 3 0.118493
4 3.2 0.071933
4 3.4 0.0600007
4 3.6 0.0711352
4 3.8 0.08245
4 4 0.0748624
4 4.2 0.050999
4 4.4 0.0275271
4 4.6 0.0150354
4 4.8 0.0153426
4 5 0.0088667
4 5.2 -0.0142949
4 5.4 -0.0537339
4 5.6 -0.0869302
4 5.8 -0.0892286
4 6 -0.0488341
4 6.2 0.0164874
4 6.4 0.0744758
4 6.6 0.0929584
4 6.8 0.0625893
4 7 -0.000428478
4 7.2 -0.0658863
4 7.4 -0.112207
4 7.6 -0.137202
4 7.8 -0.0391909
4 8 0
4 8.2 0
4 8.4 0

4.2 0 0
4.2 0.2 0.0522363
4.2 0.4 0.378971
4.2 0.6 0.379297
4.2 0.8 0.380115
4.2 1 0.33595
4.2 1.2 0.234744
4.2 1.4 0.108203
4.2 1.6 0.0139402
4.2 1.8 -0.00256962
4.2 2 0.0555057
4.2 2.2 0.147885
4.2 2.4 0.212357
4.2 2.6 0.214541
4.2 2.8 0.161511
4.2 3 0.092323
4.2 3.2 0.0475454
4.2 3.4 0.0388963
4.2 3.6 0.0503917
4.2 3.8 0.0489713
4.2 4 0.0199347
4.2 4.2 -0.0246713
4.2 4.4 -0.054843
4.2 4.6 -0.0500029
4.2 4.8 -0.0138443
4.2 5 0.0214202
4.2 5.2 0.0258688
4.2 5.4 -0.010933
4.2 5.6 -0.0645001
4.2 5.8 -0.0992666
4.2 6 -0.0860218
4.2 6.2 -0.0327528
4.2 6.4 0.0302332
4.2 6.6 0.0614161
4.2 6.8 0.0438532
4.2 7 -0.0105502
4.2 7.2 -0.0733588
4.2 7.4 -0.11641
4.2 7.6 -0.135991
4.2 7.8 -0.147398
4.2 8 -0.0203792
4.2 8.2 0
4.2 8.4 0

4.4 0 0
4.4 0.2 0.0472762
4.4 0.4 0.34331
4.4 0.6 0.344372
4.4 0.8 0.345299
4.4 1 0.301295
4.4 1.2 0.204818
4.4 1.4 0.0882018
4.4 1.6 0.00960885
4.4 1.8 0.00704472
4.4 2 0.0726104
4.4 2.2 0.156822
4.4 2.4 0.198541
4.4 2.6 0.171112
4.4 2.8 0.0931396
4.4 3 0.0123427
4.4 3.2 -0.0276206
4.4 3.4 -0.0204176
4.4 3.6 0.00201146
4.4 3.8 0.000414092
4.4 4 -0.041526
4.4 4.2 -0.0989532
4.4 4.4 -0.128881
4.4 4.6 -0.102326
4.4 4.8 -0.0257582
4.4 5 0.056176
4.4 5.2 0.092262
4.4 5.4 0.0620738
4.4 5.6 -0.0117825
4.4 5.8 -0.0797901
4.4 6 -0.0995417
4.4 6.2 -0.0620243
4.4 6.4 -0.00122305
4.4 6.6 0.0425395
4.4 6.8 0.0410038
4.4 7 0.00332444
4.4 7.2 -0.0407905
4.4 7.4 -0.0623417
4.4 7.6 -0.0595116
4.4 7.8 -0.0514503
4.4 8 -0.00721475
4.4 8.2 0
4.4 8.4 0

4.6 0 0
4.6 0.2 0.0278931
4.6 0.4 0.203109
4.6 0.6 0.219794
4.6 0.8 0.237417
4.6 1 0.215702
4.6 1.2 0.145833
4.6 1.4 0.0598758
4.6 1.6 0.0131774
4.6 1.8 0.0333414
4.6 2 0.105423
4.6 2.2 0.174101
4.6 2.4 0.184624
4.6 2.6 0.120451
4.6 2.8 0.0133088
4.6 3 -0.0767264
4.6 3.2 -0.104335
4.6 3.4 -0.0722346
4.6 3.6 -0.0249492
4.6 3.8 -0.0135761
4.6 4 -0.0561653
4.6 4.2 -0.12205
4.6 4.4 -0.154591
4.6 4.6 -0.113517
4.6 4.8 -0.00981897
4.6 5 0.102994
4.6 5.2 0.160274
4.6 5.4 0.131539
4.6 5.6 0.0399493
4.6 5.8 -0.0564952
4.6 6 -0.0996651
4.6 6.2 -0.0776437
4.6 6.4 -0.0151953
4.6 6.6 0.0378895
4.6 6.8 0.0506919
4.6 7 0.0282042
4.6 7.2 0.00285227
4.6 7.4 0.00345929
4.6 7.6 0.0316674
4.6 7.8 0.0629127
4.6 8 0.00860865
4.6 8.2 0
4.6 8.4 0

4.8 0 0
4.8 0.2 0.00528748
4.8 0.4 0.0384661
4.8 0.6 0.0731637
4.8 0.8 0.112039
4.8 1 0.115245
4.8 1.2 0.0748756
4.8 1.4 0.0245384
4.8 1.6 0.00928859
4.8 1.8 0.0526474
4.8 2 0.131651
4.8 2.2 0.189994
4.8 2.4 0.175482
4.8 2.6 0.0806549
4.8 2.8 -0.0454381
4.8 3 -0.135412
4.8 3.2 -0.143383
4.8 3.4 -0.0794032
4.8 3.6 -0.000290786
4.8 3.8 0.0311028
4.8 4 -0.00681299
4.8 4.2 -0.0792775
4.8 4.4 -0.122568
4.8 4.6 -0.0871805
4.8 4.8 0.0184782
4.8 5 0.135625
4.8 5.2 0.194893
4.8 5.4 0.158935
4.8 5.6 0.0535318
4.8 5.8 -0.0563578
4.8 6 -0.108809
4.8 6.2 -0.0856037
4.8 6.4 -0.0181254
4.8 6.6 0.0415993
4.8 6.8 0.0574969
4.8 7 0.0379812
4.8 7.2 0.0167454
4.8 7.4 0.0288583
4.8 7.6 0.0746297
4.8 7.8 0.122607
4.8 8 0.0168209
4.8 8.2 0
4.8 8.4 0

5 0 0
5 0.2 -0.0112132
5 0.4 -0.0818908
5 0.6 -0.0356107
5 0.8 0.0143688
5 1 0.0299547
5 1.2 0.00548005
5 1.4 -0.0279671
5 1.6 -0.0248561
5 1.8 0.0319487
5 2 0.119725
5 2.2 0.177626
5 2.4 0.158349
5 2.6 0.0583902
5 2.8 -0.0682382
5 3 -0.148934
5 3.2 -0.135806
5 3.4 -0.0440852
5 3.6 0.0614006
5 3.8 0.111593
5 4 0.0784435
5 4.2 -0.00220469
5 4.4 -0.0621026
5 4.6 -0.0500126
5 4.8 0.0337283
5 5 0.130646
5 5.2 0.171164
5 5.4 0.124462
5 5.6 0.0138935
5 5.8 -0.0907965
5 6 -0.131258
5 6.2 -0.0915293
5 6.4 -0.0118373
5 6.6 0.0499787
5 6.8 0.0559488
5 7 0.0197775
5 7.2 -0.0164455
5 7.4 -0.0113781
5 7.6 0.0390767
5 7.8 0.0968463
5 8 0.0210206
5 8.2 0
5 8.4 0

5.2 0 0
5.2 0.2 -0.0183026
5.2 0.4 -0.133625
5.2 0.6 -0.0845665
5.2 0.8 -0.0358499
5.2 1 -0.0242167
5.2 1.2 -0.0554877
5.2 1.4 -0.0958484
5.2 1.6 -0.0988371
5.2 1.8 -0.0421869
5.2 2 0.0516471
5.2 2.2 0.122621
5.2 2.4 0.121743
5.2 2.6 0.041379
5.2 2.8 -0.0660389
5.2 3 -0.128759
5.2 3.2 -0.102711
5.2 3.4 0.00165773
5.2 3.6 0.118162
5.2 3.8 0.177125
5.2 4 0.145989
5.2 4.2 0.0594896
5.2 4.4 -0.0173409
5.2 4.6 -0.0313131
5.2 4.8 0.01894
5.2 5 0.0843745
5.2 5.2 0.10131
5.2 5.4 0.0440909
5.2 5.6 -0.0592869
5.2 5.8 -0.144358
5.2 6 -0.155566
5.2 6.2 -0.088701
5.2 6.4 0.00594034
5.2 6.6 0.0646023
5.2 6.8 0.0513448
5.2 7 -0.0160504
5.2 7.2 -0.0826759
5.2 7.4 -0.0953851
5.2 7.6 -0.0455684
5.2 7.8 0.0247588
5.2 8 0.056045
5.2 8.2 0.00772344
5.2 8.4 0

5.4 0 0
5.4 0.2 -0.0191833
5.4 0.4 -0.140714
5.4 0.6 -0.0924197
5.4 0.8 -0.0469429
5.4 1 -0.0457855
5.4 1.2 -0.0956722
5.4 1.4 -0.162959
5.4 1.6 -0.192327
5.4 1.8 -0.151603
5.4 2 -0.0581748
5.4 2.2 0.0332029
5.4 2.4 0.0662594
5.4 2.6 0.0254181
5.4 2.8 -0.052439
5.4 3 -0.100496
5.4 3.2 -0.0745232
5.4 3.4 0.0191639
5.4 3.6 0.124809
5.4 3.8 0.178364
5.4 4 0.151217
5.4 4.2 0.067987
5.4 4.4 -0.0109235
5.4 4.6 -0.0381136
5.4 4.8 -0.0112373
5.4 5 0.0275173
5.4 5.2 0.025753
5.4 5.4 -0.0348705
5.4 5.6 -0.123762
5.4 5.8 -0.180313
5.4 6 -0.159551
5.4 6.2 -0.0673775
5.4 6.4 0.0393569
5.4 6.6 0.0907087
5.4 6.8 0.054895
5.4 7 -0.0454231
5.4 7.2 -0.141689
5.4 7.4 -0.172771
5.4 7.6 -0.124833
5.4 7.8 -0.039136
5.4 8 0.0218072
5.4 8.2 0.00304783
5.4 8.4 0

5.6 0 0
5.6 0.2 -0.0205196
5.6 0.4 -0.150159
5.6 0.6 -0.093831
5.6 0.8 -0.0402495
5.6 1 -0.0386616
5.6 1.2 -0.103197
5.6 1.4 -0.197801
5.6 1.6 -0.26243
5.6 1.8 -0.25022
5.6 2 -0.16594
5.6 2.2 -0.0577165
5.6 2.4 0.0110092
5.6 2.6 0.0121149
5.6 2.8 -0.0353835
5.6 3 -0.0771735
5.6 3.2 -0.0690943
5.6 3.4 -0.00707445
5.6 3.6 0.0685037
5.6 3.8 0.108094
5.6 4 0.0877391
5.6 4.2 0.0226246
5.6 4.4 -0.0367981
5.6 4.6 -0.0549982
5.6 4.8 -0.0294683
5.6 5 -0.000621267
5.6 5.2 -0.0069133
5.6 5.4 -0.0630987
5.6 5.6 -0.135433
5.6 5.8 -0.170253
5.6 6 -0.128772
5.6 6.2 -0.024765
5.6 6.4 0.0823169
5.6 6.6 0.124308
5.6 6.8 0.0710451
5.6 7 -0.0474096
5.6 7.2 -0.159248
5.6 7.4 -0.197958
5.6 7.6 -0.147946
5.6 7.8 -0.0489038
5.6 8 0.0268636
5.6 8.2 0.00367695
5.6 8.4 0

5.8 0 0
5.8 0.2 -0.0268454
5.8 0.4 -0.195938
5.8 0.6 -0.117232
5.8 0.8 -0.0336841
5.8 1 -0.00903807
5.8 1.2 -0.0665655
5.8 1.4 -0.176781
5.8 1.6 -0.273049
5.8 1.8 -0.293896
5.8 2 -0.229192
5.8 2.2 -0.117295
5.8 2.4 -0.0228928
5.8 2.6 0.0106431
5.8 2.8 -0.0140543
5.8 3 -0.0590819
5.8 3.2 -0.0815698
5.8 3.4 -0.0632128
5.8 3.6 -0.0246658
5.8 3.8 -0.000482948
5.8 4 -0.00980513
5.8 4.2 -0.0431408
5.8 4.4 -0.0653346
5.8 4.6 -0.052134
5.8 4.8 -0.00988257
5.8 5 0.028953
5.8 5.2 0.0281888
5.8 5.4 -0.0188615
5.8 5.6 -0.0819054
5.8 5.8 -0.108875
5.8 6 -0.0694524
5.8 6.2 0.0241815
5.8 6.4 0.117143
5.8 6.6 0.147553
5.8 6.8 0.0922748
5.8 7 -0.0219179
5.8 7.2 -0.124244
5.8 7.4 -0.156026
5.8 7.6 -0.0984192
5.8 7.8 0.00683425
5.8 8 0.0926498
5.8 8.2 0.012777
5.8 8.4 0

6 0 0
6 0.2 -0.0377066
6 0.4 -0.273759
6 0.6 -0.161632
6 0.8 -0.0325032
6 1 0.0379528
6 1.2 0.0100086
6 1.4 -0.0961558
6 1.6 -0.210676
6 1.8 -0.263532
6 2 -0.226781
6 2.2 -0.126813
6 2.4 -0.0258922
6 2.6 0.0254931
6 2.8 0.0125371
6 3 -0.0384533
6 3.2 -0.0892039
6 3.4 -0.110178
6 3.6 -0.10561
6 3.8 -0.093524
6 4 -0.0886424
6 4.2 -0.0853947
6 4.4 -0.0665357
6 4.6 -0.0195518
6 4.8 0.0466877
6 5 0.100216
6 5.2 0.112056
6 5.4 0.0740826
6 5.6 0.0146235
6 5.8 -0.0228881
6 6 -0.00801179
6 6.2 0.0523239
6 6.4 0.118417
6 6.6 0.139741
6 6.8 0.0977508
6 7 0.0118706
6 7.2 -0.0606528
6 7.4 -0.0723925
6 7.6 -0.00886258
6 7.8 0.0945058
6 8 0.179815
6 8.2 0.0247235
6 8.4 0

6.2 0 0
6.2 0.2 -0.0471162
6.2 0.4 -0.342746
6.2 0.6 -0.202055
6.2 0.8 -0.0268582
6.2 1 0.0920857
6.2 1.2 0.104205
6.2 1.4 0.0175083
6.2 1.6 -0.102434
6.2 1.8 -0.179107
6.2 2 -0.174978
6.2 2.2 -0.0999332
6.2 2.4 -0.00830681
6.2 2.6 0.0472787
6.2 2.8 0.0404795
6.2 3 -0.0120759
6.2 3.2 -0.0757012
6.2 3.4 -0.120095
6.2 3.6 -0.134411
6.2 3.8 -0.128785
6.2 4 -0.109889
6.2 4.2 -0.0827251
6.2 4.4 -0.0374251
6.2 4.6 0.0289579
6.2 4.8 0.106983
6.2 5 0.170502
6.2 5.2 0.192421
6.2 5.4 0.164109
6.2 5.6 0.104163
6.2 5.8 0.0479753
6.2 6 0.0245465
6.2 6.2 0.0405796
6.2 6.4 0.0727205
6.2 6.6 0.0882682
6.2 6.8 0.0712878
6.2 7 0.0298931
6.2 7.2 -0.00162177
6.2 7.4 0.00629885
6.2 7.6 0.0644804
6.2 7.8 0.148449
6.2 8 0.217559
6.2 8.2 0.0298763
6.2 8.4 0

6.4 0 0
6.4 0.2 -0.0482287
6.4 0.4 -0.350048
6.4 0.6 -0.198682
6.4 0.8 -0.00459873
6.4 1 0.143328
6.4 1.2 0.183998
6.4 1.4 0.119922
6.4 1.6 0.00711456
6.4 1.8 -0.0849769
6.4 2 -0.108338
6.4 2.2 -0.0637653
6.4 2.4 0.00901154
6.4 2.6 0.0587178
6.4 2.8 0.0607559
6.4 3 0.016306
6.4 3.2 -0.0419016
6.4 3.4 -0.0863617
6.4 3.6 -0.103616
6.4 3.8 -0.0936504
6.4 4 -0.0711359
6.4 4.2 -0.0397671
6.4 4.4 0.00352739
6.4 4.6 0.0617788
6.4 4.8 0.130503
6.4 5 0.189572
6.4 5.2 0.217488
6.4 5.4 0.200263
6.4 5.6 0.146249
6.4 5.8 0.0761692
6.4 6 0.0196868
6.4 6.2 -0.00919861
6.4 6.4 -0.0102293
6.4 6.6 0.00236419
6.4 6.8 0.0142078
6.4 7 0.0203673
6.4 7.2 0.028173
6.4 7.4 0.0456287
6.4 7.6 0.0793354
6.4 7.8 0.121445
6.4 8 0.156175
6.4 8.2 0.0214394
6.4 8.4 0

6.6 0 0
6.6 0.2 -0.0363561
6.6 0.4 -0.263436
6.6 0.6 -0.132474
6.6 0.8 0.0400543
6.6 1 0.176593
6.6 1.2 0.223366
6.6 1.4 0.175042
6.6 1.6 0.0749098
6.6 1.8 -0.0182033
6.6 2 -0.0590435
6.6 2.2 -0.0410232
6.6 2.4 0.0071408
6.6 2.6 0.04927
6.6 2.8 0.0574663
6.6 3 0.0335097
6.6 3.2 -0.00396051
6.6 3.4 -0.0314153
6.6 3.6 -0.0350096
6.6 3.8 -0.0209074
6.6 4 -0.000347824
6.6 4.2 0.0162478
6.6 4.4 0.032571
6.6 4.6 0.0545175
6.6 4.8 0.089733
6.6 5 0.130867
6.6 5.2 0.16332
6.6 5.4 0.167435
6.6 5.6 0.133147
6.6 5.8 0.0671243
6.6 6 -0.00902515
6.6 6.2 -0.0699944
6.6 6.4 -0.0986327
6.6 6.6 -0.088008
6.6 6.8 -0.0494088
6.6 7 -0.00401877
6.6 7.2 0.0318451
6.6 7.4 0.043959
6.6 7.6 0.0377852
6.6 7.8 0.0206284
6.6 8 0.00720045
6.6 8.2 0.00100183
6.6 8.4 0

6.8 0 0
6.8 0.2 -0.0132977
6.8 0.4 -0.0950554
6.8 0.6 -0.013887
6.8 0.8 0.0955173
6.8 1 0.182547
6.8 1.2 0.208225
6.8 1.4 0.167874
6.8 1.6 0.0879273
6.8 1.8 0.00936341
6.8 2 -0.0338413
6.8 2.2 -0.0356269
6.8 2.4 -0.00913096
6.8 2.6 0.0172018
6.8 2.8 0.0302696
6.8 3 0.0239459
6.8 3.2 0.0142267
6.8 3.4 0.0141196
6.8 3.6 0.0283908
6.8 3.8 0.0511174
6.8 4 0.0631494
6.8 4.2 0.0570797
6.8 4.4 0.0331705
6.8 4.6 0.00852792
6.8 4.8 0.00083599
6.8 5 0.0207404
6.8 5.2 0.0589524
6.8 5.4 0.0921766
6.8 5.6 0.093814
6.8 5.8 0.0512836
6.8 6 -0.0238593
6.8 6.2 -0.102845
6.8 6.4 -0.152288
6.8 6.6 -0.145861
6.8 6.8 -0.0927463
6.8 7 -0.0202138
6.8 7.2 0.0312598
6.8 7.4 0.0322006
6.8 7.6 -0.0186923
6.8 7.8 -0.094529
6.8 8 -0.156249
6.8 8.2 -0.0214403
6.8 8.4 0

7 0 0
7 0.2 0.0134409
7 0.4 0.0985458
7 0.6 0.112912
7 0.8 0.137937
7 1 0.154797
7 1.2 0.148113
7 1.4 0.115406
7 1.6 0.0663343
7 1.8 0.0182417
7 2 -0.0156811
7 2.2 -0.0291807
7 2.4 -0.0256665
7 2.6 -0.0173196
7 2.8 -0.00996388
7 3 -0.0054187
7 3.2 0.00346534
7 3.4 0.0244346
7 3.6 0.0555792
7 3.8 0.0868601
7 4 0.0972719
7 4.2 0.0737159
7 4.4 0.0183037
7 4.6 -0.0468331
7 4.8 -0.0906231
7 5 -0.0893353
7 5.2 -0.042771
7 5.4 0.0241987
7 5.6 0.0708408
7 5.8 0.0650666
7 6 0.00330087
7 6.2 -0.0841308
7 6.4 -0.151894
7 6.6 -0.157614
7 6.8 -0.100305
7 7 -0.0132585
7 7.2 0.0493827
7 7.4 0.0424052
7 7.6 -0.0377313
7 7.8 -0.154162
7 8 -0.248677
7 8.2 -0.0340913
7 8.4 0

7.2 0 0
7.2 0.2 0.0333723
7.2 0.4 0.242963
7.2 0.6 0.196418
7.2 0.8 0.143
7.2 1 0.0953085
7.2 1.2 0.0649845
7.2 1.4 0.0499924
7.2 1.6 0.0423736
7.2 1.8 0.0335881
7.2 2 0.0192469
7.2 2.2 -0.00245949
7.2 2.4 -0.0219135
7.2 2.6 -0.0386328
7.2 2.8 -0.0466685
7.2 3 -0.0452046
7.2 3.2 -0.0304433
7.2 3.4 -0.000753824
7.2 3.6 0.0399557
7.2 3.8 0.0791828
7.2 4 0.0959054
7.2 4.2 0.0737336
7.2 4.4 0.00972938
7.2 4.6 -0.0718619
7.2 4.8 -0.135712
7.2 5 -0.145852
7.2 5.2 -0.0913441
7.2 5.4 0.00283715
7.2 5.6 0.0884952
7.2 5.8 0.117805
7.2 6 0.0730301
7.2 6.2 -0.0204785
7.2 6.4 -0.10635
7.2 6.6 -0.132847
7.2 6.8 -0.0839857
7.2 7 0.00865176
7.2 7.2 0.0825758
7.2 7.4 0.0833564
7.2 7.6 0.001094
7.2 7.8 -0.124674
7.2 8 -0.226571
7.2 8.2 -0.0310437
7.2 8.4 0

7.4 0 0
7.4 0.2 0.0390588
7.4 0.4 0.283561
7.4 0.6 0.199058
7.4 0.8 0.0957521
7.4 1 0.0142001
7.4 1.2 -0.0167615
7.4 1.4 0.000777922
7.4 1.6 0.0403254
7.4 1.8 0.0716821
7.4 2 0.073781
7.4 2.2 0.0455627
7.4 2.4 0.00144314
7.4 2.6 -0.0395455
7.4 2.8 -0.0667434
7.4 3 -0.0758401
7.4 3.2 -0.0686242
7.4 3.4 -0.0440884
7.4 3.6 -0.00489723
7.4 3.8 0.040816
7.4 4 0.0742779
7.4 4.2 0.0725687
7.4 4.4 0.0282185
7.4 4.6 -0.0464061
7.4 4.8 -0.11309
7.4 5 -0.130087
7.4 5.2 -0.0775801
7.4 5.4 0.0286196
7.4 5.6 0.136416
7.4 5.8 0.189218
7.4 6 0.156016
7.4 6.2 0.0560306
7.4 6.4 -0.0522952
7.4 6.6 -0.104392
7.4 6.8 -0.0721833
7.4 7 0.0195351
7.4 7.2 0.107506
7.4 7.4 0.131088
7.4 7.6 0.0732655
7.4 7.8 -0.0316954
7.4 8 -0.116569
7.4 8.2 -0.0158531
7.4 8.4 0

7.6 0 0
7.6 0.2 0.0294112
7.6 0.4 0.213309
7.6 0.6 0.122046
7.6 0.8 0.00869522
7.6 1 -0.0684086
7.6 1.2 -0.0768979
7.6 1.4 -0.0192502
7.6 1.6 0.0618386
7.6 1.8 0.120168
7.6 2 0.128404
7.6 2.2 0.0882174
7.6 2.4 0.0270224
7.6 2.6 -0.0306687
7.6 2.8 -0.0682256
7.6 3 -0.0849311
7.6 3.2 -0.0884811
7.6 3.4 -0.078443
7.6 3.6 -0.0502018
7.6 3.8 -0.00461386
7.6 4 0.045975
7.6 4.2 0.0766006
7.6 4.4 0.0661626
7.6 4.6 0.0167424
7.6 4.8 -0.043897
7.6 5 -0.07026
7.6 5.2 -0.0319198
7.6 5.4 0.0653167
7.6 5.6 0.175402
7.6 5.8 0.236316
7.6 6 0.210199
7.6 6.2 0.105207
7.6 6.4 -0.0207124
7.6 6.6 -0.0969715
7.6 6.8 -0.0868927
7.6 7 -0.00207233
7.6 7.2 0.0974136
7.6 7.4 0.149672
7.6 7.6 0.128964
7.6 7.8 0.0607003
7.6 8 0.00196063
7.6 8.2 0.000365919
7.6 8.4 0

7.8 0 0
7.8 0.2 0.0109023
7.8 0.4 0.0782844
7.8 0.6 0.0045466
7.8 0.8 -0.0854543
7.8 1 -0.132479
7.8 1.2 -0.104619
7.8 1.4 -0.0158974
7.8 1.6 0.0863754
7.8 1.8 0.147961
7.8 2 0.145658
7.8 2.2 0.0919449
7.8 2.4 0.0214156
7.8 2.6 -0.0318638
7.8 2.8 -0.059786
7.8 3 -0.0704217
7.8 3.2 -0.0789427
7.8 3.4 -0.0851863
7.8 3.6 -0.0765057
7.8 3.8 -0.0407903
7.8 4 0.0185857
7.8 4.2 0.0765724
7.8 4.4 0.10092
7.8 4.6 0.07779
7.8 4.8 0.0234438
7.8 5 -0.0162326
7.8 5.2 -0.00427045
7.8 5.4 0.0681682
7.8 5.6 0.165349
7.8 5.8 0.228648
7.8 6 0.21018
7.8 6.2 0.110219
7.8 6.4 -0.0215033
7.8 6.6 -0.115315
7.8 6.8 -0.124462
7.8 7 -0.0542096
7.8 7.2 0.0469988
7.8 7.4 0.117326
7.8 7.6 0.125194
7.8 7.8 0.0876269
7.8 8 0.0513699
7.8 8.2 0.00719519
7.8 8.4 0

8 0 0
8 0.2 -0.00658344
8 0.4 -0.0489057
8 0.6 -0.0945745
8 0.8 -0.14686
8 1 -0.156334
8 1.2 -0.100602
8 1.4 -0.00113713
8 1.6 0.0909148
8 1.8 0.129362
8 2 0.10298
8 2.2 0.0372546
8 2.4 -0.0257845
8 2.6 -0.054184
8 2.8 -0.0486255
8 3 -0.0351662
8 3.2 -0.0380461
8 3.4 -0.0596377
8 3.6 -0.0778454
8 3.8 -0.0640271
8 4 -0.0107708
8 4.2 0.0598433
8 4.4 0.106111
8 4.6 0.101267
8 4.8 0.0486141
8 5 -0.0101492
8 5.2 -0.0277101
8 5.4 0.0159562
8 5.6 0.0989506
8 5.8 0.16495
8 6 0.164164
8 6.2 0.0837454
8 6.4 -0.0363552
8 6.6 -0.132553
8 6.8 -0.156224
8 7 -0.10518
8 7.2 -0.018697
8 7.4 0.0481554
8 7.6 0.0627976
8 7.8 0.035476
8 8 0.0041945
8 8.2 0.000631421
8 8.4 0

8.2 0 0
8.2 0.2 -0.0150542
8.2 0.4 -0.109915
8.2 0.6 -0.129682
8.2 0.8 -0.149106
8.2 1 -0.132102
8.2 1.2 -0.0702869
8.2 1.4 0.0132192
8.2 1.6 0.0687885
8.2 1.8 0.0650682
8.2 2 0.00804955
8.2 2.2 -0.0643954
8.2 2.4 -0.104701
8.2 2.6 -0.0894313
8.2 2.8 -0.036348
8.2 3 0.0133766
8.2 3.2 0.0231626
8.2 3.4 -0.0127835
8.2 3.6 -0.0603996
8.2 3.8 -0.0773019
8.2 4 -0.0435159
8.2 4.2 0.021504
8.2 4.4 0.0743996
8.2 4.6 0.0763305
8.2 4.8 0.0217304
8.2 5 -0.0513456
8.2 5.2 -0.0917152
8.2 5.4 -0.0694957
8.2 5.6 0.00474089
8.2 5.8 0.0803569
8.2 6 0.104709
8.2 6.2 0.0582814
8.2 6.4 -0.0337595
8.2 6.6 -0.117797
8.2 6.8 -0.146857
8.2 7 -0.115578
8.2 7.2 -0.054978
8.2 7.4 -0.0134952
8.2 7.6 -0.0179692
8.2 7.8 -0.0593639
8.2 8 -0.102186
8.2 8.2 -0.0140779
8.2 8.4 0

8.4 0 0
8.4 0.2 -0.0123322
8.4 0.4 -0.0897841
8.4 0.6 -0.095402
8.4 0.8 -0.0959068
8.4 1 -0.0714304
8.4 1.2 -0.0231081
8.4 1.4 0.0226964
8.4 1.6 0.0296559
8.4 1.8 -0.0172763
8.4 2 -0.0984179
8.4 2.2 -0.165292
8.4 2.4 -0.173685
8.4 2.6 -0.113116
8.4 2.8 -0.0147914
8.4 3 0.0648836
8.4 3.2 0.0815728
8.4 3.4 0.0335833
8.4 3.6 -0.0405558
8.4 3.8 -0.087286
8.4 4 -0.0784499
8.4 4.2 -0.0264164
8.4 4.4 0.0224393
8.4 4.6 0.0251232
8.4 4.8 -0.0286144
8.4 5 -0.1058
8.4 5.2 -0.15583
8.4 5.4 -0.142745
8.4 5.6 -0.0699544
8.4 5.8 0.0173636
8.4 6 0.0678664
8.4 6.2 0.0570036
8.4 6.4 -0.000564318
8.4 6.6 -0.0608811
8.4 6.8 -0.0855795
8.4 7 -0.0677381
8.4 7.2 -0.0353418
8.4 7.4 -0.0281807
8.4 7.6 -0.0657192
8.4 7.8 -0.134949
8.4 8 -0.197752
8.4 8.2 -0.0272504
8.4 8.4 0

8.6 0 0
8.6 0.2 -0.00309022
8.6 0.4 -0.0229988
8.6 0.6 -0.0254154
8.6 0.8 -0.0197717
8.6 1 -0.00072359
8.6 1.2 0.0231556
8.6 1.4 0.030681
8.6 1.6 -0.00452177
8.6 1.8 -0.0791067
8.6 2 -0.166361
8.6 2.2 -0.217305
8.6 2.4 -0.194107
8.6 2.6 -0.101616
8.6 2.8 0.0197391
8.6 3 0.106421
8.6 3.2 0.118639
8.6 3.4 0.0570896
8.6 3.6 -0.0334087
8.6 3.8 -0.0981147
8.6 4 -0.102872
8.6 4.2 -0.0620245
8.6 4.4 -0.0167769
8.6 4.6 -0.0118109
8.6 4.8 -0.0588894
8.6 5 -0.128983
8.6 5.2 -0.173829
8.6 5.4 -0.159285
8.6 5.6 -0.0879429
8.6 5.8 0.00274769
8.6 6 0.0651104
8.6 6.2 0.0763138
8.6 6.4 0.0459765
8.6 6.6 0.0112083
8.6 6.8 0.0023997
8.6 7 0.019304
8.6 7.2 0.0348199
8.6 7.4 0.0146583
8.6 7.6 -0.054417
8.6 7.8 -0.148838
8.6 8 -0.227425
8.6 8.2 -0.0313278
8.6 8.4 0

8.8 0 0
8.8 0.2 0.00458485
8.8 0.4 0.0327543
8.8 0.6 0.0316873
8.8 0.8 0.0379245
8.8 1 0.0474765
8.8 1.2 0.0520683
8.8 1.4 0.0336847
8.8 1.6 -0.0188331
8.8 1.8 -0.0957185
8.8 2 -0.165958
8.8 2.2 -0.191496
8.8 2.4 -0.146782
8.8 2.6 -0.049546
8.8 2.8 0.0589671
8.8 3 0.123241
8.8 3.2 0.113623
8.8 3.4 0.0405017
8.8 3.6 -0.050218
8.8 3.8 -0.10838
8.8 4 -0.109085
8.8 4.2 -0.0661948
8.8 4.4 -0.0198473
8.8 4.6 -0.00975287
8.8 4.8 -0.0437492
8.8 5 -0.0965498
8.8 5.2 -0.127888
8.8 5.4 -0.10845
8.8 5.6 -0.0451519
8.8 5.8 0.0298519
8.8 6 0.0806381
8.8 6.2 0.0882561
8.8 6.4 0.0693253
8.8 6.6 0.0557028
8.8 6.8 0.0680601
8.8 7 0.0977954
8.8 7.2 0.11575
8.8 7.4 0.0872141
8.8 7.6 0.00583938
8.8 7.8 -0.101303
8.8 8 -0.185568
8.8 8.2 -0.0255577
8.8 8.4 0

9 0 0
9 0.2 0.00518049
9 0.4 0.0375884
9 0.6 0.0411739
9 0.8 0.0483736
9 1 0.0549762
9 1.2 0.0512327
9 1.4 0.0266748
9 1.6 -0.0184902
9 1.8 -0.0706186
9 2 -0.105631
9 2.2 -0.101048
9 2.4 -0.0502573
9 2.6 0.0236963
9 2.8 0.0863529
9 3 0.101273
9 3.2 0.0598172
9 3.4 -0.0169007
9 3.6 -0.0872123
9 3.8 -0.11431
9 4 -0.0883479
9 4.2 -0.032523
9 4.4 0.0175896
9 4.6 0.0319483
9 4.8 0.00897242
9 5 -0.0260033
9 5.2 -0.0405568
9 5.4 -0.0184479
9 5.6 0.0282496
9 5.8 0.0710478
9 6 0.0837475
9 6.2 0.0649613
9 6.4 0.039142
9 6.6 0.0349726
9 6.8 0.0709351
9 7 0.124295
9 7.2 0.162481
9 7.4 0.146297
9 7.6 0.070977
9 7.8 -0.0314582
9 8 -0.11025
9 8.2 -0.0151404
9 8.4 0

9.2 0 0
9.2 0.2 -0.000897228
9.2 0.4 -0.00612521
9.2 0.6 0.00593844
9.2 0.8 0.0210835
9.2 1 0.0307833
9.2 1.2 0.0264436
9.2 1.4 0.00765841
9.2 1.6 -0.0160662
9.2 1.8 -0.0317444
9.2 2 -0.0240696
9.2 2.2 0.00747488
9.2 2.4 0.0523866
9.2 2.6 0.0855418
9.2 2.8 0.0837555
9.2 3 0.0404003
9.2 3.2 -0.032756
9.2 3.4 -0.0998356
9.2 3.6 -0.129606
9.2 3.8 -0.106294
9.2 4 -0.043121
9.2 4.2 0.0290168
9.2 4.4 0.0743968
9.2 4.6 0.0805146
9.2 4.8 0.0596043
9.2 5 0.0379295
9.2 5.2 0.0377061
9.2 5.4 0.0614476
9.2 5.6 0.0888903
9.2 5.8 0.093187
9.2 6 0.0605733
9.2 6.2 0.0044397
9.2 6.4 -0.0407884
9.2 6.6 -0.0412489
9.2 6.8 0.0113858
9.2 7 0.0922198
9.2 7.2 0.15505
9.2 7.4 0.161391
9.2 7.6 0.103339
9.2 7.8 0.0151012
9.2 8 -0.0526629
9.2 8.2 -0.00711941
9.2 8.4 0

9.4 0 0
9.4 0.2 -0.00774435
9.4 0.4 -0.0558031
9.4 0.6 -0.0345959
9.4 0.8 -0.0104896
9.4 1 0.0003438
9.4 1.2 -0.00582582
9.4 1.4 -0.0203185
9.4 1.6 -0.0277571
9.4 1.8 -0.0122936
9.4 2 0.0306514
9.4 2.2 0.0836884
9.4 2.4 0.118721
9.4 2.6 0.109507
9.4 2.8 0.0482862
9.4 3 -0.0468699
9.4 3.2 -0.135441
9.4 3.4 -0.1788
9.4 3.6 -0.157151
9.4 3.8 -0.0785184
9.4 4 0.0189787
9.4 4.2 0.0938157
9.4 4.4 0.120358
9.4 4.6 0.102779
9.4 4.8 0.0687116
9.4 5 0.0506931
9.4 5.2 0.0628407
9.4 5.4 0.0932227
9.4 5.6 0.111356
9.4 5.8 0.0886721
9.4 6 0.0193749
9.4 6.2 -0.0665544
9.4 6.4 -0.128501
9.4 6.6 -0.129884
9.4 6.8 -0.0655838
9.4 7 0.0304795
9.4 7.2 0.109939
9.4 7.4 0.132881
9.4 7.6 0.09135
9.4 7.8 0.017541
9.4 8 -0.0416244
9.4 8.2 -0.00561421
9.4 8.4 0

9.6 0 0
9.6 0.2 -0.00863748
9.6 0.4 -0.0619489
9.6 0.6 -0.0345139
9.6 0.8 -0.00700304
9.6 1 0.00174393
9.6 1.2 -0.017629
9.6 1.4 -0.0454984
9.6 1.6 -0.0567312
9.6 1.8 -0.0292939
9.6 2 0.0353437
9.6 2.2 0.102381
9.6 2.4 0.134343
9.6 2.6 0.0970256
9.6 2.8 -0.00264781
9.6 3 -0.126062
9.6 3.2 -0.214367
9.6 3.4 -0.224295
9.6 3.6 -0.150785
9.6 3.8 -0.0277925
9.6 4 0.0864901
9.6 4.2 0.14468
9.6 4.4 0.133591
9.6 4.6 0.0755577
9.6 4.8 0.0182832
9.6 5 -0.00169403
9.6 5.2 0.0245673
9.6 5.4 0.0707231
9.6 5.6 0.0957001
9.6 5.8 0.0694696
9.6 6 -0.00837704
9.6 6.2 -0.1021
9.6 6.4 -0.167974
9.6 6.6 -0.168685
9.6 6.8 -0.104839
9.6 7 -0.0113723
9.6 7.2 0.0664254
9.6 7.4 0.0899534
9.6 7.6 0.0542118
9.6 7.8 -0.0122358
9.6 8 -0.0668259
9.6 8.2 -0.00910007
9.6 8.4 0

9.8 0 0
9.8 0.2 -0.001005
9.8 0.4 -0.00681821
9.8 0.6 0.0227492
9.8 0.8 0.0512784
9.8 1 0.0489791
9.8 1.2 0.00593198
9.8 1.4 -0.0545315
9.8 1.6 -0.090538
9.8 1.8 -0.073338
9.8 2 -0.00368117
9.8 2.2 0.0759954
9.8 2.4 0.113789
9.8 2.6 0.0730693
9.8 2.8 -0.0361619
9.8 3 -0.161991
9.8 3.2 -0.236406
9.8 3.4 -0.216088
9.8 3.6 -0.107094
9.8 3.8 0.0375676
9.8 4 0.146705
9.8 4.2 0.171929
9.8 4.4 0.112799
9.8 4.6 0.0106316
9.8 4.8 -0.0717262
9.8 5 -0.0908052
9.8 5.2 -0.048793
9.8 5.4 0.0209419
9.8 5.6 0.0671629
9.8 5.8 0.0593419
9.8 6 -0.00197153
9.8 6.2 -0.0796476
9.8 6.4 -0.132385
9.8 6.6 -0.129176
9.8 6.8 -0.07465
9.8 7 0.000432686
9.8 7.2 0.0553684
9.8 7.4 0.0628627
9.8 7.6 0.020808
9.8 7.8 -0.042228
9.8 8 -0.0932845
9.8 8.2 -0.0127598
9.8 8.4 0

10 0 0
10 0.2 0.0109811
10 0.4 0.0788726
10 0.6 0.109499
10 0.8 0.142787
10 1 0.131571
10 1.2 0.0621452
10 1.4 -0.0367666
10 1.6 -0.112895
10 1.8 -0.118811
10 2 -0.0538572
10 2.2 0.0377151
10 2.4 0.0942226
10 2.6 0.0689397
10 2.8 -0.0283302
10 3 -0.143266
10 3.2 -0.202266
10 3.4 -0.164085
10 3.6 -0.0418447
10 3.8 0.101071
10 4 0.188072
10 4.2 0.174546
10 4.4 0.0722183
10 4.6 -0.0597422
10 4.8 -0.154925
10 5 -0.170085
10 5.2 -0.110384
10 5.4 -0.0197658
10 5.6 0.0503002
10 5.8 0.0681151
10 6 0.0366008
10 6.2 -0.010942
10 6.4 -0.0411982
10 6.6 -0.0316818
10 6.8 0.00799626
10 7 0.0536095
10 7.2 0.0762366
10 7.4 0.0607556
10 7.6 0.0124805
10 7.8 -0.046117
10 8 -0.0901662
10 8.2 -0.0123495
10 8.4 0

10.2 0 0
10.2 0.2 0.0185097
10.2 0.4 0.132763
10.2 0.6 0.173482
10.2 0.8 0.219306
10.2 1 0.211507
10.2 1.2 0.127077
10.2 1.4 -0.00346734
10.2 1.6 -0.113451
10.2 1.8 -0.143989
10.2 2 -0.0842476
10.2 2.2 0.0218587
10.2 2.4 0.10214
10.2 2.6 0.101739
10.2 2.8 0.0231489
10.2 3 -0.0794219
10.2 3.2 -0.133457
10.2 3.4 -0.097518
10.2 3.6 0.0141734
10.2 3.8 0.136679
10.2 4 0.195742
10.2 4.2 0.156094
10.2 4.4 0.0339753
10.2 4.6 -0.104592
10.2 4.8 -0.193156
10.2 5 -0.195015
10.2 5.2 -0.122958
10.2 5.4 -0.0238459
10.2 5.6 0.0534364
10.2 5.8 0.0841725
10.2 6 0.0752531
10.2 6.2 0.0555434
10.2 6.4 0.0478247
10.2 6.6 0.0630306
10.2 6.8 0.0887781
10.2 7 0.104231
10.2 7.2 0.0967731
10.2 7.4 0.0654202
10.2 7.6 0.0205366
10.2 7.8 -0.0219158
10.2 8 -0.0508742
10.2 8.2 -0.00703069
10.2 8.4 0

10.4 0 0
10.4 0.2 0.0146742
10.4 0.4 0.104497
10.4 0.6 0.165035
10.4 0.8 0.237048
10.4 1 0.250668
10.4 1.2 0.170454
10.4 1.4 0.0291063
10.4 1.6 -0.0986914
10.4 1.8 -0.141929
10.4 2 -0.0810137
10.4 2.2 0.0374908
10.4 2.4 0.138384
10.4 2.6 0.158039
10.4 2.8 0.0919705
10.4 3 -0.00931579
10.4 3.2 -0.0747103
10.4 3.4 -0.0576498
10.4 3.6 0.0297342
10.4 3.8 0.125878
10.4 4 0.166545
10.4 4.2 0.120367
10.4 4.4 0.00811037
10.4 4.6 -0.108646
10.4 4.8 -0.170533
10.4 5 -0.154854
10.4 5.2 -0.0801625
10.4 5.4 0.00560051
10.4 5.6 0.0647378
10.4 5.8 0.0829247
10.4 6 0.07651
10.4 6.2 0.0697007
10.4 6.4 0.0766394
10.4 6.6 0.0970642
10.4 6.8 0.112078
10.4 7 0.106869
10.4 7.2 0.0841401
10.4 7.4 0.0518634
10.4 7.6 0.0260346
10.4 7.8 0.0119887
10.4 8 0.00646646
10.4 8.2 0.000806175
10.4 8.4 0

10.6 0 0
10.6 0.2 -0.00105938
10.6 0.4 -0.00989998
10.6 0.6 0.0775796
10.6 0.8 0.185113
10.6 1 0.229565
10.6 1.2 0.171539
10.6 1.4 0.0413552
10.6 1.6 -0.0823544
10.6 1.8 -0.124662
10.6 2 -0.059513
10.6 2.2 0.068472
10.6 2.4 0.178697
10.6 2.6 0.205712
10.6 2.8 0.139444
10.6 3 0.0277464
10.6 3.2 -0.0569525
10.6 3.4 -0.0666704
10.6 3.6 -0.00704814
10.6 3.8 0.0698339
10.6 4 0.105068
10.6 4.2 0.0726612
10.6 4.4 -0.00691868
10.6 4.6 -0.0815658
10.6 4.8 -0.107079
10.6 5 -0.0734947
10.6 5.2 -0.00718148
10.6 5.4 0.0482845
10.6 5.6 0.0665099
10.6 5.8 0.0505306
10.6 6 0.0245453
10.6 6.2 0.0156752
10.6 6.4 0.0296462
10.6 6.6 0.0531834
10.6 6.8 0.0660763
10.6 7 0.0534766
10.6 7.2 0.0302537
10.6 7.4 0.0103749
10.6 7.6 0.0124677
10.6 7.8 0.0322936
10.6 8 0.0533401
10.6 8.2 0.00733295
10.6 8.4 0

10.8 0 0
10.8 0.2 -0.0216318
10.8 0.4 -0.158389
10.8 0.6 -0.0475436
10.8 0.8 0.0877922
10.8 1 0.162858
10.8 1.2 0.130924
10.8 1.4 0.0235386
10.8 1.6 -0.0837061
10.8 1.8 -0.115341
10.8 2 -0.0428724
10.8 2.2 0.0859101
10.8 2.4 0.192777
10.8 2.6 0.212094
10.8 2.8 0.13364
10.8 3 0.00873506
10.8 3.2 -0.0928494
10.8 3.4 -0.119665
10.8 3.6 -0.0761776
10.8 3.8 -0.00791898
10.8 4 0.033491
10.8 4.2 0.0239246
10.8 4.4 -0.0183851
10.8 4.6 -0.0506255
10.8 4.8 -0.0420734
10.8 5 0.00447268
10.8 5.2 0.0570038
10.8 5.4 0.0772996
10.8 5.6 0.0505774
10.8 5.8 -0.00533308
10.8 6 -0.0557069
10.8 6.2 -0.0717683
10.8 6.4 -0.0547465
10.8 6.6 -0.024892
10.8 6.8 -0.00995355
10.8 7 -0.0203397
10.8 7.2 -0.0387702
10.8 7.4 -0.0431351
10.8 7.6 -0.017016
10.8 7.8 0.028436
10.8 8 0.0673516
10.8 8.2 0.00928107
10.8 8.4 0

11 0 0
11 0.2 -0.036806
11 0.4 -0.267176
11 0.6 -0.146475
11 0.8 -0.00283533
11 1 0.0833924
11 1.2 0.0694491
11 1.4 -0.0166929
11 1.6 -0.104291
11 1.8 -0.122222
11 2 -0.0492185
11 2.2 0.0713016
11 2.4 0.163446
11 2.6 0.1669
11 2.8 0.0781737
11 3 -0.0526277
11 3.2 -0.153986
11 3.4 -0.180605
11 3.6 -0.136084
11 3.8 -0.0644455
11 4 -0.0149997
11 4.2 -0.0109442
11 4.4 -0.0296858
11 4.6 -0.0371594
11 4.8 -0.0106699
11 5 0.0432046
11 5.2 0.0866176
11 5.4 0.0841678
11 5.6 0.0290256
11 5.8 -0.0521414
11 6 -0.117055
11 6.2 -0.135278
11 6.4 -0.111208
11 6.6 -0.0727036
11 6.8 -0.0505518
11 7 -0.0574215
11 7.2 -0.0755648
11 7.4 -0.0780969
11 7.6 -0.0488301
11 7.8 0.00180589
11 8 0.0428381
11 8.2 0.00589528
11 8.4 0

11.2 0 0
11.2 0.2 -0.0392234
11.2 0.4 -0.284079
11.2 0.6 -0.174264
11.2 0.8 -0.0470413
11.2 1 0.0264831
11.2 1.2 0.014999
11.2 1.4 -0.0604745
11.2 1.6 -0.133568
11.2 1.8 -0.142892
11.2 2 -0.0746085
11.2 2.2 0.028773
11.2 2.4 0.10025
11.2 2.6 0.0890587
11.2 2.8 -0.00208821
11.2 3 -0.120272
11.2 3.2 -0.201076
11.2 3.4 -0.204671
11.2 3.6 -0.143762
11.2 3.8 -0.0648161
11.2 4 -0.0178991
11.2 4.2 -0.0188536
11.2 4.4 -0.0436399
11.2 4.6 -0.0536807
11.2 4.8 -0.0257822
11.2 5 0.0291556
11.2 5.2 0.0739488
11.2 5.4 0.0728032
11.2 5.6 0.0196278
11.2 5.8 -0.0582068
11.2 6 -0.116803
11.2 6.2 -0.126579
11.2 6.4 -0.092174
11.2 6.6 -0.0437705
11.2 6.8 -0.0161822
11.2 7 -0.0234281
11.2 7.2 -0.0508601
11.2 7.4 -0.0705398
11.2 7.6 -0.0647885
11.2 7.8 -0.0376977
11.2 8 -0.0130301
11.2 8.2 -0.00178512
11.2 8.4 0

11.4 0 0
11.4 0.2 -0.0291613
11.4 0.4 -0.212091
11.4 0.6 -0.130596
11.4 0.8 -0.0372961
11.4 1 0.00929566
11.4 1.2 -0.0154182
11.4 1.4 -0.0881499
11.4 1.6 -0.153195
11.4 1.8 -0.15968
11.4 2 -0.101666
11.4 2.2 -0.0172357
11.4 2.4 0.0324799
11.4 2.6 0.0112568
11.4 2.8 -0.0700694
11.4 3 -0.160391
11.4 3.2 -0.202091
11.4 3.4 -0.170077
11.4 3.6 -0.0852151
11.4 3.8 -0.00332383
11.4 4 0.0305288
11.4 4.2 0.00390194
11.4 4.4 -0.0512922
11.4 4.6 -0.0893424
11.4 4.8 -0.07642
11.4 5 -0.0218055
11.4 5.2 0.0380363
11.4 5.4 0.0614137
11.4 5.6 0.0379814
11.4 5.8 -0.0123055
11.4 6 -0.0513461
11.4 6.2 -0.0483124
11.4 6.4 -0.00585401
11.4 6.6 0.0484746
11.4 6.8 0.0796572
11.4 7 0.0678519
11.4 7.2 0.0238593
11.4 7.4 -0.027419
11.4 7.6 -0.0638543
11.4 7.8 -0.0783575
11.4 8 -0.084553
11.4 8.2 -0.0117554
11.4 8.4 0

11.6 0 0
11.6 0.2 -0.0141773
11.6 0.4 -0.103757
11.6 0.6 -0.0520046
11.6 0.8 0.00512935
11.6 1 0.0223806
11.6 1.2 -0.0153071
11.6 1.4 -0.086371
11.6 1.6 -0.143762
11.6 1.8 -0.150632
11.6 2 -0.104713
11.6 2.2 -0.0406718
11.6 2.4 -0.0091045
11.6 2.6 -0.0333825
11.6 2.8 -0.0979502
11.6 3 -0.154302
11.6 3.2 -0.154865
11.6 3.4 -0.0886198
11.6 3.6 0.0144337
11.6 3.8 0.0949637
11.6 4 0.106343
11.6 4.2 0.0442214
11.6 4.4 -0.0526844
11.6 4.6 -0.125457
11.6 4.8 -0.133813
11.6 5 -0.0791625
11.6 5.2 0.00275585
11.6 5.4 0.0637684
11.6 5.6 0.0805562
11.6 5.8 0.0622917
11.6 6 0.0416138
11.6 6.2 0.0485397
11.6 6.4 0.0880406
11.6 6.6 0.139613
11.6 6.8 0.170601
11.6 7 0.159142
11.6 7.2 0.103739
11.6 7.4 0.0248607
11.6 7.6 -0.0526478
11.6 7.8 -0.113404
11.6 8 -0.15259
11.6 8.2 -0.0211101
11.6 8.4 0

11.8 0 0
11.8 0.2 -0.00267143
11.8 0.4 -0.0206769
11.8 0.6 0.010984
11.8 0.8 0.0435929
11.8 1 0.0464831
11.8 1.2 0.00734743
11.8 1.4 -0.0542124
11.8 1.6 -0.10279
11.8 1.8 -0.110365
11.8 2 -0.0761469
11.8 2.2 -0.0303722
11.8 2.4 -0.011874
11.8 2.6 -0.0367147
11.8 2.8 -0.0844836
11.8 3 -0.114514
11.8 3.2 -0.0875897
11.8 3.4 -0.00241814
11.8 3.6 0.105722
11.8 3.8 0.177143
11.8 4 0.169178
11.8 4.2 0.0794188
11.8 4.4 -0.045959
11.8 4.6 -0.143945
11.8 4.8 -0.167557
11.8 5 -0.111092
11.8 5.2 -0.0104287
11.8 5.4 0.081511
11.8 5.6 0.128884
11.8 5.8 0.129585
11.8 6 0.107713
11.8 6.2 0.097737
11.8 6.4 0.116369
11.8 6.6 0.155103
11.8 6.8 0.188207
11.8 7 0.186727
11.8 7.2 0.140791
11.8 7.4 0.0563806
11.8 7.6 -0.0432403
11.8 7.8 -0.132355
11.8 8 -0.194984
11.8 8.2 -0.0270078
11.8 8.4 0

12 0 0
12 0.2 0.00125189
12 0.4 0.00781286
12 0.6 0.0334599
12 0.8 0.0625172
12 1 0.0695713
12 1.2 0.0447365
12 1.4 -0.000761121
12 1.6 -0.0384115
12 1.8 -0.045621
12 2 -0.022774
12 2.2 0.00691109
12 2.4 0.0153082
12 2.6 -0.0098778
12 2.8 -0.0495752
12 3 -0.0699206
12 3.2 -0.0399034
12 3.4 0.0398417
12 3.6 0.136669
12 3.8 0.197602
12 4 0.183251
12 4.2 0.0920493
12 4.4 -0.0343956
12 4.6 -0.134879
12 4.8 -0.16051
12 5 -0.103428
12 5.2 0.00489312
12 5.4 0.10832
12 5.6 0.16334
12 5.8 0.157523
12 6 0.112354
12 6.2 0.0636427
12 6.4 0.0442743
12 6.6 0.062642
12 6.8 0.100219
12 7 0.124977
12 7.2 0.113475
12 7.4 0.055941
12 7.6 -0.0322946
12 7.8 -0.124405
12 8 -0.1918
12 8.2 -0.0264825
12 8.4 0

12.2 0 0
12.2 0.2 -8.37021e-05
12.2 0.4 -0.00160348
12.2 0.6 0.0287377
12.2 0.8 0.0686516
12.2 1 0.0926102
12.2 1.2 0.0888298
12.2 1.4 0.0612103
12.2 1.6 0.0318169
12.2 1.8 0.0200238
12.2 2 0.0298692
12.2 2.2 0.0455014
12.2 2.4 0.0464136
12.2 2.6 0.023567
12.2 2.8 -0.0149595
12.2 3 -0.0414517
12.2 3.2 -0.0314855
12.2 3.4 0.0200453
12.2 3.6 0.0915171
12.2 3.8 0.141783
12.2 4 0.139198
12.2 4.2 0.075676
12.2 4.4 -0.019671
12.2 4.6 -0.0970977
12.2 4.8 -0.113587
12.2 5 -0.0603857
12.2 5.2 0.0376802
12.2 5.4 0.131428
12.2 5.6 0.172891
12.2 5.8 0.14367
12.2 6 0.0602097
12.2 6.2 -0.0329278
12.2 6.4 -0.0953622
12.2 6.6 -0.100254
12.2 6.8 -0.0551274
12.2 7 0.00508328
12.2 7.2 0.0450134
12.2 7.4 0.0382246
12.2 7.6 -0.0124349
12.2 7.8 -0.081663
12.2 8 -0.136928
12.2 8.2 -0.0188329
12.2 8.4 0

12.4 0 0
12.4 0.2 -0.000910818
12.4 0.4 -0.0064342
12.4 0.6 0.0309845
12.4 0.8 0.0833345
12.4 1 0.123798
12.4 1.2 0.134458
12.4 1.4 0.117145
12.4 1.6 0.0852667
12.4 1.8 0.0607678
12.4 2 0.0555226
12.4 2.2 0.0593954
12.4 2.4 0.0619086
12.4 2.6 0.0433301
12.4 2.8 0.00725794
12.4 3 -0.0325354
12.4 3.2 -0.0554332
12.4 3.4 -0.0456628
12.4 3.6 -0.00683553
12.4 3.8 0.0362235
12.4 4 0.0582487
12.4 4.2 0.0446192
12.4 4.4 0.00134448
12.4 4.6 -0.0383095
12.4 4.8 -0.0445804
12.4 5 -0.00345943
12.4 5.2 0.071749
12.4 5.4 0.140282
12.4 5.6 0.161499
12.4 5.8 0.110557
12.4 6 -0.000137638
12.4 6.2 -0.128489
12.4 6.4 -0.224076
12.4 6.6 -0.248481
12.4 6.8 -0.199171
12.4 7 -0.106437
12.4 7.2 -0.0182417
12.4 7.4 0.0285585
12.4 7.6 0.02373
12.4 7.8 -0.0127457
12.4 8 -0.0479544
12.4 8.2 -0.00653302
12.4 8.4 0

12.6 0 0
12.6 0.2 0.00293448
12.6 0.4 0.022043
12.6 0.6 0.0596657
12.6 0.8 0.116405
12.6 1 0.162206
12.6 1.2 0.175363
12.6 1.4 0.15376
12.6 1.6 0.108399
12.6 1.8 0.0644763
12.6 2 0.0400692
12.6 2.2 0.0385043
12.6 2.4 0.0481119
12.6 2.6 0.04674
12.6 2.8 0.0213509
12.6 3 -0.0261469
12.6 3.2 -0.0788446
12.6 3.4 -0.110648
12.6 3.6 -0.106113
12.6 3.8 -0.0682969
12.6 4 -0.017839
12.6 4.2 0.0209049
12.6 4.4 0.0330915
12.6 4.6 0.0262937
12.6 4.8 0.0225851
12.6 5 0.0413165
12.6 5.2 0.083595
12.6 5.4 0.12768
12.6 5.6 0.138465
12.6 5.8 0.0896425
12.6 6 -0.0188113
12.6 6.2 -0.153
12.6 6.4 -0.262586
12.6 6.6 -0.301302
12.6 6.8 -0.255591
12.6 7 -0.151705
12.6 7.2 -0.036875
12.6 7.4 0.0414777
12.6 7.6 0.0668273
12.6 7.8 0.0535742
12.6 8 0.0348606
12.6 8.2 0.00493866
12.6 8.4 0

12.8 0 0
12.8 0.2 0.00962424
12.8 0.4 0.0704286
12.8 0.6 0.10056
12.8 0.8 0.150501
12.8 1 0.189646
12.8 1.2 0.194937
12.8 1.4 0.160345
12.8 1.6 0.0959104
12.8 1.8 0.0298576
12.8 2 -0.0104658
12.8 2.2 -0.0152397
12.8 2.4 0.011961
12.8 2.6 0.0379782
12.8 2.8 0.0380834
12.8 3 -0.00339266
12.8 3.2 -0.0714089
12.8 3.4 -0.135403
12.8 3.6 -0.159375
12.8 3.8 -0.128667
12.8 4 -0.0567974
12.8 4.2 0.0213978
12.8 4.4 0.0718013
12.8 4.6 0.083059
12.8 4.8 0.0672169
12.8 5 0.0529684
12.8 5.2 0.0613845
12.8 5.4 0.0900108
12.8 5.6 0.112752
12.8 5.8 0.0973595
12.8 6 0.026948
12.8 6.2 -0.0809795
12.8 6.4 -0.184265
12.8 6.6 -0.23244
12.8 6.8 -0.204675
12.8 7 -0.116181
12.8 7.2 -0.00942574
12.8 7.4 0.0676152
12.8 7.6 0.0944428
12.8 7.8 0.0833858
12.8 8 0.0674058
12.8 8.2 0.00939847
12.8 8.4 0

13 0 0
13 0.2 0.0124818
13 0.4 0.0914424
13 0.6 0.113614
13 0.8 0.150488
13 1 0.178821
13 1.2 0.175927
13 1.4 0.131564
13 1.6 0.0556262
13 1.8 -0.0240053
13 2 -0.0756729
13 2.2 -0.0773421
13 2.4 -0.0329326
13 2.6 0.0263657
13 2.8 0.0592623
13 3 0.0398629
13 3.2 -0.0277027
13 3.4 -0.108383
13 3.6 -0.152249
13 3.8 -0.131656
13 4 -0.0516873
13 4.2 0.044078
13 4.4 0.109792
13 4.6 0.117226
13 4.8 0.0756599
13 5 0.0244822
13 5.2 0.00491756
13 5.4 0.0316302
13 5.6 0.0855212
13 5.8 0.124148
13 6 0.114071
13 6.2 0.0521502
13 6.4 -0.0315962
13 6.6 -0.0884015
13 6.8 -0.0881255
13 7 -0.0360512
13 7.2 0.0351641
13 7.4 0.0818726
13 7.6 0.0860048
13 7.8 0.0574149
13 8 0.0308541
13 8.2 0.00433095
13 8.4 0

13.2 0 0
13.2 0.2 0.00566195
13.2 0.4 0.0419028
13.2 0.6 0.0604256
13.2 0.8 0.0888009
13.2 1 0.113795
13.2 1.2 0.115077
13.2 1.4 0.0793021
13.2 1.6 0.00867901
13.2 1.8 -0.0713657
13.2 2 -0.125852
13.2 2.2 -0.126053
13.2 2.4 -0.070253
13.2 2.6 0.0132674
13.2 2.8 0.0788187
13.2 3 0.0859106
13.2 3.2 0.0315097
13.2 3.4 -0.050197
13.2 3.6 -0.106235
13.2 3.8 -0.0957527
13.2 4 -0.0233313
13.2 4.2 0.0717713
13.2 4.4 0.132255
13.2 4.6 0.124476
13.2 4.8 0.0549102
13.2 5 -0.0277614
13.2 5.2 -0.0684709
13.2 5.4 -0.0364765
13.2 5.6 0.0517271
13.2 5.8 0.14451
13.2 6 0.193399
13.2 6.2 0.175285
13.2 6.4 0.11095
13.2 6.6 0.0451471
13.2 6.8 0.0158796
13.2 7 0.0293365
13.2 7.2 0.0597796
13.2 7.4 0.0703999
13.2 7.6 0.0435881
13.2 7.8 -0.0075715
13.2 8 -0.0508523
13.2 8.2 -0.00699106
13.2 8.4 0

13.4 0 0
13.4 0.2 -0.0107752
13.4 0.4 -0.0782172
13.4 0.6 -0.0578274
13.4 0.8 -0.0270005
13.4 1 0.00622698
13.4 1.2 0.0271829
13.4 1.4 0.018974
13.4 1.6 -0.0247822
13.4 1.8 -0.0891661
13.4 2 -0.141265
13.4 2.2 -0.146834
13.4 2.4 -0.0953667
13.4 2.6 -0.00407485
13.4 2.8 0.0765383
13.4 3 0.106639
13.4 3.2 0.0703431
13.4 3.4 -0.00371953
13.4 3.6 -0.0624814
13.4 3.8 -0.0635461
13.4 4 -0.00146995
13.4 4.2 0.0825857
13.4 4.4 0.133617
13.4 4.6 0.109819
13.4 4.8 0.0222691
13.4 5 -0.077743
13.4 5.2 -0.128389
13.4 5.4 -0.0922525
13.4 5.6 0.0137888
13.4 5.8 0.138405
13.4 6 0.217899
13.4 6.2 0.222861
13.4 6.4 0.166506
13.4 6.6 0.0943017
13.4 6.8 0.0480973
13.4 7 0.0397552
13.4 7.2 0.0486926
13.4 7.4 0.0393421
13.4 7.6 -0.00209017
13.4 7.8 -0.0668587
13.4 8 -0.120107
13.4 8.2 -0.0165121
13.4 8.4 0

13.6 0 0
13.6 0.2 -0.0298826
13.6 0.4 -0.216893
13.6 0.6 -0.191314
13.6 0.8 -0.15606
13.6 1 -0.108337
13.6 1.2 -0.058
13.6 1.4 -0.0249447
13.6 1.6 -0.0286966
13.6 1.8 -0.0675573
13.6 2 -0.115849
13.6 2.2 -0.136786
13.6 2.4 -0.105783
13.6 2.6 -0.0325855
13.6 2.8 0.0464154
13.6 3 0.0852897
13.6 3.2 0.0649912
13.6 3.4 0.00407117
13.6 3.6 -0.0520336
13.6 3.8 -0.0580444
13.6 4 -0.00743192
13.6 4.2 0.0672203
13.6 4.4 0.112814
13.6 4.6 0.0883098
13.6 4.8 0.00257612
13.6 5 -0.0968502
13.6 5.2 -0.147505
13.6 5.4 -0.114138
13.6 5.6 -0.0115978
13.6 5.8 0.105711
13.6 6 0.17794
13.6 6.2 0.175136
13.6 6.4 0.113905
13.6 6.6 0.0409948
13.6 6.8 -0.00121133
13.6 7 -0.0022861
13.6 7.2 0.0170024
13.6 7.4 0.0182295
13.6 7.6 -0.0152422
13.6 7.8 -0.0737399
13.6 8 -0.123906
13.6 8.2 -0.0170081
13.6 8.4 0

13.8 0 0
13.8 0.2 -0.0412178
13.8 0.4 -0.299016
13.8 0.6 -0.274734
13.8 0.8 -0.241329
13.8 1 -0.187199
13.8 1.2 -0.111016
13.8 1.4 -0.0399248
13.8 1.6 -0.00479854
13.8 1.8 -0.0182115
13.8 2 -0.0652343
13.8 2.2 -0.107079
13.8 2.4 -0.11121
13.8 2.6 -0.0687603
13.8 2.8 -0.00882397
13.8 3 0.0302312
13.8 3.2 0.020399
13.8 3.4 -0.0279029
13.8 3.6 -0.0749148
13.8 3.8 -0.0821077
13.8 4 -0.0358641
13.8 4.2 0.034602
13.8 4.4 0.084209
13.8 4.6 0.0751466
13.8 4.8 0.010958
13.8 5 -0.0700276
13.8 5.2 -0.112912
13.8 5.4 -0.0885937
13.8 5.6 -0.0138049
13.8 5.8 0.0657114
13.8 6 0.09696
13.8 6.2 0.0653088
13.8 6.4 -0.00668945
13.8 6.6 -0.0716287
13.8 6.8 -0.088596
13.8 7 -0.0554762
13.8 7.2 -0.000488275
13.8 7.4 0.0331696
13.8 7.6 0.0252034
13.8 7.8 -0.0156409
13.8 8 -0.0536886
13.8 8.2 -0.0073092
13.8 8.4 0

14 0 0
14 0.2 -0.038042
14 0.4 -0.276016
14 0.6 -0.266339
14 0.8 -0.25151
14 1 -0.204559
14 1.2 -0.122346
14 1.4 -0.0308501
14 1.6 0.0308056
14 1.8 0.0340302
14 2 -0.0136289
14 2.2 -0.0761248
14 2.4 -0.112344
14 2.6 -0.104297
14 2.8 -0.0663853
14 3 -0.0329804
14 3.2 -0.0336322
14 3.4 -0.0670875
14 3.6 -0.105088
14 3.8 -0.109915
14 4 -0.067897
14 4.2 0.00189442
14 4.4 0.0614766
14 4.6 0.0754152
14 4.8 0.0429903
14 5 -0.00871495
14 5.2 -0.0370755
14 5.4 -0.0256368
14 5.6 0.0137562
14 5.8 0.0398075
14 6 0.0203671
14 6.2 -0.046155
14 6.4 -0.126838
14 6.6 -0.172552
14 6.8 -0.153098
14 7 -0.0750816
14 7.2 0.0200197
14 7.4 0.0850591
14 7.6 0.0970463
14 7.8 0.0703151
14 8 0.0432835
14 8.2 0.00606323
14 8.4 0

14.2 0 0
14.2 0.2 -0.0218874
14.2 0.4 -0.158869
14.2 0.6 -0.174112
14.2 0.8 -0.190734
14.2 1 -0.17208
14.2 1.2 -0.105195
14.2 1.4 -0.01629
14.2 1.6 0.0521073
14.2 1.8 0.0633625
14.2 2 0.0160165
14.2 2.2 -0.0574714
14.2 2.4 -0.113183
14.2 2.6 -0.124962
14.2 2.8 -0.0996114
14.2 3 -0.0678774
14.2 3.2 -0.0599678
14.2 3.4 -0.0815877
14.2 3.6 -0.109721
14.2 3.8 -0.115192
14.2 4 -0.0779373
14.2 4.2 -0.0121072
14.2 4.4 0.0512565
14.2 4.6 0.0842458
14.2 4.8 0.0791584
14.2 5 0.0564672
14.2 5.2 0.0412869
14.2 5.4 0.0458366
14.2 5.6 0.0545483
14.2 5.8 0.0381457
14.2 6 -0.0213915
14.2 6.2 -0.109715
14.2 6.4 -0.187504
14.2 6.6 -0.208528
14.2 6.8 -0.152458
14.2 7 -0.0413937
14.2 7.2 0.0750365
14.2 7.4 0.146106
14.2 7.6 0.154252
14.2 7.8 0.120118
14.2 8 0.0904845
14.2 8.2 0.01257
14.2 8.4 0

14.4 0 0
14.4 0.2 -0.00109777
14.4 0.4 -0.00795705
14.4 0.6 -0.0503693
14.4 0.8 -0.102378
14.4 1 -0.118638
14.4 1.2 -0.08276
14.4 1.4 -0.0152368
14.4 1.6 0.0443705
14.4 1.8 0.0553351
14.4 2 0.0142416
14.4 2.2 -0.0538849
14.4 2.4 -0.107835
14.4 2.6 -0.119218
14.4 2.8 -0.0936721
14.4 3 -0.0574591
14.4 3.2 -0.0417898
14.4 3.4 -0.0535957
14.4 3.6 -0.0774409
14.4 3.8 -0.0846263
14.4 4 -0.0589754
14.4 4.2 -0.00590212
14.4 4.4 0.0499887
14.4 4.6 0.0853965
14.4 4.8 0.0939902
14.4 5 0.087743
14.4 5.2 0.0845517
14.4 5.4 0.0875581
14.4 5.6 0.0823828
14.4 5.8 0.0458859
14.4 6 -0.0265587
14.4 6.2 -0.113815
14.4 6.4 -0.175275
14.4 6.6 -0.171389
14.4 6.8 -0.0932207
14.4 7 0.0255555
14.4 7.2 0.129991
14.4 7.4 0.174793
14.4 7.6 0.150431
14.4 7.8 0.0876011
14.4 8 0.0387876
14.4 8.2 0.00538093
14.4 8.4 0

14.6 0 0
14.6 0.2 0.0147595
14.6 0.4 0.107141
14.6 0.6 0.0472299
14.6 0.8 -0.0264838
14.6 1 -0.0720205
14.6 1.2 -0.0678052
14.6 1.4 -0.0274217
14.6 1.6 0.0127164
14.6 1.8 0.0209073
14.6 2 -0.00947299
14.6 2.2 -0.057905
14.6 2.4 -0.0891955
14.6 2.6 -0.0847403
14.6 2.8 -0.0488639
14.6 3 -0.00857586
14.6 3.2 0.0104877
14.6 3.4 0.000398858
14.6 3.6 -0.0229957
14.6 3.8 -0.0358745
14.6 4 -0.0212754
14.6 4.2 0.0133465
14.6 4.4 0.050491
14.6 4.6 0.0722257
14.6 4.8 0.0751302
14.6 5 0.0701107
14.6 5.2 0.0708625
14.6 5.4 0.0769454
14.6 5.6 0.0745745
14.6 5.8 0.0447141
14.6 6 -0.0151027
14.6 6.2 -0.0817622
14.6 6.4 -0.118981
14.6 6.6 -0.0964023
14.6 6.8 -0.0162072
14.6 7 0.0840362
14.6 7.2 0.151109
14.6 7.4 0.147864
14.6 7.6 0.0761594
14.6 7.8 -0.0221015
14.6 8 -0.0930634
14.6 8.2 -0.0127338
14.6 8.4 0

14.8 0 0
14.8 0.2 0.0213855
14.8 0.4 0.155735
14.8 0.6 0.0954972
14.8 0.8 0.0200434
14.8 1 -0.0341764
14.8 1.2 -0.050888
14.8 1.4 -0.0345953
14.8 1.6 -0.0145084
14.8 1.8 -0.0101691
14.8 2 -0.0270828
14.8 2.2 -0.0485101
14.8 2.4 -0.0514826
14.8 2.6 -0.0272572
14.8 2.8 0.015535
14.8 3 0.0526089
14.8 3.2 0.0633616
14.8 3.4 0.0468605
14.8 3.6 0.0201939
14.8 3.8 0.00442117
14.8 4 0.010355
14.8 4.2 0.0307911
14.8 4.4 0.0472458
14.8 4.6 0.0473062
14.8 4.8 0.0319221
14.8 5 0.0146564
14.8 5.2 0.0122402
14.8 5.4 0.0229947
14.8 5.6 0.0332957
14.8 5.8 0.0229523
14.8 6 -0.00910778
14.8 6.2 -0.0473591
14.8 6.4 -0.0614035
14.8 6.6 -0.0315617
14.8 6.8 0.0349017
14.8 7 0.102348
14.8 7.2 0.123401
14.8 7.4 0.0751889
14.8 7.6 -0.0318101
14.8 7.8 -0.146622
14.8 8 -0.221622
14.8 8.2 -0.0304678
14.8 8.4 0

15 0 0
15 0.2 0.0219676
15 0.4 0.160208
15 0.6 0.114003
15 0.8 0.0587614
15 1 0.0137703
15 1.2 -0.00725883
15 1.4 -0.00963064
15 1.6 -0.0066439
15 1.8 -0.00920306
15 2 -0.0149453
15 2.2 -0.0135543
15 2.4 0.00746135
15 2.6 0.0438207
15 2.8 0.0809191
15 3 0.0991465
15 3.2 0.0875561
15 3.4 0.0557792
15 3.6 0.0240282
15 3.8 0.0111126
15 4 0.021545
15 4.2 0.0397389
15 4.4 0.0462833
15 4.6 0.0277504
15 4.8 -0.00719181
15 5 -0.0393727
15 5.2 -0.0514929
15 5.4 -0.0396152
15 5.6 -0.0191654
15 5.8 -0.00876526
15 6 -0.0160871
15 6.2 -0.0316562
15 6.4 -0.0336314
15 6.6 -0.00662581
15 6.8 0.0399535
15 7 0.0744659
15 7.2 0.0638431
15 7.4 -0.00660674
15 7.6 -0.116778
15 7.8 -0.213918
15 8 -0.0599062
15 8.2 0
15 8.4 0

15.2 0 0
15.2 0.2 0.023258
15.2 0.4 0.169539
15.2 0.6 0.142999
15.2 0.8 0.116311
15.2 1 0.0907608
15.2 1.2 0.0736668
15.2 1.4 0.0594151
15.2 1.6 0.04567
15.2 1.8 0.0341838
15.2 2 0.0317767
15.2 2.2 0.0474261
15.2 2.4 0.0785637
15.2 2.6 0.111763
15.2 2.8 0.129704
15.2 3 0.116196
15.2 3.2 0.0718992
15.2 3.4 0.0188467
15.2 3.6 -0.0161318
15.2 3.8 -0.0179105
15.2 4 0.0094114
15.2 4.2 0.0411013
15.2 4.4 0.0522082
15.2 4.6 0.0299597
15.2 4.8 -0.0150018
15.2 5 -0.0598119
15.2 5.2 -0.0817433
15.2 5.4 -0.0733567
15.2 5.6 -0.0494058
15.2 5.8 -0.0296723
15.2 6 -0.0253559
15.2 6.2 -0.0308316
15.2 6.4 -0.0326928
15.2 6.6 -0.0167581
15.2 6.8 0.00938204
15.2 7 0.0247244
15.2 7.2 0.00486227
15.2 7.4 -0.0571965
15.2 7.6 -0.143013
15.2 7.8 -0.215384
15.2 8 -0.0296425
15.2 8.2 0
15.2 8.4 0

15.4 0 0
15.4 0.2 0.0289608
15.4 0.4 0.210615
15.4 0.6 0.200057
15.4 0.8 0.196562
15.4 1 0.190145
15.4 1.2 0.176142
15.4 1.4 0.149404
15.4 1.6 0.118618
15.4 1.8 0.0957245
15.4 2 0.0918252
15.4 2.2 0.112046
15.4 2.4 0.143361
15.4 2.6 0.166117
15.4 2.8 0.156394
15.4 3 0.106438
15.4 3.2 0.0297876
15.4 3.4 -0.0399631
15.4 3.6 -0.0752949
15.4 3.8 -0.0616669
15.4 4 -0.012131
15.4 4.2 0.0413229
15.4 4.4 0.0691089
15.4 4.6 0.0558157
15.4 4.8 0.0124983
15.4 5 -0.0341027
15.4 5.2 -0.0603772
15.4 5.4 -0.0576447
15.4 5.6 -0.0379128
15.4 5.8 -0.0213856
15.4 6 -0.018216
15.4 6.2 -0.0286865
15.4 6.4 -0.037183
15.4 6.6 -0.0357574
15.4 6.8 -0.0217011
15.4 7 -0.0121466
15.4 7.2 -0.0213573
15.4 7.4 -0.0540666
15.4 7.6 -0.0979341
15.4 7.8 -0.134261
15.4 8 -0.0185365
15.4 8.2 0
15.4 8.4 0

15.6 0 0
15.6 0.2 0.0359529
15.6 0.4 0.260316
15.6 0.6 0.25719
15.6 0.8 0.265829
15.6 1 0.267163
15.6 1.2 0.248942
15.6 1.4 0.209237
15.6 1.6 0.16325
15.6 1.8 0.130485
15.6 2 0.125992
15.6 2.2 0.148998
15.6 2.4 0.18014
15.6 2.6 0.191984
15.6 2.8 0.161641
15.6 3 0.0877313
15.6 3.2 -0.00834394
15.6 3.4 -0.0867722
15.6 3.6 -0.119725
15.6 3.8 -0.0936064
15.6 4 -0.0277884
15.6 4.2 0.0426508
15.6 4.4 0.0850147
15.6 4.6 0.0848589
15.6 4.8 0.0532411
15.6 5 0.0152526
15.6 5.2 -0.00751613
15.6 5.4 -0.00789992
15.6 5.6 0.00379226
15.6 5.8 0.0119538
15.6 6 0.00600124
15.6 6.2 -0.010125
15.6 6.4 -0.0268599
15.6 6.6 -0.0325178
15.6 6.8 -0.0262517
15.6 7 -0.0158878
15.6 7.2 -0.0105521
15.6 7.4 -0.011849
15.6 7.6 -0.0147056
15.6 7.8 -0.0116831
15.6 8 -0.00164111
15.6 8.2 0
15.6 8.4 0

15.8 0 0
15.8 0.2 0.0359502
15.8 0.4 0.259898
15.8 0.6 0.259166
15.8 0.8 0.268294
15.8 1 0.265923
15.8 1.2 0.237427
15.8 1.4 0.18701
15.8 1.6 0.13305
15.8 1.8 0.100529
15.8 2 0.102265
15.8 2.2 0.134357
15.8 2.4 0.17067
15.8 2.6 0.183178
15.8 2.8 0.147968
15.8 3 0.0709402
15.8 3.2 -0.0235156
15.8 3.4 -0.0982396
15.8 3.6 -0.12385
15.8 3.8 -0.0949995
15.8 4 -0.0308377
15.8 4.2 0.0366038
15.8 4.4 0.079251
15.8 4.6 0.0871654
15.8 4.8 0.0707884
15.8 5 0.0484886
15.8 5.2 0.0362588
15.8 5.4 0.0378922
15.8 5.6 0.0451213
15.8 5.8 0.0453945
15.8 6 0.0367276
15.8 6.2 0.0172334
15.8 6.4 0.00389399
15.8 6.6 7.82817e-05
15.8 6.8 0.00507659
15.8 7 0.0140461
15.8 7.2 0.0217239
15.8 7.4 0.0306904
15.8 7.6 0.0475192
15.8 7.8 0.0796393
15.8 8 0.0108399
15.8 8.2 0
15.8 8.4 0

16 0 0
16 0.2 0.022652
16 0.4 0.163291
16 0.6 0.16484
16 0.8 0.17124
16 1 0.161822
16 1.2 0.125069
16 1.4 0.0715084
16 1.6 0.0221089
16 1.8 4.12635e-05
16 2 0.0184886
16 2.2 0.0652229
16 2.4 0.115499
16 2.6 0.139568
16 2.8 0.118575
16 3 0.0596122
16 3.2 -0.0135963
16 3.4 -0.0704433
16 3.6 -0.0893028
16 3.8 -0.0704202
16 4 -0.0291259
16 4.2 0.0113267
16 4.4 0.0365004
16 4.6 0.0412099
16 4.8 0.0367626
16 5 0.0330113
16 5.2 0.0381701
16 5.4 0.0475983
16 5.6 0.0534392
16 5.8 0.052111
16 6 0.0461274
16 6.2 0.0392804
16 6.4 0.0406005
16 6.6 0.0489654
16 6.8 0.058
16 7 0.0582309
16 7.2 0.0502555
16 7.4 0.0386534
16 7.6 0.0340409
16 7.8 0.0154442
16 8 0
16 8.2 0
16 8.4 0

16.2 0 0
16.2 0.2 -0.00210824
16.2 0.4 -0.0162269
16.2 0.6 -0.00863978
16.2 0.8 -0.00354093
16.2 1 -0.0173697
16.2 1.2 -0.0531955
16.2 1.4 -0.0977004
16.2 1.6 -0.129761
16.2 1.8 -0.129421
16.2 2 -0.090091
16.2 2.2 -0.0266763
16.2 2.4 0.0359067
16.2 2.6 0.0738316
16.2 2.8 0.07335
16.2 3 0.0443962
16.2 3.2 0.00447165
16.2 3.4 -0.0267532
16.2 3.6 -0.0382079
16.2 3.8 -0.0375608
16.2 4 -0.0319959
16.2 4.2 -0.0340344
16.2 4.4 -0.0425497
16.2 4.6 -0.0484993
16.2 4.8 -0.0447588
16.2 5 -0.0272951
16.2 5.2 -0.00383321
16.2 5.4 0.0151864
16.2 5.6 0.0231182
16.2 5.8 0.0224372
16.2 6 0.0234767
16.2 6.2 0.0365258
16.2 6.4 0.0632336
16.2 6.6 0.0931299
16.2 6.8 0.10757
16.2 7 0.0975709
16.2 7.2 0.0618983
16.2 7.4 0.0174548
16.2 7.6 -0.0154709
16.2 7.8 -0.00216697
16.2 8 0
16.2 8.2 0
16.2 8.4 0

16.4 0 0
16.4 0.2 -0.027946
16.4 0.4 -0.20187
16.4 0.6 -0.18403
16.4 0.8 -0.17808
16.4 1 -0.188527
16.4 1.2 -0.2154
16.4 1.4 -0.24155
16.4 1.6 -0.249071
16.4 1.8 -0.223377
16.4 2 -0.166661
16.4 2.2 -0.0958342
16.4 2.4 -0.032895
16.4 2.6 0.00694633
16.4 2.8 0.0200501
16.4 3 0.0169888
16.4 3.2 0.0106931
16.4 3.4 0.0083974
16.4 3.6 0.00412611
16.4 3.8 -0.0116153
16.4 4 -0.0448772
16.4 4.2 -0.0900631
16.4 4.4 -0.129964
16.4 4.6 -0.146012
16.4 4.8 -0.132281
16.4 5 -0.094229
16.4 5.2 -0.0546364
16.4 5.4 -0.0288922
16.4 5.6 -0.0234799
16.4 5.8 -0.0270408
16.4 6 -0.0199741
16.4 6.2 0.0109487
16.4 6.4 0.0611516
16.4 6.6 0.11088
16.4 6.8 0.135056
16.4 7 0.115977
16.4 7.2 0.0578261
16.4 7.4 -0.0166447
16.4 7.6 -0.0765834
16.4 7.8 -0.0104955
16.4 8 0
16.4 8.2 0
16.4 8.4 0

16.6 0 0
16.6 0.2 -0.040703
16.6 0.4 -0.294134
16.6 0.6 -0.272431
16.6 0.8 -0.264578
16.6 1 -0.271421
16.6 1.2 -0.284935
16.6 1.4 -0.291059
16.6 1.6 -0.274579
16.6 1.8 -0.231182
16.6 2 -0.168889
16.6 2.2 -0.106518
16.6 2.4 -0.062211
16.6 2.6 -0.0393469
16.6 2.8 -0.0322789
16.6 3 -0.023063
16.6 3.2 -0.00581868
16.6 3.4 0.0160618
16.6 3.6 0.0223415
16.6 3.8 -0.00194698
16.6 4 -0.059091
16.6 4.2 -0.132849
16.6 4.4 -0.191201
16.6 4.6 -0.208252
16.6 4.8 -0.178709
16.6 5 -0.122115
16.6 5.2 -0.0685709
16.6 5.4 -0.0442557
16.6 5.6 -0.0481087
16.6 5.8 -0.0639203
16.6 6 -0.0623581
16.6 6.2 -0.0253291
16.6 6.4 0.0389184
16.6 6.6 0.102682
16.6 6.8 0.131302
16.6 7 0.110271
16.6 7.2 0.0435786
16.6 7.4 -0.0399959
16.6 7.6 -0.120785
16.6 7.8 -0.0165376
16.6 8 0
16.6 8.2 0
16.6 8.4 0

16.8 0 0
16.8 0.2 -0.0333786
16.8 0.4 -0.241248
16.8 0.6 -0.225464
16.8 0.8 -0.221952
16.8 1 -0.227625
16.8 1.2 -0.233944
16.8 1.4 -0.228033
16.8 1.6 -0.197799
16.8 1.8 -0.149175
16.8 2 -0.0946561
16.8 2.2 -0.0545315
16.8 2.4 -0.0424365
16.8 2.6 -0.053188
16.8 2.8 -0.0677569
16.8 3 -0.0645533
16.8 3.2 -0.037497
16.8 3.4 0.00189851
16.8 3.6 0.022741
16.8 3.8 0.00300735
16.8 4 -0.0601476
16.8 4.2 -0.140199
16.8 4.4 -0.197915
16.8 4.6 -0.204769
16.8 4.8 -0.157268
16.8 5 -0.0842207
16.8 5.2 -0.0244547
16.8 5.4 -0.00690884
16.8 5.6 -0.0294956
16.8 5.8 -0.0650126
16.8 6 -0.0785437
16.8 6.2 -0.0491564
16.8 6.4 0.0131389
16.8 6.6 0.0759085
16.8 6.8 0.102668
16.8 7 0.0803399
16.8 7.2 0.0230167
16.8 7.4 -0.0320994
16.8 7.6 -0.020945
16.8 7.8 0
16.8 8 0
16.8 8.2 0
16.8 8.4 0

17 0 0
17 0.2 -0.0106117
17 0.4 -0.0769949
17 0.6 -0.075635
17 0.8 -0.0818846
17 1 -0.0939228
17 1.2 -0.103208
17 1.4 -0.098287
17 1.6 -0.0701128
17 1.8 -0.0271943
17 2 0.0139045
17 2.2 0.0291122
17 2.4 0.0078555
17 2.6 -0.0384309
17 2.8 -0.0816835
17 3 -0.0934534
17 3.2 -0.0672166
17 3.4 -0.0170271
17 3.6 0.019815
17 3.8 0.0140122
17 4 -0.0371007
17 4.2 -0.105999
17 4.4 -0.151163
17 4.6 -0.143185
17 4.8 -0.0818915
17 5 -0.000683793
17 5.2 0.0584358
17 5.4 0.0649287
17 5.6 0.0235797
17 5.8 -0.0311924
17 6 -0.0614906
17 6.2 -0.046952
17 6.4 -8.07309e-05
17 6.6 0.0475525
17 6.8 0.0607148
17 7 0.0313413
17 7.2 -0.0214369
17 7.4 -0.0627048
17 7.6 -0.00860875
17 7.8 0
17 8 0
17 8.2 0
17 8.4 0

17.2 0 0
17.2 0.2 0.0134147
17.2 0.4 0.095995
17.2 0.6 0.082701
17.2 0.8 0.0649709
17.2 1 0.0428185
17.2 1.2 0.020983
17.2 1.4 0.0128232
17.2 1.6 0.0285061
17.2 1.8 0.0608993
17.2 2 0.0915441
17.2 2.2 0.0942404
17.2 2.4 0.0558515
17.2 2.6 -0.0112912
17.2 2.8 -0.0749019
17.2 3 -0.10244
17.2 3.2 -0.0799852
17.2 3.4 -0.023368
17.2 3.6 0.0285022
17.2 3.8 0.0415564
17.2 4 0.00855743
17.2 4.2 -0.0446542
17.2 4.4 -0.0781741
17.2 4.6 -0.062692
17.2 4.8 0.00158018
17.2 5 0.0784132
17.2 5.2 0.129104
17.2 5.4 0.124856
17.2 5.6 0.0749836
17.2 5.8 0.0106852
17.2 6 -0.0276175
17.2 6.2 -0.0247322
17.2 6.4 0.00541793
17.2 6.6 0.031767
17.2 6.8 0.0245022
17.2 7 -0.0205509
17.2 7.2 -0.0745828
17.2 7.4 -0.103035
17.2 7.6 -0.0141241
17.2 7.8 0
17.2 8 0
17.2 8.2 0
17.2 8.4 0

17.4 0 0
17.4 0.2 0.023735
17.4 0.4 0.171022
17.4 0.6 0.155115
17.4 0.8 0.134777
17.4 1 0.10361
17.4 1.2 0.0670123
17.4 1.4 0.0403213
17.4 1.6 0.0392482
17.4 1.8 0.0646029
17.4 2 0.09658
17.4 2.2 0.106798
17.4 2.4 0.0759835
17.4 2.6 0.0107831
17.4 2.8 -0.0574911
17.4 3 -0.0905931
17.4 3.2 -0.0716576
17.4 3.4 -0.012538
17.4 3.6 0.0498921
17.4 3.8 0.0780726
17.4 4 0.0613029
17.4 4.2 0.0164641
17.4 4.4 -0.0152355
17.4 4.6 -0.00710752
17.4 4.8 0.041507
17.4 5 0.102451
17.4 5.2 0.139082
17.4 5.4 0.129338
17.4 5.6 0.0823436
17.4 5.8 0.0282965
17.4 6 -0.00198354
17.4 6.2 0.00430004
17.4 6.4 0.0269711
17.4 6.6 0.0363668
17.4 6.8 0.00981474
17.4 7 -0.0511225
17.4 7.2 -0.114172
17.4 7.4 -0.0298152
17.4 7.6 0
17.4 7.8 0
17.4 8 0
17.4 8.2 0
17.4 8.4 0

17.6 0 0
17.6 0.2 0.015274
17.6 0.4 0.11051
17.6 0.6 0.107253
17.6 0.8 0.0974908
17.6 1 0.0692165
17.6 1.2 0.0231456
17.6 1.4 -0.0208801
17.6 1.6 -0.0365558
17.6 1.8 -0.0135135
17.6 2 0.0316697
17.6 2.2 0.0663548
17.6 2.4 0.0631705
17.6 2.6 0.0194923
17.6 2.8 -0.0397946
17.6 3 -0.0720456
17.6 3.2 -0.0545465
17.6 3.4 0.00529456
17.6 3.6 0.0727448
17.6 3.8 0.110402
17.6 4 0.0997096
17.6 4.2 0.0553407
17.6 4.4 0.0121022
17.6 4.6 -0.00156275
17.6 4.8 0.0189373
17.6 5 0.0543877
17.6 5.2 0.076267
17.6 5.4 0.0664274
17.6 5.6 0.0370217
17.6 5.8 0.00788004
17.6 6 0.00171163
17.6 6.2 0.0214346
17.6 6.4 0.0481489
17.6 6.6 0.0532574
17.6 6.8 0.0222511
17.6 7 -0.0474987
17.6 7.2 -0.127264
17.6 7.4 -0.017253
17.6 7.6 0
17.6 7.8 0
17.6 8 0
17.6 8.2 0
17.6 8.4 0

17.8 0 0
17.8 0.2 -0.00473232
17.8 0.4 -0.0330559
17.8 0.6 -0.0109109
17.8 0.8 0.00443655
17.8 1 -0.00984921
17.8 1.2 -0.0560383
17.8 1.4 -0.111012
17.8 1.6 -0.137588
17.8 1.8 -0.113649
17.8 2 -0.0525073
17.8 2.2 0.0113933
17.8 2.4 0.0394427
17.8 2.6 0.020193
17.8 2.8 -0.0257552
17.8 3 -0.056361
17.8 3.2 -0.0430731
17.8 3.4 0.0148106
17.8 3.6 0.0835188
17.8 3.8 0.123968
17.8 4 0.114398
17.8 4.2 0.0633764
17.8 4.4 0.00408191
17.8 4.6 -0.0351013
17.8 4.8 -0.0425481
17.8 5 -0.0317249
17.8 5.2 -0.0215706
17.8 5.4 -0.0245028
17.8 5.6 -0.0353384
17.8 5.8 -0.0345809
17.8 6 -0.0138677
17.8 6.2 0.0230095
17.8 6.4 0.0557647
17.8 6.6 0.0685298
17.8 6.8 0.0511124
17.8 7 -0.00121626
17.8 7.2 -0.116767
17.8 7.4 -0.0158437
17.8 7.6 0
17.8 7.8 0
17.8 8 0
17.8 8.2 0
17.8 8.4 0

18 0 0
18 0.2 -0.0214391
18 0.4 -0.15332
18 0.6 -0.104131
18 0.8 -0.0579141
18 1 -0.0501937
18 1.2 -0.0886215
18 1.4 -0.147962
18 1.6 -0.182876
18 1.8 -0.162139
18 2 -0.0917463
18 2.2 -0.0096917
18 2.4 0.0360016
18 2.6 0.028226
18 2.8 -0.0158288
18 3 -0.0520735
18 3.2 -0.0466427
18 3.4 0.00581952
18 3.6 0.0733614
18 3.8 0.114831
18 4 0.105785
18 4.2 0.0511558
18 4.4 -0.0188143
18 4.6 -0.07253
18 4.8 -0.0948803
18 5 -0.0957782
18 5.2 -0.0904723
18 5.4 -0.0869923
18 5.6 -0.081034
18 5.8 -0.0610808
18 6 -0.0264807
18 6.2 0.0130959
18 6.4 0.0408107
18 6.6 0.0536446
18 6.8 0.0668968
18 7 0.0982095
18 7.2 -0.0022304
18 7.4 0
18 7.6 0
18 7.8 0
18 8 0
18 8.2 0
18 8.4 0

18.2 0 0
18.2 0.2 -0.0233071
18.2 0.4 -0.167364
18.2 0.6 -0.0998554
18.2 0.8 -0.0266816
18.2 1 0.00361586
18.2 1.2 -0.0252162
18.2 1.4 -0.087043
18.2 1.6 -0.132633
18.2 1.8 -0.120476
18.2 2 -0.054343
18.2 2.2 0.0251609
18.2 2.4 0.0684783
18.2 2.6 0.0510399
18.2 2.8 -0.00623672
18.2 3 -0.0577614
18.2 3.2 -0.0646967
18.2 3.4 -0.0187951
18.2 3.6 0.0484752
18.2 3.8 0.0913978
18.2 4 0.0842081
18.2 4.2 0.0330082
18.2 4.4 -0.0317299
18.2 4.6 -0.0796407
18.2 4.8 -0.0957537
18.2 5 -0.091987
18.2 5.2 -0.0813244
18.2 5.4 -0.0736775
18.2 5.6 -0.063791
18.2 5.8 -0.0415938
18.2 6 -0.0116915
18.2 6.2 0.00986626
18.2 6.4 0.00668704
18.2 6.6 -0.0115597
18.2 6.8 0.00107123
18.2 7 0.123017
18.2 7.2 0.016991
18.2 7.4 0
18.2 7.6 0
18.2 7.8 0
18.2 8 0
18.2 8.2 0
18.2 8.4 0

18.4 0 0
18.4 0.2 -0.0102762
18.4 0.4 -0.0735193
18.4 0.6 0.000863902
18.4 0.8 0.0895016
18.4 1 0.134002
18.4 1.2 0.110049
18.4 1.4 0.0432833
18.4 1.6 -0.0124163
18.4 1.8 -0.0143541
18.4 2 0.036694
18.4 2.2 0.0999824
18.4 2.4 0.123626
18.4 2.6 0.0832409
18.4 2.8 0.00240208
18.4 3 -0.0677209
18.4 3.2 -0.0845277
18.4 3.4 -0.0433073
18.4 3.6 0.0229356
18.4 3.8 0.0669235
18.4 4 0.0630883
18.4 4.2 0.0194397
18.4 4.4 -0.0284032
18.4 4.6 -0.0514253
18.4 4.8 -0.0412512
18.4 5 -0.015409
18.4 5.2 0.00485777
18.4 5.4 0.011241
18.4 5.6 0.012068
18.4 5.8 0.0207219
18.4 6 0.0348315
18.4 6.2 0.0305072
18.4 6.4 -0.0170033
18.4 6.6 -0.106382
18.4 6.8 -0.192206
18.4 7 -0.00952586
18.4 7.2 0
18.4 7.4 0
18.4 7.6 0
18.4 7.8 0
18.4 8 0
18.4 8.2 0
18.4 8.4 0

18.6 0 0
18.6 0.2 0.00689492
18.6 0.4 0.0486882
18.6 0.6 0.119573
18.6 0.8 0.213132
18.6 1 0.261256
18.6 1.2 0.235456
18.6 1.4 0.161387
18.6 1.6 0.0947186
18.6 1.8 0.0817654
18.6 2 0.120107
18.6 2.2 0.16643
18.6 2.4 0.168209
18.6 2.6 0.105221
18.6 2.8 0.00576725
18.6 3 -0.0747976
18.6 3.2 -0.0952274
18.6 3.4 -0.052464
18.6 3.6 0.0140661
18.6 3.8 0.0542663
18.6 4 0.0457897
18.6 4.2 0.00747931
18.6 4.4 -0.0230155
18.6 4.6 -0.0128081
18.6 4.8 0.0344008
18.6 5 0.0894827
18.6 5.2 0.118949
18.6 5.4 0.115787
18.6 5.6 0.0963606
18.6 5.8 0.0854536
18.6 6 0.0895013
18.6 6.2 0.0810831
18.6 6.4 0.0175383
18.6 6.6 -0.125735
18.6 6.8 -0.310201
18.6 7 -0.0427395
18.6 7.2 0
18.6 7.4 0
18.6 7.6 0
18.6 7.8 0
18.6 8 0
18.6 8.2 0
18.6 8.4 0

18.8 0 0
18.8 0.2 0.0135794
18.8 0.4 0.0971311
18.8 0.6 0.165857
18.8 0.8 0.255131
18.8 1 0.297571
18.8 1.2 0.264178
18.8 1.4 0.181634
18.8 1.6 0.109815
18.8 1.8 0.0934172
18.8 2 0.130786
18.8 2.2 0.173893
18.8 2.4 0.169747
18.8 2.6 0.0997355
18.8 2.8 -0.00245938
18.8 3 -0.0783701
18.8 3.2 -0.0868242
18.8 3.4 -0.0347783
18.8 3.6 0.0296849
18.8 3.8 0.0579445
18.8 4 0.0323513
18.8 4.2 -0.0150823
18.8 4.4 -0.0353959
18.8 4.6 0.00244329
18.8 4.8 0.0855805
18.8 5 0.165656
18.8 5.2 0.196646
18.8 5.4 0.17217
18.8 5.6 0.121449
18.8 5.8 0.0913338
18.8 6 0.103248
18.8 6.2 0.133067
18.8 6.4 0.122299
18.8 6.6 -0.00644752
18.8 6.8 -0.043546
18.8 7 0
18.8 7.2 0
18.8 7.4 0
18.8 7.6 0
18.8 7.8 0
18.8 8 0
18.8 8.2 0
18.8 8.4 0

19 0 0
19 0.2 0.00323397
19 0.4 0.0222427
19 0.6 0.0938854
19 0.8 0.180313
19 1 0.213686
19 1.2 0.169021
19 1.4 0.0780029
19 1.6 0.00589131
19 1.8 -0.0017204
19 2 0.0506236
19 2.2 0.109421
19 2.4 0.118547
19 2.6 0.0613998
19 2.8 -0.0241963
19 3 -0.077334
19 3.2 -0.0632262
19 3.4 0.00445499
19 3.6 0.0675094
19 3.8 0.0750505
19 4 0.0188453
19 4.2 -0.0522146
19 4.4 -0.07755
19 4.6 -0.0246419
19 4.8 0.0825108
19 5 0.17746
19 5.2 0.200766
19 5.4 0.14354
19 5.6 0.0529407
19 5.8 -0.00156893
19 6 0.025424
19 6.2 0.124928
19 6.4 0.249144
19 6.6 0.0336633
19 6.8 0
19 7 0
19 7.2 0
19 7.4 0
19 7.6 0
19 7.8 0
19 8 0
19 8.2 0
19 8.4 0

19.2 0 0
19.2 0.2 -0.0186323
19.2 0.4 -0.135125
19.2 0.6 -0.0540277
19.2 0.8 0.0324138
19.2 1 0.0583186
19.2 1.2 0.0021374
19.2 1.4 -0.0974853
19.2 1.6 -0.166081
19.2 1.8 -0.157756
19.2 2 -0.0803978
19.2 2.2 0.00570676
19.2 2.4 0.0408369
19.2 2.6 0.00824375
19.2 2.8 -0.0525092
19.2 3 -0.0780696
19.2 3.2 -0.035528
19.2 3.4 0.0498821
19.2 3.6 0.112698
19.2 3.8 0.0982411
19.2 4 0.00761353
19.2 4.2 -0.0972312
19.2 4.4 -0.13896
19.2 4.6 -0.0810831
19.2 4.8 0.0404878
19.2 5 0.141299
19.2 5.2 0.149296
19.2 5.4 0.0537471
19.2 5.6 -0.0843685
19.2 5.8 -0.175575
19.2 6 -0.15748
19.2 6.2 -0.019923
19.2 6.4 0.262638
19.2 6.6 0.0363794
19.2 6.8 0
19.2 7 0
19.2 7.2 0
19.2 7.4 0
19.2 7.6 0
19.2 7.8 0
19.2 8 0
19.2 8.2 0
19.2 8.4 0

19.4 0 0
19.4 0.2 -0.0379434
19.4 0.4 -0.274283
19.4 0.6 -0.181056
19.4 0.8 -0.0887145
19.4 1 -0.0658074
19.4 1.2 -0.13204
19.4 1.4 -0.240008
19.4 1.6 -0.31026
19.4 1.8 -0.288766
19.4 2 -0.188563
19.4 2.2 -0.0760495
19.4 2.4 -0.0183876
19.4 2.6 -0.0331584
19.4 2.8 -0.0770135
19.4 3 -0.0824846
19.4 3.2 -0.0176779
19.4 3.4 0.0844031
19.4 3.6 0.149641
19.4 3.8 0.118861
19.4 4 -0.000533811
19.4 4.2 -0.134662
19.4 4.4 -0.191835
19.4 4.6 -0.132527
19.4 4.8 -0.00012893
19.4 5 0.106293
19.4 5.2 0.101326
19.4 5.4 -0.0269322
19.4 5.6 -0.207834
19.4 5.8 -0.340646
19.4 6 -0.36921
19.4 6.2 -0.329308
19.4 6.4 -0.00906627
19.4 6.6 0
19.4 6.8 0
19.4 7 0
19.4 7.2 0
19.4 7.4 0
19.4 7.6 0
19.4 7.8 0
19.4 8 0
19.4 8.2 0
19.4 8.4 0

19.6 0 0
19.6 0.2 0
19.6 0.4 -0.0379434
19.6 0.6 -0.0250892
19.6 0.8 -0.0122649
19.6 1 -0.00905035
19.6 1.2 -0.018278
19.6 1.4 -0.0331288
19.6 1.6 -0.0429757
19.6 1.8 -0.0399705
19.6 2 -0.0261464
19.6 2.2 -0.0105818
19.6 2.4 -0.00261411
19.6 2.6 -0.00461818
19.6 2.8 -0.0106978
19.6 3 -0.011431
19.6 3.2 -0.00246386
19.6 3.4 0.0116742
19.6 3.6 0.0206861
19.6 3.8 0.0164349
19.6 4 -1.69063e-05
19.6 4.2 -0.0185704
19.6 4.4 -0.026419
19.6 4.6 -0.0182591
19.6 4.8 -4.81069e-06
19.6 5 0.0147133
19.6 5.2 0.0139818
19.6 5.4 -0.00380528
19.6 5.6 -0.0288154
19.6 5.8 -0.0470971
19.6 6 -0.0510511
19.6 6.2 -0.0454457
19.6 6.4 0
19.6 6.6 0
19.6 6.8 0
19.6 7 0
19.6 7.2 0
19.6 7.4 0
19.6 7.6 0
19.6 7.8 0
19.6 8 0
19.6 8.2 0
19.6 8.4 0

19.8 0 0
19.8 0.2 0
19.8 0.4 0
19.8 0.6 0
19.8 0.8 0
19.8 1 0
19.8 1.2 0
19.8 1.4 0
19.8 1.6 0
19.8 1.8 0
19.8 2 0
19.8 2.2 0
19.8 2.4 0
19.8 2.6 0
19.8 2.8 0
19.8 3 0
19.8 3.2 0
19.8 3.4 0
19.8 3.6 0
19.8 3.8 0
19.8 4 0
19.8 4.2 0
19.8 4.4 0
19.8 4.6 0
19.8 4.8 0
19.8 5 0
19.8 5.2 0
19.8 5.4 0
19.8 5.6 0
19.8 5.8 0
19.8 6 0
19.8 6.2 0
19.8 6.4 0
19.8 6.6 0
19.8 6.8 0
19.8 7 0
19.8 7.2 0
19.8 7.4 0
19.8 7.6 0
19.8 7.8 0
19.8 8 0
19.8 8.2 0
19.8 8.4 0

