0 0 0
0 1 0
0 2 0
0 3 0
0 4 0
0 5 0
0 6 0
0 7 0
0 8 0
0 9 0
0 10 0
0 11 0
0 12 0
0 13 0
0 14 0
0 15 0
0 16 0
0 17 0
0 18 0
0 19 0
0 20 0
0 21 0
0 22 0
0 23 0
0 24 0
0 25 0
0 26 0
0 27 0
0 28 0
0 29 0
0 30 0
0 31 0
0 32 0
0 33 0
0 34 0
0 35 0
0 36 0
0 37 0
0 38 0
0 39 0

1 0 0
1 1 0
1 2 -0.0256883
1 3 -0.0256941
1 4 -0.0258259
1 5 -0.0260425
1 6 -0.0262851
1 7 -0.0266261
1 8 -0.0270246
1 9 -0.0275167
1 10 -0.0281079
1 11 -0.0286865
1 12 -0.0293492
1 13 -0.02994
1 14 -0.0306147
1 15 -0.0311793
1 16 -0.0318687
1 17 -0.0324934
1 18 -0.0331433
1 19 -0.0336284
1 20 -0.0340594
1 21 -0.0344363
1 22 -0.0347988
1 23 -0.0350956
1 24 -0.0353149
1 25 -0.0355599
1 26 -0.035682
1 27 0
1 28 0
1 29 0
1 30 0
1 31 0
1 32 0
1 33 0
1 34 0
1 35 0
1 36 0
1 37 0
1 38 0
1 39 0

2 0 0
2 1 -0.0256883
2 2 -0.206384
2 3 -0.206514
2 4 -0.207512
2 5 -0.209069
2 6 -0.211189
2 7 -0.213999
2 8 -0.217309
2 9 -0.221321
2 10 -0.225863
2 11 -0.230584
2 12 -0.23569
2 13 -0.240822
2 14 -0.245896
2 15 -0.251022
2 16 -0.256111
2 17 -0.261186
2 18 -0.266039
2 19 -0.270193
2 20 -0.273835
2 21 -0.276875
2 22 -0.279676
2 23 -0.282022
2 24 -0.28405
2 25 -0.285704
2 26 -0.286826
2 27 -0.035682
2 28 0
2 29 0
2 30 0
2 31 0
2 32 0
2 33 0
2 34 0
2 35 0
2 36 0
2 37 0
2 38 0
2 39 0

3 0 0
3 1 -0.0254142
3 2 -0.204172
3 3 -0.204446
3 4 -0.205264
3 5 -0.20652
3 6 -0.208921
3 7 -0.211847
3 8 -0.215475
3 9 -0.219589
3 10 -0.223762
3 11 -0.228618
3 12 -0.233446
3 13 -0.238981
3 14 -0.244021
3 15 -0.249584
3 16 -0.25424
3 17 -0.259129
3 18 -0.26323
3 19 -0.26781
3 20 -0.271651
3 21 -0.274798
3 22 -0.277276
3 23 -0.279726
3 24 -0.282141
3 25 -0.283494
3 26 -0.284695
3 27 -0.0354456
3 28 0
3 29 0
3 30 0
3 31 0
3 32 0
3 33 0
3 34 0
3 35 0
3 36 0
3 37 0
3 38 0
3 39 0

4 0 0
4 1 -0.0248814
4 2 -0.200168
4 3 -0.200798
4 4 -0.20145
4 5 -0.203145
4 6 -0.205169
4 7 -0.207998
4 8 -0.211656
4 9 -0.215712
4 10 -0.220182
4 11 -0.225358
4 12 -0.230001
4 13 -0.23519
4 14 -0.240352
4 15 -0.245715
4 16 -0.250647
4 17 -0.255519
4 18 -0.259628
4 19 -0.264204
4 20 -0.267617
4 21 -0.271318
4 22 -0.274298
4 23 -0.276313
4 24 -0.278392
4 25 -0.279729
4 26 -0.280743
4 27 -0.0349097
4 28 0
4 29 0
4 30 0
4 31 0
4 32 0
4 33 0
4 34 0
4 35 0
4 36 0
4 37 0
4 38 0
4 39 0

5 0 0
5 1 -0.0242405
5 2 -0.194707
5 3 -0.194907
5 4 -0.195835
5 5 -0.197449
5 6 -0.199916
5 7 -0.20251
5 8 -0.206697
5 9 -0.210604
5 10 -0.21515
5 11 -0.220094
5 12 -0.224795
5 13 -0.230398
5 14 -0.235276
5 15 -0.240846
5 16 -0.245573
5 17 -0.250048
5 18 -0.25496
5 19 -0.258725
5 20 -0.262601
5 21 -0.266
5 22 -0.269048
5 23 -0.271298
5 24 -0.272659
5 25 -0.274092
5 26 -0.275283
5 27 -0.0342746
5 28 0
5 29 0
5 30 0
5 31 0
5 32 0
5 33 0
5 34 0
5 35 0
5 36 0
5 37 0
5 38 0
5 39 0

6 0 0
6 1 -0.0233302
6 2 -0.187522
6 3 -0.187932
6 4 -0.188789
6 5 -0.190551
6 6 -0.192985
6 7 -0.195792
6 8 -0.199779
6 9 -0.203885
6 10 -0.208478
6 11 -0.213468
6 12 -0.218625
6 13 -0.224156
6 14 -0.229176
6 15 -0.234423
6 16 -0.239778
6 17 -0.244522
6 18 -0.248832
6 19 -0.252563
6 20 -0.256098
6 21 -0.259253
6 22 -0.261919
6 23 -0.2638
6 24 -0.265936
6 25 -0.267151
6 26 -0.267821
6 27 -0.0333153
6 28 0
6 29 0
6 30 0
6 31 0
6 32 0
6 33 0
6 34 0
6 35 0
6 36 0
6 37 0
6 38 0
6 39 0

7 0 0
7 1 -0.022256
7 2 -0.178948
7 3 -0.179407
7 4 -0.180724
7 5 -0.182587
7 6 -0.184597
7 7 -0.188018
7 8 -0.191323
7 9 -0.195594
7 10 -0.200669
7 11 -0.205592
7 12 -0.210657
7 13 -0.215987
7 14 -0.221392
7 15 -0.226931
7 16 -0.231931
7 17 -0.2364
7 18 -0.24105
7 19 -0.244566
7 20 -0.248136
7 21 -0.250978
7 22 -0.253378
7 23 -0.255368
7 24 -0.257263
7 25 -0.257777
7 26 -0.258734
7 27 -0.0321952
7 28 0
7 29 0
7 30 0
7 31 0
7 32 0
7 33 0
7 34 0
7 35 0
7 36 0
7 37 0
7 38 0
7 39 0

8 0 0
8 1 -0.0210623
8 2 -0.169213
8 3 -0.169463
8 4 -0.170545
8 5 -0.172331
8 6 -0.175122
8 7 -0.178371
8 8 -0.181867
8 9 -0.186253
8 10 -0.190626
8 11 -0.196322
8 12 -0.201529
8 13 -0.20685
8 14 -0.212422
8 15 -0.217752
8 16 -0.222522
8 17 -0.227491
8 18 -0.231634
8 19 -0.235134
8 20 -0.238404
8 21 -0.241187
8 22 -0.243552
8 23 -0.245301
8 24 -0.246218
8 25 -0.247159
8 26 -0.248014
8 27 -0.0308773
8 28 0
8 29 0
8 30 0
8 31 0
8 32 0
8 33 0
8 34 0
8 35 0
8 36 0
8 37 0
8 38 0
8 39 0

9 0 0
9 1 -0.0196679
9 2 -0.158195
9 3 -0.158554
9 4 -0.159603
9 5 -0.161886
9 6 -0.164096
9 7 -0.1674
9 8 -0.171535
9 9 -0.175674
9 10 -0.180483
9 11 -0.185426
9 12 -0.190965
9 13 -0.196719
9 14 -0.201881
9 15 -0.207324
9 16 -0.212204
9 17 -0.216963
9 18 -0.221281
9 19 -0.224744
9 20 -0.227925
9 21 -0.230843
9 22 -0.232706
9 23 -0.234119
9 24 -0.234399
9 25 -0.235261
9 26 -0.235502
9 27 -0.0292869
9 28 0
9 29 0
9 30 0
9 31 0
9 32 0
9 33 0
9 34 0
9 35 0
9 36 0
9 37 0
9 38 0
9 39 0

10 0 0
10 1 -0.0181991
10 2 -0.146091
10 3 -0.146385
10 4 -0.147949
10 5 -0.149852
10 6 -0.152545
10 7 -0.155207
10 8 -0.159097
10 9 -0.163569
10 10 -0.168528
10 11 -0.174059
10 12 -0.179344
10 13 -0.18486
10 14 -0.19013
10 15 -0.195427
10 16 -0.200642
10 17 -0.205411
10 18 -0.20953
10 19 -0.213304
10 20 -0.21619
10 21 -0.218634
10 22 -0.220104
10 23 -0.221503
10 24 -0.221203
10 25 -0.221725
10 26 -0.221811
10 27 -0.0275859
10 28 0
10 29 0
10 30 0
10 31 0
10 32 0
10 33 0
10 34 0
10 35 0
10 36 0
10 37 0
10 38 0
10 39 0

11 0 0
11 1 -0.016543
11 2 -0.133148
11 3 -0.133923
11 4 -0.135323
11 5 -0.137274
11 6 -0.139862
11 7 -0.143001
11 8 -0.147081
11 9 -0.151361
11 10 -0.156287
11 11 -0.16125
11 12 -0.16664
11 13 -0.172174
11 14 -0.177549
11 15 -0.183223
11 16 -0.187904
11 17 -0.192441
11 18 -0.196922
11 19 -0.200318
11 20 -0.203762
11 21 -0.20561
11 22 -0.206795
11 23 -0.20819
11 24 -0.20758
11 25 -0.206905
11 26 -0.206445
11 27 -0.025708
11 28 0
11 29 0
11 30 0
11 31 0
11 32 0
11 33 0
11 34 0
11 35 0
11 36 0
11 37 0
11 38 0
11 39 0

12 0 0
12 1 -0.0148821
12 2 -0.119827
12 3 -0.120821
12 4 -0.122298
12 5 -0.124234
12 6 -0.12697
12 7 -0.130417
12 8 -0.133977
12 9 -0.138241
12 10 -0.143043
12 11 -0.148311
12 12 -0.153972
12 13 -0.159161
12 14 -0.1646
12 15 -0.169987
12 16 -0.174716
12 17 -0.179571
12 18 -0.183764
12 19 -0.187053
12 20 -0.190137
12 21 -0.192442
12 22 -0.193468
12 23 -0.193553
12 24 -0.193174
12 25 -0.191021
12 26 -0.18878
12 27 -0.0425924
12 28 -0.0180019
12 29 -0.0171292
12 30 -0.0164134
12 31 -0.0160247
12 32 -0.0157824
12 33 0
12 34 0
12 35 0
12 36 0
12 37 0
12 38 0
12 39 0

13 0 0
13 1 -0.0132235
13 2 -0.106451
13 3 -0.107442
13 4 -0.108872
13 5 -0.110876
13 6 -0.1134
13 7 -0.11754
13 8 -0.121005
13 9 -0.125328
13 10 -0.129906
13 11 -0.134614
13 12 -0.140591
13 13 -0.145977
13 14 -0.151177
13 15 -0.156488
13 16 -0.161475
13 17 -0.166311
13 18 -0.170132
13 19 -0.174003
13 20 -0.176496
13 21 -0.179104
13 22 -0.180285
13 23 -0.179963
13 24 -0.178333
13 25 -0.175373
13 26 -0.168827
13 27 -0.153724
13 28 -0.144383
13 29 -0.137499
13 30 -0.132158
13 31 -0.128757
13 32 -0.126644
13 33 -0.0306875
13 34 -0.0147174
13 35 0
13 36 0
13 37 0
13 38 0
13 39 0

14 0 0
14 1 -0.0115945
14 2 -0.0931089
14 3 -0.0936203
14 4 -0.0956147
14 5 -0.0981823
14 6 -0.10087
14 7 -0.103924
14 8 -0.107968
14 9 -0.112299
14 10 -0.116659
14 11 -0.121501
14 12 -0.126998
14 13 -0.132781
14 14 -0.137953
14 15 -0.14299
14 16 -0.148111
14 17 -0.152896
14 18 -0.15715
14 19 -0.161042
14 20 -0.163669
14 21 -0.165562
14 22 -0.166937
14 23 -0.166857
14 24 -0.165175
14 25 -0.162096
14 26 -0.156571
14 27 -0.148252
14 28 -0.140838
14 29 -0.135332
14 30 -0.130768
14 31 -0.126753
14 32 -0.123055
14 33 -0.11987
14 34 -0.118236
14 35 -0.0289653
14 36 0
14 37 0
14 38 0
14 39 0

15 0 0
15 1 -0.00998855
15 2 -0.0801448
15 3 -0.0805842
15 4 -0.0824251
15 5 -0.0848807
15 6 -0.0876296
15 7 -0.0910621
15 8 -0.0947498
15 9 -0.0993725
15 10 -0.103598
15 11 -0.108888
15 12 -0.113835
15 13 -0.1194
15 14 -0.124888
15 15 -0.130151
15 16 -0.135306
15 17 -0.139666
15 18 -0.143807
15 19 -0.147965
15 20 -0.151099
15 21 -0.153496
15 22 -0.154093
15 23 -0.154281
15 24 -0.153423
15 25 -0.15095
15 26 -0.147189
15 27 -0.141857
15 28 -0.136423
15 29 -0.131873
15 30 -0.1278
15 31 -0.124055
15 32 -0.120672
15 33 -0.118391
15 34 -0.116104
15 35 -0.114462
15 36 -0.0280512
15 37 0
15 38 0
15 39 0

16 0 0
16 1 -0.00837939
16 2 -0.067558
16 3 -0.0683498
16 4 -0.0699307
16 5 -0.0720849
16 6 -0.0752765
16 7 -0.0784537
16 8 -0.0825951
16 9 -0.086793
16 10 -0.0912722
16 11 -0.0967185
16 12 -0.101723
16 13 -0.106934
16 14 -0.112935
16 15 -0.117859
16 16 -0.1229
16 17 -0.127803
16 18 -0.131352
16 19 -0.135432
16 20 -0.139233
16 21 -0.141314
16 22 -0.143067
16 23 -0.143605
16 24 -0.142967
16 25 -0.14139
16 26 -0.138236
16 27 -0.134742
16 28 -0.131153
16 29 -0.127352
16 30 -0.124019
16 31 -0.121506
16 32 -0.118209
16 33 -0.115741
16 34 -0.113564
16 35 -0.112321
16 36 -0.110844
16 37 -0.027175
16 38 0
16 39 0

17 0 0
17 1 -0.00693342
17 2 -0.0557448
17 3 -0.0565279
17 4 -0.0586119
17 5 -0.0605292
17 6 -0.0635618
17 7 -0.0671722
17 8 -0.0710899
17 9 -0.0752219
17 10 -0.0798166
17 11 -0.0849215
17 12 -0.0902271
17 13 -0.095396
17 14 -0.100861
17 15 -0.106057
17 16 -0.111429
17 17 -0.115992
17 18 -0.120566
17 19 -0.124846
17 20 -0.128178
17 21 -0.131159
17 22 -0.132567
17 23 -0.132923
17 24 -0.133777
17 25 -0.132713
17 26 -0.13103
17 27 -0.128516
17 28 -0.125427
17 29 -0.123087
17 30 -0.120543
17 31 -0.11839
17 32 -0.115513
17 33 -0.113454
17 34 -0.111561
17 35 -0.110387
17 36 -0.108731
17 37 -0.107554
17 38 -0.0133718
17 39 0

18 0 0
18 1 -0.0055993
18 2 -0.0450209
18 3 -0.0457826
18 4 -0.0474083
18 5 -0.0497283
18 6 -0.0523824
18 7 -0.0561328
18 8 -0.0597112
18 9 -0.0646298
18 10 -0.0691752
18 11 -0.0743964
18 12 -0.0792989
18 13 -0.0844839
18 14 -0.0901205
18 15 -0.0954479
18 16 -0.101015
18 17 -0.105691
18 18 -0.110293
18 19 -0.114437
18 20 -0.117994
18 21 -0.121271
18 22 -0.123475
18 23 -0.12437
18 24 -0.125089
18 25 -0.125002
18 26 -0.124177
18 27 -0.122104
18 28 -0.120755
18 29 -0.119061
18 30 -0.116893
18 31 -0.11509
18 32 -0.113078
18 33 -0.111622
18 34 -0.10974
18 35 -0.108441
18 36 -0.107025
18 37 -0.106794
18 38 -0.0133136
18 39 0

19 0 0
19 1 -0.00436057
19 2 -0.0351302
19 3 -0.0360771
19 4 -0.0380503
19 5 -0.039615
19 6 -0.0429929
19 7 -0.0462685
19 8 -0.0502673
19 9 -0.0547527
19 10 -0.0598412
19 11 -0.0641788
19 12 -0.0696994
19 13 -0.074738
19 14 -0.0799211
19 15 -0.0859208
19 16 -0.0912662
19 17 -0.096389
19 18 -0.101135
19 19 -0.105499
19 20 -0.109196
19 21 -0.112705
19 22 -0.114806
19 23 -0.116355
19 24 -0.117628
19 25 -0.118024
19 26 -0.118149
19 27 -0.117192
19 28 -0.115677
19 29 -0.114672
19 30 -0.113114
19 31 -0.111629
19 32 -0.11039
19 33 -0.108907
19 34 -0.107867
19 35 -0.106614
19 36 -0.105936
19 37 -0.105429
19 38 -0.0131068
19 39 0

20 0 0
20 1 -0.00331272
20 2 -0.0265245
20 3 -0.0271004
20 4 -0.0287849
20 5 -0.0310663
20 6 -0.0341348
20 7 -0.037632
20 8 -0.0416473
20 9 -0.0463376
20 10 -0.0507411
20 11 -0.0558212
20 12 -0.0610101
20 13 -0.0662696
20 14 -0.071435
20 15 -0.0769442
20 16 -0.0827511
20 17 -0.0877028
20 18 -0.0927924
20 19 -0.0975045
20 20 -0.101712
20 21 -0.105371
20 22 -0.107713
20 23 -0.109764
20 24 -0.111498
20 25 -0.111823
20 26 -0.112667
20 27 -0.111889
20 28 -0.111517
20 29 -0.110842
20 30 -0.109888
20 31 -0.108854
20 32 -0.107924
20 33 -0.106757
20 34 -0.105726
20 35 -0.105271
20 36 -0.103724
20 37 -0.103722
20 38 -0.0129475
20 39 0

21 0 0
21 1 -0.00236021
21 2 -0.0187508
21 3 -0.0192408
21 4 -0.0213487
21 5 -0.0239337
21 6 -0.0267089
21 7 -0.0303051
21 8 -0.0340102
21 9 -0.0383513
21 10 -0.0433503
21 11 -0.0480327
21 12 -0.0539529
21 13 -0.058923
21 14 -0.0643356
21 15 -0.0704441
21 16 -0.0756541
21 17 -0.0812468
21 18 -0.0859595
21 19 -0.0908194
21 20 -0.095288
21 21 -0.0983196
21 22 -0.101662
21 23 -0.103878
21 24 -0.105695
21 25 -0.107051
21 26 -0.107665
21 27 -0.107814
21 28 -0.10779
21 29 -0.107468
21 30 -0.107175
21 31 -0.106425
21 32 -0.105847
21 33 -0.104705
21 34 -0.104091
21 35 -0.103264
21 36 -0.102758
21 37 -0.10251
21 38 -0.0127254
21 39 0

22 0 0
22 1 -0.00146708
22 2 -0.0122961
22 3 -0.013675
22 4 -0.0152817
22 5 -0.0176489
22 6 -0.0205018
22 7 -0.0243021
22 8 -0.0282964
22 9 -0.0323392
22 10 -0.0366734
22 11 -0.0419018
22 12 -0.0474834
22 13 -0.0524314
22 14 -0.0584089
22 15 -0.0640767
22 16 -0.0697368
22 17 -0.0754074
22 18 -0.0805199
22 19 -0.0850272
22 20 -0.0895808
22 21 -0.0937286
22 22 -0.0969933
22 23 -0.0995402
22 24 -0.10159
22 25 -0.103005
22 26 -0.103939
22 27 -0.104784
22 28 -0.104772
22 29 -0.104888
22 30 -0.10482
22 31 -0.104413
22 32 -0.104112
22 33 -0.10308
22 34 -0.102689
22 35 -0.102975
22 36 -0.102049
22 37 -0.101629
22 38 -0.0126113
22 39 0

23 0 0
23 1 -0.00101478
23 2 -0.00784873
23 3 -0.00831855
23 4 -0.00987043
23 5 -0.0128411
23 6 -0.0156149
23 7 -0.0193134
23 8 -0.0229535
23 9 -0.0274191
23 10 -0.0326233
23 11 -0.0372613
23 12 -0.0430773
23 13 -0.0480112
23 14 -0.0538221
23 15 -0.0594893
23 16 -0.0652335
23 17 -0.0712356
23 18 -0.0764054
23 19 -0.0808175
23 20 -0.0857032
23 21 -0.0897144
23 22 -0.0933122
23 23 -0.0960397
23 24 -0.0983153
23 25 -0.0999194
23 26 -0.101455
23 27 -0.101733
23 28 -0.102711
23 29 -0.103033
23 30 -0.102946
23 31 -0.102778
23 32 -0.102721
23 33 -0.102828
23 34 -0.102041
23 35 -0.101935
23 36 -0.101497
23 37 -0.101494
23 38 -0.0126379
23 39 0

24 0 0
24 1 -0.000604611
24 2 -0.00486095
24 3 -0.00567046
24 4 -0.00749144
24 5 -0.00931913
24 6 -0.012535
24 7 -0.0155884
24 8 -0.0202062
24 9 -0.0245646
24 10 -0.0292516
24 11 -0.0343112
24 12 -0.0395136
24 13 -0.0450138
24 14 -0.0506187
24 15 -0.0568763
24 16 -0.0626689
24 17 -0.0683938
24 18 -0.074079
24 19 -0.0781132
24 20 -0.0830128
24 21 -0.0874202
24 22 -0.0914207
24 23 -0.0939348
24 24 -0.095964
24 25 -0.0980231
24 26 -0.0991942
24 27 -0.100536
24 28 -0.101102
24 29 -0.101852
24 30 -0.101712
24 31 -0.101799
24 32 -0.102019
24 33 -0.102022
24 34 -0.101746
24 35 -0.101355
24 36 -0.100968
24 37 -0.101619
24 38 -0.0126866
24 39 0

25 0 0
25 1 -0.000402486
25 2 -0.00352386
25 3 -0.00453722
25 4 -0.00570948
25 5 -0.00817562
25 6 -0.0105412
25 7 -0.014238
25 8 -0.0185563
25 9 -0.0228456
25 10 -0.0278533
25 11 -0.032384
25 12 -0.0378646
25 13 -0.0433265
25 14 -0.0492812
25 15 -0.0554613
25 16 -0.0615182
25 17 -0.0670803
25 18 -0.0724962
25 19 -0.0775285
25 20 -0.0816162
25 21 -0.086715
25 22 -0.0903497
25 23 -0.0930152
25 24 -0.0954293
25 25 -0.0974857
25 26 -0.0991739
25 27 -0.100121
25 28 -0.10035
25 29 -0.101343
25 30 -0.101585
25 31 -0.102151
25 32 -0.102428
25 33 -0.102447
25 34 -0.101834
25 35 -0.102069
25 36 -0.101824
25 37 -0.101823
25 38 -0.0126584
25 39 0

26 0 0
26 1 -0.000517981
26 2 -0.00378251
26 3 -0.00417586
26 4 -0.00566936
26 5 -0.00789862
26 6 -0.0113444
26 7 -0.0141747
26 8 -0.0186641
26 9 -0.0227309
26 10 -0.0275497
26 11 -0.0326987
26 12 -0.0379676
26 13 -0.0436799
26 14 -0.0489224
26 15 -0.0552435
26 16 -0.0614849
26 17 -0.0674493
26 18 -0.0729271
26 19 -0.0777519
26 20 -0.0823238
26 21 -0.0866604
26 22 -0.0906762
26 23 -0.0933493
26 24 -0.0960624
26 25 -0.0977186
26 26 -0.0993066
26 27 -0.100317
26 28 -0.101671
26 29 -0.102082
26 30 -0.10261
26 31 -0.102724
26 32 -0.103234
26 33 -0.10321
26 34 -0.102922
26 35 -0.10258
26 36 -0.10228
26 37 -0.102412
26 38 -0.0127489
26 39 0

27 0 0
27 1 -0.000642389
27 2 -0.00542008
27 3 -0.00641678
27 4 -0.00743851
27 5 -0.00979778
27 6 -0.0123573
27 7 -0.015964
27 8 -0.0197778
27 9 -0.0242477
27 10 -0.0289239
27 11 -0.0339686
27 12 -0.03988
27 13 -0.0451611
27 14 -0.051081
27 15 -0.0570478
27 16 -0.0631119
27 17 -0.0688072
27 18 -0.0746866
27 19 -0.0797307
27 20 -0.0840278
27 21 -0.0884855
27 22 -0.0920067
27 23 -0.0949576
27 24 -0.0977664
27 25 -0.0997587
27 26 -0.10138
27 27 -0.102333
27 28 -0.102826
27 29 -0.103256
27 30 -0.103815
27 31 -0.104324
27 32 -0.104371
27 33 -0.104412
27 34 -0.103884
27 35 -0.103463
27 36 -0.103612
27 37 -0.103529
27 38 -0.0128499
27 39 0

28 0 0
28 1 -0.00104102
28 2 -0.00842095
28 3 -0.00936156
28 4 -0.0104678
28 5 -0.0125152
28 6 -0.0160792
28 7 -0.0192873
28 8 -0.0232217
28 9 -0.0277765
28 10 -0.0322599
28 11 -0.0373521
28 12 -0.0432282
28 13 -0.0485211
28 14 -0.0542151
28 15 -0.0606099
28 16 -0.0663132
28 17 -0.0722329
28 18 -0.0780636
28 19 -0.0829565
28 20 -0.0871751
28 21 -0.0914806
28 22 -0.0950159
28 23 -0.098291
28 24 -0.100442
28 25 -0.102305
28 26 -0.104008
28 27 -0.10468
28 28 -0.105748
28 29 -0.105721
28 30 -0.105967
28 31 -0.106075
28 32 -0.106001
28 33 -0.105624
28 34 -0.105696
28 35 -0.104897
28 36 -0.104797
28 37 -0.10489
28 38 -0.0130573
28 39 0

29 0 0
29 1 -0.00159203
29 2 -0.0127762
29 3 -0.0136238
29 4 -0.014946
29 5 -0.0172141
29 6 -0.0203194
29 7 -0.0235643
29 8 -0.02822
29 9 -0.0323532
29 10 -0.037356
29 11 -0.0418424
29 12 -0.0477543
29 13 -0.0535577
29 14 -0.059279
29 15 -0.065571
29 16 -0.0712457
29 17 -0.0771236
29 18 -0.0823352
29 19 -0.0873263
29 20 -0.0919006
29 21 -0.0958299
29 22 -0.0989628
29 23 -0.102204
29 24 -0.104276
29 25 -0.106233
29 26 -0.107875
29 27 -0.108099
29 28 -0.10869
29 29 -0.108947
29 30 -0.109076
29 31 -0.10869
29 32 -0.108179
29 33 -0.108185
29 34 -0.107434
29 35 -0.107074
29 36 -0.106744
29 37 -0.106555
29 38 -0.0132667
29 39 0

30 0 0
30 1 -0.00231579
30 2 -0.0186274
30 3 -0.0194811
30 4 -0.0209468
30 5 -0.0234718
30 6 -0.0262164
30 7 -0.0298727
30 8 -0.0340756
30 9 -0.0384188
30 10 -0.0432357
30 11 -0.0485514
30 12 -0.0540908
30 13 -0.0598094
30 14 -0.0653246
30 15 -0.0712808
30 16 -0.0773543
30 17 -0.082905
30 18 -0.0885484
30 19 -0.0931895
30 20 -0.0973398
30 21 -0.101246
30 22 -0.104644
30 23 -0.107613
30 24 -0.109634
30 25 -0.111016
30 26 -0.112205
30 27 -0.113187
30 28 -0.112885
30 29 -0.112873
30 30 -0.112207
30 31 -0.112187
30 32 -0.111884
30 33 -0.110605
30 34 -0.109761
30 35 -0.109551
30 36 -0.108967
30 37 -0.108804
30 38 -0.0135329
30 39 0

31 0 0
31 1 -0.0032153
31 2 -0.0259528
31 3 -0.0267627
31 4 -0.0282069
31 5 -0.0305548
31 6 -0.033529
31 7 -0.0368575
31 8 -0.0413507
31 9 -0.0459598
31 10 -0.0510708
31 11 -0.0562071
31 12 -0.0619101
31 13 -0.067076
31 14 -0.0729959
31 15 -0.0787086
31 16 -0.0843722
31 17 -0.0904541
31 18 -0.0956785
31 19 -0.100282
31 20 -0.104695
31 21 -0.108056
31 22 -0.110756
31 23 -0.113217
31 24 -0.115121
31 25 -0.116655
31 26 -0.117403
31 27 -0.117982
31 28 -0.11799
31 29 -0.117221
31 30 -0.11649
31 31 -0.116051
31 32 -0.115409
31 33 -0.114176
31 34 -0.113171
31 35 -0.112194
31 36 -0.11163
31 37 -0.11137
31 38 -0.0138293
31 39 0

32 0 0
32 1 -0.0043079
32 2 -0.0344014
32 3 -0.0348441
32 4 -0.0369215
32 5 -0.0393947
32 6 -0.0421118
32 7 -0.0458816
32 8 -0.0497173
32 9 -0.0550861
32 10 -0.0595162
32 11 -0.0647276
32 12 -0.0705315
32 13 -0.0758239
32 14 -0.0817205
32 15 -0.0877654
32 16 -0.093375
32 17 -0.0987022
32 18 -0.103786
32 19 -0.108624
32 20 -0.112721
32 21 -0.116228
32 22 -0.119026
32 23 -0.120668
32 24 -0.122503
32 25 -0.122865
32 26 -0.123459
32 27 -0.123038
32 28 -0.122787
32 29 -0.121815
32 30 -0.120829
32 31 -0.120042
32 32 -0.118804
32 33 -0.117792
32 34 -0.116314
32 35 -0.115459
32 36 -0.11409
32 37 -0.11404
32 38 -0.0142288
32 39 0

33 0 0
33 1 -0.00545488
33 2 -0.0440369
33 3 -0.0450612
33 4 -0.0465124
33 5 -0.0487961
33 6 -0.0521665
33 7 -0.0557569
33 8 -0.0596209
33 9 -0.064655
33 10 -0.069054
33 11 -0.0744982
33 12 -0.0804272
33 13 -0.0856011
33 14 -0.0914069
33 15 -0.0973432
33 16 -0.103084
33 17 -0.108639
33 18 -0.113419
33 19 -0.118026
33 20 -0.121993
33 21 -0.124752
33 22 -0.127341
33 23 -0.128778
33 24 -0.129409
33 25 -0.129885
33 26 -0.129708
33 27 -0.129312
33 28 -0.127525
33 29 -0.126625
33 30 -0.125312
33 31 -0.123716
33 32 -0.122308
33 33 -0.120758
33 34 -0.119633
33 35 -0.118279
33 36 -0.117064
33 37 -0.11653
33 38 -0.0144826
33 39 0

34 0 0
34 1 -0.0068145
34 2 -0.0549624
34 3 -0.0558605
34 4 -0.0571034
34 5 -0.0597818
34 6 -0.0629353
34 7 -0.0667515
34 8 -0.0707377
34 9 -0.0753617
34 10 -0.0801757
34 11 -0.0858512
34 12 -0.0909696
34 13 -0.0966294
34 14 -0.10233
34 15 -0.108155
34 16 -0.113632
34 17 -0.118853
34 18 -0.123173
34 19 -0.128058
34 20 -0.131665
34 21 -0.134726
34 22 -0.137162
34 23 -0.137749
34 24 -0.137906
34 25 -0.137837
34 26 -0.137132
34 27 -0.135454
34 28 -0.133559
34 29 -0.13134
34 30 -0.12963
34 31 -0.128006
34 32 -0.126046
34 33 -0.124159
34 34 -0.122196
34 35 -0.120951
34 36 -0.118959
34 37 -0.118711
34 38 -0.0148036
34 39 0

35 0 0
35 1 -0.0083137
35 2 -0.066842
35 3 -0.067732
35 4 -0.0696603
35 5 -0.0718522
35 6 -0.0749398
35 7 -0.0783869
35 8 -0.0826603
35 9 -0.0870435
35 10 -0.0919321
35 11 -0.0973547
35 12 -0.102666
35 13 -0.108473
35 14 -0.114013
35 15 -0.119702
35 16 -0.125255
35 17 -0.130199
35 18 -0.134734
35 19 -0.139304
35 20 -0.142373
35 21 -0.145338
35 22 -0.147104
35 23 -0.14729
35 24 -0.147622
35 25 -0.146286
35 26 -0.144684
35 27 -0.142481
35 28 -0.139246
35 29 -0.136418
35 30 -0.133758
35 31 -0.131293
35 32 -0.129293
35 33 -0.127364
35 34 -0.125497
35 35 -0.123821
35 36 -0.121302
35 37 -0.120076
35 38 -0.0149471
35 39 0

36 0 0
36 1 -0.0099298
36 2 -0.0798579
36 3 -0.0805215
36 4 -0.0826117
36 5 -0.0846343
36 6 -0.0878426
36 7 -0.0915159
36 8 -0.0952829
36 9 -0.0997833
36 10 -0.104533
36 11 -0.10978
36 12 -0.115549
36 13 -0.12116
36 14 -0.126974
36 15 -0.132023
36 16 -0.13747
36 17 -0.14235
36 18 -0.146719
36 19 -0.15051
36 20 -0.154058
36 21 -0.156144
36 22 -0.157784
36 23 -0.158464
36 24 -0.157701
36 25 -0.15556
36 26 -0.152625
36 27 -0.149181
36 28 -0.14495
36 29 -0.141458
36 30 -0.138287
36 31 -0.135297
36 32 -0.132966
36 33 -0.130516
36 34 -0.128037
36 35 -0.126166
36 36 -0.124091
36 37 -0.0304006
36 38 0
36 39 0

37 0 0
37 1 -0.0116414
37 2 -0.0936377
37 3 -0.094318
37 4 -0.0962098
37 5 -0.0982685
37 6 -0.101112
37 7 -0.10494
37 8 -0.108791
37 9 -0.113245
37 10 -0.118047
37 11 -0.123156
37 12 -0.128731
37 13 -0.134475
37 14 -0.139828
37 15 -0.145156
37 16 -0.150508
37 17 -0.155281
37 18 -0.159796
37 19 -0.163393
37 20 -0.166015
37 21 -0.168794
37 22 -0.16971
37 23 -0.169435
37 24 -0.168515
37 25 -0.165503
37 26 -0.162291
37 27 -0.156332
37 28 -0.15063
37 29 -0.14606
37 30 -0.142156
37 31 -0.138389
37 32 -0.135884
37 33 -0.132875
37 34 -0.130603
37 35 -0.12866
37 36 -0.031466
37 37 0
37 38 0
37 39 0

38 0 0
38 1 -0.0134349
38 2 -0.107784
38 3 -0.108253
38 4 -0.10993
38 5 -0.112131
38 6 -0.114912
38 7 -0.118198
38 8 -0.122348
38 9 -0.126456
38 10 -0.131637
38 11 -0.136381
38 12 -0.14247
38 13 -0.147831
38 14 -0.153402
38 15 -0.158852
38 16 -0.163651
38 17 -0.16859
38 18 -0.172874
38 19 -0.176251
38 20 -0.178725
38 21 -0.180752
38 22 -0.182637
38 23 -0.182249
38 24 -0.180862
38 25 -0.177436
38 26 -0.171769
38 27 -0.163327
38 28 -0.155576
38 29 -0.149622
38 30 -0.144546
38 31 -0.141104
38 32 -0.138482
38 33 -0.134982
38 34 -0.133038
38 35 -0.0325609
38 36 0
38 37 0
38 38 0
38 39 0

39 0 0
39 1 -0.0151235
39 2 -0.121848
39 3 -0.122906
39 4 -0.123863
39 5 -0.126095
39 6 -0.1284
39 7 -0.132106
39 8 -0.136037
39 9 -0.140326
39 10 -0.145418
39 11 -0.150401
39 12 -0.156039
39 13 -0.161156
39 14 -0.167087
39 15 -0.171873
39 16 -0.177302
39 17 -0.181935
39 18 -0.185815
39 19 -0.189126
39 20 -0.192246
39 21 -0.193952
39 22 -0.195214
39 23 -0.195437
39 24 -0.193896
39 25 -0.191261
39 26 -0.184386
39 27 -0.16914
39 28 -0.159173
39 29 -0.152203
39 30 -0.146997
39 31 -0.143403
39 32 -0.141131
39 33 -0.0343235
39 34 -0.0165485
39 35 0
39 36 0
39 37 0
39 38 0
39 39 0

40 0 0
40 1 -0.0168522
40 2 -0.135473
40 3 -0.136228
40 4 -0.137756
40 5 -0.139665
40 6 -0.142392
40 7 -0.145767
40 8 -0.149454
40 9 -0.153926
40 10 -0.158875
40 11 -0.164065
40 12 -0.169235
40 13 -0.174702
40 14 -0.180378
40 15 -0.185246
40 16 -0.190499
40 17 -0.194965
40 18 -0.198684
40 19 -0.20233
40 20 -0.205147
40 21 -0.207461
40 22 -0.208626
40 23 -0.209095
40 24 -0.208225
40 25 -0.206972
40 26 -0.204902
40 27 -0.04654
40 28 -0.019842
40 29 -0.0189563
40 30 -0.0183083
40 31 -0.0178438
40 32 -0.01755
40 33 0
40 34 0
40 35 0
40 36 0
40 37 0
40 38 0
40 39 0

41 0 0
41 1 -0.0184812
41 2 -0.148574
41 3 -0.149069
41 4 -0.150326
41 5 -0.152745
41 6 -0.155345
41 7 -0.158865
41 8 -0.162573
41 9 -0.167096
41 10 -0.17166
41 11 -0.176957
41 12 -0.18262
41 13 -0.187433
41 14 -0.193203
41 15 -0.198651
41 16 -0.203321
41 17 -0.207512
41 18 -0.211333
41 19 -0.214968
41 20 -0.21772
41 21 -0.220399
41 22 -0.221749
41 23 -0.222768
41 24 -0.222661
41 25 -0.222494
41 26 -0.222002
41 27 -0.0276143
41 28 0
41 29 0
41 30 0
41 31 0
41 32 0
41 33 0
41 34 0
41 35 0
41 36 0
41 37 0
41 38 0
41 39 0

42 0 0
42 1 -0.0200118
42 2 -0.160842
42 3 -0.161345
42 4 -0.162738
42 5 -0.164371
42 6 -0.16716
42 7 -0.170906
42 8 -0.174643
42 9 -0.179316
42 10 -0.18401
42 11 -0.189268
42 12 -0.194716
42 13 -0.199891
42 14 -0.205269
42 15 -0.210109
42 16 -0.215015
42 17 -0.219402
42 18 -0.223163
42 19 -0.226775
42 20 -0.229429
42 21 -0.23246
42 22 -0.234333
42 23 -0.235734
42 24 -0.235687
42 25 -0.236138
42 26 -0.236613
42 27 -0.0294486
42 28 0
42 29 0
42 30 0
42 31 0
42 32 0
42 33 0
42 34 0
42 35 0
42 36 0
42 37 0
42 38 0
42 39 0

43 0 0
43 1 -0.0213864
43 2 -0.172049
43 3 -0.172657
43 4 -0.173465
43 5 -0.17561
43 6 -0.178232
43 7 -0.181481
43 8 -0.185621
43 9 -0.189884
43 10 -0.194986
43 11 -0.199441
43 12 -0.204819
43 13 -0.210842
43 14 -0.215458
43 15 -0.220788
43 16 -0.225182
43 17 -0.23001
43 18 -0.2343
43 19 -0.238
43 20 -0.241124
43 21 -0.243561
43 22 -0.245492
43 23 -0.24715
43 24 -0.248189
43 25 -0.249146
43 26 -0.249551
43 27 -0.0310316
43 28 0
43 29 0
43 30 0
43 31 0
43 32 0
43 33 0
43 34 0
43 35 0
43 36 0
43 37 0
43 38 0
43 39 0

44 0 0
44 1 -0.0226185
44 2 -0.181751
44 3 -0.18212
44 4 -0.183529
44 5 -0.185288
44 6 -0.18779
44 7 -0.191315
44 8 -0.195343
44 9 -0.199351
44 10 -0.204223
44 11 -0.209186
44 12 -0.214484
44 13 -0.219629
44 14 -0.225067
44 15 -0.230045
44 16 -0.23483
44 17 -0.239732
44 18 -0.243581
44 19 -0.247482
44 20 -0.250541
44 21 -0.253713
44 22 -0.256082
44 23 -0.257704
44 24 -0.25919
44 25 -0.259991
44 26 -0.260837
44 27 -0.0324646
44 28 0
44 29 0
44 30 0
44 31 0
44 32 0
44 33 0
44 34 0
44 35 0
44 36 0
44 37 0
44 38 0
44 39 0

45 0 0
45 1 -0.0236315
45 2 -0.18988
45 3 -0.190338
45 4 -0.192183
45 5 -0.193613
45 6 -0.196004
45 7 -0.199467
45 8 -0.203387
45 9 -0.207733
45 10 -0.212284
45 11 -0.217156
45 12 -0.222428
45 13 -0.227768
45 14 -0.233012
45 15 -0.238274
45 16 -0.243328
45 17 -0.247404
45 18 -0.251865
45 19 -0.255769
45 20 -0.259394
45 21 -0.262204
45 22 -0.264726
45 23 -0.266728
45 24 -0.268301
45 25 -0.269555
45 26 -0.270265
45 27 -0.0336154
45 28 0
45 29 0
45 30 0
45 31 0
45 32 0
45 33 0
45 34 0
45 35 0
45 36 0
45 37 0
45 38 0
45 39 0

46 0 0
46 1 -0.024447
46 2 -0.196735
46 3 -0.197383
46 4 -0.198207
46 5 -0.200562
46 6 -0.203128
46 7 -0.206132
46 8 -0.209849
46 9 -0.214258
46 10 -0.218408
46 11 -0.223801
46 12 -0.229102
46 13 -0.234011
46 14 -0.239358
46 15 -0.244485
46 16 -0.249333
46 17 -0.254017
46 18 -0.25797
46 19 -0.262232
46 20 -0.265524
46 21 -0.26854
46 22 -0.271958
46 23 -0.274052
46 24 -0.275715
46 25 -0.276965
46 26 -0.277546
46 27 -0.0344992
46 28 0
46 29 0
46 30 0
46 31 0
46 32 0
46 33 0
46 34 0
46 35 0
46 36 0
46 37 0
46 38 0
46 39 0

47 0 0
47 1 -0.0251366
47 2 -0.202092
47 3 -0.202664
47 4 -0.203944
47 5 -0.20553
47 6 -0.208223
47 7 -0.211619
47 8 -0.215036
47 9 -0.219506
47 10 -0.224354
47 11 -0.229329
47 12 -0.234277
47 13 -0.239562
47 14 -0.244682
47 15 -0.249626
47 16 -0.254438
47 17 -0.259047
47 18 -0.263152
47 19 -0.267023
47 20 -0.270317
47 21 -0.273697
47 22 -0.276553
47 23 -0.279478
47 24 -0.280889
47 25 -0.282335
47 26 -0.283232
47 27 -0.0352394
47 28 0
47 29 0
47 30 0
47 31 0
47 32 0
47 33 0
47 34 0
47 35 0
47 36 0
47 37 0
47 38 0
47 39 0

48 0 0
48 1 -0.025618
48 2 -0.205902
48 3 -0.206492
48 4 -0.207386
48 5 -0.209606
48 6 -0.211749
48 7 -0.215138
48 8 -0.2188
48 9 -0.222878
48 10 -0.227539
48 11 -0.232617
48 12 -0.237351
48 13 -0.242693
48 14 -0.247954
48 15 -0.253037
48 16 -0.257939
48 17 -0.262472
48 18 -0.266586
48 19 -0.270433
48 20 -0.273918
48 21 -0.277235
48 22 -0.280126
48 23 -0.282363
48 24 -0.284318
48 25 -0.285673
48 26 -0.286961
48 27 -0.0357382
48 28 0
48 29 0
48 30 0
48 31 0
48 32 0
48 33 0
48 34 0
48 35 0
48 36 0
48 37 0
48 38 0
48 39 0

49 0 0
49 1 -0.0259289
49 2 -0.208259
49 3 -0.208485
49 4 -0.209686
49 5 -0.211537
49 6 -0.214209
49 7 -0.217307
49 8 -0.221095
49 9 -0.225431
49 10 -0.229947
49 11 -0.234772
49 12 -0.239946
49 13 -0.244949
49 14 -0.249952
49 15 -0.25489
49 16 -0.259662
49 17 -0.26437
49 18 -0.268841
49 19 -0.27291
49 20 -0.276407
49 21 -0.279393
49 22 -0.281796
49 23 -0.284093
49 24 -0.286223
49 25 -0.287951
49 26 -0.288947
49 27 -0.0359415
49 28 0
49 29 0
49 30 0
49 31 0
49 32 0
49 33 0
49 34 0
49 35 0
49 36 0
49 37 0
49 38 0
49 39 0

50 0 0
50 1 0
50 2 -0.0259289
50 3 -0.0259398
50 4 -0.026114
50 5 -0.0263069
50 6 -0.0266715
50 7 -0.0270382
50 8 -0.0275232
50 9 -0.0280602
50 10 -0.0286245
50 11 -0.0292139
50 12 -0.0298797
50 13 -0.0304892
50 14 -0.0310853
50 15 -0.0317051
50 16 -0.0322872
50 17 -0.0328758
50 18 -0.0334653
50 19 -0.0339729
50 20 -0.0344174
50 21 -0.0347585
50 22 -0.0350419
50 23 -0.0353313
50 24 -0.0355949
50 25 -0.0358367
50 26 -0.0359415
50 27 0
50 28 0
50 29 0
50 30 0
50 31 0
50 32 0
50 33 0
50 34 0
50 35 0
50 36 0
50 37 0
50 38 0
50 39 0

51 0 0
51 1 0
51 2 0
51 3 0
51 4 0
51 5 0
51 6 0
51 7 0
51 8 0
51 9 0
51 10 0
51 11 0
51 12 0
51 13 0
51 14 0
51 15 0
51 16 0
51 17 0
51 18 0
51 19 0
51 20 0
51 21 0
51 22 0
51 23 0
51 24 0
51 25 0
51 26 0
51 27 0
51 28 0
51 29 0
51 30 0
51 31 0
51 32 0
51 33 0
51 34 0
51 35 0
51 36 0
51 37 0
51 38 0
51 39 0

