0 0 0
0 0.2 0
0 0.4 0
0 0.6 0
0 0.8 0
0 1 0
0 1.2 0
0 1.4 0
0 1.6 0
0 1.8 0
0 2 0
0 2.2 0
0 2.4 0
0 2.6 0
0 2.8 0
0 3 0
0 3.2 0
0 3.4 0
0 3.6 0
0 3.8 0
0 4 0
0 4.2 0
0 4.4 0
0 4.6 0
0 4.8 0
0 5 0
0 5.2 0
0 5.4 0
0 5.6 0
0 5.8 0
0 6 0
0 6.2 0
0 6.4 0
0 6.6 0
0 6.8 0
0 7 0
0 7.2 0
0 7.4 0
0 7.6 0
0 7.8 0
0 8 0
0 8.2 0
0 8.4 0

0.2 0 0
0.2 0.2 0
0.2 0.4 0.0288622
0.2 0.6 0.0235844
0.2 0.8 0.0182578
0.2 1 0.0158901
0.2 1.2 0.017106
0.2 1.4 0.0213476
0.2 1.6 0.0260164
0.2 1.8 0.027951
0.2 2 0.0254118
0.2 2.2 0.0195021
0.2 2.4 0.0135857
0.2 2.6 0.0109017
0.2 2.8 0.0127788
0.2 3 0.0176293
0.2 3.2 0.0224574
0.2 3.4 0.0236326
0.2 3.6 0.0188832
0.2 3.8 0.0092028
0.2 4 -0.00135224
0.2 4.2 -0.00747823
0.2 4.4 -0.00556562
0.2 4.6 0.0044643
0.2 4.8 0.0193393
0.2 5 0.0316034
0.2 5.2 0.0351473
0.2 5.4 0.027936
0.2 5.6 0.014304
0.2 5.8 0.000685061
0.2 6 -0.00717102
0.2 6.2 0
0.2 6.4 0
0.2 6.6 0
0.2 6.8 0
0.2 7 0
0.2 7.2 0
0.2 7.4 0
0.2 7.6 0
0.2 7.8 0
0.2 8 0
0.2 8.2 0
0.2 8.4 0

0.4 0 0
0.4 0.2 0.0288622
0.4 0.4 0.210128
0.4 0.6 0.171134
0.4 0.8 0.132985
0.4 1 0.114471
0.4 1.2 0.123498
0.4 1.4 0.154417
0.4 1.6 0.188549
0.4 1.8 0.201856
0.4 2 0.183679
0.4 2.2 0.141263
0.4 2.4 0.0985146
0.4 2.6 0.0797017
0.4 2.8 0.0928095
0.4 3 0.128936
0.4 3.2 0.164179
0.4 3.4 0.171865
0.4 3.6 0.137065
0.4 3.8 0.0669759
0.4 4 -0.00971843
0.4 4.2 -0.0540533
0.4 4.4 -0.0402707
0.4 4.6 0.0332438
0.4 4.8 0.140187
0.4 5 0.228765
0.4 5.2 0.253834
0.4 5.4 0.202535
0.4 5.6 0.103659
0.4 5.8 0.00548569
0.4 6 -0.0508769
0.4 6.2 -0.00177585
0.4 6.4 0
0.4 6.6 0
0.4 6.8 0
0.4 7 0
0.4 7.2 0
0.4 7.4 0
0.4 7.6 0
0.4 7.8 0
0.4 8 0
0.4 8.2 0
0.4 8.4 0

0.6 0 0
0.6 0.2 -0.00411154
0.6 0.4 -0.0298298
0.6 0.6 -0.0400159
0.6 0.8 -0.0455211
0.6 1 -0.0356268
0.6 1.2 -0.00275637
0.6 1.4 0.0451173
0.6 1.6 0.0891081
0.6 1.8 0.108175
0.6 2 0.0958435
0.6 2.2 0.0608712
0.6 2.4 0.0244398
0.6 2.6 0.00631963
0.6 2.8 0.0112367
0.6 3 0.033131
0.6 3.2 0.0492881
0.6 3.4 0.03816
0.6 3.6 -0.00432207
0.6 3.8 -0.069224
0.6 4 -0.128055
0.6 4.2 -0.149965
0.6 4.4 -0.11745
0.6 4.6 -0.0328117
0.6 4.8 0.071514
0.6 5 0.155294
0.6 5.2 0.182031
0.6 5.4 0.146285
0.6 5.6 0.0731249
0.6 5.8 0.0105631
0.6 6 -0.00549962
0.6 6.2 0.0401291
0.6 6.4 0.0322304
0.6 6.6 0
0.6 6.8 0
0.6 7 0
0.6 7.2 0
0.6 7.4 0
0.6 7.6 0
0.6 7.8 0
0.6 8 0
0.6 8.2 0
0.6 8.4 0

0.8 0 0
0.8 0.2 -0.0421875
0.8 0.4 -0.304893
0.8 0.6 -0.279058
0.8 0.8 -0.249447
0.8 1 -0.204697
0.8 1.2 -0.143144
0.8 1.4 -0.0744826
0.8 1.6 -0.0210854
0.8 1.8 0.00710057
0.8 2 0.00103024
0.8 2.2 -0.0260873
0.8 2.4 -0.0557998
0.8 2.6 -0.0738012
0.8 2.8 -0.0762653
0.8 3 -0.0746956
0.8 3.2 -0.0847496
0.8 3.4 -0.121362
0.8 3.6 -0.177915
0.8 3.8 -0.239181
0.8 4 -0.276149
0.8 4.2 -0.269233
0.8 4.4 -0.207593
0.8 4.6 -0.108049
0.8 4.8 -0.00566728
0.8 5 0.0687144
0.8 5.2 0.090475
0.8 5.4 0.0673077
0.8 5.6 0.0242798
0.8 5.8 0.00151179
0.8 6 0.0229174
0.8 6.2 0.0943138
0.8 6.4 0.194375
0.8 6.6 0.0268352
0.8 6.8 0
0.8 7 0
0.8 7.2 0
0.8 7.4 0
0.8 7.6 0
0.8 7.8 0
0.8 8 0
0.8 8.2 0
0.8 8.4 0

1 0 0
1 0.2 -0.0556229
1 0.4 -0.403065
1 0.6 -0.36388
1 0.8 -0.320719
1 1 -0.263704
1 1.2 -0.190947
1 1.4 -0.115298
1 1.6 -0.0591491
1 1.8 -0.0329169
1 2 -0.0365677
1 2.2 -0.0590791
1 2.4 -0.0825513
1 2.6 -0.0941801
1 2.8 -0.0994781
1 3 -0.111436
1 3.2 -0.144915
1 3.4 -0.20316
1 3.6 -0.274749
1 3.8 -0.329926
1 4 -0.34593
1 4.2 -0.310177
1 4.4 -0.22944
1 4.6 -0.130267
1 4.8 -0.042586
1 5 0.00577929
1 5.2 0.00961775
1 5.4 -0.0133687
1 5.6 -0.0370367
1 5.8 -0.0308207
1 6 0.0125587
1 6.2 0.0835661
1 6.4 0.145837
1 6.6 0.022214
1 6.8 0
1 7 0
1 7.2 0
1 7.4 0
1 7.6 0
1 7.8 0
1 8 0
1 8.2 0
1 8.4 0

1.2 0 0
1.2 0.2 -0.0325764
1.2 0.4 -0.236497
1.2 0.6 -0.219865
1.2 0.8 -0.198379
1.2 1 -0.161461
1.2 1.2 -0.105678
1.2 1.4 -0.0446905
1.2 1.6 -0.000493789
1.2 1.8 0.0148024
1.2 2 0.0073786
1.2 2.2 -0.0141221
1.2 2.4 -0.0309754
1.2 2.6 -0.0355105
1.2 2.8 -0.0345601
1.2 3 -0.0490726
1.2 3.2 -0.0925838
1.2 3.4 -0.161707
1.2 3.6 -0.238215
1.2 3.8 -0.286548
1.2 4 -0.287836
1.2 4.2 -0.235155
1.2 4.4 -0.149164
1.2 4.6 -0.0681542
1.2 4.8 -0.0174271
1.2 5 -0.0120505
1.2 5.2 -0.0388679
1.2 5.4 -0.0750022
1.2 5.6 -0.0909742
1.2 5.8 -0.0704906
1.2 6 -0.0200331
1.2 6.2 0.03539
1.2 6.4 0.0596348
1.2 6.6 0.0153381
1.2 6.8 -0.0174765
1.2 7 0
1.2 7.2 0
1.2 7.4 0
1.2 7.6 0
1.2 7.8 0
1.2 8 0
1.2 8.2 0
1.2 8.4 0

1.4 0 0
1.4 0.2 0.0133898
1.4 0.4 0.0969472
1.4 0.6 0.0675944
1.4 0.8 0.0380747
1.4 1 0.0295317
1.4 1.2 0.0478324
1.4 1.4 0.0822051
1.4 1.6 0.110393
1.4 1.8 0.112698
1.4 2 0.0955906
1.4 2.2 0.0707846
1.4 2.4 0.0573976
1.4 2.6 0.0604128
1.4 2.8 0.069051
1.4 3 0.0642592
1.4 3.2 0.02683
1.4 3.4 -0.0395797
1.4 3.6 -0.109259
1.4 3.8 -0.146419
1.4 4 -0.135668
1.4 4.2 -0.078607
1.4 4.4 -0.00669654
1.4 4.6 0.0454923
1.4 4.8 0.0512581
1.4 5 0.0117884
1.4 5.2 -0.0514273
1.4 5.4 -0.10379
1.4 5.6 -0.116435
1.4 5.8 -0.0899605
1.4 6 -0.0395859
1.4 6.2 0.000213624
1.4 6.4 0.000278222
1.4 6.6 -0.0538415
1.4 6.8 -0.141818
1.4 7 -0.0196283
1.4 7.2 0
1.4 7.4 0
1.4 7.6 0
1.4 7.8 0
1.4 8 0
1.4 8.2 0
1.4 8.4 0

1.6 0 0
1.6 0.2 0.0532306
1.6 0.4 0.386074
1.6 0.6 0.311147
1.6 0.8 0.227539
1.6 1 0.169412
1.6 1.2 0.151377
1.6 1.4 0.165296
1.6 1.6 0.182536
1.6 1.8 0.179728
1.6 2 0.155481
1.6 2.2 0.125905
1.6 2.4 0.110929
1.6 2.6 0.116519
1.6 2.8 0.134182
1.6 3 0.141761
1.6 3.2 0.119683
1.6 3.4 0.0706685
1.6 3.6 0.0169626
1.6 3.8 -0.00677674
1.6 4 0.0134251
1.6 4.2 0.0694282
1.6 4.4 0.127572
1.6 4.6 0.14996
1.6 4.8 0.116456
1.6 5 0.0425655
1.6 5.2 -0.0403689
1.6 5.4 -0.0956881
1.6 5.6 -0.104769
1.6 5.8 -0.0722954
1.6 6 -0.0249185
1.6 6.2 -0.000547876
1.6 6.4 -0.0169664
1.6 6.6 -0.0732648
1.6 6.8 -0.137351
1.6 7 -0.0430079
1.6 7.2 0
1.6 7.4 0
1.6 7.6 0
1.6 7.8 0
1.6 8 0
1.6 8.2 0
1.6 8.4 0

1.8 0 0
1.8 0.2 0.0627678
1.8 0.4 0.455291
1.8 0.6 0.356912
1.8 0.8 0.241634
1.8 1 0.157561
1.8 1.2 0.124105
1.8 1.4 0.136535
1.8 1.6 0.161049
1.8 1.8 0.168624
1.8 2 0.146673
1.8 2.2 0.110882
1.8 2.4 0.0858536
1.8 2.6 0.0873084
1.8 2.8 0.106559
1.8 3 0.123032
1.8 3.2 0.11553
1.8 3.4 0.0860034
1.8 3.6 0.0535434
1.8 3.8 0.0464596
1.8 4 0.0753637
1.8 4.2 0.130269
1.8 4.4 0.178518
1.8 4.6 0.184668
1.8 4.8 0.137265
1.8 5 0.0544599
1.8 5.2 -0.0247888
1.8 5.4 -0.0652312
1.8 5.6 -0.0592982
1.8 5.8 -0.0194552
1.8 6 0.0209054
1.8 6.2 0.0317778
1.8 6.4 -0.000422808
1.8 6.6 -0.0653075
1.8 6.8 -0.128362
1.8 7 -0.172637
1.8 7.2 -0.0238826
1.8 7.4 0
1.8 7.6 0
1.8 7.8 0
1.8 8 0
1.8 8.2 0
1.8 8.4 0

2 0 0
2 0.2 0.0396229
2 0.4 0.28695
2 0.6 0.192555
2 0.8 0.0766315
2 1 -0.00328788
2 1.2 -0.0217909
2 1.4 0.0143416
2 1.6 0.066123
2 1.8 0.0943131
2 2 0.0807245
2 2.2 0.0395031
2 2.4 0.000221472
2 2.6 -0.0132153
2 2.8 -0.00115785
2 3 0.0151281
2 3.2 0.018458
2 3.4 0.00447314
2 3.6 -0.0123562
2 3.8 -0.00553966
2 4 0.0311178
2 4.2 0.0879791
2 4.4 0.136788
2 4.6 0.143497
2 4.8 0.104446
2 5 0.0382384
2 5.2 -0.0147664
2 5.4 -0.0278797
2 5.6 0.000120006
2 5.8 0.0469297
2 6 0.079161
2 6.2 0.0710173
2 6.4 0.0226394
2 6.6 -0.0442624
2 6.8 -0.102954
2 7 -0.13588
2 7.2 -0.0273346
2 7.4 0
2 7.6 0
2 7.8 0
2 8 0
2 8.2 0
2 8.4 0

2.2 0 0
2.2 0.2 0.00352338
2.2 0.4 0.0249419
2.2 0.6 -0.0470677
2.2 0.8 -0.141156
2.2 1 -0.197022
2.2 1.2 -0.185437
2.2 1.4 -0.113115
2.2 1.6 -0.0267651
2.2 1.8 0.0253889
2.2 2 0.0195881
2.2 2.2 -0.0282718
2.2 2.4 -0.0831189
2.2 2.6 -0.111551
2.2 2.8 -0.112963
2.2 3 -0.100443
2.2 3.2 -0.0968872
2.2 3.4 -0.104928
2.2 3.6 -0.11465
2.2 3.8 -0.103397
2.2 4 -0.0621261
2.2 4.2 -0.00229957
2.2 4.4 0.050272
2.2 4.6 0.0684959
2.2 4.8 0.0488554
2.2 5 0.0105584
2.2 5.2 -0.0106634
2.2 5.4 0.0040589
2.2 5.6 0.0494402
2.2 5.8 0.0961381
2.2 6 0.116051
2.2 6.2 0.0903187
2.2 6.4 0.026084
2.2 6.6 -0.0393865
2.2 6.8 -0.0825234
2.2 7 -0.0891078
2.2 7.2 -0.0619654
2.2 7.4 -0.0084964
2.2 7.6 0
2.2 7.8 0
2.2 8 0
2.2 8.2 0
2.2 8.4 0

2.4 0 0
2.4 0.2 -0.0180107
2.4 0.4 -0.131021
2.4 0.6 -0.183452
2.4 0.8 -0.254522
2.4 1 -0.285449
2.4 1.2 -0.246297
2.4 1.4 -0.145632
2.4 1.6 -0.0375779
2.4 1.8 0.02668
2.4 2 0.0230696
2.4 2.2 -0.0301191
2.4 2.4 -0.0931785
2.4 2.6 -0.135135
2.4 2.8 -0.144921
2.4 3 -0.136458
2.4 3.2 -0.135641
2.4 3.4 -0.147711
2.4 3.6 -0.160412
2.4 3.8 -0.155506
2.4 4 -0.119449
2.4 4.2 -0.0637914
2.4 4.4 -0.00824082
2.4 4.6 0.0208781
2.4 4.8 0.0160039
2.4 5 -0.00190098
2.4 5.2 -0.0036268
2.4 5.4 0.0247229
2.4 5.6 0.0719272
2.4 5.8 0.110018
2.4 6 0.110252
2.4 6.2 0.0678308
2.4 6.4 -0.00116672
2.4 6.6 -0.0593751
2.4 6.8 -0.0821619
2.4 7 -0.0697257
2.4 7.2 -0.0413586
2.4 7.4 -0.00558833
2.4 7.6 0
2.4 7.8 0
2.4 8 0
2.4 8.2 0
2.4 8.4 0

2.6 0 0
2.6 0.2 -0.00985605
2.6 0.4 -0.0720844
2.6 0.6 -0.12051
2.6 0.8 -0.182066
2.6 1 -0.20262
2.6 1.2 -0.152622
2.6 1.4 -0.051469
2.6 1.6 0.053759
2.6 1.8 0.112333
2.6 2 0.101741
2.6 2.2 0.0431402
2.6 2.4 -0.0203626
2.6 2.6 -0.0594991
2.6 2.8 -0.0677159
2.6 3 -0.0588744
2.6 3.2 -0.0611238
2.6 3.4 -0.0804633
2.6 3.6 -0.10504
2.6 3.8 -0.112466
2.6 4 -0.0883502
2.6 4.2 -0.0412662
2.6 4.4 0.00961423
2.6 4.6 0.0362857
2.6 4.8 0.034426
2.6 5 0.018439
2.6 5.2 0.0123733
2.6 5.4 0.0299635
2.6 5.6 0.0615076
2.6 5.8 0.0813319
2.6 6 0.0661088
2.6 6.2 0.0163173
2.6 6.4 -0.0464866
2.6 6.6 -0.0893501
2.6 6.8 -0.0876503
2.6 7 -0.0478616
2.6 7.2 -0.00278969
2.6 7.4 0.0225013
2.6 7.6 0
2.6 7.8 0
2.6 8 0
2.6 8.2 0
2.6 8.4 0

2.8 0 0
2.8 0.2 0.0201889
2.8 0.4 0.146379
2.8 0.6 0.089115
2.8 0.8 0.0255503
2.8 1 0.000351366
2.8 1.2 0.0370309
2.8 1.4 0.114607
2.8 1.6 0.191133
2.8 1.8 0.223605
2.8 2 0.199225
2.8 2.2 0.141815
2.8 2.4 0.0866071
2.8 2.6 0.0643414
2.8 2.8 0.071934
2.8 3 0.0859146
2.8 3.2 0.0847653
2.8 3.4 0.0581853
2.8 3.6 0.0216241
2.8 3.8 0.00162554
2.8 4 0.0132881
2.8 4.2 0.0501298
2.8 4.4 0.0905733
2.8 4.6 0.108522
2.8 4.8 0.0944823
2.8 5 0.06087
2.8 5.2 0.0304154
2.8 5.4 0.0223005
2.8 5.6 0.0280107
2.8 5.8 0.0282564
2.8 6 0.00704142
2.8 6.2 -0.0372812
2.8 6.4 -0.0816273
2.8 6.6 -0.101783
2.8 6.8 -0.0768103
2.8 7 -0.0152411
2.8 7.2 0.0679768
2.8 7.4 0.168131
2.8 7.6 0.0231366
2.8 7.8 0
2.8 8 0
2.8 8.2 0
2.8 8.4 0

3 0 0
3 0.2 0.0482336
3 0.4 0.349815
3 0.6 0.285724
3 0.8 0.221262
3 1 0.188514
3 1.2 0.201649
3 1.4 0.242547
3 1.6 0.277264
3 1.8 0.277098
3 2 0.23752
3 2.2 0.185025
3 2.4 0.150606
3 2.6 0.15196
3 2.8 0.178881
3 3 0.204722
3 3.2 0.205509
3 3.4 0.175077
3 3.6 0.130142
3 3.8 0.103631
3 4 0.110273
3 4.2 0.141572
3 4.4 0.176067
3 4.6 0.185303
3 4.8 0.158137
3 5 0.101327
3 5.2 0.041315
3 5.4 0.000732394
3 5.6 -0.0170518
3 5.8 -0.0254629
3 6 -0.0388679
3 6.2 -0.0622256
3 6.4 -0.0790267
3 6.6 -0.0753867
3 6.8 -0.0411609
3 7 0.015776
3 7.2 0.0810988
3 7.4 0.133381
3 7.6 0.0182782
3 7.8 0
3 8 0
3 8.2 0
3 8.4 0

3.2 0 0
3.2 0.2 0.050991
3.2 0.4 0.370879
3.2 0.6 0.318416
3.2 0.8 0.269609
3.2 1 0.241524
3.2 1.2 0.238533
3.2 1.4 0.247789
3.2 1.6 0.244623
3.2 1.8 0.216618
3.2 2 0.167449
3.2 2.2 0.124375
3.2 2.4 0.113822
3.2 2.6 0.139212
3.2 2.8 0.182647
3.2 3 0.216268
3.2 3.2 0.217617
3.2 3.4 0.185314
3.2 3.6 0.140781
3.2 3.8 0.115604
3.2 4 0.128257
3.2 4.2 0.166884
3.2 4.4 0.20533
3.2 4.6 0.215116
3.2 4.8 0.179055
3.2 5 0.107004
3.2 5.2 0.0304818
3.2 5.4 -0.0274149
3.2 5.6 -0.0558605
3.2 5.8 -0.0605533
3.2 6 -0.0532033
3.2 6.2 -0.0448031
3.2 6.4 -0.0331294
3.2 6.6 -0.0123062
3.2 6.8 0.0171653
3.2 7 0.0467135
3.2 7.2 0.064577
3.2 7.4 0.0659758
3.2 7.6 -0.0129535
3.2 7.8 0
3.2 8 0
3.2 8.2 0
3.2 8.4 0

3.4 0 0
3.4 0.2 0.0228031
3.4 0.4 0.166844
3.4 0.6 0.148063
3.4 0.8 0.133477
3.4 1 0.128015
3.4 1.2 0.128241
3.4 1.4 0.12453
3.4 1.6 0.102287
3.4 1.8 0.0595078
3.4 2 0.0128791
3.4 2.2 -0.0158577
3.4 2.4 -0.00929126
3.4 2.6 0.0299423
3.4 2.8 0.0792776
3.4 3 0.112034
3.4 3.2 0.107849
3.4 3.4 0.0738186
3.4 3.6 0.0377963
3.4 3.8 0.0251541
3.4 4 0.0530641
3.4 4.2 0.106669
3.4 4.4 0.157326
3.4 4.6 0.175335
3.4 4.8 0.144763
3.4 5 0.0752979
3.4 5.2 -0.00194649
3.4 5.4 -0.0603535
3.4 5.6 -0.0833997
3.4 5.8 -0.0710223
3.4 6 -0.0390282
3.4 6.2 0.00157401
3.4 6.4 0.038899
3.4 6.6 0.0695357
3.4 6.8 0.0831271
3.4 7 0.0768751
3.4 7.2 0.0394523
3.4 7.4 -0.0348853
3.4 7.6 -0.161076
3.4 7.8 -0.0221605
3.4 8 0
3.4 8.2 0
3.4 8.4 0

3.6 0 0
3.6 0.2 -0.0214046
3.6 0.4 -0.153663
3.6 0.6 -0.129305
3.6 0.8 -0.100842
3.6 1 -0.072373
3.6 1.2 -0.0538896
3.6 1.4 -0.0538072
3.6 1.6 -0.0765502
3.6 1.8 -0.114374
3.6 2 -0.150719
3.6 2.2 -0.163874
3.6 2.4 -0.146133
3.6 2.6 -0.105722
3.6 2.8 -0.0645907
3.6 3 -0.0445159
3.6 3.2 -0.0548812
3.6 3.4 -0.087028
3.6 3.6 -0.111174
3.6 3.8 -0.107405
3.6 4 -0.0659085
3.6 4.2 0.00219293
3.6 4.4 0.0627976
3.6 4.6 0.0885199
3.6 4.8 0.0687632
3.6 5 0.0153489
3.6 5.2 -0.0467802
3.6 5.4 -0.0887346
3.6 5.6 -0.0940617
3.6 5.8 -0.0662414
3.6 6 -0.0144344
3.6 6.2 0.045518
3.6 6.4 0.0977969
3.6 6.6 0.130441
3.6 6.8 0.132696
3.6 7 0.104351
3.6 7.2 0.0420062
3.6 7.4 -0.042632
3.6 7.6 -0.124328
3.6 7.8 -0.0172113
3.6 8 0
3.6 8.2 0
3.6 8.4 0

3.8 0 0
3.8 0.2 -0.0565859
3.8 0.4 -0.409884
3.8 0.6 -0.353781
3.8 0.8 -0.293052
3.8 1 -0.23785
3.8 1.2 -0.199035
3.8 1.4 -0.18625
3.8 1.6 -0.196734
3.8 1.8 -0.217846
3.8 2 -0.233595
3.8 2.2 -0.232745
3.8 2.4 -0.212048
3.8 2.6 -0.181108
3.8 2.8 -0.157528
3.8 3 -0.155127
3.8 3.2 -0.169905
3.8 3.4 -0.192106
3.8 3.6 -0.201947
3.8 3.8 -0.185017
3.8 4 -0.136627
3.8 4.2 -0.0730638
3.8 4.4 -0.0176917
3.8 4.6 0.00531665
3.8 4.8 -0.00911642
3.8 5 -0.0457789
3.8 5.2 -0.0832914
3.8 5.4 -0.103257
3.8 5.6 -0.0930266
3.8 5.8 -0.0558221
3.8 6 0.00133581
3.8 6.2 0.062996
3.8 6.4 0.111562
3.8 6.6 0.139671
3.8 6.8 0.138695
3.8 7 0.106225
3.8 7.2 0.0512843
3.8 7.4 -0.00838506
3.8 7.6 -0.0522263
3.8 7.8 -0.00724736
3.8 8 0
3.8 8.2 0
3.8 8.4 0

4 0 0
4 0.2 -0.0651441
4 0.4 -0.472099
4 0.6 -0.407346
4 0.8 -0.338908
4 1 -0.278345
4 1.2 -0.235355
4 1.4 -0.213807
4 1.6 -0.210864
4 1.8 -0.212165
4 2 -0.208593
4 2.2 -0.193967
4 2.4 -0.175774
4 2.6 -0.160254
4 2.8 -0.152998
4 3 -0.159163
4 3.2 -0.171435
4 3.4 -0.1778
4 3.6 -0.167942
4 3.8 -0.141393
4 4 -0.102211
4 4.2 -0.062602
4 4.4 -0.0399398
4 4.6 -0.0379769
4 4.8 -0.056619
4 5 -0.0810249
4 5.2 -0.0964892
4 5.4 -0.0975283
4 5.6 -0.079974
4 5.8 -0.047141
4 6 -0.00338284
4 6.2 0.0414563
4 6.4 0.0741684
4 6.6 0.0894774
4 6.8 0.0872585
4 7 0.068951
4 7.2 0.0452964
4 7.4 0.0306057
4 7.6 0.0323825
4 7.8 0.0341433
4 8 0
4 8.2 0
4 8.4 0

4.2 0 0
4.2 0.2 -0.0462619
4.2 0.4 -0.335633
4.2 0.6 -0.289492
4.2 0.8 -0.243313
4.2 1 -0.201922
4.2 1.2 -0.170828
4.2 1.4 -0.151803
4.2 1.6 -0.138699
4.2 1.8 -0.122575
4.2 2 -0.10214
4.2 2.2 -0.0822532
4.2 2.4 -0.068006
4.2 2.6 -0.0666862
4.2 2.8 -0.0718007
4.2 3 -0.0775532
4.2 3.2 -0.0743957
4.2 3.4 -0.0550077
4.2 3.6 -0.0249173
4.2 3.8 0.00581473
4.2 4 0.024456
4.2 4.2 0.0233548
4.2 4.4 0.00237279
4.2 4.6 -0.0322498
4.2 4.8 -0.0641349
4.2 5 -0.0842382
4.2 5.2 -0.0837803
4.2 5.4 -0.0726497
4.2 5.6 -0.0556404
4.2 5.8 -0.0347035
4.2 6 -0.0168114
4.2 6.2 -0.000838283
4.2 6.4 0.0052702
4.2 6.6 0.00742106
4.2 6.8 0.0018561
4.2 7 -0.00164612
4.2 7.2 0.00742375
4.2 7.4 0.041598
4.2 7.6 0.105634
4.2 7.8 0.215994
4.2 8 0.0297546
4.2 8.2 0
4.2 8.4 0

4.4 0 0
4.4 0.2 -0.0156429
4.4 0.4 -0.114892
4.4 0.6 -0.102151
4.4 0.8 -0.0903445
4.4 1 -0.0811568
4.4 1.2 -0.0752135
4.4 1.4 -0.0690919
4.4 1.6 -0.050532
4.4 1.8 -0.0245869
4.4 2 0.00561599
4.4 2.2 0.028404
4.4 2.4 0.0359858
4.4 2.6 0.0257538
4.4 2.8 0.0130845
4.4 3 0.0163689
4.4 3.2 0.0426044
4.4 3.4 0.0913659
4.4 3.6 0.142439
4.4 3.8 0.173515
4.4 4 0.169804
4.4 4.2 0.125649
4.4 4.4 0.0588276
4.4 4.6 -0.00850382
4.4 4.8 -0.0518007
4.4 5 -0.0611626
4.4 5.2 -0.0474633
4.4 5.4 -0.0248783
4.4 5.6 -0.0112775
4.4 5.8 -0.0107393
4.4 6 -0.0202789
4.4 6.2 -0.035534
4.4 6.4 -0.0523162
4.4 6.6 -0.0685026
4.4 6.8 -0.0760251
4.4 7 -0.0717748
4.4 7.2 -0.0500516
4.4 7.4 0.00216168
4.4 7.6 0.0735235
4.4 7.8 0.146251
4.4 8 0.020204
4.4 8.2 0
4.4 8.4 0

4.6 0 0
4.6 0.2 0.00632086
4.6 0.4 0.045027
4.6 0.6 0.0325984
4.6 0.8 0.0124489
4.6 1 -0.00913544
4.6 1.2 -0.0239942
4.6 1.4 -0.0258563
4.6 1.6 -0.00782768
4.6 1.8 0.0246574
4.6 2 0.0578249
4.6 2.2 0.0779111
4.6 2.4 0.0739082
4.6 2.6 0.0532216
4.6 2.8 0.0369785
4.6 3 0.0483547
4.6 3.2 0.0975388
4.6 3.4 0.170997
4.6 3.6 0.239203
4.6 3.8 0.268181
4.6 4 0.245401
4.6 4.2 0.171699
4.6 4.4 0.0741297
4.6 4.6 -0.00510737
4.6 4.8 -0.0435235
4.6 5 -0.0347239
4.6 5.2 -4.75161e-05
4.6 5.4 0.0357597
4.6 5.6 0.0466982
4.6 5.8 0.0313072
4.6 6 -0.000741555
4.6 6.2 -0.0369107
4.6 6.4 -0.0674535
4.6 6.6 -0.0913074
4.6 6.8 -0.104707
4.6 7 -0.106432
4.6 7.2 -0.0903192
4.6 7.4 -0.05001
4.6 7.6 0.00261272
4.6 7.8 0.0456822
4.6 8 0.00619302
4.6 8.2 0
4.6 8.4 0

4.8 0 0
4.8 0.2 0.00866305
4.8 0.4 0.0632862
4.8 0.6 0.0445134
4.8 0.8 0.0138191
4.8 1 -0.0196931
4.8 1.2 -0.0431357
4.8 1.4 -0.0446958
4.8 1.6 -0.0228272
4.8 1.8 0.0140689
4.8 2 0.0484358
4.8 2.2 0.0613963
4.8 2.4 0.0443515
4.8 2.6 0.00869542
4.8 2.8 -0.0164861
4.8 3 -0.00516258
4.8 3.2 0.0506781
4.8 3.4 0.137419
4.8 3.6 0.213132
4.8 3.8 0.242232
4.8 4 0.207215
4.8 4.2 0.120303
4.8 4.4 0.0223553
4.8 4.6 -0.0456327
4.8 4.8 -0.0543204
4.8 5 -0.0132344
4.8 5.2 0.0494648
4.8 5.4 0.0982815
4.8 5.6 0.107275
4.8 5.8 0.0837319
4.8 6 0.0391375
4.8 6.2 -0.000715991
4.8 6.4 -0.0317396
4.8 6.6 -0.0532336
4.8 6.8 -0.0686584
4.8 7 -0.0803436
4.8 7.2 -0.0831028
4.8 7.4 -0.0730458
4.8 7.6 -0.0527182
4.8 7.8 -0.0341862
4.8 8 -0.00461282
4.8 8.2 0
4.8 8.4 0

5 0 0
5 0.2 -0.00463258
5 0.4 -0.0334013
5 0.6 -0.0445559
5 0.8 -0.0666321
5 1 -0.0903713
5 1.2 -0.103954
5 1.4 -0.0962839
5 1.6 -0.0638108
5 1.8 -0.0223736
5 2 0.0118989
5 2.2 0.0166754
5 2.4 -0.0143586
5 2.6 -0.0669194
5 2.8 -0.106102
5 3 -0.104176
5 3.2 -0.0567558
5 3.4 0.0239651
5 3.6 0.0948591
5 3.8 0.118362
5 4 0.081361
5 4.2 -0.000131745
5 4.4 -0.0771552
5 4.6 -0.111987
5 4.8 -0.0826102
5 5 -0.00217913
5 5.2 0.0883379
5 5.4 0.145036
5 5.6 0.152036
5 5.8 0.119876
5 6 0.0743937
5 6.2 0.0409953
5 6.4 0.0224531
5 6.6 0.0169086
5 6.8 0.00803101
5 7 -0.0095461
5 7.2 -0.0323919
5 7.4 -0.0505875
5 7.6 -0.0573564
5 7.8 -0.0581678
5 8 -0.010994
5 8.2 0
5 8.4 0

5.2 0 0
5.2 0.2 -0.0214327
5.2 0.4 -0.15492
5.2 0.6 -0.149944
5.2 0.8 -0.153921
5.2 1 -0.158911
5.2 1.2 -0.155523
5.2 1.4 -0.133412
5.2 1.6 -0.089148
5.2 1.8 -0.0406882
5.2 2 -0.00442597
5.2 2.2 -0.0042207
5.2 2.4 -0.0457888
5.2 2.6 -0.111159
5.2 2.8 -0.166667
5.2 3 -0.183782
5.2 3.2 -0.150808
5.2 3.4 -0.0892924
5.2 3.6 -0.0341663
5.2 3.8 -0.0208759
5.2 4 -0.0575159
5.2 4.2 -0.123081
5.2 4.4 -0.175028
5.2 4.6 -0.173145
5.2 4.8 -0.10647
5.2 5 0.00128409
5.2 5.2 0.10526
5.2 5.4 0.161762
5.2 5.6 0.161493
5.2 5.8 0.119508
5.2 6 0.0746044
5.2 6.2 0.0506704
5.2 6.4 0.0557558
5.2 6.6 0.0719976
5.2 6.8 0.0779358
5.2 7 0.0638339
5.2 7.2 0.03142
5.2 7.4 -0.00362958
5.2 7.6 -0.0271454
5.2 7.8 -0.0323081
5.2 8 -0.0210819
5.2 8.2 -0.0029427
5.2 8.4 0

5.4 0 0
5.4 0.2 -0.0293925
5.4 0.4 -0.211901
5.4 0.6 -0.195125
5.4 0.8 -0.186344
5.4 1 -0.178545
5.4 1.2 -0.162784
5.4 1.4 -0.128938
5.4 1.6 -0.0771571
5.4 1.8 -0.0237447
5.4 2 0.0141895
5.4 2.2 0.0173565
5.4 2.4 -0.0258526
5.4 2.6 -0.0932812
5.4 2.8 -0.156594
5.4 3 -0.186882
5.4 3.2 -0.171323
5.4 3.4 -0.131628
5.4 3.6 -0.0950036
5.4 3.8 -0.0918029
5.4 4 -0.130529
5.4 4.2 -0.188662
5.4 4.4 -0.222282
5.4 4.6 -0.198169
5.4 4.8 -0.114727
5.4 5 6.82485e-05
5.4 5.2 0.0969013
5.4 5.4 0.140668
5.4 5.6 0.125426
5.4 5.8 0.0735855
5.4 6 0.0258576
5.4 6.2 0.0111691
5.4 6.4 0.0340278
5.4 6.6 0.0730533
5.4 6.8 0.0994647
5.4 7 0.0953907
5.4 7.2 0.0677061
5.4 7.4 0.031014
5.4 7.6 0.00303377
5.4 7.8 -0.00912367
5.4 8 -0.00647416
5.4 8.2 -0.000882483
5.4 8.4 0

5.6 0 0
5.6 0.2 -0.0237681
5.6 0.4 -0.170735
5.6 0.6 -0.155349
5.6 0.8 -0.14826
5.6 1 -0.141326
5.6 1.2 -0.125726
5.6 1.4 -0.0937693
5.6 1.6 -0.0454611
5.6 1.8 0.00955358
5.6 2 0.0525141
5.6 2.2 0.0629093
5.6 2.4 0.0327359
5.6 2.6 -0.0281245
5.6 2.8 -0.0851823
5.6 3 -0.117113
5.6 3.2 -0.112491
5.6 3.4 -0.0832805
5.6 3.6 -0.0589306
5.6 3.8 -0.0648483
5.6 4 -0.108586
5.6 4.2 -0.167961
5.6 4.4 -0.201086
5.6 4.6 -0.181946
5.6 4.8 -0.107558
5.6 5 -0.00883469
5.6 5.2 0.0674387
5.6 5.4 0.0895477
5.6 5.6 0.0578408
5.6 5.8 -0.00255795
5.6 6 -0.0543288
5.6 6.2 -0.0651864
5.6 6.4 -0.0326656
5.6 6.6 0.0198838
5.6 6.8 0.0620111
5.6 7 0.0738844
5.6 7.2 0.0576774
5.6 7.4 0.0294925
5.6 7.6 0.00644242
5.6 7.8 -0.00222693
5.6 8 -0.00110498
5.6 8.2 -0.000113262
5.6 8.4 0

5.8 0 0
5.8 0.2 -0.00770483
5.8 0.4 -0.0557587
5.8 0.6 -0.057345
5.8 0.8 -0.0642785
5.8 1 -0.0742762
5.8 1.2 -0.0769886
5.8 1.4 -0.0601905
5.8 1.6 -0.0226582
5.8 1.8 0.0278782
5.8 2 0.0745742
5.8 2.2 0.0955561
5.8 2.4 0.0816409
5.8 2.6 0.0390055
5.8 2.8 -0.00410262
5.8 3 -0.0250466
5.8 3.2 -0.0163267
5.8 3.4 0.0136789
5.8 3.6 0.0368623
5.8 3.8 0.0291394
5.8 4 -0.0159984
5.8 4.2 -0.081998
5.8 4.4 -0.133497
5.8 4.6 -0.140533
5.8 4.8 -0.0988794
5.8 5 -0.0340268
5.8 5.2 0.0182308
5.8 5.4 0.0258217
5.8 5.6 -0.0119839
5.8 5.8 -0.0707874
5.8 6 -0.120549
5.8 6.2 -0.13185
5.8 6.4 -0.102271
5.8 6.6 -0.0504036
5.8 6.8 -0.00479199
5.8 7 0.0165928
5.8 7.2 0.0134326
5.8 7.4 0.000909431
5.8 7.6 -0.0105022
5.8 7.8 -0.012593
5.8 8 -0.0119994
5.8 8.2 -0.00169461
5.8 8.4 0

6 0 0
6 0.2 0.0110075
6 0.4 0.0810058
6 0.6 0.0601976
6 0.8 0.0293938
6 1 -0.00524664
6 1.2 -0.034866
6 1.4 -0.0406657
6 1.6 -0.0225552
6 1.8 0.0177639
6 2 0.0646389
6 2.2 0.0936719
6 2.4 0.0954404
6 2.6 0.0728932
6 2.8 0.0454554
6 3 0.0343415
6 3.2 0.0529907
6 3.4 0.0918236
6 3.6 0.125526
6 3.8 0.127648
6 4 0.0846921
6 4.2 0.0126525
6 4.4 -0.0626652
6 4.6 -0.10334
6 4.8 -0.101877
6 5 -0.0713768
6 5.2 -0.0374026
6 5.4 -0.0269489
6 5.6 -0.0500345
6 5.8 -0.0913906
6 6 -0.129551
6 6.2 -0.14356
6 6.4 -0.127134
6 6.6 -0.0916744
6 6.8 -0.0542758
6 7 -0.0308075
6 7.2 -0.0244471
6 7.4 -0.0272713
6 7.6 -0.0316962
6 7.8 -0.0322577
6 8 -0.0310017
6 8.2 -0.00411256
6 8.4 0

6.2 0 0
6.2 0.2 0.0276517
6.2 0.4 0.201497
6.2 0.6 0.163558
6.2 0.8 0.112563
6.2 1 0.0555942
6.2 1.2 0.00355234
6.2 1.4 -0.0243046
6.2 1.6 -0.0249353
6.2 1.8 0.0023336
6.2 2 0.0410282
6.2 2.2 0.0737013
6.2 2.4 0.0844906
6.2 2.6 0.0714475
6.2 2.8 0.0502421
6.2 3 0.043414
6.2 3.2 0.0658038
6.2 3.4 0.111181
6.2 3.6 0.157528
6.2 3.8 0.174293
6.2 4 0.143718
6.2 4.2 0.071612
6.2 4.4 -0.0164575
6.2 4.6 -0.0887242
6.2 4.8 -0.121318
6.2 5 -0.114006
6.2 5.2 -0.0841172
6.2 5.4 -0.0535141
6.2 5.6 -0.038571
6.2 5.8 -0.0465365
6.2 6 -0.0668805
6.2 6.2 -0.0846326
6.2 6.4 -0.0867981
6.2 6.6 -0.0734314
6.2 6.8 -0.05419
6.2 7 -0.0379914
6.2 7.2 -0.0296673
6.2 7.4 -0.0295262
6.2 7.6 -0.0334332
6.2 7.8 -0.0401316
6.2 8 -0.0453346
6.2 8.2 -0.00606035
6.2 8.4 0

6.4 0 0
6.4 0.2 0.0397749
6.4 0.4 0.289575
6.4 0.6 0.242965
6.4 0.8 0.182174
6.4 1 0.116465
6.4 1.2 0.0553023
6.4 1.4 0.0155091
6.4 1.6 0.00208131
6.4 1.8 0.0157034
6.4 2 0.0467422
6.4 2.2 0.0739355
6.4 2.4 0.0863671
6.4 2.6 0.0720301
6.4 2.8 0.044069
6.4 3 0.025707
6.4 3.2 0.0342898
6.4 3.4 0.0745225
6.4 3.6 0.125281
6.4 3.8 0.160809
6.4 4 0.152281
6.4 4.2 0.0927927
6.4 4.4 0.00220782
6.4 4.6 -0.0869721
6.4 4.8 -0.142942
6.4 5 -0.148747
6.4 5.2 -0.11012
6.4 5.4 -0.0487386
6.4 5.6 0.00685761
6.4 5.8 0.0373666
6.4 6 0.0386081
6.4 6.2 0.0183577
6.4 6.4 -0.00237136
6.4 6.6 -0.0126794
6.4 6.8 -0.00878585
6.4 7 0.000847598
6.4 7.2 0.00601768
6.4 7.4 0.00211683
6.4 7.6 -0.012823
6.4 7.8 -0.0318762
6.4 8 -0.0513001
6.4 8.2 -0.00712775
6.4 8.4 0

6.6 0 0
6.6 0.2 0.0462745
6.6 0.4 0.336418
6.6 0.6 0.292687
6.6 0.8 0.239654
6.6 1 0.180602
6.6 1.2 0.125275
6.6 1.4 0.0838996
6.6 1.6 0.0636804
6.6 1.8 0.0679977
6.6 2 0.0929524
6.6 2.2 0.117084
6.6 2.4 0.12427
6.6 2.6 0.10456
6.6 2.8 0.0625016
6.6 3 0.0222669
6.6 3.2 0.00493215
6.6 3.4 0.0250128
6.6 3.6 0.071518
6.6 3.8 0.116514
6.6 4 0.128277
6.6 4.2 0.0917788
6.6 4.4 0.013019
6.6 4.6 -0.0800622
6.6 4.8 -0.148499
6.6 5 -0.161813
6.6 5.2 -0.11885
6.6 5.4 -0.0336456
6.6 5.6 0.0554273
6.6 5.8 0.115672
6.6 6 0.130871
6.6 6.2 0.108398
6.6 6.4 0.0738723
6.6 6.6 0.0509289
6.6 6.8 0.0482253
6.6 7 0.0556033
6.6 7.2 0.0635068
6.6 7.4 0.0535707
6.6 7.6 0.023088
6.6 7.8 -0.0187815
6.6 8 -0.0545363
6.6 8.2 -0.00763822
6.6 8.4 0

6.8 0 0
6.8 0.2 0.0451854
6.8 0.4 0.328335
6.8 0.6 0.29716
6.8 0.8 0.263224
6.8 1 0.227051
6.8 1.2 0.187355
6.8 1.4 0.15274
6.8 1.6 0.132918
6.8 1.8 0.132171
6.8 2 0.150986
6.8 2.2 0.176584
6.8 2.4 0.187912
6.8 2.6 0.169661
6.8 2.8 0.121732
6.8 3 0.0600567
6.8 3.2 0.012143
6.8 3.4 0.000421675
6.8 3.6 0.0294965
6.8 3.8 0.0762506
6.8 4 0.107218
6.8 4.2 0.0960729
6.8 4.4 0.0379285
6.8 4.6 -0.050734
6.8 4.8 -0.128081
6.8 5 -0.157106
6.8 5.2 -0.121161
6.8 5.4 -0.0333622
6.8 5.6 0.0670252
6.8 5.8 0.140446
6.8 6 0.159049
6.8 6.2 0.134234
6.8 6.4 0.0915865
6.8 6.6 0.0688887
6.8 6.8 0.0742894
6.8 7 0.097121
6.8 7.2 0.114415
6.8 7.4 0.100915
6.8 7.6 0.0535696
6.8 7.8 -0.0136583
6.8 8 -0.065969
6.8 8.2 -0.0092344
6.8 8.4 0

7 0 0
7 0.2 0.0343636
7 0.4 0.248253
7 0.6 0.236572
7 0.8 0.230362
7 1 0.22286
7 1.2 0.203758
7 1.4 0.175077
7 1.6 0.152599
7 1.8 0.146063
7 2 0.162112
7 2.2 0.195887
7 2.4 0.226436
7 2.6 0.23113
7 2.8 0.195713
7 3 0.1275
7 3.2 0.0570176
7 3.4 0.0141407
7 3.6 0.0156255
7 3.8 0.0557739
7 4 0.0990946
7 4.2 0.112364
7 4.4 0.0749883
7 4.6 -0.00408355
7 4.8 -0.0923008
7 5 -0.14354
7 5.2 -0.131901
7 5.4 -0.0637267
7 5.6 0.024478
7 5.8 0.0894581
7 6 0.104497
7 6.2 0.0760862
7 6.4 0.0373253
7 6.6 0.0274382
7 6.8 0.0546761
7 7 0.103219
7 7.2 0.138118
7 7.4 0.127391
7 7.6 0.0660188
7 7.8 -0.0239109
7 8 -0.0936308
7 8.2 -0.0130774
7 8.4 0

7.2 0 0
7.2 0.2 0.0140914
7.2 0.4 0.100858
7.2 0.6 0.113331
7.2 0.8 0.137572
7.2 1 0.154
7.2 1.2 0.149377
7.2 1.4 0.12236
7.2 1.6 0.088775
7.2 1.8 0.07028
7.2 2 0.0830073
7.2 2.2 0.130741
7.2 2.4 0.191807
7.2 2.6 0.236315
7.2 2.8 0.235793
7.2 3 0.185446
7.2 3.2 0.107437
7.2 3.4 0.039662
7.2 3.6 0.0159559
7.2 3.8 0.0416833
7.2 4 0.0914676
7.2 4.2 0.125455
7.2 4.4 0.108077
7.2 4.6 0.0382515
7.2 4.8 -0.0599236
7.2 5 -0.137202
7.2 5.2 -0.15807
7.2 5.4 -0.124047
7.2 5.6 -0.0606562
7.2 5.8 -0.0108347
7.2 6 -0.00180143
7.2 6.2 -0.0281414
7.2 6.4 -0.0568091
7.2 6.6 -0.0498162
7.2 6.8 0.00490828
7.2 7 0.0822584
7.2 7.2 0.137099
7.2 7.4 0.132654
7.2 7.6 0.0621663
7.2 7.8 -0.0438529
7.2 8 -0.129695
7.2 8.2 -0.0181918
7.2 8.4 0

7.4 0 0
7.4 0.2 -0.0096725
7.4 0.4 -0.0705456
7.4 0.6 -0.0355806
7.4 0.8 0.0099397
7.4 1 0.0431816
7.4 1.2 0.0458991
7.4 1.4 0.0120606
7.4 1.6 -0.0395455
7.4 1.8 -0.0789909
7.4 2 -0.0741873
7.4 2.2 -0.0187798
7.4 2.4 0.0753312
7.4 2.6 0.167479
7.4 2.8 0.213336
7.4 3 0.193686
7.4 3.2 0.122454
7.4 3.4 0.0407319
7.4 3.6 -0.00540252
7.4 3.8 0.00623216
7.4 4 0.0589675
7.4 4.2 0.109397
7.4 4.4 0.113425
7.4 4.6 0.0541611
7.4 4.8 -0.0472794
7.4 5 -0.144679
7.4 5.2 -0.196141
7.4 5.4 -0.190912
7.4 5.6 -0.147407
7.4 5.8 -0.107064
7.4 6 -0.0999256
7.4 6.2 -0.123097
7.4 6.4 -0.140323
7.4 6.6 -0.115311
7.4 6.8 -0.0421908
7.4 7 0.0570327
7.4 7.2 0.129038
7.4 7.4 0.131895
7.4 7.6 0.0562013
7.4 7.8 -0.0618791
7.4 8 -0.154525
7.4 8.2 -0.021372
7.4 8.4 0

7.6 0 0
7.6 0.2 -0.0275257
7.6 0.4 -0.19998
7.6 0.6 -0.152622
7.6 0.8 -0.0949724
7.6 1 -0.0553397
7.6 1.2 -0.0542583
7.6 1.4 -0.0974977
7.6 1.6 -0.168869
7.6 1.8 -0.228718
7.6 2 -0.24241
7.6 2.2 -0.190473
7.6 2.4 -0.0789234
7.6 2.6 0.0446031
7.6 2.8 0.12846
7.6 3 0.139625
7.6 3.2 0.0812337
7.6 3.4 -0.00523752
7.6 3.6 -0.0645219
7.6 3.8 -0.0643446
7.6 4 -0.00929019
7.6 4.2 0.0559867
7.6 4.4 0.0819507
7.6 4.6 0.037636
7.6 4.8 -0.0599684
7.6 5 -0.165284
7.6 5.2 -0.230906
7.6 5.4 -0.236946
7.6 5.6 -0.197657
7.6 5.8 -0.153637
7.6 6 -0.138908
7.6 6.2 -0.15423
7.6 6.4 -0.165418
7.6 6.6 -0.13576
7.6 6.8 -0.0560872
7.6 7 0.049238
7.6 7.2 0.129903
7.6 7.4 0.138161
7.6 7.6 0.0648337
7.6 7.8 -0.0532219
7.6 8 -0.147366
7.6 8.2 -0.0204032
7.6 8.4 0

7.8 0 0
7.8 0.2 -0.0331857
7.8 0.4 -0.23983
7.8 0.6 -0.190686
7.8 0.8 -0.134837
7.8 1 -0.0943688
7.8 1.2 -0.0928893
7.8 1.4 -0.139459
7.8 1.6 -0.219523
7.8 1.8 -0.300767
7.8 2 -0.33538
7.8 2.2 -0.301068
7.8 2.4 -0.19976
7.8 2.6 -0.0718768
7.8 2.8 0.0252877
7.8 3 0.0521159
7.8 3.2 0.00439465
7.8 3.4 -0.080465
7.8 3.6 -0.146821
7.8 3.8 -0.149733
7.8 4 -0.0904579
7.8 4.2 -0.0117611
7.8 4.4 0.0314293
7.8 4.6 0.00384625
7.8 4.8 -0.0831972
7.8 5 -0.183824
7.8 5.2 -0.245762
7.8 5.4 -0.245454
7.8 5.6 -0.194127
7.8 5.8 -0.133947
7.8 6 -0.103383
7.8 6.2 -0.111145
7.8 6.4 -0.127298
7.8 6.6 -0.105933
7.8 6.8 -0.0353492
7.8 7 0.0635347
7.8 7.2 0.144799
7.8 7.4 0.15852
7.8 7.6 0.0952386
7.8 7.8 -0.0118114
7.8 8 -0.0977321
7.8 8.2 -0.0135152
7.8 8.4 0

8 0 0
8 0.2 -0.0268559
8 0.4 -0.193709
8 0.6 -0.154722
8 0.8 -0.106684
8 1 -0.070077
8 1.2 -0.0596963
8 1.4 -0.0937433
8 1.6 -0.163835
8 1.8 -0.248804
8 2 -0.303105
8 2.2 -0.298379
8 2.4 -0.230346
8 2.6 -0.128878
8 2.8 -0.0459226
8 3 -0.0207148
8 3.2 -0.0666931
8 3.4 -0.147284
8 3.6 -0.208065
8 3.8 -0.209512
8 4 -0.143006
8 4.2 -0.0556498
8 4.4 -0.00270722
8 4.6 -0.0162888
8 4.8 -0.0928225
8 5 -0.186246
8 5.2 -0.23694
8 5.4 -0.220406
8 5.6 -0.145942
8 5.8 -0.0652126
8 6 -0.0223465
8 6.2 -0.0297954
8 6.4 -0.0564298
8 6.6 -0.0574163
8 6.8 -0.0093206
8 7 0.0738746
8 7.2 0.15241
8 7.4 0.178172
8 7.6 0.135101
8 7.8 0.050829
8 8 -0.0168715
8 8.2 -0.00245681
8 8.4 0

8.2 0 0
8.2 0.2 -0.0157762
8.2 0.4 -0.113482
8.2 0.6 -0.0904331
8.2 0.8 -0.0551325
8.2 1 -0.0195281
8.2 1.2 0.00448411
8.2 1.4 -0.000917881
8.2 1.6 -0.0398696
8.2 1.8 -0.108258
8.2 2 -0.170156
8.2 2.2 -0.195154
8.2 2.4 -0.169275
8.2 2.6 -0.109597
8.2 2.8 -0.0579854
8.2 3 -0.0460886
8.2 3.2 -0.0900872
8.2 3.4 -0.162741
8.2 3.6 -0.213529
8.2 3.8 -0.204639
8.2 4 -0.135513
8.2 4.2 -0.044676
8.2 4.4 0.0107005
8.2 4.6 -0.00412417
8.2 4.8 -0.0789969
8.2 5 -0.165523
8.2 5.2 -0.206367
8.2 5.4 -0.174911
8.2 5.6 -0.0846939
8.2 5.8 0.0117993
8.2 6 0.0599884
8.2 6.2 0.043733
8.2 6.4 -0.00480379
8.2 6.6 -0.0339289
8.2 6.8 -0.0108954
8.2 7 0.0588495
8.2 7.2 0.139088
8.2 7.4 0.181542
8.2 7.6 0.165031
8.2 7.8 0.110504
8.2 8 0.0672125
8.2 8.2 0.00922621
8.2 8.4 0

8.4 0 0
8.4 0.2 -0.00805788
8.4 0.4 -0.0576209
8.4 0.6 -0.0510395
8.4 0.8 -0.035241
8.4 1 -0.00502676
8.4 1.2 0.0367798
8.4 1.4 0.0690855
8.4 1.6 0.0694276
8.4 1.8 0.0353091
8.4 2 -0.0162138
8.4 2.2 -0.056665
8.4 2.4 -0.0644451
8.4 2.6 -0.0420617
8.4 2.8 -0.0175904
8.4 3 -0.0175561
8.4 3.2 -0.0562648
8.4 3.4 -0.113541
8.4 3.6 -0.148607
8.4 3.8 -0.129183
8.4 4 -0.057133
8.4 4.2 0.0267329
8.4 4.4 0.07183
8.4 4.6 0.0459174
8.4 4.8 -0.0371305
8.4 5 -0.128883
8.4 5.2 -0.169444
8.4 5.4 -0.13181
8.4 5.6 -0.0375674
8.4 5.8 0.0591756
8.4 6 0.102613
8.4 6.2 0.0715969
8.4 6.4 -0.00118025
8.4 6.6 -0.0581037
8.4 6.8 -0.0553695
8.4 7 0.00628363
8.4 7.2 0.0929895
8.4 7.4 0.156087
8.4 7.6 0.16982
8.4 7.8 0.146185
8.4 8 0.124067
8.4 8.2 0.0170858
8.4 8.4 0

8.6 0 0
8.6 0.2 -0.00657524
8.6 0.4 -0.0467247
8.6 0.6 -0.0561747
8.6 0.8 -0.0628477
8.6 1 -0.0444626
8.6 1.2 0.00341421
8.6 1.4 0.0629263
8.6 1.6 0.102509
8.6 1.8 0.105601
8.6 2 0.0766487
8.6 2.2 0.0408687
8.6 2.4 0.0206022
8.6 2.6 0.0265254
8.6 2.8 0.0412515
8.6 3 0.0428818
8.6 3.2 0.018804
8.6 3.4 -0.0170161
8.6 3.6 -0.0350794
8.6 3.8 -0.00526412
8.6 4 0.0615655
8.6 4.2 0.130612
8.6 4.4 0.154366
8.6 4.6 0.108335
8.6 4.8 0.0110199
8.6 5 -0.0889866
8.6 5.2 -0.135076
8.6 5.4 -0.1024
8.6 5.6 -0.0128357
8.6 5.8 0.0743046
8.6 6 0.100642
8.6 6.2 0.0504525
8.6 6.4 -0.0426413
8.6 6.6 -0.116628
8.6 6.8 -0.126299
8.6 7 -0.0655308
8.6 7.2 0.029233
8.6 7.4 0.107884
8.6 7.6 0.141352
8.6 7.8 0.138681
8.6 8 0.129183
8.6 8.2 0.0176941
8.6 8.4 0

8.8 0 0
8.8 0.2 -0.00651194
8.8 0.4 -0.0470487
8.8 0.6 -0.0738791
8.8 0.8 -0.10378
8.8 1 -0.108112
8.8 1.2 -0.0695532
8.8 1.4 -0.00398014
8.8 1.6 0.0546428
8.8 1.8 0.0823014
8.8 2 0.0772399
8.8 2.2 0.0595575
8.8 2.4 0.052153
8.8 2.6 0.0671573
8.8 2.8 0.0923456
8.8 3 0.109266
8.8 3.2 0.104753
8.8 3.4 0.0866234
8.8 3.6 0.0814236
8.8 3.8 0.111503
8.8 4 0.166231
8.8 4.2 0.217287
8.8 4.4 0.218778
8.8 4.6 0.155864
8.8 4.8 0.0478883
8.8 5 -0.0584954
8.8 5.2 -0.10751
8.8 5.4 -0.0792838
8.8 5.6 -0.000712896
8.8 5.8 0.0704147
8.8 6 0.0784373
8.8 6.2 0.0121916
8.8 6.4 -0.0936823
8.8 6.6 -0.175511
8.8 6.8 -0.188726
8.8 7 -0.127183
8.8 7.2 -0.0299563
8.8 7.4 0.0515556
8.8 7.6 0.088889
8.8 7.8 0.0882868
8.8 8 0.0801512
8.8 8.2 0.011063
8.8 8.4 0

9 0 0
9 0.2 -0.000910252
9 0.4 -0.0072638
9 0.6 -0.0502612
9 0.8 -0.102136
9 1 -0.131821
9 1.2 -0.1156
9 1.4 -0.0704982
9 1.6 -0.0186919
9 1.8 0.0103414
9 2 0.019381
9 2.2 0.0235236
9 2.4 0.0407187
9 2.6 0.0805637
9 2.8 0.13018
9 3 0.168146
9 3.2 0.175417
9 3.4 0.16461
9 3.6 0.15466
9 3.8 0.173651
9 4 0.211113
9 4.2 0.241582
9 4.4 0.230038
9 4.6 0.163068
9 4.8 0.0603498
9 5 -0.0386046
9 5.2 -0.0815325
9 5.4 -0.0535831
9 5.6 0.0156819
9 5.8 0.0718196
9 6 0.0667397
9 6.2 -0.00801304
9 6.4 -0.115585
9 6.6 -0.198809
9 6.8 -0.211608
9 7 -0.153124
9 7.2 -0.0620181
9 7.4 0.00961115
9 7.6 0.033137
9 7.8 0.0183211
9 8 -0.00334973
9 8.2 -0.000528749
9 8.4 0

9.2 0 0
9.2 0.2 0.0118726
9.2 0.4 0.086306
9.2 0.6 0.0377965
9.2 0.8 -0.0233671
9.2 1 -0.0696489
9.2 1.2 -0.0798033
9.2 1.4 -0.0646643
9.2 1.6 -0.0452334
9.2 1.8 -0.036441
9.2 2 -0.0313041
9.2 2.2 -0.0163282
9.2 2.4 0.0267115
9.2 2.6 0.0971137
9.2 2.8 0.169545
9.2 3 0.219379
9.2 3.2 0.223824
9.2 3.4 0.196693
9.2 3.6 0.166201
9.2 3.8 0.158583
9.2 4 0.174424
9.2 4.2 0.194212
9.2 4.4 0.183761
9.2 4.6 0.13073
9.2 4.8 0.0481364
9.2 5 -0.0267905
9.2 5.2 -0.0537254
9.2 5.4 -0.0210393
9.2 5.6 0.0434721
9.2 5.8 0.0914759
9.2 6 0.0791224
9.2 6.2 0.00384173
9.2 6.4 -0.0992415
9.2 6.6 -0.176658
9.2 6.8 -0.18599
9.2 7 -0.134696
9.2 7.2 -0.0599233
9.2 7.4 -0.00922321
9.2 7.6 -0.0096336
9.2 7.8 -0.047908
9.2 8 -0.0862274
9.2 8.2 -0.0118932
9.2 8.4 0

9.4 0 0
9.4 0.2 0.0252332
9.4 0.4 0.182355
9.4 0.6 0.141493
9.4 0.8 0.0951625
9.4 1 0.0604285
9.4 1.2 0.0400408
9.4 1.4 0.0267648
9.4 1.6 0.00955893
9.4 1.8 -0.0157434
9.4 2 -0.0267085
9.4 2.2 -0.0123848
9.4 2.4 0.0458349
9.4 2.6 0.134142
9.4 2.8 0.217107
9.4 3 0.261826
9.4 3.2 0.245017
9.4 3.4 0.186873
9.4 3.6 0.119895
9.4 3.8 0.0819258
9.4 4 0.0786475
9.4 4.2 0.0980562
9.4 4.4 0.104589
9.4 4.6 0.0775848
9.4 4.8 0.0257002
9.4 5 -0.0214913
9.4 5.2 -0.0312171
9.4 5.4 0.00610349
9.4 5.6 0.0683197
9.4 5.8 0.112155
9.4 6 0.100752
9.4 6.2 0.0335747
9.4 6.4 -0.057333
9.4 6.6 -0.124095
9.4 6.8 -0.133422
9.4 7 -0.0899087
9.4 7.2 -0.0340569
9.4 7.4 -0.00556094
9.4 7.6 -0.0272041
9.4 7.8 -0.0831152
9.4 8 -0.135523
9.4 8.2 -0.018823
9.4 8.4 0

9.6 0 0
9.6 0.2 0.0255692
9.6 0.4 0.185261
9.6 0.6 0.177077
9.6 0.8 0.176844
9.6 1 0.182028
9.6 1.2 0.181525
9.6 1.4 0.157407
9.6 1.6 0.110426
9.6 1.8 0.054526
9.6 2 0.0211983
9.6 2.2 0.029037
9.6 2.4 0.0906553
9.6 2.6 0.181397
9.6 2.8 0.262259
9.6 3 0.288352
9.6 3.2 0.239804
9.6 3.4 0.142722
9.6 3.6 0.0416774
9.6 3.8 -0.0217459
9.6 4 -0.031182
9.6 4.2 -0.000689385
9.6 4.4 0.0292888
9.6 4.6 0.0351126
9.6 4.8 0.0133495
9.6 5 -0.0155317
9.6 5.2 -0.0190976
9.6 5.4 0.0138012
9.6 5.6 0.0675905
9.6 5.8 0.108212
9.6 6 0.103246
9.6 6.2 0.0489026
9.6 6.4 -0.0235644
9.6 6.6 -0.0765988
9.6 6.8 -0.0831366
9.6 7 -0.0478083
9.6 7.2 -0.00464697
9.6 7.4 0.0115085
9.6 7.6 -0.019183
9.6 7.8 -0.0771949
9.6 8 -0.129039
9.6 8.2 -0.017819
9.6 8.4 0

9.8 0 0
9.8 0.2 0.00480574
9.8 0.4 0.0347037
9.8 0.6 0.0791618
9.8 0.8 0.151038
9.8 1 0.219419
9.8 1.2 0.258036
9.8 1.4 0.243774
9.8 1.6 0.186425
9.8 1.8 0.109195
9.8 2 0.0595306
9.8 2.2 0.0612711
9.8 2.4 0.12244
9.8 2.6 0.209293
9.8 2.8 0.278325
9.8 3 0.28294
9.8 3.2 0.207881
9.8 3.4 0.0821077
9.8 3.6 -0.0387823
9.8 3.8 -0.107491
9.8 4 -0.107519
9.8 4.2 -0.057254
9.8 4.4 0.00067105
9.8 4.6 0.0270605
9.8 4.8 0.0191273
9.8 5 -0.0085034
9.8 5.2 -0.0243245
9.8 5.4 -0.00847106
9.8 5.6 0.0301703
9.8 5.8 0.0632711
9.8 6 0.0662908
9.8 6.2 0.032585
9.8 6.4 -0.0189141
9.8 6.6 -0.0569811
9.8 6.8 -0.0593461
9.8 7 -0.027301
9.8 7.2 0.0107976
9.8 7.4 0.0267834
9.8 7.6 0.00672731
9.8 7.8 -0.0331157
9.8 8 -0.0723008
9.8 8.2 -0.0101795
9.8 8.4 0

10 0 0
10 0.2 -0.0315798
10 0.4 -0.229859
10 0.6 -0.130863
10 0.8 0.01171
10 1 0.143421
10 1.2 0.226317
10 1.4 0.234609
10 1.6 0.179205
10 1.8 0.0958639
10 2 0.0414783
10 2.2 0.0414536
10 2.4 0.100745
10 2.6 0.183987
10 2.8 0.242953
10 3 0.233792
10 3.2 0.149459
10 3.4 0.0217895
10 3.6 -0.089872
10 3.8 -0.141683
10 4 -0.119817
10 4.2 -0.0473564
10 4.4 0.0268911
10 4.6 0.0635121
10 4.8 0.0495853
10 5 0.0023957
10 5.2 -0.040866
10 5.4 -0.0563201
10 5.6 -0.0397216
10 5.8 -0.00897412
10 6 0.00523212
10 6.2 -0.00625898
10 6.4 -0.0351178
10 6.6 -0.0593801
10 6.8 -0.0585236
10 7 -0.0314835
10 7.2 0.0030489
10 7.4 0.0286811
10 7.6 0.0320458
10 7.8 0.0201574
10 8 0.00522028
10 8.2 0.000627616
10 8.4 0

10.2 0 0
10.2 0.2 -0.0653576
10.2 0.4 -0.473796
10.2 0.6 -0.33965
10.2 0.8 -0.159934
10.2 1 0.00533704
10.2 1.2 0.112234
10.2 1.4 0.133236
10.2 1.6 0.0858661
10.2 1.8 0.00940845
10.2 2 -0.0400053
10.2 2.2 -0.0352567
10.2 2.4 0.0250471
10.2 2.6 0.106355
10.2 2.8 0.1629
10.2 3 0.155298
10.2 3.2 0.083506
10.2 3.4 -0.0184899
10.2 3.6 -0.0985968
10.2 3.8 -0.114651
10.2 4 -0.0636261
10.2 4.2 0.0262501
10.2 4.4 0.104368
10.2 4.6 0.130239
10.2 4.8 0.0942331
10.2 5 0.0157559
10.2 5.2 -0.0614782
10.2 5.4 -0.106532
10.2 5.6 -0.106715
10.2 5.8 -0.0772037
10.2 6 -0.0470313
10.2 6.2 -0.0340979
10.2 6.4 -0.0424898
10.2 6.6 -0.0569246
10.2 6.8 -0.0606998
10.2 7 -0.045331
10.2 7.2 -0.019053
10.2 7.4 0.0119008
10.2 7.6 0.0362122
10.2 7.8 0.0526459
10.2 8 0.0613807
10.2 8.2 0.00847411
10.2 8.4 0

10.4 0 0
10.4 0.2 -0.0753218
10.4 0.4 -0.545687
10.4 0.6 -0.416037
10.4 0.8 -0.249534
10.4 1 -0.100854
10.4 1.2 -0.00539143
10.4 1.4 0.0101436
10.4 1.6 -0.034255
10.4 1.8 -0.099329
10.4 2 -0.137213
10.4 2.2 -0.124704
10.4 2.4 -0.0632663
10.4 2.6 0.0145147
10.4 2.8 0.0701674
10.4 3 0.0752935
10.4 3.2 0.0312232
10.4 3.4 -0.0272111
10.4 3.6 -0.0603716
10.4 3.8 -0.0386788
10.4 4 0.0337788
10.4 4.2 0.128486
10.4 4.4 0.193111
10.4 4.6 0.197049
10.4 4.8 0.136415
10.4 5 0.0305638
10.4 5.2 -0.0723093
10.4 5.4 -0.133769
10.4 5.6 -0.14108
10.4 5.8 -0.104417
10.4 6 -0.0547881
10.4 6.2 -0.0195736
10.4 6.4 -0.0122933
10.4 6.6 -0.0244872
10.4 6.8 -0.0420901
10.4 7 -0.0515693
10.4 7.2 -0.0453379
10.4 7.4 -0.0208823
10.4 7.6 0.0101873
10.4 7.8 0.042097
10.4 8 0.0663564
10.4 8.2 0.00928519
10.4 8.4 0

10.6 0 0
10.6 0.2 -0.0527074
10.6 0.4 -0.381643
10.6 0.6 -0.297755
10.6 0.8 -0.193574
10.6 1 -0.103978
10.6 1.2 -0.0559149
10.6 1.4 -0.06216
10.6 1.6 -0.106632
10.6 1.8 -0.160374
10.6 2 -0.184447
10.6 2.2 -0.167247
10.6 2.4 -0.112838
10.6 2.6 -0.0442608
10.6 2.8 0.00748232
10.6 3 0.0267844
10.6 3.2 0.0146674
10.6 3.4 0.000163423
10.6 3.6 0.00803656
10.6 3.8 0.0555973
10.6 4 0.132044
10.6 4.2 0.211533
10.6 4.4 0.253136
10.6 4.6 0.233303
10.6 4.8 0.154859
10.6 5 0.0395337
10.6 5.2 -0.0652841
10.6 5.4 -0.126257
10.6 5.6 -0.126581
10.6 5.8 -0.0798801
10.6 6 -0.0146453
10.6 6.2 0.036971
10.6 6.4 0.0548067
10.6 6.6 0.0380787
10.6 6.8 -0.00231659
10.6 7 -0.0405281
10.6 7.2 -0.0650109
10.6 7.4 -0.0613378
10.6 7.6 -0.036416
10.6 7.8 -0.00150805
10.6 8 0.0245747
10.6 8.2 0.00341754
10.6 8.4 0

10.8 0 0
10.8 0.2 -0.00877395
10.8 0.4 -0.0625545
10.8 0.6 -0.0453663
10.8 0.8 -0.0254239
10.8 1 -0.016333
10.8 1.2 -0.0259871
10.8 1.4 -0.0532229
10.8 1.6 -0.0949051
10.8 1.8 -0.129745
10.8 2 -0.140965
10.8 2.2 -0.126508
10.8 2.4 -0.0880992
10.8 2.6 -0.0419442
10.8 2.8 -0.00373723
10.8 3 0.0186534
10.8 3.2 0.0313285
10.8 3.4 0.0458598
10.8 3.6 0.0770657
10.8 3.8 0.127284
10.8 4 0.18719
10.8 4.2 0.237491
10.8 4.4 0.249808
10.8 4.6 0.213872
10.8 4.8 0.134373
10.8 5 0.0345948
10.8 5.2 -0.0500899
10.8 5.4 -0.093755
10.8 5.6 -0.0818478
10.8 5.8 -0.0284681
10.8 6 0.0431489
10.8 6.2 0.100396
10.8 6.4 0.119572
10.8 6.6 0.0951421
10.8 6.8 0.0390811
10.8 7 -0.0237678
10.8 7.2 -0.0738116
10.8 7.4 -0.0905103
10.8 7.6 -0.0770337
10.8 7.8 -0.0476059
10.8 8 -0.023721
10.8 8.2 -0.00320861
10.8 8.4 0

11 0 0
11 0.2 0.0318229
11 0.4 0.231185
11 0.6 0.186419
11 0.8 0.134028
11 1 0.0810585
11 1.2 0.0352905
11 1.4 0.000450968
11 1.6 -0.0215636
11 1.8 -0.0320473
11 2 -0.0285809
11 2.2 -0.0193513
11 2.4 -0.00602578
11 2.6 0.00762405
11 2.8 0.0223166
11 3 0.0388908
11 3.2 0.0582553
11 3.4 0.0849821
11 3.6 0.116426
11 3.8 0.152285
11 4 0.177722
11 4.2 0.190117
11 4.4 0.177805
11 4.6 0.137402
11 4.8 0.0781397
11 5 0.0131185
11 5.2 -0.0390954
11 5.4 -0.0596644
11 5.6 -0.0407314
11 5.8 0.00882059
11 6 0.0709628
11 6.2 0.11987
11 6.4 0.136012
11 6.6 0.109174
11 6.8 0.0496755
11 7 -0.0191838
11 7.2 -0.0738741
11 7.4 -0.0961204
11 7.6 -0.0831339
11 7.8 -0.0508931
11 8 -0.0255098
11 8.2 -0.00346937
11 8.4 0

11.2 0 0
11.2 0.2 0.0451348
11.2 0.4 0.32733
11.2 0.6 0.255363
11.2 0.8 0.171848
11.2 1 0.0968674
11.2 1.2 0.0495721
11.2 1.4 0.0366766
11.2 1.6 0.0490994
11.2 1.8 0.071904
11.2 2 0.0917868
11.2 2.2 0.0947463
11.2 2.4 0.0793162
11.2 2.6 0.059075
11.2 2.8 0.0469905
11.2 3 0.0500116
11.2 3.2 0.065258
11.2 3.4 0.0888706
11.2 3.6 0.108992
11.2 3.8 0.117559
11.2 4 0.106269
11.2 4.2 0.0857677
11.2 4.4 0.0562591
11.2 4.6 0.0264742
11.2 4.8 -2.40168e-05
11.2 5 -0.0251809
11.2 5.2 -0.0411755
11.2 5.4 -0.0460059
11.2 5.6 -0.0343574
11.2 5.8 -0.00415842
11.2 6 0.0334533
11.2 6.2 0.0651893
11.2 6.4 0.0774076
11.2 6.6 0.0616763
11.2 6.8 0.0196448
11.2 7 -0.0301304
11.2 7.2 -0.0648876
11.2 7.4 -0.0687659
11.2 7.6 -0.0388255
11.2 7.8 0.00828435
11.2 8 0.0460211
11.2 8.2 0.00642436
11.2 8.4 0

11.4 0 0
11.4 0.2 0.0252087
11.4 0.4 0.18403
11.4 0.6 0.124744
11.4 0.8 0.0510594
11.4 1 -0.00482726
11.4 1.2 -0.0233369
11.4 1.4 0.00280034
11.4 1.6 0.0577253
11.4 1.8 0.112146
11.4 2 0.145614
11.4 2.2 0.145178
11.4 2.4 0.110936
11.4 2.6 0.0666406
11.4 2.8 0.0331624
11.4 3 0.0234836
11.4 3.2 0.0341972
11.4 3.4 0.0504948
11.4 3.6 0.0554327
11.4 3.8 0.0407263
11.4 4 0.00281452
11.4 4.2 -0.0384843
11.4 4.4 -0.0703484
11.4 4.6 -0.0824667
11.4 4.8 -0.0769547
11.4 5 -0.0659944
11.4 5.2 -0.057575
11.4 5.4 -0.0593094
11.4 5.6 -0.065025
11.4 5.8 -0.0669119
11.4 6 -0.0608916
11.4 6.2 -0.0470207
11.4 6.4 -0.035772
11.4 6.6 -0.034324
11.4 6.8 -0.0430393
11.4 7 -0.0516344
11.4 7.2 -0.047546
11.4 7.4 -0.0141921
11.4 7.6 0.0452888
11.4 7.8 0.115731
11.4 8 0.170865
11.4 8.2 0.02351
11.4 8.4 0

11.6 0 0
11.6 0.2 -0.0124091
11.6 0.4 -0.0891264
11.6 0.6 -0.114658
11.6 0.8 -0.150356
11.6 1 -0.166658
11.6 1.2 -0.146103
11.6 1.4 -0.0839771
11.6 1.6 -0.00224241
11.6 1.8 0.0717676
11.6 2 0.112067
11.6 2.2 0.108409
11.6 2.4 0.067608
11.6 2.6 0.0146196
11.6 2.8 -0.0248222
11.6 3 -0.0368387
11.6 3.2 -0.0257341
11.6 3.4 -0.0138172
11.6 3.6 -0.0159388
11.6 3.8 -0.0427246
11.6 4 -0.0886617
11.6 4.2 -0.134233
11.6 4.4 -0.158191
11.6 4.6 -0.153023
11.6 4.8 -0.123281
11.6 5 -0.091786
11.6 5.2 -0.0746914
11.6 5.4 -0.0836531
11.6 5.6 -0.110974
11.6 5.8 -0.14504
11.6 6 -0.165704
11.6 6.2 -0.165785
11.6 6.4 -0.149156
11.6 6.6 -0.124811
11.6 6.8 -0.0973948
11.6 7 -0.0648037
11.6 7.2 -0.0217733
11.6 7.4 0.043668
11.6 7.6 0.128856
11.6 7.8 0.217242
11.6 8 0.28545
11.6 8.2 0.0393458
11.6 8.4 0

11.8 0 0
11.8 0.2 -0.0423403
11.8 0.4 -0.306084
11.8 0.6 -0.298658
11.8 0.8 -0.298391
11.8 1 -0.281784
11.8 1.2 -0.236255
11.8 1.4 -0.167065
11.8 1.6 -0.0862114
11.8 1.8 -0.0178099
11.8 2 0.017104
11.8 2.2 0.0124559
11.8 2.4 -0.0210259
11.8 2.6 -0.0634509
11.8 2.8 -0.0910207
11.8 3 -0.0934805
11.8 3.2 -0.0780777
11.8 3.4 -0.0635378
11.8 3.6 -0.065734
11.8 3.8 -0.0888371
11.8 4 -0.129227
11.8 4.2 -0.166496
11.8 4.4 -0.180266
11.8 4.6 -0.164983
11.8 4.8 -0.12754
11.8 5 -0.0957969
11.8 5.2 -0.0837929
11.8 5.4 -0.102844
11.8 5.6 -0.142814
11.8 5.8 -0.188845
11.8 6 -0.218736
11.8 6.2 -0.220196
11.8 6.4 -0.195736
11.8 6.6 -0.153693
11.8 6.8 -0.105551
11.8 7 -0.0518267
11.8 7.2 0.00946033
11.8 7.4 0.0817982
11.8 7.6 0.166968
11.8 7.8 0.250051
11.8 8 0.315364
11.8 8.2 0.0434628
11.8 8.4 0

12 0 0
12 0.2 -0.0460984
12 0.4 -0.332939
12 0.6 -0.309029
12 0.8 -0.290674
12 1 -0.265086
12 1.2 -0.226001
12 1.4 -0.180168
12 1.6 -0.131692
12 1.8 -0.095462
12 2 -0.0768558
12 2.2 -0.0791322
12 2.4 -0.0940014
12 2.6 -0.11165
12 2.8 -0.116639
12 3 -0.104684
12 3.2 -0.0852766
12 3.4 -0.0694025
12 3.6 -0.0662646
12 3.8 -0.0813438
12 4 -0.107007
12 4.2 -0.131573
12 4.4 -0.139169
12 4.6 -0.126546
12 4.8 -0.101627
12 5 -0.0842052
12 5.2 -0.0830489
12 5.4 -0.104886
12 5.6 -0.139259
12 5.8 -0.171152
12 6 -0.185597
12 6.2 -0.173561
12 6.4 -0.138613
12 6.6 -0.0936022
12 6.8 -0.0463717
12 7 -0.00347531
12 7.2 0.0390719
12 7.4 0.0837005
12 7.6 0.134595
12 7.8 0.18369
12 8 0.22512
12 8.2 0.0309763
12 8.4 0

12.2 0 0
12.2 0.2 -0.0232405
12.2 0.4 -0.1675
12.2 0.6 -0.148548
12.2 0.8 -0.132372
12.2 1 -0.116905
12.2 1.2 -0.106618
12.2 1.4 -0.10616
12.2 1.6 -0.110714
12.2 1.8 -0.118669
12.2 2 -0.118962
12.2 2.2 -0.11633
12.2 2.4 -0.105984
12.2 2.6 -0.0888014
12.2 2.8 -0.0683673
12.2 3 -0.0462787
12.2 3.2 -0.0291756
12.2 3.4 -0.0193335
12.2 3.6 -0.019946
12.2 3.8 -0.0262395
12.2 4 -0.0409747
12.2 4.2 -0.0554742
12.2 4.4 -0.0628917
12.2 4.6 -0.0668285
12.2 4.8 -0.068487
12.2 5 -0.0744346
12.2 5.2 -0.0844019
12.2 5.4 -0.0977608
12.2 5.6 -0.104638
12.2 5.8 -0.0989208
12.2 6 -0.0786301
12.2 6.2 -0.0459267
12.2 6.4 -0.00514561
12.2 6.6 0.0312254
12.2 6.8 0.055347
12.2 7 0.0654298
12.2 7.2 0.0629591
12.2 7.4 0.0519554
12.2 7.6 0.0449584
12.2 7.8 0.0419857
12.2 8 0.0442014
12.2 8.2 0.00610373
12.2 8.4 0

12.4 0 0
12.4 0.2 0.00925404
12.4 0.4 0.0673891
12.4 0.6 0.0737112
12.4 0.8 0.0834576
12.4 1 0.0813174
12.4 1.2 0.0584202
12.4 1.4 0.0159558
12.4 1.6 -0.0372358
12.4 1.8 -0.0809181
12.4 2 -0.0976071
12.4 2.2 -0.0821085
12.4 2.4 -0.0417305
12.4 2.6 0.00589509
12.4 2.8 0.0437083
12.4 3 0.064672
12.4 3.2 0.0661103
12.4 3.4 0.0577858
12.4 3.6 0.0475512
12.4 3.8 0.0421921
12.4 4 0.0362179
12.4 4.2 0.0244848
12.4 4.4 0.00621838
12.4 4.6 -0.0197192
12.4 4.8 -0.0540081
12.4 5 -0.0877432
12.4 5.2 -0.103587
12.4 5.4 -0.0968321
12.4 5.6 -0.0636317
12.4 5.8 -0.0111777
12.4 6 0.0478786
12.4 6.2 0.100537
12.4 6.4 0.139793
12.4 6.6 0.157414
12.4 6.8 0.152608
12.4 7 0.12369
12.4 7.2 0.0744942
12.4 7.4 0.0125252
12.4 7.6 -0.0507816
12.4 7.8 -0.10645
12.4 8 -0.144729
12.4 8.2 -0.020017
12.4 8.4 0

12.6 0 0
12.6 0.2 0.0308838
12.6 0.4 0.224088
12.6 0.6 0.225163
12.6 0.8 0.232865
12.6 1 0.227259
12.6 1.2 0.188496
12.6 1.4 0.121188
12.6 1.6 0.0439969
12.6 1.8 -0.0187595
12.6 2 -0.0359448
12.6 2.2 -0.00322731
12.6 2.4 0.0614229
12.6 2.6 0.129351
12.6 2.8 0.17419
12.6 3 0.181461
12.6 3.2 0.158337
12.6 3.4 0.123541
12.6 3.6 0.0982355
12.6 3.8 0.0897037
12.6 4 0.0869836
12.6 4.2 0.0770197
12.6 4.4 0.0482234
12.6 4.6 -0.00473251
12.6 4.8 -0.0701013
12.6 5 -0.124412
12.6 5.2 -0.142813
12.6 5.4 -0.113101
12.6 5.6 -0.0418334
12.6 5.8 0.0478184
12.6 6 0.132383
12.6 6.2 0.191823
12.6 6.4 0.220396
12.6 6.6 0.219596
12.6 6.8 0.192049
12.6 7 0.144145
12.6 7.2 0.0753932
12.6 7.4 -0.00927923
12.6 7.6 -0.10006
12.6 7.8 -0.185472
12.6 8 -0.247612
12.6 8.2 -0.0342093
12.6 8.4 0

12.8 0 0
12.8 0.2 0.0324692
12.8 0.4 0.234716
12.8 0.6 0.242787
12.8 0.8 0.263442
12.8 1 0.267928
12.8 1.2 0.23551
12.8 1.4 0.168893
12.8 1.6 0.0903222
12.8 1.8 0.0337129
12.8 2 0.0266357
12.8 2.2 0.0755273
12.8 2.4 0.155225
12.8 2.6 0.230265
12.8 2.8 0.26706
12.8 3 0.253863
12.8 3.2 0.204449
12.8 3.4 0.146299
12.8 3.6 0.108007
12.8 3.8 0.0969591
12.8 4 0.101379
12.8 4.2 0.0940318
12.8 4.4 0.0575604
12.8 4.6 -0.0137179
12.8 4.8 -0.101964
12.8 5 -0.169405
12.8 5.2 -0.18608
12.8 5.4 -0.140594
12.8 5.6 -0.0472686
12.8 5.8 0.0580931
12.8 6 0.143387
12.8 6.2 0.189166
12.8 6.4 0.196144
12.8 6.6 0.181774
12.8 6.8 0.153486
12.8 7 0.116802
12.8 7.2 0.0656344
12.8 7.4 -0.00132146
12.8 7.6 -0.0800244
12.8 7.8 -0.159808
12.8 8 -0.220607
12.8 8.2 -0.0303888
12.8 8.4 0

13 0 0
13 0.2 0.0210451
13 0.4 0.151913
13 0.6 0.171049
13 0.8 0.204064
13 1 0.224072
13 1.2 0.207612
13 1.4 0.159023
13 1.6 0.0998848
13 1.8 0.0593013
13 2 0.0652401
13 2.2 0.120617
13 2.4 0.201975
13 2.6 0.268846
13 2.8 0.288454
13 3 0.255186
13 3.2 0.185313
13 3.4 0.115626
13 3.6 0.0738685
13 3.8 0.0711731
13 4 0.0858515
13 4.2 0.0894943
13 4.4 0.0524568
13 4.6 -0.0256496
13 4.8 -0.123879
13 5 -0.196107
13 5.2 -0.211031
13 5.4 -0.157532
13 5.6 -0.0637551
13 5.8 0.0308738
13 6 0.0910797
13 6.2 0.105506
13 6.4 0.0864818
13 6.6 0.0624935
13 6.8 0.0498726
13 7 0.0500341
13 7.2 0.0501323
13 7.4 0.0343501
13 7.6 -0.00356989
13 7.8 -0.0545512
13 8 -0.0977968
13 8.2 -0.0135844
13 8.4 0

13.2 0 0
13.2 0.2 0.012156
13.2 0.4 0.0884694
13.2 0.6 0.108517
13.2 0.8 0.138789
13.2 1 0.158945
13.2 1.2 0.152527
13.2 1.4 0.122589
13.2 1.6 0.0841437
13.2 1.8 0.06253
13.2 2 0.0770155
13.2 2.2 0.127002
13.2 2.4 0.192841
13.2 2.6 0.238661
13.2 2.8 0.240009
13.2 3 0.194186
13.2 3.2 0.119224
13.2 3.4 0.0540795
13.2 3.6 0.0254097
13.2 3.8 0.0373753
13.2 4 0.0657109
13.2 4.2 0.0807086
13.2 4.4 0.0517845
13.2 4.6 -0.0239399
13.2 4.8 -0.119366
13.2 5 -0.187667
13.2 5.2 -0.19694
13.2 5.4 -0.146623
13.2 5.6 -0.0658545
13.2 5.8 0.00243122
13.2 6 0.0216053
13.2 6.2 -0.00466581
13.2 6.4 -0.0518102
13.2 6.6 -0.0805108
13.2 6.8 -0.069423
13.2 7 -0.0238216
13.2 7.2 0.0317771
13.2 7.4 0.0707335
13.2 7.6 0.0761369
13.2 7.8 0.0572308
13.2 8 0.0365467
13.2 8.2 0.0049743
13.2 8.4 0

13.4 0 0
13.4 0.2 0.0160987
13.4 0.4 0.116437
13.4 0.6 0.11644
13.4 0.8 0.121982
13.4 1 0.119916
13.4 1.2 0.108112
13.4 1.4 0.087887
13.4 1.6 0.0665268
13.4 1.8 0.0579362
13.4 2 0.0724743
13.4 2.2 0.108064
13.4 2.4 0.146869
13.4 2.6 0.167133
13.4 2.8 0.150874
13.4 3 0.101822
13.4 3.2 0.0382701
13.4 3.4 -0.00917949
13.4 3.6 -0.0156043
13.4 3.8 0.0149629
13.4 4 0.0568048
13.4 4.2 0.0801053
13.4 4.4 0.0592808
13.4 4.6 -0.00858145
13.4 4.8 -0.0904489
13.4 5 -0.144804
13.4 5.2 -0.145425
13.4 5.4 -0.0985086
13.4 5.6 -0.0363448
13.4 5.8 -0.000571087
13.4 6 -0.0183562
13.4 6.2 -0.0799987
13.4 6.4 -0.149342
13.4 6.6 -0.179251
13.4 6.8 -0.15106
13.4 7 -0.0732139
13.4 7.2 0.0189595
13.4 7.4 0.0885076
13.4 7.6 0.115741
13.4 7.8 0.108047
13.4 8 0.0948414
13.4 8.2 0.01296
13.4 8.4 0

13.6 0 0
13.6 0.2 0.0282581
13.6 0.4 0.205799
13.6 0.6 0.174492
13.6 0.8 0.137404
13.6 1 0.101718
13.6 1.2 0.0733029
13.6 1.4 0.0552095
13.6 1.6 0.0469111
13.6 1.8 0.0501543
13.6 2 0.0622297
13.6 2.2 0.0762775
13.6 2.4 0.0876268
13.6 2.6 0.0829716
13.6 2.8 0.0576418
13.6 3 0.0166182
13.6 3.2 -0.0261279
13.6 3.4 -0.0476191
13.6 3.6 -0.0348804
13.6 3.8 0.00769808
13.6 4 0.0549614
13.6 4.2 0.0797379
13.6 4.4 0.0626554
13.6 4.6 0.00755301
13.6 4.8 -0.0576397
13.6 5 -0.0974624
13.6 5.2 -0.0879957
13.6 5.4 -0.040693
13.6 5.6 0.00978728
13.6 5.8 0.0279528
13.6 6 -0.00958708
13.6 6.2 -0.0858561
13.6 6.4 -0.163001
13.6 6.6 -0.194816
13.6 6.8 -0.160844
13.6 7 -0.0763038
13.6 7.2 0.0163236
13.6 7.4 0.0781483
13.6 7.6 0.0906062
13.6 7.8 0.0695183
13.6 8 0.0462737
13.6 8.2 0.0063359
13.6 8.4 0

13.8 0 0
13.8 0.2 0.035233
13.8 0.4 0.256277
13.8 0.6 0.195996
13.8 0.8 0.120133
13.8 1 0.0518045
13.8 1.2 0.0100653
13.8 1.4 -0.000580332
13.8 1.6 0.00947338
13.8 1.8 0.0277044
13.8 2 0.0409183
13.8 2.2 0.0417383
13.8 2.4 0.0307777
13.8 2.6 0.00963512
13.8 2.8 -0.0180905
13.8 3 -0.045152
13.8 3.2 -0.0619652
13.8 3.4 -0.0610389
13.8 3.6 -0.0364285
13.8 3.8 0.00582659
13.8 4 0.0454976
13.8 4.2 0.0613724
13.8 4.4 0.0455343
13.8 4.6 0.000789129
13.8 4.8 -0.0493262
13.8 5 -0.0741326
13.8 5.2 -0.0573093
13.8 5.4 -0.00676736
13.8 5.6 0.0439436
13.8 5.8 0.0618327
13.8 6 0.0294911
13.8 6.2 -0.0365574
13.8 6.4 -0.102858
13.8 6.6 -0.128541
13.8 6.8 -0.0999759
13.8 7 -0.033942
13.8 7.2 0.0281757
13.8 7.4 0.0532865
13.8 7.6 0.0296758
13.8 7.8 -0.0256722
13.8 8 -0.0741423
13.8 8.2 -0.0103296
13.8 8.4 0

14 0 0
14 0.2 0.0255287
14 0.4 0.185894
14 0.6 0.113915
14 0.8 0.0191584
14 1 -0.0606594
14 1.2 -0.0975074
14 1.4 -0.0881673
14 1.6 -0.0500879
14 1.8 -0.00922344
14 2 0.0126156
14 2.2 0.00673109
14 2.4 -0.0172256
14 2.6 -0.0466291
14 2.8 -0.0670542
14 3 -0.0791806
14 3.2 -0.0755148
14 3.4 -0.0595287
14 3.6 -0.0330664
14 3.8 -0.00483422
14 4 0.016083
14 4.2 0.0184662
14 4.4 -0.00236646
14 4.6 -0.0387497
14 4.8 -0.0750019
14 5 -0.0888443
14 5.2 -0.06973
14 5.4 -0.0188638
14 5.6 0.0368645
14 5.8 0.0697379
14 6 0.0650532
14 6.2 0.0295608
14 6.4 -0.00745545
14 6.6 -0.0206618
14 6.8 -0.00231095
14 7 0.0329212
14 7.2 0.0525639
14 7.4 0.0318926
14 7.6 -0.0316124
14 7.8 -0.116788
14 8 -0.184729
14 8.2 -0.0254284
14 8.4 0

14.2 0 0
14.2 0.2 0.0012577
14.2 0.4 0.00978991
14.2 0.6 -0.0524532
14.2 0.8 -0.140247
14.2 1 -0.208121
14.2 1.2 -0.223342
14.2 1.4 -0.184177
14.2 1.6 -0.113159
14.2 1.8 -0.0485641
14.2 2 -0.0162164
14.2 2.2 -0.0221708
14.2 2.4 -0.0518477
14.2 2.6 -0.0815195
14.2 2.8 -0.0936926
14.2 3 -0.0888937
14.2 3.2 -0.0718833
14.2 3.4 -0.0528634
14.2 3.6 -0.0370616
14.2 3.8 -0.0307887
14.2 4 -0.0321511
14.2 4.2 -0.045432
14.2 4.4 -0.0666342
14.2 4.6 -0.0925973
14.2 4.8 -0.118635
14.2 5 -0.127895
14.2 5.2 -0.109395
14.2 5.4 -0.066798
14.2 5.6 -0.010338
14.2 5.8 0.0392463
14.2 6 0.0665597
14.2 6.2 0.0712897
14.2 6.4 0.0704918
14.2 6.6 0.0759394
14.2 6.8 0.087445
14.2 7 0.0959129
14.2 7.2 0.0814777
14.2 7.4 0.0305392
14.2 7.6 -0.0521026
14.2 7.8 -0.146214
14.2 8 -0.218186
14.2 8.2 -0.0300735
14.2 8.4 0

14.4 0 0
14.4 0.2 -0.0218077
14.4 0.4 -0.15845
14.4 0.6 -0.202122
14.4 0.8 -0.268115
14.4 1 -0.309032
14.4 1.2 -0.295048
14.4 1.4 -0.228018
14.4 1.6 -0.135429
14.4 1.8 -0.0597888
14.4 2 -0.0251094
14.4 2.2 -0.0357443
14.4 2.4 -0.0672136
14.4 2.6 -0.0936943
14.4 2.8 -0.0949141
14.4 3 -0.0767754
14.4 3.2 -0.0519461
14.4 3.4 -0.0358203
14.4 3.6 -0.0369333
14.4 3.8 -0.0527328
14.4 4 -0.074708
14.4 4.2 -0.096499
14.4 4.4 -0.112884
14.4 4.6 -0.128157
14.4 4.8 -0.141848
14.4 5 -0.149582
14.4 5.2 -0.141709
14.4 5.4 -0.113406
14.4 5.6 -0.0664814
14.4 5.8 -0.0156093
14.4 6 0.032365
14.4 6.2 0.0699828
14.4 6.4 0.0982416
14.4 6.6 0.117752
14.4 6.8 0.129027
14.4 7 0.124552
14.4 7.2 0.0946075
14.4 7.4 0.0404656
14.4 7.6 -0.0310986
14.4 7.8 -0.10462
14.4 8 -0.159522
14.4 8.2 -0.0220967
14.4 8.4 0

14.6 0 0
14.6 0.2 -0.0273139
14.6 0.4 -0.198045
14.6 0.6 -0.226418
14.6 0.8 -0.271299
14.6 1 -0.291785
14.6 1.2 -0.259228
14.6 1.4 -0.18352
14.6 1.6 -0.0922273
14.6 1.8 -0.0246671
14.6 2 -0.00207381
14.6 2.2 -0.0225382
14.6 2.4 -0.058932
14.6 2.6 -0.0802289
14.6 2.8 -0.0716409
14.6 3 -0.042628
14.6 3.2 -0.0126895
14.6 3.4 0.000812071
14.6 3.6 -0.0150699
14.6 3.8 -0.0501318
14.6 4 -0.0856942
14.6 4.2 -0.107334
14.6 4.4 -0.113447
14.6 4.6 -0.112812
14.6 4.8 -0.112347
14.6 5 -0.117296
14.6 5.2 -0.122685
14.6 5.4 -0.116897
14.6 5.6 -0.0954987
14.6 5.8 -0.0595692
14.6 6 -0.0132829
14.6 6.2 0.0342398
14.6 6.4 0.0739638
14.6 6.6 0.0996966
14.6 6.8 0.110467
14.6 7 0.102657
14.6 7.2 0.0798999
14.6 7.4 0.0446623
14.6 7.6 0.00395117
14.6 7.8 -0.031519
14.6 8 -0.0540546
14.6 8.2 -0.00747918
14.6 8.4 0

14.8 0 0
14.8 0.2 -0.0113742
14.8 0.4 -0.0829117
14.8 0.6 -0.109991
14.8 0.8 -0.14572
14.8 1 -0.15643
14.8 1.2 -0.125332
14.8 1.4 -0.0612077
14.8 1.6 0.00604949
14.8 1.8 0.0436069
14.8 2 0.0398741
14.8 2.2 0.00240265
14.8 2.4 -0.0374898
14.8 2.6 -0.0530152
14.8 2.8 -0.0323459
14.8 3 0.0107627
14.8 3.2 0.0482629
14.8 3.4 0.059669
14.8 3.6 0.0356631
14.8 3.8 -0.0117982
14.8 4 -0.0543048
14.8 4.2 -0.072363
14.8 4.4 -0.0670384
14.8 4.6 -0.0471845
14.8 4.8 -0.0306445
14.8 5 -0.0278044
14.8 5.2 -0.0401325
14.8 5.4 -0.0595266
14.8 5.6 -0.0693754
14.8 5.8 -0.0635243
14.8 6 -0.0413664
14.8 6.2 -0.00804465
14.8 6.4 0.0239731
14.8 6.6 0.0417996
14.8 6.8 0.0477847
14.8 7 0.0428458
14.8 7.2 0.0348418
14.8 7.4 0.0278047
14.8 7.6 0.0247568
14.8 7.8 0.0258091
14.8 8 0.0253159
14.8 8.2 0.00332108
14.8 8.4 0

15 0 0
15 0.2 0.0115776
15 0.4 0.0829664
15 0.6 0.0512822
15 0.8 0.0175337
15 1 0.00520163
15 1.2 0.0241472
15 1.4 0.0609356
15 1.6 0.0918023
15 1.8 0.0944419
15 2 0.0655781
15 2.2 0.0170599
15 2.4 -0.0245036
15 2.6 -0.0310612
15 2.8 0.00235457
15 3 0.0605604
15 3.2 0.110278
15 3.4 0.126338
15 3.6 0.102393
15 3.8 0.0499162
15 4 0.00339096
15 4.2 -0.0173221
15 4.4 -0.00220394
15 4.6 0.0330744
15 4.8 0.0658047
15 5 0.0829454
15 5.2 0.0713025
15 5.4 0.0378829
15 5.6 0.000667683
15 5.8 -0.0280158
15 6 -0.036139
15 6.2 -0.0321369
15 6.4 -0.02529
15 6.6 -0.0208437
15 6.8 -0.0215068
15 7 -0.0248735
15 7.2 -0.020768
15 7.4 -0.00416668
15 7.6 0.0166866
15 7.8 0.0350472
15 8 0.0080805
15 8.2 0
15 8.4 0

15.2 0 0
15.2 0.2 0.0193712
15.2 0.4 0.139106
15.2 0.6 0.11204
15.2 0.8 0.0856514
15.2 1 0.073337
15.2 1.2 0.080553
15.2 1.4 0.0937315
15.2 1.6 0.0975024
15.2 1.8 0.0779299
15.2 2 0.0362247
15.2 2.2 -0.0138017
15.2 2.4 -0.0443549
15.2 2.6 -0.0363352
15.2 2.8 0.0117318
15.2 3 0.0851042
15.2 3.2 0.147876
15.2 3.4 0.174461
15.2 3.6 0.153793
15.2 3.8 0.103602
15.2 4 0.0524049
15.2 4.2 0.027527
15.2 4.4 0.0398525
15.2 4.6 0.0777431
15.2 4.8 0.12526
15.2 5 0.155254
15.2 5.2 0.155367
15.2 5.4 0.125442
15.2 5.6 0.0788055
15.2 5.8 0.0301023
15.2 6 -0.00870617
15.2 6.2 -0.034424
15.2 6.4 -0.0508901
15.2 6.6 -0.060999
15.2 6.8 -0.0698701
15.2 7 -0.0689435
15.2 7.2 -0.0557511
15.2 7.4 -0.0235129
15.2 7.6 0.00907856
15.2 7.8 0.0343508
15.2 8 0.00465886
15.2 8.2 0
15.2 8.4 0

15.4 0 0
15.4 0.2 0.000219729
15.4 0.4 0.00119237
15.4 0.6 -0.00601521
15.4 0.8 -0.0145525
15.4 1 -0.0149963
15.4 1.2 -0.00666539
15.4 1.4 0.00283575
15.4 1.6 0.00065327
15.4 1.8 -0.0173469
15.4 2 -0.0501123
15.4 2.2 -0.0839458
15.4 2.4 -0.0981767
15.4 2.6 -0.077175
15.4 2.8 -0.0190998
15.4 3 0.0617887
15.4 3.2 0.135121
15.4 3.4 0.173383
15.4 3.6 0.165088
15.4 3.8 0.123416
15.4 4 0.0701416
15.4 4.2 0.0332104
15.4 4.4 0.0266182
15.4 4.6 0.0557941
15.4 4.8 0.104593
15.4 5 0.147298
15.4 5.2 0.169299
15.4 5.4 0.157777
15.4 5.6 0.120212
15.4 5.8 0.0685859
15.4 6 0.0162534
15.4 6.2 -0.0246305
15.4 6.4 -0.0543273
15.4 6.6 -0.0701152
15.4 6.8 -0.0779215
15.4 7 -0.0704082
15.4 7.2 -0.0492781
15.4 7.4 -0.013065
15.4 7.6 0.0246579
15.4 7.8 0.0523216
15.4 8 0.00711719
15.4 8.2 0
15.4 8.4 0

15.6 0 0
15.6 0.2 -0.0360087
15.6 0.4 -0.261777
15.6 0.6 -0.242272
15.6 0.8 -0.22584
15.6 1 -0.206925
15.6 1.2 -0.18523
15.6 1.4 -0.163724
15.6 1.6 -0.150732
15.6 1.8 -0.146996
15.6 2 -0.153206
15.6 2.2 -0.162768
15.6 2.4 -0.16168
15.6 2.6 -0.138075
15.6 2.8 -0.0851383
15.6 3 -0.0086742
15.6 3.2 0.0674026
15.6 3.4 0.118785
15.6 3.6 0.13084
15.6 3.8 0.10355
15.6 4 0.0512692
15.6 4.2 -2.53201e-05
15.6 4.4 -0.0293983
15.6 4.6 -0.0229165
15.6 4.8 0.0148555
15.6 5 0.0645791
15.6 5.2 0.105769
15.6 5.4 0.12124
15.6 5.6 0.105493
15.6 5.8 0.0651211
15.6 6 0.0175406
15.6 6.2 -0.023627
15.6 6.4 -0.049815
15.6 6.6 -0.060242
15.6 6.8 -0.0559378
15.6 7 -0.0397328
15.6 7.2 -0.0115073
15.6 7.4 0.0264285
15.6 7.6 0.0638917
15.6 7.8 0.0921928
15.6 8 0.0127292
15.6 8.2 0
15.6 8.4 0

15.8 0 0
15.8 0.2 -0.0635821
15.8 0.4 -0.461266
15.8 0.6 -0.424055
15.8 0.8 -0.39347
15.8 1 -0.364057
15.8 1.2 -0.330822
15.8 1.4 -0.294492
15.8 1.6 -0.256409
15.8 1.8 -0.223535
15.8 2 -0.200289
15.8 2.2 -0.190701
15.8 2.4 -0.187685
15.8 2.6 -0.17894
15.8 2.8 -0.150929
15.8 3 -0.0979844
15.8 3.2 -0.0304606
15.8 3.4 0.0327938
15.8 3.6 0.0700738
15.8 3.8 0.0664856
15.8 4 0.0244372
15.8 4.2 -0.035114
15.8 4.4 -0.0867579
15.8 4.6 -0.108895
15.8 4.8 -0.0910143
15.8 5 -0.0449305
15.8 5.2 0.0087194
15.8 5.4 0.0438574
15.8 5.6 0.0488698
15.8 5.8 0.0260338
15.8 6 -0.0103397
15.8 6.2 -0.0379563
15.8 6.4 -0.0505603
15.8 6.6 -0.0414236
15.8 6.8 -0.0224903
15.8 7 0.0064985
15.8 7.2 0.0379771
15.8 7.4 0.0718237
15.8 7.6 0.102397
15.8 7.8 0.131895
15.8 8 0.0182506
15.8 8.2 0
15.8 8.4 0

16 0 0
16 0.2 -0.0586433
16 0.4 -0.425153
16 0.6 -0.396214
16 0.8 -0.376132
16 1 -0.356517
16 1.2 -0.327592
16 1.4 -0.285608
16 1.6 -0.233365
16 1.8 -0.181227
16 2 -0.142842
16 2.2 -0.129505
16 2.4 -0.141454
16 2.6 -0.167277
16 2.8 -0.182401
16 3 -0.164149
16 3.2 -0.113513
16 3.4 -0.0421557
16 3.6 0.0199017
16 3.8 0.046598
16 4 0.0255736
16 4.2 -0.0328429
16 4.4 -0.0997161
16 4.6 -0.144077
16 4.8 -0.150353
16 5 -0.117512
16 5.2 -0.0676867
16 5.4 -0.028201
16 5.6 -0.0172488
16 5.8 -0.0300098
16 6 -0.0527543
16 6.2 -0.0638067
16 6.4 -0.056065
16 6.6 -0.0285016
16 6.8 0.00676549
16 7 0.0427581
16 7.2 0.0693399
16 7.4 0.0908741
16 7.6 0.106191
16 7.8 0.0328941
16 8 0
16 8.2 0
16 8.4 0

16.2 0 0
16.2 0.2 -0.0187424
16.2 0.4 -0.135493
16.2 0.6 -0.139975
16.2 0.8 -0.15351
16.2 1 -0.16304
16.2 1.2 -0.15606
16.2 1.4 -0.127816
16.2 1.6 -0.0801488
16.2 1.8 -0.0289671
16.2 2 0.00792394
16.2 2.2 0.00581484
16.2 2.4 -0.0349123
16.2 2.6 -0.100445
16.2 2.8 -0.160434
16.2 3 -0.182304
16.2 3.2 -0.149092
16.2 3.4 -0.0741939
16.2 3.6 0.00925203
16.2 3.8 0.0663981
16.2 4 0.0711704
16.2 4.2 0.0244433
16.2 4.4 -0.0428791
16.2 4.6 -0.103901
16.2 4.8 -0.130035
16.2 5 -0.118877
16.2 5.2 -0.0863268
16.2 5.4 -0.0604113
16.2 5.6 -0.0559253
16.2 5.8 -0.0696384
16.2 6 -0.0847121
16.2 6.2 -0.0823483
16.2 6.4 -0.0580249
16.2 6.6 -0.0153316
16.2 6.8 0.0287166
16.2 7 0.0602775
16.2 7.2 0.0732971
16.2 7.4 0.0731918
16.2 7.6 0.0728706
16.2 7.8 0.0101906
16.2 8 0
16.2 8.2 0
16.2 8.4 0

16.4 0 0
16.4 0.2 0.0332271
16.4 0.4 0.241301
16.4 0.6 0.196749
16.4 0.8 0.145209
16.4 1 0.102674
16.4 1.2 0.0810048
16.4 1.4 0.0876529
16.4 1.6 0.11673
16.4 1.8 0.152219
16.4 2 0.170055
16.4 2.2 0.146487
16.4 2.4 0.0793594
16.4 2.6 -0.015979
16.4 2.8 -0.102982
16.4 3 -0.149034
16.4 3.2 -0.128508
16.4 3.4 -0.0547032
16.4 3.6 0.0411664
16.4 3.8 0.117916
16.4 4 0.145284
16.4 4.2 0.115675
16.4 4.4 0.0541327
16.4 4.6 -0.00835694
16.4 4.8 -0.0435771
16.4 5 -0.0537578
16.4 5.2 -0.0466318
16.4 5.4 -0.0431342
16.4 5.6 -0.0558268
16.4 5.8 -0.0797759
16.4 6 -0.0934065
16.4 6.2 -0.0825022
16.4 6.4 -0.0456775
16.4 6.6 0.00565497
16.4 6.8 0.0474806
16.4 7 0.0659874
16.4 7.2 0.0571778
16.4 7.4 0.0346694
16.4 7.6 0.015058
16.4 7.8 0.0019542
16.4 8 0
16.4 8.2 0
16.4 8.4 0

16.6 0 0
16.6 0.2 0.0630982
16.6 0.4 0.458341
16.6 0.6 0.395172
16.6 0.8 0.326265
16.6 1 0.27077
16.6 1.2 0.234412
16.6 1.4 0.226075
16.6 1.6 0.237009
16.6 1.8 0.252917
16.6 2 0.252001
16.6 2.2 0.213511
16.6 2.4 0.136299
16.6 2.6 0.0369976
16.6 2.8 -0.0491455
16.6 3 -0.0934029
16.6 3.2 -0.0767616
16.6 3.4 -0.0052433
16.6 3.6 0.0874984
16.6 3.8 0.165614
16.6 4 0.201229
16.6 4.2 0.188105
16.6 4.4 0.14333
16.6 4.6 0.0917263
16.6 4.8 0.0570616
16.6 5 0.0370603
16.6 5.2 0.0256527
16.6 5.4 0.00419482
16.6 5.6 -0.0323801
16.6 5.8 -0.0670531
16.6 6 -0.0827089
16.6 6.2 -0.0641145
16.6 6.4 -0.0191554
16.6 6.6 0.033858
16.6 6.8 0.0676271
16.6 7 0.0692216
16.6 7.2 0.0377935
16.6 7.4 -0.00172472
16.6 7.6 -0.0325159
16.6 7.8 -0.00464056
16.6 8 0
16.6 8.2 0
16.6 8.4 0

16.8 0 0
16.8 0.2 0.0507423
16.8 0.4 0.368064
16.8 0.6 0.319934
16.8 0.8 0.271678
16.8 1 0.234212
16.8 1.2 0.210918
16.8 1.4 0.207847
16.8 1.6 0.212561
16.8 1.8 0.214338
16.8 2 0.199824
16.8 2.2 0.161015
16.8 2.4 0.0979139
16.8 2.6 0.0288093
16.8 2.8 -0.0249828
16.8 3 -0.0438537
16.8 3.2 -0.0181755
16.8 3.4 0.0422836
16.8 3.6 0.114353
16.8 3.8 0.173975
16.8 4 0.200151
16.8 4.2 0.194406
16.8 4.4 0.167911
16.8 4.6 0.142086
16.8 4.8 0.121855
16.8 5 0.105283
16.8 5.2 0.0808709
16.8 5.4 0.04109
16.8 5.6 -0.00915907
16.8 5.8 -0.0512828
16.8 6 -0.0641882
16.8 6.2 -0.0405637
16.8 6.4 0.00875587
16.8 6.6 0.0610508
16.8 6.8 0.0849755
16.8 7 0.0705832
16.8 7.2 0.0265533
16.8 7.4 -0.0119205
16.8 7.6 -0.00632156
16.8 7.8 0
16.8 8 0
16.8 8.2 0
16.8 8.4 0

17 0 0
17 0.2 0.00481704
17 0.4 0.0349934
17 0.6 0.0305467
17 0.8 0.0291004
17 1 0.0358252
17 1.2 0.0508712
17 1.4 0.0691448
17 1.6 0.0786821
17 1.8 0.0742082
17 2 0.0538054
17 2.2 0.0230553
17 2.4 -0.0105669
17 2.6 -0.0310589
17 2.8 -0.0313887
17 3 -0.00714215
17 3.2 0.031119
17 3.4 0.0731392
17 3.6 0.107635
17 3.8 0.126234
17 4 0.128438
17 4.2 0.122677
17 4.4 0.118116
17 4.6 0.120675
17 4.8 0.128456
17 5 0.125267
17 5.2 0.0998017
17 5.4 0.0516183
17 5.6 -0.00243509
17 5.8 -0.044745
17 6 -0.0539606
17 6.2 -0.0255014
17 6.4 0.0270415
17 6.6 0.0744346
17 6.8 0.0880596
17 7 0.0612517
17 7.2 0.0107714
17 7.4 -0.0261389
17 7.6 -0.00362928
17 7.8 0
17 8 0
17 8.2 0
17 8.4 0

17.2 0 0
17.2 0.2 -0.0409061
17.2 0.4 -0.29585
17.2 0.6 -0.25615
17.2 0.8 -0.210391
17.2 1 -0.158585
17.2 1.2 -0.105095
17.2 1.4 -0.0626565
17.2 1.6 -0.0489341
17.2 1.8 -0.0618743
17.2 2 -0.0909483
17.2 2.2 -0.118249
17.2 2.4 -0.123526
17.2 2.6 -0.0929876
17.2 2.8 -0.0360657
17.2 3 0.0274739
17.2 3.2 0.0714701
17.2 3.4 0.0867114
17.2 3.6 0.0733285
17.2 3.8 0.0423739
17.2 4 0.0137003
17.2 4.2 0.0051242
17.2 4.4 0.0224565
17.2 4.6 0.0578295
17.2 4.8 0.0973227
17.2 5 0.112128
17.2 5.2 0.0931848
17.2 5.4 0.0461529
17.2 5.6 -0.00977735
17.2 5.8 -0.0469457
17.2 6 -0.0497548
17.2 6.2 -0.0198913
17.2 6.4 0.0303497
17.2 6.6 0.0653611
17.2 6.8 0.0642708
17.2 7 0.0269615
17.2 7.2 -0.0218549
17.2 7.4 -0.0438514
17.2 7.6 -0.00612315
17.2 7.8 0
17.2 8 0
17.2 8.2 0
17.2 8.4 0

17.4 0 0
17.4 0.2 -0.0510531
17.4 0.4 -0.370053
17.4 0.6 -0.317812
17.4 0.8 -0.255083
17.4 1 -0.183287
17.4 1.2 -0.113541
17.4 1.4 -0.0664127
17.4 1.6 -0.0572743
17.4 1.8 -0.0882653
17.4 2 -0.138932
17.4 2.2 -0.177004
17.4 2.4 -0.168411
17.4 2.6 -0.105002
17.4 2.8 -0.0108481
17.4 3 0.0776494
17.4 3.2 0.117558
17.4 3.4 0.0998318
17.4 3.6 0.0345124
17.4 3.8 -0.0436833
17.4 4 -0.0985726
17.4 4.2 -0.104349
17.4 4.4 -0.06376
17.4 4.6 0.00461357
17.4 4.8 0.068418
17.4 5 0.0972742
17.4 5.2 0.0843794
17.4 5.4 0.0373364
17.4 5.6 -0.014727
17.4 5.8 -0.0458212
17.4 6 -0.044254
17.4 6.2 -0.0152757
17.4 6.4 0.020202
17.4 6.6 0.0351927
17.4 6.8 0.0131062
17.4 7 -0.0376138
17.4 7.2 -0.0864296
17.4 7.4 -0.018166
17.4 7.6 0
17.4 7.8 0
17.4 8 0
17.4 8.2 0
17.4 8.4 0

17.6 0 0
17.6 0.2 -0.0155303
17.6 0.4 -0.111724
17.6 0.6 -0.0877017
17.6 0.8 -0.0509369
17.6 1 0.00211376
17.6 1.2 0.0582269
17.6 1.4 0.0909694
17.6 1.6 0.0801412
17.6 1.8 0.0206819
17.6 2 -0.0615301
17.6 2.2 -0.122351
17.6 2.4 -0.120452
17.6 2.6 -0.0504876
17.6 2.8 0.0562324
17.6 3 0.147866
17.6 3.2 0.17307
17.6 3.4 0.118285
17.6 3.6 0.010127
17.6 3.8 -0.102029
17.6 4 -0.167512
17.6 4.2 -0.162204
17.6 4.4 -0.0970338
17.6 4.6 -0.00398861
17.6 4.8 0.0716603
17.6 5 0.104405
17.6 5.2 0.0897069
17.6 5.4 0.0420355
17.6 5.6 -0.00553
17.6 5.8 -0.0303496
17.6 6 -0.0272567
17.6 6.2 -0.00464257
17.6 6.4 0.0117231
17.6 6.6 0.00104471
17.6 6.8 -0.0505016
17.6 7 -0.126593
17.6 7.2 -0.187256
17.6 7.4 -0.0259198
17.6 7.6 0
17.6 7.8 0
17.6 8 0
17.6 8.2 0
17.6 8.4 0

17.8 0 0
17.8 0.2 0.0431963
17.8 0.4 0.312857
17.8 0.6 0.280757
17.8 0.8 0.263072
17.8 1 0.270514
17.8 1.2 0.294399
17.8 1.4 0.305309
17.8 1.6 0.274049
17.8 1.8 0.191744
17.8 2 0.0799282
17.8 2.2 -0.00632149
17.8 2.4 -0.024396
17.8 2.6 0.0361186
17.8 2.8 0.136915
17.8 3 0.215589
17.8 3.2 0.21557
17.8 3.4 0.131346
17.8 3.6 -0.00320767
17.8 3.8 -0.126191
17.8 4 -0.183238
17.8 4.2 -0.156059
17.8 4.4 -0.0668263
17.8 4.6 0.0355412
17.8 4.8 0.109054
17.8 5 0.129359
17.8 5.2 0.101145
17.8 5.4 0.0519314
17.8 5.6 0.00997014
17.8 5.8 -0.00766993
17.8 6 0.000757984
17.8 6.2 0.018274
17.8 6.4 0.0172818
17.8 6.6 -0.0183256
17.8 6.8 -0.0992422
17.8 7 -0.199617
17.8 7.2 -0.278353
17.8 7.4 -0.0385819
17.8 7.6 0
17.8 7.8 0
17.8 8 0
17.8 8.2 0
17.8 8.4 0

18 0 0
18 0.2 0.0836858
18 0.4 0.606043
18 0.6 0.524002
18 0.8 0.453007
18 1 0.416719
18 1.2 0.414269
18 1.4 0.416037
18 1.6 0.382661
18 1.8 0.296933
18 2 0.178119
18 2.2 0.078657
18 2.4 0.0463039
18 2.6 0.0934442
18 2.8 0.18076
18 3 0.240345
18 3.2 0.220394
18 3.4 0.120197
18 3.6 -0.0200765
18 3.8 -0.131687
18 4 -0.16481
18 4.2 -0.112034
18 4.4 -0.00590204
18 4.6 0.0921828
18 4.8 0.145193
18 5 0.138366
18 5.2 0.0930521
18 5.4 0.0427595
18 5.6 0.0109148
18 5.8 0.00781339
18 6 0.0243975
18 6.2 0.0418702
18 6.4 0.040026
18 6.6 -0.00076793
18 6.8 -0.0941932
18 7 -0.21084
18 7.2 -0.0677186
18 7.4 0
18 7.6 0
18 7.8 0
18 8 0
18 8.2 0
18 8.4 0

18.2 0 0
18.2 0.2 0.0759598
18.2 0.4 0.550522
18.2 0.6 0.453052
18.2 0.8 0.355962
18.2 1 0.300031
18.2 1.2 0.29749
18.2 1.4 0.315822
18.2 1.6 0.31265
18.2 1.8 0.256489
18.2 2 0.157769
18.2 2.2 0.0676622
18.2 2.4 0.035947
18.2 2.6 0.0793088
18.2 2.8 0.154514
18.2 3 0.202438
18.2 3.2 0.173252
18.2 3.4 0.0682306
18.2 3.6 -0.0601897
18.2 3.8 -0.14547
18.2 4 -0.144506
18.2 4.2 -0.0639351
18.2 4.4 0.0462014
18.2 4.6 0.12617
18.2 4.8 0.144996
18.2 5 0.104561
18.2 5.2 0.0426115
18.2 5.4 -0.00389324
18.2 5.6 -0.0208677
18.2 5.8 -0.00617286
18.2 6 0.0193727
18.2 6.2 0.0454306
18.2 6.4 0.0601739
18.2 6.6 0.0458913
18.2 6.8 -0.0243516
18.2 7 -0.199609
18.2 7.2 -0.0275436
18.2 7.4 0
18.2 7.6 0
18.2 7.8 0
18.2 8 0
18.2 8.2 0
18.2 8.4 0

18.4 0 0
18.4 0.2 0.023678
18.4 0.4 0.171977
18.4 0.6 0.0923085
18.4 0.8 0.00149155
18.4 1 -0.0436427
18.4 1.2 -0.018179
18.4 1.4 0.0474927
18.4 1.6 0.0965306
18.4 1.8 0.0903735
18.4 2 0.0322235
18.4 2.2 -0.0315455
18.4 2.4 -0.0494341
18.4 2.6 -0.00378963
18.4 2.8 0.0712262
18.4 3 0.113777
18.4 3.2 0.0823461
18.4 3.4 -0.0144805
18.4 3.6 -0.122231
18.4 3.8 -0.174718
18.4 4 -0.140181
18.4 4.2 -0.038954
18.4 4.4 0.0661408
18.4 4.6 0.117421
18.4 4.8 0.0944098
18.4 5 0.0239495
18.4 5.2 -0.0438079
18.4 5.4 -0.077753
18.4 5.6 -0.0740221
18.4 5.8 -0.0454438
18.4 6 -0.0182034
18.4 6.2 0.00693266
18.4 6.4 0.0450047
18.4 6.6 0.0964074
18.4 6.8 0.146563
18.4 7 -0.00742583
18.4 7.2 0
18.4 7.4 0
18.4 7.6 0
18.4 7.8 0
18.4 8 0
18.4 8.2 0
18.4 8.4 0

18.6 0 0
18.6 0.2 -0.038079
18.6 0.4 -0.275805
18.6 0.6 -0.326847
18.6 0.8 -0.397079
18.6 1 -0.415151
18.6 1.2 -0.349863
18.6 1.4 -0.230817
18.6 1.6 -0.124292
18.6 1.8 -0.0799666
18.6 2 -0.100901
18.6 2.2 -0.142561
18.6 2.4 -0.149291
18.6 2.6 -0.10024
18.6 2.8 -0.0246824
18.6 3 0.0181299
18.6 3.2 -0.0113315
18.6 3.4 -0.098723
18.6 3.6 -0.185956
18.6 3.8 -0.208087
18.6 4 -0.145679
18.6 4.2 -0.0331092
18.6 4.4 0.0588831
18.6 4.6 0.0774203
18.6 4.8 0.0188542
18.6 5 -0.0698454
18.6 5.2 -0.133023
18.6 5.4 -0.139125
18.6 5.6 -0.107263
18.6 5.8 -0.0722838
18.6 6 -0.0632172
18.6 6.2 -0.0681272
18.6 6.4 -0.0398984
18.6 6.6 0.0598434
18.6 6.8 0.219886
18.6 7 0.0302082
18.6 7.2 0
18.6 7.4 0
18.6 7.6 0
18.6 7.8 0
18.6 8 0
18.6 8.2 0
18.6 8.4 0

18.8 0 0
18.8 0.2 -0.0673663
18.8 0.4 -0.488147
18.8 0.6 -0.527764
18.8 0.8 -0.588962
18.8 1 -0.589356
18.8 1.2 -0.493352
18.8 1.4 -0.336473
18.8 1.6 -0.191862
18.8 1.8 -0.122222
18.8 2 -0.131441
18.8 2.2 -0.172305
18.8 2.4 -0.185941
18.8 2.6 -0.143959
18.8 2.8 -0.0738694
18.8 3 -0.0361107
18.8 3.2 -0.0662133
18.8 3.4 -0.14782
18.8 3.6 -0.219854
18.8 3.8 -0.221635
18.8 4 -0.142735
18.8 4.2 -0.0282323
18.8 4.4 0.0462385
18.8 4.6 0.0355636
18.8 4.8 -0.0471479
18.8 5 -0.139922
18.8 5.2 -0.175791
18.8 5.4 -0.140012
18.8 5.6 -0.0718783
18.8 5.8 -0.0357235
18.8 6 -0.0665042
18.8 6.2 -0.144396
18.8 6.4 -0.190921
18.8 6.6 -0.10248
18.8 6.8 0.0160589
18.8 7 0
18.8 7.2 0
18.8 7.4 0
18.8 7.6 0
18.8 7.8 0
18.8 8 0
18.8 8.2 0
18.8 8.4 0

19 0 0
19 0.2 -0.0448087
19 0.4 -0.324289
19 0.6 -0.384221
19 0.8 -0.46258
19 1 -0.469808
19 1.2 -0.368427
19 1.4 -0.199381
19 1.6 -0.0465013
19 1.8 0.0164943
19 2 -0.0118067
19 2.2 -0.0816866
19 2.4 -0.124811
19 2.6 -0.104103
19 2.8 -0.0516199
19 3 -0.025649
19 3.2 -0.0635266
19 3.4 -0.147759
19 3.6 -0.21626
19 3.8 -0.208709
19 4 -0.120663
19 4.2 -0.00867899
19 4.4 0.050727
19 4.6 0.0188823
19 4.8 -0.0759994
19 5 -0.157027
19 5.2 -0.1519
19 5.4 -0.061786
19 5.6 0.0528658
19 5.8 0.0988442
19 6 0.0254404
19 6.2 -0.149231
19 6.4 -0.342754
19 6.6 -0.0613873
19 6.8 0
19 7 0
19 7.2 0
19 7.4 0
19 7.6 0
19 7.8 0
19 8 0
19 8.2 0
19 8.4 0

19.2 0 0
19.2 0.2 0.0124906
19.2 0.4 0.0914908
19.2 0.6 -0.0135923
19.2 0.8 -0.130865
19.2 1 -0.162591
19.2 1.2 -0.0720291
19.2 1.4 0.0910289
19.2 1.6 0.230595
19.2 1.8 0.269186
19.2 2 0.199751
19.2 2.2 0.0837826
19.2 2.4 0.000881822
19.2 2.6 -0.0125471
19.2 2.8 0.0204493
19.2 3 0.0300185
19.2 3.2 -0.0215541
19.2 3.4 -0.117309
19.2 3.6 -0.18864
19.2 3.8 -0.178873
19.2 4 -0.0860934
19.2 4.2 0.0240273
19.2 4.4 0.0750611
19.2 4.6 0.0266937
19.2 4.8 -0.0727051
19.2 5 -0.134152
19.2 5.2 -0.0860239
19.2 5.4 0.0659254
19.2 5.6 0.233417
19.2 5.8 0.306246
19.2 6 0.226288
19.2 6.2 -0.000350064
19.2 6.4 -0.375018
19.2 6.6 -0.0516745
19.2 6.8 0
19.2 7 0
19.2 7.2 0
19.2 7.4 0
19.2 7.6 0
19.2 7.8 0
19.2 8 0
19.2 8.2 0
19.2 8.4 0

19.4 0 0
19.4 0.2 0.0629992
19.4 0.4 0.45694
19.4 0.6 0.307683
19.4 0.8 0.152492
19.4 1 0.0971673
19.4 1.2 0.177792
19.4 1.4 0.337619
19.4 1.6 0.467639
19.4 1.8 0.484395
19.4 2 0.379058
19.4 2.2 0.22155
19.4 2.4 0.10381
19.4 2.6 0.0680589
19.4 2.8 0.0852714
19.4 3 0.0842038
19.4 3.2 0.0175401
19.4 3.4 -0.0930016
19.4 3.6 -0.17344
19.4 3.8 -0.162534
19.4 4 -0.0636671
19.4 4.2 0.0535448
19.4 4.4 0.100236
19.4 4.6 0.0441154
19.4 4.8 -0.0621065
19.4 5 -0.112658
19.4 5.2 -0.0306313
19.4 5.4 0.170295
19.4 5.6 0.387535
19.4 5.8 0.502157
19.4 6 0.46502
19.4 6.2 0.359116
19.4 6.4 -0.00217907
19.4 6.6 0
19.4 6.8 0
19.4 7 0
19.4 7.2 0
19.4 7.4 0
19.4 7.6 0
19.4 7.8 0
19.4 8 0
19.4 8.2 0
19.4 8.4 0

19.6 0 0
19.6 0.2 0
19.6 0.4 0.0629992
19.6 0.6 0.0423293
19.6 0.8 0.020961
19.6 1 0.0134547
19.6 1.2 0.0245449
19.6 1.4 0.046533
19.6 1.6 0.064392
19.6 1.8 0.0667483
19.6 2 0.0522998
19.6 2.2 0.0306062
19.6 2.4 0.0143329
19.6 2.6 0.00950557
19.6 2.8 0.011676
19.6 3 0.0117279
19.6 3.2 0.0023714
19.6 3.4 -0.0128571
19.6 3.6 -0.0240126
19.6 3.8 -0.0224397
19.6 4 -0.00893351
19.6 4.2 0.0074403
19.6 4.4 0.0137032
19.6 4.6 0.00605834
19.6 4.8 -0.0085951
19.6 5 -0.0155448
19.6 5.2 -0.00418581
19.6 5.4 0.0234421
19.6 5.6 0.0533731
19.6 5.8 0.0693031
19.6 6 0.0639349
19.6 6.2 0.0494954
19.6 6.4 0
19.6 6.6 0
19.6 6.8 0
19.6 7 0
19.6 7.2 0
19.6 7.4 0
19.6 7.6 0
19.6 7.8 0
19.6 8 0
19.6 8.2 0
19.6 8.4 0

19.8 0 0
19.8 0.2 0
19.8 0.4 0
19.8 0.6 0
19.8 0.8 0
19.8 1 0
19.8 1.2 0
19.8 1.4 0
19.8 1.6 0
19.8 1.8 0
19.8 2 0
19.8 2.2 0
19.8 2.4 0
19.8 2.6 0
19.8 2.8 0
19.8 3 0
19.8 3.2 0
19.8 3.4 0
19.8 3.6 0
19.8 3.8 0
19.8 4 0
19.8 4.2 0
19.8 4.4 0
19.8 4.6 0
19.8 4.8 0
19.8 5 0
19.8 5.2 0
19.8 5.4 0
19.8 5.6 0
19.8 5.8 0
19.8 6 0
19.8 6.2 0
19.8 6.4 0
19.8 6.6 0
19.8 6.8 0
19.8 7 0
19.8 7.2 0
19.8 7.4 0
19.8 7.6 0
19.8 7.8 0
19.8 8 0
19.8 8.2 0
19.8 8.4 0

