0 0 0
0 0.2 0
0 0.4 0
0 0.6 0
0 0.8 0
0 1 0
0 1.2 0
0 1.4 0
0 1.6 0
0 1.8 0
0 2 0
0 2.2 0
0 2.4 0
0 2.6 0
0 2.8 0
0 3 0
0 3.2 0
0 3.4 0
0 3.6 0
0 3.8 0
0 4 0
0 4.2 0
0 4.4 0
0 4.6 0
0 4.8 0
0 5 0
0 5.2 0
0 5.4 0
0 5.6 0
0 5.8 0
0 6 0
0 6.2 0
0 6.4 0
0 6.6 0
0 6.8 0
0 7 0
0 7.2 0
0 7.4 0
0 7.6 0
0 7.8 0
0 8 0
0 8.2 0
0 8.4 0

0.2 0 0
0.2 0.2 0
0.2 0.4 -0.0357211
0.2 0.6 -0.0227822
0.2 0.8 -0.00668017
0.2 1 0.0057235
0.2 1.2 0.0110527
0.2 1.4 0.0111963
0.2 1.6 0.010913
0.2 1.8 0.0137054
0.2 2 0.0183946
0.2 2.2 0.0194885
0.2 2.4 0.0115315
0.2 2.6 -0.00617974
0.2 2.8 -0.0273139
0.2 3 -0.0418098
0.2 3.2 -0.0416471
0.2 3.4 -0.0269202
0.2 3.6 -0.00577839
0.2 3.8 0.00986643
0.2 4 0.0122243
0.2 4.2 0.00257375
0.2 4.4 -0.00951799
0.2 4.6 -0.0128545
0.2 4.8 -0.00257962
0.2 5 0.0160508
0.2 5.2 0.030519
0.2 5.4 0.0294921
0.2 5.6 0.0105075
0.2 5.8 -0.0176174
0.2 6 -0.0399154
0.2 6.2 0
0.2 6.4 0
0.2 6.6 0
0.2 6.8 0
0.2 7 0
0.2 7.2 0
0.2 7.4 0
0.2 7.6 0
0.2 7.8 0
0.2 8 0
0.2 8.2 0
0.2 8.4 0

0.4 0 0
0.4 0.2 -0.0357211
0.4 0.4 -0.258791
0.4 0.6 -0.164923
0.4 0.8 -0.048159
0.4 1 0.0418505
0.4 1.2 0.0806656
0.4 1.4 0.0816165
0.4 1.6 0.0797962
0.4 1.8 0.10028
0.4 2 0.134323
0.4 2.2 0.142172
0.4 2.4 0.0841121
0.4 2.6 -0.044611
0.4 2.8 -0.198354
0.4 3 -0.30339
0.4 3.2 -0.302421
0.4 3.4 -0.195094
0.4 3.6 -0.0415354
0.4 3.8 0.0720002
0.4 4 0.0888295
0.4 4.2 0.0184176
0.4 4.4 -0.0693411
0.4 4.6 -0.0933859
0.4 4.8 -0.0182979
0.4 5 0.117233
0.4 5.2 0.222543
0.4 5.4 0.214888
0.4 5.6 0.076686
0.4 5.8 -0.127953
0.4 6 -0.290105
0.4 6.2 -0.0700292
0.4 6.4 0
0.4 6.6 0
0.4 6.8 0
0.4 7 0
0.4 7.2 0
0.4 7.4 0
0.4 7.6 0
0.4 7.8 0
0.4 8 0
0.4 8.2 0
0.4 8.4 0

0.6 0 0
0.6 0.2 -0.0289285
0.6 0.4 -0.21022
0.6 0.6 -0.133523
0.6 0.8 -0.0402923
0.6 1 0.0258044
0.6 1.2 0.0433457
0.6 1.4 0.0250409
0.6 1.6 0.0057891
0.6 1.8 0.0133257
0.6 2 0.0457759
0.6 2.2 0.0723599
0.6 2.4 0.0563537
0.6 2.6 -0.0133729
0.6 2.8 -0.109589
0.6 3 -0.178159
0.6 3.2 -0.176245
0.6 3.4 -0.0996963
0.6 3.6 0.00621373
0.6 3.8 0.0778716
0.6 4 0.0736943
0.6 4.2 0.00427508
0.6 4.4 -0.0729961
0.6 4.6 -0.0933826
0.6 4.8 -0.029308
0.6 5 0.0859431
0.6 5.2 0.17912
0.6 5.4 0.182468
0.6 5.6 0.0820897
0.6 5.8 -0.0712519
0.6 6 -0.192419
0.6 6.2 -0.218519
0.6 6.4 -0.0235233
0.6 6.6 0
0.6 6.8 0
0.6 7 0
0.6 7.2 0
0.6 7.4 0
0.6 7.6 0
0.6 7.8 0
0.6 8 0
0.6 8.2 0
0.6 8.4 0

0.8 0 0
0.8 0.2 -0.0199611
0.8 0.4 -0.145945
0.8 0.6 -0.0889386
0.8 0.8 -0.0222155
0.8 1 0.016622
0.8 1.2 0.00842202
0.8 1.4 -0.0348843
0.8 1.6 -0.0795578
0.8 1.8 -0.0926926
0.8 2 -0.0660748
0.8 2.2 -0.0168546
0.8 2.4 0.0211591
0.8 2.6 0.0276091
0.8 2.8 0.00579049
0.8 3 -0.0177462
0.8 3.2 -0.0165648
0.8 3.4 0.0153543
0.8 3.6 0.0566748
0.8 3.8 0.0728816
0.8 4 0.0434051
0.8 4.2 -0.0207847
0.8 4.4 -0.0804588
0.8 4.6 -0.0929701
0.8 4.8 -0.0427709
0.8 5 0.0453918
0.8 5.2 0.120174
0.8 5.4 0.13637
0.8 5.6 0.0851168
0.8 5.8 0.000635932
0.8 6 -0.0594251
0.8 6.2 -0.0492968
0.8 6.4 0.0486893
0.8 6.6 0.00659053
0.8 6.8 0
0.8 7 0
0.8 7.2 0
0.8 7.4 0
0.8 7.6 0
0.8 7.8 0
0.8 8 0
0.8 8.2 0
0.8 8.4 0

1 0 0
1 0.2 -0.0100275
1 0.4 -0.0741631
1 0.6 -0.034224
1 0.8 0.0126286
1 1 0.0344594
1 1.2 0.0125333
1 1.4 -0.0455428
1 1.6 -0.109338
1 1.8 -0.145871
1 2 -0.134371
1 2.2 -0.0800823
1 2.4 -0.00644483
1 2.6 0.0585843
1 2.8 0.0971441
1 3 0.108101
1 3.2 0.10075
1 3.4 0.0851525
1 3.6 0.0639555
1 3.8 0.0329577
1 4 -0.00820966
1 4.2 -0.0511941
1 4.4 -0.0795856
1 4.6 -0.077352
1 4.8 -0.0425324
1 5 0.0101049
1 5.2 0.0558473
1 5.4 0.0750475
1 5.6 0.0669495
1 5.8 0.0482655
1 6 0.0420019
1 6.2 0.0607458
1 6.4 0.0949269
1 6.6 0.0178805
1 6.8 0
1 7 0
1 7.2 0
1 7.4 0
1 7.6 0
1 7.8 0
1 8 0
1 8.2 0
1 8.4 0

1.2 0 0
1.2 0.2 -0.000842945
1.2 0.4 -0.00693916
1.2 0.6 0.0211014
1.2 0.8 0.0581848
1.2 1 0.0785612
1.2 1.2 0.0646956
1.2 1.4 0.0155171
1.2 1.6 -0.0497728
1.2 1.8 -0.10346
1.2 2 -0.119317
1.2 2.2 -0.0866221
1.2 2.4 -0.0161176
1.2 2.6 0.0663193
1.2 2.8 0.129833
1.2 3 0.152727
1.2 3.2 0.13067
1.2 3.4 0.0754022
1.2 3.6 0.00969838
1.2 3.8 -0.0444465
1.2 4 -0.073184
1.2 4.2 -0.0748976
1.2 4.4 -0.0572725
1.2 4.6 -0.0335026
1.2 4.8 -0.0147595
1.2 5 -0.00554816
1.2 5.2 -0.00198641
1.2 5.4 0.00469076
1.2 5.6 0.0237396
1.2 5.8 0.0553858
1.2 6 0.0899698
1.2 6.2 0.108663
1.2 6.4 0.0929467
1.2 6.6 0.03576
1.2 6.8 -0.0259508
1.2 7 0
1.2 7.2 0
1.2 7.4 0
1.2 7.6 0
1.2 7.8 0
1.2 8 0
1.2 8.2 0
1.2 8.4 0

1.4 0 0
1.4 0.2 0.00610782
1.4 0.4 0.044689
1.4 0.6 0.0629745
1.4 0.8 0.0945259
1.4 1 0.125119
1.4 1.2 0.13836
1.4 1.4 0.123011
1.4 1.6 0.0791461
1.4 1.8 0.021284
1.4 2 -0.0250591
1.4 2.2 -0.0373035
1.4 2.4 -0.00740539
1.4 2.6 0.0499755
1.4 2.8 0.103133
1.4 3 0.118624
1.4 3.2 0.0811433
1.4 3.4 0.00285712
1.4 3.6 -0.0815299
1.4 3.8 -0.132327
1.4 4 -0.128069
1.4 4.2 -0.0755073
1.4 4.4 -0.00679604
1.4 4.6 0.039886
1.4 4.8 0.0412554
1.4 5 0.00423632
1.4 5.2 -0.042006
1.4 5.4 -0.0601431
1.4 5.6 -0.0318906
1.4 5.8 0.0319692
1.4 6 0.0953372
1.4 6.2 0.114316
1.4 6.4 0.0625513
1.4 6.6 -0.0580078
1.4 6.8 -0.224687
1.4 7 -0.0308616
1.4 7.2 0
1.4 7.4 0
1.4 7.6 0
1.4 7.8 0
1.4 8 0
1.4 8.2 0
1.4 8.4 0

1.6 0 0
1.6 0.2 0.0107915
1.6 0.4 0.0796245
1.6 0.6 0.0829862
1.6 0.8 0.102416
1.6 1 0.138897
1.6 1.2 0.184089
1.6 1.4 0.215424
1.6 1.6 0.212387
1.6 1.8 0.168414
1.6 2 0.0994681
1.6 2.2 0.0377365
1.6 2.4 0.0103644
1.6 2.6 0.0205789
1.6 2.8 0.0455446
1.6 3 0.0484456
1.6 3.2 0.00540383
1.6 3.4 -0.0754562
1.6 3.6 -0.155686
1.6 3.8 -0.188058
1.6 4 -0.146504
1.6 4.2 -0.0461949
1.6 4.4 0.0635142
1.6 4.6 0.125696
1.6 4.8 0.109701
1.6 5 0.0314958
1.6 5.2 -0.0592131
1.6 5.4 -0.104855
1.6 5.6 -0.0778611
1.6 5.8 0.00363452
1.6 6 0.086251
1.6 6.2 0.111513
1.6 6.4 0.0532259
1.6 6.6 -0.0695187
1.6 6.8 -0.192475
1.6 7 -0.0517024
1.6 7.2 0
1.6 7.4 0
1.6 7.6 0
1.6 7.8 0
1.6 8 0
1.6 8.2 0
1.6 8.4 0

1.8 0 0
1.8 0.2 0.0148913
1.8 0.4 0.109656
1.8 0.6 0.0865245
1.8 0.8 0.0741472
1.8 1 0.0976128
1.8 1.2 0.160352
1.8 1.4 0.235215
1.8 1.6 0.280812
1.8 1.8 0.265841
1.8 2 0.19359
1.8 2.2 0.0978745
1.8 2.4 0.0227671
1.8 2.6 -0.00757178
1.8 2.8 -0.00416958
1.8 3 -0.00263498
1.8 3.2 -0.0341891
1.8 3.4 -0.0998865
1.8 3.6 -0.165164
1.8 3.8 -0.180355
1.8 4 -0.118639
1.8 4.2 0.00386663
1.8 4.4 0.129567
1.8 4.6 0.193666
1.8 4.8 0.162635
1.8 5 0.0567786
1.8 5.2 -0.0618381
1.8 5.4 -0.124418
1.8 5.6 -0.100277
1.8 5.8 -0.0109991
1.8 6 0.0804673
1.8 6.2 0.113264
1.8 6.4 0.0630427
1.8 6.6 -0.0426316
1.8 6.8 -0.142687
1.8 7 -0.184026
1.8 7.2 -0.025267
1.8 7.4 0
1.8 7.6 0
1.8 7.8 0
1.8 8 0
1.8 8.2 0
1.8 8.4 0

2 0 0
2 0.2 0.0206335
2 0.4 0.150888
2 0.6 0.0884683
2 0.8 0.0232693
2 1 0.00723584
2 1.2 0.0619149
2 1.4 0.161651
2 1.6 0.248953
2 1.8 0.271439
2 2 0.214819
2 2.2 0.11222
2 2.4 0.0184407
2 2.6 -0.026574
2 2.8 -0.0215317
2 3 -0.0012379
2 3.2 -0.00553871
2 3.4 -0.0464645
2 3.6 -0.0983021
2 3.8 -0.113426
2 4 -0.0608297
2 4.2 0.0479903
2 4.4 0.160482
2 4.6 0.212614
2 4.8 0.171689
2 5 0.0594863
2 5.2 -0.061382
2 5.4 -0.122732
2 5.6 -0.0960138
2 5.8 -0.0069471
2 6 0.0820611
2 6.2 0.113136
2 6.4 0.0711368
2 6.6 -0.011987
2 6.8 -0.0807946
2 7 -0.104124
2 7.2 -0.0022731
2 7.4 0
2 7.6 0
2 7.8 0
2 8 0
2 8.2 0
2 8.4 0

2.2 0 0
2.2 0.2 0.0283269
2.2 0.4 0.205866
2.2 0.6 0.0994361
2.2 0.8 -0.0280167
2.2 1 -0.100685
2.2 1.2 -0.0769253
2.2 1.4 0.0232128
2.2 1.6 0.135086
2.2 1.8 0.190493
2.2 2 0.162342
2.2 2.2 0.0773019
2.2 2.4 -0.00563663
2.2 2.6 -0.0370154
2.2 2.8 -0.00818004
2.2 3 0.0453114
2.2 3.2 0.0759101
2.2 3.4 0.0588477
2.2 3.6 0.0110544
2.2 3.8 -0.02355
2.2 4 -0.00762402
2.2 4.2 0.0591933
2.2 4.4 0.135868
2.2 4.6 0.168507
2.2 4.8 0.127423
2.2 5 0.0303887
2.2 5.2 -0.067191
2.2 5.4 -0.108659
2.2 5.6 -0.0740569
2.2 5.8 0.00861625
2.2 6 0.0814244
2.2 6.2 0.09773
2.2 6.4 0.0539287
2.2 6.6 -0.01058
2.2 6.8 -0.0431252
2.2 7 -0.0116194
2.2 7.2 0.0872561
2.2 7.4 0.0120166
2.2 7.6 0
2.2 7.8 0
2.2 8 0
2.2 8.2 0
2.2 8.4 0

2.4 0 0
2.4 0.2 0.0346689
2.4 0.4 0.251393
2.4 0.6 0.111924
2.4 0.8 -0.0651306
2.4 1 -0.188347
2.4 1.2 -0.203051
2.4 1.4 -0.119852
2.4 1.6 -0.0047003
2.4 1.8 0.0700358
2.4 2 0.0683326
2.4 2.2 0.0110733
2.4 2.4 -0.0442668
2.4 2.6 -0.047193
2.4 2.8 0.012461
2.4 3 0.0990754
2.4 3.2 0.158243
2.4 3.4 0.156564
2.4 3.6 0.102586
2.4 3.8 0.0389196
2.4 4 0.00863274
2.4 4.2 0.0244873
2.4 4.4 0.0613703
2.4 4.6 0.0777095
2.4 4.8 0.0470279
2.4 5 -0.0187139
2.4 5.2 -0.0779303
2.4 5.4 -0.0897492
2.4 5.6 -0.0444527
2.4 5.8 0.026512
2.4 6 0.073983
2.4 6.2 0.0640699
2.4 6.4 0.00631873
2.4 6.6 -0.0546059
2.4 6.8 -0.0703637
2.4 7 -0.027557
2.4 7.2 0.0387925
2.4 7.4 0.00536172
2.4 7.6 0
2.4 7.8 0
2.4 8 0
2.4 8.2 0
2.4 8.4 0

2.6 0 0
2.6 0.2 0.0337475
2.6 0.4 0.244827
2.6 0.6 0.0995728
2.6 0.8 -0.0904459
2.6 1 -0.234038
2.6 1.2 -0.272649
2.6 1.4 -0.212097
2.6 1.6 -0.109738
2.6 1.8 -0.0345638
2.6 2 -0.0220825
2.6 2.2 -0.0561135
2.6 2.4 -0.0853263
2.6 2.6 -0.0638341
2.6 2.8 0.0154971
2.6 3 0.117809
2.6 3.2 0.188224
2.6 3.4 0.190061
2.6 3.6 0.128356
2.6 3.8 0.0427005
2.6 4 -0.0215055
2.6 4.2 -0.0408144
2.6 4.4 -0.0296085
2.6 4.6 -0.0187065
2.6 4.8 -0.0308788
2.6 5 -0.061859
2.6 5.2 -0.0826543
2.6 5.4 -0.0668697
2.6 5.6 -0.0140049
2.6 5.8 0.0440997
2.6 6 0.0655561
2.6 6.2 0.0298786
2.6 6.4 -0.0455133
2.6 6.6 -0.111617
2.6 6.8 -0.125501
2.6 7 -0.0818851
2.6 7.2 -0.0253597
2.6 7.4 -0.00343441
2.6 7.6 0
2.6 7.8 0
2.6 8 0
2.6 8.2 0
2.6 8.4 0

2.8 0 0
2.8 0.2 0.0207905
2.8 0.4 0.151427
2.8 0.6 0.035817
2.8 0.8 -0.119079
2.8 1 -0.238462
2.8 1.2 -0.274389
2.8 1.4 -0.229483
2.8 1.6 -0.149792
2.8 1.8 -0.0898743
2.8 2 -0.0779456
2.8 2.2 -0.0999933
2.8 2.4 -0.11477
2.8 2.6 -0.0855642
2.8 2.8 -0.0081742
2.8 3 0.0842301
2.8 3.2 0.144749
2.8 3.4 0.140753
2.8 3.6 0.0773866
2.8 3.8 -0.00913393
2.8 4 -0.0764547
2.8 4.2 -0.101195
2.8 4.4 -0.0915462
2.8 4.6 -0.073704
2.8 4.8 -0.068313
2.8 5 -0.0742011
2.8 5.2 -0.0714948
2.8 5.4 -0.0420075
2.8 5.6 0.0112552
2.8 5.8 0.0600109
2.8 6 0.0678173
2.8 6.2 0.0209231
2.8 6.4 -0.0607868
2.8 6.6 -0.13029
2.8 6.8 -0.14689
2.8 7 -0.10555
2.8 7.2 -0.0411401
2.8 7.4 0.00113505
2.8 7.6 7.78877e-05
2.8 7.8 0
2.8 8 0
2.8 8.2 0
2.8 8.4 0

3 0 0
3 0.2 -0.00332006
3 0.4 -0.0230672
3 0.6 -0.0793747
3 0.8 -0.158679
3 1 -0.216466
3 1.2 -0.224524
3 1.4 -0.186979
3 1.6 -0.133914
3 1.8 -0.0984322
3 2 -0.0958783
3 2.2 -0.113412
3 2.4 -0.122829
3 2.6 -0.0996596
3 2.8 -0.0453591
3 3 0.0160713
3 3.2 0.0491121
3 3.4 0.0353322
3 3.6 -0.0185743
3 3.8 -0.0814271
3 4 -0.120627
3 4.2 -0.12109
3 4.4 -0.093205
3 4.6 -0.0624251
3 4.8 -0.0481167
3 5 -0.0490106
3 5.2 -0.0464377
3 5.4 -0.0222881
3 5.6 0.024188
3 5.8 0.0702938
3 6 0.0851105
3 6.2 0.0519702
3 6.4 -0.0147285
3 6.6 -0.0774385
3 6.8 -0.0993268
3 7 -0.07152
3 7.2 -0.0173353
3 7.4 0.0240433
3 7.6 0.00323817
3 7.8 0
3 8 0
3 8.2 0
3 8.4 0

3.2 0 0
3.2 0.2 -0.0303529
3.2 0.4 -0.219243
3.2 0.6 -0.205552
3.2 0.8 -0.195206
3.2 1 -0.178804
3.2 1.2 -0.152956
3.2 1.4 -0.122417
3.2 1.6 -0.0977426
3.2 1.8 -0.0872879
3.2 2 -0.0923026
3.2 2.2 -0.101388
3.2 2.4 -0.103301
3.2 2.6 -0.0895967
3.2 2.8 -0.0656174
3.2 3 -0.0466957
3.2 3.2 -0.0469313
3.2 3.4 -0.0713992
3.2 3.6 -0.106484
3.2 3.8 -0.130627
3.2 4 -0.12481
3.2 4.2 -0.0876921
3.2 4.4 -0.0367015
3.2 4.6 0.00227286
3.2 4.8 0.0114242
3.2 5 -0.00477258
3.2 5.2 -0.0241983
3.2 5.4 -0.0215128
3.2 5.6 0.0129502
3.2 5.8 0.0647215
3.2 6 0.10514
3.2 6.2 0.110664
3.2 6.4 0.0803204
3.2 6.6 0.0354454
3.2 6.8 0.0065001
3.2 7 0.00778336
3.2 7.2 0.0328808
3.2 7.4 0.057782
3.2 7.6 0.0174073
3.2 7.8 0
3.2 8 0
3.2 8.2 0
3.2 8.4 0

3.4 0 0
3.4 0.2 -0.0476827
3.4 0.4 -0.345773
3.4 0.6 -0.275854
3.4 0.8 -0.193
3.4 1 -0.121951
3.4 1.2 -0.0792286
3.4 1.4 -0.0675445
3.4 1.6 -0.0754902
3.4 1.8 -0.0863008
3.4 2 -0.0870912
3.4 2.2 -0.0752631
3.4 2.4 -0.0572952
3.4 2.6 -0.0451625
3.4 2.8 -0.0468751
3.4 3 -0.0665271
3.4 3.2 -0.0977913
3.4 3.4 -0.129033
3.4 3.6 -0.144268
3.4 3.8 -0.130809
3.4 4 -0.0854662
3.4 4.2 -0.0200006
3.4 4.4 0.04265
3.4 4.6 0.0769318
3.4 4.8 0.0700877
3.4 5 0.0275752
3.4 5.2 -0.0227846
3.4 5.4 -0.0486782
3.4 5.6 -0.0290136
3.4 5.8 0.0313158
3.4 6 0.106478
3.4 6.2 0.16325
3.4 6.4 0.180539
3.4 6.6 0.16026
3.4 6.8 0.122057
3.4 7 0.0877946
3.4 7.2 0.0692674
3.4 7.4 0.0641614
3.4 7.6 0.0685635
3.4 7.8 0.00949697
3.4 8 0
3.4 8.2 0
3.4 8.4 0

3.6 0 0
3.6 0.2 -0.0451978
3.6 0.4 -0.32865
3.6 0.6 -0.234118
3.6 0.8 -0.120189
3.6 1 -0.0349012
3.6 1.2 -0.0086112
3.6 1.4 -0.0342115
3.6 1.6 -0.0793372
3.6 1.8 -0.103527
3.6 2 -0.0879525
3.6 2.2 -0.0406182
3.6 2.4 0.00891514
3.6 2.6 0.0311579
3.6 2.8 0.0141239
3.6 3 -0.033701
3.6 3.2 -0.0870825
3.6 3.4 -0.121487
3.6 3.6 -0.121503
3.6 3.8 -0.0859653
3.6 4 -0.0253506
3.6 4.2 0.042145
3.6 4.4 0.0947123
3.6 4.6 0.112792
3.6 4.8 0.0874815
3.6 5 0.02559
3.6 5.2 -0.0473981
3.6 5.4 -0.0968699
3.6 5.6 -0.0930954
3.6 5.8 -0.0296562
3.6 6 0.0727799
3.6 6.2 0.173689
3.6 6.4 0.235512
3.6 6.6 0.238575
3.6 6.8 0.192306
3.6 7 0.121937
3.6 7.2 0.0565472
3.6 7.4 0.0114368
3.6 7.6 -0.00885283
3.6 7.8 -0.00116264
3.6 8 0
3.6 8.2 0
3.6 8.4 0

3.8 0 0
3.8 0.2 -0.0217867
3.8 0.4 -0.15962
3.8 0.6 -0.0753444
3.8 0.8 0.0260601
3.8 1 0.0826855
3.8 1.2 0.0636098
3.8 1.4 -0.0138
3.8 1.6 -0.0949256
3.8 1.8 -0.124614
3.8 2 -0.0837764
3.8 2.2 0.00382413
3.8 2.4 0.0863446
3.8 2.6 0.119914
3.8 2.8 0.0932835
3.8 3 0.0279075
3.8 3.2 -0.0354033
3.8 3.4 -0.0671601
3.8 3.6 -0.0578585
3.8 3.8 -0.0202836
3.8 4 0.0263014
3.8 4.2 0.0650219
3.8 4.4 0.0869092
3.8 4.6 0.0841492
3.8 4.8 0.0528952
3.8 5 -0.0061151
3.8 5.2 -0.0789973
3.8 5.4 -0.137701
3.8 5.6 -0.150874
3.8 5.8 -0.0988133
3.8 6 0.00713966
3.8 6.2 0.129316
3.8 6.4 0.218207
3.8 6.6 0.239279
3.8 6.8 0.189561
3.8 7 0.0962298
3.8 7.2 -0.000936215
3.8 7.4 -0.0725288
3.8 7.6 -0.109952
3.8 7.8 -0.015097
3.8 8 0
3.8 8.2 0
3.8 8.4 0

4 0 0
4 0.2 0.0125789
4 0.4 0.0900543
4 0.6 0.142964
4 0.8 0.204058
4 1 0.210346
4 1.2 0.134292
4 1.4 0.00900102
4 1.6 -0.0980097
4 1.8 -0.123982
4 2 -0.0567408
4 2.2 0.0615427
4 2.4 0.162585
4 2.6 0.194155
4 2.8 0.152897
4 3 0.0757424
4 3.2 0.0133616
4 3.4 -0.00583582
4 3.6 0.0120782
4 3.8 0.0397248
4 4 0.0510803
4 4.2 0.0408771
4 4.4 0.0203503
4 4.6 0.00295287
4 4.8 -0.0122015
4 5 -0.037653
4 5.2 -0.0814141
4 5.4 -0.134238
4 5.6 -0.16588
4 5.8 -0.145831
4 6 -0.0661583
4 6.2 0.0459643
4 6.4 0.140747
4 6.6 0.173096
4 6.8 0.129881
4 7 0.0359039
4 7.2 -0.063115
4 7.4 -0.131689
4 7.6 -0.16151
4 7.8 -0.0302792
4 8 0
4 8.2 0
4 8.4 0

4.2 0 0
4.2 0.2 0.0419432
4.2 0.4 0.303414
4.2 0.6 0.323607
4.2 0.8 0.344692
4.2 1 0.30574
4.2 1.2 0.188842
4.2 1.4 0.0369059
4.2 1.6 -0.0744437
4.2 1.8 -0.0855264
4.2 2 0.00306207
4.2 2.2 0.133306
4.2 2.4 0.225066
4.2 2.6 0.230655
4.2 2.8 0.161508
4.2 3 0.0725727
4.2 3.2 0.0223685
4.2 3.4 0.0286328
4.2 3.6 0.0653097
4.2 3.8 0.0838459
4.2 4 0.0558629
4.2 4.2 -0.00876038
4.2 4.4 -0.0694339
4.2 4.6 -0.0907304
4.2 4.8 -0.0684102
4.2 5 -0.0346151
4.2 5.2 -0.0277906
4.2 5.4 -0.0625453
4.2 5.6 -0.116714
4.2 5.8 -0.145501
4.2 6 -0.117892
4.2 6.2 -0.0410093
4.2 6.4 0.0423043
4.2 6.6 0.0818445
4.2 6.8 0.0554495
4.2 7 -0.0176189
4.2 7.2 -0.0918344
4.2 7.4 -0.126456
4.2 7.6 -0.111241
4.2 7.8 -0.0575666
4.2 8 -0.00804111
4.2 8.2 0
4.2 8.4 0

4.4 0 0
4.4 0.2 0.0524565
4.4 0.4 0.380631
4.4 0.6 0.38589
4.4 0.8 0.386927
4.4 1 0.33032
4.4 1.2 0.204322
4.4 1.4 0.0583182
4.4 1.6 -0.032569
4.4 1.8 -0.0183817
4.4 2 0.0855672
4.4 2.2 0.206294
4.4 2.4 0.26263
4.4 2.6 0.219081
4.4 2.8 0.109087
4.4 3 0.00812406
4.4 3.2 -0.0210919
4.4 3.4 0.0261725
4.4 3.6 0.0964096
4.4 3.8 0.119083
4.4 4 0.0615388
4.4 4.2 -0.0479799
4.4 4.4 -0.139953
4.4 4.6 -0.15485
4.4 4.8 -0.0858573
4.4 5 0.0166156
4.4 5.2 0.0803496
4.4 5.4 0.0644523
4.4 5.6 -0.0148425
4.4 5.8 -0.100176
4.4 6 -0.133612
4.4 6.2 -0.100294
4.4 6.4 -0.0337987
4.4 6.6 0.0130121
4.4 6.8 0.00836751
4.4 7 -0.0359606
4.4 7.2 -0.0766721
4.4 7.4 -0.0758724
4.4 7.6 -0.03021
4.4 7.8 0.0241694
4.4 8 0.00323802
4.4 8.2 0
4.4 8.4 0

4.6 0 0
4.6 0.2 0.0404586
4.6 0.4 0.293803
4.6 0.6 0.305915
4.6 0.8 0.314014
4.6 1 0.269357
4.6 1.2 0.165363
4.6 1.4 0.0521625
4.6 1.6 -0.000144561
4.6 1.8 0.0464015
4.6 2 0.160781
4.6 2.2 0.261904
4.6 2.4 0.269912
4.6 2.6 0.168091
4.6 2.8 0.0139384
4.6 3 -0.0966625
4.6 3.2 -0.0976776
4.6 3.4 -0.000118343
4.6 3.6 0.11667
4.6 3.8 0.158689
4.6 4 0.0884123
4.6 4.2 -0.0521803
4.6 4.4 -0.166103
4.6 4.6 -0.173273
4.6 4.8 -0.0640132
4.6 5 0.0943796
4.6 5.2 0.202796
4.6 5.4 0.198857
4.6 5.6 0.093734
4.6 5.8 -0.0405481
4.6 6 -0.124267
4.6 6.2 -0.123221
4.6 6.4 -0.0646012
4.6 6.6 -0.00730144
4.6 6.8 0.00728874
4.6 7 -0.0165242
4.6 7.2 -0.0369037
4.6 7.4 -0.0150733
4.6 7.6 0.0484411
4.6 7.8 0.112098
4.6 8 0.0153979
4.6 8.2 0
4.6 8.4 0

4.8 0 0
4.8 0.2 0.0133655
4.8 0.4 0.0973217
4.8 0.6 0.131457
4.8 0.8 0.163032
4.8 1 0.146297
4.8 1.2 0.0768115
4.8 1.4 0.0042902
4.8 1.6 -0.00762309
4.8 1.8 0.0695573
4.8 2 0.194105
4.8 2.2 0.277914
4.8 2.4 0.247241
4.8 2.6 0.0988719
4.8 2.8 -0.0881024
4.8 3 -0.201895
4.8 3.2 -0.173844
4.8 3.4 -0.027675
4.8 3.6 0.136253
4.8 3.8 0.204817
4.8 4 0.134292
4.8 4.2 -0.0231902
4.8 4.4 -0.153706
4.8 4.6 -0.160581
4.8 4.8 -0.031795
4.8 5 0.154803
4.8 5.2 0.283761
4.8 5.4 0.27918
4.8 5.6 0.153331
4.8 5.8 -0.0103728
4.8 6 -0.116594
4.8 6.2 -0.121582
4.8 6.4 -0.0536411
4.8 6.6 0.0183125
4.8 6.8 0.0425143
4.8 7 0.0190513
4.8 7.2 -0.00655913
4.8 7.4 0.0109423
4.8 7.6 0.0747834
4.8 7.8 0.141029
4.8 8 0.0194081
4.8 8.2 0
4.8 8.4 0

5 0 0
5 0.2 -0.0151549
5 0.4 -0.110295
5 0.6 -0.0532843
5 0.8 0.00217168
5 1 0.00935742
5 1.2 -0.0354567
5 1.4 -0.0831045
5 1.6 -0.0704191
5 1.8 0.0268092
5 2 0.161801
5 2.2 0.244304
5 2.4 0.20126
5 2.6 0.0367987
5 2.8 -0.159954
5 3 -0.268922
5 3.2 -0.219462
5 3.4 -0.0405888
5 3.6 0.154534
5 3.8 0.243647
5 4 0.177553
5 4.2 0.01218
5 4.4 -0.130697
5 4.6 -0.14708
5 4.8 -0.0226112
5 5 0.161122
5 5.2 0.283278
5 5.4 0.267252
5 5.6 0.129223
5 5.8 -0.0385399
5 6 -0.133978
5 6.2 -0.115478
5 6.4 -0.0209863
5 6.6 0.067592
5 6.8 0.0883685
5 7 0.0431497
5 7.2 -0.0134071
5 7.4 -0.0225087
5 7.6 0.0275547
5 7.8 0.0906896
5 8 0.0174036
5 8.2 0
5 8.4 0

5.2 0 0
5.2 0.2 -0.0341621
5.2 0.4 -0.248731
5.2 0.6 -0.176217
5.2 0.8 -0.107132
5.2 1 -0.0916657
5.2 1.2 -0.135239
5.2 1.4 -0.186428
5.2 1.6 -0.177807
5.2 1.8 -0.079179
5.2 2 0.0660754
5.2 2.2 0.166262
5.2 2.4 0.144919
5.2 2.6 0.00110042
5.2 2.8 -0.179904
5.2 3 -0.279162
5.2 3.2 -0.223917
5.2 3.4 -0.0412512
5.2 3.6 0.158359
5.2 3.8 0.251722
5.2 4 0.189457
5.2 4.2 0.0238611
5.2 4.4 -0.12475
5.2 4.6 -0.154063
5.2 4.8 -0.0495846
5.2 5 0.108954
5.2 5.2 0.20697
5.2 5.4 0.174427
5.2 5.6 0.0350055
5.2 5.8 -0.114606
5.2 6 -0.175558
5.2 6.2 -0.115392
5.2 6.4 0.0134787
5.2 6.6 0.114891
5.2 6.8 0.122338
5.2 7 0.0416597
5.2 7.2 -0.0582786
5.2 7.4 -0.102162
5.2 7.6 -0.0662925
5.2 7.8 0.00426234
5.2 8 0.0354371
5.2 8.2 0.00490759
5.2 8.4 0

5.4 0 0
5.4 0.2 -0.0409372
5.4 0.4 -0.298164
5.4 0.6 -0.216962
5.4 0.8 -0.141033
5.4 1 -0.1298
5.4 1.2 -0.191322
5.4 1.4 -0.272338
5.4 1.6 -0.294887
5.4 1.8 -0.214752
5.4 2 -0.0651713
5.4 2.2 0.0657173
5.4 2.4 0.091973
5.4 2.6 -0.00220417
5.4 2.8 -0.148394
5.4 3 -0.238013
5.4 3.2 -0.196766
5.4 3.4 -0.0414723
5.4 3.6 0.132683
5.4 3.8 0.213433
5.4 4 0.153785
5.4 4.2 -0.000927739
5.4 4.4 -0.141505
5.4 4.6 -0.17672
5.4 4.8 -0.0931308
5.4 5 0.0345049
5.4 5.2 0.103711
5.4 5.4 0.0571804
5.4 5.6 -0.0748613
5.4 5.8 -0.195924
5.4 6 -0.216012
5.4 6.2 -0.115561
5.4 6.4 0.039646
5.4 6.6 0.146122
5.4 6.8 0.135057
5.4 7 0.0199146
5.4 7.2 -0.116448
5.4 7.4 -0.185459
5.4 7.6 -0.153324
5.4 7.8 -0.0636034
5.4 8 0.00445699
5.4 8.2 0.000630796
5.4 8.4 0

5.6 0 0
5.6 0.2 -0.0408276
5.6 0.4 -0.297199
5.6 0.6 -0.205117
5.6 0.8 -0.117485
5.6 1 -0.105383
5.6 1.2 -0.187329
5.6 1.4 -0.307715
5.6 1.6 -0.377026
5.6 1.8 -0.331998
5.6 2 -0.188511
5.6 2.2 -0.0282494
5.6 2.4 0.0544508
5.6 2.6 0.0209946
5.6 2.8 -0.0841433
5.6 3 -0.168767
5.6 3.2 -0.158703
5.6 3.4 -0.0534806
5.6 3.6 0.0748116
5.6 3.8 0.133925
5.6 4 0.0811818
5.6 4.2 -0.0480483
5.6 4.4 -0.163272
5.6 4.6 -0.188901
5.6 4.8 -0.1162
5.6 5 -0.0108757
5.6 5.2 0.0376944
5.6 5.4 -0.0148314
5.6 5.6 -0.133828
5.6 5.8 -0.229357
5.6 6 -0.221916
5.6 6.2 -0.102198
5.6 6.4 0.0583561
5.6 6.6 0.15713
5.6 6.8 0.129595
5.6 7 -0.0035364
5.6 7.2 -0.153312
5.6 7.4 -0.225289
5.6 7.6 -0.182825
5.6 7.8 -0.0710593
5.6 8 0.0207099
5.6 8.2 0.00286175
5.6 8.4 0

5.8 0 0
5.8 0.2 -0.0412167
5.8 0.4 -0.299709
5.8 0.6 -0.186728
5.8 0.8 -0.0703474
5.8 1 -0.0383338
5.8 1.2 -0.122744
5.8 1.4 -0.272629
5.8 1.6 -0.387977
5.8 1.8 -0.386982
5.8 2 -0.263768
5.8 2.2 -0.0888465
5.8 2.4 0.0378961
5.8 2.6 0.0578351
5.8 2.8 -0.0121517
5.8 3 -0.0979671
5.8 3.2 -0.126468
5.8 3.4 -0.0788703
5.8 3.6 0.000464218
5.8 3.8 0.0402184
5.8 4 0.00377148
5.8 4.2 -0.0871564
5.8 4.4 -0.162372
5.8 4.6 -0.165848
5.8 4.8 -0.0908828
5.8 5 0.00440999
5.8 5.2 0.0463267
5.8 5.4 -0.00106006
5.8 5.6 -0.105166
5.8 5.8 -0.186516
5.8 6 -0.176726
5.8 6.2 -0.0698794
5.8 6.4 0.0688891
5.8 6.6 0.147328
5.8 6.8 0.112635
5.8 7 -0.0140567
5.8 7.2 -0.146741
5.8 7.4 -0.197558
5.8 7.6 -0.133689
5.8 7.8 -0.00192711
5.8 8 0.107316
5.8 8.2 0.0147751
5.8 8.4 0

6 0 0
6 0.2 -0.0448972
6 0.4 -0.326099
6 0.6 -0.183068
6 0.8 -0.0218764
6 1 0.0519443
6 1.2 -0.0103624
6 1.4 -0.167531
6 1.6 -0.315964
6 1.8 -0.358821
6 2 -0.269668
6 2.2 -0.10341
6 2.4 0.0419746
6 2.6 0.0939197
6 2.8 0.047194
6 3 -0.0429851
6 3.2 -0.104164
6 3.4 -0.104103
6 3.6 -0.0621576
6 3.8 -0.029927
6 4 -0.0422233
6 4.2 -0.0894299
6 4.4 -0.124463
6 4.6 -0.103827
6 4.8 -0.0245174
6 5 0.069163
6 5.2 0.115681
6 5.4 0.0842336
6 5.6 -0.0024256
6 5.8 -0.0810892
6 6 -0.0927333
6 6.2 -0.0286947
6 6.4 0.0641747
6 6.6 0.116026
6 6.8 0.0852019
6 7 -0.00991387
6 7.2 -0.101055
6 7.4 -0.117255
6 7.6 -0.0347607
6 7.8 0.104051
6 8 0.218863
6 8.2 0.0301359
6 8.4 0

6.2 0 0
6.2 0.2 -0.0475865
6.2 0.4 -0.345262
6.2 0.6 -0.174833
6.2 0.8 0.0302982
6.2 1 0.152686
6.2 1.2 0.127842
6.2 1.4 -0.015814
6.2 1.6 -0.179043
6.2 1.8 -0.259107
6.2 2 -0.212268
6.2 2.2 -0.0764933
6.2 2.4 0.059957
6.2 2.6 0.120328
6.2 2.8 0.0841351
6.2 3 -0.00683772
6.2 3.2 -0.0866432
6.2 3.4 -0.112034
6.2 3.6 -0.0872346
6.2 3.8 -0.0495151
6.2 4 -0.0345175
6.2 4.2 -0.0470585
6.2 4.4 -0.0562554
6.2 4.6 -0.0296147
6.2 4.8 0.0435904
6.2 5 0.132183
6.2 5.2 0.189384
6.2 5.4 0.182628
6.2 5.6 0.118306
6.2 5.8 0.0405632
6.2 6 -0.00593249
6.2 6.2 -0.000464806
6.2 6.4 0.035577
6.2 6.6 0.0602933
6.2 6.8 0.0454856
6.2 7 -0.00175742
6.2 7.2 -0.0396917
6.2 7.4 -0.0251821
6.2 7.6 0.0563324
6.2 7.8 0.173044
6.2 8 0.269902
6.2 8.2 0.0371615
6.2 8.4 0

6.4 0 0
6.4 0.2 -0.0413935
6.4 0.4 -0.299929
6.4 0.6 -0.12253
6.4 0.8 0.102003
6.4 1 0.254081
6.4 1.2 0.262544
6.4 1.4 0.142577
6.4 1.6 -0.0192326
6.4 1.8 -0.123632
6.4 2 -0.118391
6.4 2.2 -0.025505
6.4 2.4 0.0826756
6.4 2.6 0.133242
6.4 2.8 0.101173
6.4 3 0.0156527
6.4 3.2 -0.0638962
6.4 3.4 -0.0919573
6.4 3.6 -0.0648273
6.4 3.8 -0.0139921
6.4 4 0.0214226
6.4 4.2 0.0254592
6.4 4.4 0.0143245
6.4 4.6 0.020472
6.4 4.8 0.0644045
6.4 5 0.136896
6.4 5.2 0.203819
6.4 5.4 0.228297
6.4 5.6 0.197397
6.4 5.8 0.126867
6.4 6 0.0509419
6.4 6.2 -0.000999081
6.4 6.4 -0.0193358
6.4 6.6 -0.0149868
6.4 6.8 -0.00528469
6.4 7 0.00182473
6.4 7.2 0.0131568
6.4 7.4 0.0401275
6.4 7.6 0.0887198
6.4 7.8 0.1474
6.4 8 0.196512
6.4 8.2 0.0270572
6.4 8.4 0

6.6 0 0
6.6 0.2 -0.02177
6.6 0.4 -0.157181
6.6 0.6 -0.00563772
6.6 0.8 0.194554
6.6 1 0.338537
6.6 1.2 0.357736
6.6 1.4 0.259244
6.6 1.6 0.111522
6.6 1.8 -0.000437211
6.6 2 -0.024875
6.6 2.2 0.0268605
6.6 2.4 0.100464
6.6 2.6 0.134577
6.6 2.8 0.104599
6.6 3 0.03204
6.6 3.2 -0.0329763
6.6 3.4 -0.0489409
6.6 3.6 -0.00924566
6.6 3.8 0.0551688
6.6 4 0.100407
6.6 4.2 0.100492
6.6 4.4 0.0628016
6.6 4.6 0.0222896
6.6 4.8 0.0167902
6.6 5 0.0588116
6.6 5.2 0.130565
6.6 5.4 0.190998
6.6 5.6 0.203867
6.6 5.8 0.156213
6.6 6 0.0659643
6.6 6.2 -0.0277272
6.6 6.4 -0.0875519
6.6 6.6 -0.0946908
6.6 6.8 -0.0556422
6.6 7 0.00297484
6.6 7.2 0.0520073
6.6 7.4 0.0701707
6.6 7.6 0.057778
6.6 7.8 0.0289949
6.6 8 0.00671376
6.6 8.2 0.000935055
6.6 8.4 0

6.8 0 0
6.8 0.2 0.00744999
6.8 0.4 0.0551116
6.8 0.6 0.149654
6.8 0.8 0.282443
6.8 1 0.376709
6.8 1.2 0.381651
6.8 1.4 0.298433
6.8 1.6 0.176444
6.8 1.8 0.0763997
6.8 2 0.0405193
6.8 2.2 0.0638318
6.8 2.4 0.108224
6.8 2.6 0.127581
6.8 2.8 0.101079
6.8 3 0.0449445
6.8 3.2 -0.00138498
6.8 3.4 -0.00187731
6.8 3.6 0.0495303
6.8 3.8 0.121942
6.8 4 0.168781
6.8 4.2 0.15477
6.8 4.4 0.0806074
6.8 4.6 -0.015664
6.8 4.8 -0.0799708
6.8 5 -0.0760999
6.8 5.2 -0.00429513
6.8 5.4 0.091901
6.8 5.6 0.155372
6.8 5.8 0.143992
6.8 6 0.0582144
6.8 6.2 -0.058894
6.8 6.4 -0.146124
6.8 6.6 -0.158003
6.8 6.8 -0.0909548
6.8 7 0.0121297
6.8 7.2 0.088184
6.8 7.4 0.0873444
6.8 7.6 0.00516075
6.8 7.8 -0.118125
6.8 8 -0.217006
6.8 8.2 -0.0298566
6.8 8.4 0

7 0 0
7 0.2 0.0349457
7 0.4 0.254581
7 0.6 0.277235
7 0.8 0.318923
7 1 0.341088
7 1.2 0.317394
7 1.4 0.249842
7 1.6 0.163803
7 1.8 0.0947258
7 2 0.066459
7 2.2 0.0766509
7 2.4 0.10269
7 2.6 0.112834
7 2.8 0.0922928
7 3 0.0505428
7 3.2 0.0181903
7 3.4 0.0249827
7 3.6 0.0785868
7 3.8 0.152779
7 4 0.199938
7 4.2 0.178813
7 4.4 0.080218
7 4.6 -0.0586543
7 4.8 -0.17276
7 5 -0.20531
7 5.2 -0.138957
7 5.4 -0.0133737
7 5.6 0.0982226
7 5.8 0.128417
7 6 0.0592075
7 6.2 -0.0681249
7 6.4 -0.174167
7 6.6 -0.19045
7 6.8 -0.102537
7 7 0.0360162
7 7.2 0.135631
7 7.4 0.122989
7 7.6 -0.0123796
7 7.8 -0.208848
7 8 -0.366722
7 8.2 -0.0504436
7 8.4 0

7.2 0 0
7.2 0.2 0.048285
7.2 0.4 0.350876
7.2 0.6 0.310011
7.2 0.8 0.267785
7.2 1 0.224269
7.2 1.2 0.180735
7.2 1.4 0.137344
7.2 1.6 0.0986363
7.2 1.8 0.0707544
7.2 2 0.0611147
7.2 2.2 0.06822
7.2 2.4 0.0836809
7.2 2.6 0.0901494
7.2 2.8 0.0756763
7.2 3 0.0434616
7.2 3.2 0.0145584
7.2 3.4 0.0146768
7.2 3.6 0.0583749
7.2 3.8 0.129567
7.2 4 0.184727
7.2 4.2 0.176101
7.2 4.4 0.0825928
7.2 4.6 -0.06868
7.2 4.8 -0.210954
7.2 5 -0.271108
7.2 5.2 -0.215307
7.2 5.4 -0.0732623
7.2 5.6 0.0740335
7.2 5.8 0.140626
7.2 6 0.0894825
7.2 6.2 -0.0431304
7.2 6.4 -0.167381
7.2 6.6 -0.194718
7.2 6.8 -0.0988656
7.2 7 0.0651394
7.2 7.2 0.191166
7.2 7.4 0.186634
7.2 7.6 0.0344909
7.2 7.8 -0.193985
7.2 8 -0.37679
7.2 8.2 -0.0517755
7.2 8.4 0

7.4 0 0
7.4 0.2 0.0414873
7.4 0.4 0.301008
7.4 0.6 0.224309
7.4 0.8 0.131588
7.4 1 0.0555002
7.4 1.2 0.0158382
7.4 1.4 0.0107985
7.4 1.6 0.0228986
7.4 1.8 0.0344728
7.4 2 0.0398786
7.4 2.2 0.0431031
7.4 2.4 0.0494527
7.4 2.6 0.0551744
7.4 2.8 0.0480515
7.4 3 0.0221344
7.4 3.2 -0.012741
7.4 3.4 -0.0310544
7.4 3.6 -0.00858713
7.4 3.8 0.0554783
7.4 4 0.127842
7.4 4.2 0.155213
7.4 4.4 0.0995848
7.4 4.6 -0.0309383
7.4 4.8 -0.176023
7.4 5 -0.255572
7.4 5.2 -0.216513
7.4 5.4 -0.0753326
7.4 5.6 0.0899413
7.4 5.8 0.181441
7.4 6 0.144582
7.4 6.2 0.00644208
7.4 6.4 -0.138483
7.4 6.6 -0.188047
7.4 6.8 -0.100075
7.4 7 0.0767325
7.4 7.2 0.230256
7.4 7.4 0.255437
7.4 7.6 0.12488
7.4 7.8 -0.09057
7.4 8 -0.264149
7.4 8.2 -0.0362663
7.4 8.4 0

7.6 0 0
7.6 0.2 0.0189387
7.6 0.4 0.136787
7.6 0.6 0.0573275
7.6 0.8 -0.0418676
7.6 1 -0.110313
7.6 1.2 -0.117991
7.6 1.4 -0.0766917
7.6 1.6 -0.0215298
7.6 1.8 0.0128144
7.6 2 0.0158353
7.6 2.2 0.00418633
7.6 2.4 -0.00133767
7.6 2.6 0.00578479
7.6 2.8 0.0117505
7.6 3 -0.0060554
7.6 3.2 -0.0492357
7.6 3.4 -0.0932546
7.6 3.6 -0.0993989
7.6 3.8 -0.0462294
7.6 4 0.0463802
7.6 4.2 0.122514
7.6 4.4 0.124498
7.6 4.6 0.0368189
7.6 4.8 -0.0957699
7.6 5 -0.189151
7.6 5.2 -0.175116
7.6 5.4 -0.0506177
7.6 5.6 0.116826
7.6 5.8 0.222326
7.6 6 0.198334
7.6 6.2 0.0572781
7.6 6.4 -0.108662
7.6 6.6 -0.188246
7.6 6.8 -0.123324
7.6 7 0.051088
7.6 7.2 0.22478
7.6 7.4 0.288569
7.6 7.6 0.203494
7.6 7.8 0.0298811
7.6 8 -0.112638
7.6 8.2 -0.0154125
7.6 8.4 0

7.8 0 0
7.8 0.2 -0.00756873
7.8 0.4 -0.0557446
7.8 0.6 -0.113185
7.8 0.8 -0.184733
7.8 1 -0.214148
7.8 1.2 -0.176651
7.8 1.4 -0.0939664
7.8 1.6 -0.0167552
7.8 1.8 0.0127873
7.8 2 -0.00886163
7.8 2.2 -0.0491026
7.8 2.4 -0.0683809
7.8 2.6 -0.0532726
7.8 2.8 -0.0261723
7.8 3 -0.0259584
7.8 3.2 -0.0723598
7.8 3.4 -0.140825
7.8 3.6 -0.179709
7.8 3.8 -0.144183
7.8 4 -0.0383882
7.8 4.2 0.0811303
7.8 4.4 0.140007
7.8 4.6 0.0964116
7.8 4.8 -0.0208217
7.8 5 -0.129869
7.8 5.2 -0.147411
7.8 5.4 -0.0475629
7.8 5.6 0.112667
7.8 5.8 0.230462
7.8 6 0.223811
7.8 6.2 0.0896547
7.8 6.4 -0.0894918
7.8 6.6 -0.198951
7.8 6.8 -0.166117
7.8 7 -0.0112004
7.8 7.2 0.167482
7.8 7.4 0.260942
7.8 7.6 0.220776
7.8 7.8 0.0934168
7.8 8 -0.0162058
7.8 8.2 -0.00216736
7.8 8.4 0

8 0 0
8 0.2 -0.0257375
8 0.4 -0.187539
8 0.6 -0.215388
8 0.8 -0.245837
8 1 -0.229445
8 1.2 -0.151905
8 1.4 -0.0484735
8 1.6 0.0230285
8 1.8 0.0221006
8 2 -0.0421659
8 2.2 -0.116247
8 2.4 -0.14518
8 2.6 -0.111829
8 2.8 -0.0508555
8 3 -0.0217778
8 3.2 -0.0606338
8 3.4 -0.148015
8 3.6 -0.219392
8 3.8 -0.209715
8 4 -0.106183
8 4.2 0.0370194
8 4.4 0.132297
8 4.6 0.11865
8 4.8 0.00737494
8 5 -0.120692
8 5.2 -0.1702
8 5.4 -0.0969658
8 5.6 0.0575761
8 5.8 0.191577
8 6 0.213159
8 6.2 0.100866
8 6.4 -0.0754744
8 6.6 -0.204309
8 6.8 -0.204173
8 7 -0.0798517
8 7.2 0.0840763
8 7.4 0.184849
8 7.6 0.168981
8 7.8 0.0707898
8 8 -0.0191854
8 8.2 -0.00261949
8 8.4 0

8.2 0 0
8.2 0.2 -0.0297675
8.2 0.4 -0.216492
8.2 0.6 -0.222104
8.2 0.8 -0.219638
8.2 1 -0.171617
8.2 1.2 -0.0764285
8.2 1.4 0.0217717
8.2 1.6 0.0643389
8.2 1.8 0.0187718
8.2 2 -0.0880755
8.2 2.2 -0.188444
8.2 2.4 -0.214677
8.2 2.6 -0.151676
8.2 2.8 -0.0488955
8.2 3 0.0167377
8.2 3.2 -0.00736017
8.2 3.4 -0.10583
8.2 3.6 -0.205547
8.2 3.8 -0.226378
8.2 4 -0.14122
8.2 4.2 0.000678314
8.2 4.4 0.105736
8.2 4.6 0.0997208
8.2 4.8 -0.0152797
8.2 5 -0.162507
8.2 5.2 -0.237919
8.2 5.4 -0.183938
8.2 5.6 -0.0301492
8.2 5.8 0.125099
8.2 6 0.181455
8.2 6.2 0.103887
8.2 6.4 -0.0531538
8.2 6.6 -0.184176
8.2 6.8 -0.207162
8.2 7 -0.114611
8.2 7.2 0.0209137
8.2 7.4 0.105877
8.2 7.6 0.086581
8.2 7.8 -0.00742373
8.2 8 -0.0962674
8.2 8.2 -0.0132914
8.2 8.4 0

8.4 0 0
8.4 0.2 -0.0222245
8.4 0.4 -0.161507
8.4 0.6 -0.15914
8.4 0.8 -0.143588
8.4 1 -0.0885799
8.4 1.2 -0.00230885
8.4 1.4 0.0705452
8.4 1.6 0.0746088
8.4 1.8 -0.00913106
8.4 2 -0.141968
8.4 2.2 -0.24595
8.4 2.4 -0.253556
8.4 2.6 -0.155547
8.4 2.8 -0.0126202
8.4 3 0.0839443
8.4 3.2 0.0743704
8.4 3.4 -0.0296371
8.4 3.6 -0.149422
8.4 3.8 -0.197106
8.4 4 -0.137501
8.4 4.2 -0.0135186
8.4 4.4 0.0809461
8.4 4.6 0.0680959
8.4 4.8 -0.0555276
8.4 5 -0.214475
8.4 5.2 -0.303634
8.4 5.4 -0.258941
8.4 5.6 -0.103655
8.4 5.8 0.0684345
8.4 6 0.154218
8.4 6.2 0.111257
8.4 6.4 -0.0168942
8.4 6.6 -0.134695
8.4 6.8 -0.162661
8.4 7 -0.0911896
8.4 7.2 0.0152446
8.4 7.4 0.0713713
8.4 7.6 0.0296572
8.4 7.8 -0.0804089
8.4 8 -0.180503
8.4 8.2 -0.0248994
8.4 8.4 0

8.6 0 0
8.6 0.2 -0.0107597
8.6 0.4 -0.0782441
8.6 0.6 -0.0795125
8.6 0.8 -0.0687692
8.6 1 -0.0283462
8.6 1.2 0.0313763
8.6 1.4 0.0699427
8.6 1.6 0.0441361
8.6 1.8 -0.0553321
8.6 2 -0.18271
8.6 2.2 -0.264023
8.6 2.4 -0.240336
8.6 2.6 -0.11285
8.6 2.8 0.0510401
8.6 3 0.159573
8.6 3.2 0.152926
8.6 3.4 0.04712
8.6 3.6 -0.0801972
8.6 3.8 -0.141185
8.6 4 -0.0996391
8.6 4.2 0.0035966
8.6 4.4 0.0805338
8.6 4.6 0.0568555
8.6 4.8 -0.0697668
8.6 5 -0.227129
8.6 5.2 -0.314188
8.6 5.4 -0.270839
8.6 5.6 -0.118764
8.6 5.8 0.0528362
8.6 6 0.146778
8.6 6.2 0.121891
8.6 6.4 0.018214
8.6 6.6 -0.0765222
8.6 6.8 -0.0917645
8.6 7 -0.0222279
8.6 7.2 0.0682166
8.6 7.4 0.0989524
8.6 7.6 0.0307618
8.6 7.8 -0.101589
8.6 8 -0.216288
8.6 8.2 -0.0298529
8.6 8.4 0

8.8 0 0
8.8 0.2 -0.00222263
8.8 0.4 -0.0163316
8.8 0.6 -0.0249316
8.8 0.8 -0.0269721
8.8 1 -0.00954641
8.8 1.2 0.0193695
8.8 1.4 0.029292
8.8 1.6 -0.00874309
8.8 1.8 -0.0942925
8.8 2 -0.186992
8.8 2.2 -0.224859
8.8 2.4 -0.167784
8.8 2.6 -0.0289537
8.8 2.8 0.125869
8.8 3 0.214834
8.8 3.2 0.194046
8.8 3.4 0.0862041
8.8 3.6 -0.0331771
8.8 3.8 -0.0858609
8.8 4 -0.0439559
8.8 4.2 0.0490968
8.8 4.4 0.112591
8.8 4.6 0.08335
8.8 4.8 -0.0357025
8.8 5 -0.175828
8.8 5.2 -0.247318
8.8 5.4 -0.20112
8.8 5.6 -0.063251
8.8 5.8 0.0831018
8.8 6 0.152856
8.8 6.2 0.118385
8.8 6.4 0.0239039
8.8 6.6 -0.047858
8.8 6.8 -0.0368416
8.8 7 0.0499812
8.8 7.2 0.143481
8.8 7.4 0.16372
8.8 7.6 0.0781127
8.8 7.8 -0.0714045
8.8 8 -0.195159
8.8 8.2 -0.0268847
8.8 8.4 0

9 0 0
9 0.2 0.00121362
9 0.4 0.00886641
9 0.6 -0.00212767
9 0.8 -0.0133623
9 1 -0.0134213
9 1.2 -0.00993291
9 1.4 -0.0178297
9 1.6 -0.051658
9 1.8 -0.104169
9 2 -0.143725
9 2.2 -0.131027
9 2.4 -0.0495979
9 2.6 0.0756245
9 2.8 0.18671
9 3 0.226196
9 3.2 0.173719
9 3.4 0.065447
9 3.6 -0.029655
9 3.8 -0.051081
9 4 0.0103154
9 4.2 0.106383
9 4.4 0.163016
9 4.6 0.133396
9 4.8 0.0295115
9 5 -0.0831277
9 5.2 -0.129757
9 5.4 -0.0789921
9 5.6 0.0348843
9 5.8 0.1344
9 6 0.153048
9 6.2 0.0827441
9 6.4 -0.0208015
9 6.6 -0.0763498
9 6.8 -0.0352686
9 7 0.0808498
9 7.2 0.192978
9 7.4 0.218419
9 7.6 0.129025
9 7.8 -0.0270323
9 8 -0.153385
9 8.2 -0.0210962
9 8.4 0

9.2 0 0
9.2 0.2 0.00196649
9.2 0.4 0.0144284
9.2 0.6 0.00958529
9.2 0.8 0.00335329
9.2 1 -0.00376136
9.2 1.2 -0.0148817
9.2 1.4 -0.0347422
9.2 1.6 -0.0607621
9.2 1.8 -0.0776359
9.2 2 -0.0653376
9.2 2.2 -0.00912753
9.2 2.4 0.0812362
9.2 2.6 0.171527
9.2 2.8 0.215526
9.2 3 0.186258
9.2 3.2 0.0945052
9.2 3.4 -0.0105054
9.2 3.6 -0.0675069
9.2 3.8 -0.0421861
9.2 4 0.0514441
9.2 4.2 0.155018
9.2 4.4 0.204973
9.2 4.6 0.17147
9.2 4.8 0.0811818
9.2 5 -0.00221387
9.2 5.2 -0.0206658
9.2 5.4 0.0368157
9.2 5.6 0.125476
9.2 5.8 0.172855
9.2 6 0.131789
9.2 6.2 0.0154717
9.2 6.4 -0.106848
9.2 6.6 -0.153896
9.2 6.8 -0.0875996
9.2 7 0.0559821
9.2 7.2 0.189246
9.2 7.4 0.22693
9.2 7.6 0.143051
9.2 7.8 -0.0105278
9.2 8 -0.134437
9.2 8.2 -0.0184212
9.2 8.4 0

9.4 0 0
9.4 0.2 0.00308568
9.4 0.4 0.0231119
9.4 0.6 0.0347027
9.4 0.8 0.0469312
9.4 1 0.0474138
9.4 1.2 0.0263871
9.4 1.4 -0.00811267
9.4 1.6 -0.0371622
9.4 1.8 -0.0356146
9.4 2 0.0126068
9.4 2.2 0.0973005
9.4 2.4 0.186188
9.4 2.6 0.233372
9.4 2.8 0.207663
9.4 3 0.110926
9.4 3.2 -0.0153861
9.4 3.4 -0.109183
9.4 3.6 -0.121433
9.4 3.8 -0.0447221
9.4 4 0.0797158
9.4 4.2 0.184246
9.4 4.4 0.215861
9.4 4.6 0.165637
9.4 4.8 0.0780581
9.4 5 0.0161601
9.4 5.2 0.0244886
9.4 5.4 0.0934878
9.4 5.6 0.167061
9.4 5.8 0.17698
9.4 6 0.0920022
9.4 6.2 -0.0577079
9.4 6.4 -0.193003
9.4 6.6 -0.234908
9.4 6.8 -0.155431
9.4 7 0.00150127
9.4 7.2 0.144326
9.4 7.4 0.188912
9.4 7.6 0.112534
9.4 7.8 -0.0332377
9.4 8 -0.15266
9.4 8.2 -0.0209179
9.4 8.4 0

9.6 0 0
9.6 0.2 0.00507972
9.6 0.4 0.0375984
9.6 0.6 0.0737702
9.6 0.8 0.118621
9.6 1 0.135592
9.6 1.2 0.106219
9.6 1.4 0.0454998
9.6 1.6 -0.00740393
9.6 1.8 -0.0112021
9.6 2 0.0498692
9.6 2.2 0.150954
9.6 2.4 0.236821
9.6 2.6 0.252853
9.6 2.8 0.174176
9.6 3 0.0301567
9.6 3.2 -0.114843
9.6 3.4 -0.189151
9.6 3.6 -0.156418
9.6 3.8 -0.0365479
9.6 4 0.106242
9.6 4.2 0.196308
9.6 4.4 0.193244
9.6 4.6 0.110824
9.6 4.8 0.0104331
9.6 5 -0.0414717
9.6 5.2 -0.0124244
9.6 5.4 0.0729585
9.6 5.6 0.149041
9.6 5.8 0.150165
9.6 6 0.0544303
9.6 6.2 -0.098363
9.6 6.4 -0.228332
9.6 6.6 -0.263856
9.6 6.8 -0.183765
9.6 7 -0.0351049
9.6 7.2 0.0967375
9.6 7.4 0.13549
9.6 7.6 0.063605
9.6 7.8 -0.0710114
9.6 8 -0.182495
9.6 8.2 -0.0250467
9.6 8.4 0

9.8 0 0
9.8 0.2 0.00503207
9.8 0.4 0.0367683
9.8 0.6 0.1041
9.8 0.8 0.189662
9.8 1 0.229615
9.8 1.2 0.190754
9.8 1.4 0.0928247
9.8 1.6 -0.00249049
9.8 1.8 -0.0330349
9.8 2 0.0251553
9.8 2.2 0.1374
9.8 2.4 0.231431
9.8 2.6 0.239186
9.8 2.8 0.139707
9.8 3 -0.0234443
9.8 3.2 -0.168517
9.8 3.4 -0.218444
9.8 3.6 -0.149617
9.8 3.8 -0.00163511
9.8 4 0.141994
9.8 4.2 0.203879
9.8 4.4 0.156207
9.8 4.6 0.0325506
9.8 4.8 -0.0896364
9.8 5 -0.142416
9.8 5.2 -0.100358
9.8 5.4 0.00135332
9.8 5.6 0.0929897
9.8 5.8 0.111458
9.8 6 0.0404393
9.8 6.2 -0.081795
9.8 6.4 -0.184872
9.8 6.6 -0.208572
9.8 6.8 -0.140181
9.8 7 -0.0205335
9.8 7.2 0.0790646
9.8 7.4 0.0998148
9.8 7.6 0.0312809
9.8 7.8 -0.0861466
9.8 8 -0.181973
9.8 8.2 -0.024977
9.8 8.4 0

10 0 0
10 0.2 -0.000559424
10 0.4 -0.00483576
10 0.6 0.097663
10 0.8 0.22799
10 1 0.293168
10 1.2 0.245275
10 1.4 0.107344
10 1.6 -0.0370657
10 1.8 -0.10248
10 2 -0.0519552
10 2.2 0.0756587
10 2.4 0.192172
10 2.6 0.21716
10 2.8 0.124807
10 3 -0.0333175
10 3.2 -0.166308
10 3.4 -0.195307
10 3.6 -0.103257
10 3.8 0.0546175
10 4 0.187345
10 4.2 0.217649
10 4.4 0.129621
10 4.6 -0.028006
10 4.8 -0.170024
10 5 -0.227672
10 5.2 -0.182065
10 5.4 -0.0725281
10 5.6 0.0334195
10 5.8 0.0797295
10 6 0.0518326
10 6.2 -0.0190737
10 6.4 -0.0801547
10 6.6 -0.0894263
10 6.8 -0.0400783
10 7 0.0361347
10 7.2 0.0923382
10 7.4 0.0916082
10 7.6 0.0311047
10 7.8 -0.0584549
10 8 -0.128741
10 8.2 -0.017713
10 8.4 0

10.2 0 0
10.2 0.2 -0.0122826
10.2 0.4 -0.0906956
10.2 0.6 0.0469397
10.2 0.8 0.218507
10.2 1 0.308875
10.2 1.2 0.25484
10.2 1.4 0.0848624
10.2 1.6 -0.100117
10.2 1.8 -0.19217
10.2 2 -0.143614
10.2 2.2 0.00535687
10.2 2.4 0.154413
10.2 2.6 0.20859
10.2 2.8 0.13833
10.2 3 -0.00592082
10.2 3.2 -0.126866
10.2 3.4 -0.144397
10.2 3.6 -0.0461085
10.2 3.8 0.109156
10.2 4 0.226644
10.2 4.2 0.234866
10.2 4.4 0.127063
10.2 4.6 -0.0422959
10.2 4.8 -0.187623
10.2 5 -0.247192
10.2 5.2 -0.207552
10.2 5.4 -0.107651
10.2 5.6 -0.00413771
10.2 5.8 0.0581234
10.2 6 0.0686338
10.2 6.2 0.0490774
10.2 6.4 0.0310702
10.2 6.6 0.0356301
10.2 6.8 0.0620023
10.2 7 0.0920059
10.2 7.2 0.104483
10.2 7.4 0.0872823
10.2 7.6 0.0458209
10.2 7.8 -0.00353005
10.2 8 -0.0380902
10.2 8.2 -0.00526376
10.2 8.4 0

10.4 0 0
10.4 0.2 -0.0262309
10.4 0.4 -0.192525
10.4 0.6 -0.0279289
10.4 0.8 0.174822
10.4 1 0.284594
10.4 1.2 0.230744
10.4 1.4 0.0440553
10.4 1.6 -0.16085
10.4 1.8 -0.262416
10.4 2 -0.205629
10.4 2.2 -0.0331093
10.4 2.4 0.144292
10.4 2.6 0.223581
10.4 2.8 0.168716
10.4 3 0.032803
10.4 3.2 -0.0855111
10.4 3.4 -0.105
10.4 3.6 -0.0129561
10.4 3.8 0.131245
10.4 4 0.237887
10.4 4.2 0.241137
10.4 4.4 0.140402
10.4 4.6 -0.0107994
10.4 4.8 -0.137522
10.4 5 -0.189545
10.4 5.2 -0.162692
10.4 5.4 -0.0904108
10.4 5.6 -0.0153681
10.4 5.8 0.0356743
10.4 6 0.0612893
10.4 6.2 0.0756388
10.4 6.4 0.0899085
10.4 6.6 0.103802
10.4 6.8 0.109722
10.4 7 0.100026
10.4 7.2 0.0786365
10.4 7.4 0.0563533
10.4 7.6 0.0436265
10.4 7.8 0.0425436
10.4 8 0.0480431
10.4 8.2 0.00659432
10.4 8.4 0

10.6 0 0
10.6 0.2 -0.0366156
10.6 0.4 -0.267453
10.6 0.6 -0.0901565
10.6 0.8 0.125078
10.6 1 0.244269
10.6 1.2 0.193211
10.6 1.4 0.00783593
10.6 1.6 -0.193217
10.6 1.8 -0.284823
10.6 2 -0.212643
10.6 2.2 -0.0242976
10.6 2.4 0.165303
10.6 2.6 0.248805
10.6 2.8 0.192835
10.6 3 0.051549
10.6 3.2 -0.0743495
10.6 3.4 -0.10362
10.6 3.6 -0.0244235
10.6 3.8 0.107305
10.6 4 0.207492
10.6 4.2 0.220105
10.6 4.4 0.146654
10.6 4.6 0.0358006
10.6 4.8 -0.0525987
10.6 5 -0.0865253
10.6 5.2 -0.0722732
10.6 5.4 -0.0391459
10.6 5.6 -0.0133876
10.6 5.8 0.000613425
10.6 6 0.0146274
10.6 6.2 0.040016
10.6 6.4 0.0724634
10.6 6.6 0.0929908
10.6 6.8 0.0844607
10.6 7 0.0483148
10.6 7.2 0.00678888
10.6 7.4 -0.011819
10.6 7.6 0.00736429
10.6 7.8 0.0515692
10.6 8 0.0918281
10.6 8.2 0.0126142
10.6 8.4 0

10.8 0 0
10.8 0.2 -0.0393928
10.8 0.4 -0.286885
10.8 0.6 -0.115419
10.8 0.8 0.0914955
10.8 1 0.203675
10.8 1.2 0.156606
10.8 1.4 -0.0143337
10.8 1.6 -0.192596
10.8 1.8 -0.259707
10.8 2 -0.172219
10.8 2.2 0.0183298
10.8 2.4 0.195863
10.8 2.6 0.260434
10.8 2.8 0.184851
10.8 3 0.0296264
10.8 3.2 -0.10452
10.8 3.4 -0.140702
10.8 3.6 -0.0705415
10.8 3.8 0.0495306
10.8 4 0.144226
10.8 4.2 0.16617
10.8 4.4 0.122568
10.8 4.6 0.0569873
10.8 4.8 0.0138332
10.8 5 0.00714693
10.8 5.2 0.0165933
10.8 5.4 0.0147046
10.8 5.6 -0.0111307
10.8 5.8 -0.044485
10.8 6 -0.0575991
10.8 6.2 -0.0364754
10.8 6.4 0.00455287
10.8 6.6 0.0322006
10.8 6.8 0.0201952
10.8 7 -0.0278944
10.8 7.2 -0.0788323
10.8 7.4 -0.0922866
10.8 7.6 -0.0509026
10.8 7.8 0.0234957
10.8 8 0.0851295
10.8 8.2 0.0117162
10.8 8.4 0

11 0 0
11 0.2 -0.0354399
11 0.4 -0.256875
11 0.6 -0.106655
11 0.8 0.0703468
11 1 0.163084
11 1.2 0.116133
11 1.4 -0.0320192
11 1.6 -0.17582
11 1.8 -0.214396
11 2 -0.116095
11 2.2 0.060573
11 2.4 0.206216
11 2.6 0.234852
11 2.8 0.133628
11 3 -0.0304078
11 3.2 -0.159629
11 3.4 -0.187937
11 3.6 -0.1166
11 3.8 -0.00496587
11 4 0.076623
11 4.2 0.0938427
11 4.4 0.0619505
11 4.6 0.0264958
11 4.8 0.0218198
11 5 0.0453603
11 5.2 0.06459
11 5.4 0.0466883
11 5.6 -0.0122361
11 5.8 -0.0815963
11 6 -0.119664
11 6.2 -0.106503
11 6.4 -0.0587725
11 6.6 -0.01927
11 6.8 -0.0227359
11 7 -0.0694225
11 7.2 -0.123248
11 7.4 -0.138613
11 7.6 -0.0952232
11 7.8 -0.0155581
11 8 0.0487795
11 8.2 0.00669564
11 8.4 0

11.2 0 0
11.2 0.2 -0.029347
11.2 0.4 -0.212402
11.2 0.6 -0.0929857
11.2 0.8 0.044773
11.2 1 0.109244
11.2 1.2 0.0609142
11.2 1.4 -0.0617006
11.2 1.6 -0.169306
11.2 1.8 -0.179781
11.2 2 -0.0795948
11.2 2.2 0.0714078
11.2 2.4 0.175505
11.2 2.6 0.165783
11.2 2.8 0.0475839
11.2 3 -0.107491
11.2 3.2 -0.209194
11.2 3.4 -0.208498
11.2 3.6 -0.122293
11.2 3.8 -0.0177919
11.2 4 0.0402529
11.2 4.2 0.0289076
11.2 4.4 -0.0198464
11.2 4.6 -0.0532947
11.2 4.8 -0.0378366
11.2 5 0.0147882
11.2 5.2 0.0589918
11.2 5.4 0.0534442
11.2 5.6 -0.00788116
11.2 5.8 -0.0885713
11.2 6 -0.137608
11.2 6.2 -0.127065
11.2 6.4 -0.0708463
11.2 6.6 -0.0145148
11.2 6.8 -0.000647363
11.2 7 -0.036432
11.2 7.2 -0.0907626
11.2 7.4 -0.118803
11.2 7.6 -0.0959346
11.2 7.8 -0.0381657
11.2 8 0.0108652
11.2 8.2 0.00145774
11.2 8.4 0

11.4 0 0
11.4 0.2 -0.0262829
11.4 0.4 -0.19029
11.4 0.6 -0.100068
11.4 0.8 -0.00160484
11.4 1 0.0374789
11.4 1.2 -0.0104873
11.4 1.4 -0.108279
11.4 1.6 -0.181595
11.4 1.8 -0.171545
11.4 2 -0.0760552
11.4 2.2 0.0441572
11.4 2.4 0.108446
11.4 2.6 0.0714343
11.4 2.8 -0.0471107
11.4 3 -0.172234
11.4 3.2 -0.226568
11.4 3.4 -0.180429
11.4 3.6 -0.0704573
11.4 3.8 0.0282454
11.4 4 0.0531045
11.4 4.2 -0.00420443
11.4 4.4 -0.0956673
11.4 4.6 -0.153057
11.4 4.8 -0.137298
11.4 5 -0.0620432
11.4 5.2 0.0175395
11.4 5.4 0.0474972
11.4 5.6 0.0125566
11.4 5.8 -0.055479
11.4 6 -0.102719
11.4 6.2 -0.0921578
11.4 6.4 -0.0299759
11.4 6.6 0.0421472
11.4 6.8 0.0780463
11.4 7 0.0604832
11.4 7.2 0.00821973
11.4 7.4 -0.0384426
11.4 7.6 -0.0526297
11.4 7.8 -0.0360376
11.4 8 -0.0158776
11.4 8.2 -0.00228726
11.4 8.4 0

11.6 0 0
11.6 0.2 -0.0274915
11.6 0.4 -0.199949
11.6 0.6 -0.130526
11.6 0.8 -0.05888
11.6 1 -0.0356438
11.6 1.2 -0.0775667
11.6 1.4 -0.151366
11.6 1.6 -0.199072
11.6 1.8 -0.176921
11.6 2 -0.0937134
11.6 2.2 -0.00205985
11.6 2.4 0.0328572
11.6 2.6 -0.0166904
11.6 2.8 -0.118726
11.6 3 -0.202704
11.6 3.2 -0.203796
11.6 3.4 -0.111979
11.6 3.6 0.0212311
11.6 3.8 0.113384
11.6 4 0.105737
11.6 4.2 0.00042653
11.6 4.4 -0.140198
11.6 4.6 -0.233896
11.6 4.8 -0.231475
11.6 5 -0.14246
11.6 5.2 -0.0279265
11.6 5.4 0.0467733
11.6 5.6 0.0512285
11.6 5.8 0.00593902
11.6 6 -0.0374828
11.6 6.2 -0.0347282
11.6 6.4 0.0220917
11.6 6.6 0.101017
11.6 6.8 0.157538
11.6 7 0.162835
11.6 7.2 0.120012
11.6 7.4 0.0579646
11.6 7.6 0.00508546
11.6 7.8 -0.0256423
11.6 8 -0.0390691
11.6 8.2 -0.00551219
11.6 8.4 0

11.8 0 0
11.8 0.2 -0.0294737
11.8 0.4 -0.215008
11.8 0.6 -0.155392
11.8 0.8 -0.0951195
11.8 1 -0.0736919
11.8 1.2 -0.103823
11.8 1.4 -0.158584
11.8 1.6 -0.190787
11.8 1.8 -0.168962
11.8 2 -0.101857
11.8 2.2 -0.0346174
11.8 2.4 -0.016973
11.8 2.6 -0.0650059
11.8 2.8 -0.144779
11.8 3 -0.191773
11.8 3.2 -0.155599
11.8 3.4 -0.037022
11.8 3.6 0.106536
11.8 3.8 0.191938
11.8 4 0.164057
11.8 4.2 0.0292589
11.8 4.4 -0.143703
11.8 4.6 -0.266425
11.8 4.8 -0.279796
11.8 5 -0.187825
11.8 5.2 -0.0493956
11.8 5.4 0.0612843
11.8 5.6 0.0993275
11.8 5.8 0.0704045
11.8 6 0.019274
11.8 6.2 -0.00121736
11.8 6.4 0.0305604
11.8 6.6 0.1018
11.8 6.8 0.171908
11.8 7 0.204135
11.8 7.2 0.182875
11.8 7.4 0.120494
11.8 7.6 0.0415459
11.8 7.8 -0.0277757
11.8 8 -0.0713334
11.8 8.2 -0.00996955
11.8 8.4 0

12 0 0
12 0.2 -0.0264977
12 0.4 -0.193519
12 0.6 -0.135688
12 0.8 -0.0732994
12 1 -0.0430329
12 1.2 -0.0597462
12 1.4 -0.103137
12 1.6 -0.134756
12 1.8 -0.125849
12 2 -0.0804672
12 2.2 -0.0317044
12 2.4 -0.0197811
12 2.6 -0.0576181
12 2.8 -0.117432
12 3 -0.14766
12 3.2 -0.105265
12 3.4 0.00671986
12 3.6 0.138758
12 3.8 0.217017
12 4 0.189385
12 4.2 0.0596435
12 4.4 -0.112159
12 4.6 -0.240905
12 4.8 -0.265959
12 5 -0.181764
12 5.2 -0.0391158
12 5.4 0.0871154
12 5.6 0.141365
12 5.8 0.114122
12 6 0.0419676
12 6.2 -0.0189958
12 6.4 -0.0286649
12 6.6 0.0185215
12 6.8 0.094295
12 7 0.155373
12 7.2 0.168273
12 7.4 0.124981
12 7.6 0.0420015
12 7.8 -0.047918
12 8 -0.11095
12 8.2 -0.0153758
12 8.4 0

12.2 0 0
12.2 0.2 -0.0150802
12.2 0.4 -0.11016
12.2 0.6 -0.0517544
12.2 0.8 0.018764
12.2 1 0.0615444
12.2 1.2 0.054174
12.2 1.4 0.0106722
12.2 1.6 -0.0359681
12.2 1.8 -0.0525789
12.2 2 -0.0317119
12.2 2.2 0.00370756
12.2 2.4 0.0208323
12.2 2.6 -0.000173383
12.2 2.8 -0.0474545
12.2 3 -0.0829399
12.2 3.2 -0.0696432
12.2 3.4 0.00156361
12.2 3.6 0.0996607
12.2 3.8 0.169418
12.2 4 0.163736
12.2 4.2 0.0744336
12.2 4.4 -0.058638
12.2 4.6 -0.169506
12.2 4.8 -0.199921
12.2 5 -0.135237
12.2 5.2 -0.010105
12.2 5.4 0.11015
12.2 5.6 0.164954
12.2 5.8 0.132128
12.2 6 0.0346949
12.2 6.2 -0.070269
12.2 6.4 -0.129363
12.2 6.6 -0.115261
12.2 6.8 -0.0425122
12.2 7 0.0447882
12.2 7.2 0.0987461
12.2 7.4 0.0895593
12.2 7.6 0.0227074
12.2 7.8 -0.0682862
12.2 8 -0.13847
12.2 8.2 -0.0190984
12.2 8.4 0

12.4 0 0
12.4 0.2 0.00279671
12.4 0.4 0.0204714
12.4 0.6 0.0778148
12.4 0.8 0.155715
12.4 1 0.20696
12.4 1.2 0.201566
12.4 1.4 0.145477
12.4 1.6 0.0718321
12.4 1.8 0.0217703
12.4 2 0.016136
12.4 2.2 0.0457085
12.4 2.4 0.0779198
12.4 2.6 0.0806545
12.4 2.8 0.0455795
12.4 3 -0.00922162
12.4 3.2 -0.0463091
12.4 3.4 -0.0404512
12.4 3.6 0.00826226
12.4 3.8 0.0683017
12.4 4 0.0991864
12.4 4.2 0.0746769
12.4 4.4 0.0030256
12.4 4.6 -0.0753548
12.4 4.8 -0.111329
12.4 5 -0.0779167
12.4 5.2 0.013031
12.4 5.4 0.113654
12.4 5.6 0.16609
12.4 5.8 0.134937
12.4 6 0.0273834
12.4 6.2 -0.107912
12.4 6.4 -0.208123
12.4 6.6 -0.228275
12.4 6.8 -0.166113
12.4 7 -0.0611629
12.4 7.2 0.028361
12.4 7.4 0.0561516
12.4 7.6 0.0145722
12.4 7.8 -0.0656088
12.4 8 -0.132919
12.4 8.2 -0.0182428
12.4 8.4 0

12.6 0 0
12.6 0.2 0.0203317
12.6 0.4 0.148261
12.6 0.6 0.201591
12.6 0.8 0.2819
12.6 1 0.33552
12.6 1.2 0.324656
12.6 1.4 0.250198
12.6 1.6 0.144926
12.6 1.8 0.0603224
12.6 2 0.0314184
12.6 2.2 0.0613318
12.6 2.4 0.117692
12.6 2.6 0.154124
12.6 2.8 0.13706
12.6 3 0.0671736
12.6 3.2 -0.0220351
12.6 3.4 -0.0842448
12.6 3.6 -0.0884306
12.6 3.8 -0.0382828
12.6 4 0.0306405
12.6 4.2 0.0739904
12.6 4.4 0.0662496
12.6 4.6 0.0171377
12.6 4.8 -0.0323804
12.6 5 -0.0416636
12.6 5.2 0.00626989
12.6 5.4 0.086859
12.6 5.6 0.147331
12.6 5.8 0.140373
12.6 6 0.0514284
12.6 6.2 -0.0861541
12.6 6.4 -0.208436
12.6 6.6 -0.257296
12.6 6.8 -0.212679
12.6 7 -0.105102
12.6 7.2 0.00371469
12.6 7.4 0.0571416
12.6 7.6 0.035462
12.6 7.8 -0.032913
12.6 8 -0.0943684
12.6 8.2 -0.0128972
12.6 8.4 0

12.8 0 0
12.8 0.2 0.0296137
12.8 0.4 0.215681
12.8 0.6 0.263896
12.8 0.8 0.341246
12.8 1 0.392181
12.8 1.2 0.375793
12.8 1.4 0.285956
12.8 1.6 0.157408
12.8 1.8 0.045866
12.8 2 -3.06727e-05
12.8 2.2 0.0344614
12.8 2.4 0.118889
12.8 2.6 0.19525
12.8 2.8 0.208329
12.8 3 0.139174
12.8 3.2 0.0169431
12.8 3.4 -0.0977015
12.8 3.6 -0.145163
12.8 3.8 -0.105866
12.8 4 -0.00790718
12.8 4.2 0.0877874
12.8 4.4 0.12534
12.8 4.6 0.0896894
12.8 4.8 0.013319
12.8 5 -0.0448621
12.8 5.2 -0.0403022
12.8 5.4 0.0281512
12.8 5.6 0.114544
12.8 5.8 0.156815
12.8 6 0.115177
12.8 6.2 0.00394632
12.8 6.4 -0.120937
12.8 6.6 -0.190575
12.8 6.8 -0.169853
12.8 7 -0.0760503
12.8 7.2 0.0310063
12.8 7.4 0.0895464
12.8 7.6 0.0740999
12.8 7.8 0.00917372
12.8 8 -0.0495112
12.8 8.2 -0.00673413
12.8 8.4 0

13 0 0
13 0.2 0.0262453
13 0.4 0.190996
13 0.6 0.234839
13 0.8 0.305939
13 1 0.354064
13 1.2 0.338215
13 1.4 0.249425
13 1.6 0.115189
13 1.8 -0.00723414
13 2 -0.063346
13 2.2 -0.0266206
13 2.4 0.0795005
13 2.6 0.192183
13 2.8 0.242564
13 3 0.194073
13 3.2 0.0670235
13 3.4 -0.0716026
13 3.6 -0.145411
13 3.8 -0.115553
13 4 -0.00402066
13 4.2 0.118056
13 4.4 0.175045
13 4.6 0.132769
13 4.8 0.0215813
13 5 -0.0851081
13 5.2 -0.116202
13 5.4 -0.0497216
13 5.6 0.0730704
13 5.8 0.175936
13 6 0.195765
13 6.2 0.123515
13 6.4 0.00833802
13 6.6 -0.0771386
13 6.8 -0.0828363
13 7 -0.0138043
13 7.2 0.0757111
13 7.4 0.123474
13 7.6 0.10019
13 7.8 0.0281821
13 8 -0.033791
13 8.2 -0.00457643
13 8.4 0

13.2 0 0
13.2 0.2 0.0117455
13.2 0.4 0.0855097
13.2 0.6 0.125272
13.2 0.8 0.187834
13.2 1 0.235496
13.2 1.2 0.233671
13.2 1.4 0.167183
13.2 1.6 0.0534465
13.2 1.8 -0.0612394
13.2 2 -0.121113
13.2 2.2 -0.0913578
13.2 2.4 0.0172599
13.2 2.6 0.148956
13.2 2.8 0.230928
13.2 3 0.214417
13.2 3.2 0.107763
13.2 3.4 -0.0269877
13.2 3.6 -0.107437
13.2 3.8 -0.084861
13.2 4 0.0258593
13.2 4.2 0.15118
13.2 4.4 0.205502
13.2 4.6 0.146558
13.2 4.8 0.00307491
13.2 5 -0.13993
13.2 5.2 -0.19456
13.2 5.4 -0.125239
13.2 5.6 0.0301712
13.2 5.8 0.183501
13.2 6 0.252771
13.2 6.2 0.212656
13.2 6.4 0.10495
13.2 6.6 0.00718027
13.2 6.8 -0.021523
13.2 7 0.023734
13.2 7.2 0.0944854
13.2 7.4 0.127117
13.2 7.6 0.0915967
13.2 7.8 0.0091059
13.2 8 -0.0609084
13.2 8.2 -0.00837563
13.2 8.4 0

13.4 0 0
13.4 0.2 -0.00764931
13.4 0.4 -0.055298
13.4 0.6 -0.0223574
13.4 0.8 0.0275316
13.4 1 0.0768181
13.4 1.2 0.0997705
13.4 1.4 0.0779462
13.4 1.6 0.00856327
13.4 1.8 -0.0799582
13.4 2 -0.140693
13.4 2.2 -0.132325
13.4 2.4 -0.0475193
13.4 2.6 0.0754998
13.4 2.8 0.171258
13.4 3 0.184878
13.4 3.2 0.112339
13.4 3.4 0.00129015
13.4 3.6 -0.0705099
13.4 3.8 -0.0520823
13.4 4 0.0491065
13.4 4.2 0.163688
13.4 4.4 0.208648
13.4 4.6 0.137151
13.4 4.8 -0.0209359
13.4 5 -0.179102
13.4 5.2 -0.243018
13.4 5.4 -0.171765
13.4 5.6 -0.003574
13.4 5.8 0.16921
13.4 6 0.255757
13.4 6.2 0.224352
13.4 6.4 0.114887
13.4 6.6 0.00792685
13.4 6.8 -0.0313448
13.4 7 0.00520778
13.4 7.2 0.0704636
13.4 7.4 0.0986371
13.4 7.6 0.0576495
13.4 7.8 -0.0313216
13.4 8 -0.107717
13.4 8.2 -0.0148243
13.4 8.4 0

13.6 0 0
13.6 0.2 -0.024493
13.6 0.4 -0.177296
13.6 0.6 -0.15767
13.6 0.8 -0.128175
13.6 1 -0.0812769
13.6 1.2 -0.0281197
13.6 1.4 0.00678999
13.6 1.6 -0.00152716
13.6 1.8 -0.0505911
13.6 2 -0.110774
13.6 2.2 -0.135506
13.6 2.4 -0.0987069
13.6 2.6 -0.0128256
13.6 2.8 0.0732557
13.6 3 0.105833
13.6 3.2 0.0678004
13.6 3.4 -0.0109601
13.6 3.6 -0.0658823
13.6 3.8 -0.0491839
13.6 4 0.0394144
13.6 4.2 0.141386
13.6 4.4 0.181129
13.6 4.6 0.115676
13.6 4.8 -0.0317316
13.6 5 -0.178658
13.6 5.2 -0.237853
13.6 5.4 -0.171164
13.6 5.6 -0.0159163
13.6 5.8 0.137342
13.6 6 0.203721
13.6 6.2 0.154949
13.6 6.4 0.0356031
13.6 6.6 -0.0719247
13.6 6.8 -0.102673
13.6 7 -0.0521452
13.6 7.2 0.0277285
13.6 7.4 0.0680088
13.6 7.6 0.0336682
13.6 7.8 -0.052881
13.6 8 -0.130186
13.6 8.2 -0.0179208
13.6 8.4 0

13.8 0 0
13.8 0.2 -0.0334942
13.8 0.4 -0.242362
13.8 0.6 -0.245035
13.8 0.8 -0.246318
13.8 1 -0.210944
13.8 1.2 -0.134516
13.8 1.4 -0.0445917
13.8 1.6 0.0112496
13.8 1.8 0.00549594
13.8 2 -0.0509311
13.8 2.2 -0.112589
13.8 2.4 -0.133853
13.8 2.6 -0.100808
13.8 2.8 -0.0408092
13.8 3 -0.0013813
13.8 3.2 -0.0114626
13.8 3.4 -0.0591608
13.8 3.6 -0.0970246
13.8 3.8 -0.0816417
13.8 4 -0.00605945
13.8 4.2 0.0862418
13.8 4.4 0.131878
13.8 4.6 0.0904607
13.8 4.8 -0.0204064
13.8 5 -0.134401
13.8 5.2 -0.178652
13.8 5.4 -0.122043
13.8 5.6 -0.00178693
13.8 5.8 0.103968
13.8 6 0.123575
13.8 6.2 0.0440129
13.8 6.4 -0.0836929
13.8 6.6 -0.178069
13.8 6.8 -0.1807
13.8 7 -0.0972566
13.8 7.2 0.0123383
13.8 7.4 0.0735286
13.8 7.6 0.0519977
13.8 7.8 -0.0277591
13.8 8 -0.100926
13.8 8.2 -0.0138456
13.8 8.4 0

14 0 0
14 0.2 -0.0329104
14 0.4 -0.238271
14 0.6 -0.271351
14 0.8 -0.312863
14 1 -0.302632
14 1.2 -0.217852
14 1.4 -0.0887392
14 1.6 0.0195788
14 1.8 0.0541947
14 2 0.00489522
14 2.2 -0.0845324
14 2.4 -0.155679
14 2.6 -0.171018
14 2.8 -0.138084
14 3 -0.0975786
14 3.2 -0.0864675
14 3.4 -0.110067
14 3.6 -0.135834
14 3.8 -0.125871
14 4 -0.0647927
14 4.2 0.0191153
14 4.4 0.0755904
14 4.6 0.0694411
14 4.8 0.00662075
14 5 -0.0638252
14 5.2 -0.0883116
14 5.4 -0.0455007
14 5.6 0.0320952
14 5.8 0.0804205
14 6 0.0508014
14 6.2 -0.0545161
14 6.4 -0.178017
14 6.6 -0.24275
14 6.8 -0.205155
14 7 -0.08277
14 7.2 0.053351
14 7.4 0.128356
14 7.6 0.110945
14 7.8 0.0319182
14 8 -0.0382107
14 8.2 -0.00516219
14 8.4 0

14.2 0 0
14.2 0.2 -0.0240041
14.2 0.4 -0.174048
14.2 0.6 -0.240087
14.2 0.8 -0.324984
14.2 1 -0.349547
14.2 1.2 -0.275896
14.2 1.4 -0.13247
14.2 1.6 0.00566214
14.2 1.8 0.0680277
14.2 2 0.0302162
14.2 2.2 -0.0693348
14.2 2.4 -0.166226
14.2 2.6 -0.207199
14.2 2.8 -0.188166
14.2 3 -0.143384
14.2 3.2 -0.115991
14.2 3.4 -0.124176
14.2 3.6 -0.14576
14.2 3.8 -0.147524
14.2 4 -0.105402
14.2 4.2 -0.0343373
14.2 4.4 0.0295466
14.2 4.6 0.0524931
14.2 4.8 0.0335157
14.2 5 0.0021859
14.2 5.2 -0.00497072
14.2 5.4 0.0247378
14.2 5.6 0.0641639
14.2 5.8 0.0679793
14.2 6 0.00635391
14.2 6.2 -0.103995
14.2 6.4 -0.204394
14.2 6.6 -0.229867
14.2 6.8 -0.151818
14.2 7 -0.00457919
14.2 7.2 0.137723
14.2 7.4 0.202849
14.2 7.6 0.169372
14.2 7.8 0.0769307
14.2 8 0.000868983
14.2 8.2 0.000203193
14.2 8.4 0

14.4 0 0
14.4 0.2 -0.0093968
14.4 0.4 -0.0684003
14.4 0.6 -0.161948
14.4 0.8 -0.283153
14.4 1 -0.343164
14.4 1.2 -0.296182
14.4 1.4 -0.164215
14.4 1.6 -0.0243711
14.4 1.8 0.0483027
14.4 2 0.0230247
14.4 2.2 -0.0679181
14.4 2.4 -0.160004
14.4 2.6 -0.198186
14.4 2.8 -0.172957
14.4 3 -0.118194
14.4 3.2 -0.0788439
14.4 3.4 -0.0800184
14.4 3.6 -0.106206
14.4 3.8 -0.124608
14.4 4 -0.106815
14.4 4.2 -0.0551561
14.4 4.4 0.00364246
14.4 4.6 0.0402312
14.4 4.8 0.0456225
14.4 5 0.0374783
14.4 5.2 0.0389735
14.4 5.4 0.0576478
14.4 5.6 0.0729216
14.4 5.8 0.0548825
14.4 6 -0.0118369
14.4 6.2 -0.103696
14.4 6.4 -0.167314
14.4 6.6 -0.15344
14.4 6.8 -0.0506619
14.4 7 0.0972943
14.4 7.2 0.215936
14.4 7.4 0.244415
14.4 7.6 0.173953
14.4 7.8 0.0541948
14.4 8 -0.0365052
14.4 8.2 -0.00497139
14.4 8.4 0

14.6 0 0
14.6 0.2 0.00796704
14.6 0.4 0.0574628
14.6 0.6 -0.0507254
14.6 0.8 -0.189678
14.6 1 -0.274633
14.6 1.2 -0.258599
14.6 1.4 -0.158818
14.6 1.6 -0.0423863
14.6 1.8 0.0214402
14.6 2 0.00476341
14.6 2.2 -0.0650794
14.6 2.4 -0.130499
14.6 2.6 -0.143365
14.6 2.8 -0.099558
14.6 3 -0.0328029
14.6 3.2 0.011666
14.6 3.4 0.00850976
14.6 3.6 -0.0284005
14.6 3.8 -0.065215
14.6 4 -0.0710758
14.6 4.2 -0.0426183
14.6 4.4 0.000580587
14.6 4.6 0.0311963
14.6 4.8 0.0396157
14.6 5 0.0347506
14.6 5.2 0.0344265
14.6 5.4 0.0438518
14.6 5.6 0.0491719
14.6 5.8 0.0301165
14.6 6 -0.0205993
14.6 6.2 -0.0799315
14.6 6.4 -0.105664
14.6 6.6 -0.0642946
14.6 6.8 0.0412091
14.6 7 0.163358
14.6 7.2 0.236133
14.6 7.4 0.21278
14.6 7.6 0.100309
14.6 7.8 -0.0450565
14.6 8 -0.149675
14.6 8.2 -0.0205781
14.6 8.4 0

14.8 0 0
14.8 0.2 0.0247004
14.8 0.4 0.179316
14.8 0.6 0.0746582
14.8 0.8 -0.0572465
14.8 1 -0.146988
14.8 1.2 -0.155903
14.8 1.4 -0.096778
14.8 1.6 -0.021928
14.8 1.8 0.0164777
14.8 2 0.00043902
14.8 2.2 -0.0454095
14.8 2.4 -0.0751165
14.8 2.6 -0.0568509
14.8 2.8 0.00529093
14.8 3 0.0754024
14.8 3.2 0.112878
14.8 3.4 0.0992694
14.8 3.6 0.0505311
14.8 3.8 0.000493288
14.8 4 -0.0205597
14.8 4.2 -0.0100608
14.8 4.4 0.0150814
14.8 4.6 0.0299027
14.8 4.8 0.0258571
14.8 5 0.0105408
14.8 5.2 0.000699115
14.8 5.4 0.00205667
14.8 5.6 0.00567482
14.8 5.8 -0.00411208
14.8 6 -0.0328266
14.8 6.2 -0.0620806
14.8 6.4 -0.0623964
14.8 6.6 -0.013491
14.8 6.8 0.0745828
14.8 7 0.156623
14.8 7.2 0.180055
14.8 7.4 0.113729
14.8 7.6 -0.022783
14.8 7.8 -0.170785
14.8 8 -0.2706
14.8 8.2 -0.0372647
14.8 8.4 0

15 0 0
15 0.2 0.0371191
15 0.4 0.269935
15 0.6 0.186244
15 0.8 0.0856466
15 1 0.0129774
15 1.2 -0.0075849
15 1.4 0.0125179
15 1.6 0.0400128
15 1.8 0.0451374
15 2 0.0227548
15 2.2 -0.00361154
15 2.4 -0.00383474
15 2.6 0.0368804
15 2.8 0.103387
15 3 0.160785
15 3.2 0.177407
15 3.4 0.146779
15 3.6 0.0896633
15 3.8 0.0395138
15 4 0.0183616
15 4.2 0.0252159
15 4.4 0.0397334
15 4.6 0.0404805
15 4.8 0.0215175
15 5 -0.00669049
15 5.2 -0.0273465
15 5.4 -0.0317117
15 5.6 -0.0282593
15 5.8 -0.0309335
15 6 -0.0454377
15 6.2 -0.0603906
15 6.4 -0.0554128
15 6.6 -0.0172341
15 6.8 0.0420948
15 7 0.086671
15 7.2 0.0770046
15 7.4 -0.00334635
15 7.6 -0.129694
15 7.8 -0.243424
15 8 -0.0707941
15 8.2 0
15 8.4 0

15.2 0 0
15.2 0.2 0.041806
15.2 0.4 0.304158
15.2 0.6 0.253181
15.2 0.8 0.198553
15.2 1 0.158426
15.2 1.2 0.138353
15.2 1.4 0.128609
15.2 1.6 0.114439
15.2 1.8 0.0880487
15.2 2 0.0587847
15.2 2.2 0.0456758
15.2 2.4 0.0642803
15.2 2.6 0.111504
15.2 2.8 0.164114
15.2 3 0.191981
15.2 3.2 0.177711
15.2 3.4 0.128883
15.2 3.6 0.0716587
15.2 3.8 0.0345253
15.2 4 0.0303386
15.2 4.2 0.0486117
15.2 4.4 0.0655158
15.2 4.6 0.0617208
15.2 4.8 0.035524
15.2 5 0.00137778
15.2 5.2 -0.0225262
15.2 5.4 -0.0295956
15.2 5.6 -0.0272939
15.2 5.8 -0.0304397
15.2 6 -0.045501
15.2 6.2 -0.0646618
15.2 6.4 -0.0713161
15.2 6.6 -0.0543229
15.2 6.8 -0.0218531
15.2 7 9.76683e-05
15.2 7.2 -0.0149369
15.2 7.4 -0.077495
15.2 7.6 -0.166897
15.2 7.8 -0.24422
15.2 8 -0.0336359
15.2 8.2 0
15.2 8.4 0

15.4 0 0
15.4 0.2 0.0373045
15.4 0.4 0.270723
15.4 0.6 0.253841
15.4 0.8 0.245584
15.4 1 0.239554
15.4 1.2 0.225586
15.4 1.4 0.197004
15.4 1.6 0.154964
15.4 1.8 0.11032
15.4 2 0.0801095
15.4 2.2 0.0800477
15.4 2.4 0.108838
15.4 2.6 0.149547
15.4 2.8 0.175451
15.4 3 0.165819
15.4 3.2 0.120516
15.4 3.4 0.0584685
15.4 3.6 0.0110959
15.4 3.8 -0.00252938
15.4 4 0.0194294
15.4 4.2 0.0561946
15.4 4.4 0.0822846
15.4 4.6 0.0823947
15.4 4.8 0.0600858
15.4 5 0.0318949
15.4 5.2 0.0147417
15.4 5.4 0.0114425
15.4 5.6 0.0120201
15.4 5.8 0.00258987
15.4 6 -0.0235305
15.4 6.2 -0.0569612
15.4 6.4 -0.0807906
15.4 6.6 -0.0833655
15.4 6.8 -0.0674209
15.4 7 -0.0498778
15.4 7.2 -0.0488602
15.4 7.4 -0.0712467
15.4 7.6 -0.10609
15.4 7.8 -0.136085
15.4 8 -0.0187465
15.4 8.2 0
15.4 8.4 0

15.6 0 0
15.6 0.2 0.0251414
15.6 0.4 0.181627
15.6 0.6 0.191166
15.6 0.8 0.214317
15.6 1 0.229357
15.6 1.2 0.218568
15.6 1.4 0.180306
15.6 1.6 0.127039
15.6 1.8 0.0819264
15.6 2 0.065739
15.6 2.2 0.0826623
15.6 2.4 0.119897
15.6 2.6 0.149336
15.6 2.8 0.146686
15.6 3 0.104631
15.6 3.2 0.0376317
15.6 3.4 -0.0246413
15.6 3.6 -0.0547096
15.6 3.8 -0.0421385
15.6 4 0.00151743
15.6 4.2 0.0498301
15.6 4.4 0.0795275
15.6 4.6 0.0831887
15.6 4.8 0.069438
15.6 5 0.0566947
15.6 5.2 0.0556197
15.6 5.4 0.0624758
15.6 5.6 0.0651249
15.6 5.8 0.0484064
15.6 6 0.012414
15.6 6.2 -0.0311338
15.6 6.4 -0.0637585
15.6 6.6 -0.073016
15.6 6.8 -0.06064
15.6 7 -0.0380565
15.6 7.2 -0.0172663
15.6 7.4 -0.00234694
15.6 7.6 0.0132474
15.6 7.8 0.0320143
15.6 8 0.00435055
15.6 8.2 0
15.6 8.4 0

15.8 0 0
15.8 0.2 0.00991271
15.8 0.4 0.0704252
15.8 0.6 0.0916274
15.8 0.8 0.123058
15.8 1 0.137867
15.8 1.2 0.121895
15.8 1.4 0.078429
15.8 1.6 0.0301148
15.8 1.8 0.00296072
15.8 2 0.0134705
15.8 2.2 0.0545541
15.8 2.4 0.100103
15.8 2.6 0.120718
15.8 2.8 0.0984916
15.8 3 0.0387363
15.8 3.2 -0.0308021
15.8 3.4 -0.0796516
15.8 3.6 -0.0867607
15.8 3.8 -0.055603
15.8 4 -0.00672334
15.8 4.2 0.032792
15.8 4.4 0.0494662
15.8 4.6 0.0459021
15.8 4.8 0.0398951
15.8 5 0.044751
15.8 5.2 0.0645076
15.8 5.4 0.0866645
15.8 5.6 0.09306
15.8 5.8 0.0754433
15.8 6 0.0382357
15.8 6.2 2.22994e-05
15.8 6.4 -0.0221863
15.8 6.6 -0.0210384
15.8 6.8 -0.00210192
15.8 7 0.0225186
15.8 7.2 0.0454401
15.8 7.4 0.0690438
15.8 7.6 0.103681
15.8 7.8 0.161563
15.8 8 0.022173
15.8 8.2 0
15.8 8.4 0

16 0 0
16 0.2 -0.00307911
16 0.4 -0.0236697
16 0.6 -0.00618889
16 0.8 0.0109379
16 1 0.00817163
16 1.2 -0.0218875
16 1.4 -0.0657813
16 1.6 -0.0985973
16 1.8 -0.0956597
16 2 -0.0521393
16 2.2 0.0125924
16 2.4 0.0667118
16 2.6 0.0811638
16 2.8 0.0493158
16 3 -0.0101086
16 3.2 -0.0643705
16 3.4 -0.0868063
16 3.6 -0.0705721
16 3.8 -0.0327262
16 4 -0.000270623
16 4.2 0.00730908
16 4.4 -0.00890578
16 4.6 -0.0306547
16 4.8 -0.0356936
16 5 -0.0143123
16 5.2 0.0250545
16 5.4 0.0595305
16 5.6 0.0713192
16 5.8 0.0563888
16 6 0.0307771
16 6.2 0.0148943
16 6.4 0.0230653
16 6.6 0.050696
16 6.8 0.0817089
16 7 0.0981612
16 7.2 0.0955982
16 7.4 0.0855083
16 7.6 0.0842268
16 7.8 0.033741
16 8 0
16 8.2 0
16 8.4 0

16.2 0 0
16.2 0.2 -0.0105246
16.2 0.4 -0.0768235
16.2 0.6 -0.0727428
16.2 0.8 -0.0811016
16.2 1 -0.110131
16.2 1.2 -0.154161
16.2 1.4 -0.194455
16.2 1.6 -0.20434
16.2 1.8 -0.169693
16.2 2 -0.0979917
16.2 2.2 -0.0180856
16.2 2.4 0.0349982
16.2 2.6 0.0408963
16.2 2.8 0.0059935
16.2 3 -0.040684
16.2 3.2 -0.0663579
16.2 3.4 -0.0552563
16.2 3.6 -0.0179624
16.2 3.8 0.0147093
16.2 4 0.0153043
16.2 4.2 -0.0233259
16.2 4.4 -0.0815615
16.2 4.6 -0.126616
16.2 4.8 -0.131722
16.2 5 -0.0963227
16.2 5.2 -0.0428287
16.2 5.4 -0.00237357
16.2 5.6 0.00794761
16.2 5.8 -0.00511645
16.2 6 -0.0160127
16.2 6.2 0.000841533
16.2 6.4 0.0504484
16.2 6.6 0.113707
16.2 6.8 0.157533
16.2 7 0.157542
16.2 7.2 0.112743
16.2 7.4 0.0495195
16.2 7.6 0.00253962
16.2 7.8 0.000324036
16.2 8 0
16.2 8.2 0
16.2 8.4 0

16.4 0 0
16.4 0.2 -0.0126289
16.4 0.4 -0.0907444
16.4 0.6 -0.100676
16.4 0.8 -0.131764
16.4 1 -0.179895
16.4 1.2 -0.230309
16.4 1.4 -0.259263
16.4 1.6 -0.246068
16.4 1.8 -0.1863
16.4 2 -0.100559
16.4 2.2 -0.023048
16.4 2.4 0.0147896
16.4 2.6 0.00413493
16.4 2.8 -0.0342984
16.4 3 -0.0643456
16.4 3.2 -0.0575474
16.4 3.4 -0.0132758
16.4 3.6 0.039993
16.4 3.8 0.0619851
16.4 4 0.0275233
16.4 4.2 -0.0545902
16.4 4.4 -0.147511
16.4 4.6 -0.205629
16.4 4.8 -0.204115
16.4 5 -0.154044
16.4 5.2 -0.0920413
16.4 5.4 -0.056403
16.4 5.6 -0.0594598
16.4 5.8 -0.0807916
16.4 6 -0.0829305
16.4 6.2 -0.0372213
16.4 6.4 0.0519764
16.4 6.6 0.148252
16.4 6.8 0.2028
16.4 7 0.185333
16.4 7.2 0.101042
16.4 7.4 -0.0122306
16.4 7.6 -0.104218
16.4 7.8 -0.0143319
16.4 8 0
16.4 8.2 0
16.4 8.4 0

16.6 0 0
16.6 0.2 -0.012058
16.6 0.4 -0.0859375
16.6 0.6 -0.102948
16.6 0.8 -0.142912
16.6 1 -0.193988
16.6 1.2 -0.236645
16.6 1.4 -0.248711
16.6 1.6 -0.215522
16.6 1.8 -0.144207
16.6 2 -0.0614548
16.6 2.2 -0.00412554
16.6 2.4 0.0047073
16.6 2.6 -0.0302845
16.6 2.8 -0.0755142
16.6 3 -0.0919857
16.6 3.2 -0.0576045
16.6 3.4 0.0132885
16.6 3.6 0.077578
16.6 3.8 0.0894432
16.6 4 0.0295106
16.6 4.2 -0.0787466
16.6 4.4 -0.18283
16.6 4.6 -0.233347
16.6 4.8 -0.210929
16.6 5 -0.142775
16.6 5.2 -0.0771029
16.6 5.4 -0.0567441
16.6 5.6 -0.0854387
16.6 5.8 -0.128835
16.6 6 -0.13596
16.6 6.2 -0.0765858
16.6 6.4 0.0364444
16.6 6.6 0.152219
16.6 6.8 0.210802
16.6 7 0.181458
16.6 7.2 0.076544
16.6 7.4 -0.0573626
16.6 7.6 -0.184189
16.6 7.8 -0.0253258
16.6 8 0
16.6 8.2 0
16.6 8.4 0

16.8 0 0
16.8 0.2 -0.0114985
16.8 0.4 -0.082408
16.8 0.6 -0.096641
16.8 0.8 -0.128439
16.8 1 -0.166133
16.8 1.2 -0.190687
16.8 1.4 -0.184137
16.8 1.6 -0.139931
16.8 1.8 -0.069818
16.8 2 -0.00516119
16.8 2.2 0.0218771
16.8 2.4 -0.00232602
16.8 2.6 -0.061402
16.8 2.8 -0.114364
16.8 3 -0.121516
16.8 3.2 -0.0685818
16.8 3.4 0.0181735
16.8 3.6 0.0875262
16.8 3.8 0.092503
16.8 4 0.0227421
16.8 4.2 -0.0874277
16.8 4.4 -0.177645
16.8 4.6 -0.19833
16.8 4.8 -0.144104
16.8 5 -0.0543311
16.8 5.2 0.0110524
16.8 5.4 0.00980874
16.8 5.6 -0.0518586
16.8 5.8 -0.125507
16.8 6 -0.15045
16.8 6.2 -0.0956168
16.8 6.4 0.0187978
16.8 6.6 0.13314
16.8 6.8 0.18437
16.8 7 0.146918
16.8 7.2 0.0472275
16.8 7.4 -0.0466513
16.8 7.6 -0.0317553
16.8 7.8 0
16.8 8 0
16.8 8.2 0
16.8 8.4 0

17 0 0
17 0.2 -0.0113123
17 0.4 -0.0822444
17 0.6 -0.0862941
17 0.8 -0.0999181
17 1 -0.116286
17 1.2 -0.121788
17 1.4 -0.104212
17 1.6 -0.0605035
17 1.8 -0.00396748
17 2 0.0368823
17 2.2 0.03679
17 2.4 -0.0108747
17 2.6 -0.0827579
17 2.8 -0.137146
17 3 -0.136761
17 3.2 -0.0753471
17 3.4 0.015854
17 3.6 0.0818184
17 3.8 0.0825636
17 4 0.014903
17 4.2 -0.0787897
17 4.4 -0.137752
17 4.6 -0.120397
17 4.8 -0.0322789
17 5 0.0744891
17 5.2 0.13529
17 5.4 0.112285
17 5.6 0.0215993
17 5.8 -0.0786313
17 6 -0.123265
17 6.2 -0.0840736
17 6.4 0.0130348
17 6.6 0.105406
17 6.8 0.132265
17 7 0.0788839
17 7.2 -0.0178565
17 7.4 -0.0905586
17 7.6 -0.0124462
17 7.8 0
17 8 0
17 8.2 0
17 8.4 0

17.2 0 0
17.2 0.2 -0.00933804
17.2 0.4 -0.0690587
17.2 0.6 -0.0625519
17.2 0.8 -0.0581451
17.2 1 -0.0571213
17.2 1.2 -0.053789
17.2 1.4 -0.0391592
17.2 1.6 -0.010206
17.2 1.8 0.0249407
17.2 2 0.0455098
17.2 2.2 0.0320782
17.2 2.4 -0.018191
17.2 2.6 -0.0840135
17.2 2.8 -0.127784
17.2 3 -0.119285
17.2 3.2 -0.0575977
17.2 3.4 0.0255632
17.2 3.6 0.0811208
17.2 3.8 0.075775
17.2 4 0.0147882
17.2 4.2 -0.0579656
17.2 4.4 -0.0858212
17.2 4.6 -0.0384421
17.2 4.8 0.068989
17.2 5 0.17937
17.2 5.2 0.229741
17.2 5.4 0.190293
17.2 5.6 0.0855394
17.2 5.8 -0.0238066
17.2 6 -0.0759834
17.2 6.2 -0.0493485
17.2 6.4 0.0235734
17.2 6.6 0.0808246
17.2 6.8 0.0707502
17.2 7 -0.008973
17.2 7.2 -0.108048
17.2 7.4 -0.153327
17.2 7.6 -0.0210844
17.2 7.8 0
17.2 8 0
17.2 8.2 0
17.2 8.4 0

17.4 0 0
17.4 0.2 -0.00327324
17.4 0.4 -0.0253452
17.4 0.6 -0.0128763
17.4 0.8 0.0017647
17.4 1 0.00791849
17.4 1.2 0.00490397
17.4 1.4 0.000123046
17.4 1.6 0.00279201
17.4 1.8 0.0143773
17.4 2 0.0232435
17.4 2.2 0.0144454
17.4 2.4 -0.0170949
17.4 2.6 -0.0577333
17.4 2.8 -0.0809605
17.4 3 -0.0642095
17.4 3.2 -0.00968961
17.4 3.4 0.0564522
17.4 3.6 0.0942943
17.4 3.8 0.0807031
17.4 4 0.0242111
17.4 4.2 -0.033736
17.4 4.4 -0.0455505
17.4 4.6 0.0097234
17.4 4.8 0.111721
17.4 5 0.20583
17.4 5.2 0.239308
17.4 5.4 0.192928
17.4 5.6 0.0947719
17.4 5.8 0.00247636
17.4 6 -0.0350959
17.4 6.2 -0.00783624
17.4 6.4 0.0462991
17.4 6.6 0.0700696
17.4 6.8 0.0211556
17.4 7 -0.0898133
17.4 7.2 -0.202133
17.4 7.4 -0.0488653
17.4 7.6 0
17.4 7.8 0
17.4 8 0
17.4 8.2 0
17.4 8.4 0

17.6 0 0
17.6 0.2 0.00659173
17.6 0.4 0.0473232
17.6 0.6 0.0606369
17.6 0.8 0.0766322
17.6 1 0.0774493
17.6 1.2 0.0556797
17.6 1.4 0.0220537
17.6 1.6 -0.00614369
17.6 1.8 -0.0154533
17.6 2 -0.00942922
17.6 2.2 -0.000517016
17.6 2.4 -0.000156692
17.6 2.6 -0.00776045
17.6 2.8 -0.00878217
17.6 3 0.0112208
17.6 3.2 0.0518238
17.6 3.4 0.0952434
17.6 3.6 0.113413
17.6 3.8 0.0904766
17.6 4 0.0365287
17.6 4.2 -0.0151398
17.6 4.4 -0.0278888
17.6 4.6 0.0117961
17.6 4.8 0.0837646
17.6 5 0.144625
17.6 5.2 0.156673
17.6 5.4 0.111805
17.6 5.6 0.0393379
17.6 5.8 -0.0144222
17.6 6 -0.0175489
17.6 6.2 0.0251941
17.6 6.4 0.0726226
17.6 6.6 0.074943
17.6 6.8 0.00227349
17.6 7 -0.134076
17.6 7.2 -0.278982
17.6 7.4 -0.0382994
17.6 7.6 0
17.6 7.8 0
17.6 8 0
17.6 8.2 0
17.6 8.4 0

17.8 0 0
17.8 0.2 0.0164703
17.8 0.4 0.120504
17.8 0.6 0.133306
17.8 0.8 0.148986
17.8 1 0.141478
17.8 1.2 0.10142
17.8 1.4 0.0409364
17.8 1.6 -0.0128219
17.8 1.8 -0.0374966
17.8 2 -0.0275791
17.8 2.2 0.00218728
17.8 2.4 0.0319277
17.8 2.6 0.0501891
17.8 2.8 0.0602695
17.8 3 0.0729653
17.8 3.2 0.0936516
17.8 3.4 0.113997
17.8 3.6 0.117015
17.8 3.8 0.0915098
17.8 4 0.0437125
17.8 4.2 -0.00359547
17.8 4.4 -0.0266694
17.8 4.6 -0.0158776
17.8 4.8 0.0143304
17.8 5 0.0350631
17.8 5.2 0.0260923
17.8 5.4 -0.0102228
17.8 5.6 -0.047894
17.8 5.8 -0.0547006
17.8 6 -0.0184211
17.8 6.2 0.0430416
17.8 6.4 0.0903249
17.8 6.6 0.0874409
17.8 6.8 0.0192195
17.8 7 -0.109095
17.8 7.2 -0.31505
17.8 7.4 -0.0432288
17.8 7.6 0
17.8 7.8 0
17.8 8 0
17.8 8.2 0
17.8 8.4 0

18 0 0
18 0.2 0.0208595
18 0.4 0.15354
18 0.6 0.170543
18 0.8 0.191154
18 1 0.18458
18 1.2 0.137079
18 1.4 0.0634667
18 1.6 -0.00296587
18 1.8 -0.0328122
18 2 -0.0176081
18 2.2 0.0264948
18 2.4 0.07035
18 2.6 0.0953911
18 2.8 0.0983438
18 3 0.0913758
18 3.2 0.0876029
18 3.4 0.0892972
18 3.6 0.0868507
18 3.8 0.0704843
18 4 0.0386037
18 4.2 0.00188337
18 4.4 -0.0260974
18 4.6 -0.0390481
18 4.8 -0.0446603
18 5 -0.0559638
18 5.2 -0.0791807
18 5.4 -0.104165
18 5.6 -0.109739
18 5.8 -0.0795507
18 6 -0.0177003
18 6.2 0.048287
18 6.4 0.0867994
18 6.6 0.0825319
18 6.8 0.0518513
18 7 0.0293589
18 7.2 -0.0391138
18 7.4 0
18 7.6 0
18 7.8 0
18 8 0
18 8.2 0
18 8.4 0

18.2 0 0
18.2 0.2 0.016358
18.2 0.4 0.120688
18.2 0.6 0.148747
18.2 0.8 0.184352
18.2 1 0.191454
18.2 1.2 0.153381
18.2 1.4 0.0849151
18.2 1.6 0.0220289
18.2 1.8 -0.00370415
18.2 2 0.016518
18.2 2.2 0.0624553
18.2 2.4 0.102078
18.2 2.6 0.112106
18.2 2.8 0.0905873
18.2 3 0.0555725
18.2 3.2 0.0285277
18.2 3.4 0.0194109
18.2 3.6 0.0239187
18.2 3.8 0.027939
18.2 4 0.0221138
18.2 4.2 0.00600286
18.2 4.4 -0.0137438
18.2 4.6 -0.0331014
18.2 4.8 -0.0534873
18.2 5 -0.0782577
18.2 5.2 -0.103995
18.2 5.4 -0.117799
18.2 5.6 -0.104286
18.2 5.8 -0.0591347
18.2 6 0.00181488
18.2 6.2 0.0482871
18.2 6.4 0.0543598
18.2 6.6 0.0256387
18.2 6.8 0.00720201
18.2 7 0.0768014
18.2 7.2 0.0106422
18.2 7.4 0
18.2 7.6 0
18.2 7.8 0
18.2 8 0
18.2 8.2 0
18.2 8.4 0

18.4 0 0
18.4 0.2 0.00422521
18.4 0.4 0.0314305
18.4 0.6 0.0750393
18.4 0.8 0.130885
18.4 1 0.159722
18.4 1.2 0.142744
18.4 1.4 0.0933423
18.4 1.6 0.0463794
18.4 1.8 0.031769
18.4 2 0.0555811
18.4 2.2 0.0951808
18.4 2.4 0.117097
18.4 2.6 0.0994922
18.4 2.8 0.04661
18.4 3 -0.0154723
18.4 3.2 -0.0583768
18.4 3.4 -0.0682306
18.4 3.6 -0.0499637
18.4 3.8 -0.0219468
18.4 4 -0.000508911
18.4 4.2 0.00796943
18.4 4.4 0.00703297
18.4 4.6 3.8479e-05
18.4 4.8 -0.0114813
18.4 5 -0.0270542
18.4 5.2 -0.0433348
18.4 5.4 -0.0482916
18.4 5.6 -0.0312368
18.4 5.8 0.00642335
18.4 6 0.044976
18.4 6.2 0.0531356
18.4 6.4 0.00997555
18.4 6.6 -0.0763289
18.4 6.8 -0.15593
18.4 7 -0.0108801
18.4 7.2 0
18.4 7.4 0
18.4 7.6 0
18.4 7.8 0
18.4 8 0
18.4 8.2 0
18.4 8.4 0

18.6 0 0
18.6 0.2 -0.0098733
18.6 0.4 -0.0724911
18.6 0.6 -0.0159769
18.6 0.8 0.0557421
18.6 1 0.103462
18.6 1.2 0.10687
18.6 1.4 0.0791282
18.6 1.6 0.0517032
18.6 1.8 0.0512132
18.6 2 0.0790031
18.6 2.2 0.110031
18.6 2.4 0.112017
18.6 2.6 0.0691814
18.6 2.8 -0.00764356
18.6 3 -0.0848328
18.6 3.2 -0.131243
18.6 3.4 -0.133266
18.6 3.6 -0.101125
18.6 3.8 -0.0573007
18.6 4 -0.0210646
18.6 4.2 0.00281965
18.6 4.4 0.0190457
18.6 4.6 0.0345964
18.6 4.8 0.0485086
18.6 5 0.0575364
18.6 5.2 0.0585466
18.6 5.4 0.0583624
18.6 5.6 0.0651275
18.6 5.8 0.0809161
18.6 6 0.0914075
18.6 6.2 0.0698482
18.6 6.4 -0.00580992
18.6 6.6 -0.136389
18.6 6.8 -0.277308
18.6 7 -0.0382593
18.6 7.2 0
18.6 7.4 0
18.6 7.6 0
18.6 7.8 0
18.6 8 0
18.6 8.2 0
18.6 8.4 0

18.8 0 0
18.8 0.2 -0.0195125
18.8 0.4 -0.143176
18.8 0.6 -0.0825418
18.8 0.8 -0.00743187
18.8 1 0.044416
18.8 1.2 0.0566248
18.8 1.4 0.0416534
18.8 1.6 0.0288336
18.8 1.8 0.0409172
18.8 2 0.0738509
18.8 2.2 0.101744
18.8 2.4 0.0933397
18.8 2.6 0.0386585
18.8 2.8 -0.0445449
18.8 3 -0.118767
18.8 3.2 -0.15433
18.8 3.4 -0.143358
18.8 3.6 -0.103468
18.8 3.8 -0.0618387
18.8 4 -0.0332912
18.8 4.2 -0.0164202
18.8 4.4 0.00389283
18.8 4.6 0.0374631
18.8 4.8 0.0809667
18.8 5 0.119037
18.8 5.2 0.138082
18.8 5.4 0.136346
18.8 5.6 0.124194
18.8 5.8 0.11338
18.8 6 0.105222
18.8 6.2 0.0849548
18.8 6.4 0.0296332
18.8 6.6 -0.0910973
18.8 6.8 -0.0507258
18.8 7 0
18.8 7.2 0
18.8 7.4 0
18.8 7.6 0
18.8 7.8 0
18.8 8 0
18.8 8.2 0
18.8 8.4 0

19 0 0
19 0.2 -0.021492
19 0.4 -0.157202
19 0.6 -0.102967
19 0.8 -0.0391508
19 1 0.000913494
19 1.2 0.00532437
19 1.4 -0.0110063
19 1.6 -0.0183398
19 1.8 0.00220623
19 2 0.0435087
19 2.2 0.0758854
19 2.4 0.0698503
19 2.6 0.0197939
19 2.8 -0.0515309
19 3 -0.107028
19 3.2 -0.121191
19 3.4 -0.0961022
19 3.6 -0.057666
19 3.8 -0.0354272
19 4 -0.0379561
19 4.2 -0.0498595
19 4.4 -0.0440775
19 4.6 -0.00365507
19 4.8 0.0627888
19 5 0.125852
19 5.2 0.157403
19 5.4 0.147091
19 5.6 0.109019
19 5.8 0.0703504
19 6 0.0529038
19 6.2 0.0633179
19 6.4 0.0942851
19 6.6 0.000692085
19 6.8 0
19 7 0
19 7.2 0
19 7.4 0
19 7.6 0
19 7.8 0
19 8 0
19 8.2 0
19 8.4 0

19.2 0 0
19.2 0.2 -0.0180504
19.2 0.4 -0.130928
19.2 0.6 -0.0878889
19.2 0.8 -0.0423457
19.2 1 -0.0227967
19.2 1.2 -0.0362066
19.2 1.4 -0.0634695
19.2 1.6 -0.0731302
19.2 1.8 -0.0474084
19.2 2 0.00262003
19.2 2.2 0.0450675
19.2 2.4 0.0502297
19.2 2.6 0.014236
19.2 2.8 -0.0374549
19.2 3 -0.0682286
19.2 3.2 -0.0585845
19.2 3.4 -0.0205906
19.2 3.6 0.0112623
19.2 3.8 0.0058945
19.2 4 -0.0375709
19.2 4.2 -0.089807
19.2 4.4 -0.108531
19.2 4.6 -0.0714836
19.2 4.8 0.00876529
19.2 5 0.0895884
19.2 5.2 0.126909
19.2 5.4 0.103338
19.2 5.6 0.0360603
19.2 5.8 -0.0342598
19.2 6 -0.0682768
19.2 6.2 -0.039945
19.2 6.4 0.0843021
19.2 6.6 0.0118094
19.2 6.8 0
19.2 7 0
19.2 7.2 0
19.2 7.4 0
19.2 7.6 0
19.2 7.8 0
19.2 8 0
19.2 8.2 0
19.2 8.4 0

19.4 0 0
19.4 0.2 -0.0148248
19.4 0.4 -0.106276
19.4 0.6 -0.0702587
19.4 0.8 -0.0369229
19.4 1 -0.0328657
19.4 1.2 -0.0622124
19.4 1.4 -0.101195
19.4 1.6 -0.115401
19.4 1.8 -0.0864631
19.4 2 -0.0276428
19.4 2.2 0.0253492
19.4 2.4 0.0408918
19.4 2.6 0.0156181
19.4 2.8 -0.022636
19.4 3 -0.0367655
19.4 3.2 -0.0102411
19.4 3.4 0.0374783
19.4 3.6 0.0647031
19.4 3.8 0.0386369
19.4 4 -0.0376193
19.4 4.2 -0.122198
19.4 4.4 -0.161988
19.4 4.6 -0.128475
19.4 4.8 -0.0387859
19.4 5 0.0542243
19.4 5.2 0.0946776
19.4 5.4 0.0585391
19.4 5.6 -0.0339677
19.4 5.8 -0.13505
19.4 6 -0.201482
19.4 6.2 -0.225051
19.4 6.4 -0.0193328
19.4 6.6 0
19.4 6.8 0
19.4 7 0
19.4 7.2 0
19.4 7.4 0
19.4 7.6 0
19.4 7.8 0
19.4 8 0
19.4 8.2 0
19.4 8.4 0

19.6 0 0
19.6 0.2 0
19.6 0.4 -0.0148248
19.6 0.6 -0.00978995
19.6 0.8 -0.00514144
19.6 1 -0.00455379
19.6 1.2 -0.00866055
19.6 1.4 -0.0140971
19.6 1.6 -0.0161073
19.6 1.8 -0.0121317
19.6 2 -0.00396323
19.6 2.2 0.00340317
19.6 2.4 0.00559853
19.6 2.6 0.0021062
19.6 2.8 -0.0031716
19.6 3 -0.00513259
19.6 3.2 -0.00142828
19.6 3.4 0.00522233
19.6 3.6 0.00900204
19.6 3.8 0.00543788
19.6 4 -0.00515356
19.6 4.2 -0.0168478
19.6 4.4 -0.0223658
19.6 4.6 -0.0177047
19.6 4.8 -0.00530984
19.6 5 0.00752993
19.6 5.2 0.013078
19.6 5.4 0.00798787
19.6 5.6 -0.00485322
19.6 5.8 -0.018828
19.6 6 -0.027961
19.6 6.2 -0.0311422
19.6 6.4 0
19.6 6.6 0
19.6 6.8 0
19.6 7 0
19.6 7.2 0
19.6 7.4 0
19.6 7.6 0
19.6 7.8 0
19.6 8 0
19.6 8.2 0
19.6 8.4 0

19.8 0 0
19.8 0.2 0
19.8 0.4 0
19.8 0.6 0
19.8 0.8 0
19.8 1 0
19.8 1.2 0
19.8 1.4 0
19.8 1.6 0
19.8 1.8 0
19.8 2 0
19.8 2.2 0
19.8 2.4 0
19.8 2.6 0
19.8 2.8 0
19.8 3 0
19.8 3.2 0
19.8 3.4 0
19.8 3.6 0
19.8 3.8 0
19.8 4 0
19.8 4.2 0
19.8 4.4 0
19.8 4.6 0
19.8 4.8 0
19.8 5 0
19.8 5.2 0
19.8 5.4 0
19.8 5.6 0
19.8 5.8 0
19.8 6 0
19.8 6.2 0
19.8 6.4 0
19.8 6.6 0
19.8 6.8 0
19.8 7 0
19.8 7.2 0
19.8 7.4 0
19.8 7.6 0
19.8 7.8 0
19.8 8 0
19.8 8.2 0
19.8 8.4 0

