0 0 0
0 1 0
0 2 0
0 3 0
0 4 0
0 5 0
0 6 0
0 7 0
0 8 0
0 9 0
0 10 0
0 11 0
0 12 0
0 13 0
0 14 0
0 15 0
0 16 0
0 17 0
0 18 0
0 19 0
0 20 0
0 21 0
0 22 0
0 23 0
0 24 0
0 25 0
0 26 0
0 27 0
0 28 0
0 29 0
0 30 0
0 31 0
0 32 0
0 33 0
0 34 0
0 35 0
0 36 0
0 37 0
0 38 0
0 39 0

1 0 0
1 1 0
1 2 -0.0275591
1 3 -0.027434
1 4 -0.0274574
1 5 -0.0274217
1 6 -0.0275994
1 7 -0.0278829
1 8 -0.0280529
1 9 -0.028437
1 10 -0.0289715
1 11 -0.0293701
1 12 -0.0299259
1 13 -0.0304122
1 14 -0.0309543
1 15 -0.0316669
1 16 -0.0325015
1 17 -0.033121
1 18 -0.0339308
1 19 -0.0346914
1 20 -0.035512
1 21 -0.0362221
1 22 -0.0368077
1 23 -0.0373671
1 24 -0.0378984
1 25 -0.0382373
1 26 -0.0384135
1 27 0
1 28 0
1 29 0
1 30 0
1 31 0
1 32 0
1 33 0
1 34 0
1 35 0
1 36 0
1 37 0
1 38 0
1 39 0

2 0 0
2 1 -0.0275591
2 2 -0.221314
2 3 -0.220693
2 4 -0.220521
2 5 -0.22071
2 6 -0.221871
2 7 -0.223702
2 8 -0.225718
2 9 -0.228704
2 10 -0.232587
2 11 -0.23623
2 12 -0.240269
2 13 -0.244328
2 14 -0.248996
2 15 -0.254577
2 16 -0.260665
2 17 -0.266528
2 18 -0.272553
2 19 -0.278954
2 20 -0.285101
2 21 -0.290904
2 22 -0.295876
2 23 -0.300146
2 24 -0.304125
2 25 -0.306904
2 26 -0.308599
2 27 -0.0384135
2 28 0
2 29 0
2 30 0
2 31 0
2 32 0
2 33 0
2 34 0
2 35 0
2 36 0
2 37 0
2 38 0
2 39 0

3 0 0
3 1 -0.0272162
3 2 -0.218798
3 3 -0.218611
3 4 -0.218184
3 5 -0.219149
3 6 -0.219883
3 7 -0.220998
3 8 -0.223855
3 9 -0.2267
3 10 -0.22975
3 11 -0.233863
3 12 -0.237519
3 13 -0.242066
3 14 -0.247247
3 15 -0.252433
3 16 -0.257591
3 17 -0.264298
3 18 -0.270219
3 19 -0.276482
3 20 -0.282301
3 21 -0.287831
3 22 -0.292791
3 23 -0.297205
3 24 -0.300133
3 25 -0.302947
3 26 -0.305069
3 27 -0.0379891
3 28 0
3 29 0
3 30 0
3 31 0
3 32 0
3 33 0
3 34 0
3 35 0
3 36 0
3 37 0
3 38 0
3 39 0

4 0 0
4 1 -0.0266526
4 2 -0.21419
4 3 -0.21434
4 4 -0.214705
4 5 -0.215359
4 6 -0.216627
4 7 -0.218084
4 8 -0.220158
4 9 -0.222655
4 10 -0.225221
4 11 -0.229421
4 12 -0.23371
4 13 -0.238817
4 14 -0.243846
4 15 -0.248856
4 16 -0.253995
4 17 -0.260488
4 18 -0.266145
4 19 -0.271239
4 20 -0.277588
4 21 -0.282627
4 22 -0.287863
4 23 -0.292355
4 24 -0.294301
4 25 -0.297279
4 26 -0.298872
4 27 -0.0371674
4 28 0
4 29 0
4 30 0
4 31 0
4 32 0
4 33 0
4 34 0
4 35 0
4 36 0
4 37 0
4 38 0
4 39 0

5 0 0
5 1 -0.025884
5 2 -0.208201
5 3 -0.208557
5 4 -0.208747
5 5 -0.209822
5 6 -0.210598
5 7 -0.21188
5 8 -0.21426
5 9 -0.21712
5 10 -0.220204
5 11 -0.224272
5 12 -0.228039
5 13 -0.232566
5 14 -0.23857
5 15 -0.244274
5 16 -0.249158
5 17 -0.254958
5 18 -0.260402
5 19 -0.26686
5 20 -0.271219
5 21 -0.275864
5 22 -0.280819
5 23 -0.283807
5 24 -0.287674
5 25 -0.28985
5 26 -0.291053
5 27 -0.0362547
5 28 0
5 29 0
5 30 0
5 31 0
5 32 0
5 33 0
5 34 0
5 35 0
5 36 0
5 37 0
5 38 0
5 39 0

6 0 0
6 1 -0.0249999
6 2 -0.200833
6 3 -0.201009
6 4 -0.201376
6 5 -0.202226
6 6 -0.20319
6 7 -0.204977
6 8 -0.207671
6 9 -0.210094
6 10 -0.213262
6 11 -0.216689
6 12 -0.221477
6 13 -0.226517
6 14 -0.231852
6 15 -0.237334
6 16 -0.242856
6 17 -0.248767
6 18 -0.254516
6 19 -0.259049
6 20 -0.263671
6 21 -0.267734
6 22 -0.271869
6 23 -0.275228
6 24 -0.278135
6 25 -0.280078
6 26 -0.281088
6 27 -0.0349285
6 28 0
6 29 0
6 30 0
6 31 0
6 32 0
6 33 0
6 34 0
6 35 0
6 36 0
6 37 0
6 38 0
6 39 0

7 0 0
7 1 -0.0238562
7 2 -0.191693
7 3 -0.192084
7 4 -0.192498
7 5 -0.193409
7 6 -0.194556
7 7 -0.195867
7 8 -0.198819
7 9 -0.201521
7 10 -0.204888
7 11 -0.209002
7 12 -0.213124
7 13 -0.218644
7 14 -0.224011
7 15 -0.229335
7 16 -0.234967
7 17 -0.240875
7 18 -0.245168
7 19 -0.250227
7 20 -0.254693
7 21 -0.2591
7 22 -0.262696
7 23 -0.264591
7 24 -0.267269
7 25 -0.26891
7 26 -0.27018
7 27 -0.0336446
7 28 0
7 29 0
7 30 0
7 31 0
7 32 0
7 33 0
7 34 0
7 35 0
7 36 0
7 37 0
7 38 0
7 39 0

8 0 0
8 1 -0.0225138
8 2 -0.180796
8 3 -0.180891
8 4 -0.182086
8 5 -0.183119
8 6 -0.184621
8 7 -0.186574
8 8 -0.188282
8 9 -0.190702
8 10 -0.194951
8 11 -0.198788
8 12 -0.203647
8 13 -0.209086
8 14 -0.214326
8 15 -0.220344
8 16 -0.226207
8 17 -0.23091
8 18 -0.235616
8 19 -0.24011
8 20 -0.244173
8 21 -0.248376
8 22 -0.25133
8 23 -0.253662
8 24 -0.256337
8 25 -0.25679
8 26 -0.257574
8 27 -0.0320742
8 28 0
8 29 0
8 30 0
8 31 0
8 32 0
8 33 0
8 34 0
8 35 0
8 36 0
8 37 0
8 38 0
8 39 0

9 0 0
9 1 -0.0209144
9 2 -0.168263
9 3 -0.168958
9 4 -0.170087
9 5 -0.170818
9 6 -0.172615
9 7 -0.174362
9 8 -0.177281
9 9 -0.180129
9 10 -0.183745
9 11 -0.188643
9 12 -0.193757
9 13 -0.199141
9 14 -0.204065
9 15 -0.209387
9 16 -0.215311
9 17 -0.220609
9 18 -0.224981
9 19 -0.22937
9 20 -0.232842
9 21 -0.236696
9 22 -0.239299
9 23 -0.241266
9 24 -0.241847
9 25 -0.242693
9 26 -0.243531
9 27 -0.0303155
9 28 0
9 29 0
9 30 0
9 31 0
9 32 0
9 33 0
9 34 0
9 35 0
9 36 0
9 37 0
9 38 0
9 39 0

10 0 0
10 1 -0.0193053
10 2 -0.154942
10 3 -0.155375
10 4 -0.156455
10 5 -0.157857
10 6 -0.159986
10 7 -0.162245
10 8 -0.164796
10 9 -0.168817
10 10 -0.172475
10 11 -0.177572
10 12 -0.182523
10 13 -0.187876
10 14 -0.192337
10 15 -0.198567
10 16 -0.203641
10 17 -0.208629
10 18 -0.213658
10 19 -0.217943
10 20 -0.22144
10 21 -0.224453
10 22 -0.226316
10 23 -0.227093
10 24 -0.228034
10 25 -0.228091
10 26 -0.227866
10 27 -0.0283487
10 28 0
10 29 0
10 30 0
10 31 0
10 32 0
10 33 0
10 34 0
10 35 0
10 36 0
10 37 0
10 38 0
10 39 0

11 0 0
11 1 -0.017497
11 2 -0.140871
11 3 -0.141882
11 4 -0.14236
11 5 -0.144095
11 6 -0.146163
11 7 -0.149081
11 8 -0.15157
11 9 -0.155332
11 10 -0.159724
11 11 -0.164642
11 12 -0.170279
11 13 -0.175528
11 14 -0.181718
11 15 -0.187214
11 16 -0.192402
11 17 -0.197192
11 18 -0.200975
11 19 -0.205136
11 20 -0.208809
11 21 -0.211217
11 22 -0.212365
11 23 -0.212692
11 24 -0.212368
11 25 -0.211471
11 26 -0.210519
11 27 -0.0261592
11 28 0
11 29 0
11 30 0
11 31 0
11 32 0
11 33 0
11 34 0
11 35 0
11 36 0
11 37 0
11 38 0
11 39 0

12 0 0
12 1 -0.0157046
12 2 -0.126303
12 3 -0.127255
12 4 -0.128089
12 5 -0.129845
12 6 -0.132123
12 7 -0.134781
12 8 -0.138447
12 9 -0.142318
12 10 -0.147135
12 11 -0.152746
12 12 -0.157658
12 13 -0.16364
12 14 -0.169141
12 15 -0.175012
12 16 -0.180501
12 17 -0.18479
12 18 -0.188935
12 19 -0.192643
12 20 -0.195679
12 21 -0.197707
12 22 -0.198395
12 23 -0.198588
12 24 -0.197493
12 25 -0.195504
12 26 -0.192286
12 27 -0.0429879
12 28 -0.0176674
12 29 -0.016604
12 30 -0.0156542
12 31 -0.0150911
12 32 -0.0147794
12 33 0
12 34 0
12 35 0
12 36 0
12 37 0
12 38 0
12 39 0

13 0 0
13 1 -0.0138234
13 2 -0.111189
13 3 -0.11211
13 4 -0.113265
13 5 -0.115396
13 6 -0.116894
13 7 -0.120752
13 8 -0.124229
13 9 -0.129175
13 10 -0.133676
13 11 -0.138605
13 12 -0.144326
13 13 -0.150136
13 14 -0.15707
13 15 -0.162251
13 16 -0.166841
13 17 -0.17172
13 18 -0.17592
13 19 -0.180416
13 20 -0.182392
13 21 -0.184441
13 22 -0.18461
13 23 -0.183906
13 24 -0.1822
13 25 -0.178381
13 26 -0.170564
13 27 -0.153135
13 28 -0.141811
13 29 -0.133321
13 30 -0.126005
13 31 -0.12146
13 32 -0.118769
13 33 -0.0285569
13 34 -0.013581
13 35 0
13 36 0
13 37 0
13 38 0
13 39 0

14 0 0
14 1 -0.0119323
14 2 -0.0957635
14 3 -0.0964368
14 4 -0.0976899
14 5 -0.100293
14 6 -0.10319
14 7 -0.106486
14 8 -0.110845
14 9 -0.115342
14 10 -0.12013
14 11 -0.125395
14 12 -0.131064
14 13 -0.136678
14 14 -0.143634
14 15 -0.148827
14 16 -0.154331
14 17 -0.159436
14 18 -0.16376
14 19 -0.166634
14 20 -0.168597
14 21 -0.170704
14 22 -0.171419
14 23 -0.171067
14 24 -0.168642
14 25 -0.164959
14 26 -0.157777
14 27 -0.147231
14 28 -0.138212
14 29 -0.131254
14 30 -0.12452
14 31 -0.119294
14 32 -0.115335
14 33 -0.110915
14 34 -0.109113
14 35 -0.0268638
14 36 0
14 37 0
14 38 0
14 39 0

15 0 0
15 1 -0.0100023
15 2 -0.0805227
15 3 -0.0815146
15 4 -0.083224
15 5 -0.0852325
15 6 -0.0884298
15 7 -0.0916674
15 8 -0.0962431
15 9 -0.101211
15 10 -0.106682
15 11 -0.111499
15 12 -0.117608
15 13 -0.122985
15 14 -0.129506
15 15 -0.135461
15 16 -0.141376
15 17 -0.146431
15 18 -0.150414
15 19 -0.153966
15 20 -0.156447
15 21 -0.157992
15 22 -0.158305
15 23 -0.157814
15 24 -0.155855
15 25 -0.152773
15 26 -0.147524
15 27 -0.139812
15 28 -0.132708
15 29 -0.127167
15 30 -0.12199
15 31 -0.116999
15 32 -0.113071
15 33 -0.109695
15 34 -0.107341
15 35 -0.106643
15 36 -0.0261788
15 37 0
15 38 0
15 39 0

16 0 0
16 1 -0.00827958
16 2 -0.0661109
16 3 -0.0664798
16 4 -0.0686272
16 5 -0.070772
16 6 -0.0736693
16 7 -0.0774536
16 8 -0.0813672
16 9 -0.0871193
16 10 -0.0928414
16 11 -0.098137
16 12 -0.104232
16 13 -0.110434
16 14 -0.116724
16 15 -0.122748
16 16 -0.128394
16 17 -0.133689
16 18 -0.138417
16 19 -0.141918
16 20 -0.144695
16 21 -0.145749
16 22 -0.14639
16 23 -0.146446
16 24 -0.144534
16 25 -0.141428
16 26 -0.137494
16 27 -0.132929
16 28 -0.127537
16 29 -0.123227
16 30 -0.119003
16 31 -0.115077
16 32 -0.110785
16 33 -0.108218
16 34 -0.1066
16 35 -0.105508
16 36 -0.103778
16 37 -0.0257507
16 38 0
16 39 0

17 0 0
17 1 -0.00648385
17 2 -0.0522834
17 3 -0.0531128
17 4 -0.0544719
17 5 -0.056911
17 6 -0.0595492
17 7 -0.0640501
17 8 -0.0682992
17 9 -0.0738942
17 10 -0.0796226
17 11 -0.0853111
17 12 -0.0911023
17 13 -0.0976561
17 14 -0.104418
17 15 -0.110719
17 16 -0.116778
17 17 -0.122181
17 18 -0.126973
17 19 -0.130446
17 20 -0.133863
17 21 -0.136131
17 22 -0.136607
17 23 -0.136587
17 24 -0.135368
17 25 -0.134111
17 26 -0.130394
17 27 -0.12659
17 28 -0.122472
17 29 -0.118568
17 30 -0.115145
17 31 -0.112171
17 32 -0.109445
17 33 -0.107356
17 34 -0.105611
17 35 -0.105106
17 36 -0.10338
17 37 -0.103345
17 38 -0.0128546
17 39 0

18 0 0
18 1 -0.00483942
18 2 -0.0390672
18 3 -0.0403838
18 4 -0.0413102
18 5 -0.0435044
18 6 -0.0474438
18 7 -0.051952
18 8 -0.0563336
18 9 -0.0612227
18 10 -0.0661858
18 11 -0.0733128
18 12 -0.0796583
18 13 -0.0858171
18 14 -0.0927501
18 15 -0.099406
18 16 -0.105642
18 17 -0.111641
18 18 -0.116765
18 19 -0.120684
18 20 -0.124074
18 21 -0.126008
18 22 -0.127624
18 23 -0.127835
18 24 -0.127271
18 25 -0.126674
18 26 -0.12359
18 27 -0.121277
18 28 -0.117947
18 29 -0.115022
18 30 -0.11162
18 31 -0.109145
18 32 -0.107668
18 33 -0.105738
18 34 -0.104478
18 35 -0.103348
18 36 -0.103375
18 37 -0.103722
18 38 -0.0129202
18 39 0

19 0 0
19 1 -0.00332747
19 2 -0.0269883
19 3 -0.0282867
19 4 -0.0293625
19 5 -0.0321981
19 6 -0.0352781
19 7 -0.0401044
19 8 -0.0446979
19 9 -0.0495419
19 10 -0.0551693
19 11 -0.061704
19 12 -0.068228
19 13 -0.0748318
19 14 -0.0823607
19 15 -0.0894585
19 16 -0.0954926
19 17 -0.102033
19 18 -0.106889
19 19 -0.111709
19 20 -0.114992
19 21 -0.11821
19 22 -0.119586
19 23 -0.120226
19 24 -0.120053
19 25 -0.119047
19 26 -0.117513
19 27 -0.115699
19 28 -0.113554
19 29 -0.111409
19 30 -0.109291
19 31 -0.107172
19 32 -0.105999
19 33 -0.104627
19 34 -0.103032
19 35 -0.102712
19 36 -0.102422
19 37 -0.102848
19 38 -0.0128509
19 39 0

20 0 0
20 1 -0.00204096
20 2 -0.0163047
20 3 -0.0171156
20 4 -0.0187322
20 5 -0.0214666
20 6 -0.0248746
20 7 -0.0291233
20 8 -0.0336221
20 9 -0.0387181
20 10 -0.0450904
20 11 -0.0514811
20 12 -0.0583182
20 13 -0.0665859
20 14 -0.0735799
20 15 -0.08002
20 16 -0.0872498
20 17 -0.0939984
20 18 -0.099418
20 19 -0.104314
20 20 -0.1078
20 21 -0.110435
20 22 -0.112634
20 23 -0.112922
20 24 -0.113588
20 25 -0.112908
20 26 -0.111974
20 27 -0.111719
20 28 -0.110045
20 29 -0.108703
20 30 -0.107181
20 31 -0.105478
20 32 -0.104603
20 33 -0.103543
20 34 -0.102724
20 35 -0.10193
20 36 -0.101816
20 37 -0.102312
20 38 -0.0127793
20 39 0

21 0 0
21 1 -0.000914086
21 2 -0.00690816
21 3 -0.00719678
21 4 -0.00915511
21 5 -0.0118803
21 6 -0.0160734
21 7 -0.0196021
21 8 -0.0250788
21 9 -0.0304244
21 10 -0.037042
21 11 -0.0429487
21 12 -0.0501745
21 13 -0.058108
21 14 -0.0650615
21 15 -0.0718182
21 16 -0.0802586
21 17 -0.087005
21 18 -0.0936527
21 19 -0.0983332
21 20 -0.102235
21 21 -0.104101
21 22 -0.106697
21 23 -0.107273
21 24 -0.108299
21 25 -0.107798
21 26 -0.107543
21 27 -0.107078
21 28 -0.106462
21 29 -0.106187
21 30 -0.104718
21 31 -0.103546
21 32 -0.103704
21 33 -0.102992
21 34 -0.10215
21 35 -0.102371
21 36 -0.100778
21 37 -0.100963
21 38 -0.0125987
21 39 0

22 0 0
22 1 0.000131206
22 2 0.00104539
22 3 0.000529654
22 4 -0.000703278
22 5 -0.00396654
22 6 -0.00827664
22 7 -0.0121045
22 8 -0.0167396
22 9 -0.0233058
22 10 -0.0299836
22 11 -0.036885
22 12 -0.0443601
22 13 -0.0516005
22 14 -0.0583335
22 15 -0.0662472
22 16 -0.0737108
22 17 -0.0813192
22 18 -0.0882642
22 19 -0.092742
22 20 -0.0966049
22 21 -0.0995632
22 22 -0.10223
22 23 -0.103765
22 24 -0.104828
22 25 -0.104876
22 26 -0.104546
22 27 -0.104009
22 28 -0.10384
22 29 -0.103708
22 30 -0.103489
22 31 -0.102397
22 32 -0.103139
22 33 -0.102682
22 34 -0.101948
22 35 -0.101203
22 36 -0.100802
22 37 -0.100705
22 38 -0.0125053
22 39 0

23 0 0
23 1 0.000971884
23 2 0.00791399
23 3 0.00671364
23 4 0.00493757
23 5 0.00171988
23 6 -0.00304569
23 7 -0.00714532
23 8 -0.0127121
23 9 -0.0190155
23 10 -0.0248346
23 11 -0.0319407
23 12 -0.0390722
23 13 -0.0467768
23 14 -0.0539179
23 15 -0.0614111
23 16 -0.0684561
23 17 -0.0769049
23 18 -0.0835294
23 19 -0.0886223
23 20 -0.0929195
23 21 -0.0964289
23 22 -0.0988688
23 23 -0.100718
23 24 -0.101777
23 25 -0.103132
23 26 -0.102565
23 27 -0.102159
23 28 -0.101886
23 29 -0.102381
23 30 -0.101987
23 31 -0.101978
23 32 -0.102673
23 33 -0.102183
23 34 -0.101578
23 35 -0.101653
23 36 -0.100847
23 37 -0.100919
23 38 -0.0125804
23 39 0

24 0 0
24 1 0.00153371
24 2 0.0123051
24 3 0.0111425
24 4 0.00845663
24 5 0.00518888
24 6 0.00124924
24 7 -0.00343979
24 8 -0.00935897
24 9 -0.0158489
24 10 -0.021636
24 11 -0.0285705
24 12 -0.0360861
24 13 -0.0433241
24 14 -0.0503491
24 15 -0.0580129
24 16 -0.0662763
24 17 -0.0745096
24 18 -0.080871
24 19 -0.0855659
24 20 -0.0902691
24 21 -0.0935874
24 22 -0.0956187
24 23 -0.0977319
24 24 -0.10038
24 25 -0.101297
24 26 -0.100949
24 27 -0.101387
24 28 -0.10132
24 29 -0.10234
24 30 -0.102436
24 31 -0.102415
24 32 -0.102738
24 33 -0.102004
24 34 -0.100979
24 35 -0.101063
24 36 -0.100993
24 37 -0.101215
24 38 -0.0125801
24 39 0

25 0 0
25 1 0.00179162
25 2 0.0146069
25 3 0.0136597
25 4 0.0106764
25 5 0.0076956
25 6 0.00368546
25 7 -0.00214351
25 8 -0.00811946
25 9 -0.0144869
25 10 -0.0209301
25 11 -0.0279049
25 12 -0.0351803
25 13 -0.0427116
25 14 -0.0498144
25 15 -0.0571026
25 16 -0.0653253
25 17 -0.0722403
25 18 -0.0786066
25 19 -0.084364
25 20 -0.0889391
25 21 -0.0922983
25 22 -0.0953173
25 23 -0.0975921
25 24 -0.0990813
25 25 -0.100064
25 26 -0.100745
25 27 -0.100198
25 28 -0.101126
25 29 -0.101997
25 30 -0.102301
25 31 -0.102493
25 32 -0.103385
25 33 -0.103317
25 34 -0.102106
25 35 -0.101173
25 36 -0.100742
25 37 -0.101654
25 38 -0.0127059
25 39 0

26 0 0
26 1 0.00185354
26 2 0.0150661
26 3 0.0139548
26 4 0.0113081
26 5 0.00756342
26 6 0.00209865
26 7 -0.00255947
26 8 -0.00831543
26 9 -0.0149394
26 10 -0.0208836
26 11 -0.028396
26 12 -0.0354979
26 13 -0.0425125
26 14 -0.049859
26 15 -0.0573104
26 16 -0.0650949
26 17 -0.073104
26 18 -0.0795324
26 19 -0.0844003
26 20 -0.0889906
26 21 -0.0923935
26 22 -0.0956579
26 23 -0.0974069
26 24 -0.0992194
26 25 -0.100314
26 26 -0.100572
26 27 -0.101018
26 28 -0.101661
26 29 -0.103264
26 30 -0.103682
26 31 -0.103597
26 32 -0.103998
26 33 -0.103579
26 34 -0.103376
26 35 -0.102127
26 36 -0.102793
26 37 -0.102916
26 38 -0.0127444
26 39 0

27 0 0
27 1 0.00164832
27 2 0.0132653
27 3 0.0119294
27 4 0.00880023
27 5 0.00530314
27 6 3.92961e-06
27 7 -0.00511785
27 8 -0.0105697
27 9 -0.0172685
27 10 -0.0234057
27 11 -0.0305096
27 12 -0.0375298
27 13 -0.0450264
27 14 -0.0518705
27 15 -0.0592543
27 16 -0.067273
27 17 -0.0742838
27 18 -0.0808399
27 19 -0.0860755
27 20 -0.0904391
27 21 -0.09413
27 22 -0.0971478
27 23 -0.0986773
27 24 -0.100846
27 25 -0.101515
27 26 -0.101881
27 27 -0.102024
27 28 -0.103632
27 29 -0.103941
27 30 -0.10453
27 31 -0.104381
27 32 -0.105011
27 33 -0.105061
27 34 -0.104777
27 35 -0.104497
27 36 -0.103604
27 37 -0.104738
27 38 -0.0131033
27 39 0

28 0 0
28 1 0.0011486
28 2 0.00889874
28 3 0.00711783
28 4 0.0044458
28 5 0.000467916
28 6 -0.00469207
28 7 -0.00960827
28 8 -0.0146886
28 9 -0.0205195
28 10 -0.0266475
28 11 -0.0340156
28 12 -0.04156
28 13 -0.0479446
28 14 -0.054832
28 15 -0.0629085
28 16 -0.0709749
28 17 -0.0780611
28 18 -0.084201
28 19 -0.0895975
28 20 -0.0930412
28 21 -0.0966559
28 22 -0.099823
28 23 -0.101002
28 24 -0.103065
28 25 -0.103784
28 26 -0.104262
28 27 -0.104824
28 28 -0.105244
28 29 -0.105872
28 30 -0.106739
28 31 -0.106183
28 32 -0.106154
28 33 -0.106525
28 34 -0.106248
28 35 -0.105446
28 36 -0.104794
28 37 -0.106627
28 38 -0.0133554
28 39 0

29 0 0
29 1 0.000355588
29 2 0.00244411
29 3 0.00019309
29 4 -0.00255652
29 5 -0.00607555
29 6 -0.0102915
29 7 -0.0153977
29 8 -0.0210112
29 9 -0.0256632
29 10 -0.0318516
29 11 -0.0391782
29 12 -0.046424
29 13 -0.0536431
29 14 -0.0604579
29 15 -0.0684824
29 16 -0.0754081
29 17 -0.0822114
29 18 -0.0891023
29 19 -0.0940824
29 20 -0.0972544
29 21 -0.101023
29 22 -0.103444
29 23 -0.105878
29 24 -0.106897
29 25 -0.107512
29 26 -0.10814
29 27 -0.108122
29 28 -0.108915
29 29 -0.109156
29 30 -0.109231
29 31 -0.108118
29 32 -0.109075
29 33 -0.108527
29 34 -0.108418
29 35 -0.108524
29 36 -0.107392
29 37 -0.107698
29 38 -0.0134076
29 39 0

30 0 0
30 1 -0.000825023
30 2 -0.00635813
30 3 -0.00733188
30 4 -0.00989791
30 5 -0.0135834
30 6 -0.0179253
30 7 -0.0224536
30 8 -0.0276496
30 9 -0.033169
30 10 -0.0394678
30 11 -0.0462374
30 12 -0.0534341
30 13 -0.0602797
30 14 -0.0669042
30 15 -0.0750244
30 16 -0.0820328
30 17 -0.0888895
30 18 -0.0947192
30 19 -0.0995564
30 20 -0.103491
30 21 -0.106555
30 22 -0.108681
30 23 -0.110523
30 24 -0.111662
30 25 -0.112281
30 26 -0.112287
30 27 -0.113104
30 28 -0.112948
30 29 -0.11264
30 30 -0.112456
30 31 -0.111836
30 32 -0.111988
30 33 -0.111445
30 34 -0.110476
30 35 -0.109709
30 36 -0.109999
30 37 -0.109862
30 38 -0.0136232
30 39 0

31 0 0
31 1 -0.00197628
31 2 -0.0159361
31 3 -0.0170081
31 4 -0.0199949
31 5 -0.0225491
31 6 -0.0265537
31 7 -0.0307489
31 8 -0.0363212
31 9 -0.0414066
31 10 -0.0481156
31 11 -0.0541429
31 12 -0.0616663
31 13 -0.0683266
31 14 -0.0756049
31 15 -0.0822074
31 16 -0.0888683
31 17 -0.0962072
31 18 -0.101717
31 19 -0.106447
31 20 -0.110168
31 21 -0.113479
31 22 -0.115681
31 23 -0.116811
31 24 -0.117736
31 25 -0.118212
31 26 -0.11849
31 27 -0.118514
31 28 -0.117545
31 29 -0.116457
31 30 -0.115888
31 31 -0.1154
31 32 -0.114961
31 33 -0.114039
31 34 -0.11265
31 35 -0.112095
31 36 -0.110875
31 37 -0.111663
31 38 -0.0139681
31 39 0

32 0 0
32 1 -0.00335133
32 2 -0.0268099
32 3 -0.0278339
32 4 -0.031004
32 5 -0.0328879
32 6 -0.036337
32 7 -0.0410048
32 8 -0.0456828
32 9 -0.0507587
32 10 -0.0572254
32 11 -0.0635854
32 12 -0.0707214
32 13 -0.0778319
32 14 -0.0844578
32 15 -0.0916347
32 16 -0.0972405
32 17 -0.104039
32 18 -0.109915
32 19 -0.114242
32 20 -0.117728
32 21 -0.120746
32 22 -0.123817
32 23 -0.124186
32 24 -0.124752
32 25 -0.12465
32 26 -0.124507
32 27 -0.123375
32 28 -0.122095
32 29 -0.121166
32 30 -0.119454
32 31 -0.118051
32 32 -0.117091
32 33 -0.116212
32 34 -0.114993
32 35 -0.11347
32 36 -0.11298
32 37 -0.113316
32 38 -0.01411
32 39 0

33 0 0
33 1 -0.00487797
33 2 -0.0390991
33 3 -0.0398402
33 4 -0.041465
33 5 -0.0440868
33 6 -0.0474671
33 7 -0.0514987
33 8 -0.0562344
33 9 -0.0614733
33 10 -0.0676792
33 11 -0.0740408
33 12 -0.0807379
33 13 -0.0875736
33 14 -0.094304
33 15 -0.101034
33 16 -0.10743
33 17 -0.113987
33 18 -0.11879
33 19 -0.122908
33 20 -0.126316
33 21 -0.129633
33 22 -0.131478
33 23 -0.132617
33 24 -0.131759
33 25 -0.131756
33 26 -0.13092
33 27 -0.129509
33 28 -0.12761
33 29 -0.125683
33 30 -0.123029
33 31 -0.120765
33 32 -0.120118
33 33 -0.118754
33 34 -0.116859
33 35 -0.115834
33 36 -0.11445
33 37 -0.115099
33 38 -0.0143983
33 39 0

34 0 0
34 1 -0.00643262
34 2 -0.0518445
34 3 -0.0529084
34 4 -0.0539158
34 5 -0.0564033
34 6 -0.0601238
34 7 -0.0634867
34 8 -0.0681647
34 9 -0.0734441
34 10 -0.0789534
34 11 -0.0851648
34 12 -0.091958
34 13 -0.0984742
34 14 -0.10494
34 15 -0.111466
34 16 -0.117751
34 17 -0.124141
34 18 -0.128927
34 19 -0.132452
34 20 -0.135936
34 21 -0.138677
34 22 -0.140561
34 23 -0.14149
34 24 -0.140311
34 25 -0.139552
34 26 -0.137511
34 27 -0.1354
34 28 -0.13314
34 29 -0.129969
34 30 -0.126752
34 31 -0.124547
34 32 -0.122628
34 33 -0.120621
34 34 -0.119003
34 35 -0.117029
34 36 -0.116318
34 37 -0.116695
34 38 -0.0145267
34 39 0

35 0 0
35 1 -0.00821058
35 2 -0.0659952
35 3 -0.0663763
35 4 -0.067216
35 5 -0.0697425
35 6 -0.0735317
35 7 -0.0765691
35 8 -0.0810675
35 9 -0.0859685
35 10 -0.0915003
35 11 -0.097566
35 12 -0.103758
35 13 -0.109859
35 14 -0.116433
35 15 -0.122887
35 16 -0.129313
35 17 -0.13501
35 18 -0.139095
35 19 -0.143711
35 20 -0.146706
35 21 -0.148986
35 22 -0.149938
35 23 -0.15073
35 24 -0.149933
35 25 -0.148725
35 26 -0.14634
35 27 -0.142077
35 28 -0.138714
35 29 -0.135239
35 30 -0.131177
35 31 -0.128391
35 32 -0.125485
35 33 -0.123232
35 34 -0.120823
35 35 -0.118854
35 36 -0.117464
35 37 -0.117296
35 38 -0.0145989
35 39 0

36 0 0
36 1 -0.0101646
36 2 -0.0812102
36 3 -0.0806517
36 4 -0.0823552
36 5 -0.0848978
36 6 -0.0880241
36 7 -0.0915713
36 8 -0.0955125
36 9 -0.100475
36 10 -0.105275
36 11 -0.110705
36 12 -0.117122
36 13 -0.123108
36 14 -0.128749
36 15 -0.134824
36 16 -0.141399
36 17 -0.146453
36 18 -0.150413
36 19 -0.154548
36 20 -0.158105
36 21 -0.1606
36 22 -0.161409
36 23 -0.161596
36 24 -0.160317
36 25 -0.158084
36 26 -0.154228
36 27 -0.149116
36 28 -0.144096
36 29 -0.139733
36 30 -0.135057
36 31 -0.131223
36 32 -0.128211
36 33 -0.125216
36 34 -0.122884
36 35 -0.120861
36 36 -0.119285
36 37 -0.0294544
36 38 0
36 39 0

37 0 0
37 1 -0.0121041
37 2 -0.0971041
37 3 -0.0969436
37 4 -0.098285
37 5 -0.100398
37 6 -0.10318
37 7 -0.106238
37 8 -0.109938
37 9 -0.114566
37 10 -0.119408
37 11 -0.124706
37 12 -0.130441
37 13 -0.136555
37 14 -0.142041
37 15 -0.147645
37 16 -0.153763
37 17 -0.158776
37 18 -0.162809
37 19 -0.166181
37 20 -0.170047
37 21 -0.172188
37 22 -0.173164
37 23 -0.173243
37 24 -0.171905
37 25 -0.168057
37 26 -0.163349
37 27 -0.156283
37 28 -0.149836
37 29 -0.144174
37 30 -0.137865
37 31 -0.133529
37 32 -0.130362
37 33 -0.126658
37 34 -0.124132
37 35 -0.122051
37 36 -0.0300382
37 37 0
37 38 0
37 39 0

38 0 0
38 1 -0.0140684
38 2 -0.11316
38 3 -0.113661
38 4 -0.115162
38 5 -0.11662
38 6 -0.119019
38 7 -0.121336
38 8 -0.124799
38 9 -0.128461
38 10 -0.133297
38 11 -0.139091
38 12 -0.144193
38 13 -0.150358
38 14 -0.156122
38 15 -0.161195
38 16 -0.166189
38 17 -0.171052
38 18 -0.175431
38 19 -0.178815
38 20 -0.181981
38 21 -0.184325
38 22 -0.185233
38 23 -0.185748
38 24 -0.183956
38 25 -0.179995
38 26 -0.173251
38 27 -0.163235
38 28 -0.154726
38 29 -0.147635
38 30 -0.141569
38 31 -0.136503
38 32 -0.13278
38 33 -0.128512
38 34 -0.126565
38 35 -0.0309572
38 36 0
38 37 0
38 38 0
38 39 0

39 0 0
39 1 -0.0160934
39 2 -0.129295
39 3 -0.129789
39 4 -0.130928
39 5 -0.13241
39 6 -0.134303
39 7 -0.136603
39 8 -0.138921
39 9 -0.142839
39 10 -0.147712
39 11 -0.153108
39 12 -0.158435
39 13 -0.16377
39 14 -0.169168
39 15 -0.174409
39 16 -0.179258
39 17 -0.18447
39 18 -0.188156
39 19 -0.192102
39 20 -0.194938
39 21 -0.19751
39 22 -0.198351
39 23 -0.198989
39 24 -0.197044
39 25 -0.193565
39 26 -0.185607
39 27 -0.169933
39 28 -0.158801
39 29 -0.149954
39 30 -0.14387
39 31 -0.138899
39 32 -0.13616
39 33 -0.0329872
39 34 -0.0157745
39 35 0
39 36 0
39 37 0
39 38 0
39 39 0

40 0 0
40 1 -0.0180113
40 2 -0.144848
40 3 -0.14549
40 4 -0.146504
40 5 -0.14772
40 6 -0.149102
40 7 -0.150487
40 8 -0.153579
40 9 -0.157466
40 10 -0.162122
40 11 -0.167056
40 12 -0.171627
40 13 -0.17651
40 14 -0.181098
40 15 -0.186895
40 16 -0.191922
40 17 -0.196281
40 18 -0.200851
40 19 -0.204723
40 20 -0.20792
40 21 -0.210979
40 22 -0.212541
40 23 -0.213117
40 24 -0.2124
40 25 -0.211095
40 26 -0.207314
40 27 -0.0470084
40 28 -0.0198748
40 29 -0.01868
40 30 -0.0178886
40 31 -0.0172854
40 32 -0.0169545
40 33 0
40 34 0
40 35 0
40 36 0
40 37 0
40 38 0
40 39 0

41 0 0
41 1 -0.0198787
41 2 -0.159459
41 3 -0.159634
41 4 -0.160484
41 5 -0.161876
41 6 -0.163281
41 7 -0.164662
41 8 -0.167264
41 9 -0.170384
41 10 -0.175017
41 11 -0.179214
41 12 -0.183992
41 13 -0.188258
41 14 -0.19341
41 15 -0.198443
41 16 -0.203257
41 17 -0.208335
41 18 -0.213166
41 19 -0.217836
41 20 -0.220675
41 21 -0.223778
41 22 -0.226424
41 23 -0.227614
41 24 -0.227825
41 25 -0.22747
41 26 -0.226623
41 27 -0.0282295
41 28 0
41 29 0
41 30 0
41 31 0
41 32 0
41 33 0
41 34 0
41 35 0
41 36 0
41 37 0
41 38 0
41 39 0

42 0 0
42 1 -0.0215621
42 2 -0.173081
42 3 -0.173056
42 4 -0.17336
42 5 -0.174722
42 6 -0.175699
42 7 -0.177083
42 8 -0.180024
42 9 -0.18297
42 10 -0.186633
42 11 -0.190591
42 12 -0.194997
42 13 -0.19995
42 14 -0.20452
42 15 -0.209929
42 16 -0.214766
42 17 -0.220035
42 18 -0.225082
42 19 -0.229723
42 20 -0.233257
42 21 -0.236612
42 22 -0.239638
42 23 -0.241524
42 24 -0.242656
42 25 -0.242267
42 26 -0.242911
42 27 -0.0302448
42 28 0
42 29 0
42 30 0
42 31 0
42 32 0
42 33 0
42 34 0
42 35 0
42 36 0
42 37 0
42 38 0
42 39 0

43 0 0
43 1 -0.0230605
43 2 -0.185044
43 3 -0.185207
43 4 -0.186162
43 5 -0.186095
43 6 -0.187668
43 7 -0.189444
43 8 -0.192201
43 9 -0.194105
43 10 -0.19735
43 11 -0.201616
43 12 -0.205938
43 13 -0.210705
43 14 -0.215321
43 15 -0.22051
43 16 -0.225915
43 17 -0.231887
43 18 -0.236593
43 19 -0.241436
43 20 -0.24487
43 21 -0.248873
43 22 -0.25204
43 23 -0.254072
43 24 -0.255615
43 25 -0.256312
43 26 -0.257387
43 27 -0.032002
43 28 0
43 29 0
43 30 0
43 31 0
43 32 0
43 33 0
43 34 0
43 35 0
43 36 0
43 37 0
43 38 0
43 39 0

44 0 0
44 1 -0.0243281
44 2 -0.195544
44 3 -0.19555
44 4 -0.195849
44 5 -0.196351
44 6 -0.197695
44 7 -0.199161
44 8 -0.201187
44 9 -0.203997
44 10 -0.207758
44 11 -0.211251
44 12 -0.214937
44 13 -0.219951
44 14 -0.225487
44 15 -0.231111
44 16 -0.236201
44 17 -0.241569
44 18 -0.24663
44 19 -0.251268
44 20 -0.255209
44 21 -0.259124
44 22 -0.262496
44 23 -0.264703
44 24 -0.267317
44 25 -0.269135
44 26 -0.27088
44 27 -0.0337411
44 28 0
44 29 0
44 30 0
44 31 0
44 32 0
44 33 0
44 34 0
44 35 0
44 36 0
44 37 0
44 38 0
44 39 0

45 0 0
45 1 -0.0253927
45 2 -0.204034
45 3 -0.204266
45 4 -0.204983
45 5 -0.204954
45 6 -0.206324
45 7 -0.207677
45 8 -0.209436
45 9 -0.213316
45 10 -0.216398
45 11 -0.219868
45 12 -0.223793
45 13 -0.228848
45 14 -0.234555
45 15 -0.239637
45 16 -0.245077
45 17 -0.251344
45 18 -0.255623
45 19 -0.260616
45 20 -0.264862
45 21 -0.269108
45 22 -0.272502
45 23 -0.275033
45 24 -0.277583
45 25 -0.279845
45 26 -0.282046
45 27 -0.035132
45 28 0
45 29 0
45 30 0
45 31 0
45 32 0
45 33 0
45 34 0
45 35 0
45 36 0
45 37 0
45 38 0
45 39 0

46 0 0
46 1 -0.0262751
46 2 -0.211375
46 3 -0.211691
46 4 -0.212061
46 5 -0.212289
46 6 -0.213132
46 7 -0.215097
46 8 -0.217717
46 9 -0.220138
46 10 -0.223
46 11 -0.227064
46 12 -0.231111
46 13 -0.236349
46 14 -0.241527
46 15 -0.246558
46 16 -0.252929
46 17 -0.258584
46 18 -0.263522
46 19 -0.268015
46 20 -0.273156
46 21 -0.2767
46 22 -0.280172
46 23 -0.283537
46 24 -0.285966
46 25 -0.288717
46 26 -0.291179
46 27 -0.0362991
46 28 0
46 29 0
46 30 0
46 31 0
46 32 0
46 33 0
46 34 0
46 35 0
46 36 0
46 37 0
46 38 0
46 39 0

47 0 0
47 1 -0.0270676
47 2 -0.217314
47 3 -0.217215
47 4 -0.217789
47 5 -0.218404
47 6 -0.219358
47 7 -0.220806
47 8 -0.223003
47 9 -0.225438
47 10 -0.229494
47 11 -0.232823
47 12 -0.236924
47 13 -0.241472
47 14 -0.246956
47 15 -0.252951
47 16 -0.258392
47 17 -0.264187
47 18 -0.269288
47 19 -0.274888
47 20 -0.279599
47 21 -0.283267
47 22 -0.287695
47 23 -0.291179
47 24 -0.294264
47 25 -0.296216
47 26 -0.298058
47 27 -0.037132
47 28 0
47 29 0
47 30 0
47 31 0
47 32 0
47 33 0
47 34 0
47 35 0
47 36 0
47 37 0
47 38 0
47 39 0

48 0 0
48 1 -0.0275754
48 2 -0.221769
48 3 -0.221727
48 4 -0.221945
48 5 -0.222083
48 6 -0.222805
48 7 -0.225008
48 8 -0.227643
48 9 -0.230258
48 10 -0.233175
48 11 -0.23678
48 12 -0.241153
48 13 -0.24546
48 14 -0.250912
48 15 -0.256822
48 16 -0.262461
48 17 -0.268004
48 18 -0.274021
48 19 -0.279238
48 20 -0.284023
48 21 -0.288457
48 22 -0.292507
48 23 -0.296163
48 24 -0.299241
48 25 -0.301468
48 26 -0.303005
48 27 -0.0376549
48 28 0
48 29 0
48 30 0
48 31 0
48 32 0
48 33 0
48 34 0
48 35 0
48 36 0
48 37 0
48 38 0
48 39 0

49 0 0
49 1 -0.0279823
49 2 -0.224642
49 3 -0.223785
49 4 -0.223454
49 5 -0.224367
49 6 -0.225874
49 7 -0.227702
49 8 -0.229779
49 9 -0.232519
49 10 -0.235535
49 11 -0.23929
49 12 -0.24334
49 13 -0.248092
49 14 -0.253299
49 15 -0.258783
49 16 -0.264453
49 17 -0.270097
49 18 -0.275929
49 19 -0.281605
49 20 -0.286835
49 21 -0.291595
49 22 -0.295723
49 23 -0.299607
49 24 -0.302734
49 25 -0.305143
49 26 -0.306315
49 27 -0.0381071
49 28 0
49 29 0
49 30 0
49 31 0
49 32 0
49 33 0
49 34 0
49 35 0
49 36 0
49 37 0
49 38 0
49 39 0

50 0 0
50 1 0
50 2 -0.0279823
50 3 -0.0278226
50 4 -0.0277594
50 5 -0.027904
50 6 -0.0281493
50 7 -0.0283305
50 8 -0.0285643
50 9 -0.0289213
50 10 -0.0293212
50 11 -0.0297582
50 12 -0.0302728
50 13 -0.0309101
50 14 -0.0315189
50 15 -0.0321833
50 16 -0.0328962
50 17 -0.0336181
50 18 -0.0343029
50 19 -0.035058
50 20 -0.0357058
50 21 -0.03631
50 22 -0.0368242
50 23 -0.0372963
50 24 -0.0377271
50 25 -0.0380226
50 26 -0.0381071
50 27 0
50 28 0
50 29 0
50 30 0
50 31 0
50 32 0
50 33 0
50 34 0
50 35 0
50 36 0
50 37 0
50 38 0
50 39 0

51 0 0
51 1 0
51 2 0
51 3 0
51 4 0
51 5 0
51 6 0
51 7 0
51 8 0
51 9 0
51 10 0
51 11 0
51 12 0
51 13 0
51 14 0
51 15 0
51 16 0
51 17 0
51 18 0
51 19 0
51 20 0
51 21 0
51 22 0
51 23 0
51 24 0
51 25 0
51 26 0
51 27 0
51 28 0
51 29 0
51 30 0
51 31 0
51 32 0
51 33 0
51 34 0
51 35 0
51 36 0
51 37 0
51 38 0
51 39 0

