0 0 0
0 1 0
0 2 0
0 3 0
0 4 0
0 5 0
0 6 0
0 7 0
0 8 0
0 9 0
0 10 0
0 11 0
0 12 0
0 13 0
0 14 0
0 15 0
0 16 0
0 17 0
0 18 0
0 19 0
0 20 0
0 21 0
0 22 0
0 23 0
0 24 0
0 25 0
0 26 0
0 27 0
0 28 0
0 29 0
0 30 0
0 31 0
0 32 0
0 33 0
0 34 0
0 35 0
0 36 0
0 37 0
0 38 0
0 39 0

1 0 0
1 1 0
1 2 -0.0244604
1 3 -0.0244782
1 4 -0.0246428
1 5 -0.0248702
1 6 -0.0251362
1 7 -0.0255261
1 8 -0.0259825
1 9 -0.0265025
1 10 -0.027082
1 11 -0.0276739
1 12 -0.0283102
1 13 -0.0290059
1 14 -0.029657
1 15 -0.0303432
1 16 -0.0309914
1 17 -0.0316189
1 18 -0.0322146
1 19 -0.0327825
1 20 -0.0333017
1 21 -0.033736
1 22 -0.0341384
1 23 -0.0344145
1 24 -0.0346517
1 25 -0.0348909
1 26 -0.0350177
1 27 0
1 28 0
1 29 0
1 30 0
1 31 0
1 32 0
1 33 0
1 34 0
1 35 0
1 36 0
1 37 0
1 38 0
1 39 0

2 0 0
2 1 -0.0244604
2 2 -0.19657
2 3 -0.196861
2 4 -0.197937
2 5 -0.19973
2 6 -0.202058
2 7 -0.205151
2 8 -0.208836
2 9 -0.212968
2 10 -0.21758
2 11 -0.222453
2 12 -0.227628
2 13 -0.233007
2 14 -0.238394
2 15 -0.243846
2 16 -0.249099
2 17 -0.254137
2 18 -0.258966
2 19 -0.263493
2 20 -0.267593
2 21 -0.271186
2 22 -0.27428
2 23 -0.276763
2 24 -0.278688
2 25 -0.280398
2 26 -0.281482
2 27 -0.0350177
2 28 0
2 29 0
2 30 0
2 31 0
2 32 0
2 33 0
2 34 0
2 35 0
2 36 0
2 37 0
2 38 0
2 39 0

3 0 0
3 1 -0.0241511
3 2 -0.194276
3 3 -0.194865
3 4 -0.195603
3 5 -0.197304
3 6 -0.19993
3 7 -0.203072
3 8 -0.206748
3 9 -0.210845
3 10 -0.215256
3 11 -0.220283
3 12 -0.225507
3 13 -0.230716
3 14 -0.236246
3 15 -0.24151
3 16 -0.24692
3 17 -0.251905
3 18 -0.256747
3 19 -0.261167
3 20 -0.265148
3 21 -0.268816
3 22 -0.271746
3 23 -0.274481
3 24 -0.27662
3 25 -0.277909
3 26 -0.279011
3 27 -0.0347136
3 28 0
3 29 0
3 30 0
3 31 0
3 32 0
3 33 0
3 34 0
3 35 0
3 36 0
3 37 0
3 38 0
3 39 0

4 0 0
4 1 -0.023688
4 2 -0.190391
4 3 -0.190748
4 4 -0.191842
4 5 -0.193713
4 6 -0.196285
4 7 -0.199221
4 8 -0.202911
4 9 -0.20703
4 10 -0.211693
4 11 -0.21651
4 12 -0.221732
4 13 -0.22702
4 14 -0.232425
4 15 -0.237668
4 16 -0.242776
4 17 -0.248052
4 18 -0.252847
4 19 -0.256966
4 20 -0.261094
4 21 -0.264331
4 22 -0.267468
4 23 -0.270202
4 24 -0.272331
4 25 -0.273648
4 26 -0.2746
4 27 -0.0341617
4 28 0
4 29 0
4 30 0
4 31 0
4 32 0
4 33 0
4 34 0
4 35 0
4 36 0
4 37 0
4 38 0
4 39 0

5 0 0
5 1 -0.023023
5 2 -0.184952
5 3 -0.185125
5 4 -0.186494
5 5 -0.188375
5 6 -0.190849
5 7 -0.193746
5 8 -0.197588
5 9 -0.201601
5 10 -0.206143
5 11 -0.210971
5 12 -0.216282
5 13 -0.221433
5 14 -0.22688
5 15 -0.232501
5 16 -0.23724
5 17 -0.242446
5 18 -0.246916
5 19 -0.251243
5 20 -0.255087
5 21 -0.258647
5 22 -0.261536
5 23 -0.263812
5 24 -0.265919
5 25 -0.267243
5 26 -0.268197
5 27 -0.033366
5 28 0
5 29 0
5 30 0
5 31 0
5 32 0
5 33 0
5 34 0
5 35 0
5 36 0
5 37 0
5 38 0
5 39 0

6 0 0
6 1 -0.022155
6 2 -0.177962
6 3 -0.17813
6 4 -0.179414
6 5 -0.181087
6 6 -0.183903
6 7 -0.18702
6 8 -0.190547
6 9 -0.194743
6 10 -0.199248
6 11 -0.204172
6 12 -0.209275
6 13 -0.214554
6 14 -0.219975
6 15 -0.224923
6 16 -0.230221
6 17 -0.235042
6 18 -0.239704
6 19 -0.243998
6 20 -0.247498
6 21 -0.251072
6 22 -0.253811
6 23 -0.256253
6 24 -0.257933
6 25 -0.259305
6 26 -0.260009
6 27 -0.0323502
6 28 0
6 29 0
6 30 0
6 31 0
6 32 0
6 33 0
6 34 0
6 35 0
6 36 0
6 37 0
6 38 0
6 39 0

7 0 0
7 1 -0.0210932
7 2 -0.169506
7 3 -0.169869
7 4 -0.171226
7 5 -0.172901
7 6 -0.175463
7 7 -0.178372
7 8 -0.182249
7 9 -0.186218
7 10 -0.190835
7 11 -0.19577
7 12 -0.200903
7 13 -0.206015
7 14 -0.211411
7 15 -0.216493
7 16 -0.221569
7 17 -0.226464
7 18 -0.230979
7 19 -0.235197
7 20 -0.238857
7 21 -0.24208
7 22 -0.244633
7 23 -0.24704
7 24 -0.248398
7 25 -0.249617
7 26 -0.250314
7 27 -0.031142
7 28 0
7 29 0
7 30 0
7 31 0
7 32 0
7 33 0
7 34 0
7 35 0
7 36 0
7 37 0
7 38 0
7 39 0

8 0 0
8 1 -0.0198759
8 2 -0.15966
8 3 -0.159916
8 4 -0.161397
8 5 -0.16317
8 6 -0.165765
8 7 -0.168897
8 8 -0.172403
8 9 -0.176837
8 10 -0.181192
8 11 -0.186047
8 12 -0.191229
8 13 -0.196381
8 14 -0.201701
8 15 -0.207137
8 16 -0.212031
8 17 -0.216918
8 18 -0.22136
8 19 -0.225282
8 20 -0.22886
8 21 -0.231662
8 22 -0.234033
8 23 -0.236047
8 24 -0.23717
8 25 -0.238135
8 26 -0.238886
8 27 -0.0297176
8 28 0
8 29 0
8 30 0
8 31 0
8 32 0
8 33 0
8 34 0
8 35 0
8 36 0
8 37 0
8 38 0
8 39 0

9 0 0
9 1 -0.0184731
9 2 -0.148455
9 3 -0.148891
9 4 -0.15032
9 5 -0.152445
9 6 -0.154655
9 7 -0.157936
9 8 -0.161513
9 9 -0.165766
9 10 -0.170422
9 11 -0.175367
9 12 -0.180573
9 13 -0.185669
9 14 -0.191017
9 15 -0.196096
9 16 -0.201172
9 17 -0.205951
9 18 -0.210202
9 19 -0.213951
9 20 -0.217316
9 21 -0.220273
9 22 -0.22213
9 23 -0.223756
9 24 -0.224649
9 25 -0.225596
9 26 -0.225755
9 27 -0.0280584
9 28 0
9 29 0
9 30 0
9 31 0
9 32 0
9 33 0
9 34 0
9 35 0
9 36 0
9 37 0
9 38 0
9 39 0

10 0 0
10 1 -0.0169307
10 2 -0.136219
10 3 -0.137022
10 4 -0.138154
10 5 -0.139959
10 6 -0.142666
10 7 -0.145669
10 8 -0.149551
10 9 -0.153828
10 10 -0.158621
10 11 -0.163583
10 12 -0.16876
10 13 -0.173863
10 14 -0.179436
10 15 -0.184599
10 16 -0.189562
10 17 -0.193948
10 18 -0.198249
10 19 -0.202282
10 20 -0.205034
10 21 -0.207506
10 22 -0.209072
10 23 -0.210273
10 24 -0.210732
10 25 -0.210981
10 26 -0.211022
10 27 -0.0262613
10 28 0
10 29 0
10 30 0
10 31 0
10 32 0
10 33 0
10 34 0
10 35 0
10 36 0
10 37 0
10 38 0
10 39 0

11 0 0
11 1 -0.0153468
11 2 -0.123169
11 3 -0.123469
11 4 -0.124959
11 5 -0.126849
11 6 -0.129599
11 7 -0.132881
11 8 -0.136844
11 9 -0.141314
11 10 -0.14581
11 11 -0.150937
11 12 -0.156136
11 13 -0.161391
11 14 -0.166832
11 15 -0.171733
11 16 -0.17683
11 17 -0.181371
11 18 -0.185628
11 19 -0.188912
11 20 -0.19183
11 21 -0.194074
11 22 -0.195526
11 23 -0.196029
11 24 -0.195929
11 25 -0.19508
11 26 -0.19441
11 27 -0.024188
11 28 0
11 29 0
11 30 0
11 31 0
11 32 0
11 33 0
11 34 0
11 35 0
11 36 0
11 37 0
11 38 0
11 39 0

12 0 0
12 1 -0.0136211
12 2 -0.109389
12 3 -0.109823
12 4 -0.111169
12 5 -0.113314
12 6 -0.116355
12 7 -0.119415
12 8 -0.123428
12 9 -0.127927
12 10 -0.132594
12 11 -0.137927
12 12 -0.143168
12 13 -0.148515
12 14 -0.154077
12 15 -0.158978
12 16 -0.163789
12 17 -0.168286
12 18 -0.172074
12 19 -0.175306
12 20 -0.178215
12 21 -0.180251
12 22 -0.181127
12 23 -0.181324
12 24 -0.180055
12 25 -0.17802
12 26 -0.175425
12 27 -0.0385539
12 28 -0.0152617
12 29 -0.0141126
12 30 -0.0132867
12 31 -0.0126551
12 32 -0.0122831
12 33 0
12 34 0
12 35 0
12 36 0
12 37 0
12 38 0
12 39 0

13 0 0
13 1 -0.0118315
13 2 -0.0951297
13 3 -0.0957942
13 4 -0.0971467
13 5 -0.0992654
13 6 -0.102207
13 7 -0.105675
13 8 -0.109666
13 9 -0.114476
13 10 -0.119068
13 11 -0.124216
13 12 -0.129426
13 13 -0.134898
13 14 -0.140278
13 15 -0.145551
13 16 -0.150232
13 17 -0.154865
13 18 -0.158782
13 19 -0.162026
13 20 -0.164713
13 21 -0.166066
13 22 -0.166874
13 23 -0.166289
13 24 -0.164388
13 25 -0.160252
13 26 -0.152455
13 27 -0.134567
13 28 -0.122549
13 29 -0.113519
13 30 -0.106781
13 31 -0.1017
13 32 -0.0987096
13 33 -0.0236386
13 34 -0.0110682
13 35 0
13 36 0
13 37 0
13 38 0
13 39 0

14 0 0
14 1 -0.0100458
14 2 -0.080661
14 3 -0.0812996
14 4 -0.0830457
14 5 -0.0853275
14 6 -0.0881224
14 7 -0.091542
14 8 -0.0957109
14 9 -0.100234
14 10 -0.105466
14 11 -0.11068
14 12 -0.116061
14 13 -0.12162
14 14 -0.126995
14 15 -0.132102
14 16 -0.136865
14 17 -0.141251
14 18 -0.144971
14 19 -0.148577
14 20 -0.150805
14 21 -0.152651
14 22 -0.153246
14 23 -0.152445
14 24 -0.150134
14 25 -0.145656
14 26 -0.138657
14 27 -0.128432
14 28 -0.118891
14 29 -0.11124
14 30 -0.10483
14 31 -0.0997541
14 32 -0.0956764
14 33 -0.09137
14 34 -0.0889553
14 35 -0.0216028
14 36 0
14 37 0
14 38 0
14 39 0

15 0 0
15 1 -0.00825664
15 2 -0.0663529
15 3 -0.0671494
15 4 -0.0687889
15 5 -0.0710299
15 6 -0.0740598
15 7 -0.0777082
15 8 -0.0818613
15 9 -0.0867478
15 10 -0.0919158
15 11 -0.0971422
15 12 -0.102644
15 13 -0.10816
15 14 -0.11353
15 15 -0.118873
15 16 -0.123969
15 17 -0.128147
15 18 -0.132197
15 19 -0.135353
15 20 -0.13773
15 21 -0.139487
15 22 -0.140185
15 23 -0.139206
15 24 -0.137152
15 25 -0.133437
15 26 -0.128058
15 27 -0.120979
15 28 -0.113775
15 29 -0.107376
15 30 -0.101682
15 31 -0.0970088
15 32 -0.093025
15 33 -0.0897807
15 34 -0.0867989
15 35 -0.084603
15 36 -0.0205513
15 37 0
15 38 0
15 39 0

16 0 0
16 1 -0.00650774
16 2 -0.0523258
16 3 -0.0531346
16 4 -0.0547178
16 5 -0.0571454
16 6 -0.0600642
16 7 -0.0640679
16 8 -0.0682526
16 9 -0.0730352
16 10 -0.0786887
16 11 -0.0839394
16 12 -0.0898544
16 13 -0.0952662
16 14 -0.100868
16 15 -0.105977
16 16 -0.111187
16 17 -0.115486
16 18 -0.119577
16 19 -0.122841
16 20 -0.125397
16 21 -0.127185
16 22 -0.127742
16 23 -0.127458
16 24 -0.12583
16 25 -0.123071
16 26 -0.118792
16 27 -0.113673
16 28 -0.108163
16 29 -0.103111
16 30 -0.0982276
16 31 -0.0940385
16 32 -0.0903932
16 33 -0.0874008
16 34 -0.0846942
16 35 -0.0824757
16 36 -0.0804972
16 37 -0.0196732
16 38 0
16 39 0

17 0 0
17 1 -0.00482491
17 2 -0.0388636
17 3 -0.0397704
17 4 -0.0414305
17 5 -0.0441301
17 6 -0.0472632
17 7 -0.0511778
17 8 -0.0555842
17 9 -0.0604575
17 10 -0.065973
17 11 -0.0711384
17 12 -0.0773163
17 13 -0.082994
17 14 -0.0886567
17 15 -0.0944124
17 16 -0.0990809
17 17 -0.103632
17 18 -0.107782
17 19 -0.111102
17 20 -0.113616
17 21 -0.115675
17 22 -0.116688
17 23 -0.116841
17 24 -0.115904
17 25 -0.113725
17 26 -0.110419
17 27 -0.10677
17 28 -0.102471
17 29 -0.0984022
17 30 -0.0943059
17 31 -0.090994
17 32 -0.0878301
17 33 -0.0849969
17 34 -0.0823807
17 35 -0.0807187
17 36 -0.0788629
17 37 -0.0776312
17 38 -0.00965649
17 39 0

18 0 0
18 1 -0.00329038
18 2 -0.0264056
18 3 -0.0271695
18 4 -0.0287566
18 5 -0.0316052
18 6 -0.0346
18 7 -0.0387248
18 8 -0.0435294
18 9 -0.0482858
18 10 -0.0541157
18 11 -0.0596649
18 12 -0.0657809
18 13 -0.0717255
18 14 -0.0775047
18 15 -0.0828829
18 16 -0.0878938
18 17 -0.0927149
18 18 -0.0968925
18 19 -0.100397
18 20 -0.103202
18 21 -0.105393
18 22 -0.106856
18 23 -0.107271
18 24 -0.106717
18 25 -0.105187
18 26 -0.103208
18 27 -0.100223
18 28 -0.0973027
18 29 -0.0938318
18 30 -0.0906496
18 31 -0.0877712
18 32 -0.084901
18 33 -0.0827272
18 34 -0.0805392
18 35 -0.0786778
18 36 -0.0775361
18 37 -0.0767988
18 38 -0.00954788
18 39 0

19 0 0
19 1 -0.00185045
19 2 -0.0149319
19 3 -0.0159628
19 4 -0.0177652
19 5 -0.0201031
19 6 -0.023726
19 7 -0.027738
19 8 -0.0325204
19 9 -0.0376255
19 10 -0.0431351
19 11 -0.0489796
19 12 -0.0550725
19 13 -0.0609419
19 14 -0.0670053
19 15 -0.0728154
19 16 -0.077751
19 17 -0.0829819
19 18 -0.0870584
19 19 -0.0907131
19 20 -0.0937215
19 21 -0.0960274
19 22 -0.0976991
19 23 -0.0987909
19 24 -0.0985186
19 25 -0.0979723
19 26 -0.096457
19 27 -0.0945119
19 28 -0.0922985
19 29 -0.0897059
19 30 -0.0871884
19 31 -0.0849006
19 32 -0.0824481
19 33 -0.0804587
19 34 -0.0787907
19 35 -0.0771115
19 36 -0.0760913
19 37 -0.0758442
19 38 -0.00946068
19 39 0

20 0 0
20 1 -0.000621826
20 2 -0.00498247
20 3 -0.00582095
20 4 -0.00745903
20 5 -0.0101323
20 6 -0.0134196
20 7 -0.0176286
20 8 -0.0223246
20 9 -0.0277779
20 10 -0.0335034
20 11 -0.0394467
20 12 -0.0455415
20 13 -0.0516993
20 14 -0.0577002
20 15 -0.0636807
20 16 -0.0687944
20 17 -0.0741285
20 18 -0.0782914
20 19 -0.0823458
20 20 -0.0856754
20 21 -0.0880975
20 22 -0.0901494
20 23 -0.0917328
20 24 -0.0919687
20 25 -0.0916566
20 26 -0.0910521
20 27 -0.089479
20 28 -0.0879516
20 29 -0.0859075
20 30 -0.0841674
20 31 -0.0820523
20 32 -0.0800397
20 33 -0.0783132
20 34 -0.0768154
20 35 -0.0756411
20 36 -0.0750016
20 37 -0.0747249
20 38 -0.00929786
20 39 0

21 0 0
21 1 0.000467
21 2 0.0037327
21 3 0.00280428
21 4 0.00103806
21 5 -0.00146939
21 6 -0.00507205
21 7 -0.00911305
21 8 -0.0142191
21 9 -0.0195071
21 10 -0.0252139
21 11 -0.0314302
21 12 -0.0374359
21 13 -0.0437411
21 14 -0.0498875
21 15 -0.0560252
21 16 -0.0612115
21 17 -0.0667938
21 18 -0.0712054
21 19 -0.0752983
21 20 -0.0786283
21 21 -0.0815361
21 22 -0.0837828
21 23 -0.0855764
21 24 -0.0863807
21 25 -0.0866369
21 26 -0.0861254
21 27 -0.0853609
21 28 -0.0840521
21 29 -0.0828057
21 30 -0.081242
21 31 -0.0796758
21 32 -0.0782705
21 33 -0.0767965
21 34 -0.0754577
21 35 -0.0747765
21 36 -0.0739374
21 37 -0.0735894
21 38 -0.00915235
21 39 0

22 0 0
22 1 0.00135408
22 2 0.0108933
22 3 0.0100302
22 4 0.00828829
22 5 0.00553006
22 6 0.00187053
22 7 -0.00246449
22 8 -0.00716747
22 9 -0.0128362
22 10 -0.0188336
22 11 -0.024737
22 12 -0.0311668
22 13 -0.037449
22 14 -0.0432784
22 15 -0.0496539
22 16 -0.0552517
22 17 -0.0607118
22 18 -0.0655885
22 19 -0.0698836
22 20 -0.0732553
22 21 -0.0761354
22 22 -0.0787124
22 23 -0.0806055
22 24 -0.0820807
22 25 -0.0823995
22 26 -0.0825964
22 27 -0.0818642
22 28 -0.0812988
22 29 -0.0801289
22 30 -0.0792158
22 31 -0.0776291
22 32 -0.0767712
22 33 -0.0754189
22 34 -0.0744074
22 35 -0.0735821
22 36 -0.0734227
22 37 -0.0729891
22 38 -0.00906134
22 39 0

23 0 0
23 1 0.0020364
23 2 0.016425
23 3 0.015584
23 4 0.0135952
23 5 0.0106988
23 6 0.00713139
23 7 0.00272009
23 8 -0.00207809
23 9 -0.00760914
23 10 -0.0134682
23 11 -0.0198069
23 12 -0.0261524
23 13 -0.0324176
23 14 -0.0387831
23 15 -0.0450816
23 16 -0.0507761
23 17 -0.0561717
23 18 -0.0611691
23 19 -0.065649
23 20 -0.0693525
23 21 -0.0724724
23 22 -0.0753408
23 23 -0.0772954
23 24 -0.0787521
23 25 -0.0795588
23 26 -0.0796892
23 27 -0.0797543
23 28 -0.0790066
23 29 -0.0785578
23 30 -0.0775392
23 31 -0.0765044
23 32 -0.0756036
23 33 -0.0745155
23 34 -0.073838
23 35 -0.0733971
23 36 -0.0728529
23 37 -0.0726959
23 38 -0.00905449
23 39 0

24 0 0
24 1 0.00252067
24 2 0.0201515
24 3 0.0190767
24 4 0.0175487
24 5 0.0144631
24 6 0.0110327
24 7 0.00614993
24 8 0.00138195
24 9 -0.00418467
24 10 -0.0103546
24 11 -0.0166227
24 12 -0.0226457
24 13 -0.0292599
24 14 -0.0355329
24 15 -0.0417463
24 16 -0.0477295
24 17 -0.0532797
24 18 -0.058433
24 19 -0.0630611
24 20 -0.0665373
24 21 -0.0699308
24 22 -0.0726768
24 23 -0.0750692
24 24 -0.0771225
24 25 -0.0776278
24 26 -0.078321
24 27 -0.0783622
24 28 -0.0777485
24 29 -0.0775061
24 30 -0.0765261
24 31 -0.0759005
24 32 -0.0750356
24 33 -0.0742803
24 34 -0.0735983
24 35 -0.0730725
24 36 -0.072762
24 37 -0.0727784
24 38 -0.00905624
24 39 0

25 0 0
25 1 0.00274524
25 2 0.0221148
25 3 0.0209969
25 4 0.0187545
25 5 0.0160471
25 6 0.012536
25 7 0.00777101
25 8 0.00295306
25 9 -0.00260113
25 10 -0.00829999
25 11 -0.0149451
25 12 -0.0211813
25 13 -0.0277751
25 14 -0.0341096
25 15 -0.0402366
25 16 -0.0465288
25 17 -0.0519136
25 18 -0.0571791
25 19 -0.0613002
25 20 -0.06555
25 21 -0.0689335
25 22 -0.0716504
25 23 -0.0739465
25 24 -0.0759572
25 25 -0.0769143
25 26 -0.077585
25 27 -0.0779788
25 28 -0.0775089
25 29 -0.0774947
25 30 -0.0766384
25 31 -0.0761416
25 32 -0.0750105
25 33 -0.0744043
25 34 -0.0737988
25 35 -0.0735
25 36 -0.0730378
25 37 -0.0730061
25 38 -0.00908897
25 39 0

26 0 0
26 1 0.00272238
26 2 0.021843
26 3 0.0209035
26 4 0.0192626
26 5 0.015929
26 6 0.0126818
26 7 0.00794125
26 8 0.00302151
26 9 -0.00283771
26 10 -0.00855105
26 11 -0.0152289
26 12 -0.0215058
26 13 -0.0278012
26 14 -0.034305
26 15 -0.0405329
26 16 -0.0465649
26 17 -0.0520587
26 18 -0.0572137
26 19 -0.0617759
26 20 -0.0654944
26 21 -0.0690352
26 22 -0.0720648
26 23 -0.0744912
26 24 -0.076212
26 25 -0.077277
26 26 -0.0779746
26 27 -0.0781918
26 28 -0.0781343
26 29 -0.077895
26 30 -0.0769476
26 31 -0.0768158
26 32 -0.0758569
26 33 -0.075244
26 34 -0.0745227
26 35 -0.0739625
26 36 -0.073804
26 37 -0.0736291
26 38 -0.0091533
26 39 0

27 0 0
27 1 0.00250303
27 2 0.0199869
27 3 0.0188497
27 4 0.0169318
27 5 0.0140177
27 6 0.0106389
27 7 0.0061327
27 8 0.00108222
27 9 -0.00465993
27 10 -0.0106773
27 11 -0.0170458
27 12 -0.0230637
27 13 -0.0297246
27 14 -0.036131
27 15 -0.0424011
27 16 -0.0483678
27 17 -0.0538175
27 18 -0.0592264
27 19 -0.0635245
27 20 -0.0674754
27 21 -0.0706056
27 22 -0.0735983
27 23 -0.0758838
27 24 -0.0778513
27 25 -0.0790378
27 26 -0.0795291
27 27 -0.0798827
27 28 -0.0796544
27 29 -0.0792287
27 30 -0.0786251
27 31 -0.0779858
27 32 -0.0771774
27 33 -0.076363
27 34 -0.0757117
27 35 -0.0755299
27 36 -0.0750666
27 37 -0.0748762
27 38 -0.0093057
27 39 0

28 0 0
28 1 0.00199615
28 2 0.0161523
28 3 0.015224
28 4 0.0134281
28 5 0.0106306
28 6 0.00712558
28 7 0.00243451
28 8 -0.0026094
28 9 -0.00808879
28 10 -0.0143778
28 11 -0.020498
28 12 -0.0270362
28 13 -0.0333642
28 14 -0.0396252
28 15 -0.0458719
28 16 -0.0516788
28 17 -0.0571721
28 18 -0.0621556
28 19 -0.0667022
28 20 -0.0705079
28 21 -0.0740526
28 22 -0.0766442
28 23 -0.078916
28 24 -0.0807079
28 25 -0.0816005
28 26 -0.0822249
28 27 -0.0822257
28 28 -0.0817902
28 29 -0.0815291
28 30 -0.0807987
28 31 -0.0799665
28 32 -0.0789991
28 33 -0.0782805
28 34 -0.0773768
28 35 -0.0769652
28 36 -0.0765196
28 37 -0.0766567
28 38 -0.0095551
28 39 0

29 0 0
29 1 0.00132454
29 2 0.0106322
29 3 0.00968486
29 4 0.00794159
29 5 0.00503392
29 6 0.00116922
29 7 -0.00281759
29 8 -0.008078
29 9 -0.0136715
29 10 -0.019534
29 11 -0.0259127
29 12 -0.031992
29 13 -0.0384997
29 14 -0.0446296
29 15 -0.0509182
29 16 -0.0565553
29 17 -0.0622631
29 18 -0.0670249
29 19 -0.0711855
29 20 -0.0751422
29 21 -0.0781602
29 22 -0.0808273
29 23 -0.0830224
29 24 -0.0845627
29 25 -0.0854888
29 26 -0.0858187
29 27 -0.0856185
29 28 -0.0850636
29 29 -0.0846186
29 30 -0.0835446
29 31 -0.0824343
29 32 -0.0815027
29 33 -0.080443
29 34 -0.0795748
29 35 -0.0793115
29 36 -0.0785638
29 37 -0.0785232
29 38 -0.00978901
29 39 0

30 0 0
30 1 0.000438415
30 2 0.00347738
30 3 0.00251517
30 4 0.000695777
30 5 -0.00217709
30 6 -0.00575909
30 7 -0.0101634
30 8 -0.0150976
30 9 -0.020622
30 10 -0.0266078
30 11 -0.0326791
30 12 -0.0386755
30 13 -0.045249
30 14 -0.0514479
30 15 -0.0574528
30 16 -0.0629772
30 17 -0.0681679
30 18 -0.0729592
30 19 -0.0772604
30 20 -0.0810029
30 21 -0.083932
30 22 -0.086687
30 23 -0.0885646
30 24 -0.0898329
30 25 -0.0902354
30 26 -0.0903598
30 27 -0.0898554
30 28 -0.0890847
30 29 -0.0883966
30 30 -0.0867578
30 31 -0.0855853
30 32 -0.0843509
30 33 -0.0831387
30 34 -0.082016
30 35 -0.0812187
30 36 -0.0807361
30 37 -0.0805495
30 38 -0.010029
30 39 0

31 0 0
31 1 -0.000662647
31 2 -0.00533114
31 3 -0.00629327
31 4 -0.00828487
31 5 -0.0106976
31 6 -0.0145941
31 7 -0.0188147
31 8 -0.0236995
31 9 -0.0294181
31 10 -0.0350279
31 11 -0.0411554
31 12 -0.0473081
31 13 -0.0535417
31 14 -0.0594464
31 15 -0.0657374
31 16 -0.0708348
31 17 -0.0762348
31 18 -0.0807437
31 19 -0.0850316
31 20 -0.0883626
31 21 -0.0910695
31 22 -0.0933208
31 23 -0.095015
31 24 -0.0959433
31 25 -0.0960538
31 26 -0.0958178
31 27 -0.095039
31 28 -0.093664
31 29 -0.0924366
31 30 -0.0906643
31 31 -0.0892431
31 32 -0.0876205
31 33 -0.0861625
31 34 -0.0849571
31 35 -0.0838614
31 36 -0.0832321
31 37 -0.0828351
31 38 -0.0102966
31 39 0

32 0 0
32 1 -0.00195851
32 2 -0.0157765
32 3 -0.0166571
32 4 -0.0186236
32 5 -0.0213318
32 6 -0.024648
32 7 -0.0291274
32 8 -0.0338885
32 9 -0.0392001
32 10 -0.0450735
32 11 -0.0508501
32 12 -0.0571789
32 13 -0.0630608
32 14 -0.0690862
32 15 -0.0749293
32 16 -0.0802176
32 17 -0.0852164
32 18 -0.0898269
32 19 -0.0935634
32 20 -0.0968071
32 21 -0.0995541
32 22 -0.101606
32 23 -0.102809
32 24 -0.103393
32 25 -0.102979
32 26 -0.102079
32 27 -0.100756
32 28 -0.0989781
32 29 -0.0969978
32 30 -0.0951753
32 31 -0.0929766
32 32 -0.0911013
32 33 -0.0893346
32 34 -0.0876455
32 35 -0.0862857
32 36 -0.085727
32 37 -0.0852852
32 38 -0.0106146
32 39 0

33 0 0
33 1 -0.00345545
33 2 -0.0275955
33 3 -0.0282602
33 4 -0.0302038
33 5 -0.0327018
33 6 -0.0363642
33 7 -0.0404587
33 8 -0.0453049
33 9 -0.0504738
33 10 -0.0561853
33 11 -0.0619022
33 12 -0.0678088
33 13 -0.0737489
33 14 -0.0796065
33 15 -0.0852315
33 16 -0.0903976
33 17 -0.095285
33 18 -0.0997005
33 19 -0.103564
33 20 -0.106543
33 21 -0.109091
33 22 -0.110483
33 23 -0.11135
33 24 -0.111475
33 25 -0.110606
33 26 -0.109192
33 27 -0.107249
33 28 -0.104754
33 29 -0.102256
33 30 -0.0997133
33 31 -0.097158
33 32 -0.0948594
33 33 -0.0926543
33 34 -0.090817
33 35 -0.0892853
33 36 -0.0881719
33 37 -0.0876165
33 38 -0.0108981
33 39 0

34 0 0
34 1 -0.00503334
34 2 -0.0405015
34 3 -0.0413163
34 4 -0.0428203
34 5 -0.0456233
34 6 -0.0485463
34 7 -0.052927
34 8 -0.0574857
34 9 -0.0624266
34 10 -0.0681444
34 11 -0.0736533
34 12 -0.0797531
34 13 -0.0855134
34 14 -0.0910569
34 15 -0.0963941
34 16 -0.101894
34 17 -0.106316
34 18 -0.111051
34 19 -0.11434
34 20 -0.116991
34 21 -0.119072
34 22 -0.120529
34 23 -0.121189
34 24 -0.120644
34 25 -0.119257
34 26 -0.117159
34 27 -0.114109
34 28 -0.110898
34 29 -0.107785
34 30 -0.104205
34 31 -0.101357
34 32 -0.0985049
34 33 -0.0958446
34 34 -0.0937388
34 35 -0.0916798
34 36 -0.0904129
34 37 -0.0896189
34 38 -0.0111497
34 39 0

35 0 0
35 1 -0.00673217
35 2 -0.0541515
35 3 -0.0550179
35 4 -0.0565331
35 5 -0.0590282
35 6 -0.0623015
35 7 -0.0660442
35 8 -0.0707289
35 9 -0.0756331
35 10 -0.0809066
35 11 -0.0863199
35 12 -0.0922716
35 13 -0.0979029
35 14 -0.103384
35 15 -0.108879
35 16 -0.11378
35 17 -0.118593
35 18 -0.122708
35 19 -0.126088
35 20 -0.128846
35 21 -0.130753
35 22 -0.13187
35 23 -0.131846
35 24 -0.13081
35 25 -0.128532
35 26 -0.125496
35 27 -0.1217
35 28 -0.117539
35 29 -0.113297
35 30 -0.109182
35 31 -0.105444
35 32 -0.102075
35 33 -0.0989748
35 34 -0.0964753
35 35 -0.0944091
35 36 -0.0922905
35 37 -0.0910795
35 38 -0.0113403
35 39 0

36 0 0
36 1 -0.00851563
36 2 -0.0683864
36 3 -0.0691274
36 4 -0.0704714
36 5 -0.0729559
36 6 -0.0761445
36 7 -0.0797714
36 8 -0.0841933
36 9 -0.0888642
36 10 -0.0941688
36 11 -0.0997649
36 12 -0.105238
36 13 -0.110718
36 14 -0.116325
36 15 -0.121526
36 16 -0.126547
36 17 -0.131048
36 18 -0.134988
36 19 -0.138599
36 20 -0.141222
36 21 -0.142892
36 22 -0.143649
36 23 -0.143545
36 24 -0.141785
36 25 -0.138866
36 26 -0.134636
36 27 -0.129617
36 28 -0.123932
36 29 -0.118755
36 30 -0.113779
36 31 -0.109489
36 32 -0.105623
36 33 -0.102485
36 34 -0.0994733
36 35 -0.0969969
36 36 -0.0946708
36 37 -0.0231267
36 38 0
36 39 0

37 0 0
37 1 -0.0103008
37 2 -0.0828626
37 3 -0.0837629
37 4 -0.0849225
37 5 -0.0872766
37 6 -0.09031
37 7 -0.0935663
37 8 -0.0981879
37 9 -0.102792
37 10 -0.10785
37 11 -0.113122
37 12 -0.118627
37 13 -0.12403
37 14 -0.129438
37 15 -0.135003
37 16 -0.139727
37 17 -0.144479
37 18 -0.148232
37 19 -0.151537
37 20 -0.154045
37 21 -0.155667
37 22 -0.156461
37 23 -0.155835
37 24 -0.153877
37 25 -0.149882
37 26 -0.144645
37 27 -0.137486
37 28 -0.130307
37 29 -0.123917
37 30 -0.118047
37 31 -0.113135
37 32 -0.108976
37 33 -0.104981
37 34 -0.102137
37 35 -0.0995105
37 36 -0.0241609
37 37 0
37 38 0
37 39 0

38 0 0
38 1 -0.0121217
38 2 -0.0973758
38 3 -0.0980035
38 4 -0.0995125
38 5 -0.10171
38 6 -0.104513
38 7 -0.108032
38 8 -0.112369
38 9 -0.116844
38 10 -0.121836
38 11 -0.127034
38 12 -0.132295
38 13 -0.137694
38 14 -0.143012
38 15 -0.148351
38 16 -0.153131
38 17 -0.157749
38 18 -0.161632
38 19 -0.165148
38 20 -0.167444
38 21 -0.169176
38 22 -0.169832
38 23 -0.169052
38 24 -0.16703
38 25 -0.16281
38 26 -0.155706
38 27 -0.145398
38 28 -0.13591
38 29 -0.127972
38 30 -0.121546
38 31 -0.116238
38 32 -0.111866
38 33 -0.107194
38 34 -0.10473
38 35 -0.0254055
38 36 0
38 37 0
38 38 0
38 39 0

39 0 0
39 1 -0.0139244
39 2 -0.111775
39 3 -0.112119
39 4 -0.113596
39 5 -0.116115
39 6 -0.118535
39 7 -0.122112
39 8 -0.126252
39 9 -0.130478
39 10 -0.135585
39 11 -0.140543
39 12 -0.145946
39 13 -0.151408
39 14 -0.156727
39 15 -0.161868
39 16 -0.166558
39 17 -0.171025
39 18 -0.175161
39 19 -0.178644
39 20 -0.18126
39 21 -0.183083
39 22 -0.183813
39 23 -0.183346
39 24 -0.181494
39 25 -0.177429
39 26 -0.169493
39 27 -0.151833
39 28 -0.139728
39 29 -0.130495
39 30 -0.123582
39 31 -0.118499
39 32 -0.115489
39 33 -0.0277372
39 34 -0.0130309
39 35 0
39 36 0
39 37 0
39 38 0
39 39 0

40 0 0
40 1 -0.0156314
40 2 -0.125628
40 3 -0.12612
40 4 -0.127499
40 5 -0.12975
40 6 -0.132211
40 7 -0.135648
40 8 -0.139482
40 9 -0.1438
40 10 -0.148782
40 11 -0.153949
40 12 -0.159228
40 13 -0.164575
40 14 -0.169795
40 15 -0.17486
40 16 -0.179865
40 17 -0.184275
40 18 -0.188403
40 19 -0.191995
40 20 -0.194695
40 21 -0.196764
40 22 -0.197782
40 23 -0.197959
40 24 -0.196946
40 25 -0.194879
40 26 -0.192268
40 27 -0.0427814
40 28 -0.0173952
40 29 -0.0162229
40 30 -0.0153814
40 31 -0.0147405
40 32 -0.0143734
40 33 0
40 34 0
40 35 0
40 36 0
40 37 0
40 38 0
40 39 0

41 0 0
41 1 -0.0172776
41 2 -0.13882
41 3 -0.139243
41 4 -0.140738
41 5 -0.142633
41 6 -0.145317
41 7 -0.14868
41 8 -0.152209
41 9 -0.156713
41 10 -0.161523
41 11 -0.166594
41 12 -0.17186
41 13 -0.177208
41 14 -0.182517
41 15 -0.187515
41 16 -0.192561
41 17 -0.196953
41 18 -0.201032
41 19 -0.204595
41 20 -0.207818
41 21 -0.210078
41 22 -0.211591
41 23 -0.21237
41 24 -0.212069
41 25 -0.211424
41 26 -0.210809
41 27 -0.0262339
41 28 0
41 29 0
41 30 0
41 31 0
41 32 0
41 33 0
41 34 0
41 35 0
41 36 0
41 37 0
41 38 0
41 39 0

42 0 0
42 1 -0.0188086
42 2 -0.151128
42 3 -0.151507
42 4 -0.153017
42 5 -0.154751
42 6 -0.157656
42 7 -0.160777
42 8 -0.164378
42 9 -0.168978
42 10 -0.17368
42 11 -0.178574
42 12 -0.183646
42 13 -0.188947
42 14 -0.194125
42 15 -0.199443
42 16 -0.204606
42 17 -0.208921
42 18 -0.213574
42 19 -0.216907
42 20 -0.220337
42 21 -0.222828
42 22 -0.22472
42 23 -0.225806
42 24 -0.226615
42 25 -0.226798
42 26 -0.226638
42 27 -0.0281876
42 28 0
42 29 0
42 30 0
42 31 0
42 32 0
42 33 0
42 34 0
42 35 0
42 36 0
42 37 0
42 38 0
42 39 0

43 0 0
43 1 -0.0202097
43 2 -0.162417
43 3 -0.16278
43 4 -0.164041
43 5 -0.165969
43 6 -0.168458
43 7 -0.171579
43 8 -0.175541
43 9 -0.179675
43 10 -0.184413
43 11 -0.189355
43 12 -0.194689
43 13 -0.199729
43 14 -0.205128
43 15 -0.210306
43 16 -0.215224
43 17 -0.219933
43 18 -0.22459
43 19 -0.228471
43 20 -0.231496
43 21 -0.234396
43 22 -0.236677
43 23 -0.23831
43 24 -0.239368
43 25 -0.240317
43 26 -0.24061
43 27 -0.0299291
43 28 0
43 29 0
43 30 0
43 31 0
43 32 0
43 33 0
43 34 0
43 35 0
43 36 0
43 37 0
43 38 0
43 39 0

44 0 0
44 1 -0.0214551
44 2 -0.172401
44 3 -0.17275
44 4 -0.174083
44 5 -0.175783
44 6 -0.178286
44 7 -0.181636
44 8 -0.185191
44 9 -0.189325
44 10 -0.194099
44 11 -0.199176
44 12 -0.204175
44 13 -0.209376
44 14 -0.214757
44 15 -0.219997
44 16 -0.225045
44 17 -0.229883
44 18 -0.234278
44 19 -0.238505
44 20 -0.242165
44 21 -0.245073
44 22 -0.247454
44 23 -0.24946
44 24 -0.25085
44 25 -0.251851
44 26 -0.252509
44 27 -0.0314206
44 28 0
44 29 0
44 30 0
44 31 0
44 32 0
44 33 0
44 34 0
44 35 0
44 36 0
44 37 0
44 38 0
44 39 0

45 0 0
45 1 -0.0225183
45 2 -0.180984
45 3 -0.181344
45 4 -0.182505
45 5 -0.184165
45 6 -0.186877
45 7 -0.189722
45 8 -0.193709
45 9 -0.197614
45 10 -0.202657
45 11 -0.207454
45 12 -0.212755
45 13 -0.217765
45 14 -0.223127
45 15 -0.228471
45 16 -0.233646
45 17 -0.238445
45 18 -0.243019
45 19 -0.247342
45 20 -0.251016
45 21 -0.25399
45 22 -0.256694
45 23 -0.258871
45 24 -0.26043
45 25 -0.261833
45 26 -0.262589
45 27 -0.0326634
45 28 0
45 29 0
45 30 0
45 31 0
45 32 0
45 33 0
45 34 0
45 35 0
45 36 0
45 37 0
45 38 0
45 39 0

46 0 0
46 1 -0.0233718
46 2 -0.187888
46 3 -0.188283
46 4 -0.189485
46 5 -0.191307
46 6 -0.193916
46 7 -0.196872
46 8 -0.200757
46 9 -0.204807
46 10 -0.209386
46 11 -0.214292
46 12 -0.219433
46 13 -0.22493
46 14 -0.230332
46 15 -0.235441
46 16 -0.240498
46 17 -0.245574
46 18 -0.250233
46 19 -0.254506
46 20 -0.258512
46 21 -0.261687
46 22 -0.264521
46 23 -0.266717
46 24 -0.268519
46 25 -0.26984
46 26 -0.270856
46 27 -0.0337101
46 28 0
46 29 0
46 30 0
46 31 0
46 32 0
46 33 0
46 34 0
46 35 0
46 36 0
46 37 0
46 38 0
46 39 0

47 0 0
47 1 -0.024053
47 2 -0.193184
47 3 -0.193387
47 4 -0.194667
47 5 -0.19646
47 6 -0.199066
47 7 -0.202315
47 8 -0.205904
47 9 -0.210317
47 10 -0.21492
47 11 -0.219863
47 12 -0.224944
47 13 -0.230243
47 14 -0.235576
47 15 -0.240857
47 16 -0.246158
47 17 -0.251237
47 18 -0.256026
47 19 -0.260328
47 20 -0.264022
47 21 -0.267484
47 22 -0.270551
47 23 -0.272826
47 24 -0.274744
47 25 -0.276458
47 26 -0.277385
47 27 -0.034491
47 28 0
47 29 0
47 30 0
47 31 0
47 32 0
47 33 0
47 34 0
47 35 0
47 36 0
47 37 0
47 38 0
47 39 0

48 0 0
48 1 -0.0244727
48 2 -0.196779
48 3 -0.197303
48 4 -0.198382
48 5 -0.200084
48 6 -0.202844
48 7 -0.206004
48 8 -0.209884
48 9 -0.213997
48 10 -0.21852
48 11 -0.223742
48 12 -0.22881
48 13 -0.233932
48 14 -0.239445
48 15 -0.244847
48 16 -0.250291
48 17 -0.255125
48 18 -0.259942
48 19 -0.264217
48 20 -0.268307
48 21 -0.271838
48 22 -0.274748
48 23 -0.277249
48 24 -0.279205
48 25 -0.280636
48 26 -0.281785
48 27 -0.0350749
48 28 0
48 29 0
48 30 0
48 31 0
48 32 0
48 33 0
48 34 0
48 35 0
48 36 0
48 37 0
48 38 0
48 39 0

49 0 0
49 1 -0.0247268
49 2 -0.19875
49 3 -0.19916
49 4 -0.200354
49 5 -0.202346
49 6 -0.204912
49 7 -0.208177
49 8 -0.211928
49 9 -0.216114
49 10 -0.220643
49 11 -0.225565
49 12 -0.230791
49 13 -0.236229
49 14 -0.24167
49 15 -0.247082
49 16 -0.252359
49 17 -0.257415
49 18 -0.262132
49 19 -0.266523
49 20 -0.270485
49 21 -0.274016
49 22 -0.277087
49 23 -0.279675
49 24 -0.281769
49 25 -0.283204
49 26 -0.284203
49 27 -0.0353556
49 28 0
49 29 0
49 30 0
49 31 0
49 32 0
49 33 0
49 34 0
49 35 0
49 36 0
49 37 0
49 38 0
49 39 0

50 0 0
50 1 0
50 2 -0.0247268
50 3 -0.0247671
50 4 -0.0249157
50 5 -0.025189
50 6 -0.025489
50 7 -0.0259069
50 8 -0.0263644
50 9 -0.026894
50 10 -0.0274683
50 11 -0.028041
50 12 -0.028701
50 13 -0.0294044
50 14 -0.030069
50 15 -0.0307494
50 16 -0.0313838
50 17 -0.0320318
50 18 -0.0326029
50 19 -0.0331643
50 20 -0.0336432
50 21 -0.034084
50 22 -0.0344722
50 23 -0.0347969
50 24 -0.0350525
50 25 -0.0352474
50 26 -0.0353556
50 27 0
50 28 0
50 29 0
50 30 0
50 31 0
50 32 0
50 33 0
50 34 0
50 35 0
50 36 0
50 37 0
50 38 0
50 39 0

51 0 0
51 1 0
51 2 0
51 3 0
51 4 0
51 5 0
51 6 0
51 7 0
51 8 0
51 9 0
51 10 0
51 11 0
51 12 0
51 13 0
51 14 0
51 15 0
51 16 0
51 17 0
51 18 0
51 19 0
51 20 0
51 21 0
51 22 0
51 23 0
51 24 0
51 25 0
51 26 0
51 27 0
51 28 0
51 29 0
51 30 0
51 31 0
51 32 0
51 33 0
51 34 0
51 35 0
51 36 0
51 37 0
51 38 0
51 39 0

