0 0 0
0 1 0
0 2 0
0 3 0
0 4 0
0 5 0
0 6 0
0 7 0
0 8 0
0 9 0
0 10 0
0 11 0
0 12 0
0 13 0
0 14 0
0 15 0
0 16 0
0 17 0
0 18 0
0 19 0
0 20 0
0 21 0
0 22 0
0 23 0
0 24 0
0 25 0
0 26 0
0 27 0
0 28 0
0 29 0
0 30 0
0 31 0
0 32 0
0 33 0
0 34 0
0 35 0
0 36 0
0 37 0
0 38 0
0 39 0

1 0 0
1 1 0
1 2 -0.0207864
1 3 -0.0208932
1 4 -0.0210871
1 5 -0.0214351
1 6 -0.0218835
1 7 -0.0224242
1 8 -0.0230859
1 9 -0.0238185
1 10 -0.0246285
1 11 -0.0254614
1 12 -0.026382
1 13 -0.0272685
1 14 -0.0281887
1 15 -0.0291105
1 16 -0.0300263
1 17 -0.030901
1 18 -0.0317031
1 19 -0.032452
1 20 -0.033125
1 21 -0.0337395
1 22 -0.0342429
1 23 -0.0346993
1 24 -0.0350509
1 25 -0.0352946
1 26 -0.0354572
1 27 0
1 28 0
1 29 0
1 30 0
1 31 0
1 32 0
1 33 0
1 34 0
1 35 0
1 36 0
1 37 0
1 38 0
1 39 0

2 0 0
2 1 -0.0207864
2 2 -0.1671
2 3 -0.167876
2 4 -0.169514
2 5 -0.172228
2 6 -0.175824
2 7 -0.180304
2 8 -0.185535
2 9 -0.191462
2 10 -0.197929
2 11 -0.204788
2 12 -0.211937
2 13 -0.219201
2 14 -0.226616
2 15 -0.234043
2 16 -0.24132
2 17 -0.24828
2 18 -0.25478
2 19 -0.260801
2 20 -0.26626
2 21 -0.271108
2 22 -0.275351
2 23 -0.278866
2 24 -0.281672
2 25 -0.283686
2 26 -0.284994
2 27 -0.0354572
2 28 0
2 29 0
2 30 0
2 31 0
2 32 0
2 33 0
2 34 0
2 35 0
2 36 0
2 37 0
2 38 0
2 39 0

3 0 0
3 1 -0.0204879
3 2 -0.164639
3 3 -0.165264
3 4 -0.167065
3 5 -0.169632
3 6 -0.17323
3 7 -0.177873
3 8 -0.183061
3 9 -0.188949
3 10 -0.195363
3 11 -0.202346
3 12 -0.209233
3 13 -0.216693
3 14 -0.224148
3 15 -0.231481
3 16 -0.238651
3 17 -0.245422
3 18 -0.251973
3 19 -0.257956
3 20 -0.263468
3 21 -0.268248
3 22 -0.272585
3 23 -0.275885
3 24 -0.278603
3 25 -0.280669
3 26 -0.282014
3 27 -0.0350868
3 28 0
3 29 0
3 30 0
3 31 0
3 32 0
3 33 0
3 34 0
3 35 0
3 36 0
3 37 0
3 38 0
3 39 0

4 0 0
4 1 -0.0198988
4 2 -0.159963
4 3 -0.160706
4 4 -0.162546
4 5 -0.16517
4 6 -0.168674
4 7 -0.173109
4 8 -0.178437
4 9 -0.18427
4 10 -0.190525
4 11 -0.197503
4 12 -0.204611
4 13 -0.211914
4 14 -0.219418
4 15 -0.226603
4 16 -0.233741
4 17 -0.24066
4 18 -0.247038
4 19 -0.253035
4 20 -0.258256
4 21 -0.263235
4 22 -0.267148
4 23 -0.270552
4 24 -0.273329
4 25 -0.27526
4 26 -0.276494
4 27 -0.0344058
4 28 0
4 29 0
4 30 0
4 31 0
4 32 0
4 33 0
4 34 0
4 35 0
4 36 0
4 37 0
4 38 0
4 39 0

5 0 0
5 1 -0.0190935
5 2 -0.153316
5 3 -0.153809
5 4 -0.155662
5 5 -0.158275
5 6 -0.162147
5 7 -0.16655
5 8 -0.171624
5 9 -0.177619
5 10 -0.183889
5 11 -0.190801
5 12 -0.197755
5 13 -0.205233
5 14 -0.212464
5 15 -0.21984
5 16 -0.226706
5 17 -0.233548
5 18 -0.239715
5 19 -0.245776
5 20 -0.251048
5 21 -0.255628
5 22 -0.259704
5 23 -0.262952
5 24 -0.265473
5 25 -0.267466
5 26 -0.268666
5 27 -0.0334321
5 28 0
5 29 0
5 30 0
5 31 0
5 32 0
5 33 0
5 34 0
5 35 0
5 36 0
5 37 0
5 38 0
5 39 0

6 0 0
6 1 -0.0179819
6 2 -0.144554
6 3 -0.145192
6 4 -0.147186
6 5 -0.14993
6 6 -0.153433
6 7 -0.15775
6 8 -0.162947
6 9 -0.168977
6 10 -0.175156
6 11 -0.182016
6 12 -0.188976
6 13 -0.196327
6 14 -0.203565
6 15 -0.210952
6 16 -0.21767
6 17 -0.22467
6 18 -0.230846
6 19 -0.236484
6 20 -0.241791
6 21 -0.246091
6 22 -0.250053
6 23 -0.253121
6 24 -0.25566
6 25 -0.257319
6 26 -0.258458
6 27 -0.0321564
6 28 0
6 29 0
6 30 0
6 31 0
6 32 0
6 33 0
6 34 0
6 35 0
6 36 0
6 37 0
6 38 0
6 39 0

7 0 0
7 1 -0.0166795
7 2 -0.134015
7 3 -0.134647
7 4 -0.136699
7 5 -0.139173
7 6 -0.142858
7 7 -0.147376
7 8 -0.152528
7 9 -0.158538
7 10 -0.164621
7 11 -0.171442
7 12 -0.178584
7 13 -0.185786
7 14 -0.193057
7 15 -0.200171
7 16 -0.207209
7 17 -0.213612
7 18 -0.219812
7 19 -0.225435
7 20 -0.230556
7 21 -0.23479
7 22 -0.238418
7 23 -0.241531
7 24 -0.243678
7 25 -0.245221
7 26 -0.246131
7 27 -0.0306148
7 28 0
7 29 0
7 30 0
7 31 0
7 32 0
7 33 0
7 34 0
7 35 0
7 36 0
7 37 0
7 38 0
7 39 0

8 0 0
8 1 -0.0151484
8 2 -0.121818
8 3 -0.122612
8 4 -0.124388
8 5 -0.127077
8 6 -0.130931
8 7 -0.135187
8 8 -0.140579
8 9 -0.146079
8 10 -0.152531
8 11 -0.159237
8 12 -0.166341
8 13 -0.173537
8 14 -0.180611
8 15 -0.187885
8 16 -0.194768
8 17 -0.201062
8 18 -0.207449
8 19 -0.212677
8 20 -0.217663
8 21 -0.221638
8 22 -0.225164
8 23 -0.227829
8 24 -0.229628
8 25 -0.231097
8 26 -0.231923
8 27 -0.0288642
8 28 0
8 29 0
8 30 0
8 31 0
8 32 0
8 33 0
8 34 0
8 35 0
8 36 0
8 37 0
8 38 0
8 39 0

9 0 0
9 1 -0.0134658
9 2 -0.10815
9 3 -0.108859
9 4 -0.110808
9 5 -0.113554
9 6 -0.117294
9 7 -0.121639
9 8 -0.12683
9 9 -0.132752
9 10 -0.138955
9 11 -0.145748
9 12 -0.152807
9 13 -0.160027
9 14 -0.167069
9 15 -0.174367
9 16 -0.181098
9 17 -0.18738
9 18 -0.193302
9 19 -0.198637
9 20 -0.203268
9 21 -0.20724
9 22 -0.210382
9 23 -0.212617
9 24 -0.214259
9 25 -0.215333
9 26 -0.215727
9 27 -0.0268237
9 28 0
9 29 0
9 30 0
9 31 0
9 32 0
9 33 0
9 34 0
9 35 0
9 36 0
9 37 0
9 38 0
9 39 0

10 0 0
10 1 -0.0115932
10 2 -0.0932542
10 3 -0.0941582
10 4 -0.095875
10 5 -0.0987711
10 6 -0.102479
10 7 -0.106985
10 8 -0.112158
10 9 -0.118037
10 10 -0.124468
10 11 -0.131221
10 12 -0.138104
10 13 -0.145379
10 14 -0.152512
10 15 -0.159571
10 16 -0.166201
10 17 -0.172566
10 18 -0.178245
10 19 -0.183476
10 20 -0.187957
10 21 -0.19161
10 22 -0.194251
10 23 -0.196055
10 24 -0.19706
10 25 -0.197473
10 26 -0.197669
10 27 -0.0246012
10 28 0
10 29 0
10 30 0
10 31 0
10 32 0
10 33 0
10 34 0
10 35 0
10 36 0
10 37 0
10 38 0
10 39 0

11 0 0
11 1 -0.00963061
11 2 -0.0774244
11 3 -0.0783852
11 4 -0.0802395
11 5 -0.0831234
11 6 -0.0868668
11 7 -0.0913925
11 8 -0.0965683
11 9 -0.102432
11 10 -0.108725
11 11 -0.115646
11 12 -0.122641
11 13 -0.129912
11 14 -0.136881
11 15 -0.143892
11 16 -0.150675
11 17 -0.156767
11 18 -0.162594
11 19 -0.167513
11 20 -0.1717
11 21 -0.175014
11 22 -0.177214
11 23 -0.17857
11 24 -0.178711
11 25 -0.177978
11 26 -0.177533
11 27 -0.0221078
11 28 0
11 29 0
11 30 0
11 31 0
11 32 0
11 33 0
11 34 0
11 35 0
11 36 0
11 37 0
11 38 0
11 39 0

12 0 0
12 1 -0.0075805
12 2 -0.0610135
12 3 -0.0619998
12 4 -0.0637659
12 5 -0.0667214
12 6 -0.0704203
12 7 -0.0750803
12 8 -0.0803169
12 9 -0.0862977
12 10 -0.0926976
12 11 -0.0995264
12 12 -0.106802
12 13 -0.114006
12 14 -0.121037
12 15 -0.127936
12 16 -0.134671
12 17 -0.140622
12 18 -0.146255
12 19 -0.151048
12 20 -0.155121
12 21 -0.157961
12 22 -0.159985
12 23 -0.160413
12 24 -0.159627
12 25 -0.157523
12 26 -0.154663
12 27 -0.0324603
12 28 -0.0114773
12 29 -0.0101748
12 30 -0.00922369
12 31 -0.00849789
12 32 -0.00806206
12 33 0
12 34 0
12 35 0
12 36 0
12 37 0
12 38 0
12 39 0

13 0 0
13 1 -0.00550064
13 2 -0.0441439
13 3 -0.045001
13 4 -0.0472887
13 5 -0.0499965
13 6 -0.0536625
13 7 -0.0584106
13 8 -0.063723
13 9 -0.0696575
13 10 -0.076229
13 11 -0.0830302
13 12 -0.0901282
13 13 -0.0972457
13 14 -0.104552
13 15 -0.111369
13 16 -0.118005
13 17 -0.124175
13 18 -0.129691
13 19 -0.13447
13 20 -0.138312
13 21 -0.141208
13 22 -0.142579
13 23 -0.142478
13 24 -0.140897
13 25 -0.136178
13 26 -0.12725
13 27 -0.106317
13 28 -0.0922263
13 29 -0.0818579
13 30 -0.0740212
13 31 -0.0683237
13 32 -0.0647527
13 33 -0.0150535
13 34 -0.006641
13 35 0
13 36 0
13 37 0
13 38 0
13 39 0

14 0 0
14 1 -0.00338337
14 2 -0.0271803
14 3 -0.028135
14 4 -0.0301945
14 5 -0.0331559
14 6 -0.0369807
14 7 -0.0415865
14 8 -0.0470751
14 9 -0.0530341
14 10 -0.0596668
14 11 -0.0664681
14 12 -0.0736896
14 13 -0.0807602
14 14 -0.0881151
14 15 -0.0950015
14 16 -0.101653
14 17 -0.10781
14 18 -0.113231
14 19 -0.117993
14 20 -0.121625
14 21 -0.124458
14 22 -0.125867
14 23 -0.125523
14 24 -0.123538
14 25 -0.118859
14 26 -0.11097
14 27 -0.0990527
14 28 -0.0881851
14 29 -0.0792909
14 30 -0.0718523
14 31 -0.0661406
14 32 -0.0610781
14 33 -0.0561782
14 34 -0.0534012
14 35 -0.0126592
14 36 0
14 37 0
14 38 0
14 39 0

15 0 0
15 1 -0.00128986
15 2 -0.0103986
15 3 -0.0114503
15 4 -0.0135159
15 5 -0.0164658
15 6 -0.0203435
15 7 -0.0251098
15 8 -0.030567
15 9 -0.036458
15 10 -0.0430152
15 11 -0.0500381
15 12 -0.0570841
15 13 -0.0644238
15 14 -0.0719355
15 15 -0.0787192
15 16 -0.0854966
15 17 -0.0917634
15 18 -0.096991
15 19 -0.102074
15 20 -0.10578
15 21 -0.108449
15 22 -0.109946
15 23 -0.109664
15 24 -0.107828
15 25 -0.103927
15 26 -0.0980205
15 27 -0.0901815
15 28 -0.0819588
15 29 -0.0748458
15 30 -0.0684191
15 31 -0.0630517
15 32 -0.0583398
15 33 -0.0543173
15 34 -0.051023
15 35 -0.048375
15 36 -0.011485
15 37 0
15 38 0
15 39 0

16 0 0
16 1 0.000753959
16 2 0.00597133
16 3 0.00473561
16 4 0.00284756
16 5 -0.000170557
16 6 -0.0041194
16 7 -0.00903072
16 8 -0.0143471
16 9 -0.0203815
16 10 -0.0271621
16 11 -0.0340605
16 12 -0.0411862
16 13 -0.0487476
16 14 -0.0559818
16 15 -0.0631294
16 16 -0.0700155
16 17 -0.0761071
16 18 -0.0815832
16 19 -0.08661
16 20 -0.0904163
16 21 -0.0934529
16 22 -0.0949924
16 23 -0.0951869
16 24 -0.0940752
16 25 -0.0912317
16 26 -0.0868909
16 27 -0.0811077
16 28 -0.0751984
16 29 -0.0695113
16 30 -0.063929
16 31 -0.0593177
16 32 -0.0550547
16 33 -0.051566
16 34 -0.0485723
16 35 -0.0460137
16 36 -0.0439059
16 37 -0.0105199
16 38 0
16 39 0

17 0 0
17 1 0.0026797
17 2 0.0215224
17 3 0.0204418
17 4 0.0184739
17 5 0.0152324
17 6 0.0113235
17 7 0.00676758
17 8 0.000913186
17 9 -0.00503613
17 10 -0.0116418
17 11 -0.0187386
17 12 -0.0260949
17 13 -0.0336543
17 14 -0.0408585
17 15 -0.0481819
17 16 -0.0552107
17 17 -0.0616232
17 18 -0.0672121
17 19 -0.072123
17 20 -0.0762004
17 21 -0.0791939
17 22 -0.0812865
17 23 -0.0819929
17 24 -0.0813589
17 25 -0.0795457
17 26 -0.0766235
17 27 -0.0725671
17 28 -0.0680854
17 29 -0.063682
17 30 -0.0593616
17 31 -0.0553299
17 32 -0.0517101
17 33 -0.0487165
17 34 -0.0459723
17 35 -0.0439812
17 36 -0.0419957
17 37 -0.0405996
17 38 -0.00505318
17 39 0

18 0 0
18 1 0.00449963
18 2 0.0361693
18 3 0.0350758
18 4 0.0329465
18 5 0.0299409
18 6 0.0258613
18 7 0.0212374
18 8 0.0154864
18 9 0.00947218
18 10 0.00263682
18 11 -0.00448158
18 12 -0.0118056
18 13 -0.0194017
18 14 -0.0270449
18 15 -0.0342676
18 16 -0.0413129
18 17 -0.0477225
18 18 -0.0535527
18 19 -0.058902
18 20 -0.0630453
18 21 -0.0664389
18 22 -0.0689434
18 23 -0.069997
18 24 -0.0703499
18 25 -0.0693364
18 26 -0.0673614
18 27 -0.064738
18 28 -0.0614385
18 29 -0.0581435
18 30 -0.054601
18 31 -0.0514243
18 32 -0.0484402
18 33 -0.0459101
18 34 -0.0436668
18 35 -0.0417851
18 36 -0.0403604
18 37 -0.0395868
18 38 -0.00493075
18 39 0

19 0 0
19 1 0.00616423
19 2 0.0495865
19 3 0.048531
19 4 0.046414
19 5 0.0432909
19 6 0.0393125
19 7 0.0344228
19 8 0.0288068
19 9 0.022595
19 10 0.0156718
19 11 0.00851881
19 12 0.00100539
19 13 -0.0066763
19 14 -0.0142481
19 15 -0.0215961
19 16 -0.0287514
19 17 -0.0354053
19 18 -0.0413786
19 19 -0.0468394
19 20 -0.0512724
19 21 -0.0551261
19 22 -0.0577791
19 23 -0.0595205
19 24 -0.0604308
19 25 -0.0602129
19 26 -0.0592195
19 27 -0.0574088
19 28 -0.0553031
19 29 -0.0527965
19 30 -0.0503117
19 31 -0.0476907
19 32 -0.0454762
19 33 -0.0431347
19 34 -0.0413412
19 35 -0.0399201
19 36 -0.0389755
19 37 -0.0382769
19 38 -0.00475096
19 39 0

20 0 0
20 1 0.0076595
20 2 0.0615333
20 3 0.0604318
20 4 0.0582753
20 5 0.0550601
20 6 0.0511467
20 7 0.0461612
20 8 0.0406167
20 9 0.034318
20 10 0.0274107
20 11 0.0201359
20 12 0.0126138
20 13 0.00483262
20 14 -0.00294659
20 15 -0.0103417
20 16 -0.0176217
20 17 -0.0243154
20 18 -0.0305839
20 19 -0.0360292
20 20 -0.0408412
20 21 -0.0449776
20 22 -0.0481916
20 23 -0.0504989
20 24 -0.051736
20 25 -0.0522554
20 26 -0.0520499
20 27 -0.0509936
20 28 -0.0500378
20 29 -0.0480695
20 30 -0.046262
20 31 -0.0443001
20 32 -0.0425406
20 33 -0.0408874
20 34 -0.0393091
20 35 -0.0381921
20 36 -0.0372063
20 37 -0.0370272
20 38 -0.00462615
20 39 0

21 0 0
21 1 0.00891299
21 2 0.0717969
21 3 0.0709127
21 4 0.0686113
21 5 0.0655388
21 6 0.0615524
21 7 0.0562713
21 8 0.050748
21 9 0.0443205
21 10 0.0374459
21 11 0.0301313
21 12 0.0223004
21 13 0.0147107
21 14 0.00683518
21 15 -0.000616826
21 16 -0.00805127
21 17 -0.0150078
21 18 -0.0213307
21 19 -0.0270093
21 20 -0.0321328
21 21 -0.0363815
21 22 -0.0399346
21 23 -0.0427662
21 24 -0.0445677
21 25 -0.0456807
21 26 -0.0460745
21 27 -0.0459865
21 28 -0.0452691
21 29 -0.0443031
21 30 -0.0430125
21 31 -0.0415639
21 32 -0.0402511
21 33 -0.0387723
21 34 -0.0377728
21 35 -0.0366998
21 36 -0.0361736
21 37 -0.0358479
21 38 -0.00445186
21 39 0

22 0 0
22 1 0.00999515
22 2 0.0803318
22 3 0.0791725
22 4 0.0770037
22 5 0.0738892
22 6 0.0696615
22 7 0.0647903
22 8 0.0591456
22 9 0.0526163
22 10 0.0457017
22 11 0.0382986
22 12 0.0306527
22 13 0.0227376
22 14 0.0149397
22 15 0.00739074
22 16 -0.00019214
22 17 -0.00712089
22 18 -0.013733
22 19 -0.0196916
22 20 -0.0249506
22 21 -0.0296752
22 22 -0.0335345
22 23 -0.0367033
22 24 -0.0390764
22 25 -0.0403463
22 26 -0.0413688
22 27 -0.0416694
22 28 -0.0415329
22 29 -0.0410758
22 30 -0.0402153
22 31 -0.0393723
22 32 -0.0382306
22 33 -0.037373
22 34 -0.0365109
22 35 -0.0356805
22 36 -0.0352206
22 37 -0.0349844
22 38 -0.00435045
22 39 0

23 0 0
23 1 0.0108168
23 2 0.0868802
23 3 0.0855893
23 4 0.0833951
23 5 0.0802516
23 6 0.0761426
23 7 0.0711357
23 8 0.0653148
23 9 0.0589662
23 10 0.0520053
23 11 0.0446412
23 12 0.0367573
23 13 0.0290917
23 14 0.021076
23 15 0.0133365
23 16 0.00573674
23 17 -0.00141438
23 18 -0.00798093
23 19 -0.0142383
23 20 -0.0195702
23 21 -0.0245173
23 22 -0.0285757
23 23 -0.0317679
23 24 -0.0347745
23 25 -0.0364516
23 26 -0.0379041
23 27 -0.0386674
23 28 -0.038929
23 29 -0.0388729
23 30 -0.0384212
23 31 -0.0377077
23 32 -0.03692
23 33 -0.0363722
23 34 -0.0357616
23 35 -0.0350427
23 36 -0.0347771
23 37 -0.0346262
23 38 -0.00431284
23 39 0

24 0 0
24 1 0.0113534
24 2 0.0912354
24 3 0.0900446
24 4 0.0879135
24 5 0.0845489
24 6 0.0804823
24 7 0.0754085
24 8 0.0696646
24 9 0.0631649
24 10 0.0562539
24 11 0.0488016
24 12 0.0409873
24 13 0.0329744
24 14 0.0251128
24 15 0.0172838
24 16 0.00973711
24 17 0.00253473
24 18 -0.00441416
24 19 -0.010453
24 20 -0.0160811
24 21 -0.0213343
24 22 -0.0254926
24 23 -0.0290697
24 24 -0.0318238
24 25 -0.0340479
24 26 -0.0357113
24 27 -0.0368393
24 28 -0.0372511
24 29 -0.037727
24 30 -0.0372171
24 31 -0.03705
24 32 -0.0364704
24 33 -0.0360415
24 34 -0.0355172
24 35 -0.0349404
24 36 -0.0346917
24 37 -0.0346757
24 38 -0.00431939
24 39 0

25 0 0
25 1 0.0116214
25 2 0.0934817
25 3 0.0923592
25 4 0.0899418
25 5 0.0866021
25 6 0.0826556
25 7 0.0773191
25 8 0.0717494
25 9 0.0653195
25 10 0.058224
25 11 0.0507208
25 12 0.0431508
25 13 0.035071
25 14 0.0271874
25 15 0.019143
25 16 0.0115552
25 17 0.00436367
25 18 -0.00265458
25 19 -0.00873702
25 20 -0.0145248
25 21 -0.0195926
25 22 -0.0240635
25 23 -0.0277358
25 24 -0.0308735
25 25 -0.0332538
25 26 -0.0351695
25 27 -0.0362063
25 28 -0.0370716
25 29 -0.0373083
25 30 -0.0371749
25 31 -0.0369188
25 32 -0.0365343
25 33 -0.0362325
25 34 -0.0355891
25 35 -0.0354399
25 36 -0.0352417
25 37 -0.0351099
25 38 -0.00436929
25 39 0

26 0 0
26 1 0.0116277
26 2 0.0934174
26 3 0.0922125
26 4 0.0899894
26 5 0.0866163
26 6 0.0828104
26 7 0.0775079
26 8 0.0717342
26 9 0.0652489
26 10 0.058171
26 11 0.0505499
26 12 0.0429323
26 13 0.0349516
26 14 0.0269063
26 15 0.0189901
26 16 0.0113124
26 17 0.00417961
26 18 -0.00269967
26 19 -0.00913171
26 20 -0.0149341
26 21 -0.0199875
26 22 -0.0244649
26 23 -0.0281351
26 24 -0.0312584
26 25 -0.0337042
26 26 -0.0354371
26 27 -0.036828
26 28 -0.0376745
26 29 -0.0379934
26 30 -0.0379068
26 31 -0.0378867
26 32 -0.0374316
26 33 -0.0370508
26 34 -0.0367321
26 35 -0.0364006
26 36 -0.0360701
26 37 -0.0360601
26 38 -0.00449257
26 39 0

27 0 0
27 1 0.011347
27 2 0.0912143
27 3 0.0899325
27 4 0.0876717
27 5 0.0845942
27 6 0.0803265
27 7 0.0751458
27 8 0.069408
27 9 0.0628134
27 10 0.0558906
27 11 0.0485382
27 12 0.0405033
27 13 0.0326442
27 14 0.0246499
27 15 0.0168034
27 16 0.00921063
27 17 0.00196227
27 18 -0.00498907
27 19 -0.011036
27 20 -0.017099
27 21 -0.0220359
27 22 -0.0266101
27 23 -0.0302936
27 24 -0.0333308
27 25 -0.0356698
27 26 -0.037527
27 27 -0.0387044
27 28 -0.0393664
27 29 -0.0397505
27 30 -0.0396426
27 31 -0.03932
27 32 -0.0389913
27 33 -0.0386501
27 34 -0.0383473
27 35 -0.0377729
27 36 -0.037555
27 37 -0.0375489
27 38 -0.00467644
27 39 0

28 0 0
28 1 0.0107999
28 2 0.0867501
28 3 0.0855042
28 4 0.083333
28 5 0.0800408
28 6 0.0758763
28 7 0.0709085
28 8 0.0652414
28 9 0.058519
28 10 0.0515228
28 11 0.0441365
28 12 0.0362946
28 13 0.0283396
28 14 0.020444
28 15 0.0126453
28 16 0.00489788
28 17 -0.00227467
28 18 -0.00906132
28 19 -0.0153601
28 20 -0.0210816
28 21 -0.0260968
28 22 -0.0304393
28 23 -0.0340527
28 24 -0.0368413
28 25 -0.0391263
28 26 -0.0407253
28 27 -0.0417255
28 28 -0.0420893
28 29 -0.0423043
28 30 -0.0420765
28 31 -0.0417816
28 32 -0.0412448
28 33 -0.0408997
28 34 -0.0403524
28 35 -0.0398508
28 36 -0.0395413
28 37 -0.0394953
28 38 -0.00492253
28 39 0

29 0 0
29 1 0.00998024
29 2 0.0802347
29 3 0.0791236
29 4 0.0767519
29 5 0.0735856
29 6 0.0694303
29 7 0.0642607
29 8 0.0586467
29 9 0.0522094
29 10 0.0448917
29 11 0.0375337
29 12 0.0297629
29 13 0.0219731
29 14 0.0140067
29 15 0.00611779
29 16 -0.00120314
29 17 -0.0084166
29 18 -0.0152439
29 19 -0.0212524
29 20 -0.0269914
29 21 -0.0317377
29 22 -0.0358869
29 23 -0.0392517
29 24 -0.0418807
29 25 -0.0439084
29 26 -0.0450113
29 27 -0.0459068
29 28 -0.0460633
29 29 -0.0461303
29 30 -0.0455356
29 31 -0.0449353
29 32 -0.0442837
29 33 -0.0435402
29 34 -0.0428457
29 35 -0.0421918
29 36 -0.0420883
29 37 -0.0417821
29 38 -0.00518893
29 39 0

30 0 0
30 1 0.00892827
30 2 0.0717744
30 3 0.0705855
30 4 0.0683972
30 5 0.0652112
30 6 0.0610865
30 7 0.0560306
30 8 0.050183
30 9 0.0439278
30 10 0.0368624
30 11 0.0294434
30 12 0.0216206
30 13 0.0138315
30 14 0.00589503
30 15 -0.00183687
30 16 -0.00930981
30 17 -0.0162236
30 18 -0.0231308
30 19 -0.0289738
30 20 -0.0343882
30 21 -0.0391817
30 22 -0.0429362
30 23 -0.0461236
30 24 -0.048562
30 25 -0.0498155
30 26 -0.0507987
30 27 -0.0509736
30 28 -0.0509696
30 29 -0.0505956
30 30 -0.0495036
30 31 -0.0488307
30 32 -0.0477374
30 33 -0.0466423
30 34 -0.0459183
30 35 -0.0451282
30 36 -0.0446775
30 37 -0.0444219
30 38 -0.00552186
30 39 0

31 0 0
31 1 0.00764233
31 2 0.061434
31 3 0.0602272
31 4 0.0580718
31 5 0.0547203
31 6 0.0508536
31 7 0.0456818
31 8 0.0396366
31 9 0.0334383
31 10 0.0264601
31 11 0.0192603
31 12 0.011301
31 13 0.00374893
31 14 -0.00408807
31 15 -0.011781
31 16 -0.0191296
31 17 -0.0263261
31 18 -0.0326132
31 19 -0.0383759
31 20 -0.0435559
31 21 -0.047857
31 22 -0.0515032
31 23 -0.0543486
31 24 -0.0561223
31 25 -0.0573801
31 26 -0.0576938
31 27 -0.0576938
31 28 -0.0567564
31 29 -0.0556653
31 30 -0.0546372
31 31 -0.0532229
31 32 -0.0515833
31 33 -0.050324
31 34 -0.049432
31 35 -0.0481263
31 36 -0.0475539
31 37 -0.0472577
31 38 -0.00587684
31 39 0

32 0 0
32 1 0.00614277
32 2 0.0493237
32 3 0.0481469
32 4 0.0458941
32 5 0.0427771
32 6 0.0386454
32 7 0.0336797
32 8 0.0280675
32 9 0.0216515
32 10 0.0146415
32 11 0.00750574
32 12 -0.000181233
32 13 -0.00803047
32 14 -0.0156534
32 15 -0.0233259
32 16 -0.0306162
32 17 -0.0373671
32 18 -0.0435859
32 19 -0.0494319
32 20 -0.0542321
32 21 -0.0584136
32 22 -0.0616284
32 23 -0.0638915
32 24 -0.0652942
32 25 -0.0658776
32 26 -0.0657039
32 27 -0.0647838
32 28 -0.063465
32 29 -0.0618333
32 30 -0.0598515
32 31 -0.0579242
32 32 -0.0558475
32 33 -0.0543954
32 34 -0.052761
32 35 -0.0514724
32 36 -0.0506351
32 37 -0.0502152
32 38 -0.00624446
32 39 0

33 0 0
33 1 0.00443954
33 2 0.0356998
33 3 0.0346056
33 4 0.0324438
33 5 0.0293047
33 6 0.0251624
33 7 0.0202128
33 8 0.014639
33 9 0.00835451
33 10 0.00139548
33 11 -0.00585303
33 12 -0.0133541
33 13 -0.0211617
33 14 -0.0288302
33 15 -0.0361541
33 16 -0.043308
33 17 -0.0500753
33 18 -0.0563356
33 19 -0.0617295
33 20 -0.0662962
33 21 -0.0699293
33 22 -0.0727705
33 23 -0.0747152
33 24 -0.0755349
33 25 -0.0754701
33 26 -0.0744368
33 27 -0.0728519
33 28 -0.0706979
33 29 -0.0682397
33 30 -0.0655216
33 31 -0.0629418
33 32 -0.0605322
33 33 -0.0584368
33 34 -0.0563055
33 35 -0.0547683
33 36 -0.0537833
33 37 -0.0530472
33 38 -0.00659807
33 39 0

34 0 0
34 1 0.00258712
34 2 0.0207835
34 3 0.0196918
34 4 0.0176064
34 5 0.0144711
34 6 0.0104826
34 7 0.00563649
34 8 -7.57788e-05
34 9 -0.00624987
34 10 -0.0130112
34 11 -0.0202123
34 12 -0.0278004
34 13 -0.0353425
34 14 -0.0428791
34 15 -0.0502265
34 16 -0.0573919
34 17 -0.0638502
34 18 -0.0697693
34 19 -0.0749622
34 20 -0.0794507
34 21 -0.0828813
34 22 -0.0853943
34 23 -0.0866649
34 24 -0.0868656
34 25 -0.0859689
34 26 -0.0841909
34 27 -0.0814983
34 28 -0.0784413
34 29 -0.0751405
34 30 -0.0714465
34 31 -0.0682664
34 32 -0.0651685
34 33 -0.062679
34 34 -0.0601321
34 35 -0.0581598
34 36 -0.0566353
34 37 -0.0555995
34 38 -0.00691553
34 39 0

35 0 0
35 1 0.000614693
35 2 0.00486303
35 3 0.00372959
35 4 0.001912
35 5 -0.00123812
35 6 -0.00510789
35 7 -0.00995002
35 8 -0.0155285
35 9 -0.0218458
35 10 -0.0286004
35 11 -0.035662
35 12 -0.0431429
35 13 -0.0507112
35 14 -0.0581506
35 15 -0.0653865
35 16 -0.0723086
35 17 -0.0787803
35 18 -0.0846404
35 19 -0.0894936
35 20 -0.0938227
35 21 -0.0970045
35 22 -0.0989351
35 23 -0.0998143
35 24 -0.0994792
35 25 -0.0974909
35 26 -0.0948486
35 27 -0.0907994
35 28 -0.0865788
35 29 -0.0820384
35 30 -0.0775885
35 31 -0.0736952
35 32 -0.0698239
35 33 -0.0665932
35 34 -0.0636764
35 35 -0.0611541
35 36 -0.0591231
35 37 -0.0572998
35 38 -0.00712981
35 39 0

36 0 0
36 1 -0.00146129
36 2 -0.0117859
36 3 -0.0128408
36 4 -0.0146166
36 5 -0.0178844
36 6 -0.0216205
36 7 -0.0265138
36 8 -0.0320685
36 9 -0.0380962
36 10 -0.0450776
36 11 -0.0519034
36 12 -0.0594032
36 13 -0.0666853
36 14 -0.0740446
36 15 -0.081194
36 16 -0.088005
36 17 -0.0943018
36 18 -0.0998989
36 19 -0.104975
36 20 -0.108876
36 21 -0.11201
36 22 -0.113617
36 23 -0.113895
36 24 -0.112928
36 25 -0.110009
36 26 -0.105826
36 27 -0.100392
36 28 -0.0943203
36 29 -0.0886595
36 30 -0.0834633
36 31 -0.0785966
36 32 -0.0741575
36 33 -0.0705088
36 34 -0.0673389
36 35 -0.0643331
36 36 -0.0617208
36 37 -0.0148095
36 38 0
36 39 0

37 0 0
37 1 -0.00358868
37 2 -0.0288302
37 3 -0.0297905
37 4 -0.0317661
37 5 -0.0349033
37 6 -0.0385966
37 7 -0.0434029
37 8 -0.0487532
37 9 -0.0548536
37 10 -0.0616094
37 11 -0.0684007
37 12 -0.0759103
37 13 -0.0829822
37 14 -0.0903445
37 15 -0.0975752
37 16 -0.104178
37 17 -0.110592
37 18 -0.116149
37 19 -0.121143
37 20 -0.125016
37 21 -0.127719
37 22 -0.129257
37 23 -0.129258
37 24 -0.127675
37 25 -0.123732
37 26 -0.11801
37 27 -0.110113
37 28 -0.102043
37 29 -0.0949161
37 30 -0.0885643
37 31 -0.0830399
37 32 -0.0781759
37 33 -0.0738389
37 34 -0.0702717
37 35 -0.0674036
37 36 -0.0160722
37 37 0
37 38 0
37 39 0

38 0 0
38 1 -0.00573483
38 2 -0.0460734
38 3 -0.0470316
38 4 -0.048865
38 5 -0.0519214
38 6 -0.0555239
38 7 -0.0604077
38 8 -0.0657971
38 9 -0.0719848
38 10 -0.0783913
38 11 -0.085271
38 12 -0.0926075
38 13 -0.0998082
38 14 -0.107206
38 15 -0.114233
38 16 -0.120811
38 17 -0.126939
38 18 -0.132647
38 19 -0.137316
38 20 -0.141168
38 21 -0.144037
38 22 -0.14556
38 23 -0.145332
38 24 -0.143356
38 25 -0.138888
38 26 -0.131288
38 27 -0.119394
38 28 -0.108741
38 29 -0.0999015
38 30 -0.0923988
38 31 -0.0866734
38 32 -0.0818071
38 33 -0.0763709
38 34 -0.0734347
38 35 -0.0175337
38 36 0
38 37 0
38 38 0
38 39 0

39 0 0
39 1 -0.00784569
39 2 -0.0631562
39 3 -0.0641802
39 4 -0.0661065
39 5 -0.0688616
39 6 -0.0726186
39 7 -0.0776069
39 8 -0.0826218
39 9 -0.0886739
39 10 -0.0951978
39 11 -0.101985
39 12 -0.109179
39 13 -0.116322
39 14 -0.123336
39 15 -0.130489
39 16 -0.137287
39 17 -0.143395
39 18 -0.149024
39 19 -0.154053
39 20 -0.157915
39 21 -0.160709
39 22 -0.162413
39 23 -0.162454
39 24 -0.160853
39 25 -0.156327
39 26 -0.147669
39 27 -0.127025
39 28 -0.113192
39 29 -0.102773
39 30 -0.0949145
39 31 -0.0892082
39 32 -0.0856904
39 33 -0.0201629
39 34 -0.00914119
39 35 0
39 36 0
39 37 0
39 38 0
39 39 0

40 0 0
40 1 -0.00993377
40 2 -0.0798427
40 3 -0.0806877
40 4 -0.0827323
40 5 -0.0855833
40 6 -0.0892663
40 7 -0.0939856
40 8 -0.0990128
40 9 -0.104927
40 10 -0.111465
40 11 -0.118216
40 12 -0.1255
40 13 -0.132664
40 14 -0.139795
40 15 -0.146904
40 16 -0.153421
40 17 -0.159736
40 18 -0.165429
40 19 -0.170223
40 20 -0.174467
40 21 -0.177352
40 22 -0.179396
40 23 -0.18018
40 24 -0.179639
40 25 -0.177275
40 26 -0.174479
40 27 -0.0374762
40 28 -0.0140884
40 29 -0.0127731
40 30 -0.0118139
40 31 -0.0111053
40 32 -0.0106605
40 33 0
40 34 0
40 35 0
40 36 0
40 37 0
40 38 0
40 39 0

41 0 0
41 1 -0.0119414
41 2 -0.0958554
41 3 -0.0965092
41 4 -0.0986203
41 5 -0.101338
41 6 -0.10515
41 7 -0.109615
41 8 -0.115076
41 9 -0.120838
41 10 -0.127161
41 11 -0.133912
41 12 -0.140796
41 13 -0.148064
41 14 -0.155356
41 15 -0.162337
41 16 -0.169117
41 17 -0.175391
41 18 -0.181173
41 19 -0.186279
41 20 -0.190441
41 21 -0.193956
41 22 -0.196179
41 23 -0.197479
41 24 -0.197704
41 25 -0.197334
41 26 -0.196702
41 27 -0.0244787
41 28 0
41 29 0
41 30 0
41 31 0
41 32 0
41 33 0
41 34 0
41 35 0
41 36 0
41 37 0
41 38 0
41 39 0

42 0 0
42 1 -0.0137693
42 2 -0.110767
42 3 -0.111716
42 4 -0.11355
42 5 -0.116351
42 6 -0.119996
42 7 -0.124427
42 8 -0.129691
42 9 -0.135485
42 10 -0.141839
42 11 -0.148556
42 12 -0.155746
42 13 -0.162847
42 14 -0.170136
42 15 -0.177293
42 16 -0.183895
42 17 -0.190306
42 18 -0.196208
42 19 -0.201438
42 20 -0.205942
42 21 -0.209488
42 22 -0.212374
42 23 -0.214152
42 24 -0.215205
42 25 -0.215715
42 26 -0.215747
42 27 -0.0268302
42 28 0
42 29 0
42 30 0
42 31 0
42 32 0
42 33 0
42 34 0
42 35 0
42 36 0
42 37 0
42 38 0
42 39 0

43 0 0
43 1 -0.0155131
43 2 -0.124604
43 3 -0.125297
43 4 -0.127144
43 5 -0.12984
43 6 -0.133549
43 7 -0.13811
43 8 -0.143176
43 9 -0.149146
43 10 -0.15527
43 11 -0.162257
43 12 -0.169232
43 13 -0.176465
43 14 -0.183791
43 15 -0.190653
43 16 -0.197733
43 17 -0.204172
43 18 -0.210107
43 19 -0.215326
43 20 -0.220136
43 21 -0.22396
43 22 -0.227125
43 23 -0.229563
43 24 -0.231104
43 25 -0.232073
43 26 -0.232539
43 27 -0.0289246
43 28 0
43 29 0
43 30 0
43 31 0
43 32 0
43 33 0
43 34 0
43 35 0
43 36 0
43 37 0
43 38 0
43 39 0

44 0 0
44 1 -0.0170148
44 2 -0.136884
44 3 -0.13774
44 4 -0.139285
44 5 -0.142162
44 6 -0.145828
44 7 -0.150155
44 8 -0.155563
44 9 -0.161231
44 10 -0.167705
44 11 -0.174395
44 12 -0.181584
44 13 -0.18876
44 14 -0.1961
44 15 -0.203264
44 16 -0.210132
44 17 -0.216495
44 18 -0.222762
44 19 -0.228156
44 20 -0.233124
44 21 -0.237179
44 22 -0.240576
44 23 -0.243215
44 24 -0.245157
44 25 -0.246391
44 26 -0.247252
44 27 -0.0307702
44 28 0
44 29 0
44 30 0
44 31 0
44 32 0
44 33 0
44 34 0
44 35 0
44 36 0
44 37 0
44 38 0
44 39 0

45 0 0
45 1 -0.0183546
45 2 -0.147506
45 3 -0.148245
45 4 -0.150078
45 5 -0.152662
45 6 -0.156329
45 7 -0.160734
45 8 -0.1658
45 9 -0.171867
45 10 -0.178212
45 11 -0.185129
45 12 -0.192204
45 13 -0.199405
45 14 -0.206697
45 15 -0.214
45 16 -0.220838
45 17 -0.227295
45 18 -0.233671
45 19 -0.239189
45 20 -0.244341
45 21 -0.248567
45 22 -0.252093
45 23 -0.255057
45 24 -0.257204
45 25 -0.258857
45 26 -0.259827
45 27 -0.032319
45 28 0
45 29 0
45 30 0
45 31 0
45 32 0
45 33 0
45 34 0
45 35 0
45 36 0
45 37 0
45 38 0
45 39 0

46 0 0
46 1 -0.0194498
46 2 -0.156368
46 3 -0.157153
46 4 -0.158881
46 5 -0.161443
46 6 -0.165231
46 7 -0.169549
46 8 -0.174863
46 9 -0.180521
46 10 -0.187001
46 11 -0.19385
46 12 -0.20079
46 13 -0.20846
46 14 -0.215465
46 15 -0.222768
46 16 -0.229879
46 17 -0.236532
46 18 -0.242939
46 19 -0.248441
46 20 -0.253633
46 21 -0.258119
46 22 -0.261876
46 23 -0.264937
46 24 -0.267269
46 25 -0.268951
46 26 -0.270088
46 27 -0.0336067
46 28 0
46 29 0
46 30 0
46 31 0
46 32 0
46 33 0
46 34 0
46 35 0
46 36 0
46 37 0
46 38 0
46 39 0

47 0 0
47 1 -0.0203124
47 2 -0.163208
47 3 -0.163926
47 4 -0.165743
47 5 -0.168257
47 6 -0.171918
47 7 -0.176323
47 8 -0.181514
47 9 -0.187539
47 10 -0.193787
47 11 -0.200694
47 12 -0.207606
47 13 -0.215194
47 14 -0.222486
47 15 -0.229893
47 16 -0.236849
47 17 -0.243507
47 18 -0.249919
47 19 -0.255704
47 20 -0.261019
47 21 -0.265349
47 22 -0.269424
47 23 -0.272525
47 24 -0.275008
47 25 -0.276848
47 26 -0.278086
47 27 -0.0346012
47 28 0
47 29 0
47 30 0
47 31 0
47 32 0
47 33 0
47 34 0
47 35 0
47 36 0
47 37 0
47 38 0
47 39 0

48 0 0
48 1 -0.0208909
48 2 -0.168001
48 3 -0.168825
48 4 -0.170428
48 5 -0.173112
48 6 -0.17669
48 7 -0.181185
48 8 -0.186264
48 9 -0.192223
48 10 -0.198562
48 11 -0.205485
48 12 -0.212554
48 13 -0.220031
48 14 -0.227257
48 15 -0.234607
48 16 -0.241896
48 17 -0.248662
48 18 -0.25502
48 19 -0.260899
48 20 -0.266145
48 21 -0.270778
48 22 -0.274709
48 23 -0.277912
48 24 -0.280588
48 25 -0.282437
48 26 -0.2836
48 27 -0.0352854
48 28 0
48 29 0
48 30 0
48 31 0
48 32 0
48 33 0
48 34 0
48 35 0
48 36 0
48 37 0
48 38 0
48 39 0

49 0 0
49 1 -0.0212255
49 2 -0.17059
49 3 -0.17125
49 4 -0.172984
49 5 -0.175685
49 6 -0.179204
49 7 -0.183651
49 8 -0.18889
49 9 -0.19471
49 10 -0.201175
49 11 -0.208027
49 12 -0.2153
49 13 -0.222591
49 14 -0.230055
49 15 -0.237385
49 16 -0.244587
49 17 -0.251457
49 18 -0.257828
49 19 -0.263681
49 20 -0.268909
49 21 -0.273604
49 22 -0.277595
49 23 -0.28091
49 24 -0.283486
49 25 -0.285422
49 26 -0.286686
49 27 -0.0356716
49 28 0
49 29 0
49 30 0
49 31 0
49 32 0
49 33 0
49 34 0
49 35 0
49 36 0
49 37 0
49 38 0
49 39 0

50 0 0
50 1 0
50 2 -0.0212255
50 3 -0.021293
50 4 -0.021519
50 5 -0.0218596
50 6 -0.0222926
50 7 -0.022844
50 8 -0.023504
50 9 -0.0242179
50 10 -0.0250318
50 11 -0.0258783
50 12 -0.0267924
50 13 -0.0276844
50 14 -0.0286353
50 15 -0.0295444
50 16 -0.030422
50 17 -0.0312881
50 18 -0.0320784
50 19 -0.0328049
50 20 -0.0334555
50 21 -0.0340374
50 22 -0.0345371
50 23 -0.0349541
50 24 -0.0352658
50 25 -0.0355122
50 26 -0.0356716
50 27 0
50 28 0
50 29 0
50 30 0
50 31 0
50 32 0
50 33 0
50 34 0
50 35 0
50 36 0
50 37 0
50 38 0
50 39 0

51 0 0
51 1 0
51 2 0
51 3 0
51 4 0
51 5 0
51 6 0
51 7 0
51 8 0
51 9 0
51 10 0
51 11 0
51 12 0
51 13 0
51 14 0
51 15 0
51 16 0
51 17 0
51 18 0
51 19 0
51 20 0
51 21 0
51 22 0
51 23 0
51 24 0
51 25 0
51 26 0
51 27 0
51 28 0
51 29 0
51 30 0
51 31 0
51 32 0
51 33 0
51 34 0
51 35 0
51 36 0
51 37 0
51 38 0
51 39 0

