0 0 0
0 0.2 0
0 0.4 0
0 0.6 0
0 0.8 0
0 1 0
0 1.2 0
0 1.4 0
0 1.6 0
0 1.8 0
0 2 0
0 2.2 0
0 2.4 0
0 2.6 0
0 2.8 0
0 3 0
0 3.2 0
0 3.4 0
0 3.6 0
0 3.8 0
0 4 0
0 4.2 0
0 4.4 0
0 4.6 0
0 4.8 0
0 5 0
0 5.2 0
0 5.4 0
0 5.6 0
0 5.8 0
0 6 0
0 6.2 0
0 6.4 0
0 6.6 0
0 6.8 0
0 7 0
0 7.2 0
0 7.4 0
0 7.6 0
0 7.8 0
0 8 0
0 8.2 0
0 8.4 0

0.2 0 0
0.2 0.2 0
0.2 0.4 0.0251234
0.2 0.6 0.0138882
0.2 0.8 -0.000233594
0.2 1 -0.0112386
0.2 1.2 -0.0165681
0.2 1.4 -0.0184725
0.2 1.6 -0.0214824
0.2 1.8 -0.0276451
0.2 2 -0.0340089
0.2 2.2 -0.0336472
0.2 2.4 -0.0213072
0.2 2.6 0.0019167
0.2 2.8 0.0271005
0.2 3 0.0422249
0.2 3.2 0.0393934
0.2 3.4 0.0207665
0.2 3.6 -0.00224362
0.2 3.8 -0.0160755
0.2 4 -0.0134776
0.2 4.2 0.00109006
0.2 4.4 0.0145555
0.2 4.6 0.0139074
0.2 4.8 -0.0041042
0.2 5 -0.030113
0.2 5.2 -0.0476624
0.2 5.4 -0.0436264
0.2 5.6 -0.0174459
0.2 5.8 0.0181986
0.2 6 0.0447776
0.2 6.2 0
0.2 6.4 0
0.2 6.6 0
0.2 6.8 0
0.2 7 0
0.2 7.2 0
0.2 7.4 0
0.2 7.6 0
0.2 7.8 0
0.2 8 0
0.2 8.2 0
0.2 8.4 0

0.4 0 0
0.4 0.2 0.0251234
0.4 0.4 0.18153
0.4 0.6 0.100244
0.4 0.8 -0.00207458
0.4 1 -0.0818575
0.4 1.2 -0.12036
0.4 1.4 -0.134298
0.4 1.6 -0.156235
0.4 1.8 -0.201081
0.4 2 -0.247288
0.4 2.2 -0.244713
0.4 2.4 -0.154919
0.4 2.6 0.0136139
0.4 2.8 0.196534
0.4 3 0.305998
0.4 3.2 0.285528
0.4 3.4 0.15032
0.4 3.6 -0.0167873
0.4 3.8 -0.11675
0.4 4 -0.0977205
0.4 4.2 0.00821679
0.4 4.4 0.105696
0.4 4.6 0.100961
0.4 4.8 -0.0300417
0.4 5 -0.219087
0.4 5.2 -0.346491
0.4 5.4 -0.317213
0.4 5.6 -0.126713
0.4 5.8 0.132021
0.4 6 0.324872
0.4 6.2 0.0721954
0.4 6.4 0
0.4 6.6 0
0.4 6.8 0
0.4 7 0
0.4 7.2 0
0.4 7.4 0
0.4 7.6 0
0.4 7.8 0
0.4 8 0
0.4 8.2 0
0.4 8.4 0

0.6 0 0
0.6 0.2 0.0328497
0.6 0.4 0.238339
0.6 0.6 0.159739
0.6 0.8 0.06461
0.6 1 -0.00562726
0.6 1.2 -0.0324678
0.6 1.4 -0.0309279
0.6 1.6 -0.0333291
0.6 1.8 -0.0615094
0.6 2 -0.104863
0.6 2.2 -0.125812
0.6 2.4 -0.0884873
0.6 2.6 0.00858566
0.6 2.8 0.125088
0.6 3 0.197726
0.6 3.2 0.185019
0.6 3.4 0.0954388
0.6 3.6 -0.0119911
0.6 3.8 -0.0653194
0.6 4 -0.031068
0.6 4.2 0.0619187
0.6 4.4 0.136899
0.6 4.6 0.123273
0.6 4.8 0.00609362
0.6 5 -0.156802
0.6 5.2 -0.267818
0.6 5.4 -0.253352
0.6 5.6 -0.112671
0.6 5.8 0.0751156
0.6 6 0.202072
0.6 6.2 0.198677
0.6 6.4 0.00495052
0.6 6.6 0
0.6 6.8 0
0.6 7 0
0.6 7.2 0
0.6 7.4 0
0.6 7.6 0
0.6 7.8 0
0.6 8 0
0.6 8.2 0
0.6 8.4 0

0.8 0 0
0.8 0.2 0.0404935
0.8 0.4 0.294824
0.8 0.6 0.218294
0.8 0.8 0.129164
0.8 1 0.0684525
0.8 1.2 0.0553204
0.8 1.4 0.0783639
0.8 1.6 0.104721
0.8 1.8 0.103096
0.8 2 0.068766
0.8 2.2 0.0202572
0.8 2.4 -0.0102232
0.8 2.6 -0.00546294
0.8 2.8 0.0242824
0.8 3 0.0517791
0.8 3.2 0.0525653
0.8 3.4 0.0282644
0.8 3.6 0.0034121
0.8 3.8 0.012816
0.8 4 0.0654182
0.8 4.2 0.136699
0.8 4.4 0.177172
0.8 4.6 0.147343
0.8 4.8 0.0463841
0.8 5 -0.0796321
0.8 5.2 -0.164072
0.8 5.4 -0.163249
0.8 5.6 -0.0849546
0.8 5.8 0.0124342
0.8 6 0.0549828
0.8 6.2 -0.00198674
0.8 6.4 -0.163707
0.8 6.6 -0.0224673
0.8 6.8 0
0.8 7 0
0.8 7.2 0
0.8 7.4 0
0.8 7.6 0
0.8 7.8 0
0.8 8 0
0.8 8.2 0
0.8 8.4 0

1 0 0
1 0.2 0.0362482
1 0.4 0.264043
1 0.6 0.195835
1 0.8 0.117042
1 1 0.0642167
1 1.2 0.0600073
1 1.4 0.0988081
1 1.6 0.151579
1 1.8 0.182709
1 2 0.169583
1 2.2 0.113516
1 2.4 0.0358253
1 2.6 -0.0337348
1 2.8 -0.0755543
1 3 -0.0832303
1 3.2 -0.0614391
1 3.4 -0.0193863
1 3.6 0.0372548
1 3.8 0.0992221
1 4 0.156264
1 4.2 0.189462
1 4.4 0.182764
1 4.6 0.133084
1 4.8 0.0546813
1 5 -0.0190203
1 5.2 -0.0596131
1 5.4 -0.0576654
1 5.6 -0.0310823
1 5.8 -0.0150951
1 6 -0.0393123
1 6.2 -0.105532
1 6.4 -0.181833
1 6.6 -0.0318996
1 6.8 0
1 7 0
1 7.2 0
1 7.4 0
1 7.6 0
1 7.8 0
1 8 0
1 8.2 0
1 8.4 0

1.2 0 0
1.2 0.2 0.0162289
1.2 0.4 0.118569
1.2 0.6 0.070925
1.2 0.8 0.00962008
1.2 1 -0.0353944
1.2 1.2 -0.0422454
1.2 1.4 -0.00496055
1.2 1.6 0.059579
1.2 1.8 0.118595
1.2 2 0.140987
1.2 2.2 0.108815
1.2 2.4 0.0299367
1.2 2.6 -0.0677583
1.2 2.8 -0.143163
1.2 3 -0.164686
1.2 3.2 -0.120483
1.2 3.4 -0.0252872
1.2 3.6 0.0861544
1.2 3.8 0.174069
1.2 4 0.209755
1.2 4.2 0.187672
1.2 4.4 0.125831
1.2 4.6 0.056186
1.2 4.8 0.010275
1.2 5 0.00144503
1.2 5.2 0.0216784
1.2 5.4 0.0448143
1.2 5.6 0.0407897
1.2 5.8 -0.00214467
1.2 6 -0.0713018
1.2 6.2 -0.129476
1.2 6.4 -0.131143
1.2 6.6 -0.0499429
1.2 6.8 0.0355074
1.2 7 0
1.2 7.2 0
1.2 7.4 0
1.2 7.6 0
1.2 7.8 0
1.2 8 0
1.2 8.2 0
1.2 8.4 0

1.4 0 0
1.4 0.2 -0.0119416
1.4 0.4 -0.0869822
1.4 0.6 -0.103137
1.4 0.8 -0.136187
1.4 1 -0.17182
1.4 1.2 -0.19137
1.4 1.4 -0.178199
1.4 1.6 -0.128355
1.4 1.8 -0.057246
1.4 2 0.00328148
1.4 2.2 0.0229027
1.4 2.4 -0.0141315
1.4 2.6 -0.0881091
1.4 2.8 -0.157445
1.4 3 -0.173843
1.4 3.2 -0.113494
1.4 3.4 0.00734475
1.4 3.6 0.137964
1.4 3.8 0.218526
1.4 4 0.211826
1.4 4.2 0.127205
1.4 4.4 0.0116507
1.4 4.6 -0.0716374
1.4 4.8 -0.0814209
1.4 5 -0.0209086
1.4 5.2 0.0665744
1.4 5.4 0.122077
1.4 5.6 0.106191
1.4 5.8 0.0256962
1.4 6 -0.0720778
1.4 6.2 -0.120068
1.4 6.4 -0.0696121
1.4 6.6 0.0846794
1.4 6.8 0.308044
1.4 7 0.0424018
1.4 7.2 0
1.4 7.4 0
1.4 7.6 0
1.4 7.8 0
1.4 8 0
1.4 8.2 0
1.4 8.4 0

1.6 0 0
1.6 0.2 -0.0353125
1.6 0.4 -0.25728
1.6 0.6 -0.233321
1.6 0.8 -0.22502
1.6 1 -0.242961
1.6 1.2 -0.280172
1.6 1.4 -0.310621
1.6 1.6 -0.303903
1.6 1.8 -0.247357
1.6 2 -0.160719
1.6 2.2 -0.0844617
1.6 2.4 -0.0547845
1.6 2.6 -0.0765693
1.6 2.8 -0.116606
1.6 3 -0.123494
1.6 3.2 -0.0639033
1.6 3.4 0.0519721
1.6 3.6 0.169587
1.6 3.8 0.221608
1.6 4 0.169051
1.6 4.2 0.0318402
1.6 4.4 -0.120645
1.6 4.6 -0.207556
1.6 4.8 -0.181958
1.6 5 -0.0633283
1.6 5.2 0.0775179
1.6 5.4 0.160708
1.6 5.6 0.14017
1.6 5.8 0.0363019
1.6 6 -0.078348
1.6 6.2 -0.123593
1.6 6.4 -0.0553641
1.6 6.6 0.103462
1.6 6.8 0.268011
1.6 7 0.0740569
1.6 7.2 0
1.6 7.4 0
1.6 7.6 0
1.6 7.8 0
1.6 8 0
1.6 8.2 0
1.6 8.4 0

1.8 0 0
1.8 0.2 -0.0445901
1.8 0.4 -0.324911
1.8 0.6 -0.256554
1.8 0.8 -0.193279
1.8 1 -0.180344
1.8 1.2 -0.229777
1.8 1.4 -0.310836
1.8 1.6 -0.366526
1.8 1.8 -0.350905
1.8 2 -0.263918
1.8 2.2 -0.146897
1.8 2.4 -0.0586785
1.8 2.6 -0.0284974
1.8 2.8 -0.0425768
1.8 3 -0.051533
1.8 3.2 -0.0132111
1.8 3.4 0.07371
1.8 3.6 0.161591
1.8 3.8 0.184947
1.8 4 0.105144
1.8 4.2 -0.0539936
1.8 4.4 -0.216298
1.8 4.6 -0.294186
1.8 4.8 -0.24379
1.8 5 -0.0932623
1.8 5.2 0.0724101
1.8 5.4 0.162163
1.8 5.6 0.133152
1.8 5.8 0.0158353
1.8 6 -0.105516
1.8 6.2 -0.148109
1.8 6.4 -0.0786092
1.8 6.6 0.066793
1.8 6.8 0.20607
1.8 7 0.269989
1.8 7.2 0.0371589
1.8 7.4 0
1.8 7.6 0
1.8 7.8 0
1.8 8 0
1.8 8.2 0
1.8 8.4 0

2 0 0
2 0.2 -0.0407968
2 0.4 -0.296837
2 0.6 -0.182906
2 0.8 -0.0552707
2 1 0.00474752
2 1.2 -0.042382
2 1.4 -0.165851
2 1.6 -0.28604
2 1.8 -0.327113
2 2 -0.264395
2 2.2 -0.137414
2 2.4 -0.0179023
2 2.6 0.039167
2 2.8 0.0300752
2 3 -0.000839898
2 3.2 -0.00126447
2 3.4 0.0461805
2 3.6 0.107104
2 3.8 0.121047
2 4 0.0485558
2 4.2 -0.0941354
2 4.4 -0.235575
2 4.6 -0.29602
2 4.8 -0.234354
2 5 -0.0842058
2 5.2 0.0699338
2 5.4 0.140863
2 5.6 0.0961059
2 5.8 -0.0257676
2 6 -0.139196
2 6.2 -0.169758
2 6.4 -0.0992981
2 6.6 0.0238387
2 6.8 0.1258
2 7 0.163746
2 7.2 0.0100962
2 7.4 0
2 7.6 0
2 7.8 0
2 8 0
2 8.2 0
2 8.4 0

2.2 0 0
2.2 0.2 -0.032896
2.2 0.4 -0.238777
2.2 0.6 -0.0833792
2.2 0.8 0.108248
2.2 1 0.221202
2.2 1.2 0.193797
2.2 1.4 0.049607
2.2 1.6 -0.119066
2.2 1.8 -0.212221
2.2 2 -0.186407
2.2 2.2 -0.0740565
2.2 2.4 0.0436276
2.2 2.6 0.0966863
2.2 2.8 0.0688926
2.2 3 0.00227676
2.2 3.2 -0.0410863
2.2 3.4 -0.0277774
2.2 3.6 0.0213528
2.2 3.8 0.0521432
2.2 4 0.0194602
2.2 4.2 -0.0738216
2.2 4.4 -0.174113
2.2 4.6 -0.21278
2.2 4.8 -0.157587
2.2 5 -0.0361232
2.2 5.2 0.0772626
2.2 5.4 0.11172
2.2 5.6 0.0489776
2.2 5.8 -0.0653901
2.2 6 -0.153814
2.2 6.2 -0.157566
2.2 6.4 -0.0783576
2.2 6.6 0.0243203
2.2 6.8 0.0771586
2.2 7 0.0397642
2.2 7.2 -0.0901001
2.2 7.4 -0.0124243
2.2 7.6 0
2.2 7.8 0
2.2 8 0
2.2 8.2 0
2.2 8.4 0

2.4 0 0
2.4 0.2 -0.0296178
2.4 0.4 -0.214399
2.4 0.6 -0.0307128
2.4 0.8 0.205925
2.4 1 0.363371
2.4 1.2 0.36257
2.4 1.4 0.221749
2.4 1.6 0.0360671
2.4 1.8 -0.0861119
2.4 2 -0.0903151
2.4 2.2 -0.00371401
2.4 2.4 0.0920076
2.4 2.6 0.121657
2.4 2.8 0.0641048
2.4 3 -0.0377194
2.4 3.2 -0.113945
2.4 3.4 -0.119205
2.4 3.6 -0.063449
2.4 3.8 0.00159375
2.4 4 0.0241195
2.4 4.2 -0.0102242
2.4 4.4 -0.0656504
2.4 4.6 -0.0893348
2.4 4.8 -0.051946
2.4 5 0.0250312
2.4 5.2 0.0874822
2.4 5.4 0.083764
2.4 5.6 0.0102093
2.4 5.8 -0.0855492
2.4 6 -0.135906
2.4 6.2 -0.10228
2.4 6.4 -0.00422193
2.4 6.6 0.0897676
2.4 6.8 0.114602
2.4 7 0.0538193
2.4 7.2 -0.038794
2.4 7.4 -0.00535594
2.4 7.6 0
2.4 7.8 0
2.4 8 0
2.4 8.2 0
2.4 8.4 0

2.6 0 0
2.6 0.2 -0.03162
2.6 0.4 -0.229165
2.6 0.6 -0.0423402
2.6 0.8 0.20172
2.6 1 0.373189
2.6 1.2 0.39282
2.6 1.4 0.273191
2.6 1.6 0.10303
2.6 1.8 -0.0153254
2.6 2 -0.0289596
2.6 2.2 0.037571
2.6 2.4 0.107806
2.6 2.6 0.111049
2.6 2.8 0.0301821
2.6 3 -0.0902447
2.6 3.2 -0.177511
2.6 3.4 -0.183007
2.6 3.6 -0.111025
2.6 3.8 -0.0142665
2.6 4 0.0512696
2.6 4.2 0.0601461
2.6 4.4 0.0327231
2.6 4.6 0.0122722
2.6 4.8 0.0252718
2.6 5 0.0622147
2.6 5.2 0.0836128
2.6 5.4 0.0560303
2.6 5.6 -0.0151978
2.6 5.8 -0.0852773
2.6 6 -0.0976911
2.6 6.2 -0.0304867
2.6 6.4 0.0841086
2.6 6.6 0.175978
2.6 6.8 0.186384
2.6 7 0.113523
2.6 7.2 0.0236068
2.6 7.4 -0.00769999
2.6 7.6 0
2.6 7.8 0
2.6 8 0
2.6 8.2 0
2.6 8.4 0

2.8 0 0
2.8 0.2 -0.0308565
2.8 0.4 -0.224167
2.8 0.6 -0.0685169
2.8 0.8 0.133221
2.8 1 0.275539
2.8 1.2 0.294994
2.8 1.4 0.203041
2.8 1.6 0.0737377
2.8 1.8 -0.0112633
2.8 2 -0.0123728
2.8 2.2 0.0444637
2.8 2.4 0.0954188
2.8 2.6 0.0817536
2.8 2.8 -0.00425542
2.8 3 -0.117675
2.8 3.2 -0.191462
2.8 3.4 -0.182907
2.8 3.6 -0.0993062
2.8 3.8 0.00876083
2.8 4 0.0838508
2.8 4.2 0.10036
2.8 4.4 0.0735113
2.8 4.6 0.0424678
2.8 4.8 0.0363513
2.8 5 0.0507193
2.8 5.2 0.0572638
2.8 5.4 0.029826
2.8 5.6 -0.0263546
2.8 5.8 -0.0732737
2.8 6 -0.0657625
2.8 6.2 0.0110241
2.8 6.4 0.123986
2.8 6.6 0.208576
2.8 6.8 0.211221
2.8 7 0.129789
2.8 7.2 0.0147653
2.8 7.4 -0.0800319
2.8 7.6 -0.010956
2.8 7.8 0
2.8 8 0
2.8 8.2 0
2.8 8.4 0

3 0 0
3 0.2 -0.0177505
3 0.4 -0.12968
3 0.6 -0.0390714
3 0.8 0.0754532
3 1 0.149343
3 1.2 0.147391
3 1.4 0.0823082
3 1.6 0.00539491
3 1.8 -0.0315092
3 2 -0.0102839
3 2.2 0.0428947
3 2.4 0.0778571
3 2.6 0.0575171
3 2.8 -0.0151831
3 3 -0.0990072
3 3.2 -0.140802
3 3.4 -0.112898
3 3.6 -0.0304978
3 3.8 0.0584036
3 4 0.106188
3 4.2 0.0929386
3 4.4 0.0421473
3 4.6 -0.00601864
3 4.8 -0.0205831
3 5 -0.0028825
3 5.2 0.018364
3 5.4 0.0137845
3 5.6 -0.020537
3 5.8 -0.0579108
3 6 -0.06022
3 6.2 -0.00880916
3 6.4 0.0740807
3 6.6 0.140332
3 6.8 0.144219
3 7 0.0803384
3 7.2 -0.0156708
3 7.4 -0.0901838
3 7.6 -0.012365
3 7.8 0
3 8 0
3 8.2 0
3 8.4 0

3.2 0 0
3.2 0.2 0.00918855
3.2 0.4 0.0654304
3.2 0.6 0.0718165
3.2 0.8 0.0780696
3.2 1 0.066327
3.2 1.2 0.0337893
3.2 1.4 -0.00569397
3.2 1.6 -0.0286171
3.2 1.8 -0.0192406
3.2 2 0.0178304
3.2 2.2 0.0573112
3.2 2.4 0.0716361
3.2 2.6 0.0467008
3.2 2.8 -0.00296059
3.2 3 -0.0443478
3.2 3.2 -0.0458999
3.2 3.4 -0.000432148
3.2 3.6 0.0667195
3.2 3.8 0.11402
3.2 4 0.108237
3.2 4.2 0.0478954
3.2 4.4 -0.035685
3.2 4.6 -0.096389
3.2 4.8 -0.104451
3.2 5 -0.0621671
3.2 5.2 -0.00580259
3.2 5.4 0.0252126
3.2 5.6 0.0110934
3.2 5.8 -0.0342354
3.2 6 -0.0754966
3.2 6.2 -0.0831011
3.2 6.4 -0.0552599
3.2 6.6 -0.0171588
3.2 6.8 -0.00161108
3.2 7 -0.0226568
3.2 7.2 -0.064962
3.2 7.4 -0.0990731
3.2 7.6 -0.016742
3.2 7.8 0
3.2 8 0
3.2 8.2 0
3.2 8.4 0

3.4 0 0
3.4 0.2 0.039355
3.4 0.4 0.284863
3.4 0.6 0.214118
3.4 0.8 0.124648
3.4 1 0.0432081
3.4 1.2 -0.00657195
3.4 1.4 -0.014801
3.4 1.6 0.011307
3.4 1.8 0.0524438
3.4 2 0.0858059
3.4 2.2 0.0931389
3.4 2.4 0.073174
3.4 2.6 0.038384
3.4 2.8 0.0117322
3.4 3 0.0136313
3.4 3.2 0.049361
3.4 3.4 0.104703
3.4 3.6 0.148647
3.4 3.8 0.149257
3.4 4 0.0923846
3.4 4.2 -0.00772636
3.4 4.4 -0.11072
3.4 4.6 -0.170508
3.4 4.8 -0.159467
3.4 5 -0.0859017
3.4 5.2 0.00927987
3.4 5.4 0.0735052
3.4 5.6 0.0731151
3.4 5.8 0.00940778
3.4 6 -0.0858819
3.4 6.2 -0.166196
3.4 6.4 -0.204241
3.4 6.6 -0.196609
3.4 6.8 -0.163199
3.4 7 -0.125827
3.4 7.2 -0.0944038
3.4 7.4 -0.0644085
3.4 7.6 -0.0223106
3.4 7.8 -0.00312605
3.4 8 0
3.4 8.2 0
3.4 8.4 0

3.6 0 0
3.6 0.2 0.0558523
3.6 0.4 0.405589
3.6 0.6 0.289144
3.6 0.8 0.146824
3.6 1 0.0378933
3.6 1.2 0.000926505
3.6 1.4 0.0355532
3.6 1.6 0.104305
3.6 1.8 0.158982
3.6 2 0.166031
3.6 2.2 0.123683
3.6 2.4 0.0594017
3.6 2.6 0.0094946
3.6 2.8 0.00175945
3.6 3 0.0392334
3.6 3.2 0.1023
3.6 3.4 0.158719
3.6 3.6 0.178126
3.6 3.8 0.144513
3.6 4 0.0613767
3.6 4.2 -0.0457147
3.6 4.4 -0.138096
3.6 4.6 -0.179059
3.6 4.8 -0.146856
3.6 5 -0.0522363
3.6 5.2 0.0638938
3.6 5.4 0.147854
3.6 5.6 0.155075
3.6 5.8 0.0753766
3.6 6 -0.0625513
3.6 6.2 -0.205078
3.6 6.4 -0.29807
3.6 6.6 -0.315992
3.6 6.8 -0.263597
3.6 7 -0.173368
3.6 7.2 -0.0765995
3.6 7.4 0.00283082
3.6 7.6 0.0546521
3.6 7.8 0.00747197
3.6 8 0
3.6 8.2 0
3.6 8.4 0

3.8 0 0
3.8 0.2 0.0468999
3.8 0.4 0.341384
3.8 0.6 0.221862
3.8 0.8 0.0806454
3.8 1 -0.00608604
3.8 1.2 0.00204792
3.8 1.4 0.0891115
3.8 1.6 0.191545
3.8 1.8 0.241969
3.8 2 0.208371
3.8 2.2 0.110854
3.8 2.4 0.00555424
3.8 2.6 -0.0537628
3.8 2.8 -0.0426915
3.8 3 0.021163
3.8 3.2 0.0962456
3.8 3.4 0.142261
3.8 3.6 0.139523
3.8 3.8 0.092277
3.8 4 0.0200841
3.8 4.2 -0.052668
3.8 4.4 -0.102314
3.8 4.6 -0.11133
3.8 4.8 -0.0687138
3.8 5 0.0191154
3.8 5.2 0.126486
3.8 5.4 0.209065
3.8 5.6 0.223138
3.8 5.8 0.146309
3.8 6 -0.00231513
3.8 6.2 -0.169849
3.8 6.4 -0.292508
3.8 6.6 -0.324286
3.8 6.8 -0.262484
3.8 7 -0.141078
3.8 7.2 -0.0106775
3.8 7.4 0.0891551
3.8 7.6 0.144993
3.8 7.8 0.0199648
3.8 8 0
3.8 8.2 0
3.8 8.4 0

4 0 0
4 0.2 0.0150128
4 0.4 0.110259
4 0.6 0.0219043
4 0.8 -0.0772554
4 1 -0.109525
4 1.2 -0.0403643
4 1.4 0.096071
4 1.6 0.218287
4 1.8 0.250933
4 2 0.174843
4 2.2 0.034645
4 2.4 -0.0906226
4 2.6 -0.139589
4 2.8 -0.101148
4 3 -0.0179342
4 3.2 0.0526254
4 3.4 0.0733626
4 3.6 0.045726
4 3.8 -0.000136739
4 4 -0.0317968
4 4.2 -0.0365759
4 4.4 -0.0213267
4 4.6 0.00287958
4 4.8 0.0349816
4 5 0.0819674
4 5.2 0.145671
4 5.4 0.207984
4 5.6 0.233053
4 5.8 0.188925
4 6 0.0733797
4 6.2 -0.0754907
4 6.4 -0.194494
4 6.6 -0.231195
4 6.8 -0.172683
4 7 -0.0534964
4 7.2 0.0676082
4 7.4 0.144196
4 7.6 0.16901
4 7.8 0.0163596
4 8 0
4 8.2 0
4 8.4 0

4.2 0 0
4.2 0.2 -0.0231634
4.2 0.4 -0.166952
4.2 0.6 -0.212885
4.2 0.8 -0.259296
4.2 1 -0.233694
4.2 1.2 -0.114346
4.2 1.4 0.0509181
4.2 1.6 0.171039
4.2 1.8 0.176518
4.2 2 0.0659601
4.2 2.2 -0.0922964
4.2 2.4 -0.203664
4.2 2.6 -0.213455
4.2 2.8 -0.133846
4.2 3 -0.0342624
4.2 3.2 0.0159708
4.2 3.4 -0.00746909
4.2 3.6 -0.0708307
4.2 3.8 -0.112966
4.2 4 -0.0921048
4.2 4.2 -0.0163218
4.2 4.4 0.0686103
4.2 4.6 0.116183
4.2 4.8 0.11378
4.2 5 0.089467
4.2 5.2 0.083538
4.2 5.4 0.114104
4.2 5.6 0.159361
4.2 5.8 0.174394
4.2 6 0.128734
4.2 6.2 0.0337623
4.2 6.4 -0.0588576
4.2 6.6 -0.0948081
4.2 6.8 -0.0533016
4.2 7 0.0364316
4.2 7.2 0.114762
4.2 7.4 0.131228
4.2 7.6 0.0730255
4.2 7.8 -0.0509524
4.2 8 -0.00691686
4.2 8.2 0
4.2 8.4 0

4.4 0 0
4.4 0.2 -0.0466174
4.4 0.4 -0.33768
4.4 0.6 -0.355167
4.4 0.8 -0.367314
4.4 1 -0.309913
4.4 1.2 -0.171467
4.4 1.4 -0.00953884
4.4 1.6 0.0856869
4.4 1.8 0.0566464
4.4 2 -0.0766385
4.4 2.2 -0.225303
4.4 2.4 -0.291962
4.4 2.6 -0.236881
4.4 2.8 -0.104785
4.4 3 0.0085103
4.4 3.2 0.0253541
4.4 3.4 -0.0582773
4.4 3.6 -0.17187
4.4 3.8 -0.22103
4.4 4 -0.155979
4.4 4.2 -0.00798681
4.4 4.4 0.13566
4.4 4.6 0.191549
4.4 4.8 0.138264
4.4 5 0.0281687
4.4 5.2 -0.0563053
4.4 5.4 -0.0578754
4.4 5.6 0.0149374
4.4 5.8 0.102917
4.4 6 0.141331
4.4 6.2 0.112495
4.4 6.4 0.0502
4.4 6.6 0.0124561
4.4 6.8 0.0300675
4.4 7 0.0832937
4.4 7.2 0.117137
4.4 7.4 0.0860553
4.4 7.6 -0.00854542
4.4 7.8 -0.112592
4.4 8 -0.0154471
4.4 8.2 0
4.4 8.4 0

4.6 0 0
4.6 0.2 -0.0430231
4.6 0.4 -0.312212
4.6 0.6 -0.328846
4.6 0.8 -0.339152
4.6 1 -0.28559
4.6 1.2 -0.163269
4.6 1.4 -0.0329488
4.6 1.6 0.0207856
4.6 1.8 -0.0456713
4.6 2 -0.191753
4.6 2.2 -0.315911
4.6 2.4 -0.32294
4.6 2.6 -0.194645
4.6 2.8 -0.00799212
4.6 3 0.114497
4.6 3.2 0.0920383
4.6 3.4 -0.0600904
4.6 3.6 -0.23314
4.6 3.8 -0.302409
4.6 4 -0.211785
4.6 4.2 -0.0126212
4.6 4.4 0.169544
4.6 4.6 0.221944
4.6 4.8 0.116291
4.6 5 -0.0728329
4.6 5.2 -0.223084
4.6 5.4 -0.246364
4.6 5.6 -0.142211
4.6 5.8 0.0118373
4.6 6 0.121001
4.6 6.2 0.140263
4.6 6.4 0.0941227
4.6 6.6 0.0449749
4.6 6.8 0.03917
4.6 7 0.0685894
4.6 7.2 0.081676
4.6 7.4 0.0343442
4.6 7.6 -0.0685269
4.6 7.8 -0.166842
4.6 8 -0.0229789
4.6 8.2 0
4.6 8.4 0

4.8 0 0
4.8 0.2 -0.0157706
4.8 0.4 -0.114416
4.8 0.6 -0.153557
4.8 0.8 -0.188792
4.8 1 -0.164531
4.8 1.2 -0.0779078
4.8 1.4 0.0106947
4.8 1.6 0.0212909
4.8 1.8 -0.077341
4.8 2 -0.232331
4.8 2.2 -0.333251
4.8 2.4 -0.290979
4.8 2.6 -0.104641
4.8 2.8 0.122645
4.8 3 0.249803
4.8 3.2 0.190597
4.8 3.4 -0.020371
4.8 3.6 -0.247941
4.8 3.8 -0.343268
4.8 4 -0.244291
4.8 4.2 -0.0174291
4.8 4.4 0.18492
4.8 4.6 0.228594
4.8 4.8 0.0838846
4.8 5 -0.157089
4.8 5.2 -0.345216
4.8 5.4 -0.373065
4.8 5.6 -0.241044
4.8 5.8 -0.0429214
4.8 6 0.102338
4.8 6.2 0.132676
4.8 6.4 0.073156
4.8 6.6 0.00111718
4.8 6.8 -0.0203893
4.8 7 0.00885464
4.8 7.2 0.0376923
4.8 7.4 0.00982666
4.8 7.6 -0.0745568
4.8 7.8 -0.160407
4.8 8 -0.0221335
4.8 8.2 0
4.8 8.4 0

5 0 0
5 0.2 0.0197863
5 0.4 0.143716
5 0.6 0.0725732
5 0.8 0.00363939
5 1 -0.00436165
5 1.2 0.0520671
5 1.4 0.112303
5 1.6 0.0980354
5 1.8 -0.0204889
5 2 -0.184363
5 2.2 -0.281025
5 2.4 -0.22065
5 2.6 -0.0116115
5 2.8 0.231797
5 3 0.356919
5 3.2 0.276708
5 3.4 0.0324799
5 3.6 -0.226654
5 3.8 -0.339832
5 4 -0.241745
5 4.2 -0.00713701
5 4.4 0.201141
5 4.6 0.23862
5 4.8 0.0786416
5 5 -0.178022
5 5.2 -0.370568
5 5.4 -0.385807
5 5.6 -0.232164
5 5.8 -0.0195211
5 6 0.119554
5 6.2 0.120732
5 6.4 0.0206753
5 6.6 -0.0823722
5 6.8 -0.109531
5 7 -0.055372
5 7.2 0.017148
5 7.4 0.0364536
5 7.6 -0.014975
5 7.8 -0.0842074
5 8 -0.0135284
5 8.2 0
5 8.4 0

5.2 0 0
5.2 0.2 0.0468213
5.2 0.4 0.340104
5.2 0.6 0.242609
5.2 0.8 0.148161
5.2 1 0.121628
5.2 1.2 0.170862
5.2 1.4 0.233133
5.2 1.6 0.223311
5.2 1.8 0.10472
5.2 2 -0.0693414
5.2 2.2 -0.184692
5.2 2.4 -0.147501
5.2 2.6 0.0412913
5.2 2.8 0.270551
5.2 3 0.390815
5.2 3.2 0.311435
5.2 3.4 0.0717359
5.2 3.6 -0.184178
5.2 3.8 -0.296755
5.2 4 -0.201768
5.2 4.2 0.0267014
5.2 4.4 0.228978
5.2 4.6 0.264071
5.2 4.8 0.108889
5.2 5 -0.130638
5.2 5.2 -0.29816
5.2 5.4 -0.289179
5.2 5.6 -0.123158
5.2 5.8 0.0777602
5.2 6 0.179738
5.2 6.2 0.126483
5.2 6.4 -0.0252058
5.2 6.6 -0.158511
5.2 6.8 -0.180769
5.2 7 -0.089384
5.2 7.2 0.0384146
5.2 7.4 0.107683
5.2 7.6 0.0846937
5.2 7.8 0.0145198
5.2 8 -0.0138238
5.2 8.2 -0.00192759
5.2 8.4 0

5.4 0 0
5.4 0.2 0.0575664
5.4 0.4 0.418191
5.4 0.6 0.304873
5.4 0.8 0.19571
5.4 1 0.167211
5.4 1.2 0.232404
5.4 1.4 0.326932
5.4 1.6 0.351591
5.4 1.8 0.253484
5.4 2 0.0723821
5.4 2.2 -0.0804483
5.4 2.4 -0.100394
5.4 2.6 0.0316549
5.4 2.8 0.224848
5.4 3 0.340455
5.4 3.2 0.286281
5.4 3.4 0.0860535
5.4 3.6 -0.133072
5.4 3.8 -0.227326
5.4 4 -0.13603
5.4 4.2 0.0743347
5.4 4.4 0.258206
5.4 4.6 0.290408
5.4 4.8 0.153234
5.4 5 -0.0522055
5.4 5.2 -0.180328
5.4 5.4 -0.145012
5.4 5.6 0.0233368
5.4 5.8 0.19879
5.4 6 0.253948
5.4 6.2 0.147658
5.4 6.4 -0.0466518
5.4 6.6 -0.197136
5.4 6.8 -0.206859
5.4 7 -0.0798051
5.4 7.2 0.0903972
5.4 7.4 0.191753
5.4 7.6 0.17478
5.4 7.8 0.0845614
5.4 8 0.0122704
5.4 8.2 0.00166308
5.4 8.4 0

5.6 0 0
5.6 0.2 0.0557619
5.6 0.4 0.404937
5.6 0.6 0.280012
5.6 0.8 0.157806
5.6 1 0.129805
5.6 1.2 0.219725
5.6 1.4 0.359695
5.6 1.6 0.437647
5.6 1.8 0.376331
5.6 2 0.196775
5.6 2.2 0.00357519
5.6 2.4 -0.0857247
5.6 2.6 -0.0271194
5.6 2.8 0.119235
5.6 3 0.233867
5.6 3.2 0.221145
5.6 3.4 0.0848206
5.6 3.6 -0.0784067
5.6 3.8 -0.147427
5.6 4 -0.0665583
5.6 4.2 0.111993
5.6 4.4 0.265837
5.6 4.6 0.28971
5.6 4.8 0.171995
5.6 5 0.00349493
5.6 5.2 -0.0894699
5.6 5.4 -0.0362244
5.6 5.6 0.124322
5.6 5.8 0.272687
5.6 6 0.293629
5.6 6.2 0.160608
5.6 6.4 -0.0458308
5.6 6.6 -0.192466
5.6 6.8 -0.186774
5.6 7 -0.0405024
5.6 7.2 0.143084
5.6 7.4 0.243994
5.6 7.6 0.210558
5.6 7.8 0.0893419
5.6 8 -0.0135771
5.6 8.2 -0.00186388
5.6 8.4 0

5.8 0 0
5.8 0.2 0.0504503
5.8 0.4 0.366346
5.8 0.6 0.225464
5.8 0.8 0.0793663
5.8 1 0.0380603
5.8 1.2 0.13909
5.8 1.4 0.317734
5.8 1.6 0.449285
5.8 1.8 0.434702
5.8 2 0.271562
5.8 2.2 0.0535085
5.8 2.4 -0.0942244
5.8 2.6 -0.101434
5.8 2.8 0.00351571
5.8 3 0.120258
5.8 3.2 0.153791
5.8 3.4 0.0833112
5.8 3.6 -0.0249951
5.8 3.8 -0.0753952
5.8 4 -0.0164845
5.8 4.2 0.118396
5.8 4.4 0.233713
5.8 4.6 0.24398
5.8 4.8 0.141609
5.8 5 0.00166974
5.8 5.2 -0.0703387
5.8 5.4 -0.0173064
5.8 5.6 0.124772
5.8 5.8 0.25083
5.8 6 0.263099
5.8 6.2 0.141675
5.8 6.4 -0.0377969
5.8 6.6 -0.157279
5.8 6.8 -0.137471
5.8 7 0.00255478
5.8 7.2 0.164716
5.8 7.4 0.234851
5.8 7.6 0.168233
5.8 7.8 0.0150467
5.8 8 -0.113467
5.8 8.2 -0.0156411
5.8 8.4 0

6 0 0
6 0.2 0.0471562
6 0.4 0.341923
6 0.6 0.177699
6 0.8 -0.0047128
6 1 -0.0789175
6 1.2 0.00979379
6 1.4 0.204429
6 1.6 0.375792
6 1.8 0.408952
6 2 0.278896
6 2.2 0.0626973
6 2.4 -0.112507
6 2.6 -0.15993
6 2.8 -0.0822852
6 3 0.0394945
6 3.2 0.111087
6 3.4 0.0923974
6 3.6 0.0198587
6 3.8 -0.0294098
6 4 -0.00436541
6 4.2 0.0813852
6 4.4 0.159969
6 4.6 0.161538
6 4.8 0.0747338
6 5 -0.0460961
6 5.2 -0.115716
6 5.4 -0.0839739
6 5.6 0.0267536
6 5.8 0.135993
6 6 0.164221
6 6.2 0.0903501
6 6.4 -0.0297834
6 6.6 -0.106408
6 6.8 -0.0807868
6 7 0.0298325
6 7.2 0.142865
6 7.4 0.16721
6 7.6 0.0703241
6 7.8 -0.0985464
6 8 -0.237994
6 8.2 -0.0328045
6 8.4 0

6.2 0 0
6.2 0.2 0.0430081
6.2 0.4 0.311547
6.2 0.6 0.127045
6.2 0.8 -0.0913872
6.2 1 -0.206815
6.2 1.2 -0.149832
6.2 1.4 0.0366677
6.2 1.6 0.228554
6.2 1.8 0.303559
6.2 2 0.218851
6.2 2.2 0.0345865
6.2 2.4 -0.133559
6.2 2.6 -0.190952
6.2 2.8 -0.124107
6.2 3 0.00218659
6.2 3.2 0.0952271
6.2 3.4 0.104431
6.2 3.6 0.043046
6.2 3.8 -0.0221347
6.2 4 -0.0363751
6.2 4.2 0.00804994
6.2 4.4 0.0641028
6.2 4.6 0.0741718
6.2 4.8 0.0122806
6.2 5 -0.0901905
6.2 5.2 -0.170589
6.2 5.4 -0.177991
6.2 5.6 -0.112664
6.2 5.8 -0.0221807
6.2 6 0.0340327
6.2 6.2 0.0282159
6.2 6.4 -0.016456
6.2 6.6 -0.0478951
6.2 6.8 -0.0283113
6.2 7 0.0339864
6.2 7.2 0.0866102
6.2 7.4 0.0718813
6.2 7.6 -0.0280217
6.2 7.8 -0.175012
6.2 8 -0.295395
6.2 8.2 -0.040718
6.2 8.4 0

6.4 0 0
6.4 0.2 0.0305496
6.4 0.4 0.220759
6.4 0.6 0.0349273
6.4 0.8 -0.197573
6.4 1 -0.339734
6.4 1.2 -0.314393
6.4 1.4 -0.150339
6.4 1.6 0.0432327
6.4 1.8 0.147723
6.4 2 0.111811
6.4 2.2 -0.0227789
6.4 2.4 -0.156904
6.4 2.6 -0.201234
6.4 2.8 -0.134741
6.4 3 -0.00898369
6.4 3.2 0.0887307
6.4 3.4 0.101913
6.4 3.6 0.0350143
6.4 3.8 -0.0548372
6.4 4 -0.10278
6.4 4.2 -0.0836368
6.4 4.4 -0.0242663
6.4 4.6 0.0178032
6.4 4.8 0.000599995
6.4 5 -0.0765142
6.4 5.2 -0.169969
6.4 5.4 -0.226844
6.4 5.6 -0.218366
6.4 5.8 -0.154714
6.4 6 -0.07362
6.4 6.2 -0.0131103
6.4 6.4 0.0136573
6.4 6.6 0.016901
6.4 6.8 0.0165881
6.4 7 0.0196584
6.4 7.2 0.0152598
6.4 7.4 -0.0144806
6.4 7.6 -0.0754923
6.4 7.8 -0.152315
6.4 8 -0.215547
6.4 8.2 -0.0297244
6.4 8.4 0

6.6 0 0
6.6 0.2 0.005735
6.6 0.4 0.0407787
6.6 0.6 -0.115067
6.6 0.8 -0.321648
6.6 1 -0.456791
6.6 1.2 -0.445903
6.6 1.4 -0.306614
6.6 1.6 -0.127029
6.6 1.8 -0.0100794
6.6 2 -0.0070675
6.6 2.2 -0.0917643
6.6 2.4 -0.184424
6.6 2.6 -0.208476
6.6 2.8 -0.140291
6.6 3 -0.0229369
6.6 3.2 0.0673883
6.6 3.4 0.0740093
6.6 3.6 -0.00558429
6.6 3.8 -0.11427
6.6 4 -0.18391
6.6 4.2 -0.169869
6.6 4.4 -0.086329
6.6 4.6 0.0096473
6.6 4.8 0.0549759
6.6 5 0.0167122
6.6 5.2 -0.0836547
6.6 5.4 -0.190262
6.6 5.6 -0.244171
6.6 5.8 -0.217519
6.6 6 -0.125213
6.6 6.2 -0.0145016
6.6 6.4 0.0654867
6.6 6.6 0.0862495
6.6 6.8 0.0520296
6.6 7 -0.00807352
6.6 7.2 -0.0593834
6.6 7.4 -0.0781604
6.6 7.6 -0.0618801
6.6 7.8 -0.0286886
6.6 8 -0.00243105
6.6 8.2 -0.000336927
6.6 8.4 0

6.8 0 0
6.8 0.2 -0.0257859
6.8 0.4 -0.188031
6.8 0.6 -0.285821
6.8 0.8 -0.426544
6.8 1 -0.515951
6.8 1.2 -0.497729
6.8 1.4 -0.379367
6.8 1.6 -0.226835
6.8 1.8 -0.117187
6.8 2 -0.0951011
6.8 2.2 -0.144243
6.8 2.4 -0.206346
6.8 2.6 -0.217675
6.8 2.8 -0.156524
6.8 3 -0.054246
6.8 3.2 0.023891
6.8 3.4 0.0255367
6.8 3.6 -0.0566295
6.8 3.8 -0.17393
6.8 4 -0.251146
6.8 4.2 -0.23322
6.8 4.4 -0.11877
6.8 4.6 0.0358274
6.8 4.8 0.14888
6.8 5 0.159573
6.8 5.2 0.0640088
6.8 5.4 -0.0819977
6.8 5.6 -0.194697
6.8 5.8 -0.211542
6.8 6 -0.123675
6.8 6.2 0.0161318
6.8 6.4 0.128452
6.8 6.6 0.150743
6.8 6.8 0.0756944
6.8 7 -0.0468068
6.8 7.2 -0.136709
6.8 7.4 -0.131824
6.8 7.6 -0.0244692
6.8 7.8 0.132575
6.8 8 0.257936
6.8 8.2 0.0355356
6.8 8.4 0

7 0 0
7 0.2 -0.05077
7 0.4 -0.368733
7 0.6 -0.395805
7 0.8 -0.448334
7 1 -0.471807
7 1.2 -0.433329
7 1.4 -0.336637
7 1.6 -0.222654
7 1.8 -0.140099
7 2 -0.120734
7 2.2 -0.156332
7 2.4 -0.205238
7 2.6 -0.220736
7 2.8 -0.177958
7 3 -0.0961132
7 3.2 -0.0258887
7 3.4 -0.0172574
7 3.6 -0.087128
7 3.8 -0.197045
7 4 -0.278162
7 4.2 -0.262789
7 4.4 -0.133842
7 4.6 0.0613335
7 4.8 0.231341
7 5 0.291357
7 5.2 0.212813
7 5.4 0.0438591
7 5.6 -0.116275
7 5.8 -0.17456
7 6 -0.10114
7 6.2 0.0521383
7 6.4 0.183232
7 6.6 0.201059
7 6.8 0.0866287
7 7 -0.0920051
7 7.2 -0.218619
7 7.4 -0.198006
7 7.6 -0.0175895
7 7.8 0.240999
7 8 0.447744
7 8.2 0.061702
7 8.4 0

7.2 0 0
7.2 0.2 -0.0560824
7.2 0.4 -0.406994
7.2 0.6 -0.375302
7.2 0.8 -0.347903
7.2 1 -0.312072
7.2 1.2 -0.260381
7.2 1.4 -0.194123
7.2 1.6 -0.127893
7.2 1.8 -0.0836748
7.2 2 -0.0790701
7.2 2.2 -0.114259
7.2 2.4 -0.166243
7.2 2.6 -0.198271
7.2 2.8 -0.184507
7.2 3 -0.124648
7.2 3.2 -0.055045
7.2 3.4 -0.024322
7.2 3.6 -0.0644161
7.2 3.8 -0.158212
7.2 4 -0.246916
7.2 4.2 -0.255941
7.2 4.4 -0.146098
7.2 4.6 0.053553
7.2 4.8 0.255357
7.2 5 0.355738
7.2 5.2 0.303103
7.2 5.4 0.129948
7.2 5.6 -0.0597441
7.2 5.8 -0.152063
7.2 6 -0.0948923
7.2 6.2 0.0644634
7.2 6.4 0.211357
7.2 6.6 0.231926
7.2 6.8 0.0927826
7.2 7 -0.130221
7.2 7.2 -0.295927
7.2 7.4 -0.283655
7.2 7.6 -0.0720058
7.2 7.8 0.239731
7.2 8 0.48826
7.2 8.2 0.0672528
7.2 8.4 0

7.4 0 0
7.4 0.2 -0.0385121
7.4 0.4 -0.278939
7.4 0.6 -0.21634
7.4 0.8 -0.14271
7.4 1 -0.0788187
7.4 1.2 -0.0374628
7.4 1.4 -0.013532
7.4 1.6 0.00161133
7.4 1.8 0.0117219
7.4 2 0.00592659
7.4 2.2 -0.0269853
7.4 2.4 -0.0834899
7.4 2.6 -0.138744
7.4 2.8 -0.157216
7.4 3 -0.119633
7.4 3.2 -0.0440242
7.4 3.4 0.0203528
7.4 3.6 0.0221207
7.4 3.8 -0.0511345
7.4 4 -0.156422
7.4 4.2 -0.214099
7.4 4.4 -0.160138
7.4 4.6 0.00619856
7.4 4.8 0.209705
7.4 5 0.339099
7.4 5.2 0.31821
7.4 5.4 0.156772
7.4 5.6 -0.0453868
7.4 5.8 -0.162606
7.4 6 -0.12221
7.4 6.2 0.041786
7.4 6.4 0.208899
7.4 6.6 0.247865
7.4 6.8 0.10807
7.4 7 -0.139312
7.4 7.2 -0.343054
7.4 7.4 -0.363889
7.4 7.6 -0.169949
7.4 7.8 0.138651
7.4 8 0.385349
7.4 8.2 0.0530202
7.4 8.4 0

7.6 0 0
7.6 0.2 -0.00701032
7.6 0.4 -0.0502403
7.6 0.6 0.0119519
7.6 0.8 0.091325
7.6 1 0.143081
7.6 1.2 0.148451
7.6 1.4 0.120844
7.6 1.6 0.0943863
7.6 1.8 0.0881712
7.6 2 0.0930803
7.6 2.2 0.0799505
7.6 2.4 0.0288694
7.6 2.6 -0.0445695
7.6 2.8 -0.0955912
7.6 3 -0.0807388
7.6 3.2 0.00190778
7.6 3.4 0.103891
7.6 3.6 0.15169
7.6 3.8 0.100878
7.6 4 -0.0258784
7.6 4.2 -0.147202
7.6 4.4 -0.170256
7.6 4.6 -0.0618491
7.6 4.8 0.125005
7.6 5 0.274901
7.6 5.2 0.28842
7.6 5.4 0.149828
7.6 5.6 -0.0554406
7.6 5.8 -0.19326
7.6 6 -0.171831
7.6 6.2 -0.00729509
7.6 6.4 0.183862
7.6 6.6 0.258029
7.6 6.8 0.143885
7.6 7 -0.102653
7.6 7.2 -0.33356
7.6 7.4 -0.400637
7.6 7.6 -0.258317
7.6 7.8 0.00501915
7.6 8 0.218575
7.6 8.2 0.0300443
7.6 8.4 0

7.8 0 0
7.8 0.2 0.0226841
7.8 0.4 0.165222
7.8 0.6 0.206798
7.8 0.8 0.259968
7.8 1 0.272026
7.8 1.2 0.225378
7.8 1.4 0.15132
7.8 1.6 0.101446
7.8 1.8 0.106558
7.8 2 0.149562
7.8 2.2 0.177155
7.8 2.4 0.146498
7.8 2.6 0.0610829
7.8 2.8 -0.020888
7.8 3 -0.0325685
7.8 3.2 0.0519188
7.8 3.4 0.185993
7.8 3.6 0.277592
7.8 3.8 0.251132
7.8 4 0.107269
7.8 4.2 -0.071011
7.8 4.4 -0.168243
7.8 4.6 -0.11781
7.8 4.8 0.0494268
7.8 5 0.218135
7.8 5.2 0.268076
7.8 5.4 0.155447
7.8 5.6 -0.0499868
7.8 5.8 -0.211753
7.8 6 -0.218391
7.8 6.2 -0.0629748
7.8 6.4 0.147891
7.8 6.6 0.264541
7.8 6.8 0.19582
7.8 7 -0.0251893
7.8 7.2 -0.2639
7.8 7.4 -0.370719
7.8 7.6 -0.287872
7.8 7.8 -0.08434
7.8 8 0.0861434
7.8 8.2 0.011807
7.8 8.4 0

8 0 0
8 0.2 0.0379593
8 0.4 0.275823
8 0.6 0.293752
8 0.8 0.310965
8 1 0.276824
8 1.2 0.184071
8 1.4 0.0791522
8 1.6 0.0290289
8 1.8 0.0684787
8 2 0.166993
8 2.2 0.248044
8 2.4 0.243472
8 2.6 0.150352
8 2.8 0.035784
8 3 -0.00720754
8 3.2 0.0675201
8 3.4 0.221302
8 3.6 0.348535
8 3.8 0.348764
8 4 0.201888
8 4.2 -0.00962094
8 4.4 -0.154939
8 4.6 -0.141153
8 4.8 0.0188786
8 5 0.210078
8 5.2 0.295034
8 5.4 0.206013
8 5.6 -0.00433345
8 5.8 -0.196368
8 6 -0.2415
8 6.2 -0.109282
8 6.4 0.108378
8 6.6 0.262037
8 6.8 0.243524
8 7 0.0628925
8 7.2 -0.161663
8 7.4 -0.287435
8 7.6 -0.24799
8 7.8 -0.0938108
8 8 0.0428928
8 8.2 0.00588879
8 8.4 0

8.2 0 0
8.2 0.2 0.0362741
8.2 0.4 0.263535
8.2 0.6 0.268444
8.2 0.8 0.259939
8.2 1 0.195807
8.2 1.2 0.0779453
8.2 1.4 -0.0357909
8.2 1.6 -0.068205
8.2 1.8 0.0119677
8.2 2 0.163011
8.2 2.2 0.287783
8.2 2.4 0.302093
8.2 2.6 0.196517
8.2 2.8 0.0481931
8.2 3 -0.0313267
8.2 3.2 0.0246174
8.2 3.4 0.183788
8.2 3.6 0.334611
8.2 3.8 0.361112
8.2 4 0.22862
8.2 4.2 0.014093
8.2 4.4 -0.143378
8.2 4.6 -0.13697
8.2 4.8 0.0318283
8.2 5 0.248235
8.2 5.2 0.361825
8.2 5.4 0.289567
8.2 5.6 0.0718435
8.2 5.8 -0.152137
8.2 6 -0.239719
8.2 6.2 -0.141529
8.2 6.4 0.0665547
8.2 6.6 0.239137
8.2 6.8 0.259212
8.2 7 0.119833
8.2 7.2 -0.0777642
8.2 7.4 -0.199329
8.2 7.6 -0.17517
8.2 7.8 -0.0436922
8.2 8 0.0776732
8.2 8.2 0.0107281
8.2 8.4 0

8.4 0 0
8.4 0.2 0.0246495
8.4 0.4 0.179006
8.4 0.6 0.185042
8.4 0.8 0.173244
8.4 1 0.105637
8.4 1.2 -0.0105563
8.4 1.4 -0.112219
8.4 1.6 -0.12371
8.4 1.8 -0.0151688
8.4 2 0.161744
8.4 2.2 0.301882
8.4 2.4 0.314402
8.4 2.6 0.189023
8.4 2.8 0.00924518
8.4 3 -0.102467
8.4 3.2 -0.0693992
8.4 3.4 0.0831265
8.4 3.6 0.243713
8.4 3.8 0.291217
8.4 4 0.182956
8.4 4.2 -0.0106855
8.4 4.4 -0.151084
8.4 4.6 -0.129287
8.4 4.8 0.0562581
8.4 5 0.290892
8.4 5.2 0.421665
8.4 5.4 0.357955
8.4 5.6 0.135145
8.4 5.8 -0.109395
8.4 6 -0.227315
8.4 6.2 -0.160358
8.4 6.4 0.027653
8.4 6.6 0.196943
8.4 6.8 0.231582
8.4 7 0.118308
8.4 7.2 -0.0525386
8.4 7.4 -0.154722
8.4 7.6 -0.12065
8.4 7.8 0.0134996
8.4 8 0.137125
8.4 8.2 0.0189551
8.4 8.4 0

8.6 0 0
8.6 0.2 0.0125823
8.6 0.4 0.0913155
8.6 0.6 0.108822
8.6 0.8 0.112951
8.6 1 0.0666887
8.6 1.2 -0.0248073
8.6 1.4 -0.1036
8.6 1.6 -0.100919
8.6 1.8 0.00784355
8.6 2 0.171342
8.6 2.2 0.288709
8.6 2.4 0.277008
8.6 2.6 0.129203
8.6 2.8 -0.0688232
8.6 3 -0.196504
8.6 3.2 -0.17821
8.6 3.4 -0.0365181
8.6 3.6 0.119617
8.6 3.8 0.175119
8.6 4 0.0875584
8.6 4.2 -0.075865
8.6 4.4 -0.186608
8.6 4.6 -0.142405
8.6 4.8 0.0537467
8.6 5 0.290907
8.6 5.2 0.421087
8.6 5.4 0.359052
8.6 5.6 0.140921
8.6 5.8 -0.0996151
8.6 6 -0.2202
8.6 6.2 -0.165151
8.6 6.4 0.00472316
8.6 6.6 0.155034
8.6 6.8 0.178364
8.6 7 0.0657416
8.6 7.2 -0.0916254
8.6 7.4 -0.172495
8.6 7.6 -0.115433
8.6 7.8 0.0382204
8.6 8 0.174258
8.6 8.2 0.0240611
8.6 8.4 0

8.8 0 0
8.8 0.2 0.00482184
8.8 0.4 0.0350952
8.8 0.6 0.0666881
8.8 0.8 0.0949279
8.8 1 0.0817465
8.8 1.2 0.0263963
8.8 1.4 -0.0262884
8.8 1.6 -0.0215079
8.8 1.8 0.0603987
8.8 2 0.175625
8.8 2.2 0.2408
8.8 2.4 0.190577
8.8 2.6 0.0297289
8.8 2.8 -0.162146
8.8 3 -0.27711
8.8 3.2 -0.25469
8.8 3.4 -0.123078
8.8 3.6 0.0181316
8.8 3.8 0.0638289
8.8 4 -0.0153899
8.8 4.2 -0.156146
8.8 4.4 -0.240107
8.8 4.6 -0.181055
8.8 4.8 0.00995561
8.8 5 0.227103
8.8 5.2 0.337178
8.8 5.4 0.271062
8.8 5.6 0.0716078
8.8 5.8 -0.133821
8.8 6 -0.220327
8.8 6.2 -0.146432
8.8 6.4 0.0167196
8.8 6.6 0.142306
8.8 6.8 0.135092
8.8 7 0.00115437
8.8 7.2 -0.160654
8.8 7.4 -0.228158
8.8 7.6 -0.14756
8.8 7.8 0.030405
8.8 8 0.182135
8.8 8.2 0.0251265
8.8 8.4 0

9 0 0
9 0.2 -0.000336539
9 0.4 -0.00252361
9 0.6 0.0369231
9 0.8 0.0823775
9 1 0.0989731
9 1.2 0.0793159
9 1.4 0.0524422
9 1.6 0.0549948
9 1.8 0.0979081
9 2 0.148825
9 2.2 0.150082
9 2.4 0.0641359
9 2.6 -0.0918046
9 2.8 -0.24504
9 3 -0.314463
9 3.2 -0.265197
9 3.4 -0.136739
9 3.6 -0.0214663
9 3.8 -0.000828955
9 4 -0.0898349
9 4.2 -0.219057
9 4.4 -0.285997
9 4.6 -0.22312
9 4.8 -0.05314
9 5 0.124892
9 5.2 0.19938
9 5.4 0.124315
9 5.6 -0.0464164
9 5.8 -0.194443
9 6 -0.21639
9 6.2 -0.0987227
9 6.4 0.0754075
9 6.6 0.179426
9 6.8 0.135602
9 7 -0.0321667
9 7.2 -0.209681
9 7.4 -0.274188
9 7.6 -0.175943
9 7.8 0.0216926
9 8 0.18711
9 8.2 0.0257918
9 8.4 0

9.2 0 0
9.2 0.2 -0.00707451
9.2 0.4 -0.0513374
9.2 0.6 -0.0160014
9.2 0.8 0.026611
9.2 1 0.0561835
9.2 1.2 0.0647829
9.2 1.4 0.0654806
9.2 1.6 0.0726633
9.2 1.8 0.0851134
9.2 2 0.0792369
9.2 2.2 0.0257951
9.2 2.4 -0.0824374
9.2 2.6 -0.211058
9.2 2.8 -0.300021
9.2 3 -0.298744
9.2 3.2 -0.205186
9.2 3.4 -0.0750662
9.2 3.6 0.00958189
9.2 3.8 -0.00873241
9.2 4 -0.117993
9.2 4.2 -0.244189
9.2 4.4 -0.298281
9.2 4.6 -0.235733
9.2 4.8 -0.0919181
9.2 5 0.0392237
9.2 5.2 0.0704318
9.2 5.4 -0.0184202
9.2 5.6 -0.160231
9.2 5.8 -0.245464
9.2 6 -0.197121
9.2 6.2 -0.0265127
9.2 6.4 0.164789
9.2 6.6 0.255275
9.2 6.8 0.180199
9.2 7 -0.0158625
9.2 7.2 -0.209947
9.2 7.4 -0.274245
9.2 7.6 -0.167418
9.2 7.8 0.0419591
9.2 8 0.215689
9.2 8.2 0.029671
9.2 8.4 0

9.4 0 0
9.4 0.2 -0.0153289
9.4 0.4 -0.111726
9.4 0.6 -0.0990883
9.4 0.8 -0.0858277
9.4 1 -0.0672282
9.4 1.2 -0.0420014
9.4 1.4 -0.00795653
9.4 1.6 0.022179
9.4 1.8 0.0293593
9.4 2 -0.00884703
9.4 2.2 -0.0978712
9.4 2.4 -0.21294
9.4 2.6 -0.304579
9.4 2.8 -0.320177
9.4 3 -0.242423
9.4 3.2 -0.10169
9.4 3.4 0.029613
9.4 3.6 0.0792872
9.4 3.8 0.0196703
9.4 4 -0.112636
9.4 4.2 -0.234876
9.4 4.4 -0.270492
9.4 4.6 -0.199008
9.4 4.8 -0.0719543
9.4 5 0.0206925
9.4 5.2 0.0115971
9.4 5.4 -0.0944366
9.4 5.6 -0.218063
9.4 5.8 -0.258671
9.4 6 -0.158787
9.4 6.2 0.046263
9.4 6.4 0.247548
9.4 6.6 0.327475
9.4 6.8 0.235971
9.4 7 0.0289385
9.4 7.2 -0.166831
9.4 7.4 -0.229168
9.4 7.6 -0.120496
9.4 7.8 0.0882466
9.4 8 0.262111
9.4 8.2 0.0360489
9.4 8.4 0

9.6 0 0
9.6 0.2 -0.0192445
9.6 0.4 -0.140197
9.6 0.6 -0.170038
9.6 0.8 -0.21392
9.6 1 -0.23098
9.6 1.2 -0.200249
9.6 1.4 -0.127649
9.6 1.6 -0.0529491
9.6 1.8 -0.0227382
9.6 2 -0.0669106
9.6 2.2 -0.174111
9.6 2.4 -0.292184
9.6 2.6 -0.35312
9.6 2.8 -0.31001
9.6 3 -0.170543
9.6 3.2 0.00557073
9.6 3.4 0.130722
9.6 3.6 0.143851
9.6 3.8 0.0447648
9.6 4 -0.104692
9.6 4.2 -0.21315
9.6 4.4 -0.218555
9.6 4.6 -0.121966
9.6 4.8 0.00703357
9.6 5 0.0795645
9.6 5.2 0.0440699
9.6 5.4 -0.0782556
9.6 5.6 -0.199962
9.6 5.8 -0.22672
9.6 6 -0.116292
9.6 6.2 0.0870345
9.6 6.4 0.275451
9.6 6.6 0.343214
9.6 6.8 0.252277
9.6 7 0.0590333
9.6 7.2 -0.117509
9.6 7.4 -0.169775
9.6 7.6 -0.066352
9.6 7.8 0.12653
9.6 8 0.287654
9.6 8.2 0.0395732
9.6 8.4 0

9.8 0 0
9.8 0.2 -0.0109367
9.8 0.4 -0.0794818
9.8 0.6 -0.168953
9.8 0.8 -0.291022
9.8 1 -0.362049
9.8 1.2 -0.33381
9.8 1.4 -0.219494
9.8 1.6 -0.085594
9.8 1.8 -0.0140052
9.8 2 -0.0484729
9.8 2.2 -0.16951
9.8 2.4 -0.29989
9.8 2.6 -0.352406
9.8 2.8 -0.279906
9.8 3 -0.107687
9.8 3.2 0.0810649
9.8 3.4 0.189954
9.8 3.6 0.167061
9.8 3.8 0.0347238
9.8 4 -0.122762
9.8 4.2 -0.210306
9.8 4.4 -0.175615
9.8 4.6 -0.042902
9.8 4.8 0.106227
9.8 5 0.180853
9.8 5.2 0.137069
9.8 5.4 0.00701332
9.8 5.6 -0.123102
9.8 5.8 -0.165708
9.8 6 -0.0857071
9.8 6.2 0.0749056
9.8 6.4 0.224252
9.8 6.6 0.2748
9.8 6.8 0.197434
9.8 7 0.0428549
9.8 7.2 -0.0945932
9.8 7.4 -0.128772
9.8 7.6 -0.0395728
9.8 7.8 0.12002
9.8 8 0.251958
9.8 8.2 0.0346501
9.8 8.4 0

10 0 0
10 0.2 0.0119296
10 0.4 0.0872616
10 0.6 -0.0697909
10 0.8 -0.275559
10 1 -0.405619
10 1.2 -0.384071
10 1.4 -0.228982
10 1.6 -0.0370624
10 1.8 0.0783396
10 2 0.0528547
10 2.2 -0.087388
10 2.4 -0.246135
10 2.6 -0.316817
10 2.8 -0.246299
10 3 -0.0705819
10 3.2 0.111179
10 3.4 0.196702
10 3.6 0.141672
10 3.8 -0.0145756
10 4 -0.174582
10 4.2 -0.239543
10 4.4 -0.169772
10 4.6 -0.00231593
10 4.8 0.171947
10 5 0.261727
10 5.2 0.229394
10 5.4 0.105896
10 5.6 -0.0283987
10 5.8 -0.0990601
10 6 -0.073911
10 6.2 0.0173815
10 6.4 0.108006
10 6.6 0.137224
10 6.8 0.0858411
10 7 -0.0130802
10 7.2 -0.0969552
10 7.4 -0.111893
10 7.6 -0.0465334
10 7.8 0.0613553
10 8 0.148786
10 8.2 0.0205054
10 8.4 0

10.2 0 0
10.2 0.2 0.0418492
10.2 0.4 0.30499
10.2 0.6 0.0880882
10.2 0.8 -0.187316
10.2 1 -0.363039
10.2 1.2 -0.345449
10.2 1.4 -0.158198
10.2 1.6 0.0797249
10.2 1.8 0.223779
10.2 2 0.196486
10.2 2.2 0.0266412
10.2 2.4 -0.171144
10.2 2.6 -0.273658
10.2 2.8 -0.222326
10.2 3 -0.0592232
10.2 3.2 0.107067
10.2 3.4 0.170251
10.2 3.6 0.0914032
10.2 3.8 -0.0801425
10.2 4 -0.239872
10.2 4.2 -0.29211
10.2 4.4 -0.203759
10.2 4.6 -0.020946
10.2 4.8 0.166027
10.2 5 0.271583
10.2 5.2 0.262849
10.2 5.4 0.165974
10.2 5.6 0.0443638
10.2 5.8 -0.0435028
10.2 6 -0.0702111
10.2 6.2 -0.0511668
10.2 6.4 -0.0213024
10.2 6.6 -0.0120056
10.2 6.8 -0.0329221
10.2 7 -0.0689959
10.2 7.2 -0.0957042
10.2 7.4 -0.0933047
10.2 7.6 -0.0615104
10.2 7.8 -0.016115
10.2 8 0.0169091
10.2 8.2 0.00233702
10.2 8.4 0

10.4 0 0
10.4 0.2 0.0646315
10.4 0.4 0.470624
10.4 0.6 0.219115
10.4 0.8 -0.0923326
10.4 1 -0.288396
10.4 1.2 -0.266854
10.4 1.4 -0.0565638
10.4 1.6 0.203835
10.4 1.8 0.35475
10.4 2 0.310805
10.4 2.2 0.109128
10.4 2.4 -0.122842
10.4 2.6 -0.250869
10.4 2.8 -0.214953
10.4 3 -0.0619862
10.4 3.2 0.0930968
10.4 3.4 0.141788
10.4 3.6 0.0502376
10.4 3.8 -0.126818
10.4 4 -0.284368
10.4 4.2 -0.333868
10.4 4.4 -0.250752
10.4 4.6 -0.0810324
10.4 4.8 0.0927674
10.4 5 0.199747
10.4 5.2 0.216143
10.4 5.4 0.160996
10.4 5.6 0.0775163
10.4 5.8 0.00061015
10.4 6 -0.0536292
10.4 6.2 -0.0873195
10.4 6.4 -0.106677
10.4 6.6 -0.111767
10.4 6.8 -0.101987
10.4 7 -0.079635
10.4 7.2 -0.0541215
10.4 7.4 -0.0405847
10.4 7.6 -0.0452881
10.4 7.8 -0.0650899
10.4 8 -0.0855119
10.4 8.2 -0.0117595
10.4 8.4 0

10.6 0 0
10.6 0.2 0.068666
10.6 0.4 0.499469
10.6 0.6 0.248524
10.6 0.8 -0.0564228
10.6 1 -0.239798
10.6 1.2 -0.203309
10.6 1.4 0.0174848
10.6 1.6 0.275266
10.6 1.8 0.409657
10.6 2 0.341014
10.6 2.2 0.116049
10.6 2.4 -0.128425
10.6 2.6 -0.25725
10.6 2.8 -0.215833
10.6 3 -0.0599235
10.6 3.2 0.0921216
10.6 3.4 0.13549
10.6 3.6 0.0417371
10.6 3.8 -0.129565
10.6 4 -0.280947
10.6 4.2 -0.332613
10.6 4.4 -0.270844
10.6 4.6 -0.138941
10.6 4.8 -0.00451798
10.6 5 0.0830155
10.6 5.2 0.113551
10.6 5.4 0.104288
10.6 5.6 0.0769779
10.6 5.8 0.039683
10.6 6 -0.00910075
10.6 6.2 -0.0672728
10.6 6.4 -0.116463
10.6 6.6 -0.132117
10.6 6.8 -0.099145
10.6 7 -0.0322739
10.6 7.2 0.0323213
10.6 7.4 0.0524023
10.6 7.6 0.0150555
10.6 7.8 -0.0585327
10.6 8 -0.121488
10.6 8.2 -0.0167394
10.6 8.4 0

10.8 0 0
10.8 0.2 0.0532852
10.8 0.4 0.387071
10.8 0.6 0.169465
10.8 0.8 -0.0913279
10.8 1 -0.234602
10.8 1.2 -0.176617
10.8 1.4 0.0395836
10.8 1.6 0.271742
10.8 1.8 0.37195
10.8 2 0.27803
10.8 2.2 0.0488197
10.8 2.4 -0.178126
10.8 2.6 -0.276107
10.8 2.8 -0.207022
10.8 3 -0.036061
10.8 3.2 0.116431
10.8 3.4 0.154721
10.8 3.6 0.0640196
10.8 3.8 -0.0945642
10.8 4 -0.227965
10.8 4.2 -0.273702
10.8 4.4 -0.230897
10.8 4.6 -0.14458
10.8 4.8 -0.0663669
10.8 5 -0.020297
10.8 5.2 0.00522101
10.8 5.4 0.0300099
10.8 5.6 0.0599341
10.8 5.8 0.0773037
10.8 6 0.0575089
10.8 6.2 0.000624958
10.8 6.4 -0.0650094
10.8 6.6 -0.0906927
10.8 6.8 -0.0512295
10.8 7 0.0397673
10.8 7.2 0.126258
10.8 7.4 0.151631
10.8 7.6 0.0938369
10.8 7.8 -0.0129461
10.8 8 -0.100388
10.8 8.2 -0.013823
10.8 8.4 0

11 0 0
11 0.2 0.0299806
11 0.4 0.217061
11 0.6 0.0506311
11 0.8 -0.144857
11 1 -0.236313
11 1.2 -0.159766
11 1.4 0.0367133
11 1.6 0.224339
11 1.8 0.280645
11 2 0.166952
11 2.2 -0.0464867
11 2.4 -0.228781
11 2.6 -0.274044
11 2.8 -0.165674
11 3 0.0174796
11 3.2 0.159499
11 3.4 0.182238
11 3.6 0.0875026
11 3.8 -0.0509452
11 4 -0.151822
11 4.2 -0.17087
11 4.4 -0.127445
11 4.6 -0.0741734
11 4.8 -0.0509356
11 5 -0.0583145
11 5.2 -0.0606046
11 5.4 -0.0268132
11 5.6 0.0424106
11 5.8 0.107959
11 6 0.125048
11 6.2 0.0794233
11 6.4 0.005408
11 6.6 -0.0383835
11 6.8 -0.00991743
11 7 0.0793496
11 7.2 0.172167
11 7.4 0.201342
11 7.6 0.141129
11 7.8 0.0264912
11 8 -0.0665178
11 8.2 -0.0091545
11 8.4 0

11.2 0 0
11.2 0.2 0.0148569
11.2 0.4 0.106793
11.2 0.6 -0.0105089
11.2 0.8 -0.14328
11.2 1 -0.189427
11.2 1.2 -0.107222
11.2 1.4 0.0551785
11.2 1.6 0.187289
11.2 1.8 0.19771
11.2 2 0.0722914
11.2 2.2 -0.110523
11.2 2.4 -0.234965
11.2 2.6 -0.22173
11.2 2.8 -0.0818995
11.2 3 0.0957856
11.2 3.2 0.205524
11.2 3.4 0.192403
11.2 3.6 0.0839711
11.2 3.8 -0.0366683
11.2 4 -0.0919164
11.2 4.2 -0.0613408
11.2 4.4 0.0118358
11.2 4.6 0.0591706
11.2 4.8 0.0438349
11.2 5 -0.0176641
11.2 5.2 -0.0656366
11.2 5.4 -0.0517028
11.2 5.6 0.0266007
11.2 5.8 0.11971
11.2 6 0.164512
11.2 6.2 0.132478
11.2 6.4 0.0499304
11.2 6.6 -0.018343
11.2 6.8 -0.0196106
11.2 7 0.04682
11.2 7.2 0.130351
11.2 7.4 0.165431
11.2 7.6 0.11977
11.2 7.8 0.0219854
11.2 8 -0.0597952
11.2 8.2 -0.00819766
11.2 8.4 0

11.4 0 0
11.4 0.2 0.0172689
11.4 0.4 0.124805
11.4 0.6 0.0399583
11.4 0.8 -0.0499063
11.4 1 -0.0699093
11.4 1.2 0.00202991
11.4 1.4 0.119738
11.4 1.6 0.195694
11.4 1.8 0.166301
11.4 2 0.0390348
11.4 2.2 -0.108125
11.4 2.4 -0.177525
11.4 2.6 -0.120322
11.4 2.8 0.0311477
11.4 3 0.180552
11.4 3.2 0.236369
11.4 3.4 0.170648
11.4 3.6 0.0359924
11.4 3.8 -0.0702672
11.4 4 -0.0767322
11.4 4.2 0.0168867
11.4 4.4 0.141636
11.4 4.6 0.210564
11.4 4.8 0.180255
11.4 5 0.0763927
11.4 5.2 -0.0239335
11.4 5.4 -0.0517272
11.4 5.6 0.00700508
11.4 5.8 0.103247
11.4 6 0.163731
11.4 6.2 0.143526
11.4 6.4 0.0565058
11.4 6.6 -0.0369019
11.4 6.8 -0.0778432
11.4 7 -0.0487715
11.4 7.2 0.0150272
11.4 7.4 0.055466
11.4 7.6 0.0378775
11.4 7.8 -0.0247533
11.4 8 -0.0831481
11.4 8.2 -0.0113823
11.4 8.4 0

11.6 0 0
11.6 0.2 0.0334264
11.6 0.4 0.242787
11.6 0.6 0.169521
11.6 0.8 0.0973429
11.6 1 0.0805379
11.6 1.2 0.130437
11.6 1.4 0.204777
11.6 1.6 0.235814
11.6 1.8 0.182329
11.6 2 0.0626222
11.6 2.2 -0.0501247
11.6 2.4 -0.0797605
11.6 2.6 -0.000795033
11.6 2.8 0.138976
11.6 3 0.245224
11.6 3.2 0.241179
11.6 3.4 0.121819
11.6 3.6 -0.0404735
11.6 3.8 -0.139416
11.6 4 -0.107539
11.6 4.2 0.0419185
11.6 4.4 0.221145
11.6 4.6 0.326223
11.6 4.8 0.301785
11.6 5 0.174104
11.6 5.2 0.0295758
11.6 5.4 -0.0464103
11.6 5.6 -0.023411
11.6 5.8 0.060392
11.6 6 0.129263
11.6 6.2 0.125618
11.6 6.4 0.0453214
11.6 6.6 -0.0632681
11.6 6.8 -0.139735
11.6 7 -0.152276
11.6 7.2 -0.11501
11.6 7.4 -0.0710379
11.6 7.6 -0.0562929
11.6 7.8 -0.0737138
11.6 8 -0.100409
11.6 8.2 -0.013721
11.6 8.4 0

11.8 0 0
11.8 0.2 0.0487945
11.8 0.4 0.354926
11.8 0.6 0.27958
11.8 0.8 0.205943
11.8 1 0.177735
11.8 1.2 0.203612
11.8 1.4 0.248121
11.8 1.6 0.258494
11.8 1.8 0.202486
11.8 2 0.101607
11.8 2.2 0.0162035
11.8 2.4 0.00631668
11.8 2.6 0.0846684
11.8 2.8 0.199779
11.8 3 0.265145
11.8 3.2 0.21873
11.8 3.4 0.0674857
11.8 3.6 -0.109711
11.8 3.8 -0.205855
11.8 4 -0.157078
11.8 4.2 0.0199692
11.8 4.4 0.231825
11.8 4.6 0.367509
11.8 4.8 0.361029
11.8 5 0.23169
11.8 5.2 0.0625665
11.8 5.4 -0.0521617
11.8 5.6 -0.0644805
11.8 5.8 0.00299164
11.8 6 0.0823488
11.8 6.2 0.105656
11.8 6.4 0.0508697
11.8 6.6 -0.0532752
11.8 6.8 -0.151984
11.8 7 -0.201369
11.8 7.2 -0.193238
11.8 7.4 -0.151242
11.8 7.6 -0.106138
11.8 7.8 -0.0779739
11.8 8 -0.0697236
11.8 8.2 -0.00949469
11.8 8.4 0

12 0 0
12 0.2 0.0485464
12 0.4 0.352982
12 0.6 0.273077
12 0.8 0.190375
12 1 0.14718
12 1.2 0.158147
12 1.4 0.196638
12 1.6 0.215702
12 1.8 0.183109
12 2 0.110608
12 2.2 0.0446314
12 2.4 0.0345467
12 2.6 0.0938418
12 2.8 0.180998
12 3 0.225799
12 3.2 0.174319
12 3.4 0.0319537
12 3.6 -0.133849
12 3.8 -0.227966
12 4 -0.189126
12 4.2 -0.0258355
12 4.4 0.180894
12 4.6 0.326754
12 4.8 0.342745
12 5 0.231199
12 5.2 0.0635838
12 5.4 -0.0693172
12 5.6 -0.107239
12 5.8 -0.0531115
12 6 0.038964
12 6.2 0.0997032
12 6.4 0.0884864
12 6.6 0.0112559
12 6.8 -0.0906492
12 7 -0.167049
12 7.2 -0.188112
12 7.4 -0.155348
12 7.6 -0.0898307
12 7.8 -0.0237422
12 8 0.0183294
12 8.2 0.00263462
12 8.4 0

12.2 0 0
12.2 0.2 0.027929
12.2 0.4 0.203132
12.2 0.6 0.124269
12.2 0.8 0.0324537
12.2 1 -0.0199987
12.2 1.2 -0.00982662
12.2 1.4 0.0460975
12.2 1.6 0.100861
12.2 1.8 0.112758
12.2 2 0.0749211
12.2 2.2 0.018933
12.2 2.4 -0.00873789
12.2 2.6 0.0169033
12.2 2.8 0.0798554
12.2 3 0.129609
12.2 3.2 0.116214
12.2 3.4 0.0277157
12.2 3.6 -0.0965257
12.2 3.8 -0.184902
12.2 4 -0.179194
12.2 4.2 -0.0695462
12.2 4.4 0.0926149
12.2 4.6 0.225576
12.2 4.8 0.262036
12.2 5 0.18697
12.2 5.2 0.0459747
12.2 5.4 -0.084853
12.2 5.6 -0.1391
12.2 5.8 -0.0995355
12.2 6 0.00122608
12.2 6.2 0.0989925
12.2 6.4 0.139672
12.2 6.6 0.103768
12.2 6.8 0.0154099
12.2 7 -0.0763929
12.2 7.2 -0.124717
12.2 7.4 -0.106758
12.2 7.6 -0.0341119
12.2 7.8 0.0581289
12.2 8 0.126691
12.2 8.2 0.0174742
12.2 8.4 0

12.4 0 0
12.4 0.2 -0.00431372
12.4 0.4 -0.0313933
12.4 0.6 -0.104199
12.4 0.8 -0.200929
12.4 1 -0.257245
12.4 1.2 -0.235625
12.4 1.4 -0.147352
12.4 1.6 -0.0419793
12.4 1.8 0.023713
12.4 2 0.0203094
12.4 2.2 -0.0354314
12.4 2.4 -0.0964121
12.4 2.6 -0.114748
12.4 2.8 -0.0758104
12.4 3 -0.00463151
12.4 3.2 0.0481176
12.4 3.4 0.0451455
12.4 3.6 -0.0136442
12.4 3.8 -0.0905439
12.4 4 -0.13055
12.4 4.2 -0.0995575
12.4 4.4 -0.00691385
12.4 4.6 0.0992308
12.4 4.8 0.158554
12.4 5 0.133836
12.4 5.2 0.0375128
12.4 5.4 -0.0786685
12.4 5.6 -0.149528
12.4 5.8 -0.13523
12.4 6 -0.0425635
12.4 6.2 0.0780153
12.4 6.4 0.164346
12.4 6.6 0.173714
12.4 6.8 0.108073
12.4 7 0.0107909
12.4 7.2 -0.0600668
12.4 7.4 -0.0618953
12.4 7.6 0.00830603
12.4 7.8 0.113378
12.4 8 0.198668
12.4 8.2 0.0273603
12.4 8.4 0

12.6 0 0
12.6 0.2 -0.0322199
12.6 0.4 -0.234119
12.6 0.6 -0.300498
12.6 0.8 -0.400341
12.6 1 -0.457414
12.6 1.2 -0.424132
12.6 1.4 -0.30352
12.6 1.6 -0.149777
12.6 1.8 -0.0347915
12.6 2 -0.00932798
12.6 2.2 -0.073483
12.6 2.4 -0.176187
12.6 2.6 -0.247783
12.6 2.8 -0.237927
12.6 3 -0.148306
12.6 3.2 -0.0254169
12.6 3.4 0.0638377
12.6 3.6 0.0762266
12.6 3.8 0.0151771
12.6 4 -0.0705827
12.6 4.2 -0.120404
12.6 4.4 -0.0989744
12.6 4.6 -0.0174793
12.6 4.8 0.0706024
12.6 5 0.106546
12.6 5.2 0.0626994
12.6 5.4 -0.0373674
12.6 5.6 -0.133401
12.6 5.8 -0.163448
12.6 6 -0.104201
12.6 6.2 0.0160523
12.6 6.4 0.131407
12.6 6.6 0.179961
12.6 6.8 0.140454
12.6 7 0.0447588
12.6 7.2 -0.0426792
12.6 7.4 -0.0625173
12.6 7.6 -0.000180374
12.6 7.8 0.10857
12.6 8 0.200006
12.6 8.2 0.0274808
12.6 8.4 0

12.8 0 0
12.8 0.2 -0.0430336
12.8 0.4 -0.312678
12.8 0.6 -0.376625
12.8 0.8 -0.478312
12.8 1 -0.538401
12.8 1.2 -0.501638
12.8 1.4 -0.364703
12.8 1.6 -0.181361
12.8 1.8 -0.0335507
12.8 2 0.0112481
12.8 2.2 -0.0617963
12.8 2.4 -0.204719
12.8 2.6 -0.32952
12.8 2.8 -0.358962
12.8 3 -0.267323
12.8 3.2 -0.0978641
12.8 3.4 0.0628206
12.8 3.6 0.134119
12.8 3.8 0.0893503
12.8 4 -0.0312568
12.8 4.2 -0.144372
12.8 4.4 -0.174768
12.8 4.6 -0.103826
12.8 4.8 0.0221928
12.8 5 0.121207
12.8 5.2 0.128466
12.8 5.4 0.0378746
12.8 5.6 -0.0945363
12.8 5.8 -0.185572
12.8 6 -0.17859
12.8 6.2 -0.0800247
12.8 6.4 0.0474622
12.8 6.6 0.125391
12.8 6.8 0.110256
12.8 7 0.0207186
12.8 7.2 -0.0758831
12.8 7.4 -0.109644
12.8 7.6 -0.0548802
12.8 7.8 0.0546209
12.8 8 0.146906
12.8 8.2 0.020155
12.8 8.4 0

13 0 0
13 0.2 -0.0348238
13 0.4 -0.253053
13 0.6 -0.316524
13 0.8 -0.416484
13 1 -0.481384
13 1.2 -0.454943
13 1.4 -0.327595
13 1.6 -0.144797
13 1.8 0.013121
13 2 0.0704332
13 2.2 -0.00312982
13 2.4 -0.167877
13 2.6 -0.33419
13 2.8 -0.404742
13 3 -0.334294
13 3.2 -0.155498
13 3.4 0.0381493
13 3.6 0.143323
13 3.8 0.110514
13 4 -0.0287456
13 4.2 -0.176031
13 4.4 -0.231824
13 4.6 -0.153976
13 4.8 0.0138911
13 5 0.169561
13 5.2 0.217518
13 5.4 0.12758
13 5.6 -0.0451524
13 5.8 -0.198243
13 6 -0.247016
13 6.2 -0.1752
13 6.4 -0.0435804
13 6.6 0.0564452
13 6.8 0.0615422
13 7 -0.0200537
13 7.2 -0.121414
13 7.4 -0.163567
13 7.6 -0.112986
13 7.8 -0.00234902
13 8 0.0910671
13 8.2 0.0125099
13 8.4 0

13.2 0 0
13.2 0.2 -0.0158436
13.2 0.4 -0.115207
13.2 0.6 -0.172594
13.2 0.8 -0.261034
13.2 1 -0.327598
13.2 1.2 -0.324943
13.2 1.4 -0.235208
13.2 1.6 -0.0855837
13.2 1.8 0.0596427
13.2 2 0.125598
13.2 2.2 0.0707841
13.2 2.4 -0.0851609
13.2 2.6 -0.263446
13.2 2.8 -0.366099
13.2 3 -0.332158
13.2 3.2 -0.178175
13.2 3.4 0.00831617
13.2 3.6 0.118249
13.2 3.8 0.0896194
13.2 4 -0.0520305
13.2 4.2 -0.207938
13.2 4.4 -0.265513
13.2 4.6 -0.172396
13.2 4.8 0.0289945
13.2 5 0.223727
13.2 5.2 0.296143
13.2 5.4 0.203084
13.2 5.6 -0.000542685
13.2 5.8 -0.197659
13.2 6 -0.282381
13.2 6.2 -0.225546
13.2 6.4 -0.0862712
13.2 6.6 0.0320599
13.2 6.8 0.0520176
13.2 7 -0.025495
13.2 7.2 -0.132672
13.2 7.4 -0.181722
13.2 7.6 -0.133028
13.2 7.8 -0.0183188
13.2 8 0.0786233
13.2 8.2 0.0108196
13.2 8.4 0

13.4 0 0
13.4 0.2 0.00268806
13.4 0.4 0.0192036
13.4 0.6 -0.0190463
13.4 0.8 -0.0794669
13.4 1 -0.13915
13.4 1.2 -0.166319
13.4 1.4 -0.135838
13.4 1.6 -0.0481663
13.4 1.8 0.0630218
13.4 2 0.136033
13.4 2.2 0.120579
13.4 2.4 0.0106048
13.4 2.6 -0.143354
13.4 2.8 -0.254816
13.4 3 -0.258744
13.4 3.2 -0.151998
13.4 3.4 -0.00212497
13.4 3.6 0.0895563
13.4 3.8 0.062222
13.4 4 -0.0720203
13.4 4.2 -0.218449
13.4 4.4 -0.268662
13.4 4.6 -0.166414
13.4 4.8 0.0464767
13.4 5 0.252391
13.4 5.2 0.331359
13.4 5.4 0.235641
13.4 5.6 0.0223783
13.4 5.8 -0.184907
13.4 6 -0.27198
13.4 6.2 -0.206192
13.4 6.4 -0.0512977
13.4 6.6 0.0811275
13.4 6.8 0.106639
13.4 7 0.0232486
13.4 7.2 -0.0948265
13.4 7.4 -0.154079
13.4 7.6 -0.107926
13.4 7.8 0.0104482
13.4 8 0.113775
13.4 8.2 0.0156913
13.4 8.4 0

13.6 0 0
13.6 0.2 0.0141116
13.6 0.4 0.101726
13.6 0.6 0.0977988
13.6 0.8 0.0837067
13.6 1 0.0442856
13.6 1.2 -0.0120311
13.6 1.4 -0.052909
13.6 1.6 -0.0453957
13.6 1.8 0.0150579
13.6 2 0.092112
13.6 2.2 0.130027
13.6 2.4 0.0930551
13.6 2.6 -0.00392949
13.6 2.8 -0.100615
13.6 3 -0.131775
13.6 3.2 -0.0762909
13.6 3.4 0.0236751
13.6 3.6 0.0895781
13.6 3.8 0.0597053
13.6 4 -0.0594601
13.6 4.2 -0.191454
13.6 4.4 -0.23665
13.6 4.6 -0.144298
13.6 4.8 0.0503517
13.6 5 0.237664
13.6 5.2 0.307002
13.6 5.4 0.213947
13.6 5.6 0.016203
13.6 5.8 -0.165698
13.6 6 -0.222534
13.6 6.2 -0.128883
13.6 6.4 0.0445819
13.6 6.6 0.181736
13.6 6.8 0.198095
13.6 7 0.0961548
13.6 7.2 -0.0417128
13.6 7.4 -0.114113
13.6 7.6 -0.0726791
13.6 7.8 0.0484001
13.6 8 0.157317
13.6 8.2 0.0216809
13.6 8.4 0

13.8 0 0
13.8 0.2 0.0186627
13.8 0.4 0.13466
13.8 0.6 0.175808
13.8 0.8 0.221376
13.8 1 0.214573
13.8 1.2 0.136954
13.8 1.4 0.0257596
13.8 1.6 -0.0531425
13.8 1.8 -0.0525453
13.8 2 0.0200919
13.8 2.2 0.109551
13.8 2.4 0.152977
13.8 2.6 0.126207
13.8 2.8 0.0605028
13.8 3 0.0135402
13.8 3.2 0.0237895
13.8 3.4 0.0787674
13.8 3.6 0.119639
13.8 3.8 0.093497
13.8 4 -0.00613955
13.8 4.2 -0.121855
13.8 4.4 -0.17302
13.8 4.6 -0.110851
13.8 4.8 0.0379373
13.8 5 0.183987
13.8 5.2 0.232232
13.8 5.4 0.147377
13.8 5.6 -0.0156607
13.8 5.8 -0.147705
13.8 6 -0.157377
13.8 6.2 -0.0331342
13.8 6.4 0.148789
13.8 6.6 0.273397
13.8 6.8 0.263843
13.8 7 0.134122
13.8 7.2 -0.0259398
13.8 7.4 -0.110141
13.8 7.6 -0.0708759
13.8 7.8 0.0523875
13.8 8 0.163926
13.8 8.2 0.02254
13.8 8.4 0

14 0 0
14 0.2 0.0198475
14 0.4 0.143192
14 0.6 0.230137
14 0.8 0.338464
14 1 0.371773
14 1.2 0.285918
14 1.4 0.118725
14 1.6 -0.0365807
14 1.8 -0.0954698
14 2 -0.036981
14 2.2 0.0866098
14 2.4 0.193074
14 2.6 0.225183
14 2.8 0.186958
14 3 0.130503
14 3.2 0.107335
14 3.4 0.129352
14 3.6 0.157897
14 3.8 0.144852
14 4 0.0703345
14 4.2 -0.0302638
14 4.4 -0.0927145
14 4.6 -0.0721631
14 4.8 0.0185141
14 5 0.112871
14 5.2 0.137251
14 5.4 0.066573
14 5.6 -0.0529403
14 5.8 -0.131445
14 6 -0.0996131
14 6.2 0.0393039
14 6.4 0.206668
14 6.6 0.297457
14 6.8 0.250659
14 7 0.0926472
14 7.2 -0.0796025
14 7.4 -0.163479
14 7.6 -0.116914
14 7.8 0.0125542
14 8 0.126325
14 8.2 0.0173558
14 8.4 0

14.2 0 0
14.2 0.2 0.0186661
14.2 0.4 0.134986
14.2 0.6 0.260199
14.2 0.8 0.4221
14.2 1 0.495116
14.2 1.2 0.414755
14.2 1.4 0.217707
14.2 1.6 0.0116216
14.2 1.8 -0.0924628
14.2 2 -0.0544719
14.2 2.2 0.079663
14.2 2.4 0.215271
14.2 2.6 0.275091
14.2 2.8 0.247335
14.2 3 0.178702
14.2 3.2 0.132387
14.2 3.4 0.136551
14.2 3.6 0.168512
14.2 3.8 0.178604
14.2 4 0.135478
14.2 4.2 0.0539258
14.2 4.4 -0.0181401
14.2 4.6 -0.0363803
14.2 4.8 0.00110591
14.2 5 0.0507836
14.2 5.2 0.0595087
14.2 5.4 0.00681203
14.2 5.6 -0.0714558
14.2 5.8 -0.109472
14.2 6 -0.0585755
14.2 6.2 0.0675682
14.2 6.4 0.195489
14.2 6.6 0.237436
14.2 6.8 0.153062
14.2 7 -0.0197508
14.2 7.2 -0.183205
14.2 7.4 -0.245173
14.2 7.6 -0.176419
14.2 7.8 -0.0322739
14.2 8 0.0856365
14.2 8.2 0.0117279
14.2 8.4 0

14.4 0 0
14.4 0.2 0.0120418
14.4 0.4 0.087397
14.4 0.6 0.237006
14.4 0.8 0.432903
14.4 1 0.537066
14.4 1.2 0.476172
14.4 1.4 0.280505
14.4 1.6 0.0624131
14.4 1.8 -0.0603556
14.4 2 -0.0391017
14.4 2.2 0.0841273
14.4 2.4 0.212783
14.4 2.6 0.266096
14.4 2.8 0.224921
14.4 3 0.139488
14.4 3.2 0.0776795
14.4 3.4 0.0791263
14.4 3.6 0.126157
14.4 3.8 0.167397
14.4 4 0.159345
14.4 4.2 0.100921
14.4 4.4 0.0287381
14.4 4.6 -0.0125382
14.4 4.8 -0.00891067
14.4 5 0.0147277
14.4 5.2 0.0202627
14.4 5.4 -0.0113526
14.4 5.6 -0.0577741
14.4 5.8 -0.0737056
14.4 6 -0.0285393
14.4 6.2 0.0610582
14.4 6.4 0.134726
14.4 6.6 0.126966
14.4 6.8 0.0183883
14.4 7 -0.145009
14.4 7.2 -0.274361
14.4 7.4 -0.292943
14.4 7.6 -0.189223
14.4 7.8 -0.0255758
14.4 8 0.0990444
14.4 8.2 0.0136142
14.4 8.4 0

14.6 0 0
14.6 0.2 -0.00346027
14.6 0.4 -0.0248254
14.6 0.6 0.131864
14.6 0.8 0.335362
14.6 1 0.454791
14.6 1.2 0.419575
14.6 1.4 0.256292
14.6 1.6 0.0675775
14.6 1.8 -0.0400174
14.6 2 -0.022017
14.6 2.2 0.0809025
14.6 2.4 0.178645
14.6 2.6 0.199022
14.6 2.8 0.130482
14.6 3 0.0264137
14.6 3.2 -0.040747
14.6 3.4 -0.031549
14.6 3.6 0.0366969
14.6 3.8 0.109016
14.6 4 0.133659
14.6 4.2 0.099363
14.6 4.4 0.0369229
14.6 4.6 -0.00954012
14.6 4.8 -0.016971
14.6 5 0.00158458
14.6 5.2 0.0162976
14.6 5.4 0.00767544
14.6 5.6 -0.0154372
14.6 5.8 -0.0243319
14.6 6 0.000869841
14.6 6.2 0.0467677
14.6 6.4 0.0697028
14.6 6.6 0.0277863
14.6 6.8 -0.0825104
14.6 7 -0.2136
14.6 7.2 -0.290183
14.6 7.4 -0.256247
14.6 7.6 -0.118625
14.6 7.8 0.0577722
14.6 8 0.184085
14.6 8.2 0.0253317
14.6 8.4 0

14.8 0 0
14.8 0.2 -0.0258157
14.8 0.4 -0.187426
14.8 0.6 -0.0431767
14.8 0.8 0.138723
14.8 1 0.251963
14.8 1.2 0.241569
14.8 1.4 0.13087
14.8 1.6 0.00322039
14.8 1.8 -0.0583709
14.8 2 -0.0270297
14.8 2.2 0.0563873
14.8 2.4 0.115325
14.8 2.6 0.0952538
14.8 2.8 -0.000381536
14.8 3 -0.113389
14.8 3.2 -0.174619
14.8 3.4 -0.149835
14.8 3.6 -0.0628464
14.8 3.8 0.0297313
14.8 4 0.0744367
14.8 4.2 0.0585453
14.8 4.4 0.0095311
14.8 4.6 -0.0299544
14.8 4.8 -0.0331905
14.8 5 -0.00531074
14.8 5.2 0.0246991
14.8 5.4 0.035823
14.8 5.6 0.0293988
14.8 5.8 0.0224101
14.8 6 0.0304546
14.8 6.2 0.0448031
14.8 6.4 0.0390409
14.8 6.6 -0.0118701
14.8 6.8 -0.10154
14.8 7 -0.187321
14.8 7.2 -0.210322
14.8 7.4 -0.137251
14.8 7.6 0.0143394
14.8 7.8 0.179257
14.8 8 0.289945
14.8 8.2 0.0399835
14.8 8.4 0

15 0 0
15 0.2 -0.0457403
15 0.4 -0.331998
15 0.6 -0.218476
15 0.8 -0.0854547
15 1 -0.000770647
15 1.2 0.00361779
15 1.4 -0.050389
15 1.6 -0.103833
15 1.8 -0.106389
15 2 -0.0518287
15 2.2 0.0166817
15 2.4 0.0416086
15 2.6 -0.0096792
15 2.8 -0.116937
15 3 -0.222198
15 3.2 -0.264762
15 3.4 -0.224058
15 3.6 -0.127705
15 3.8 -0.0326789
15 4 0.0135471
15 4.2 0.00277429
15 4.4 -0.0373389
15 4.6 -0.0663784
15 4.8 -0.0599594
15 5 -0.0242918
15 5.2 0.0159533
15 5.4 0.0395819
15 5.6 0.0443618
15 5.8 0.0438062
15 6 0.0494895
15 6.2 0.0580325
15 6.4 0.051144
15 6.6 0.0148687
15 6.8 -0.042609
15 7 -0.0867175
15 7.2 -0.0774202
15 7.4 0.00583256
15 7.6 0.137983
15 7.8 0.258019
15 8 0.075572
15 8.2 0
15 8.4 0

15.2 0 0
15.2 0.2 -0.0510391
15.2 0.4 -0.370526
15.2 0.6 -0.30368
15.2 0.8 -0.236619
15.2 1 -0.197042
15.2 1.2 -0.191489
15.2 1.4 -0.199195
15.2 1.6 -0.188023
15.2 1.8 -0.139611
15.2 2 -0.0685225
15.2 2.2 -0.0137849
15.2 2.4 -0.0150436
15.2 2.6 -0.0803728
15.2 2.8 -0.17835
15.2 3 -0.256716
15.2 3.2 -0.271902
15.2 3.4 -0.21882
15.2 3.6 -0.129172
15.2 3.8 -0.0529531
15.2 4 -0.0240526
15.2 4.2 -0.0418973
15.2 4.4 -0.0792075
15.2 4.6 -0.100534
15.2 4.8 -0.0907618
15.2 5 -0.056955
15.2 5.2 -0.0209776
15.2 5.4 0.00257329
15.2 5.6 0.0132713
15.2 5.8 0.0239536
15.2 6 0.0437663
15.2 6.2 0.0687373
15.2 6.4 0.0828612
15.2 6.6 0.0737979
15.2 6.8 0.0458439
15.2 7 0.0236122
15.2 7.2 0.0356707
15.2 7.4 0.0935905
15.2 7.6 0.180999
15.2 7.8 0.257994
15.2 8 0.035573
15.2 8.2 0
15.2 8.4 0

15.4 0 0
15.4 0.2 -0.0360415
15.4 0.4 -0.261341
15.4 0.6 -0.247115
15.4 0.8 -0.246128
15.4 1 -0.253148
15.4 1.2 -0.255754
15.4 1.4 -0.236037
15.4 1.6 -0.186288
15.4 1.8 -0.114113
15.4 2 -0.0466813
15.4 2.2 -0.0150484
15.4 2.4 -0.0354139
15.4 2.6 -0.0986467
15.4 2.8 -0.169108
15.4 3 -0.20846
15.4 3.2 -0.194927
15.4 3.4 -0.139554
15.4 3.6 -0.0734504
15.4 3.8 -0.0321246
15.4 4 -0.031768
15.4 4.2 -0.0607317
15.4 4.4 -0.0951937
15.4 4.6 -0.110814
15.4 4.8 -0.104018
15.4 5 -0.0846547
15.4 5.2 -0.0687653
15.4 5.4 -0.0607943
15.4 5.6 -0.0523034
15.4 5.8 -0.0298262
15.4 6 0.0122715
15.4 6.2 0.0629851
15.4 6.4 0.10303
15.4 6.6 0.116146
15.4 6.8 0.103254
15.4 7 0.0810764
15.4 7.2 0.0701521
15.4 7.4 0.0802122
15.4 7.6 0.104104
15.4 7.8 0.127003
15.4 8 0.0175368
15.4 8.2 0
15.4 8.4 0

15.6 0 0
15.6 0.2 -0.00727937
15.6 0.4 -0.0518765
15.6 0.6 -0.0803399
15.6 0.8 -0.125584
15.6 1 -0.163364
15.6 1.2 -0.171428
15.6 1.4 -0.140994
15.6 1.6 -0.0827834
15.6 1.8 -0.0209959
15.6 2 0.0163752
15.6 2.2 0.0134656
15.6 2.4 -0.024202
15.6 2.6 -0.0747052
15.6 2.8 -0.1077
15.6 3 -0.105224
15.6 3.2 -0.0716305
15.6 3.4 -0.0265227
15.6 3.6 0.00267481
15.6 3.8 0.00201444
15.6 4 -0.0228161
15.6 4.2 -0.0545108
15.6 4.4 -0.0747235
15.6 4.6 -0.0784727
15.6 4.8 -0.0751113
15.6 5 -0.0793009
15.6 5.2 -0.0954325
15.6 5.4 -0.114124
15.6 5.6 -0.116233
15.6 5.8 -0.0864792
15.6 6 -0.0280027
15.6 6.2 0.0405332
15.6 6.4 0.0920783
15.6 6.6 0.110263
15.6 6.8 0.0946971
15.6 7 0.0595362
15.6 7.2 0.0213203
15.6 7.4 -0.0129775
15.6 7.6 -0.0464083
15.6 7.8 -0.0803231
15.6 8 -0.0110329
15.6 8.2 0
15.6 8.4 0

15.8 0 0
15.8 0.2 0.0192383
15.8 0.4 0.140933
15.8 0.6 0.0940415
15.8 0.8 0.0370231
15.8 1 -0.00034587
15.8 1.2 -0.000781167
15.8 1.4 0.0323256
15.8 1.6 0.0755669
15.8 1.8 0.100238
15.8 2 0.0884103
15.8 2.2 0.0446848
15.8 2.4 -0.00702445
15.8 2.6 -0.0376948
15.8 2.8 -0.0305559
15.8 3 0.0054943
15.8 3.2 0.0473491
15.8 3.4 0.0675686
15.8 3.6 0.0534597
15.8 3.8 0.015986
15.8 4 -0.0203382
15.8 4.2 -0.0343108
15.8 4.4 -0.0222849
15.8 4.6 -0.00155789
15.8 4.8 0.00355924
15.8 5 -0.0229145
15.8 5.2 -0.0726901
15.8 5.4 -0.119891
15.8 5.6 -0.135616
15.8 5.8 -0.107471
15.8 6 -0.0466243
15.8 6.2 0.016911
15.8 6.4 0.0555943
15.8 6.6 0.0561678
15.8 6.8 0.0253766
15.8 7 -0.0190495
15.8 7.2 -0.0631648
15.8 7.4 -0.10723
15.8 7.6 -0.161814
15.8 7.8 -0.242933
15.8 8 -0.0334301
15.8 8.2 0
15.8 8.4 0

16 0 0
16 0.2 0.0282014
16 0.4 0.205874
16 0.6 0.170846
16 0.8 0.139739
16 1 0.132878
16 1.2 0.155871
16 1.4 0.191634
16 1.6 0.210245
16 1.8 0.187553
16 2 0.123492
16 2.2 0.0449083
16 2.4 -0.00990689
16 2.6 -0.0150384
16 2.8 0.0281737
16 3 0.0865955
16 3.2 0.121536
16 3.4 0.106535
16 3.6 0.0505125
16 3.8 -0.0112475
16 4 -0.0391292
16 4.2 -0.0150977
16 4.4 0.0455194
16 4.6 0.101706
16 4.8 0.11487
16 5 0.0725081
16 5.2 -0.00297476
16 5.4 -0.07072
16 5.6 -0.0957274
16 5.8 -0.0717409
16 6 -0.0227241
16 6.2 0.0143675
16 6.4 0.014459
16 6.6 -0.022727
16 6.8 -0.0731644
16 7 -0.111206
16 7.2 -0.126033
16 7.4 -0.127975
16 7.6 -0.136011
16 7.8 -0.0521666
16 8 0
16 8.2 0
16 8.4 0

16.2 0 0
16.2 0.2 0.0162723
16.2 0.4 0.118247
16.2 0.6 0.116046
16.2 0.8 0.132681
16.2 1 0.172669
16.2 1.2 0.226197
16.2 1.4 0.265286
16.2 1.6 0.259186
16.2 1.8 0.196031
16.2 2 0.0949035
16.2 2.2 0.000773588
16.2 2.4 -0.0413226
16.2 2.6 -0.0140925
16.2 2.8 0.0597791
16.2 3 0.128301
16.2 3.2 0.143544
16.2 3.4 0.0896749
16.2 3.6 -0.000912484
16.2 3.8 -0.0731087
16.2 4 -0.0767084
16.2 4.2 -0.0043861
16.2 4.4 0.107041
16.2 4.6 0.196191
16.2 4.8 0.217031
16.2 5 0.164333
16.2 5.2 0.07639
16.2 5.4 0.0051724
16.2 5.6 -0.014068
16.2 5.8 0.0110141
16.2 6 0.0436767
16.2 6.2 0.0406187
16.2 6.4 -0.0136895
16.2 6.6 -0.0965621
16.2 6.8 -0.165641
16.2 7 -0.182494
16.2 7.2 -0.143492
16.2 7.4 -0.0759854
16.2 7.6 -0.0249453
16.2 7.8 -0.00343938
16.2 8 0
16.2 8.2 0
16.2 8.4 0

16.4 0 0
16.4 0.2 -0.00517219
16.4 0.4 -0.0384725
16.4 0.6 -0.00667533
16.4 0.8 0.0526888
16.4 1 0.130841
16.4 1.2 0.204784
16.4 1.4 0.242387
16.4 1.6 0.216944
16.4 1.8 0.130462
16.4 2 0.0175383
16.4 2.2 -0.0675851
16.4 2.4 -0.0803229
16.4 2.6 -0.0180897
16.4 2.8 0.078738
16.4 3 0.144893
16.4 3.2 0.133424
16.4 3.4 0.0442228
16.4 3.6 -0.0710768
16.4 3.8 -0.140215
16.4 4 -0.115145
16.4 4.2 -0.000764162
16.4 4.4 0.144752
16.4 4.6 0.247707
16.4 4.8 0.263139
16.4 5 0.199921
16.4 5.2 0.110901
16.4 5.4 0.0571052
16.4 5.6 0.0624545
16.4 5.8 0.103693
16.4 6 0.126114
16.4 6.2 0.0842228
16.4 6.4 -0.0222393
16.4 6.6 -0.149292
16.4 6.8 -0.229776
16.4 7 -0.220558
16.4 7.2 -0.124167
16.4 7.4 0.0112849
16.4 7.6 0.122585
16.4 7.8 0.0169127
16.4 8 0
16.4 8.2 0
16.4 8.4 0

16.6 0 0
16.6 0.2 -0.0178241
16.6 0.4 -0.130766
16.6 0.6 -0.0844489
16.6 0.8 -0.0113105
16.6 1 0.0744884
16.6 1.2 0.144836
16.6 1.4 0.169826
16.6 1.6 0.130524
16.6 1.8 0.0393261
16.6 2 -0.0612074
16.6 2.2 -0.116723
16.6 2.4 -0.0930653
16.6 2.6 -0.000669269
16.6 2.8 0.105521
16.6 3 0.158216
16.6 3.2 0.118014
16.6 3.4 0.00196344
16.6 3.6 -0.12311
16.6 3.8 -0.181632
16.6 4 -0.131739
16.6 4.2 0.0031413
16.6 4.4 0.151573
16.6 4.6 0.237124
16.6 4.8 0.225523
16.6 5 0.144333
16.6 5.2 0.0627703
16.6 5.4 0.0402686
16.6 5.6 0.088798
16.6 5.8 0.162176
16.6 6 0.188636
16.6 6.2 0.123786
16.6 6.4 -0.0202996
16.6 6.6 -0.174738
16.6 6.8 -0.258894
16.6 7 -0.226721
16.6 7.2 -0.094817
16.6 7.4 0.0749804
16.6 7.6 0.233825
16.6 7.8 0.0322001
16.6 8 0
16.6 8.2 0
16.6 8.4 0

16.8 0 0
16.8 0.2 -0.0102046
16.8 0.4 -0.0749509
16.8 0.6 -0.0431012
16.8 0.8 0.0072199
16.8 1 0.0642717
16.8 1.2 0.105413
16.8 1.4 0.107542
16.8 1.6 0.0601375
16.8 1.8 -0.0202732
16.8 2 -0.0928268
16.8 2.2 -0.112225
16.8 2.4 -0.0576465
16.8 2.6 0.0476321
16.8 2.8 0.145553
16.8 3 0.173977
16.8 3.2 0.108386
16.8 3.4 -0.0210887
16.8 3.6 -0.140743
16.8 3.8 -0.180559
16.8 4 -0.115356
16.8 4.2 0.0160058
16.8 4.4 0.134788
16.8 4.6 0.172652
16.8 4.8 0.114127
16.8 5 0.0093768
16.8 5.2 -0.062473
16.8 5.4 -0.0460353
16.8 5.6 0.0526537
16.8 5.8 0.164793
16.8 6 0.208699
16.8 6.2 0.138248
16.8 6.4 -0.0179736
16.8 6.6 -0.17718
16.8 6.8 -0.25002
16.8 7 -0.201178
16.8 7.2 -0.0664561
16.8 7.4 0.0598552
16.8 7.6 0.0404244
16.8 7.8 0
16.8 8 0
16.8 8.2 0
16.8 8.4 0

17 0 0
17 0.2 0.0130106
17 0.4 0.0944068
17 0.6 0.0909129
17 0.8 0.0942478
17 1 0.102211
17 1.2 0.102952
17 1.4 0.0828393
17 1.6 0.036549
17 1.8 -0.0218504
17 2 -0.0611274
17 2.2 -0.0516904
17 2.4 0.0151328
17 2.6 0.108922
17 2.8 0.177956
17 3 0.17494
17 3.2 0.0907795
17 3.4 -0.0347865
17 3.6 -0.132124
17 3.8 -0.146471
17 4 -0.0716187
17 4.2 0.0391246
17 4.4 0.109312
17 4.6 0.0850978
17 4.8 -0.0253359
17 5 -0.153332
17 5.2 -0.214411
17 5.4 -0.16236
17 5.6 -0.0216373
17 5.8 0.123522
17 6 0.184459
17 6.2 0.122474
17 6.4 -0.0230949
17 6.6 -0.160137
17 6.8 -0.202883
17 7 -0.129336
17 7.2 0.0064058
17 7.4 0.109534
17 7.6 0.0150817
17 7.8 0
17 8 0
17 8.2 0
17 8.4 0

17.2 0 0
17.2 0.2 0.0332272
17.2 0.4 0.24236
17.2 0.6 0.205152
17.2 0.8 0.163779
17.2 1 0.128209
17.2 1.2 0.0992789
17.2 1.4 0.0716728
17.2 1.6 0.0419346
17.2 1.8 0.0143463
17.2 2 0.00561121
17.2 2.2 0.0296509
17.2 2.4 0.0842866
17.2 2.6 0.143778
17.2 2.8 0.169299
17.2 3 0.133688
17.2 3.2 0.0422761
17.2 3.4 -0.0611509
17.2 3.6 -0.120529
17.2 3.8 -0.101697
17.2 4 -0.0190479
17.2 4.2 0.0682047
17.2 4.4 0.0899148
17.2 4.6 0.0125965
17.2 4.8 -0.134189
17.2 5 -0.27281
17.2 5.2 -0.320124
17.2 5.4 -0.243624
17.2 5.6 -0.0822592
17.2 5.8 0.0724707
17.2 6 0.136499
17.2 6.2 0.0832457
17.2 6.4 -0.037069
17.2 6.6 -0.132451
17.2 6.8 -0.127757
17.2 7 -0.0195607
17.2 7.2 0.119246
17.2 7.4 0.184546
17.2 7.6 0.0254292
17.2 7.8 0
17.2 8 0
17.2 8.2 0
17.2 8.4 0

17.4 0 0
17.4 0.2 0.0318589
17.4 0.4 0.232376
17.4 0.6 0.18198
17.4 0.8 0.121451
17.4 1 0.0705911
17.4 1.2 0.0400737
17.4 1.4 0.0300934
17.4 1.6 0.0325754
17.4 1.8 0.0412595
17.4 2 0.0569324
17.4 2.2 0.0804573
17.4 2.4 0.106311
17.4 2.6 0.118835
17.4 2.8 0.0989522
17.4 3 0.0389561
17.4 3.2 -0.0442293
17.4 3.4 -0.111184
17.4 3.6 -0.123484
17.4 3.8 -0.0691954
17.4 4 0.0221786
17.4 4.2 0.0915002
17.4 4.4 0.0821397
17.4 4.6 -0.0203373
17.4 4.8 -0.173728
17.4 5 -0.299014
17.4 5.2 -0.326932
17.4 5.4 -0.240358
17.4 5.6 -0.0878561
17.4 5.8 0.0447904
17.4 6 0.088706
17.4 6.2 0.0341561
17.4 6.4 -0.0597727
17.4 6.6 -0.106654
17.4 6.8 -0.0477379
17.4 7 0.103274
17.4 7.2 0.256282
17.4 7.4 0.0607291
17.4 7.6 0
17.4 7.8 0
17.4 8 0
17.4 8.2 0
17.4 8.4 0

17.6 0 0
17.6 0.2 0.00425973
17.6 0.4 0.0314509
17.6 0.6 -0.00412866
17.6 0.8 -0.0516477
17.6 1 -0.085592
17.6 1.2 -0.089688
17.6 1.4 -0.0633343
17.6 1.6 -0.0194737
17.6 1.8 0.0244935
17.6 2 0.0570696
17.6 2.2 0.0701298
17.6 2.4 0.063428
17.6 2.6 0.0334533
17.6 2.8 -0.0197632
17.6 3 -0.0873021
17.6 3.2 -0.146437
17.6 3.4 -0.169725
17.6 3.6 -0.136538
17.6 3.8 -0.0539416
17.6 4 0.0422384
17.6 4.2 0.0994586
17.6 4.4 0.0800061
17.6 4.6 -0.0155865
17.6 4.8 -0.14085
17.6 5 -0.229787
17.6 5.2 -0.232362
17.6 5.4 -0.14885
17.6 5.6 -0.03063
17.6 5.8 0.0518012
17.6 6 0.0540294
17.6 6.2 -0.0142581
17.6 6.4 -0.0887089
17.6 6.6 -0.0955432
17.6 6.8 0.00782
17.6 7 0.199161
17.6 7.2 0.395531
17.6 7.4 0.0544486
17.6 7.6 0
17.6 7.8 0
17.6 8 0
17.6 8.2 0
17.6 8.4 0

17.8 0 0
17.8 0.2 -0.0346191
17.8 0.4 -0.251979
17.8 0.6 -0.257658
17.8 0.8 -0.274207
17.8 1 -0.275203
17.8 1.2 -0.242552
17.8 1.4 -0.17827
17.8 1.6 -0.100527
17.8 1.8 -0.0322413
17.8 2 0.00690692
17.8 2.2 0.00969951
17.8 2.4 -0.021334
17.8 2.6 -0.0753881
17.8 2.8 -0.137605
17.8 3 -0.191185
17.8 3.2 -0.215638
17.8 3.4 -0.19751
17.8 3.6 -0.133846
17.8 3.8 -0.0415753
17.8 4 0.0440837
17.8 4.2 0.0873269
17.8 4.4 0.0691959
17.8 4.6 0.00325128
17.8 4.8 -0.0713383
17.8 5 -0.108235
17.8 5.2 -0.0834078
17.8 5.4 -0.0126876
17.8 5.6 0.056954
17.8 5.8 0.076875
17.8 6 0.030534
17.8 6.2 -0.0549342
17.8 6.4 -0.11757
17.8 6.6 -0.101344
17.8 6.8 0.0133192
17.8 7 0.209528
17.8 7.2 0.48306
17.8 7.4 0.0664492
17.8 7.6 0
17.8 7.8 0
17.8 8 0
17.8 8.2 0
17.8 8.4 0

18 0 0
18 0.2 -0.0598436
18 0.4 -0.435832
18 0.6 -0.418084
18 0.8 -0.409475
18 1 -0.385376
18 1.2 -0.331738
18 1.4 -0.250677
18 1.6 -0.162203
18 1.8 -0.0902029
18 2 -0.054741
18 2.2 -0.0610732
18 2.4 -0.0994061
18 2.6 -0.152463
18 2.8 -0.19885
18 3 -0.221185
18 3.2 -0.208552
18 3.4 -0.161123
18 3.6 -0.0896472
18 3.8 -0.014578
18 4 0.0401075
18 4.2 0.05793
18 4.4 0.0407858
18 4.6 0.00670814
18 4.8 -0.013187
18 5 0.000921217
18 5.2 0.047979
18 5.4 0.101536
18 5.6 0.122813
18 5.8 0.0886552
18 6 0.00697855
18 6.2 -0.0825
18 6.4 -0.12927
18 6.6 -0.105729
18 6.8 -0.025684
18 7 0.0571726
18 7.2 0.0742214
18 7.4 0
18 7.6 0
18 7.8 0
18 8 0
18 8.2 0
18 8.4 0

18.2 0 0
18.2 0.2 -0.0535436
18.2 0.4 -0.390226
18.2 0.6 -0.372042
18.2 0.8 -0.360856
18.2 1 -0.338935
18.2 1.2 -0.293956
18.2 1.4 -0.228989
18.2 1.6 -0.160546
18.2 1.8 -0.108116
18.2 2 -0.0871898
18.2 2.2 -0.0976284
18.2 2.4 -0.128875
18.2 2.6 -0.160487
18.2 2.8 -0.173616
18.2 3 -0.157548
18.2 3.2 -0.113979
18.2 3.4 -0.0545987
18.2 3.6 0.00168587
18.2 3.8 0.0367601
18.2 4 0.0420921
18.2 4.2 0.0226654
18.2 4.4 -0.00514913
18.2 4.6 -0.0176164
18.2 4.8 0.00055017
18.2 5 0.0495347
18.2 5.2 0.107312
18.2 5.4 0.142247
18.2 5.6 0.128388
18.2 5.8 0.0647211
18.2 6 -0.0223512
18.2 6.2 -0.0899407
18.2 6.4 -0.104219
18.2 6.6 -0.0634265
18.2 6.8 -0.00701821
18.2 7 -0.0018698
18.2 7.2 -0.000325765
18.2 7.4 0
18.2 7.6 0
18.2 7.8 0
18.2 8 0
18.2 8.2 0
18.2 8.4 0

18.4 0 0
18.4 0.2 -0.0181472
18.4 0.4 -0.132291
18.4 0.6 -0.135342
18.4 0.8 -0.145171
18.4 1 -0.148577
18.4 1.2 -0.139383
18.4 1.4 -0.117677
18.4 1.6 -0.092245
18.4 1.8 -0.0750915
18.4 2 -0.0736105
18.4 2.2 -0.0860729
18.4 2.4 -0.100445
18.4 2.6 -0.102559
18.4 2.8 -0.0793867
18.4 3 -0.0317971
18.4 3.2 0.0300557
18.4 3.4 0.0853494
18.4 3.6 0.112481
18.4 3.8 0.100898
18.4 4 0.0543091
18.4 4.2 -0.0050956
18.4 4.4 -0.0509691
18.4 4.6 -0.0597464
18.4 4.8 -0.0262579
18.4 5 0.0320162
18.4 5.2 0.0845565
18.4 5.4 0.101129
18.4 5.6 0.0698824
18.4 5.8 0.00502192
18.4 6 -0.0567323
18.4 6.2 -0.0785247
18.4 6.4 -0.0428265
18.4 6.6 0.0317669
18.4 6.8 0.0994883
18.4 7 0.0134558
18.4 7.2 0
18.4 7.4 0
18.4 7.6 0
18.4 7.8 0
18.4 8 0
18.4 8.2 0
18.4 8.4 0

18.6 0 0
18.6 0.2 0.0248042
18.6 0.4 0.180553
18.6 0.6 0.151282
18.6 0.8 0.115833
18.6 1 0.0794401
18.6 1.2 0.0473381
18.6 1.4 0.0204142
18.6 1.6 -0.00174661
18.6 1.8 -0.0206331
18.6 2 -0.0373243
18.6 2.2 -0.0468951
18.6 2.4 -0.0444679
18.6 2.6 -0.0205328
18.6 2.8 0.0266061
18.6 3 0.0911246
18.6 3.2 0.156064
18.6 3.4 0.197997
18.6 3.6 0.198761
18.6 3.8 0.151829
18.6 4 0.0714777
18.6 4.2 -0.0137774
18.6 4.4 -0.0742317
18.6 4.6 -0.0893683
18.6 4.8 -0.0635997
18.6 5 -0.0184447
18.6 5.2 0.0138269
18.6 5.4 0.0123241
18.6 5.6 -0.0220753
18.6 5.8 -0.0657806
18.6 6 -0.0841862
18.6 6.2 -0.0532014
18.6 6.4 0.0264418
18.6 6.6 0.128251
18.6 6.8 0.207272
18.6 7 0.028657
18.6 7.2 0
18.6 7.4 0
18.6 7.6 0
18.6 7.8 0
18.6 8 0
18.6 8.2 0
18.6 8.4 0

18.8 0 0
18.8 0.2 0.0491345
18.8 0.4 0.357887
18.8 0.6 0.317777
18.8 0.8 0.272768
18.8 1 0.221226
18.8 1.2 0.163836
18.8 1.4 0.104666
18.8 1.6 0.0508798
18.8 1.8 0.00905499
18.8 2 -0.0153186
18.8 2.2 -0.0198845
18.8 2.4 -0.00416615
18.8 2.6 0.03257
18.8 2.8 0.0865024
18.8 3 0.148901
18.8 3.2 0.204027
18.8 3.4 0.232736
18.8 3.6 0.220409
18.8 3.8 0.166578
18.8 4 0.0841461
18.8 4.2 0.00101346
18.8 4.4 -0.0583093
18.8 4.6 -0.0797172
18.8 4.8 -0.0715906
18.8 5 -0.0554494
18.8 5.2 -0.0534351
18.8 5.4 -0.0733933
18.8 5.6 -0.1033
18.8 5.8 -0.117072
18.8 6 -0.0919218
18.8 6.2 -0.0229475
18.8 6.4 0.0729759
18.8 6.6 0.169764
18.8 6.8 0.0519866
18.8 7 0
18.8 7.2 0
18.8 7.4 0
18.8 7.6 0
18.8 7.8 0
18.8 8 0
18.8 8.2 0
18.8 8.4 0

19 0 0
19 0.2 0.0423711
19 0.4 0.3083
19 0.6 0.281845
19 0.8 0.253079
19 1 0.213441
19 1.2 0.158561
19 1.4 0.093883
19 1.6 0.032477
19 1.8 -0.0126355
19 2 -0.0335636
19 2.2 -0.0297629
19 2.4 -0.0068204
19 2.6 0.0298608
19 2.8 0.0739644
19 3 0.120224
19 3.2 0.1592
19 3.4 0.17993
19 3.6 0.174059
19 3.8 0.139851
19 4 0.0875414
19 4.2 0.0341786
19 4.4 -0.00480429
19 4.6 -0.0250304
19 4.8 -0.0361939
19 5 -0.0528157
19 5.2 -0.0829991
19 5.4 -0.121282
19 5.6 -0.144582
19 5.8 -0.131049
19 6 -0.0727833
19 6.2 0.0116337
19 6.4 0.0851214
19 6.6 0.0349096
19 6.8 0
19 7 0
19 7.2 0
19 7.4 0
19 7.6 0
19 7.8 0
19 8 0
19 8.2 0
19 8.4 0

19.2 0 0
19.2 0.2 0.0140994
19.2 0.4 0.102018
19.2 0.6 0.105181
19.2 0.8 0.109526
19.2 1 0.0993033
19.2 1.2 0.0656757
19.2 1.4 0.014836
19.2 1.6 -0.0371495
19.2 1.8 -0.0728596
19.2 2 -0.0833309
19.2 2.2 -0.0707398
19.2 2.4 -0.0446094
19.2 2.6 -0.0150542
19.2 2.8 0.0130976
19.2 3 0.0386001
19.2 3.2 0.0618641
19.2 3.4 0.0813156
19.2 3.6 0.0921521
19.2 3.8 0.0924523
19.2 4 0.084155
19.2 4.2 0.0737527
19.2 4.4 0.0638433
19.2 4.6 0.0514134
19.2 4.8 0.0265754
19.2 5 -0.0185117
19.2 5.2 -0.0779119
19.2 5.4 -0.131177
19.2 5.6 -0.149234
19.2 5.8 -0.114395
19.2 6 -0.0347796
19.2 6.2 0.0557261
19.2 6.4 0.118661
19.2 6.6 0.0161612
19.2 6.8 0
19.2 7 0
19.2 7.2 0
19.2 7.4 0
19.2 7.6 0
19.2 7.8 0
19.2 8 0
19.2 8.2 0
19.2 8.4 0

19.4 0 0
19.4 0.2 -0.0112194
19.4 0.4 -0.0827131
19.4 0.6 -0.0545109
19.4 0.8 -0.0224045
19.4 1 -0.00801916
19.4 1.2 -0.0222846
19.4 1.4 -0.0596682
19.4 1.6 -0.101901
19.4 1.8 -0.128941
19.4 2 -0.13062
19.4 2.2 -0.111185
19.4 2.4 -0.0834101
19.4 2.6 -0.0592275
19.4 2.8 -0.0427494
19.4 3 -0.0306867
19.4 3.2 -0.016165
19.4 3.4 0.00443539
19.4 3.6 0.0301198
19.4 3.8 0.0573395
19.4 4 0.0832057
19.4 4.2 0.104597
19.4 4.4 0.117163
19.4 4.6 0.111758
19.4 4.8 0.0782771
19.4 5 0.0147586
19.4 5.2 -0.0648878
19.4 5.4 -0.129519
19.4 5.6 -0.14576
19.4 5.8 -0.0981944
19.4 6 -0.00585202
19.4 6.2 0.0784399
19.4 6.4 0.027119
19.4 6.6 0
19.4 6.8 0
19.4 7 0
19.4 7.2 0
19.4 7.4 0
19.4 7.6 0
19.4 7.8 0
19.4 8 0
19.4 8.2 0
19.4 8.4 0

19.6 0 0
19.6 0.2 0
19.6 0.4 -0.0112194
19.6 0.6 -0.00741006
19.6 0.8 -0.00302274
19.6 1 -0.00107605
19.6 1.2 -0.00298583
19.6 1.4 -0.008072
19.6 1.6 -0.0138375
19.6 1.8 -0.0175681
19.6 2 -0.0178572
19.6 2.2 -0.0152505
19.6 2.4 -0.0114616
19.6 2.6 -0.00812044
19.6 2.8 -0.00583928
19.6 3 -0.00416937
19.6 3.2 -0.00219627
19.6 3.4 0.000557318
19.6 3.6 0.00404522
19.6 3.8 0.00778598
19.6 4 0.0114522
19.6 4.2 0.014428
19.6 4.4 0.0162219
19.6 4.6 0.0154342
19.6 4.8 0.0107435
19.6 5 0.00199265
19.6 5.2 -0.00897634
19.6 5.4 -0.0177812
19.6 5.6 -0.0199371
19.6 5.8 -0.0133332
19.6 6 -0.000594593
19.6 6.2 0.0109578
19.6 6.4 0
19.6 6.6 0
19.6 6.8 0
19.6 7 0
19.6 7.2 0
19.6 7.4 0
19.6 7.6 0
19.6 7.8 0
19.6 8 0
19.6 8.2 0
19.6 8.4 0

19.8 0 0
19.8 0.2 0
19.8 0.4 0
19.8 0.6 0
19.8 0.8 0
19.8 1 0
19.8 1.2 0
19.8 1.4 0
19.8 1.6 0
19.8 1.8 0
19.8 2 0
19.8 2.2 0
19.8 2.4 0
19.8 2.6 0
19.8 2.8 0
19.8 3 0
19.8 3.2 0
19.8 3.4 0
19.8 3.6 0
19.8 3.8 0
19.8 4 0
19.8 4.2 0
19.8 4.4 0
19.8 4.6 0
19.8 4.8 0
19.8 5 0
19.8 5.2 0
19.8 5.4 0
19.8 5.6 0
19.8 5.8 0
19.8 6 0
19.8 6.2 0
19.8 6.4 0
19.8 6.6 0
19.8 6.8 0
19.8 7 0
19.8 7.2 0
19.8 7.4 0
19.8 7.6 0
19.8 7.8 0
19.8 8 0
19.8 8.2 0
19.8 8.4 0

