0 0 0
0 1 0
0 2 0
0 3 0
0 4 0
0 5 0
0 6 0
0 7 0
0 8 0
0 9 0
0 10 0
0 11 0
0 12 0
0 13 0
0 14 0
0 15 0
0 16 0
0 17 0
0 18 0
0 19 0
0 20 0
0 21 0
0 22 0
0 23 0
0 24 0
0 25 0
0 26 0
0 27 0
0 28 0
0 29 0
0 30 0
0 31 0
0 32 0
0 33 0
0 34 0
0 35 0
0 36 0
0 37 0
0 38 0
0 39 0

1 0 0
1 1 0
1 2 -0.0242986
1 3 -0.0243356
1 4 -0.0245305
1 5 -0.0247886
1 6 -0.025165
1 7 -0.0256528
1 8 -0.0262165
1 9 -0.0268893
1 10 -0.0276231
1 11 -0.0283684
1 12 -0.0291724
1 13 -0.0299683
1 14 -0.0308251
1 15 -0.0317093
1 16 -0.0325158
1 17 -0.0333253
1 18 -0.0340515
1 19 -0.034776
1 20 -0.0354015
1 21 -0.035998
1 22 -0.0365121
1 23 -0.0369287
1 24 -0.0372354
1 25 -0.0374814
1 26 -0.0376459
1 27 0
1 28 0
1 29 0
1 30 0
1 31 0
1 32 0
1 33 0
1 34 0
1 35 0
1 36 0
1 37 0
1 38 0
1 39 0

2 0 0
2 1 -0.0242986
2 2 -0.195277
2 3 -0.195714
2 4 -0.197105
2 5 -0.199294
2 6 -0.202315
2 7 -0.206215
2 8 -0.210806
2 9 -0.216072
2 10 -0.221863
2 11 -0.228043
2 12 -0.234473
2 13 -0.241041
2 14 -0.24785
2 15 -0.254688
2 16 -0.261386
2 17 -0.267774
2 18 -0.273812
2 19 -0.279492
2 20 -0.284658
2 21 -0.289315
2 22 -0.293376
2 23 -0.296745
2 24 -0.299362
2 25 -0.301318
2 26 -0.302566
2 27 -0.0376459
2 28 0
2 29 0
2 30 0
2 31 0
2 32 0
2 33 0
2 34 0
2 35 0
2 36 0
2 37 0
2 38 0
2 39 0

3 0 0
3 1 -0.0239753
3 2 -0.192772
3 3 -0.193344
3 4 -0.194545
3 5 -0.196849
3 6 -0.199973
3 7 -0.203809
3 8 -0.208371
3 9 -0.213474
3 10 -0.219093
3 11 -0.225477
3 12 -0.231954
3 13 -0.238752
3 14 -0.245397
3 15 -0.251834
3 16 -0.258646
3 17 -0.26493
3 18 -0.271209
3 19 -0.276737
3 20 -0.281984
3 21 -0.286363
3 22 -0.290239
3 23 -0.293645
3 24 -0.296444
3 25 -0.298415
3 26 -0.299609
3 27 -0.0372759
3 28 0
3 29 0
3 30 0
3 31 0
3 32 0
3 33 0
3 34 0
3 35 0
3 36 0
3 37 0
3 38 0
3 39 0

4 0 0
4 1 -0.0234111
4 2 -0.188097
4 3 -0.188616
4 4 -0.190044
4 5 -0.19232
4 6 -0.195369
4 7 -0.198841
4 8 -0.203895
4 9 -0.208869
4 10 -0.21478
4 11 -0.220868
4 12 -0.227182
4 13 -0.23386
4 14 -0.240628
4 15 -0.247133
4 16 -0.25373
4 17 -0.260085
4 18 -0.266116
4 19 -0.271548
4 20 -0.276661
4 21 -0.281135
4 22 -0.285065
4 23 -0.28827
4 24 -0.290964
4 25 -0.292829
4 26 -0.294085
4 27 -0.0365899
4 28 0
4 29 0
4 30 0
4 31 0
4 32 0
4 33 0
4 34 0
4 35 0
4 36 0
4 37 0
4 38 0
4 39 0

5 0 0
5 1 -0.0225633
5 2 -0.181343
5 3 -0.181947
5 4 -0.183367
5 5 -0.185705
5 6 -0.188764
5 7 -0.192599
5 8 -0.197224
5 9 -0.202213
5 10 -0.207989
5 11 -0.214167
5 12 -0.220328
5 13 -0.22732
5 14 -0.233956
5 15 -0.240505
5 16 -0.247189
5 17 -0.253122
5 18 -0.258996
5 19 -0.264378
5 20 -0.269442
5 21 -0.274001
5 22 -0.277664
5 23 -0.280625
5 24 -0.28327
5 25 -0.285023
5 26 -0.28621
5 27 -0.0356139
5 28 0
5 29 0
5 30 0
5 31 0
5 32 0
5 33 0
5 34 0
5 35 0
5 36 0
5 37 0
5 38 0
5 39 0

6 0 0
6 1 -0.0214902
6 2 -0.172677
6 3 -0.173279
6 4 -0.174776
6 5 -0.176901
6 6 -0.180225
6 7 -0.184354
6 8 -0.188927
6 9 -0.193845
6 10 -0.199429
6 11 -0.205738
6 12 -0.211895
6 13 -0.218726
6 14 -0.225219
6 15 -0.231748
6 16 -0.238124
6 17 -0.244104
6 18 -0.249992
6 19 -0.255309
6 20 -0.260093
6 21 -0.264325
6 22 -0.267999
6 23 -0.271006
6 24 -0.273313
6 25 -0.275011
6 26 -0.276221
6 27 -0.0343673
6 28 0
6 29 0
6 30 0
6 31 0
6 32 0
6 33 0
6 34 0
6 35 0
6 36 0
6 37 0
6 38 0
6 39 0

7 0 0
7 1 -0.020178
7 2 -0.162296
7 3 -0.162961
7 4 -0.164437
7 5 -0.166899
7 6 -0.170022
7 7 -0.173881
7 8 -0.178508
7 9 -0.183767
7 10 -0.189398
7 11 -0.195379
7 12 -0.201912
7 13 -0.208417
7 14 -0.214699
7 15 -0.221333
7 16 -0.227526
7 17 -0.233552
7 18 -0.239388
7 19 -0.244462
7 20 -0.248766
7 21 -0.253083
7 22 -0.256514
7 23 -0.259184
7 24 -0.261401
7 25 -0.262914
7 26 -0.264147
7 27 -0.0328761
7 28 0
7 29 0
7 30 0
7 31 0
7 32 0
7 33 0
7 34 0
7 35 0
7 36 0
7 37 0
7 38 0
7 39 0

8 0 0
8 1 -0.0187234
8 2 -0.150323
8 3 -0.150763
8 4 -0.1524
8 5 -0.154705
8 6 -0.158053
8 7 -0.162155
8 8 -0.166571
8 9 -0.171892
8 10 -0.177565
8 11 -0.183624
8 12 -0.190056
8 13 -0.196368
8 14 -0.202916
8 15 -0.209456
8 16 -0.215439
8 17 -0.221412
8 18 -0.226932
8 19 -0.231531
8 20 -0.236327
8 21 -0.240059
8 22 -0.243296
8 23 -0.245841
8 24 -0.247602
8 25 -0.249103
8 26 -0.249953
8 27 -0.0310904
8 28 0
8 29 0
8 30 0
8 31 0
8 32 0
8 33 0
8 34 0
8 35 0
8 36 0
8 37 0
8 38 0
8 39 0

9 0 0
9 1 -0.0170144
9 2 -0.136897
9 3 -0.137746
9 4 -0.139167
9 5 -0.141678
9 6 -0.144859
9 7 -0.149078
9 8 -0.153565
9 9 -0.158695
9 10 -0.16433
9 11 -0.170494
9 12 -0.176769
9 13 -0.183224
9 14 -0.189888
9 15 -0.195967
9 16 -0.201924
9 17 -0.207867
9 18 -0.213244
9 19 -0.217923
9 20 -0.222323
9 21 -0.22577
9 22 -0.22854
9 23 -0.230888
9 24 -0.232237
9 25 -0.233413
9 26 -0.233981
9 27 -0.0290879
9 28 0
9 29 0
9 30 0
9 31 0
9 32 0
9 33 0
9 34 0
9 35 0
9 36 0
9 37 0
9 38 0
9 39 0

10 0 0
10 1 -0.0152444
10 2 -0.122521
10 3 -0.12325
10 4 -0.124832
10 5 -0.127454
10 6 -0.130472
10 7 -0.134484
10 8 -0.139339
10 9 -0.144494
10 10 -0.15028
10 11 -0.156322
10 12 -0.16259
10 13 -0.169028
10 14 -0.175545
10 15 -0.18162
10 16 -0.18782
10 17 -0.193532
10 18 -0.198697
10 19 -0.203242
10 20 -0.207489
10 21 -0.21047
10 22 -0.212988
10 23 -0.214629
10 24 -0.215622
10 25 -0.215849
10 26 -0.216229
10 27 -0.0269166
10 28 0
10 29 0
10 30 0
10 31 0
10 32 0
10 33 0
10 34 0
10 35 0
10 36 0
10 37 0
10 38 0
10 39 0

11 0 0
11 1 -0.0133514
11 2 -0.107336
11 3 -0.108042
11 4 -0.109758
11 5 -0.112296
11 6 -0.115511
11 7 -0.119536
11 8 -0.124182
11 9 -0.129558
11 10 -0.135073
11 11 -0.141322
11 12 -0.147688
11 13 -0.154037
11 14 -0.160555
11 15 -0.166535
11 16 -0.172601
11 17 -0.178119
11 18 -0.183309
11 19 -0.187812
11 20 -0.191584
11 21 -0.194505
11 22 -0.196627
11 23 -0.197607
11 24 -0.197485
11 25 -0.197174
11 26 -0.196455
11 27 -0.0244425
11 28 0
11 29 0
11 30 0
11 31 0
11 32 0
11 33 0
11 34 0
11 35 0
11 36 0
11 37 0
11 38 0
11 39 0

12 0 0
12 1 -0.0113795
12 2 -0.0915625
12 3 -0.0924435
12 4 -0.0939663
12 5 -0.0964351
12 6 -0.0998146
12 7 -0.103677
12 8 -0.10842
12 9 -0.113683
12 10 -0.119628
12 11 -0.12547
12 12 -0.132079
12 13 -0.138243
12 14 -0.144752
12 15 -0.151249
12 16 -0.157103
12 17 -0.162437
12 18 -0.167569
12 19 -0.172203
12 20 -0.175622
12 21 -0.178309
12 22 -0.179778
12 23 -0.180166
12 24 -0.179163
12 25 -0.177044
12 26 -0.174139
12 27 -0.0374682
12 28 -0.0141087
12 29 -0.0128516
12 30 -0.0118661
12 31 -0.0111842
12 32 -0.0107556
12 33 0
12 34 0
12 35 0
12 36 0
12 37 0
12 38 0
12 39 0

13 0 0
13 1 -0.009401
13 2 -0.0754976
13 3 -0.0762434
13 4 -0.0777865
13 5 -0.0801549
13 6 -0.0837774
13 7 -0.0876763
13 8 -0.0923101
13 9 -0.0976637
13 10 -0.10362
13 11 -0.109744
13 12 -0.116054
13 13 -0.1225
13 14 -0.128973
13 15 -0.135217
13 16 -0.141228
13 17 -0.146751
13 18 -0.151722
13 19 -0.156055
13 20 -0.159252
13 21 -0.161828
13 22 -0.163365
13 23 -0.162949
13 24 -0.160978
13 25 -0.156561
13 26 -0.147654
13 27 -0.127193
13 28 -0.113396
13 29 -0.103305
13 30 -0.0955238
13 31 -0.0899019
13 32 -0.0864167
13 33 -0.020523
13 34 -0.00941532
13 35 0
13 36 0
13 37 0
13 38 0
13 39 0

14 0 0
14 1 -0.00737295
14 2 -0.0591887
14 3 -0.0599356
14 4 -0.0617526
14 5 -0.0640063
14 6 -0.0674453
14 7 -0.0713995
14 8 -0.0762674
14 9 -0.0816657
14 10 -0.0872446
14 11 -0.0935772
14 12 -0.099796
14 13 -0.106592
14 14 -0.113118
14 15 -0.119286
14 16 -0.125455
14 17 -0.130973
14 18 -0.135884
14 19 -0.140514
14 20 -0.143588
14 21 -0.146101
14 22 -0.14697
14 23 -0.146606
14 24 -0.144182
14 25 -0.139585
14 26 -0.131907
14 27 -0.120227
14 28 -0.109484
14 29 -0.100727
14 30 -0.0934921
14 31 -0.0878713
14 32 -0.082953
14 33 -0.0782795
14 34 -0.0756883
14 35 -0.0182106
14 36 0
14 37 0
14 38 0
14 39 0

15 0 0
15 1 -0.00533631
15 2 -0.0429535
15 3 -0.0438152
15 4 -0.0453288
15 5 -0.0480292
15 6 -0.0512616
15 7 -0.0553434
15 8 -0.0601575
15 9 -0.0654898
15 10 -0.0713954
15 11 -0.077575
15 12 -0.0841907
15 13 -0.0908012
15 14 -0.097446
15 15 -0.103767
15 16 -0.109984
15 17 -0.115501
15 18 -0.120694
15 19 -0.124971
15 20 -0.128518
15 21 -0.130823
15 22 -0.131865
15 23 -0.13162
15 24 -0.129598
15 25 -0.125574
15 26 -0.119233
15 27 -0.111541
15 28 -0.103506
15 29 -0.0962056
15 30 -0.0899248
15 31 -0.084776
15 32 -0.0801977
15 33 -0.0761052
15 34 -0.0732927
15 35 -0.0706922
15 36 -0.0170499
15 37 0
15 38 0
15 39 0

16 0 0
16 1 -0.00336171
16 2 -0.0270097
16 3 -0.027889
16 4 -0.0293406
16 5 -0.0321103
16 6 -0.035357
16 7 -0.0395665
16 8 -0.0445549
16 9 -0.0499388
16 10 -0.0560034
16 11 -0.0619473
16 12 -0.0687101
16 13 -0.0754251
16 14 -0.0822785
16 15 -0.0888165
16 16 -0.0949425
16 17 -0.10077
16 18 -0.105985
16 19 -0.110258
16 20 -0.11396
16 21 -0.116403
16 22 -0.117628
16 23 -0.117603
16 24 -0.116118
16 25 -0.113114
16 26 -0.108544
16 27 -0.103151
16 28 -0.0968829
16 29 -0.0913639
16 30 -0.0859635
16 31 -0.0812308
16 32 -0.0771768
16 33 -0.0737444
16 34 -0.0706953
16 35 -0.0683019
16 36 -0.0663007
16 37 -0.0161195
16 38 0
16 39 0

17 0 0
17 1 -0.00143561
17 2 -0.0116293
17 3 -0.0127087
17 4 -0.0143368
17 5 -0.0170194
17 6 -0.0203193
17 7 -0.0244893
17 8 -0.0294413
17 9 -0.0349859
17 10 -0.0410207
17 11 -0.0474684
17 12 -0.0541673
17 13 -0.0609083
17 14 -0.0676955
17 15 -0.0744056
17 16 -0.0809276
17 17 -0.0867401
17 18 -0.0921627
17 19 -0.0965401
17 20 -0.100393
17 21 -0.103105
17 22 -0.104804
17 23 -0.10509
17 24 -0.104208
17 25 -0.102251
17 26 -0.0989357
17 27 -0.0949799
17 28 -0.0902326
17 29 -0.0860305
17 30 -0.0815053
17 31 -0.0775656
17 32 -0.073963
17 33 -0.0708262
17 34 -0.0683464
17 35 -0.066176
17 36 -0.064404
17 37 -0.0631372
17 38 -0.00786479
17 39 0

18 0 0
18 1 0.000327751
18 2 0.0026819
18 3 0.00171323
18 4 0.000224408
18 5 -0.00266757
18 6 -0.00607488
18 7 -0.0102662
18 8 -0.0153485
18 9 -0.0210248
18 10 -0.027132
18 11 -0.0337077
18 12 -0.0403427
18 13 -0.047399
18 14 -0.0542808
18 15 -0.0612046
18 16 -0.0675531
18 17 -0.0734351
18 18 -0.079274
18 19 -0.0837505
18 20 -0.087917
18 21 -0.0908434
18 22 -0.092763
18 23 -0.0937494
18 24 -0.0936275
18 25 -0.0924656
18 26 -0.0902238
18 27 -0.0873698
18 28 -0.0839341
18 29 -0.0805347
18 30 -0.0771025
18 31 -0.0739172
18 32 -0.0708447
18 33 -0.0682263
18 34 -0.066004
18 35 -0.064312
18 36 -0.0628097
18 37 -0.0619333
18 38 -0.00770865
18 39 0

19 0 0
19 1 0.00199532
19 2 0.0159225
19 3 0.0147735
19 4 0.0131668
19 5 0.0102429
19 6 0.00702484
19 7 0.00252013
19 8 -0.0023831
19 9 -0.00820487
19 10 -0.0145571
19 11 -0.02107
19 12 -0.0278475
19 13 -0.0347946
19 14 -0.0420609
19 15 -0.0486499
19 16 -0.0555875
19 17 -0.0617086
19 18 -0.0672269
19 19 -0.0724049
19 20 -0.0765366
19 21 -0.0796289
19 22 -0.0822479
19 23 -0.0837194
19 24 -0.0843476
19 25 -0.0838631
19 26 -0.082353
19 27 -0.0808013
19 28 -0.0780336
19 29 -0.0757108
19 30 -0.0729731
19 31 -0.0704225
19 32 -0.0677959
19 33 -0.0658513
19 34 -0.0636426
19 35 -0.0622474
19 36 -0.0612635
19 37 -0.0605586
19 38 -0.00752494
19 39 0

20 0 0
20 1 0.00345867
20 2 0.0276819
20 3 0.0265065
20 4 0.0248012
20 5 0.02208
20 6 0.0184723
20 7 0.0144388
20 8 0.00915621
20 9 0.00343842
20 10 -0.00312612
20 11 -0.00982432
20 12 -0.0167849
20 13 -0.0238743
20 14 -0.0310634
20 15 -0.0379935
20 16 -0.0446736
20 17 -0.0512109
20 18 -0.056929
20 19 -0.0621103
20 20 -0.0666339
20 21 -0.0703515
20 22 -0.0729998
20 23 -0.074998
20 24 -0.0760302
20 25 -0.0763046
20 26 -0.0760008
20 27 -0.0748136
20 28 -0.0729652
20 29 -0.071363
20 30 -0.0691096
20 31 -0.0671629
20 32 -0.0651743
20 33 -0.0633696
20 34 -0.061936
20 35 -0.0605324
20 36 -0.0597146
20 37 -0.059234
20 38 -0.00736872
20 39 0

21 0 0
21 1 0.00468367
21 2 0.0378076
21 3 0.036975
21 4 0.0349753
21 5 0.0321962
21 6 0.0285667
21 7 0.0241056
21 8 0.0188439
21 9 0.0130177
21 10 0.00643744
21 11 -7.72049e-05
21 12 -0.00703915
21 13 -0.0145354
21 14 -0.0216261
21 15 -0.0288163
21 16 -0.0357428
21 17 -0.0421509
21 18 -0.0480655
21 19 -0.053482
21 20 -0.0583091
21 21 -0.0622727
21 22 -0.0653697
21 23 -0.0679127
21 24 -0.0692917
21 25 -0.0704699
21 26 -0.0703828
21 27 -0.0699257
21 28 -0.068918
21 29 -0.0675988
21 30 -0.0661688
21 31 -0.0646969
21 32 -0.0628869
21 33 -0.0615824
21 34 -0.0602035
21 35 -0.0593025
21 36 -0.0584864
21 37 -0.0581824
21 38 -0.00724186
21 39 0

22 0 0
22 1 0.00576376
22 2 0.0462969
22 3 0.0451751
22 4 0.0433238
22 5 0.0405808
22 6 0.0367665
22 7 0.0323726
22 8 0.0268329
22 9 0.021212
22 10 0.0146598
22 11 0.00784414
22 12 0.000572058
22 13 -0.00649266
22 14 -0.0140056
22 15 -0.0214246
22 16 -0.0282037
22 17 -0.0352272
22 18 -0.0411
22 19 -0.0466105
22 20 -0.0517361
22 21 -0.0559387
22 22 -0.0594181
22 23 -0.0621292
22 24 -0.0642273
22 25 -0.0652053
22 26 -0.0659114
22 27 -0.0659428
22 28 -0.0655212
22 29 -0.0647639
22 30 -0.0639225
22 31 -0.0627206
22 32 -0.0615573
22 33 -0.0602308
22 34 -0.0590101
22 35 -0.0582078
22 36 -0.0576178
22 37 -0.0574477
22 38 -0.00716099
22 39 0

23 0 0
23 1 0.00656597
23 2 0.0527937
23 3 0.0517747
23 4 0.0498348
23 5 0.0468666
23 6 0.0431709
23 7 0.0386747
23 8 0.0330583
23 9 0.0272492
23 10 0.0205795
23 11 0.0137036
23 12 0.00682918
23 13 -0.000860086
23 14 -0.00809074
23 15 -0.0155902
23 16 -0.02278
23 17 -0.0293302
23 18 -0.0356441
23 19 -0.041519
23 20 -0.0465242
23 21 -0.0509802
23 22 -0.0548262
23 23 -0.0577684
23 24 -0.0602506
23 25 -0.0619112
23 26 -0.0627899
23 27 -0.0633808
23 28 -0.0631504
23 29 -0.0626542
23 30 -0.0620051
23 31 -0.0611661
23 32 -0.0602041
23 33 -0.0591351
23 34 -0.0583559
23 35 -0.0576591
23 36 -0.057295
23 37 -0.0569428
23 38 -0.00707784
23 39 0

24 0 0
24 1 0.00711269
24 2 0.0572258
24 3 0.0561778
24 4 0.0541674
24 5 0.0512178
24 6 0.0471736
24 7 0.0427463
24 8 0.0372466
24 9 0.031326
24 10 0.024714
24 11 0.0177867
24 12 0.0107976
24 13 0.0031892
24 14 -0.00432249
24 15 -0.0117458
24 16 -0.0189241
24 17 -0.0258266
24 18 -0.0322398
24 19 -0.0380051
24 20 -0.0432744
24 21 -0.0479268
24 22 -0.0518335
24 23 -0.0550924
24 24 -0.0577707
24 25 -0.0596223
24 26 -0.0609538
24 27 -0.061689
24 28 -0.0617432
24 29 -0.0615008
24 30 -0.0613432
24 31 -0.0604693
24 32 -0.0597928
24 33 -0.058774
24 34 -0.0581061
24 35 -0.0575051
24 36 -0.0570334
24 37 -0.057001
24 38 -0.00709403
24 39 0

25 0 0
25 1 0.00742614
25 2 0.0595667
25 3 0.0582255
25 4 0.0562865
25 5 0.0531135
25 6 0.049435
25 7 0.0448806
25 8 0.039359
25 9 0.0332028
25 10 0.026678
25 11 0.0195079
25 12 0.0124513
25 13 0.00510422
25 14 -0.00244921
25 15 -0.00993531
25 16 -0.0172735
25 17 -0.0240718
25 18 -0.0303724
25 19 -0.036531
25 20 -0.04162
25 21 -0.0465387
25 22 -0.0508354
25 23 -0.0539892
25 24 -0.0566974
25 25 -0.0587643
25 26 -0.0601429
25 27 -0.061131
25 28 -0.061378
25 29 -0.0613277
25 30 -0.0612831
25 31 -0.0605317
25 32 -0.0599676
25 33 -0.0590982
25 34 -0.0584626
25 35 -0.0578665
25 36 -0.0574132
25 37 -0.0575001
25 38 -0.0071657
25 39 0

26 0 0
26 1 0.00738999
26 2 0.0595125
26 3 0.0583978
26 4 0.0559787
26 5 0.0533449
26 6 0.0493455
26 7 0.044785
26 8 0.0390397
26 9 0.033111
26 10 0.0264727
26 11 0.019373
26 12 0.0124978
26 13 0.00503607
26 14 -0.00262105
26 15 -0.0100668
26 16 -0.0171858
26 17 -0.024231
26 18 -0.0306542
26 19 -0.0367493
26 20 -0.0420495
26 21 -0.046896
26 22 -0.0508781
26 23 -0.0543701
26 24 -0.0571319
26 25 -0.0590266
26 26 -0.060824
26 27 -0.061575
26 28 -0.0621707
26 29 -0.0620828
26 30 -0.061773
26 31 -0.0613215
26 32 -0.0608568
26 33 -0.0599808
26 34 -0.0594227
26 35 -0.0589901
26 36 -0.0586168
26 37 -0.0584208
26 38 -0.00725744
26 39 0

27 0 0
27 1 0.00712322
27 2 0.0571892
27 3 0.0559889
27 4 0.0539557
27 5 0.0508792
27 6 0.0471196
27 7 0.042562
27 8 0.0368804
27 9 0.0308046
27 10 0.0243038
27 11 0.0171466
27 12 0.0100189
27 13 0.00257365
27 14 -0.00495911
27 15 -0.0122801
27 16 -0.0194517
27 17 -0.0263717
27 18 -0.032739
27 19 -0.038748
27 20 -0.0440229
27 21 -0.0489998
27 22 -0.052892
27 23 -0.0562338
27 24 -0.0588882
27 25 -0.0609614
27 26 -0.0622439
27 27 -0.0633349
27 28 -0.0637824
27 29 -0.0635984
27 30 -0.0632684
27 31 -0.0625781
27 32 -0.0622177
27 33 -0.0614734
27 34 -0.0607899
27 35 -0.0603477
27 36 -0.0598138
27 37 -0.0598113
27 38 -0.00746068
27 39 0

28 0 0
28 1 0.00656159
28 2 0.052637
28 3 0.0514293
28 4 0.0495601
28 5 0.0466336
28 6 0.0424575
28 7 0.0382033
28 8 0.0322763
28 9 0.026407
28 10 0.0197423
28 11 0.0130441
28 12 0.00580892
28 13 -0.00162183
28 14 -0.00906479
28 15 -0.0165233
28 16 -0.0237481
28 17 -0.0305206
28 18 -0.0367811
28 19 -0.0425663
28 20 -0.0477688
28 21 -0.0527083
28 22 -0.0565845
28 23 -0.0598176
28 24 -0.0622981
28 25 -0.0640506
28 26 -0.0653422
28 27 -0.0659871
28 28 -0.0663227
28 29 -0.0660924
28 30 -0.0658049
28 31 -0.0650968
28 32 -0.0644019
28 33 -0.0636188
28 34 -0.0630142
28 35 -0.0621802
28 36 -0.0617349
28 37 -0.0615461
28 38 -0.00766055
28 39 0

29 0 0
29 1 0.00570885
29 2 0.0459844
29 3 0.0450176
29 4 0.0430442
29 5 0.0400821
29 6 0.0361931
29 7 0.0314652
29 8 0.0260141
29 9 0.020149
29 10 0.0133385
29 11 0.00663464
29 12 -0.000346391
29 13 -0.00794216
29 14 -0.0151308
29 15 -0.0224781
29 16 -0.029578
29 17 -0.0362446
29 18 -0.0424365
29 19 -0.0481556
29 20 -0.0534287
29 21 -0.057998
29 22 -0.0616681
29 23 -0.064658
29 24 -0.0670305
29 25 -0.0684958
29 26 -0.0693519
29 27 -0.0698853
29 28 -0.0698097
29 29 -0.0693795
29 30 -0.0689449
29 31 -0.0680005
29 32 -0.0669639
29 33 -0.0661435
29 34 -0.0652769
29 35 -0.0646294
29 36 -0.0642187
29 37 -0.0637283
29 38 -0.00791051
29 39 0

30 0 0
30 1 0.00464494
30 2 0.037362
30 3 0.0363182
30 4 0.0343707
30 5 0.0316031
30 6 0.0277369
30 7 0.0232068
30 8 0.017606
30 9 0.0118989
30 10 0.00520273
30 11 -0.00172417
30 12 -0.00859069
30 13 -0.0158406
30 14 -0.0231654
30 15 -0.0305054
30 16 -0.0370715
30 17 -0.0437836
30 18 -0.0498326
30 19 -0.0553897
30 20 -0.0605171
30 21 -0.0648233
30 22 -0.0684205
30 23 -0.0712238
30 24 -0.0729593
30 25 -0.0742336
30 26 -0.0750623
30 27 -0.0750465
30 28 -0.0743216
30 29 -0.0737129
30 30 -0.0727007
30 31 -0.0714093
30 32 -0.0704407
30 33 -0.0692029
30 34 -0.0680665
30 35 -0.0671037
30 36 -0.0666107
30 37 -0.0662252
30 38 -0.00824613
30 39 0

31 0 0
31 1 0.00335657
31 2 0.0269048
31 3 0.0257987
31 4 0.0241049
31 5 0.02135
31 6 0.0174476
31 7 0.0130617
31 8 0.00752189
31 9 0.00180657
31 10 -0.0048045
31 11 -0.0114343
31 12 -0.0184016
31 13 -0.0257075
31 14 -0.0325735
31 15 -0.0397875
31 16 -0.0470105
31 17 -0.0532567
31 18 -0.0592057
31 19 -0.0645672
31 20 -0.0692379
31 21 -0.0733414
31 22 -0.0765217
31 23 -0.0788756
31 24 -0.0803469
31 25 -0.0811688
31 26 -0.0812256
31 27 -0.0810246
31 28 -0.0796677
31 29 -0.0783503
31 30 -0.0769919
31 31 -0.0756627
31 32 -0.0738492
31 33 -0.0724587
31 34 -0.0711394
31 35 -0.0698616
31 36 -0.069556
31 37 -0.068833
31 38 -0.00853699
31 39 0

32 0 0
32 1 0.00183757
32 2 0.0148214
32 3 0.0139675
32 4 0.0121232
32 5 0.00928399
32 6 0.00557262
32 7 0.00125706
32 8 -0.00418846
32 9 -0.00997058
32 10 -0.0163923
32 11 -0.0231133
32 12 -0.0300058
32 13 -0.0370046
32 14 -0.0441779
32 15 -0.0512005
32 16 -0.0577802
32 17 -0.0639666
32 18 -0.0697107
32 19 -0.074912
32 20 -0.0795552
32 21 -0.0831427
32 22 -0.0859806
32 23 -0.0880924
32 24 -0.0890333
32 25 -0.0892442
32 26 -0.0888003
32 27 -0.0876096
32 28 -0.0859389
32 29 -0.0841276
32 30 -0.0820332
32 31 -0.0801345
32 32 -0.0780033
32 33 -0.0759556
32 34 -0.0742689
32 35 -0.0731903
32 36 -0.071975
32 37 -0.0716014
32 38 -0.00892038
32 39 0

33 0 0
33 1 0.000173845
33 2 0.00144279
33 3 0.000550989
33 4 -0.00133394
33 5 -0.00425787
33 6 -0.0075342
33 7 -0.0120703
33 8 -0.0171329
33 9 -0.0231194
33 10 -0.0292763
33 11 -0.0359122
33 12 -0.0425545
33 13 -0.0495581
33 14 -0.0568063
33 15 -0.0634459
33 16 -0.0701627
33 17 -0.0762895
33 18 -0.0817863
33 19 -0.0867947
33 20 -0.0910329
33 21 -0.0943393
33 22 -0.0970206
33 23 -0.0983222
33 24 -0.0988122
33 25 -0.0985379
33 26 -0.0971667
33 27 -0.095292
33 28 -0.0928134
33 29 -0.0903596
33 30 -0.0875036
33 31 -0.0844954
33 32 -0.0821578
33 33 -0.0798921
33 34 -0.0776853
33 35 -0.0762165
33 36 -0.0747448
33 37 -0.074394
33 38 -0.00926169
33 39 0

34 0 0
34 1 -0.00164241
34 2 -0.0131977
34 3 -0.014131
34 4 -0.0156699
34 5 -0.0186589
34 6 -0.0221196
34 7 -0.0262752
34 8 -0.031734
34 9 -0.0372389
34 10 -0.043431
34 11 -0.0500024
34 12 -0.056609
34 13 -0.0636298
34 14 -0.0702517
34 15 -0.0771784
34 16 -0.0835571
34 17 -0.0895501
34 18 -0.0949915
34 19 -0.0995167
34 20 -0.10366
34 21 -0.106749
34 22 -0.108723
34 23 -0.109776
34 24 -0.109764
34 25 -0.10868
34 26 -0.106557
34 27 -0.103669
34 28 -0.100359
34 29 -0.09678
34 30 -0.0932144
34 31 -0.0897331
34 32 -0.0866447
34 33 -0.0836097
34 34 -0.0809847
34 35 -0.0794066
34 36 -0.0774554
34 37 -0.0767534
34 38 -0.00956689
34 39 0

35 0 0
35 1 -0.00356137
35 2 -0.0287706
35 3 -0.0297384
35 4 -0.0312683
35 5 -0.034024
35 6 -0.0375488
35 7 -0.0417694
35 8 -0.0466356
35 9 -0.0522899
35 10 -0.0585366
35 11 -0.0648904
35 12 -0.0715319
35 13 -0.0783159
35 14 -0.0849985
35 15 -0.0916446
35 16 -0.0979121
35 17 -0.103599
35 18 -0.108778
35 19 -0.113629
35 20 -0.117257
35 21 -0.119994
35 22 -0.121852
35 23 -0.122457
35 24 -0.121818
35 25 -0.119748
35 26 -0.116514
35 27 -0.112631
35 28 -0.108041
35 29 -0.103155
35 30 -0.0987004
35 31 -0.0948298
35 32 -0.0907103
35 33 -0.0875269
35 34 -0.0846313
35 35 -0.082386
35 36 -0.0801424
35 37 -0.0785279
35 38 -0.00977604
35 39 0

36 0 0
36 1 -0.00562729
36 2 -0.0450569
36 3 -0.0455857
36 4 -0.0472505
36 5 -0.0499635
36 6 -0.0533155
36 7 -0.0575282
36 8 -0.0625524
36 9 -0.0680662
36 10 -0.0741021
36 11 -0.0803286
36 12 -0.0869488
36 13 -0.0935741
36 14 -0.100232
36 15 -0.106753
36 16 -0.11298
36 17 -0.118702
36 18 -0.123949
36 19 -0.12831
36 20 -0.131823
36 21 -0.134518
36 22 -0.135939
36 23 -0.135967
36 24 -0.134562
36 25 -0.131621
36 26 -0.127201
36 27 -0.121672
36 28 -0.115606
36 29 -0.109961
36 30 -0.104315
36 31 -0.0993835
36 32 -0.0948324
36 33 -0.0911067
36 34 -0.0878187
36 35 -0.0852113
36 36 -0.0826777
36 37 -0.0200632
36 38 0
36 39 0

37 0 0
37 1 -0.00766959
37 2 -0.0615157
37 3 -0.0620997
37 4 -0.0637645
37 5 -0.0664555
37 6 -0.0699123
37 7 -0.0739621
37 8 -0.078808
37 9 -0.0842274
37 10 -0.0901656
37 11 -0.0963406
37 12 -0.102944
37 13 -0.10952
37 14 -0.115953
37 15 -0.122373
37 16 -0.128611
37 17 -0.134132
37 18 -0.139264
37 19 -0.143353
37 20 -0.146971
37 21 -0.149392
37 22 -0.150723
37 23 -0.15021
37 24 -0.148562
37 25 -0.144586
37 26 -0.138658
37 27 -0.130841
37 28 -0.122865
37 29 -0.115659
37 30 -0.109192
37 31 -0.103602
37 32 -0.0988452
37 33 -0.0947138
37 34 -0.0912581
37 35 -0.0883318
37 36 -0.0212816
37 37 0
37 38 0
37 39 0

38 0 0
38 1 -0.00971277
38 2 -0.077984
38 3 -0.0786314
38 4 -0.080429
38 5 -0.0828488
38 6 -0.0862741
38 7 -0.0905238
38 8 -0.0950827
38 9 -0.100467
38 10 -0.106337
38 11 -0.112536
38 12 -0.119002
38 13 -0.125528
38 14 -0.131864
38 15 -0.138243
38 16 -0.144312
38 17 -0.149984
38 18 -0.154841
38 19 -0.159085
38 20 -0.162709
38 21 -0.164892
38 22 -0.166176
38 23 -0.165908
38 24 -0.163769
38 25 -0.159047
38 26 -0.15156
38 27 -0.139825
38 28 -0.129154
38 29 -0.120383
38 30 -0.113029
38 31 -0.107193
38 32 -0.102213
38 33 -0.0970568
38 34 -0.0942833
38 35 -0.0227237
38 36 0
38 37 0
38 38 0
38 39 0

39 0 0
39 1 -0.0117331
39 2 -0.094288
39 3 -0.0950989
39 4 -0.0967475
39 5 -0.0991997
39 6 -0.102787
39 7 -0.106726
39 8 -0.111699
39 9 -0.116795
39 10 -0.122705
39 11 -0.128815
39 12 -0.134871
39 13 -0.141282
39 14 -0.147754
39 15 -0.153992
39 16 -0.159928
39 17 -0.165595
39 18 -0.170787
39 19 -0.175018
39 20 -0.178393
39 21 -0.181162
39 22 -0.182403
39 23 -0.182541
39 24 -0.180419
39 25 -0.176045
39 26 -0.167223
39 27 -0.147143
39 28 -0.133518
39 29 -0.123378
39 30 -0.115551
39 31 -0.109732
39 32 -0.10625
39 33 -0.0252926
39 34 -0.0117293
39 35 0
39 36 0
39 37 0
39 38 0
39 39 0

40 0 0
40 1 -0.0137132
40 2 -0.11029
40 3 -0.111107
40 4 -0.112572
40 5 -0.1152
40 6 -0.118365
40 7 -0.122509
40 8 -0.127333
40 9 -0.132441
40 10 -0.138411
40 11 -0.144124
40 12 -0.150601
40 13 -0.157021
40 14 -0.163509
40 15 -0.169818
40 16 -0.175728
40 17 -0.181214
40 18 -0.186243
40 19 -0.19077
40 20 -0.194496
40 21 -0.197158
40 22 -0.198852
40 23 -0.199463
40 24 -0.198579
40 25 -0.196389
40 26 -0.193555
40 27 -0.0424093
40 28 -0.0166267
40 29 -0.0153496
40 30 -0.0143899
40 31 -0.0136536
40 32 -0.0132267
40 33 0
40 34 0
40 35 0
40 36 0
40 37 0
40 38 0
40 39 0

41 0 0
41 1 -0.0156342
41 2 -0.125654
41 3 -0.126364
41 4 -0.128067
41 5 -0.130296
41 6 -0.133691
41 7 -0.137927
41 8 -0.142523
41 9 -0.147847
41 10 -0.153459
41 11 -0.159412
41 12 -0.165796
41 13 -0.172129
41 14 -0.178637
41 15 -0.184854
41 16 -0.190916
41 17 -0.196435
41 18 -0.201827
41 19 -0.206308
41 20 -0.210171
41 21 -0.213323
41 22 -0.21529
41 23 -0.216549
41 24 -0.216486
41 25 -0.21611
41 26 -0.215229
41 27 -0.0267559
41 28 0
41 29 0
41 30 0
41 31 0
41 32 0
41 33 0
41 34 0
41 35 0
41 36 0
41 37 0
41 38 0
41 39 0

42 0 0
42 1 -0.0174371
42 2 -0.140102
42 3 -0.140719
42 4 -0.142454
42 5 -0.144761
42 6 -0.148138
42 7 -0.152044
42 8 -0.156885
42 9 -0.162029
42 10 -0.167849
42 11 -0.173856
42 12 -0.180087
42 13 -0.186573
42 14 -0.19286
42 15 -0.198911
42 16 -0.205243
42 17 -0.210918
42 18 -0.216092
42 19 -0.22091
42 20 -0.224897
42 21 -0.228348
42 22 -0.231007
42 23 -0.232834
42 24 -0.233508
42 25 -0.234071
42 26 -0.234298
42 27 -0.0291651
42 28 0
42 29 0
42 30 0
42 31 0
42 32 0
42 33 0
42 34 0
42 35 0
42 36 0
42 37 0
42 38 0
42 39 0

43 0 0
43 1 -0.0190977
43 2 -0.153516
43 3 -0.154121
43 4 -0.155664
43 5 -0.158028
43 6 -0.161253
43 7 -0.165297
43 8 -0.169866
43 9 -0.17517
43 10 -0.180773
43 11 -0.186875
43 12 -0.193234
43 13 -0.199826
43 14 -0.20626
43 15 -0.212641
43 16 -0.218715
43 17 -0.224477
43 18 -0.229809
43 19 -0.234767
43 20 -0.238944
43 21 -0.242822
43 22 -0.245712
43 23 -0.248003
43 24 -0.249343
43 25 -0.250512
43 26 -0.250995
43 27 -0.0312122
43 28 0
43 29 0
43 30 0
43 31 0
43 32 0
43 33 0
43 34 0
43 35 0
43 36 0
43 37 0
43 38 0
43 39 0

44 0 0
44 1 -0.0205884
44 2 -0.165439
44 3 -0.16604
44 4 -0.167666
44 5 -0.169946
44 6 -0.172979
44 7 -0.177061
44 8 -0.181708
44 9 -0.187036
44 10 -0.192658
44 11 -0.198728
44 12 -0.205147
44 13 -0.211739
44 14 -0.218135
44 15 -0.224574
44 16 -0.230719
44 17 -0.236683
44 18 -0.242155
44 19 -0.247189
44 20 -0.251922
44 21 -0.255777
44 22 -0.259059
44 23 -0.261551
44 24 -0.263308
44 25 -0.264615
44 26 -0.265628
44 27 -0.0330482
44 28 0
44 29 0
44 30 0
44 31 0
44 32 0
44 33 0
44 34 0
44 35 0
44 36 0
44 37 0
44 38 0
44 39 0

45 0 0
45 1 -0.0218628
45 2 -0.175774
45 3 -0.176472
45 4 -0.177825
45 5 -0.18034
45 6 -0.183364
45 7 -0.187276
45 8 -0.192027
45 9 -0.197263
45 10 -0.203033
45 11 -0.209149
45 12 -0.215495
45 13 -0.222032
45 14 -0.22867
45 15 -0.235236
45 16 -0.241416
45 17 -0.247358
45 18 -0.25312
45 19 -0.258182
45 20 -0.263063
45 21 -0.267074
45 22 -0.2707
45 23 -0.273247
45 24 -0.27568
45 25 -0.27705
45 26 -0.278188
45 27 -0.0346191
45 28 0
45 29 0
45 30 0
45 31 0
45 32 0
45 33 0
45 34 0
45 35 0
45 36 0
45 37 0
45 38 0
45 39 0

46 0 0
46 1 -0.0229175
46 2 -0.184341
46 3 -0.185182
46 4 -0.186489
46 5 -0.188746
46 6 -0.19191
46 7 -0.195847
46 8 -0.20064
46 9 -0.20544
46 10 -0.211274
46 11 -0.217595
46 12 -0.224008
46 13 -0.230471
46 14 -0.237254
46 15 -0.243923
46 16 -0.250253
46 17 -0.256289
46 18 -0.262163
46 19 -0.267442
46 20 -0.272527
46 21 -0.276612
46 22 -0.280405
46 23 -0.283452
46 24 -0.285736
46 25 -0.287458
46 26 -0.288565
46 27 -0.0358926
46 28 0
46 29 0
46 30 0
46 31 0
46 32 0
46 33 0
46 34 0
46 35 0
46 36 0
46 37 0
46 38 0
46 39 0

47 0 0
47 1 -0.0237752
47 2 -0.191108
47 3 -0.191748
47 4 -0.192914
47 5 -0.19528
47 6 -0.198434
47 7 -0.202334
47 8 -0.206865
47 9 -0.211993
47 10 -0.217774
47 11 -0.224043
47 12 -0.230554
47 13 -0.237291
47 14 -0.244065
47 15 -0.250646
47 16 -0.257258
47 17 -0.263476
47 18 -0.26927
47 19 -0.274924
47 20 -0.279636
47 21 -0.284191
47 22 -0.287848
47 23 -0.290998
47 24 -0.29352
47 25 -0.295386
47 26 -0.296721
47 27 -0.0369281
47 28 0
47 29 0
47 30 0
47 31 0
47 32 0
47 33 0
47 34 0
47 35 0
47 36 0
47 37 0
47 38 0
47 39 0

48 0 0
48 1 -0.0243615
48 2 -0.195767
48 3 -0.19624
48 4 -0.197631
48 5 -0.200092
48 6 -0.203198
48 7 -0.206896
48 8 -0.211435
48 9 -0.216844
48 10 -0.222475
48 11 -0.228737
48 12 -0.235167
48 13 -0.242019
48 14 -0.248826
48 15 -0.255552
48 16 -0.26198
48 17 -0.268539
48 18 -0.274437
48 19 -0.280031
48 20 -0.284999
48 21 -0.289466
48 22 -0.293364
48 23 -0.296667
48 24 -0.299038
48 25 -0.300995
48 26 -0.302295
48 27 -0.0376201
48 28 0
48 29 0
48 30 0
48 31 0
48 32 0
48 33 0
48 34 0
48 35 0
48 36 0
48 37 0
48 38 0
48 39 0

49 0 0
49 1 -0.0246686
49 2 -0.198266
49 3 -0.19875
49 4 -0.200194
49 5 -0.202492
49 6 -0.205612
49 7 -0.209503
49 8 -0.214069
49 9 -0.219271
49 10 -0.225018
49 11 -0.231231
49 12 -0.237762
49 13 -0.244494
49 14 -0.251298
49 15 -0.258155
49 16 -0.264855
49 17 -0.27121
49 18 -0.277258
49 19 -0.282841
49 20 -0.287949
49 21 -0.292364
49 22 -0.296262
49 23 -0.299535
49 24 -0.302196
49 25 -0.304156
49 26 -0.30539
49 27 -0.0379973
49 28 0
49 29 0
49 30 0
49 31 0
49 32 0
49 33 0
49 34 0
49 35 0
49 36 0
49 37 0
49 38 0
49 39 0

50 0 0
50 1 0
50 2 -0.0246686
50 3 -0.0247261
50 4 -0.0249145
50 5 -0.0251862
50 6 -0.025575
50 7 -0.0260702
50 8 -0.0266406
50 9 -0.0272664
50 10 -0.0280003
50 11 -0.0287587
50 12 -0.0295903
50 13 -0.030414
50 14 -0.031263
50 15 -0.0321092
50 16 -0.0329634
50 17 -0.0337353
50 18 -0.0344979
50 19 -0.0351942
50 20 -0.0358242
50 21 -0.0363835
50 22 -0.036855
50 23 -0.0372542
50 24 -0.0376088
50 25 -0.0378528
50 26 -0.0379973
50 27 0
50 28 0
50 29 0
50 30 0
50 31 0
50 32 0
50 33 0
50 34 0
50 35 0
50 36 0
50 37 0
50 38 0
50 39 0

51 0 0
51 1 0
51 2 0
51 3 0
51 4 0
51 5 0
51 6 0
51 7 0
51 8 0
51 9 0
51 10 0
51 11 0
51 12 0
51 13 0
51 14 0
51 15 0
51 16 0
51 17 0
51 18 0
51 19 0
51 20 0
51 21 0
51 22 0
51 23 0
51 24 0
51 25 0
51 26 0
51 27 0
51 28 0
51 29 0
51 30 0
51 31 0
51 32 0
51 33 0
51 34 0
51 35 0
51 36 0
51 37 0
51 38 0
51 39 0

