0 0 0
0 0.2 0
0 0.4 0
0 0.6 0
0 0.8 0
0 1 0
0 1.2 0
0 1.4 0
0 1.6 0
0 1.8 0
0 2 0
0 2.2 0
0 2.4 0
0 2.6 0
0 2.8 0
0 3 0
0 3.2 0
0 3.4 0
0 3.6 0
0 3.8 0
0 4 0
0 4.2 0
0 4.4 0
0 4.6 0
0 4.8 0
0 5 0
0 5.2 0
0 5.4 0
0 5.6 0
0 5.8 0
0 6 0
0 6.2 0
0 6.4 0
0 6.6 0
0 6.8 0
0 7 0
0 7.2 0
0 7.4 0
0 7.6 0
0 7.8 0
0 8 0
0 8.2 0
0 8.4 0

0.2 0 0
0.2 0.2 0
0.2 0.4 -0.0162842
0.2 0.6 -0.0100869
0.2 0.8 -0.00119119
0.2 1 0.00686423
0.2 1.2 0.013332
0.2 1.4 0.0192971
0.2 1.6 0.0255823
0.2 1.8 0.031337
0.2 2 0.0335891
0.2 2.2 0.0287012
0.2 2.4 0.0150582
0.2 2.6 -0.00441245
0.2 2.8 -0.0221164
0.2 3 -0.0305223
0.2 3.2 -0.0257823
0.2 3.4 -0.0112254
0.2 3.6 0.00396093
0.2 3.8 0.0105772
0.2 4 0.00539682
0.2 4.2 -0.0065622
0.2 4.4 -0.0150989
0.2 4.6 -0.0119538
0.2 4.8 0.00416665
0.2 5 0.0257016
0.2 5.2 0.0390216
0.2 5.4 0.0341059
0.2 5.6 0.0117059
0.2 5.8 -0.0188302
0.2 6 -0.0410047
0.2 6.2 0
0.2 6.4 0
0.2 6.6 0
0.2 6.8 0
0.2 7 0
0.2 7.2 0
0.2 7.4 0
0.2 7.6 0
0.2 7.8 0
0.2 8 0
0.2 8.2 0
0.2 8.4 0

0.4 0 0
0.4 0.2 -0.0162842
0.4 0.4 -0.116605
0.4 0.6 -0.0717146
0.4 0.8 -0.00890596
0.4 1 0.0495596
0.4 1.2 0.0973032
0.4 1.4 0.141396
0.4 1.6 0.18671
0.4 1.8 0.227658
0.4 2 0.24407
0.4 2.2 0.208333
0.4 2.4 0.109341
0.4 2.6 -0.0315413
0.4 2.8 -0.159912
0.4 3 -0.220281
0.4 3.2 -0.186149
0.4 3.4 -0.081105
0.4 3.6 0.028439
0.4 3.8 0.076452
0.4 4 0.0386507
0.4 4.2 -0.0476161
0.4 4.4 -0.110357
0.4 4.6 -0.0871363
0.4 4.8 0.030345
0.4 5 0.186466
0.4 5.2 0.28318
0.4 5.4 0.2475
0.4 5.6 0.0838827
0.4 5.8 -0.135139
0.4 6 -0.296873
0.4 6.2 -0.0621438
0.4 6.4 0
0.4 6.6 0
0.4 6.8 0
0.4 7 0
0.4 7.2 0
0.4 7.4 0
0.4 7.6 0
0.4 7.8 0
0.4 8 0
0.4 8.2 0
0.4 8.4 0

0.6 0 0
0.6 0.2 -0.0263893
0.6 0.4 -0.19133
0.6 0.6 -0.14352
0.6 0.8 -0.0823788
0.6 1 -0.0256339
0.6 1.2 0.0180631
0.6 1.4 0.0526851
0.6 1.6 0.0816112
0.6 1.8 0.108142
0.6 2 0.123834
0.6 2.2 0.107754
0.6 2.4 0.0488345
0.6 2.6 -0.038696
0.6 2.8 -0.120515
0.6 3 -0.159989
0.6 3.2 -0.138741
0.6 3.4 -0.0721199
0.6 3.6 -0.00504022
0.6 3.8 0.0177382
0.6 4 -0.0202547
0.6 4.2 -0.08668
0.6 4.4 -0.127154
0.6 4.6 -0.0927448
0.6 4.8 0.0177378
0.6 5 0.155038
0.6 5.2 0.2425
0.6 5.4 0.221698
0.6 5.6 0.0967223
0.6 5.8 -0.0604084
0.6 6 -0.166437
0.6 6.2 -0.152778
0.6 6.4 -0.00144851
0.6 6.6 0
0.6 6.8 0
0.6 7 0
0.6 7.2 0
0.6 7.4 0
0.6 7.6 0
0.6 7.8 0
0.6 8 0
0.6 8.2 0
0.6 8.4 0

0.8 0 0
0.8 0.2 -0.0373556
0.8 0.4 -0.271301
0.8 0.6 -0.218233
0.8 0.8 -0.156372
0.8 1 -0.0997778
0.8 1.2 -0.0618134
0.8 1.4 -0.0448109
0.8 1.6 -0.0387642
0.8 1.8 -0.0325005
0.8 2 -0.0220715
0.8 2.2 -0.0146509
0.8 2.4 -0.0216346
0.8 2.6 -0.0389628
0.8 2.8 -0.0606969
0.8 3 -0.0754049
0.8 3.2 -0.0718471
0.8 3.4 -0.0580766
0.8 3.6 -0.050832
0.8 3.8 -0.0662206
0.8 4 -0.103791
0.8 4.2 -0.142995
0.8 4.4 -0.1464
0.8 4.6 -0.096003
0.8 4.8 0.00427055
0.8 5 0.115999
0.8 5.2 0.18511
0.8 5.4 0.179559
0.8 5.6 0.104654
0.8 5.8 0.0192648
0.8 6 -0.0260907
0.8 6.2 0.0165801
0.8 6.4 0.143948
0.8 6.6 0.0196906
0.8 6.8 0
0.8 7 0
0.8 7.2 0
0.8 7.4 0
0.8 7.6 0
0.8 7.8 0
0.8 8 0
0.8 8.2 0
0.8 8.4 0

1 0 0
1 0.2 -0.0357572
1 0.4 -0.26097
1 0.6 -0.212083
1 0.8 -0.153329
1 1 -0.103404
1 1.2 -0.0742711
1 1.4 -0.0723096
1 1.6 -0.087461
1 1.8 -0.106621
1 2 -0.112836
1 2.2 -0.0947745
1 2.4 -0.0568389
1 2.6 -0.014905
1 2.8 0.0153307
1 3 0.0212127
1 3.2 0.00150591
1 3.4 -0.0405504
1 3.6 -0.0929018
1 3.8 -0.142291
1 4 -0.173339
1 4.2 -0.175589
1 4.4 -0.142228
1 4.6 -0.0759072
1 4.8 0.0040012
1 5 0.0738011
1 5.2 0.107542
1 5.4 0.103291
1 5.6 0.0748419
1 5.8 0.0525491
1 6 0.0590536
1 6.2 0.0983897
1 6.4 0.154226
1 6.6 0.0245007
1 6.8 0
1 7 0
1 7.2 0
1 7.4 0
1 7.6 0
1 7.8 0
1 8 0
1 8.2 0
1 8.4 0

1.2 0 0
1.2 0.2 -0.0176343
1.2 0.4 -0.128274
1.2 0.6 -0.0967832
1.2 0.8 -0.0537588
1.2 1 -0.0145731
1.2 1.2 0.0068429
1.2 1.4 0.000837985
1.2 1.6 -0.0307914
1.2 1.8 -0.0730475
1.2 2 -0.102425
1.2 2.2 -0.0920803
1.2 2.4 -0.0429325
1.2 2.6 0.0305436
1.2 2.8 0.0934946
1.2 3 0.10752
1.2 3.2 0.0662833
1.2 3.4 -0.0204459
1.2 3.6 -0.115868
1.2 3.8 -0.184318
1.2 4 -0.202473
1.2 4.2 -0.165647
1.2 4.4 -0.100805
1.2 4.6 -0.0271027
1.2 4.8 0.0174257
1.2 5 0.0303858
1.2 5.2 0.0168613
1.2 5.4 -0.00109517
1.2 5.6 0.00357441
1.2 5.8 0.0323941
1.2 6 0.0755061
1.2 6.2 0.10896
1.2 6.4 0.0992117
1.2 6.6 0.0228452
1.2 6.8 -0.0343757
1.2 7 0
1.2 7.2 0
1.2 7.4 0
1.2 7.6 0
1.2 7.8 0
1.2 8 0
1.2 8.2 0
1.2 8.4 0

1.4 0 0
1.4 0.2 0.0100873
1.4 0.4 0.0720854
1.4 0.6 0.0716031
1.4 0.8 0.0861055
1.4 1 0.107673
1.4 1.2 0.126197
1.4 1.4 0.128238
1.4 1.6 0.101093
1.4 1.8 0.0478428
1.4 2 -0.00402024
1.4 2.2 -0.0215954
1.4 2.4 0.00847609
1.4 2.6 0.0758102
1.4 2.8 0.142771
1.4 3 0.155753
1.4 3.2 0.101315
1.4 3.4 -0.00861841
1.4 3.6 -0.122524
1.4 3.8 -0.187243
1.4 4 -0.177367
1.4 4.2 -0.10261
1.4 4.4 -0.0101867
1.4 4.6 0.0547717
1.4 4.8 0.0577498
1.4 5 0.00569315
1.4 5.2 -0.0619529
1.4 5.4 -0.100406
1.4 5.6 -0.0821006
1.4 5.8 -0.016522
1.4 6 0.052913
1.4 6.2 0.0817783
1.4 6.4 0.033448
1.4 6.6 -0.0916244
1.4 6.8 -0.271984
1.4 7 -0.0375089
1.4 7.2 0
1.4 7.4 0
1.4 7.6 0
1.4 7.8 0
1.4 8 0
1.4 8.2 0
1.4 8.4 0

1.6 0 0
1.6 0.2 0.0330497
1.6 0.4 0.240045
1.6 0.6 0.20477
1.6 0.8 0.180675
1.6 1 0.175905
1.6 1.2 0.197702
1.6 1.4 0.224802
1.6 1.6 0.225275
1.6 1.8 0.182802
1.6 2 0.118472
1.6 2.2 0.0655526
1.6 2.4 0.0559596
1.6 2.6 0.0925567
1.6 2.8 0.145103
1.6 3 0.152359
1.6 3.2 0.0960728
1.6 3.4 -0.00872172
1.6 3.6 -0.115429
1.6 3.8 -0.161195
1.6 4 -0.120896
1.6 4.2 -0.0158717
1.6 4.4 0.0943294
1.6 4.6 0.146012
1.6 4.8 0.106373
1.6 5 0.00129765
1.6 5.2 -0.110409
1.6 5.4 -0.166492
1.6 5.6 -0.141275
1.6 5.8 -0.0520145
1.6 6 0.0361241
1.6 6.2 0.067709
1.6 6.4 0.0106243
1.6 6.6 -0.112597
1.6 6.8 -0.240283
1.6 7 -0.0652505
1.6 7.2 0
1.6 7.4 0
1.6 7.6 0
1.6 7.8 0
1.6 8 0
1.6 8.2 0
1.6 8.4 0

1.8 0 0
1.8 0.2 0.0423726
1.8 0.4 0.308088
1.8 0.6 0.235774
1.8 0.8 0.165236
1.8 1 0.137047
1.8 1.2 0.163934
1.8 1.4 0.224339
1.8 1.6 0.267479
1.8 1.8 0.259386
1.8 2 0.200004
1.8 2.2 0.120158
1.8 2.4 0.0696712
1.8 2.6 0.0672657
1.8 2.8 0.0960603
1.8 3 0.104567
1.8 3.2 0.0648306
1.8 3.4 -0.0196866
1.8 3.6 -0.105046
1.8 3.8 -0.126368
1.8 4 -0.0626554
1.8 4.2 0.0610192
1.8 4.4 0.170817
1.8 4.6 0.210273
1.8 4.8 0.146872
1.8 5 0.0141551
1.8 5.2 -0.117991
1.8 5.4 -0.178786
1.8 5.6 -0.144104
1.8 5.8 -0.0410067
1.8 6 0.0535001
1.8 6.2 0.0831107
1.8 6.4 0.0263683
1.8 6.6 -0.0843592
1.8 6.8 -0.190217
1.8 7 -0.234917
1.8 7.2 -0.0323326
1.8 7.4 0
1.8 7.6 0
1.8 7.8 0
1.8 8 0
1.8 8.2 0
1.8 8.4 0

2 0 0
2 0.2 0.0389395
2 0.4 0.283838
2 0.6 0.180492
2 0.8 0.0620183
2 1 0.000530253
2 1.2 0.0288374
2 1.4 0.126118
2 1.6 0.218568
2 1.8 0.253828
2 2 0.212432
2 2.2 0.12096
2 2.4 0.0424035
2 2.6 0.0111245
2 2.8 0.025542
2 3 0.0426316
2 3.2 0.0273921
2 3.4 -0.0243545
2 3.6 -0.0816098
2 3.8 -0.0937386
2 4 -0.0279982
2 4.2 0.0922608
2 4.4 0.195941
2 4.6 0.22719
2 4.8 0.159665
2 5 0.0271164
2 5.2 -0.0941193
2 5.4 -0.140925
2 5.6 -0.0918889
2 5.8 0.0122771
2 6 0.0987812
2 6.2 0.114919
2 6.4 0.051305
2 6.6 -0.0507184
2 6.8 -0.131264
2 7 -0.158583
2 7.2 -0.0200889
2 7.4 0
2 7.6 0
2 7.8 0
2 8 0
2 8.2 0
2 8.4 0

2.2 0 0
2.2 0.2 0.0327484
2.2 0.4 0.236833
2.2 0.6 0.103189
2.2 0.8 -0.0586036
2.2 1 -0.151836
2.2 1.2 -0.130586
2.2 1.4 -0.0130257
2.2 1.6 0.120151
2.2 1.8 0.194871
2.2 2 0.174251
2.2 2.2 0.0859558
2.2 2.4 -0.00500707
2.2 2.6 -0.0472218
2.2 2.8 -0.0309384
2.2 3 0.00660867
2.2 3.2 0.0182907
2.2 3.4 -0.0131876
2.2 3.6 -0.0590428
2.2 3.8 -0.0731448
2.2 4 -0.0233371
2.2 4.2 0.0742403
2.2 4.4 0.163381
2.2 4.6 0.190897
2.2 4.8 0.13545
2.2 5 0.0292097
2.2 5.2 -0.0588805
2.2 5.4 -0.0795861
2.2 5.6 -0.0208006
2.2 5.8 0.07487
2.2 6 0.140274
2.2 6.2 0.126355
2.2 6.4 0.0490045
2.2 6.6 -0.0451328
2.2 6.8 -0.0949758
2.2 7 -0.0715283
2.2 7.2 0.0140289
2.2 7.4 0.00187441
2.2 7.6 0
2.2 7.8 0
2.2 8 0
2.2 8.2 0
2.2 8.4 0

2.4 0 0
2.4 0.2 0.0313936
2.4 0.4 0.226649
2.4 0.6 0.0747532
2.4 0.8 -0.115409
2.4 1 -0.237493
2.4 1.2 -0.232574
2.4 1.4 -0.111064
2.4 1.6 0.0388256
2.4 1.8 0.132373
2.4 2 0.127491
2.4 2.2 0.0468379
2.4 2.4 -0.0389339
2.4 2.6 -0.072739
2.4 2.8 -0.0428138
2.4 3 0.0149359
2.4 3.2 0.0456589
2.4 3.4 0.0294033
2.4 3.6 -0.0217808
2.4 3.8 -0.0592172
2.4 4 -0.0417374
2.4 4.2 0.0210245
2.4 4.4 0.0927056
2.4 4.6 0.121236
2.4 4.8 0.0869344
2.4 5 0.0164691
2.4 5.2 -0.0331513
2.4 5.4 -0.0256433
2.4 5.6 0.0405913
2.4 5.8 0.118383
2.4 6 0.154072
2.4 6.2 0.110131
2.4 6.4 0.00912322
2.4 6.6 -0.0847651
2.4 6.8 -0.119446
2.4 7 -0.0784034
2.4 7.2 -0.0138851
2.4 7.4 -0.00195955
2.4 7.6 0
2.4 7.8 0
2.4 8 0
2.4 8.2 0
2.4 8.4 0

2.6 0 0
2.6 0.2 0.0351053
2.6 0.4 0.254215
2.6 0.6 0.0998385
2.6 0.8 -0.0960138
2.6 1 -0.227159
2.6 1.2 -0.232816
2.6 1.4 -0.127255
2.6 1.6 0.0105022
2.6 1.8 0.0982269
2.6 2 0.0958815
2.6 2.2 0.0263662
2.6 2.4 -0.044025
2.6 2.6 -0.0598953
2.6 2.8 -0.0124738
2.6 3 0.0619447
2.6 3.2 0.10338
2.6 3.4 0.0832267
2.6 3.6 0.0137438
2.6 3.8 -0.0502607
2.6 4 -0.0679708
2.6 4.2 -0.0334531
2.6 4.4 0.0232844
2.6 4.6 0.0556461
2.6 4.8 0.0419611
2.6 5 0.00186729
2.6 5.2 -0.0220251
2.6 5.4 -0.00242688
2.6 5.6 0.0607442
2.6 5.8 0.122869
2.6 6 0.132748
2.6 6.2 0.065064
2.6 6.4 -0.0454205
2.6 6.6 -0.136966
2.6 6.8 -0.161776
2.6 7 -0.109005
2.6 7.2 -0.0394744
2.6 7.4 0.00825387
2.6 7.6 0
2.6 7.8 0
2.6 8 0
2.6 8.2 0
2.6 8.4 0

2.8 0 0
2.8 0.2 0.0343527
2.8 0.4 0.250009
2.8 0.6 0.119097
2.8 0.8 -0.0457992
2.8 1 -0.157897
2.8 1.2 -0.165163
2.8 1.4 -0.0814496
2.8 1.6 0.0247649
2.8 1.8 0.0846747
2.8 2 0.0736619
2.8 2.2 0.0123162
2.8 2.4 -0.0383536
2.8 2.6 -0.0272117
2.8 2.8 0.0405822
2.8 3 0.120382
2.8 3.2 0.155103
2.8 3.4 0.121739
2.8 3.6 0.0324098
2.8 3.8 -0.0545
2.8 4 -0.0905612
2.8 4.2 -0.066746
2.8 4.4 -0.014119
2.8 4.6 0.026693
2.8 4.8 0.0214084
2.8 5 -0.00682152
2.8 5.2 -0.0272589
2.8 5.4 -0.00848175
2.8 5.6 0.0461794
2.8 5.8 0.0953226
2.8 6 0.0999012
2.8 6.2 0.0351923
2.8 6.4 -0.0650799
2.8 6.6 -0.147758
2.8 6.8 -0.163274
2.8 7 -0.0999719
2.8 7.2 0.000119409
2.8 7.4 0.0991307
2.8 7.6 0.0136565
2.8 7.8 0
2.8 8 0
2.8 8.2 0
2.8 8.4 0

3 0 0
3 0.2 0.0197129
3 0.4 0.143316
3 0.6 0.0597414
3 0.8 -0.0395162
3 1 -0.101958
3 1.2 -0.0990226
3 1.4 -0.0358795
3 1.6 0.0331076
3 1.8 0.0607547
3 2 0.036136
3 2.2 -0.0131251
3 2.4 -0.0363306
3 2.6 -0.00396114
3 2.8 0.071601
3 3 0.144746
3 3.2 0.163333
3 3.4 0.113284
3 3.6 0.0138972
3 3.8 -0.0738047
3 4 -0.105058
3 4.2 -0.0702452
3 4.4 -0.00547087
3 4.6 0.0411577
3 4.8 0.0380819
3 5 0.00210282
3 5.2 -0.0365462
3 5.4 -0.0369418
3 5.6 0.00268389
3 5.8 0.0518082
3 6 0.0777684
3 6.2 0.0469168
3 6.4 -0.0211532
3 6.6 -0.0825478
3 6.8 -0.0948792
3 7 -0.043963
3 7.2 0.0392035
3 7.4 0.11099
3 7.6 0.0153896
3 7.8 0
3 8 0
3 8.2 0
3 8.4 0

3.2 0 0
3.2 0.2 -0.0104601
3.2 0.4 -0.0741756
3.2 0.6 -0.0884357
3.2 0.8 -0.105536
3.2 1 -0.103198
3.2 1.2 -0.0765267
3.2 1.4 -0.0315198
3.2 1.6 -0.00190549
3.2 1.8 -0.00849493
3.2 2 -0.0350235
3.2 2.2 -0.0645054
3.2 2.4 -0.058249
3.2 2.6 -0.00631261
3.2 2.8 0.0677791
3.2 3 0.121791
3.2 3.2 0.117137
3.2 3.4 0.053076
3.2 3.6 -0.0428187
3.2 3.8 -0.109382
3.2 4 -0.110353
3.2 4.2 -0.0515389
3.2 4.4 0.0335054
3.2 4.6 0.0862886
3.2 4.8 0.0755942
3.2 5 0.0176221
3.2 5.2 -0.0493
3.2 5.4 -0.0782798
3.2 5.6 -0.0509612
3.2 5.8 0.0124306
3.2 6 0.0740545
3.2 6.2 0.0969431
3.2 6.4 0.0804795
3.2 6.6 0.0435456
3.2 6.8 0.0231805
3.2 7 0.0402131
3.2 7.2 0.0805076
3.2 7.4 0.11735
3.2 7.6 0.0214922
3.2 7.8 0
3.2 8 0
3.2 8.2 0
3.2 8.4 0

3.4 0 0
3.4 0.2 -0.042993
3.4 0.4 -0.311212
3.4 0.6 -0.261304
3.4 0.8 -0.202549
3.4 1 -0.14347
3.4 1.2 -0.100152
3.4 1.4 -0.0746092
3.4 1.6 -0.0775088
3.4 1.8 -0.102314
3.4 2 -0.124208
3.4 2.2 -0.126113
3.4 2.4 -0.0908329
3.4 2.6 -0.0232673
3.4 2.8 0.0402364
3.4 3 0.0661772
3.4 3.2 0.0364865
3.4 3.4 -0.0349874
3.4 3.6 -0.11244
3.4 3.8 -0.143893
3.4 4 -0.109601
3.4 4.2 -0.0238466
3.4 4.4 0.0735312
3.4 4.6 0.127543
3.4 4.8 0.110197
3.4 5 0.0287754
3.4 5.2 -0.0674089
3.4 5.4 -0.122639
3.4 5.6 -0.107901
3.4 5.8 -0.0253345
3.4 6 0.0778911
3.4 6.2 0.157432
3.4 6.4 0.19155
3.4 6.6 0.179456
3.4 6.8 0.145577
3.4 7 0.114713
3.4 7.2 0.0921082
3.4 7.4 0.0728456
3.4 7.6 0.0368461
3.4 7.8 0.00513936
3.4 8 0
3.4 8.2 0
3.4 8.4 0

3.6 0 0
3.6 0.2 -0.0596159
3.6 0.4 -0.432566
3.6 0.6 -0.343037
3.6 0.8 -0.243894
3.6 1 -0.157324
3.6 1.2 -0.117963
3.6 1.4 -0.119922
3.6 1.6 -0.150486
3.6 1.8 -0.18609
3.6 2 -0.188942
3.6 2.2 -0.158468
3.6 2.4 -0.0950503
3.6 2.6 -0.027925
3.6 2.8 0.0146145
3.6 3 0.0118621
3.6 3.2 -0.0374199
3.6 3.4 -0.104833
3.6 3.6 -0.154405
3.6 3.8 -0.154911
3.6 4 -0.0970391
3.6 4.2 -6.17459e-05
3.6 4.4 0.0951631
3.6 4.6 0.140705
3.6 4.8 0.109687
3.6 5 0.0182591
3.6 5.2 -0.089524
3.6 5.4 -0.161103
3.6 5.6 -0.151559
3.6 5.8 -0.0629623
3.6 6 0.0662004
3.6 6.2 0.188475
3.6 6.4 0.258917
3.6 6.6 0.259255
3.6 6.8 0.206857
3.6 7 0.132735
3.6 7.2 0.0571872
3.6 7.4 -0.00340593
3.6 7.6 -0.0475017
3.6 7.8 -0.00660509
3.6 8 0
3.6 8.2 0
3.6 8.4 0

3.8 0 0
3.8 0.2 -0.0480135
3.8 0.4 -0.34803
3.8 0.6 -0.256738
3.8 0.8 -0.159547
3.8 1 -0.0876162
3.8 1.2 -0.0774475
3.8 1.4 -0.117548
3.8 1.6 -0.17609
3.8 1.8 -0.210096
3.8 2 -0.190717
3.8 2.2 -0.12963
3.8 2.4 -0.0501303
3.8 2.6 0.00973538
3.8 2.8 0.0175854
3.8 3 -0.0150114
3.8 3.2 -0.0695156
3.8 3.4 -0.124638
3.8 3.6 -0.144381
3.8 3.8 -0.119545
3.8 4 -0.0570941
3.8 4.2 0.0201759
3.8 4.4 0.0869718
3.8 4.6 0.112035
3.8 4.8 0.0788029
3.8 5 -0.0030401
3.8 5.2 -0.101496
3.8 5.4 -0.172202
3.8 5.6 -0.173958
3.8 5.8 -0.0973354
3.8 6 0.0307166
3.8 6.2 0.162679
3.8 6.4 0.247325
3.8 6.6 0.256492
3.8 6.8 0.193809
3.8 7 0.0899671
3.8 7.2 -0.0168755
3.8 7.4 -0.0987314
3.8 7.6 -0.14692
3.8 7.8 -0.020346
3.8 8 0
3.8 8.2 0
3.8 8.4 0

4 0 0
4 0.2 -0.0115447
4 0.4 -0.0854764
4 0.6 -0.027562
4 0.8 0.0358859
4 1 0.0601148
4 1.2 0.0208356
4 1.4 -0.0603653
4 1.6 -0.137543
4 1.8 -0.161191
4 2 -0.11772
4 2.2 -0.0334557
4 2.4 0.0418125
4 2.6 0.0733548
4 2.8 0.045494
4 3 -0.0105351
4 3.2 -0.0628441
4 3.4 -0.0834375
4 3.6 -0.067793
4 3.8 -0.0306893
4 4 0.0100218
4 4.2 0.0389224
4 4.4 0.0533858
4 4.6 0.0504676
4 4.8 0.0229784
4 5 -0.0263701
4 5.2 -0.091812
4 5.4 -0.14893
4 5.6 -0.163864
4 5.8 -0.119474
4 6 -0.0267981
4 6.2 0.082772
4 6.4 0.161976
4 6.6 0.173332
4 6.8 0.113564
4 7 0.0149747
4 7.2 -0.0857492
4 7.4 -0.152997
4 7.6 -0.181223
4 7.8 -0.0283149
4 8 0
4 8.2 0
4 8.4 0

4.2 0 0
4.2 0.2 0.0303136
4.2 0.4 0.217944
4.2 0.6 0.233493
4.2 0.8 0.249852
4.2 1 0.219671
4.2 1.2 0.13304
4.2 1.4 0.0208862
4.2 1.6 -0.0608071
4.2 1.8 -0.068611
4.2 2 0.00155852
4.2 2.2 0.096736
4.2 2.4 0.153214
4.2 2.6 0.141578
4.2 2.8 0.0735389
4.2 3 -0.00235918
4.2 3.2 -0.0375087
4.2 3.4 -0.0143363
4.2 3.6 0.0429009
4.2 3.8 0.0862572
4.2 4 0.0916056
4.2 4.2 0.053288
4.2 4.4 0.00243398
4.2 4.6 -0.0279996
4.2 4.8 -0.0347054
4.2 5 -0.0309252
4.2 5.2 -0.042302
4.2 5.4 -0.0766545
4.2 5.6 -0.110642
4.2 5.8 -0.117127
4.2 6 -0.0782683
4.2 6.2 -0.0124298
4.2 6.4 0.0455434
4.2 6.6 0.0644499
4.2 6.8 0.0249891
4.2 7 -0.044573
4.2 7.2 -0.107615
4.2 7.4 -0.132346
4.2 7.6 -0.103596
4.2 7.8 -0.0246707
4.2 8 -0.00346947
4.2 8.2 0
4.2 8.4 0

4.4 0 0
4.4 0.2 0.0550067
4.4 0.4 0.397803
4.4 0.6 0.384082
4.4 0.8 0.366206
4.4 1 0.300768
4.4 1.2 0.187226
4.4 1.4 0.0683444
4.4 1.6 0.00217912
4.4 1.8 0.0214918
4.4 2 0.114353
4.4 2.2 0.208482
4.4 2.4 0.236492
4.4 2.6 0.173503
4.4 2.8 0.0607927
4.4 3 -0.0273055
4.4 3.2 -0.0302181
4.4 3.4 0.0466059
4.4 3.6 0.15041
4.4 3.8 0.204509
4.4 4 0.16956
4.4 4.2 0.0623728
4.4 4.4 -0.0484768
4.4 4.6 -0.102667
4.4 4.8 -0.0784693
4.4 5 -0.0108011
4.4 5.2 0.0378325
4.4 5.4 0.0319013
4.4 5.6 -0.0215158
4.4 5.8 -0.0806266
4.4 6 -0.108123
4.4 6.2 -0.0876095
4.4 6.4 -0.0469683
4.4 6.6 -0.0191703
4.4 6.8 -0.0269145
4.4 7 -0.0582389
4.4 7.2 -0.0809137
4.4 7.4 -0.0660943
4.4 7.6 -0.00786864
4.4 7.8 0.0551321
4.4 8 0.00732476
4.4 8.2 0
4.4 8.4 0

4.6 0 0
4.6 0.2 0.0495148
4.6 0.4 0.359565
4.6 0.6 0.346751
4.6 0.8 0.324533
4.6 1 0.255841
4.6 1.2 0.146275
4.6 1.4 0.041856
4.6 1.6 0.00391756
4.6 1.8 0.0577731
4.6 2 0.173676
4.6 2.2 0.262238
4.6 2.4 0.257893
4.6 2.6 0.145844
4.6 2.8 -0.00431143
4.6 3 -0.0962289
4.6 3.2 -0.0684482
4.6 3.4 0.0640743
4.6 3.6 0.21244
4.6 3.8 0.280064
4.6 4 0.218631
4.6 4.2 0.0617626
4.6 4.4 -0.0960907
4.6 4.6 -0.161913
4.6 4.8 -0.104425
4.6 5 0.0245833
4.6 5.2 0.132188
4.6 5.4 0.151217
4.6 5.6 0.0811784
4.6 5.8 -0.0267512
4.6 6 -0.105722
4.6 6.2 -0.118825
4.6 6.4 -0.0855453
4.6 6.6 -0.0434622
4.6 6.8 -0.0234741
4.6 7 -0.0278684
4.6 7.2 -0.0287164
4.6 7.4 0.00248644
4.6 7.6 0.0687204
4.6 7.8 0.131241
4.6 8 0.0181524
4.6 8.2 0
4.6 8.4 0

4.8 0 0
4.8 0.2 0.0185198
4.8 0.4 0.13491
4.8 0.6 0.14888
4.8 0.8 0.150936
4.8 1 0.107494
4.8 1.2 0.0217704
4.8 1.4 -0.0535743
4.8 1.6 -0.057588
4.8 1.8 0.0280996
4.8 2 0.162982
4.8 2.2 0.250105
4.8 2.4 0.223989
4.8 2.6 0.0776697
4.8 2.8 -0.100472
4.8 3 -0.194736
4.8 3.2 -0.143305
4.8 3.4 0.0327741
4.8 3.6 0.221198
4.8 3.8 0.306056
4.8 4 0.228185
4.8 4.2 0.0374828
4.8 4.4 -0.144071
4.8 4.6 -0.206416
4.8 4.8 -0.115401
4.8 5 0.059424
4.8 5.2 0.208542
4.8 5.4 0.240534
4.8 5.6 0.154276
4.8 5.8 0.0183767
4.8 6 -0.0890787
4.8 6.2 -0.116523
4.8 6.4 -0.0722248
4.8 6.6 -0.00941981
4.8 6.8 0.0247836
4.8 7 0.0234171
4.8 7.2 0.0150651
4.8 7.4 0.0331392
4.8 7.6 0.0865668
4.8 7.8 0.139369
4.8 8 0.0192396
4.8 8.2 0
4.8 8.4 0

5 0 0
5 0.2 -0.0211161
5 0.4 -0.152246
5 0.6 -0.0979016
5 0.8 -0.0560578
5 1 -0.0638047
5 1.2 -0.121671
5 1.4 -0.172262
5 1.6 -0.158046
5 1.8 -0.0525934
5 2 0.0985533
5 2.2 0.192273
5 2.4 0.160847
5 2.6 0.00676266
5 2.8 -0.183889
5 3 -0.281566
5 3.2 -0.219735
5 3.4 -0.025563
5 3.6 0.183466
5 3.8 0.276731
5 4 0.19625
5 4.2 -0.0013703
5 4.4 -0.185018
5 4.6 -0.236956
5 4.8 -0.126084
5 5 0.0744271
5 5.2 0.240568
5 5.4 0.275363
5 5.6 0.176592
5 5.8 0.025021
5 6 -0.0852471
5 6.2 -0.100421
5 6.4 -0.0332574
5 6.6 0.0454631
5 6.8 0.0770076
5 7 0.0549473
5 7.2 0.015442
5 7.4 -0.000436818
5 7.6 0.0261362
5 7.8 0.0630622
5 8 -0.000396325
5 8.2 0
5 8.4 0

5.2 0 0
5.2 0.2 -0.0507635
5.2 0.4 -0.367282
5.2 0.6 -0.278378
5.2 0.8 -0.198058
5.2 1 -0.17632
5.2 1.2 -0.217025
5.2 1.4 -0.265707
5.2 1.6 -0.252605
5.2 1.8 -0.147814
5.2 2 0.0107715
5.2 2.2 0.122563
5.2 2.4 0.109284
5.2 2.6 -0.0296621
5.2 2.8 -0.213098
5.2 3 -0.315157
5.2 3.2 -0.26163
5.2 3.4 -0.0772742
5.2 3.6 0.121989
5.2 3.8 0.215266
5.2 4 0.140563
5.2 4.2 -0.0446918
5.2 4.4 -0.21735
5.2 4.6 -0.254831
5.2 4.8 -0.133734
5.2 5 0.0664928
5.2 5.2 0.22185
5.2 5.4 0.243156
5.2 5.6 0.134078
5.2 5.8 -0.0192792
5.2 6 -0.109537
5.2 6.2 -0.0959872
5.2 6.4 -0.000339428
5.2 6.6 0.090022
5.2 6.8 0.111218
5.2 7 0.0550569
5.2 7.2 -0.0290086
5.2 7.4 -0.0788308
5.2 7.6 -0.0719747
5.2 7.8 -0.0438443
5.2 8 -0.0648239
5.2 8.2 -0.00896547
5.2 8.4 0

5.4 0 0
5.4 0.2 -0.0617387
5.4 0.4 -0.447665
5.4 0.6 -0.337212
5.4 0.8 -0.226831
5.4 1 -0.188647
5.4 1.2 -0.230387
5.4 1.4 -0.299957
5.4 1.6 -0.314273
5.4 1.8 -0.230492
5.4 2 -0.0755656
5.4 2.2 0.0613187
5.4 2.4 0.0879045
5.4 2.6 -0.0154411
5.4 2.8 -0.174188
5.4 3 -0.278856
5.4 3.2 -0.252186
5.4 3.4 -0.103662
5.4 3.6 0.0667716
5.4 3.8 0.147395
5.4 4 0.0803981
5.4 4.2 -0.0817288
5.4 4.4 -0.232534
5.4 4.6 -0.255862
5.4 4.8 -0.13948
5.4 5 0.0409238
5.4 5.2 0.171353
5.4 5.4 0.169593
5.4 5.6 0.0524539
5.4 5.8 -0.0939919
5.4 6 -0.161648
5.4 6.2 -0.113431
5.4 6.4 0.00693362
5.4 6.6 0.104977
5.4 6.8 0.11373
5.4 7 0.0289069
5.4 7.2 -0.0862126
5.4 7.4 -0.155778
5.4 7.6 -0.144818
5.4 7.8 -0.0892459
5.4 8 -0.0536348
5.4 8.2 -0.00743087
5.4 8.4 0

5.6 0 0
5.6 0.2 -0.0576733
5.6 0.4 -0.418468
5.6 0.6 -0.294444
5.6 0.8 -0.166117
5.6 1 -0.118013
5.6 1.2 -0.173332
5.6 1.4 -0.280646
5.6 1.6 -0.340236
5.6 1.8 -0.290873
5.6 2 -0.143553
5.6 2.2 0.016595
5.6 2.4 0.0920342
5.6 2.6 0.0399839
5.6 2.8 -0.0858433
5.6 3 -0.194838
5.6 3.2 -0.199693
5.6 3.4 -0.0975722
5.6 3.6 0.0318944
5.6 3.8 0.0936213
5.6 4 0.0369854
5.6 4.2 -0.0978613
5.6 4.4 -0.219266
5.6 4.6 -0.237331
5.6 4.8 -0.132003
5.6 5 0.0194976
5.6 5.2 0.116122
5.6 5.4 0.0919266
5.6 5.6 -0.0303416
5.6 5.8 -0.1628
5.6 6 -0.210106
5.6 6.2 -0.135835
5.6 6.4 -0.00256088
5.6 6.6 0.0957862
5.6 6.8 0.0948559
5.6 7 -0.00561941
5.6 7.2 -0.128645
5.6 7.4 -0.19071
5.6 7.6 -0.153949
5.6 7.8 -0.0569124
5.6 8 0.0199893
5.6 8.2 0.00276695
5.6 8.4 0

5.8 0 0
5.8 0.2 -0.048338
5.8 0.4 -0.349508
5.8 0.6 -0.212708
5.8 0.8 -0.0680688
5.8 1 -0.00986615
5.8 1.2 -0.0788848
5.8 1.4 -0.221346
5.8 1.6 -0.3284
5.8 1.8 -0.317543
5.8 2 -0.186111
5.8 2.2 -0.0139634
5.8 2.4 0.104292
5.8 2.6 0.101585
5.8 2.8 0.00903743
5.8 3 -0.0943424
5.8 3.2 -0.132539
5.8 3.4 -0.0763266
5.8 3.6 0.0164322
5.8 3.8 0.0628429
5.8 4 0.0229217
5.8 4.2 -0.086248
5.8 4.4 -0.180867
5.8 4.6 -0.193228
5.8 4.8 -0.105642
5.8 5 0.0164142
5.8 5.2 0.0859467
5.8 5.4 0.0477482
5.8 5.6 -0.0678931
5.8 5.8 -0.185387
5.8 6 -0.220158
5.8 6.2 -0.14547
5.8 6.4 -0.0184856
5.8 6.6 0.0719933
5.8 6.8 0.0658027
5.8 7 -0.0278667
5.8 7.2 -0.132484
5.8 7.4 -0.165174
5.8 7.6 -0.093496
5.8 7.8 0.0385604
5.8 8 0.146199
5.8 8.2 0.020183
5.8 8.4 0

6 0 0
6 0.2 -0.0395814
6 0.4 -0.286603
6 0.6 -0.137929
6 0.8 0.026875
6 1 0.100684
6 1.2 0.0299183
6 1.4 -0.133443
6 1.6 -0.281453
6 1.8 -0.310758
6 2 -0.205134
6 2.2 -0.0310788
6 2.4 0.108588
6 2.6 0.142557
6 2.8 0.076391
6 3 -0.0212886
6 3.2 -0.0773384
6 3.4 -0.0561763
6 3.6 0.0126425
6 3.8 0.058923
6 4 0.0381521
6 4.2 -0.0433951
6 4.4 -0.120649
6 4.6 -0.134607
6 4.8 -0.0683891
6 5 0.0278072
6 5.2 0.0830868
6 5.4 0.0520844
6 5.6 -0.0480266
6 5.8 -0.149214
6 6 -0.182999
6 6.2 -0.129917
6 6.4 -0.02927
6 6.6 0.045878
6 6.8 0.0417422
6 7 -0.0284534
6 7.2 -0.0974797
6 7.4 -0.0960223
6 7.6 -0.00116515
6 7.8 0.146561
6 8 0.264718
6 8.2 0.0364205
6 8.4 0

6.2 0 0
6.2 0.2 -0.030303
6.2 0.4 -0.217513
6.2 0.6 -0.0612789
6.2 0.8 0.117013
6.2 1 0.208036
6.2 1.2 0.145241
6.2 1.4 -0.0224545
6.2 1.6 -0.188972
6.2 1.8 -0.249314
6.2 2 -0.177409
6.2 2.2 -0.0204733
6.2 2.4 0.116312
6.2 2.6 0.164169
6.2 2.8 0.11047
6.2 3 0.0128048
6.2 3.2 -0.0510231
6.2 3.4 -0.0460686
6.2 3.6 0.0124303
6.2 3.8 0.0666427
6.2 4 0.0688057
6.2 4.2 0.011447
6.2 4.4 -0.0564295
6.2 4.6 -0.0803879
6.2 4.8 -0.0400212
6.2 5 0.0374908
6.2 5.2 0.0932867
6.2 5.4 0.0863001
6.2 5.6 0.0142914
6.2 5.8 -0.0697773
6.2 6 -0.11081
6.2 6.2 -0.0927734
6.2 6.4 -0.0335182
6.2 6.6 0.0199853
6.2 6.8 0.0271991
6.2 7 -0.00679744
6.2 7.2 -0.0384029
6.2 7.4 -0.016799
6.2 7.6 0.070902
6.2 7.8 0.196369
6.2 8 0.298186
6.2 8.2 0.0410385
6.2 8.4 0

6.4 0 0
6.4 0.2 -0.0136647
6.4 0.4 -0.0983574
6.4 0.6 0.0463675
6.4 0.8 0.226052
6.4 1 0.320803
6.4 1.2 0.270114
6.4 1.4 0.11081
6.4 1.6 -0.0583848
6.4 1.8 -0.138548
6.4 2 -0.0974037
6.4 2.2 0.0252539
6.4 2.4 0.138987
6.4 2.6 0.175306
6.4 2.8 0.118337
6.4 3 0.0220318
6.4 3.2 -0.0463873
6.4 3.4 -0.0420899
6.4 3.6 0.0201966
6.4 3.8 0.0897401
6.4 4 0.113549
6.4 4.2 0.0706313
6.4 4.4 -0.000452499
6.4 4.6 -0.0507387
6.4 4.8 -0.0418846
6.4 5 0.0192723
6.4 5.2 0.0887452
6.4 5.4 0.116855
6.4 5.6 0.0893198
6.4 5.8 0.0243745
6.4 6 -0.0345966
6.4 6.2 -0.0583337
6.4 6.4 -0.0451262
6.4 6.6 -0.012377
6.4 6.8 0.0141433
6.4 7 0.0207164
6.4 7.2 0.0228404
6.4 7.4 0.044289
6.4 7.6 0.0920358
6.4 7.8 0.156342
6.4 8 0.208772
6.4 8.2 0.0287717
6.4 8.4 0

6.6 0 0
6.6 0.2 0.0117652
6.6 0.4 0.086487
6.6 0.6 0.201745
6.6 0.8 0.352876
6.6 1 0.433146
6.6 1.2 0.386443
6.6 1.4 0.242614
6.6 1.6 0.0840984
6.6 1.8 -0.00316875
6.6 2 0.0126038
6.6 2.2 0.0976677
6.6 2.4 0.175433
6.6 2.6 0.189044
6.6 2.8 0.121901
6.6 3 0.0245327
6.6 3.2 -0.0419329
6.6 3.4 -0.0368929
6.6 3.6 0.0359388
6.6 3.8 0.119714
6.6 4 0.15922
6.6 4.2 0.126097
6.6 4.4 0.0413307
6.6 4.6 -0.0412055
6.6 4.8 -0.0701397
6.6 5 -0.030454
6.6 5.2 0.0532219
6.6 5.4 0.118951
6.6 5.6 0.136399
6.6 5.8 0.0964628
6.6 6 0.0216962
6.6 6.2 -0.0455874
6.6 6.4 -0.0710629
6.6 6.6 -0.0502546
6.6 6.8 -0.00299838
6.6 7 0.0479739
6.6 7.2 0.0773894
6.6 7.4 0.0825379
6.6 7.6 0.0651759
6.6 7.8 0.0389011
6.6 8 0.0190236
6.6 8.2 0.00269767
6.6 8.4 0

6.8 0 0
6.8 0.2 0.0396986
6.8 0.4 0.289655
6.8 0.6 0.360015
6.8 0.8 0.459174
6.8 1 0.504888
6.8 1.2 0.453198
6.8 1.4 0.323166
6.8 1.6 0.18844
6.8 1.8 0.10779
6.8 2 0.11191
6.8 2.2 0.167275
6.8 2.4 0.21828
6.8 2.6 0.208984
6.8 2.8 0.13695
6.8 3 0.0396759
6.8 3.2 -0.0234823
6.8 3.4 -0.0174284
6.8 3.6 0.0568738
6.8 3.8 0.150668
6.8 4 0.201644
6.8 4.2 0.171227
6.8 4.4 0.0690305
6.8 4.6 -0.0489851
6.8 4.8 -0.119262
6.8 5 -0.102653
6.8 5.2 -0.0176478
6.8 5.4 0.0845667
6.8 5.6 0.143913
6.8 5.8 0.131107
6.8 6 0.0498235
6.8 6.2 -0.0492423
6.8 6.4 -0.109035
6.8 6.6 -0.097333
6.8 6.8 -0.0218486
6.8 7 0.074834
6.8 7.2 0.133851
6.8 7.4 0.117337
6.8 7.6 0.0279624
6.8 7.8 -0.09404
6.8 8 -0.191818
6.8 8.2 -0.0265208
6.8 8.4 0

7 0 0
7 0.2 0.0571268
7 0.4 0.415201
7 0.6 0.436202
7 0.8 0.475731
7 1 0.478745
7 1.2 0.416648
7 1.4 0.306773
7 1.6 0.206645
7 1.8 0.148734
7 2 0.151989
7 2.2 0.192297
7 2.4 0.227544
7 2.6 0.216324
7 2.8 0.150614
7 3 0.0618515
7 3.2 -0.00190579
7 3.4 0.000352681
7 3.6 0.0692699
7 3.8 0.165566
7 4 0.224844
7 4.2 0.20262
7 4.4 0.0930556
7 4.6 -0.049944
7 4.8 -0.160912
7 5 -0.178698
7 5.2 -0.101762
7 5.4 0.0227797
7 5.6 0.118806
7 5.8 0.132702
7 6 0.0544217
7 6.2 -0.0673056
7 6.4 -0.154883
7 6.6 -0.146336
7 6.8 -0.0442313
7 7 0.0962381
7 7.2 0.190117
7 7.4 0.165534
7 7.6 0.0218054
7 7.8 -0.175735
7 8 -0.33186
7 8.2 -0.0456907
7 8.4 0

7.2 0 0
7.2 0.2 0.0525968
7.2 0.4 0.382159
7.2 0.6 0.368443
7.2 0.8 0.358882
7.2 1 0.3299
7.2 1.2 0.268553
7.2 1.4 0.186697
7.2 1.6 0.121468
7.2 1.8 0.0943754
7.2 2 0.110629
7.2 2.2 0.152102
7.2 2.4 0.186639
7.2 2.6 0.187593
7.2 2.8 0.145267
7.2 3 0.0761687
7.2 3.2 0.0141645
7.2 3.4 0.00426266
7.2 3.6 0.0544516
7.2 3.8 0.145039
7.2 4 0.216725
7.2 4.2 0.213864
7.2 4.4 0.113584
7.2 4.6 -0.0415605
7.2 4.8 -0.182594
7.2 5 -0.234189
7.2 5.2 -0.177067
7.2 5.4 -0.0414658
7.2 5.6 0.0861121
7.2 5.8 0.128356
7.2 6 0.0586633
7.2 6.2 -0.0742061
7.2 6.4 -0.179396
7.2 6.6 -0.180909
7.2 6.8 -0.0619434
7.2 7 0.113989
7.2 7.2 0.238997
7.2 7.4 0.228219
7.2 7.6 0.0654389
7.2 7.8 -0.171034
7.2 8 -0.360106
7.2 8.2 -0.0496822
7.2 8.4 0

7.4 0 0
7.4 0.2 0.0254654
7.4 0.4 0.184996
7.4 0.6 0.164801
7.4 0.8 0.136482
7.4 1 0.0969221
7.4 1.2 0.0523448
7.4 1.4 0.00761378
7.4 1.6 -0.0187858
7.4 1.8 -0.0213903
7.4 2 0.00267362
7.4 2.2 0.0448815
7.4 2.4 0.0901195
7.4 2.6 0.114082
7.4 2.8 0.103959
7.4 3 0.0596798
7.4 3.2 0.00299159
7.4 3.4 -0.0275303
7.4 3.6 -0.00241732
7.4 3.8 0.0773268
7.4 4 0.164264
7.4 4.2 0.19548
7.4 4.4 0.127907
7.4 4.6 -0.0164923
7.4 4.8 -0.173907
7.4 5 -0.259959
7.4 5.2 -0.22899
7.4 5.4 -0.0978497
7.4 5.6 0.0515268
7.4 5.8 0.126092
7.4 6 0.0798464
7.4 6.2 -0.0542042
7.4 6.4 -0.176328
7.4 6.6 -0.19696
7.4 6.8 -0.0833787
7.4 7 0.112818
7.4 7.2 0.270362
7.4 7.4 0.286073
7.4 7.6 0.13633
7.4 7.8 -0.102697
7.4 8 -0.294266
7.4 8.2 -0.0405707
7.4 8.4 0

7.6 0 0
7.6 0.2 -0.0116762
7.6 0.4 -0.0846151
7.6 0.6 -0.0909194
7.6 0.8 -0.110044
7.6 1 -0.129464
7.6 1.2 -0.139737
7.6 1.4 -0.144903
7.6 1.6 -0.144558
7.6 1.8 -0.140413
7.6 2 -0.122626
7.6 2.2 -0.08912
7.6 2.4 -0.0340627
7.6 2.6 0.0178126
7.6 2.8 0.0418136
7.6 3 0.0194873
7.6 3.2 -0.0390547
7.6 3.4 -0.0935154
7.6 3.6 -0.0989014
7.6 3.8 -0.0326257
7.6 4 0.0708213
7.6 4.2 0.14581
7.6 4.4 0.128063
7.6 4.6 0.0111232
7.6 4.8 -0.151178
7.6 5 -0.263671
7.6 5.2 -0.261655
7.6 5.4 -0.141749
7.6 5.6 0.023771
7.6 5.8 0.131822
7.6 6 0.116721
7.6 6.2 -0.00872821
7.6 6.4 -0.151303
7.6 6.6 -0.200872
7.6 6.8 -0.109564
7.6 7 0.0839872
7.6 7.2 0.261671
7.6 7.4 0.310135
7.6 7.6 0.19504
7.6 7.8 -0.0185567
7.6 8 -0.19169
7.6 8.2 -0.0263727
7.6 8.4 0

7.8 0 0
7.8 0.2 -0.0411044
7.8 0.4 -0.299189
7.8 0.6 -0.284343
7.8 0.8 -0.275025
7.8 1 -0.257225
7.8 1.2 -0.228748
7.8 1.4 -0.201353
7.8 1.6 -0.18736
7.8 1.8 -0.196117
7.8 2 -0.209126
7.8 2.2 -0.199958
7.8 2.4 -0.149607
7.8 2.6 -0.07684
7.8 2.8 -0.0195492
7.8 3 -0.0198785
7.8 3.2 -0.0843343
7.8 3.4 -0.166482
7.8 3.6 -0.205253
7.8 3.8 -0.158277
7.8 4 -0.0395907
7.8 4.2 0.0830422
7.8 4.4 0.119034
7.8 4.6 0.0368018
7.8 4.8 -0.123277
7.8 5 -0.262159
7.8 5.2 -0.291575
7.8 5.4 -0.18735
7.8 5.6 -0.0080698
7.8 5.8 0.13844
7.8 6 0.158992
7.8 6.2 0.048407
7.8 6.4 -0.106537
7.8 6.6 -0.192193
7.8 6.8 -0.140325
7.8 7 0.0316489
7.8 7.2 0.21139
7.8 7.4 0.284394
7.8 7.6 0.207218
7.8 7.8 0.0330321
7.8 8 -0.116667
7.8 8.2 -0.0162644
7.8 8.4 0

8 0 0
8 0.2 -0.051497
8 0.4 -0.372563
8 0.6 -0.337814
8 0.8 -0.300737
8 1 -0.250688
8 1.2 -0.191422
8 1.4 -0.145513
8 1.6 -0.135611
8 1.8 -0.170958
8 2 -0.226978
8 2.2 -0.255899
8 2.4 -0.218738
8 2.6 -0.13285
8 2.8 -0.0485171
8 3 -0.0289419
8 3.2 -0.0984144
8 3.4 -0.211129
8 3.6 -0.287991
8 3.8 -0.261669
8 4 -0.133427
8 4.2 0.0242891
8 4.4 0.107316
8 4.6 0.0565691
8 4.8 -0.100275
8 5 -0.264264
8 5.2 -0.326157
8 5.4 -0.237109
8 5.6 -0.0491612
8 5.8 0.128637
8 6 0.186395
8 6.2 0.101234
8 6.4 -0.0599653
8 6.6 -0.179736
8 6.8 -0.170997
8 7 -0.0343396
8 7.2 0.135131
8 7.4 0.224061
8 7.6 0.176523
8 7.8 0.0345433
8 8 -0.0919846
8 8.2 -0.0127126
8 8.4 0

8.2 0 0
8.2 0.2 -0.0419814
8.2 0.4 -0.303767
8.2 0.6 -0.265996
8.2 0.8 -0.217006
8.2 1 -0.14878
8.2 1.2 -0.0755526
8.2 1.4 -0.0230617
8.2 1.6 -0.0309145
8.2 1.8 -0.101548
8.2 2 -0.197875
8.2 2.2 -0.258234
8.2 2.4 -0.233979
8.2 2.6 -0.133054
8.2 2.8 -0.0273719
8.2 3 0.0107994
8.2 3.2 -0.0584768
8.2 3.4 -0.19322
8.2 3.6 -0.302591
8.2 3.8 -0.299357
8.2 4 -0.174992
8.2 4.2 -0.000647221
8.2 4.4 0.110299
8.2 4.6 0.0759051
8.2 4.8 -0.0802808
8.2 5 -0.263037
8.2 5.2 -0.353859
8.2 5.4 -0.285289
8.2 5.6 -0.0970176
8.2 5.8 0.103638
8.2 6 0.195354
8.2 6.2 0.131978
8.2 6.4 -0.0269314
8.2 6.6 -0.166916
8.2 6.8 -0.188446
8.2 7 -0.082083
8.2 7.2 0.0720653
8.2 7.4 0.166165
8.2 7.6 0.135011
8.2 7.8 0.0139527
8.2 8 -0.0993218
8.2 8.2 -0.0139163
8.2 8.4 0

8.4 0 0
8.4 0.2 -0.0227922
8.4 0.4 -0.16567
8.4 0.6 -0.141103
8.4 0.8 -0.101745
8.4 1 -0.0382084
8.4 1.2 0.0309049
8.4 1.4 0.0738872
8.4 1.6 0.0526283
8.4 1.8 -0.0422575
8.4 2 -0.162703
8.4 2.2 -0.233357
8.4 2.4 -0.209454
8.4 2.6 -0.0942226
8.4 2.8 0.0354983
8.4 3 0.0913975
8.4 3.2 0.0292367
8.4 3.4 -0.113898
8.4 3.6 -0.241254
8.4 3.8 -0.26313
8.4 4 -0.149389
8.4 4.2 0.0228455
8.4 4.4 0.137304
8.4 4.6 0.110341
8.4 4.8 -0.0520006
8.4 5 -0.249408
8.4 5.2 -0.358793
8.4 5.4 -0.308286
8.4 5.6 -0.127095
8.4 5.8 0.0773232
8.4 6 0.183019
8.4 6.2 0.1367
8.4 6.4 -0.0126751
8.4 6.6 -0.154166
8.4 6.8 -0.186232
8.4 7 -0.0974736
8.4 7.2 0.0489122
8.4 7.4 0.141209
8.4 7.6 0.116743
8.4 7.8 -0.00033439
8.4 8 -0.108293
8.4 8.2 -0.0149897
8.4 8.4 0

8.6 0 0
8.6 0.2 -0.00665363
8.6 0.4 -0.0478089
8.6 0.6 -0.0403981
8.6 0.8 -0.02384
8.6 1 0.0165874
8.6 1.2 0.063887
8.6 1.4 0.0891648
8.6 1.6 0.0566877
8.6 1.8 -0.0347508
8.6 2 -0.148464
8.6 2.2 -0.207724
8.6 2.4 -0.166813
8.6 2.6 -0.0325805
8.6 2.8 0.116158
8.6 3 0.190112
8.6 3.2 0.14179
8.6 3.4 0.00230286
8.6 3.6 -0.128333
8.6 3.8 -0.161728
8.6 4 -0.069005
8.6 4.2 0.0860361
8.6 4.4 0.188754
8.6 4.6 0.156234
8.6 4.8 -0.00529318
8.6 5 -0.208877
8.6 5.2 -0.326661
8.6 5.4 -0.289458
8.6 5.6 -0.124524
8.6 5.8 0.0636988
8.6 6 0.162878
8.6 6.2 0.117536
8.6 6.4 -0.0215534
8.6 6.6 -0.149076
8.6 6.8 -0.170944
8.6 7 -0.0736519
8.6 7.2 0.0724963
8.6 7.4 0.162312
8.6 7.6 0.13038
8.6 7.8 0.00902865
8.6 8 -0.102392
8.6 8.2 -0.0143647
8.6 8.4 0

8.8 0 0
8.8 0.2 0.00147884
8.8 0.4 0.0117788
8.8 0.6 0.00232439
8.8 0.8 -0.00901414
8.8 1 -0.00166652
8.8 1.2 0.0206561
8.8 1.4 0.0288936
8.8 1.6 -1.68129e-05
8.8 1.8 -0.072966
8.8 2 -0.158026
8.8 2.2 -0.184324
8.8 2.4 -0.116484
8.8 2.6 0.0333468
8.8 2.8 0.189931
8.8 3 0.272327
8.8 3.2 0.233903
8.8 3.4 0.109051
8.8 3.6 -0.013953
8.8 3.8 -0.049535
8.8 4 0.0288055
8.8 4.2 0.15989
8.8 4.4 0.24494
8.8 4.6 0.200391
8.8 4.8 0.0421298
8.8 5 -0.148252
8.8 5.2 -0.255892
8.8 5.4 -0.225345
8.8 5.6 -0.0805207
8.8 5.8 0.0777611
8.8 6 0.148432
8.8 6.2 0.0875762
8.8 6.4 -0.0504071
8.8 6.6 -0.159122
8.8 6.8 -0.154333
8.8 7 -0.035245
8.8 7.2 0.120346
8.8 7.4 0.203883
8.8 7.6 0.159763
8.8 7.8 0.0256085
8.8 8 -0.0953305
8.8 8.2 -0.0133585
8.8 8.4 0

9 0 0
9 0.2 0.00432278
9 0.4 0.0308206
9 0.6 0.00953748
9 0.8 -0.0166781
9 1 -0.0366067
9 1.2 -0.0393911
9 1.4 -0.0435971
9 1.6 -0.0696463
9 1.8 -0.115462
9 2 -0.159067
9 2.2 -0.14983
9 2.4 -0.0573475
9 2.6 0.0941127
9 2.8 0.242755
9 3 0.311721
9 3.2 0.272479
9 3.4 0.161651
9 3.6 0.0561657
9 3.8 0.0337362
9 4 0.105285
9 4.2 0.217982
9 4.4 0.277765
9 4.6 0.222916
9 4.8 0.0772798
9 5 -0.0870746
9 5.2 -0.1732
9 5.4 -0.134892
9 5.6 -0.00969998
9 5.8 0.110621
9 6 0.13786
9 6.2 0.0477769
9 6.4 -0.095796
9 6.6 -0.186089
9 6.8 -0.153428
9 7 -0.00962282
9 7.2 0.155395
9 7.4 0.230138
9 7.6 0.167654
9 7.8 0.0164439
9 8 -0.116732
9 8.2 -0.0161916
9 8.4 0

9.2 0 0
9.2 0.2 0.00674273
9.2 0.4 0.0498044
9.2 0.6 0.0317709
9.2 0.8 0.00329338
9.2 1 -0.0193678
9.2 1.2 -0.0395282
9.2 1.4 -0.0608042
9.2 1.6 -0.0851507
9.2 1.8 -0.114319
9.2 2 -0.123352
9.2 2.2 -0.0838111
9.2 2.4 0.0179436
9.2 2.6 0.151823
9.2 2.8 0.267979
9.2 3 0.305613
9.2 3.2 0.252664
9.2 3.4 0.150793
9.2 3.6 0.067234
9.2 3.8 0.0635555
9.2 4 0.137311
9.2 4.2 0.233901
9.2 4.4 0.269588
9.2 4.6 0.20556
9.2 4.8 0.0702548
9.2 5 -0.0588489
9.2 5.2 -0.110808
9.2 5.4 -0.0572204
9.2 5.6 0.0600449
9.2 5.8 0.146861
9.2 6 0.132512
9.2 6.2 0.0152441
9.2 6.4 -0.133908
9.2 6.6 -0.212384
9.2 6.8 -0.160539
9.2 7 -0.00479228
9.2 7.2 0.161354
9.2 7.4 0.223899
9.2 7.6 0.144823
9.2 7.8 -0.0288266
9.2 8 -0.177147
9.2 8.2 -0.0244677
9.2 8.4 0

9.4 0 0
9.4 0.2 0.0110636
9.4 0.4 0.0796769
9.4 0.6 0.0769413
9.4 0.8 0.0754071
9.4 1 0.0659467
9.4 1.2 0.0425575
9.4 1.4 0.00667833
9.4 1.6 -0.0314734
9.4 1.8 -0.0540898
9.4 2 -0.0476508
9.4 2.2 0.00501576
9.4 2.4 0.104844
9.4 2.6 0.208682
9.4 2.8 0.271417
9.4 3 0.258627
9.4 3.2 0.180403
9.4 3.4 0.07929
9.4 3.6 0.0243454
9.4 3.8 0.0480288
9.4 4 0.129907
9.4 4.2 0.213054
9.4 4.4 0.228064
9.4 4.6 0.15245
9.4 4.8 0.0242243
9.4 5 -0.0783161
9.4 5.2 -0.0937756
9.4 5.4 -0.0179099
9.4 5.6 0.100619
9.4 5.8 0.168137
9.4 6 0.131189
9.4 6.2 -0.00224896
9.4 6.4 -0.153557
9.4 6.6 -0.226353
9.4 6.8 -0.171043
9.4 7 -0.016077
9.4 7.2 0.137743
9.4 7.4 0.188358
9.4 7.6 0.0949208
9.4 7.8 -0.0855685
9.4 8 -0.240486
9.4 8.2 -0.033343
9.4 8.4 0

9.6 0 0
9.6 0.2 0.0113434
9.6 0.4 0.0833968
9.6 0.6 0.117476
9.6 0.8 0.162187
9.6 1 0.186492
9.6 1.2 0.169964
9.6 1.4 0.115029
9.6 1.6 0.0536025
9.6 1.8 0.0170751
9.6 2 0.0253207
9.6 2.2 0.0874927
9.6 2.4 0.178437
9.6 2.6 0.248873
9.6 2.8 0.260775
9.6 3 0.198626
9.6 3.2 0.0912421
9.6 3.4 -0.00765425
9.6 3.6 -0.0398114
9.6 3.8 0.0107952
9.6 4 0.107302
9.6 4.2 0.183005
9.6 4.4 0.177017
9.6 4.6 0.0832252
9.6 4.8 -0.0433548
9.6 5 -0.130196
9.6 5.2 -0.124424
9.6 5.4 -0.0265627
9.6 5.6 0.0986344
9.6 5.8 0.167915
9.6 6 0.129556
9.6 6.2 0.000606651
9.6 6.4 -0.142394
9.6 6.6 -0.209714
9.6 6.8 -0.159175
9.6 7 -0.0220488
9.6 7.2 0.110769
9.6 7.4 0.148903
9.6 7.6 0.056079
9.6 7.8 -0.114056
9.6 8 -0.255393
9.6 8.2 -0.0350425
9.6 8.4 0

9.8 0 0
9.8 0.2 0.00163083
9.8 0.4 0.012954
9.8 0.6 0.0958177
9.8 0.8 0.202864
9.8 1 0.274971
9.8 1.2 0.27126
9.8 1.4 0.195907
9.8 1.6 0.0976487
9.8 1.8 0.0382038
9.8 2 0.0468533
9.8 2.2 0.118002
9.8 2.4 0.211787
9.8 2.6 0.264162
9.8 2.8 0.241696
9.8 3 0.142233
9.8 3.2 0.0119529
9.8 3.4 -0.0833543
9.8 3.6 -0.0936449
9.8 3.8 -0.0147937
9.8 4 0.0965359
9.8 4.2 0.170403
9.8 4.4 0.147925
9.8 4.6 0.0362364
9.8 4.8 -0.10176
9.8 5 -0.189649
9.8 5.2 -0.177856
9.8 5.4 -0.0738066
9.8 5.6 0.0563261
9.8 5.8 0.139348
9.8 6 0.126895
9.8 6.2 0.0270482
9.8 6.4 -0.0917584
9.8 6.6 -0.153728
9.8 6.8 -0.118932
9.8 7 -0.0101068
9.8 7.2 0.0971065
9.8 7.4 0.128566
9.8 7.6 0.0562447
9.8 7.8 -0.0786193
9.8 8 -0.193104
9.8 8.2 -0.0266639
9.8 8.4 0

10 0 0
10 0.2 -0.0191574
10 0.4 -0.139853
10 0.6 -0.00678247
10 0.8 0.16434
10 1 0.282209
10 1.2 0.285464
10 1.4 0.182973
10 1.6 0.052451
10 1.8 -0.0286439
10 2 -0.0163741
10 2.2 0.0780521
10 2.4 0.192528
10 2.6 0.254929
10 2.8 0.22178
10 3 0.101754
10 3.2 -0.0398136
10 3.4 -0.127506
10 3.6 -0.116275
10 3.8 -0.0122267
10 4 0.115556
10 4.2 0.190367
10 4.4 0.157383
10 4.6 0.0329666
10 4.8 -0.119245
10 5 -0.221261
10 5.2 -0.224967
10 5.4 -0.133761
10 5.6 -0.00803737
10 5.8 0.092408
10 6 0.11305
10 6.2 0.0599454
10 6.4 -0.0229048
10 6.6 -0.0717042
10 6.8 -0.0528595
10 7 0.0183676
10 7.2 0.0940853
10 7.4 0.123113
10 7.6 0.0849181
10 7.8 0.00213286
10 8 -0.0699421
10 8.2 -0.00977178
10 8.4 0

10.2 0 0
10.2 0.2 -0.044105
10.2 0.4 -0.31996
10.2 0.6 -0.141984
10.2 0.8 0.0769813
10.2 1 0.224913
10.2 1.2 0.225089
10.2 1.4 0.0970677
10.2 1.6 -0.0693428
10.2 1.8 -0.16711
10.2 2 -0.142863
10.2 2.2 -0.0145705
10.2 2.4 0.140833
10.2 2.6 0.228614
10.2 2.8 0.203422
10.2 3 0.0838392
10.2 3.2 -0.0575013
10.2 3.4 -0.139264
10.2 3.6 -0.109987
10.2 3.8 0.0136324
10.2 4 0.156766
10.2 4.2 0.236483
10.2 4.4 0.203711
10.2 4.6 0.0728935
10.2 4.8 -0.0876811
10.2 5 -0.207134
10.2 5.2 -0.23546
10.2 5.4 -0.17533
10.2 5.6 -0.065416
10.2 5.8 0.0364802
10.2 6 0.0913796
10.2 6.2 0.086491
10.2 6.4 0.0450496
10.2 6.6 0.00905654
10.2 6.8 0.00558686
10.2 7 0.0381411
10.2 7.2 0.0816067
10.2 7.4 0.108248
10.2 7.6 0.107396
10.2 7.8 0.0832271
10.2 8 0.0593731
10.2 8.2 0.00794958
10.2 8.4 0

10.4 0 0
10.4 0.2 -0.058996
10.4 0.4 -0.429559
10.4 0.6 -0.232306
10.4 0.8 0.0073743
10.4 1 0.157277
10.4 1.2 0.142219
10.4 1.4 -0.0129278
10.4 1.6 -0.20319
10.4 1.8 -0.304803
10.4 2 -0.261506
10.4 2.2 -0.100237
10.4 2.4 0.0899962
10.4 2.6 0.204494
10.4 2.8 0.193858
10.4 3 0.0766861
10.4 3.2 -0.0632053
10.4 3.4 -0.132113
10.4 3.6 -0.0890836
10.4 3.8 0.0446732
10.4 4 0.193957
10.4 4.2 0.280762
10.4 4.4 0.255469
10.4 4.6 0.132161
10.4 4.8 -0.0259106
10.4 5 -0.152402
10.4 5.2 -0.207978
10.4 5.4 -0.183933
10.4 5.6 -0.107168
10.4 5.8 -0.0151845
10.4 6 0.0572679
10.4 6.2 0.0904731
10.4 6.4 0.0847498
10.4 6.6 0.0606981
10.4 6.8 0.0391553
10.4 7 0.0286038
10.4 7.2 0.0377774
10.4 7.4 0.05867
10.4 7.6 0.0878745
10.4 7.8 0.112691
10.4 8 0.130079
10.4 8.2 0.0178588
10.4 8.4 0

10.6 0 0
10.6 0.2 -0.0551443
10.6 0.4 -0.401511
10.6 0.6 -0.211867
10.6 0.8 0.0142254
10.6 1 0.142651
10.6 1.2 0.100875
10.6 1.4 -0.076564
10.6 1.6 -0.277629
10.6 1.8 -0.374558
10.6 2 -0.313574
10.6 2.2 -0.128435
10.6 2.4 0.082746
10.6 2.6 0.203789
10.6 2.8 0.18965
10.6 3 0.0726937
10.6 3.2 -0.0626799
10.6 3.4 -0.123666
10.6 3.6 -0.071715
10.6 3.8 0.0653986
10.6 4 0.213016
10.6 4.2 0.296516
10.6 4.4 0.277037
10.6 4.6 0.171715
10.6 4.8 0.0343812
10.6 5 -0.0846301
10.6 5.2 -0.154944
10.6 5.4 -0.164237
10.6 5.6 -0.125372
10.6 5.8 -0.0574457
10.6 6 0.012984
10.6 6.2 0.0637811
10.6 6.4 0.0841542
10.6 6.6 0.0726456
10.6 6.8 0.0351673
10.6 7 -0.0093409
10.6 7.2 -0.0341196
10.6 7.4 -0.0217781
10.6 7.6 0.0202304
10.6 7.8 0.0751154
10.6 8 0.117195
10.6 8.2 0.0159913
10.6 8.4 0

10.8 0 0
10.8 0.2 -0.0351246
10.8 0.4 -0.25361
10.8 0.6 -0.0907746
10.8 0.8 0.0941407
10.8 1 0.186987
10.8 1.2 0.117834
10.8 1.4 -0.0706495
10.8 1.6 -0.262468
10.8 1.8 -0.344222
10.8 2 -0.268121
10.8 2.2 -0.0795834
10.8 2.4 0.120998
10.8 2.6 0.222342
10.8 2.8 0.186696
10.8 3 0.0587911
10.8 3.2 -0.074145
10.8 3.4 -0.123084
10.8 3.6 -0.0658695
10.8 3.8 0.0634798
10.8 4 0.19548
10.8 4.2 0.260291
10.8 4.4 0.24285
10.8 4.6 0.157577
10.8 4.8 0.0528259
10.8 5 -0.0388804
10.8 5.2 -0.100235
10.8 5.4 -0.127022
10.8 5.6 -0.121252
10.8 5.8 -0.0883994
10.8 6 -0.0352068
10.8 6.2 0.0246357
10.8 6.4 0.0596618
10.8 6.6 0.0587218
10.8 6.8 0.0168903
10.8 7 -0.0488263
10.8 7.2 -0.0994352
10.8 7.4 -0.10447
10.8 7.6 -0.0635864
10.8 7.8 0.000131057
10.8 8 0.0495792
10.8 8.2 0.00686046
10.8 8.4 0

11 0 0
11 0.2 -0.012101
11 0.4 -0.08708
11 0.6 0.0384538
11 0.8 0.18133
11 1 0.233655
11 1.2 0.150649
11 1.4 -0.0236848
11 1.6 -0.191334
11 1.8 -0.246245
11 2 -0.162744
11 2.2 0.00835688
11 2.4 0.174576
11 2.6 0.230713
11 2.8 0.162644
11 3 0.0226098
11 3.2 -0.100248
11 3.4 -0.134026
11 3.6 -0.0695908
11 3.8 0.0484189
11 4 0.150457
11 4.2 0.185833
11 4.4 0.151098
11 4.6 0.0786762
11 4.8 0.0116711
11 5 -0.0363377
11 5.2 -0.0646536
11 5.4 -0.0853192
11 5.6 -0.101296
11 5.8 -0.100717
11 6 -0.0734779
11 6.2 -0.0216615
11 6.4 0.0232484
11 6.6 0.0371829
11 6.8 0.00511081
11 7 -0.0608728
11 7.2 -0.12057
11 7.4 -0.138121
11 7.6 -0.108827
11 7.8 -0.0519561
11 8 -0.00922124
11 8.2 -0.00136311
11 8.4 0

11.2 0 0
11.2 0.2 -0.00343984
11.2 0.4 -0.0227517
11.2 0.6 0.0763422
11.2 0.8 0.184338
11.2 1 0.218723
11.2 1.2 0.1405
11.2 1.4 -0.00818559
11.2 1.6 -0.129659
11.2 1.8 -0.151676
11.2 2 -0.063523
11.2 2.2 0.0841059
11.2 2.4 0.196227
11.2 2.6 0.200907
11.2 2.8 0.103438
11.2 3 -0.0354099
11.2 3.2 -0.135413
11.2 3.4 -0.138213
11.2 3.6 -0.0600824
11.2 3.8 0.0419361
11.2 4 0.105383
11.2 4.2 0.0952795
11.2 4.4 0.0295381
11.2 4.6 -0.0419891
11.2 4.8 -0.0761985
11.2 5 -0.0720523
11.2 5.2 -0.0547038
11.2 5.4 -0.051003
11.2 5.6 -0.0694683
11.2 5.8 -0.093798
11.2 6 -0.0933778
11.2 6.2 -0.0583466
11.2 6.4 -0.0084699
11.2 6.6 0.0265878
11.2 6.8 0.0224516
11.2 7 -0.0247285
11.2 7.2 -0.0777645
11.2 7.4 -0.105339
11.2 7.6 -0.0892255
11.2 7.8 -0.0509587
11.2 8 -0.0184157
11.2 8.2 -0.00244433
11.2 8.4 0

11.4 0 0
11.4 0.2 -0.0157
11.4 0.4 -0.112047
11.4 0.6 -0.0230443
11.4 0.8 0.072083
11.4 1 0.10466
11.4 1.2 0.0465803
11.4 1.4 -0.0595298
11.4 1.6 -0.134628
11.4 1.8 -0.120306
11.4 2 -0.0279662
11.4 2.2 0.0920474
11.4 2.4 0.157423
11.4 2.6 0.122785
11.4 2.8 0.011077
11.4 3 -0.110432
11.4 3.2 -0.169003
11.4 3.4 -0.132556
11.4 3.6 -0.0337574
11.4 3.8 0.059038
11.4 4 0.0807696
11.4 4.2 0.019992
11.4 4.4 -0.082544
11.4 4.6 -0.163599
11.4 4.8 -0.176193
11.4 5 -0.126314
11.4 5.2 -0.0575605
11.4 5.4 -0.0176075
11.4 5.6 -0.0274782
11.4 5.8 -0.0673696
11.4 6 -0.0924913
11.4 6.2 -0.0817419
11.4 6.4 -0.032666
11.4 6.6 0.0219235
11.4 6.8 0.0498852
11.4 7 0.0410709
11.4 7.2 0.0100136
11.4 7.4 -0.0145028
11.4 7.6 -0.0171139
11.4 7.8 0.00153009
11.4 8 0.0177043
11.4 8.2 0.00216207
11.4 8.4 0

11.6 0 0
11.6 0.2 -0.0410282
11.6 0.4 -0.296563
11.6 0.6 -0.204196
11.6 0.8 -0.112345
11.6 1 -0.0678158
11.6 1.2 -0.0969782
11.6 1.4 -0.161325
11.6 1.6 -0.195038
11.6 1.8 -0.15944
11.6 2 -0.0652183
11.6 2.2 0.0325794
11.6 2.4 0.0689976
11.6 2.6 0.0171216
11.6 2.8 -0.0895804
11.6 3 -0.179661
11.6 3.2 -0.191661
11.6 3.4 -0.11206
11.6 3.6 0.00975888
11.6 3.8 0.0935906
11.6 4 0.0860388
11.6 4.2 -0.0139737
11.6 4.4 -0.153571
11.6 4.6 -0.250429
11.6 4.8 -0.253083
11.6 5 -0.169088
11.6 5.2 -0.0575987
11.6 5.4 0.0176423
11.6 5.6 0.0212184
11.6 5.8 -0.029075
11.6 6 -0.078889
11.6 6.2 -0.0933542
11.6 6.4 -0.0544813
11.6 6.6 0.0143748
11.6 6.8 0.0736532
11.6 7 0.10044
11.6 7.2 0.0974928
11.6 7.4 0.0794488
11.6 7.6 0.0616539
11.6 7.8 0.0549879
11.6 8 0.0548726
11.6 8.2 0.00740725
11.6 8.4 0

11.8 0 0
11.8 0.2 -0.0613998
11.8 0.4 -0.444905
11.8 0.6 -0.345947
11.8 0.8 -0.249214
11.8 1 -0.195635
11.8 1.2 -0.207612
11.8 1.4 -0.243536
11.8 1.6 -0.260807
11.8 1.8 -0.218682
11.8 2 -0.127072
11.8 2.2 -0.0461803
11.8 2.4 -0.0205512
11.8 2.6 -0.0660322
11.8 2.8 -0.153392
11.8 3 -0.208547
11.8 3.2 -0.184945
11.8 3.4 -0.0800033
11.8 3.6 0.0514689
11.8 3.8 0.133721
11.8 4 0.108612
11.8 4.2 -0.0124751
11.8 4.4 -0.171695
11.8 4.6 -0.280299
11.8 4.8 -0.281493
11.8 5 -0.183351
11.8 5.2 -0.0495456
11.8 5.4 0.0496036
11.8 5.6 0.0677687
11.8 5.8 0.0178663
11.8 6 -0.0526928
11.8 6.2 -0.0969778
11.8 6.4 -0.0792858
11.8 6.6 -0.0134102
11.8 6.8 0.0651886
11.8 7 0.122364
11.8 7.2 0.145073
11.8 7.4 0.131835
11.8 7.6 0.0984016
11.8 7.8 0.0643621
11.8 8 0.0432315
11.8 8.2 0.00562591
11.8 8.4 0

12 0 0
12 0.2 -0.0600279
12 0.4 -0.436261
12 0.6 -0.340242
12 0.8 -0.240911
12 1 -0.188236
12 1.2 -0.19665
12 1.4 -0.23738
12 1.6 -0.261076
12 1.8 -0.231852
12 2 -0.159225
12 2.2 -0.0881066
12 2.4 -0.0546982
12 2.6 -0.082395
12 2.8 -0.142348
12 3 -0.178776
12 3.2 -0.147433
12 3.4 -0.0480606
12 3.6 0.072659
12 3.8 0.147844
12 4 0.125695
12 4.2 0.00810389
12 4.4 -0.146322
12 4.6 -0.254813
12 4.8 -0.264557
12 5 -0.172079
12 5.2 -0.0326629
12 5.4 0.0776703
12 5.6 0.108103
12 5.8 0.05798
12 6 -0.0277105
12 6.2 -0.0940868
12 6.4 -0.104695
12 6.6 -0.0542236
12 6.8 0.0281239
12 7 0.102281
12 7.2 0.138276
12 7.4 0.123392
12 7.6 0.0725406
12 7.8 0.00969871
12 8 -0.0334261
12 8.2 -0.00470945
12 8.4 0

12.2 0 0
12.2 0.2 -0.0339833
12.2 0.4 -0.246789
12.2 0.6 -0.1624
12.2 0.8 -0.0691597
12.2 1 -0.0214751
12.2 1.2 -0.0420693
12.2 1.4 -0.109153
12.2 1.6 -0.16582
12.2 1.8 -0.175051
12.2 2 -0.128509
12.2 2.2 -0.0613267
12.2 2.4 -0.0136125
12.2 2.6 -0.015912
12.2 2.8 -0.0522423
12.2 3 -0.0891925
12.2 3.2 -0.0839281
12.2 3.4 -0.0246785
12.2 3.6 0.0627957
12.2 3.8 0.125639
12.2 4 0.11788
12.2 4.2 0.0326519
12.2 4.4 -0.0937953
12.2 4.6 -0.195466
12.2 4.8 -0.217253
12.2 5 -0.150196
12.2 5.2 -0.0301824
12.2 5.4 0.0777032
12.2 5.6 0.122666
12.2 5.8 0.0885487
12.2 6 0.00532899
12.2 6.2 -0.0781805
12.2 6.4 -0.114965
12.2 6.6 -0.087592
12.2 6.8 -0.0165644
12.2 7 0.0605047
12.2 7.2 0.100188
12.2 7.4 0.0828235
12.2 7.6 0.0152296
12.2 7.8 -0.0743954
12.2 8 -0.14013
12.2 8.2 -0.0193189
12.2 8.4 0

12.4 0 0
12.4 0.2 0.00452142
12.4 0.4 0.0338578
12.4 0.6 0.105599
12.4 0.8 0.190882
12.4 1 0.231473
12.4 1.2 0.193684
12.4 1.4 0.0926354
12.4 1.6 -0.0113026
12.4 1.8 -0.0656571
12.4 2 -0.0516405
12.4 2.2 0.0120516
12.4 2.4 0.0827449
12.4 2.6 0.111149
12.4 2.8 0.0898551
12.4 3 0.0378513
12.4 3.2 -0.0105322
12.4 3.4 -0.0168795
12.4 3.6 0.0164018
12.4 3.8 0.0637755
12.4 4 0.0845178
12.4 4.2 0.0501755
12.4 4.4 -0.0311484
12.4 4.6 -0.119962
12.4 4.8 -0.163114
12.4 5 -0.134457
12.4 5.2 -0.0482474
12.4 5.4 0.0515599
12.4 5.6 0.111355
12.4 5.8 0.106057
12.4 6 0.0434028
12.4 6.2 -0.0384454
12.4 6.4 -0.0957818
12.4 6.6 -0.0954435
12.4 6.8 -0.0429183
12.4 7 0.0261578
12.4 7.2 0.0692659
12.4 7.4 0.0518883
12.4 7.6 -0.0236856
12.4 7.8 -0.1283
12.4 8 -0.210829
12.4 8.2 -0.0290374
12.4 8.4 0

12.6 0 0
12.6 0.2 0.0361737
12.6 0.4 0.26307
12.6 0.6 0.326245
12.6 0.8 0.41526
12.6 1 0.455225
12.6 1.2 0.406211
12.6 1.4 0.279519
12.6 1.6 0.13405
12.6 1.8 0.0384462
12.6 2 0.0241471
12.6 2.2 0.0850406
12.6 2.4 0.176716
12.6 2.6 0.238416
12.6 2.8 0.232803
12.6 3 0.161067
12.6 3.2 0.0568229
12.6 3.4 -0.0195635
12.6 3.6 -0.0376626
12.6 3.8 -0.00106832
12.6 4 0.0500229
12.6 4.2 0.0678507
12.6 4.4 0.0313886
12.6 4.6 -0.0442876
12.6 4.8 -0.112507
12.6 5 -0.131365
12.6 5.2 -0.0884334
12.6 5.4 -0.00511583
12.6 5.6 0.074846
12.6 5.8 0.112327
12.6 6 0.0885455
12.6 6.2 0.0212956
12.6 6.4 -0.046098
12.6 6.6 -0.0670757
12.6 6.8 -0.034978
12.6 7 0.0260863
12.6 7.2 0.0730145
12.6 7.4 0.0607901
12.6 7.6 -0.0110411
12.6 7.8 -0.11342
12.6 8 -0.199805
12.6 8.2 -0.0275642
12.6 8.4 0

12.8 0 0
12.8 0.2 0.0466856
12.8 0.4 0.339977
12.8 0.6 0.40323
12.8 0.8 0.499611
12.8 1 0.552792
12.8 1.2 0.509139
12.8 1.4 0.372456
12.8 1.6 0.205063
12.8 1.8 0.0792996
12.8 2 0.0453819
12.8 2.2 0.106327
12.8 2.4 0.219529
12.8 2.6 0.31093
12.8 2.8 0.327083
12.8 3 0.245007
12.8 3.2 0.102623
12.8 3.4 -0.0252978
12.8 3.6 -0.0825192
12.8 3.8 -0.0529953
12.8 4 0.0291041
12.8 4.2 0.0970812
12.8 4.4 0.0971033
12.8 4.6 0.025811
12.8 4.8 -0.076771
12.8 5 -0.14808
12.8 5.2 -0.148684
12.8 5.4 -0.0725617
12.8 5.6 0.0332392
12.8 5.8 0.114067
12.8 6 0.132894
12.8 6.2 0.0889411
12.8 6.4 0.0184094
12.8 6.6 -0.0220375
12.8 6.8 -0.00785643
12.8 7 0.0457447
12.8 7.2 0.100534
12.8 7.4 0.107996
12.8 7.6 0.050894
12.8 7.8 -0.0411116
12.8 8 -0.118947
12.8 8.2 -0.0163333
12.8 8.4 0

13 0 0
13 0.2 0.0356784
13 0.4 0.258595
13 0.6 0.327184
13 0.8 0.433177
13 1 0.499303
13 1.2 0.472782
13 1.4 0.349533
13 1.6 0.18715
13 1.8 0.052668
13 2 0.00639784
13 2.2 0.0636633
13 2.4 0.187081
13 2.6 0.300703
13 2.8 0.33897
13 3 0.266711
13 3.2 0.119522
13 3.4 -0.0274037
13 3.6 -0.0987886
13 3.8 -0.0677136
13 4 0.0369265
13 4.2 0.136927
13 4.4 0.158395
13 4.6 0.0826261
13 4.8 -0.0519747
13 5 -0.167757
13 5.2 -0.201154
13 5.4 -0.13211
13 5.6 -0.00301604
13 5.8 0.116499
13 6 0.16854
13 6.2 0.137481
13 6.4 0.0577581
13 6.6 -0.00234611
13 6.8 -0.00331811
13 7 0.0521528
13 7.2 0.120765
13 7.4 0.150185
13 7.6 0.115529
13 7.8 0.0414344
13 8 -0.0234307
13 8.2 -0.00329017
13 8.4 0

13.2 0 0
13.2 0.2 0.0142094
13.2 0.4 0.103547
13.2 0.6 0.17173
13.2 0.8 0.274579
13.2 1 0.342553
13.2 1.2 0.335022
13.2 1.4 0.246601
13.2 1.6 0.112943
13.2 1.8 -0.00634267
13.2 2 -0.0553293
13.2 2.2 -0.0135437
13.2 2.4 0.0985775
13.2 2.6 0.217572
13.2 2.8 0.276324
13.2 3 0.230382
13.2 3.2 0.10731
13.2 3.4 -0.024833
13.2 3.6 -0.0888316
13.2 3.8 -0.0469197
13.2 4 0.0696488
13.2 4.2 0.18259
13.2 4.4 0.210028
13.2 4.6 0.124137
13.2 4.8 -0.0334501
13.2 5 -0.178618
13.2 5.2 -0.233793
13.2 5.4 -0.16531
13.2 5.6 -0.0207383
13.2 5.8 0.118909
13.2 6 0.179261
13.2 6.2 0.144899
13.2 6.4 0.0516765
13.2 6.6 -0.0269306
13.2 6.8 -0.0400639
13.2 7 0.0180177
13.2 7.2 0.103427
13.2 7.4 0.155783
13.2 7.6 0.143755
13.2 7.8 0.0835666
13.2 8 0.0281703
13.2 8.2 0.00383687
13.2 8.4 0

13.4 0 0
13.4 0.2 -0.00331598
13.4 0.4 -0.024355
13.4 0.6 0.0248916
13.4 0.8 0.0980328
13.4 1 0.155346
13.4 1.2 0.164612
13.4 1.4 0.123311
13.4 1.6 0.0383028
13.4 1.8 -0.0479856
13.4 2 -0.0970421
13.4 2.2 -0.0789634
13.4 2.4 -0.000563598
13.4 2.6 0.101911
13.4 2.8 0.162873
13.4 3 0.147739
13.4 3.2 0.0660402
13.4 3.4 -0.0291787
13.4 3.6 -0.0666353
13.4 3.8 -0.0159319
13.4 4 0.101355
13.4 4.2 0.211245
13.4 4.4 0.23369
13.4 4.6 0.143041
13.4 4.8 -0.0229761
13.4 5 -0.174873
13.4 5.2 -0.23154
13.4 5.4 -0.165412
13.4 5.6 -0.0188913
13.4 5.8 0.119675
13.4 6 0.170863
13.4 6.2 0.113889
13.4 6.4 -0.00357523
13.4 6.6 -0.0971728
13.4 6.8 -0.11759
13.4 7 -0.051342
13.4 7.2 0.0505302
13.4 7.4 0.122002
13.4 7.6 0.122658
13.4 7.8 0.067608
13.4 8 0.014773
13.4 8.2 0.00202215
13.4 8.4 0

13.6 0 0
13.6 0.2 -0.0110612
13.6 0.4 -0.0790751
13.6 0.6 -0.0631019
13.6 0.8 -0.0432277
13.6 1 -0.0136358
13.6 1.2 0.0111682
13.6 1.4 0.0171203
13.6 1.6 -0.00144084
13.6 1.8 -0.04179
13.6 2 -0.0847477
13.6 2.2 -0.0986128
13.6 2.4 -0.0705642
13.6 2.6 -0.0121964
13.6 2.8 0.0362584
13.6 3 0.0475173
13.6 3.2 0.0069019
13.6 3.4 -0.0433358
13.6 3.6 -0.0550818
13.6 3.8 -0.000624681
13.6 4 0.106137
13.6 4.2 0.20151
13.6 4.4 0.215969
13.6 4.6 0.130171
13.6 4.8 -0.0202754
13.6 5 -0.154906
13.6 5.2 -0.202538
13.6 5.4 -0.136191
13.6 5.6 2.57568e-05
13.6 5.8 0.116938
13.6 6 0.141435
13.6 6.2 0.058383
13.6 6.4 -0.0791052
13.6 6.6 -0.179687
13.6 6.8 -0.192109
13.6 7 -0.112392
13.6 7.2 0.00235473
13.6 7.4 0.0811842
13.6 7.6 0.0824457
13.6 7.8 0.0216619
13.6 8 -0.0372081
13.6 8.2 -0.00512816
13.6 8.4 0

13.8 0 0
13.8 0.2 -0.0116312
13.8 0.4 -0.0824623
13.8 0.6 -0.110802
13.8 0.8 -0.151473
13.8 1 -0.158266
13.8 1.2 -0.126051
13.8 1.4 -0.0671057
13.8 1.6 -0.0132186
13.8 1.8 -0.00208768
13.8 2 -0.0325081
13.8 2.2 -0.0760087
13.8 2.4 -0.10424
13.8 2.6 -0.0987161
13.8 2.8 -0.0759123
13.8 3 -0.0538919
13.8 3.2 -0.0601952
13.8 3.4 -0.0739185
13.8 3.6 -0.0678125
13.8 3.8 -0.0169024
13.8 4 0.0668562
13.8 4.2 0.144066
13.8 4.4 0.159524
13.8 4.6 0.0936524
13.8 4.8 -0.0229376
13.8 5 -0.126493
13.8 5.2 -0.154943
13.8 5.4 -0.0880157
13.8 5.6 0.022765
13.8 5.8 0.104587
13.8 6 0.0991614
13.8 6.2 -0.00357158
13.8 6.4 -0.14091
13.8 6.6 -0.228923
13.8 6.8 -0.219482
13.8 7 -0.120194
13.8 7.2 0.00348382
13.8 7.4 0.0766733
13.8 7.6 0.0671129
13.8 7.8 -0.0092295
13.8 8 -0.0808603
13.8 8.2 -0.0111643
13.8 8.4 0

14 0 0
14 0.2 -0.0121589
14 0.4 -0.0874434
14 0.6 -0.156898
14 0.8 -0.248451
14 1 -0.291237
14 1.2 -0.252999
14 1.4 -0.14325
14 1.6 -0.0235036
14 1.8 0.0412989
14 2 0.0283828
14 2.2 -0.0411839
14 2.4 -0.116543
14 2.6 -0.158812
14 2.8 -0.160733
14 3 -0.135024
14 3.2 -0.115933
14 3.4 -0.108585
14 3.6 -0.0989758
14 3.8 -0.0636644
14 4 -0.00435685
14 4.2 0.0552728
14 4.4 0.0765948
14 4.6 0.0418589
14 4.8 -0.0305577
14 5 -0.0958119
14 5.2 -0.103437
14 5.4 -0.0477772
14 5.6 0.0317207
14 5.8 0.0781007
14 6 0.0507403
14 6.2 -0.052383
14 6.4 -0.165576
14 6.6 -0.219634
14 6.8 -0.174729
14 7 -0.057657
14 7.2 0.0659238
14 7.4 0.125473
14 7.6 0.0921454
14 7.8 -0.00392675
14 8 -0.0898425
14 8.2 -0.0123901
14 8.4 0

14.2 0 0
14.2 0.2 -0.0161141
14.2 0.4 -0.11587
14.2 0.6 -0.209653
14.2 0.8 -0.337914
14.2 1 -0.404799
14.2 1.2 -0.359491
14.2 1.4 -0.215377
14.2 1.6 -0.0469535
14.2 1.8 0.0577186
14.2 2 0.0603494
14.2 2.2 -0.021545
14.2 2.4 -0.123605
14.2 2.6 -0.191587
14.2 2.8 -0.204437
14.2 3 -0.173209
14.2 3.2 -0.139195
14.2 3.4 -0.121527
14.2 3.6 -0.118098
14.2 3.8 -0.109436
14.2 4 -0.0794863
14.2 4.2 -0.0357165
14.2 4.4 -0.00531371
14.2 4.6 -0.00579755
14.2 4.8 -0.0339389
14.2 5 -0.0667253
14.2 5.2 -0.0645963
14.2 5.4 -0.0306775
14.2 5.6 0.0184382
14.2 5.8 0.0361861
14.2 6 -0.000182492
14.2 6.2 -0.0813091
14.2 6.4 -0.150218
14.2 6.6 -0.157714
14.2 6.8 -0.0779467
14.2 7 0.0522482
14.2 7.2 0.16518
14.2 7.4 0.198132
14.2 7.6 0.135349
14.2 7.8 0.0173076
14.2 8 -0.0798844
14.2 8.2 -0.01102
14.2 8.4 0

14.4 0 0
14.4 0.2 -0.0182748
14.4 0.4 -0.131215
14.4 0.6 -0.233438
14.4 0.8 -0.378067
14.4 1 -0.456791
14.4 1.2 -0.411312
14.4 1.4 -0.25879
14.4 1.6 -0.0756681
14.4 1.8 0.0451698
14.4 2 0.0551345
14.4 2.2 -0.0254781
14.4 2.4 -0.131134
14.4 2.6 -0.196212
14.4 2.8 -0.198554
14.4 3 -0.152798
14.4 3.2 -0.10601
14.4 3.4 -0.0904063
14.4 3.6 -0.10377
14.4 3.8 -0.124006
14.4 4 -0.122413
14.4 4.2 -0.0917599
14.4 4.4 -0.0527528
14.4 4.6 -0.0278069
14.4 4.8 -0.0235265
14.4 5 -0.0370736
14.4 5.2 -0.0411321
14.4 5.4 -0.0312085
14.4 5.6 -0.0145893
14.4 5.8 -0.0176502
14.4 6 -0.0507641
14.4 6.2 -0.0976409
14.4 6.4 -0.121564
14.4 6.6 -0.0821007
14.4 6.8 0.0240472
14.4 7 0.151227
14.4 7.2 0.239895
14.4 7.4 0.237034
14.4 7.6 0.146251
14.4 7.8 0.0105692
14.4 8 -0.093236
14.4 8.2 -0.0127593
14.4 8.4 0

14.6 0 0
14.6 0.2 -0.0100042
14.6 0.4 -0.0735032
14.6 0.6 -0.179321
14.6 0.8 -0.322006
14.6 1 -0.402264
14.6 1.2 -0.368496
14.6 1.4 -0.232776
14.6 1.6 -0.0709705
14.6 1.8 0.0320292
14.6 2 0.038634
14.6 2.2 -0.034926
14.6 2.4 -0.123019
14.6 2.6 -0.162927
14.6 2.8 -0.138635
14.6 3 -0.0743216
14.6 3.2 -0.0218098
14.6 3.4 -0.0139309
14.6 3.6 -0.0464168
14.6 3.8 -0.0963853
14.6 4 -0.117911
14.6 4.2 -0.096987
14.6 4.4 -0.0546859
14.6 4.6 -0.0130292
14.6 4.8 0.00538626
14.6 5 -0.00251592
14.6 5.2 -0.0193994
14.6 5.4 -0.0373678
14.6 5.6 -0.0515718
14.6 5.8 -0.0698568
14.6 6 -0.09229
14.6 6.2 -0.10831
14.6 6.4 -0.0968253
14.6 6.6 -0.0305336
14.6 6.8 0.075285
14.6 7 0.181966
14.6 7.2 0.238251
14.6 7.4 0.202324
14.6 7.6 0.0901037
14.6 7.8 -0.0517997
14.6 8 -0.154131
14.6 8.2 -0.0211017
14.6 8.4 0

14.8 0 0
14.8 0.2 0.0100674
14.8 0.4 0.0728943
14.8 0.6 -0.0267007
14.8 0.8 -0.155046
14.8 1 -0.23289
14.8 1.2 -0.217373
14.8 1.4 -0.126319
14.8 1.6 -0.01343
14.8 1.8 0.0435641
14.8 2 0.030917
14.8 2.2 -0.0355181
14.8 2.4 -0.092652
14.8 2.6 -0.0954882
14.8 2.8 -0.0375919
14.8 3 0.0440262
14.8 3.2 0.0986016
14.8 3.4 0.0939114
14.8 3.6 0.0394399
14.8 3.8 -0.0316712
14.8 4 -0.0721438
14.8 4.2 -0.0638489
14.8 4.4 -0.0205064
14.8 4.6 0.026635
14.8 4.8 0.0503111
14.8 5 0.0417266
14.8 5.2 0.00879417
14.8 5.4 -0.0320936
14.8 5.6 -0.0704997
14.8 5.8 -0.0974966
14.8 6 -0.113142
14.8 6.2 -0.114324
14.8 6.4 -0.0870154
14.8 6.6 -0.0225997
14.8 6.8 0.0638352
14.8 7 0.137753
14.8 7.2 0.157623
14.8 7.4 0.100359
14.8 7.6 -0.0173945
14.8 7.8 -0.143501
14.8 8 -0.233356
14.8 8.2 -0.032283
14.8 8.4 0

15 0 0
15 0.2 0.0347507
15 0.4 0.252311
15 0.6 0.165384
15 0.8 0.059963
15 1 -0.00988215
15 1.2 -0.0125433
15 1.4 0.0279467
15 1.6 0.0720377
15 1.8 0.0762247
15 2 0.037802
15 2.2 -0.0172544
15 2.4 -0.0398957
15 2.6 -0.00600493
15 2.8 0.0757819
15 3 0.165031
15 3.2 0.21501
15 3.4 0.195231
15 3.6 0.120868
15 3.8 0.0353809
15 4 -0.0145688
15 4.2 -0.014814
15 4.4 0.0273345
15 4.6 0.0745211
15 4.8 0.0963794
15 5 0.0865447
15 5.2 0.0477496
15 5.4 -0.00413847
15 5.6 -0.0527313
15 5.8 -0.086068
15 6 -0.103823
15 6.2 -0.106329
15 6.4 -0.0897823
15 6.6 -0.049247
15 6.8 0.00499624
15 7 0.0448636
15 7.2 0.039932
15 7.4 -0.0180633
15 7.6 -0.113328
15 7.8 -0.199919
15 8 -0.0599168
15 8.2 0
15 8.4 0

15.2 0 0
15.2 0.2 0.0496798
15.2 0.4 0.360735
15.2 0.6 0.294264
15.2 0.8 0.223489
15.2 1 0.173987
15.2 1.2 0.156047
15.2 1.4 0.152671
15.2 1.6 0.139628
15.2 1.8 0.0991427
15.2 2 0.0420247
15.2 2.2 0.00273148
15.2 2.4 0.00721749
15.2 2.6 0.0671262
15.2 2.8 0.159201
15.2 3 0.243477
15.2 3.2 0.279002
15.2 3.4 0.250044
15.2 3.6 0.167432
15.2 3.8 0.0802572
15.2 4 0.027563
15.2 4.2 0.0219368
15.2 4.4 0.0565032
15.2 4.6 0.0970216
15.2 4.8 0.120777
15.2 5 0.116019
15.2 5.2 0.0858163
15.2 5.4 0.0396855
15.2 5.6 -0.00630971
15.2 5.8 -0.0432612
15.2 6 -0.0697123
15.2 6.2 -0.0854088
15.2 6.4 -0.0877663
15.2 6.6 -0.0752038
15.2 6.8 -0.0535071
15.2 7 -0.0401954
15.2 7.2 -0.0476162
15.2 7.4 -0.0843572
15.2 7.6 -0.142183
15.2 7.8 -0.192523
15.2 8 -0.026538
15.2 8.2 0
15.2 8.4 0

15.4 0 0
15.4 0.2 0.0440682
15.4 0.4 0.318776
15.4 0.6 0.280641
15.4 0.8 0.249102
15.4 1 0.227892
15.4 1.2 0.207786
15.4 1.4 0.180026
15.4 1.6 0.138655
15.4 1.8 0.079955
15.4 2 0.0242404
15.4 2.2 0.00306661
15.4 2.4 0.0284355
15.4 2.6 0.097437
15.4 2.8 0.180293
15.4 3 0.245518
15.4 3.2 0.264057
15.4 3.4 0.231388
15.4 3.6 0.158781
15.4 3.8 0.0870492
15.4 4 0.0404804
15.4 4.2 0.0300338
15.4 4.4 0.0504925
15.4 4.6 0.0825217
15.4 4.8 0.10713
15.4 5 0.11746
15.4 5.2 0.106057
15.4 5.4 0.0782102
15.4 5.6 0.0455135
15.4 5.8 0.0102896
15.4 6 -0.0219254
15.4 6.2 -0.053027
15.4 6.4 -0.0763891
15.4 6.6 -0.08557
15.4 6.8 -0.0800224
15.4 7 -0.0705865
15.4 7.2 -0.0654779
15.4 7.4 -0.0664932
15.4 7.6 -0.0752415
15.4 7.8 -0.0813318
15.4 8 -0.0113072
15.4 8.2 0
15.4 8.4 0

15.6 0 0
15.6 0.2 0.0189
15.6 0.4 0.13588
15.6 0.6 0.130314
15.6 0.8 0.132396
15.6 1 0.134536
15.6 1.2 0.122876
15.6 1.4 0.0961111
15.6 1.6 0.0553872
15.6 1.8 0.00993863
15.6 2 -0.0226928
15.6 2.2 -0.0227136
15.6 2.4 0.013735
15.6 2.6 0.0717731
15.6 2.8 0.129207
15.6 3 0.168725
15.6 3.2 0.176653
15.6 3.4 0.152275
15.6 3.6 0.10984
15.6 3.8 0.0657255
15.6 4 0.0288345
15.6 4.2 0.0125509
15.6 4.4 0.0157176
15.6 4.6 0.0318497
15.6 4.8 0.0555129
15.6 5 0.0788319
15.6 5.2 0.0933611
15.6 5.4 0.092504
15.6 5.6 0.0748662
15.6 5.8 0.0467394
15.6 6 0.00976494
15.6 6.2 -0.0268861
15.6 6.4 -0.0549559
15.6 6.6 -0.0686458
15.6 6.8 -0.0627279
15.6 7 -0.0423672
15.6 7.2 -0.0206716
15.6 7.4 0.012487
15.6 7.6 0.0488519
15.6 7.8 0.0873553
15.6 8 0.011879
15.6 8.2 0
15.6 8.4 0

15.8 0 0
15.8 0.2 -0.0115182
15.8 0.4 -0.0853649
15.8 0.6 -0.068163
15.8 0.8 -0.0496492
15.8 1 -0.0374703
15.8 1.2 -0.0379416
15.8 1.4 -0.053166
15.8 1.6 -0.0733517
15.8 1.8 -0.0869018
15.8 2 -0.0806701
15.8 2.2 -0.0575088
15.8 2.4 -0.023529
15.8 2.6 0.00720451
15.8 2.8 0.0287003
15.8 3 0.0425266
15.8 3.2 0.0469125
15.8 3.4 0.0460497
15.8 3.6 0.0466284
15.8 3.8 0.0358172
15.8 4 0.0148674
15.8 4.2 -0.0128355
15.8 4.4 -0.0341001
15.8 4.6 -0.0373651
15.8 4.8 -0.0206674
15.8 5 0.0130915
15.8 5.2 0.0503023
15.8 5.4 0.0715456
15.8 5.6 0.0673342
15.8 5.8 0.043087
15.8 6 0.0114207
15.8 6.2 -0.0159237
15.8 6.4 -0.0303056
15.8 6.6 -0.0275344
15.8 6.8 -0.0103337
15.8 7 0.0180552
15.8 7.2 0.0458564
15.8 7.4 0.0836506
15.8 7.6 0.137789
15.8 7.8 0.217447
15.8 8 0.0299476
15.8 8.2 0
15.8 8.4 0

16 0 0
16 0.2 -0.0295821
16 0.4 -0.215276
16 0.6 -0.194662
16 0.8 -0.183633
16 1 -0.182953
16 1.2 -0.18665
16 1.4 -0.190032
16 1.6 -0.177828
16 1.8 -0.149197
16 2 -0.110544
16 2.2 -0.0763557
16 2.4 -0.0574312
16 2.6 -0.0617218
16 2.8 -0.0803707
16 3 -0.0903764
16 3.2 -0.0767933
16 3.4 -0.0391134
16 3.6 0.00523338
16 3.8 0.0319777
16 4 0.0220496
16 4.2 -0.0220736
16 4.4 -0.0745909
16 4.6 -0.10501
16 4.8 -0.0952991
16 5 -0.0529075
16 5.2 -0.00429621
16 5.4 0.0260561
16 5.6 0.0257548
16 5.8 0.00444407
16 6 -0.0223152
16 6.2 -0.0300903
16 6.4 -0.0112329
16 6.6 0.021118
16 6.8 0.0523631
16 7 0.0784564
16 7.2 0.089889
16 7.4 0.0985269
16 7.6 0.112194
16 7.8 0.0454272
16 8 0
16 8.2 0
16 8.4 0

16.2 0 0
16.2 0.2 -0.02576
16.2 0.4 -0.187027
16.2 0.6 -0.185849
16.2 0.8 -0.201727
16.2 1 -0.228702
16.2 1.2 -0.248271
16.2 1.4 -0.244675
16.2 1.6 -0.209968
16.2 1.8 -0.147208
16.2 2 -0.0834719
16.2 2.2 -0.0490969
16.2 2.4 -0.0592095
16.2 2.6 -0.104675
16.2 2.8 -0.161387
16.2 3 -0.188226
16.2 3.2 -0.156665
16.2 3.4 -0.0780303
16.2 3.6 0.00886014
16.2 3.8 0.0590993
16.2 4 0.048309
16.2 4.2 -0.0173694
16.2 4.4 -0.0956078
16.2 4.6 -0.148764
16.2 4.8 -0.145099
16.2 5 -0.0982639
16.2 5.2 -0.0435903
16.2 5.4 -0.0144105
16.2 5.6 -0.0249112
16.2 5.8 -0.055348
16.2 6 -0.0746724
16.2 6.2 -0.0573431
16.2 6.4 -7.49757e-05
16.2 6.6 0.0683342
16.2 6.8 0.119999
16.2 7 0.132744
16.2 7.2 0.104222
16.2 7.4 0.059868
16.2 7.6 0.0277301
16.2 7.8 0.00379625
16.2 8 0
16.2 8.2 0
16.2 8.4 0

16.4 0 0
16.4 0.2 -0.0062461
16.4 0.4 -0.0448731
16.4 0.6 -0.0724598
16.4 0.8 -0.123103
16.4 1 -0.178051
16.4 1.2 -0.216785
16.4 1.4 -0.214172
16.4 1.6 -0.164516
16.4 1.8 -0.0852177
16.4 2 -0.0127514
16.4 2.2 0.0110716
16.4 2.4 -0.0293071
16.4 2.6 -0.114034
16.4 2.8 -0.196374
16.4 3 -0.224185
16.4 3.2 -0.175708
16.4 3.4 -0.0667817
16.4 3.6 0.0470748
16.4 3.8 0.10418
16.4 4 0.0836211
16.4 4.2 -0.00584676
16.4 4.4 -0.103855
16.4 4.6 -0.16037
16.4 4.8 -0.155581
16.4 5 -0.100001
16.4 5.2 -0.0460044
16.4 5.4 -0.0302283
16.4 5.6 -0.0605868
16.4 5.8 -0.106683
16.4 6 -0.120684
16.4 6.2 -0.0782871
16.4 6.4 0.0169198
16.4 6.6 0.114613
16.4 6.8 0.174575
16.4 7 0.167262
16.4 7.2 0.0957862
16.4 7.4 -0.000799703
16.4 7.6 -0.0784598
16.4 7.8 -0.0107509
16.4 8 0
16.4 8.2 0
16.4 8.4 0

16.6 0 0
16.6 0.2 0.0123074
16.6 0.4 0.0914726
16.6 0.6 0.0461642
16.6 0.8 -0.0258471
16.6 1 -0.0994723
16.6 1.2 -0.146218
16.6 1.4 -0.141798
16.6 1.6 -0.0844423
16.6 1.8 -0.000763765
16.6 2 0.0683182
16.6 2.2 0.076892
16.6 2.4 0.0112727
16.6 2.6 -0.0925438
16.6 2.8 -0.184969
16.6 3 -0.209422
16.6 3.2 -0.146482
16.6 3.4 -0.0223829
16.6 3.6 0.0957407
16.6 3.8 0.142011
16.6 4 0.0975762
16.6 4.2 -0.00525985
16.6 4.4 -0.106465
16.6 4.6 -0.152057
16.6 4.8 -0.124612
16.6 5 -0.0502978
16.6 5.2 0.00329405
16.6 5.4 -0.000643501
16.6 5.6 -0.0613904
16.6 5.8 -0.128451
16.6 6 -0.144879
16.6 6.2 -0.0849025
16.6 6.4 0.0351158
16.6 6.6 0.154633
16.6 6.8 0.217228
16.6 7 0.188879
16.6 7.2 0.0879354
16.6 7.4 -0.0379847
16.6 7.6 -0.155296
16.6 7.8 -0.0214451
16.6 8 0
16.6 8.2 0
16.6 8.4 0

16.8 0 0
16.8 0.2 0.0161881
16.8 0.4 0.118538
16.8 0.6 0.0742908
16.8 0.8 0.00806009
16.8 1 -0.0583755
16.8 1.2 -0.0949721
16.8 1.4 -0.0838938
16.8 1.6 -0.0231837
16.8 1.8 0.0558893
16.8 2 0.116863
16.8 2.2 0.10966
16.8 2.4 0.0376622
16.8 2.6 -0.0691153
16.8 2.8 -0.151132
16.8 3 -0.162106
16.8 3.2 -0.0890102
16.8 3.4 0.0306507
16.8 3.6 0.13031
16.8 3.8 0.151153
16.8 4 0.084721
16.8 4.2 -0.0271041
16.8 4.4 -0.116157
16.8 4.6 -0.126689
16.8 4.8 -0.0625105
16.8 5 0.032517
16.8 5.2 0.0871155
16.8 5.4 0.0623169
16.8 5.6 -0.0269096
16.8 5.8 -0.119715
16.8 6 -0.143892
16.8 6.2 -0.0750422
16.8 6.4 0.0557607
16.8 6.6 0.176943
16.8 6.8 0.22792
16.8 7 0.183139
16.8 7.2 0.0767803
16.8 7.4 -0.019899
16.8 7.6 -0.0240287
16.8 7.8 0
16.8 8 0
16.8 8.2 0
16.8 8.4 0

17 0 0
17 0.2 0.00386825
17 0.4 0.0281055
17 0.6 0.00468521
17 0.8 -0.0324461
17 1 -0.0688486
17 1.2 -0.0833329
17 1.4 -0.0632741
17 1.6 -0.00831217
17 1.8 0.0626044
17 2 0.108683
17 2.2 0.0978883
17 2.4 0.0359434
17 2.6 -0.049032
17 2.8 -0.106488
17 3 -0.0950668
17 3.2 -0.0190988
17 3.4 0.0817873
17 3.6 0.146789
17 3.8 0.130756
17 4 0.042801
17 4.2 -0.0647786
17 4.4 -0.123809
17 4.6 -0.0929875
17 4.8 0.00777909
17 5 0.12027
17 5.2 0.174522
17 5.4 0.131109
17 5.6 0.0167684
17 5.8 -0.092933
17 6 -0.125314
17 6.2 -0.0585051
17 6.4 0.0683717
17 6.6 0.175995
17 6.8 0.199854
17 7 0.128456
17 7.2 0.0144532
17 7.4 -0.062773
17 7.6 -0.0083536
17 7.8 0
17 8 0
17 8.2 0
17 8.4 0

17.2 0 0
17.2 0.2 -0.0115501
17.2 0.4 -0.085269
17.2 0.6 -0.0820198
17.2 0.8 -0.0826821
17.2 1 -0.0826693
17.2 1.2 -0.0771541
17.2 1.4 -0.058121
17.2 1.6 -0.0173497
17.2 1.8 0.0296542
17.2 2 0.0589689
17.2 2.2 0.0512149
17.2 2.4 0.0100801
17.2 2.6 -0.035774
17.2 2.8 -0.0578891
17.2 3 -0.0248073
17.2 3.2 0.0457485
17.2 3.4 0.120125
17.2 3.6 0.147817
17.2 3.8 0.0979152
17.2 4 -0.00329805
17.2 4.2 -0.0994042
17.2 4.4 -0.12715
17.2 4.6 -0.0614838
17.2 4.8 0.0654822
17.2 5 0.186242
17.2 5.2 0.231503
17.2 5.4 0.171031
17.2 5.6 0.043598
17.2 5.8 -0.069876
17.2 6 -0.100666
17.2 6.2 -0.0379171
17.2 6.4 0.0696482
17.2 6.6 0.144419
17.2 6.8 0.131264
17.2 7 0.0268901
17.2 7.2 -0.0906343
17.2 7.4 -0.132847
17.2 7.6 -0.0184657
17.2 7.8 0
17.2 8 0
17.2 8.2 0
17.2 8.4 0

17.4 0 0
17.4 0.2 -0.0138108
17.4 0.4 -0.100789
17.4 0.6 -0.0784819
17.4 0.8 -0.0541459
17.4 1 -0.0350414
17.4 1.2 -0.0256359
17.4 1.4 -0.0219768
17.4 1.6 -0.0133236
17.4 1.8 0.00155068
17.4 2 0.0118778
17.4 2.2 0.0053918
17.4 2.4 -0.00994874
17.4 2.6 -0.01784
17.4 2.8 -0.0034493
17.4 3 0.0441925
17.4 3.2 0.108241
17.4 3.4 0.149452
17.4 3.6 0.139826
17.4 3.8 0.0683412
17.4 4 -0.0360071
17.4 4.2 -0.114395
17.4 4.4 -0.117472
17.4 4.6 -0.031853
17.4 4.8 0.102117
17.4 5 0.211017
17.4 5.2 0.23717
17.4 5.4 0.163999
17.4 5.6 0.0388332
17.4 5.8 -0.0623752
17.4 6 -0.0843182
17.4 6.2 -0.0241741
17.4 6.4 0.066838
17.4 6.6 0.104829
17.4 6.8 0.0454996
17.4 7 -0.096236
17.4 7.2 -0.233381
17.4 7.4 -0.0505496
17.4 7.6 0
17.4 7.8 0
17.4 8 0
17.4 8.2 0
17.4 8.4 0

17.6 0 0
17.6 0.2 0.00436138
17.6 0.4 0.0314221
17.6 0.6 0.0512353
17.6 0.8 0.0784536
17.6 1 0.0967109
17.6 1.2 0.0899763
17.6 1.4 0.0650656
17.6 1.6 0.0324713
17.6 1.8 0.00954438
17.6 2 -0.00253576
17.6 2.2 -0.00777381
17.6 2.4 -0.00220497
17.6 2.6 0.0160064
17.6 2.8 0.0550719
17.6 3 0.107989
17.6 3.2 0.156342
17.6 3.4 0.17066
17.6 3.6 0.136791
17.6 3.8 0.0528633
17.6 4 -0.0408716
17.6 4.2 -0.100315
17.6 4.4 -0.0880154
17.6 4.6 -0.00287673
17.6 4.8 0.110336
17.6 5 0.190343
17.6 5.2 0.192302
17.6 5.4 0.113816
17.6 5.6 0.00425138
17.6 5.8 -0.0736693
17.6 6 -0.0740865
17.6 6.2 -0.00714202
17.6 6.4 0.0630147
17.6 6.6 0.0730855
17.6 6.8 -0.0194964
17.6 7 -0.19052
17.6 7.2 -0.370892
17.6 7.4 -0.0509385
17.6 7.6 0
17.6 7.8 0
17.6 8 0
17.6 8.2 0
17.6 8.4 0

17.8 0 0
17.8 0.2 0.0329527
17.8 0.4 0.238492
17.8 0.6 0.241383
17.8 0.8 0.25923
17.8 1 0.263204
17.8 1.2 0.231934
17.8 1.4 0.17236
17.8 1.6 0.104909
17.8 1.8 0.0512987
17.8 2 0.0181645
17.8 2.2 0.0114191
17.8 2.4 0.024242
17.8 2.6 0.0589965
17.8 2.8 0.104964
17.8 3 0.14852
17.8 3.2 0.174857
17.8 3.4 0.16725
17.8 3.6 0.123089
17.8 3.8 0.0463672
17.8 4 -0.0273716
17.8 4.2 -0.067613
17.8 4.4 -0.0497804
17.8 4.6 0.0191764
17.8 4.8 0.0986106
17.8 5 0.142568
17.8 5.2 0.120195
17.8 5.4 0.0445831
17.8 5.6 -0.0421483
17.8 5.8 -0.0866272
17.8 6 -0.0649675
17.8 6.2 0.00461778
17.8 6.4 0.062946
17.8 6.6 0.0607796
17.8 6.8 -0.0297668
17.8 7 -0.201502
17.8 7.2 -0.459149
17.8 7.4 -0.0632738
17.8 7.6 0
17.8 7.8 0
17.8 8 0
17.8 8.2 0
17.8 8.4 0

18 0 0
18 0.2 0.0510335
18 0.4 0.371665
18 0.6 0.36557
18 0.8 0.371485
18 1 0.357285
18 1.2 0.311479
18 1.4 0.238849
18 1.6 0.155326
18 1.8 0.0867352
18 2 0.04577
18 2.2 0.0392279
18 2.4 0.0574218
18 2.6 0.089392
18 2.8 0.122607
18 3 0.146265
18 3.2 0.149134
18 3.4 0.130608
18 3.6 0.0896377
18 3.8 0.0337591
18 4 -0.0125822
18 4.2 -0.0314191
18 4.4 -0.0102204
18 4.6 0.0354384
18 4.8 0.0786316
18 5 0.0879186
18 5.2 0.0485885
18 5.4 -0.0151918
18 5.6 -0.0711821
18 5.8 -0.084457
18 6 -0.0471878
18 6.2 0.0163954
18 6.4 0.0624785
18 6.6 0.0575372
18 6.8 0.00643209
18 7 -0.0515377
18 7.2 -0.070228
18 7.4 0
18 7.6 0
18 7.8 0
18 8 0
18 8.2 0
18 8.4 0

18.2 0 0
18.2 0.2 0.0432733
18.2 0.4 0.316135
18.2 0.6 0.31507
18.2 0.8 0.320802
18.2 1 0.312557
18.2 1.2 0.276832
18.2 1.4 0.212249
18.2 1.6 0.14015
18.2 1.8 0.0859361
18.2 2 0.0557403
18.2 2.2 0.0542533
18.2 2.4 0.0697309
18.2 2.6 0.0888798
18.2 2.8 0.0987365
18.2 3 0.0974881
18.2 3.2 0.0833196
18.2 3.4 0.0592856
18.2 3.6 0.0295783
18.2 3.8 0.00203025
18.2 4 -0.0165608
18.2 4.2 -0.013635
18.2 4.4 0.00848629
18.2 4.6 0.0361489
18.2 4.8 0.0515994
18.2 5 0.0425649
18.2 5.2 0.00330731
18.2 5.4 -0.0429012
18.2 5.6 -0.0704587
18.2 5.8 -0.0592586
18.2 6 -0.0215508
18.2 6.2 0.0201813
18.2 6.4 0.0391365
18.2 6.6 0.0217535
18.2 6.8 -0.00678498
18.2 7 0.00896446
18.2 7.2 0.00131374
18.2 7.4 0
18.2 7.6 0
18.2 7.8 0
18.2 8 0
18.2 8.2 0
18.2 8.4 0

18.4 0 0
18.4 0.2 0.0111918
18.4 0.4 0.0817611
18.4 0.6 0.097948
18.4 0.8 0.121235
18.4 1 0.133821
18.4 1.2 0.128068
18.4 1.4 0.0988756
18.4 1.6 0.0636599
18.4 1.8 0.042798
18.4 2 0.0380142
18.4 2.2 0.0474069
18.4 2.4 0.0566579
18.4 2.6 0.0586894
18.4 2.8 0.0456448
18.4 3 0.0229517
18.4 3.2 -0.005326
18.4 3.4 -0.0298728
18.4 3.6 -0.0452021
18.4 3.8 -0.0474904
18.4 4 -0.0381407
18.4 4.2 -0.0174983
18.4 4.4 0.00750235
18.4 4.6 0.0287543
18.4 4.8 0.0331783
18.4 5 0.020592
18.4 5.2 -0.00785658
18.4 5.4 -0.0295836
18.4 5.6 -0.0351688
18.4 5.8 -0.0170034
18.4 6 0.0099091
18.4 6.2 0.0208779
18.4 6.4 -0.00205709
18.4 6.6 -0.0560844
18.4 6.8 -0.104717
18.4 7 -0.0130323
18.4 7.2 0
18.4 7.4 0
18.4 7.6 0
18.4 7.8 0
18.4 8 0
18.4 8.2 0
18.4 8.4 0

18.6 0 0
18.6 0.2 -0.026977
18.6 0.4 -0.196865
18.6 0.6 -0.16093
18.6 0.8 -0.116249
18.6 1 -0.0783956
18.6 1.2 -0.0526948
18.6 1.4 -0.0381559
18.6 1.6 -0.0253158
18.6 1.8 -0.00908937
18.6 2 0.0129296
18.6 2.2 0.0289365
18.6 2.4 0.0331982
18.6 2.6 0.01733
18.6 2.8 -0.0167596
18.6 3 -0.0558981
18.6 3.2 -0.0893923
18.6 3.4 -0.109992
18.6 3.6 -0.111255
18.6 3.8 -0.0946335
18.6 4 -0.067376
18.6 4.2 -0.03592
18.6 4.4 -0.00673191
18.6 4.6 0.0146969
18.6 4.8 0.0210976
18.6 5 0.0190105
18.6 5.2 0.0104694
18.6 5.4 0.0102595
18.6 5.6 0.017868
18.6 5.8 0.0319467
18.6 6 0.0400657
18.6 6.2 0.0179926
18.6 6.4 -0.0370276
18.6 6.6 -0.120898
18.6 6.8 -0.193515
18.6 7 -0.0266454
18.6 7.2 0
18.6 7.4 0
18.6 7.6 0
18.6 7.8 0
18.6 8 0
18.6 8.2 0
18.6 8.4 0

18.8 0 0
18.8 0.2 -0.0481798
18.8 0.4 -0.350762
18.8 0.6 -0.306552
18.8 0.8 -0.260006
18.8 1 -0.210004
18.8 1.2 -0.161036
18.8 1.4 -0.117414
18.8 1.6 -0.0745598
18.8 1.8 -0.0311023
18.8 2 0.00608518
18.8 2.2 0.0241103
18.8 2.4 0.0173652
18.8 2.6 -0.0122156
18.8 2.8 -0.0564619
18.8 3 -0.104408
18.8 3.2 -0.139037
18.8 3.4 -0.151184
18.8 3.6 -0.145247
18.8 3.8 -0.123592
18.8 4 -0.0923158
18.8 4.2 -0.0585611
18.8 4.4 -0.0282476
18.8 4.6 -0.00239832
18.8 4.8 0.0134858
18.8 5 0.0295909
18.8 5.2 0.0392383
18.8 5.4 0.0523476
18.8 5.6 0.0631022
18.8 5.8 0.0666559
18.8 6 0.058894
18.8 6.2 0.0223291
18.8 6.4 -0.0388232
18.8 6.6 -0.12866
18.8 6.8 -0.0442545
18.8 7 0
18.8 7.2 0
18.8 7.4 0
18.8 7.6 0
18.8 7.8 0
18.8 8 0
18.8 8.2 0
18.8 8.4 0

19 0 0
19 0.2 -0.041008
19 0.4 -0.298282
19 0.6 -0.267344
19 0.8 -0.23656
19 1 -0.19854
19 1.2 -0.153646
19 1.4 -0.101045
19 1.6 -0.0468832
19 1.8 0.00527383
19 2 0.0422368
19 2.2 0.0504742
19 2.4 0.0303339
19 2.6 -0.0132198
19 2.8 -0.063582
19 3 -0.109586
19 3.2 -0.13839
19 3.4 -0.14721
19 3.6 -0.139698
19 3.8 -0.119525
19 4 -0.0991843
19 4.2 -0.0738123
19 4.4 -0.0468179
19 4.6 -0.0178637
19 4.8 0.0126615
19 5 0.0447839
19 5.2 0.0691265
19 5.4 0.0827375
19 5.6 0.0862212
19 5.8 0.0766056
19 6 0.0564374
19 6.2 0.0239625
19 6.4 -7.21317e-05
19 6.6 -0.017406
19 6.8 0
19 7 0
19 7.2 0
19 7.4 0
19 7.6 0
19 7.8 0
19 8 0
19 8.2 0
19 8.4 0

19.2 0 0
19.2 0.2 -0.0145324
19.2 0.4 -0.105102
19.2 0.6 -0.10028
19.2 0.8 -0.0951127
19.2 1 -0.083175
19.2 1.2 -0.0595717
19.2 1.4 -0.0182511
19.2 1.6 0.032717
19.2 1.8 0.0784849
19.2 2 0.10386
19.2 2.2 0.0981822
19.2 2.4 0.0636155
19.2 2.6 0.0127707
19.2 2.8 -0.0419243
19.2 3 -0.0860942
19.2 3.2 -0.109558
19.2 3.4 -0.114936
19.2 3.6 -0.112785
19.2 3.8 -0.102871
19.2 4 -0.093454
19.2 4.2 -0.0799438
19.2 4.4 -0.058555
19.2 4.6 -0.0271625
19.2 4.8 0.0130946
19.2 5 0.0551298
19.2 5.2 0.0888139
19.2 5.4 0.102993
19.2 5.6 0.0944871
19.2 5.8 0.0641553
19.2 6 0.0296387
19.2 6.2 0.00481962
19.2 6.4 0.00586178
19.2 6.6 0.000907762
19.2 6.8 0
19.2 7 0
19.2 7.2 0
19.2 7.4 0
19.2 7.6 0
19.2 7.8 0
19.2 8 0
19.2 8.2 0
19.2 8.4 0

19.4 0 0
19.4 0.2 0.00891932
19.4 0.4 0.0666361
19.4 0.6 0.0503037
19.4 0.8 0.0310954
19.4 1 0.0207009
19.4 1.2 0.029505
19.4 1.4 0.0595198
19.4 1.6 0.102273
19.4 1.8 0.141331
19.4 2 0.158539
19.4 2.2 0.141968
19.4 2.4 0.0976191
19.4 2.6 0.0373252
19.4 2.8 -0.0216653
19.4 3 -0.0651192
19.4 3.2 -0.0851683
19.4 3.4 -0.0909535
19.4 3.6 -0.0911537
19.4 3.8 -0.0888216
19.4 4 -0.0866204
19.4 4.2 -0.0816652
19.4 4.4 -0.0661278
19.4 4.6 -0.0321048
19.4 4.8 0.0149598
19.4 5 0.0646475
19.4 5.2 0.103558
19.4 5.4 0.114818
19.4 5.6 0.0935675
19.4 5.8 0.0492661
19.4 6 0.00235575
19.4 6.2 -0.0309829
19.4 6.4 -0.003515
19.4 6.6 0
19.4 6.8 0
19.4 7 0
19.4 7.2 0
19.4 7.4 0
19.4 7.6 0
19.4 7.8 0
19.4 8 0
19.4 8.2 0
19.4 8.4 0

19.6 0 0
19.6 0.2 0
19.6 0.4 0.00891932
19.6 0.6 0.00679368
19.6 0.8 0.00407638
19.6 1 0.00268196
19.6 1.2 0.00398518
19.6 1.4 0.00805924
19.6 1.6 0.0138102
19.6 1.8 0.0192306
19.6 2 0.0217285
19.6 2.2 0.0194405
19.6 2.4 0.013484
19.6 2.6 0.00501657
19.6 2.8 -0.00300786
19.6 3 -0.00904228
19.6 3.2 -0.0116546
19.6 3.4 -0.0125585
19.6 3.6 -0.0124462
19.6 3.8 -0.0121899
19.6 4 -0.0118391
19.6 4.2 -0.0111982
19.6 4.4 -0.00910728
19.6 4.6 -0.00442217
19.6 4.8 0.00202998
19.6 5 0.0089172
19.6 5.2 0.0143303
19.6 5.4 0.0158039
19.6 5.6 0.01265
19.6 5.8 0.00659466
19.6 6 0.000263889
19.6 6.2 -0.00442276
19.6 6.4 0
19.6 6.6 0
19.6 6.8 0
19.6 7 0
19.6 7.2 0
19.6 7.4 0
19.6 7.6 0
19.6 7.8 0
19.6 8 0
19.6 8.2 0
19.6 8.4 0

19.8 0 0
19.8 0.2 0
19.8 0.4 0
19.8 0.6 0
19.8 0.8 0
19.8 1 0
19.8 1.2 0
19.8 1.4 0
19.8 1.6 0
19.8 1.8 0
19.8 2 0
19.8 2.2 0
19.8 2.4 0
19.8 2.6 0
19.8 2.8 0
19.8 3 0
19.8 3.2 0
19.8 3.4 0
19.8 3.6 0
19.8 3.8 0
19.8 4 0
19.8 4.2 0
19.8 4.4 0
19.8 4.6 0
19.8 4.8 0
19.8 5 0
19.8 5.2 0
19.8 5.4 0
19.8 5.6 0
19.8 5.8 0
19.8 6 0
19.8 6.2 0
19.8 6.4 0
19.8 6.6 0
19.8 6.8 0
19.8 7 0
19.8 7.2 0
19.8 7.4 0
19.8 7.6 0
19.8 7.8 0
19.8 8 0
19.8 8.2 0
19.8 8.4 0

