0 0 0
0 0.2 0
0 0.4 0
0 0.6 0
0 0.8 0
0 1 0
0 1.2 0
0 1.4 0
0 1.6 0
0 1.8 0
0 2 0
0 2.2 0
0 2.4 0
0 2.6 0
0 2.8 0
0 3 0
0 3.2 0
0 3.4 0
0 3.6 0
0 3.8 0
0 4 0
0 4.2 0
0 4.4 0
0 4.6 0
0 4.8 0
0 5 0
0 5.2 0
0 5.4 0
0 5.6 0
0 5.8 0
0 6 0
0 6.2 0
0 6.4 0
0 6.6 0
0 6.8 0
0 7 0
0 7.2 0
0 7.4 0
0 7.6 0
0 7.8 0
0 8 0
0 8.2 0
0 8.4 0

0.2 0 0
0.2 0.2 0
0.2 0.4 -0.025182
0.2 0.6 -0.0207569
0.2 0.8 -0.0158481
0.2 1 -0.012399
0.2 1.2 -0.0123974
0.2 1.4 -0.0165557
0.2 1.6 -0.0237418
0.2 1.8 -0.0306448
0.2 2 -0.0333858
0.2 2.2 -0.0294922
0.2 2.4 -0.0196263
0.2 2.6 -0.00801829
0.2 2.8 -0.000285129
0.2 3 5.68596e-05
0.2 3.2 -0.00631912
0.2 3.4 -0.0143679
0.2 3.6 -0.0176158
0.2 3.8 -0.0125357
0.2 4 -0.00128225
0.2 4.2 0.00923318
0.2 4.4 0.0113369
0.2 4.6 0.00178086
0.2 4.8 -0.0156861
0.2 5 -0.0321062
0.2 5.2 -0.0384652
0.2 5.4 -0.0314054
0.2 5.6 -0.015067
0.2 5.8 0.00149228
0.2 6 0.0106631
0.2 6.2 0
0.2 6.4 0
0.2 6.6 0
0.2 6.8 0
0.2 7 0
0.2 7.2 0
0.2 7.4 0
0.2 7.6 0
0.2 7.8 0
0.2 8 0
0.2 8.2 0
0.2 8.4 0

0.4 0 0
0.4 0.2 -0.025182
0.4 0.4 -0.18342
0.4 0.6 -0.15104
0.4 0.8 -0.11499
0.4 1 -0.0898127
0.4 1.2 -0.0895563
0.4 1.4 -0.119822
0.4 1.6 -0.171725
0.4 1.8 -0.22187
0.4 2 -0.241635
0.4 2.2 -0.213281
0.4 2.4 -0.142054
0.4 2.6 -0.0583668
0.4 2.8 -0.00261782
0.4 3 -0.000578837
0.4 3.2 -0.0468708
0.4 3.4 -0.104758
0.4 3.6 -0.127739
0.4 3.8 -0.0906613
0.4 4 -0.00901419
0.4 4.2 0.0670004
0.4 4.4 0.0820147
0.4 4.6 0.0126614
0.4 4.8 -0.11387
0.4 5 -0.232328
0.4 5.2 -0.278196
0.4 5.4 -0.226817
0.4 5.6 -0.108994
0.4 5.8 0.0103428
0.4 6 0.076415
0.4 6.2 0.00379376
0.4 6.4 0
0.4 6.6 0
0.4 6.8 0
0.4 7 0
0.4 7.2 0
0.4 7.4 0
0.4 7.6 0
0.4 7.8 0
0.4 8 0
0.4 8.2 0
0.4 8.4 0

0.6 0 0
0.6 0.2 0.00774298
0.6 0.4 0.055465
0.6 0.6 0.0543062
0.6 0.8 0.0541032
0.6 1 0.0465226
0.6 1.2 0.0245838
0.6 1.4 -0.014807
0.6 1.6 -0.0644482
0.6 1.8 -0.108781
0.6 2 -0.127709
0.6 2.2 -0.110075
0.6 2.4 -0.0613373
0.6 2.6 -0.00316782
0.6 2.8 0.0367513
0.6 3 0.0410615
0.6 3.2 0.0162104
0.6 3.4 -0.0101442
0.6 3.6 -0.00722196
0.6 3.8 0.0371439
0.6 4 0.104971
0.6 4.2 0.154244
0.6 4.4 0.144508
0.6 4.6 0.0643486
0.6 4.8 -0.0564375
0.6 5 -0.160459
0.6 5.2 -0.197732
0.6 5.4 -0.154801
0.6 5.6 -0.0660943
0.6 5.8 0.00871101
0.6 6 0.0194611
0.6 6.2 -0.0504411
0.6 6.4 -0.0431842
0.6 6.6 0
0.6 6.8 0
0.6 7 0
0.6 7.2 0
0.6 7.4 0
0.6 7.6 0
0.6 7.8 0
0.6 8 0
0.6 8.2 0
0.6 8.4 0

0.8 0 0
0.8 0.2 0.0453787
0.8 0.4 0.328472
0.8 0.6 0.287092
0.8 0.8 0.242583
0.8 1 0.194712
0.8 1.2 0.145314
0.8 1.4 0.0960324
0.8 1.6 0.0512683
0.8 1.8 0.0179158
0.8 2 0.00234321
0.8 2.2 0.00770115
0.8 2.4 0.0278168
0.8 2.6 0.0524595
0.8 2.8 0.070271
0.8 3 0.0778342
0.8 3.2 0.0835082
0.8 3.4 0.101964
0.8 3.6 0.142927
0.8 3.8 0.200845
0.8 4 0.25186
0.8 4.2 0.264121
0.8 4.4 0.218155
0.8 4.6 0.120616
0.8 4.8 0.00706597
0.8 5 -0.0751691
0.8 5.2 -0.0946148
0.8 5.4 -0.0554749
0.8 5.6 0.00340025
0.8 5.8 0.0300801
0.8 6 -0.0111473
0.8 6.2 -0.119676
0.8 6.4 -0.263088
0.8 6.6 -0.0363149
0.8 6.8 0
0.8 7 0
0.8 7.2 0
0.8 7.4 0
0.8 7.6 0
0.8 7.8 0
0.8 8 0
0.8 8.2 0
0.8 8.4 0

1 0 0
1 0.2 0.0582496
1 0.4 0.422017
1 0.6 0.362454
1 0.8 0.295307
1 1 0.227491
1 1.2 0.166801
1 1.4 0.119331
1 1.6 0.0884643
1 1.8 0.0733903
1 2 0.0682808
1 2.2 0.0665314
1 2.4 0.062399
1 2.6 0.0548944
1 2.8 0.0502106
1 3 0.0596556
1 3.2 0.0938908
1 3.4 0.155626
1 3.6 0.233079
1 3.8 0.302726
1 4 0.334763
1 4.2 0.310053
1 4.4 0.2308
1 4.6 0.123839
1 4.8 0.0300025
1 5 -0.0158488
1 5.2 -0.00386163
1 5.4 0.0440804
1 5.6 0.0840629
1 5.8 0.075466
1 6 0.00516309
1 6.2 -0.102491
1 6.4 -0.197257
1 6.6 -0.0316823
1 6.8 0
1 7 0
1 7.2 0
1 7.4 0
1 7.6 0
1 7.8 0
1 8 0
1 8.2 0
1 8.4 0

1.2 0 0
1.2 0.2 0.0340166
1.2 0.4 0.246681
1.2 0.6 0.206319
1.2 0.8 0.155968
1.2 1 0.103472
1.2 1.2 0.0571348
1.2 1.4 0.0268919
1.2 1.6 0.0171658
1.2 1.8 0.0248864
1.2 2 0.0364667
1.2 2.2 0.0387715
1.2 2.4 0.0225955
1.2 2.6 -0.00635293
1.2 2.8 -0.0284725
1.2 3 -0.0215474
1.2 3.2 0.0299
1.2 3.4 0.11883
1.2 3.6 0.21851
1.2 3.8 0.290312
1.2 4 0.30269
1.2 4.2 0.249055
1.2 4.4 0.150927
1.2 4.6 0.0511286
1.2 4.8 -0.00804163
1.2 5 -0.00456475
1.2 5.2 0.0487003
1.2 5.4 0.114287
1.2 5.6 0.146749
1.2 5.8 0.119723
1.2 6 0.0413394
1.2 6.2 -0.0460492
1.2 6.4 -0.0868148
1.2 6.6 -0.0320276
1.2 6.8 0.0204344
1.2 7 0
1.2 7.2 0
1.2 7.4 0
1.2 7.6 0
1.2 7.8 0
1.2 8 0
1.2 8.2 0
1.2 8.4 0

1.4 0 0
1.4 0.2 -0.0137888
1.4 0.4 -0.0998251
1.4 0.6 -0.0911956
1.4 0.8 -0.0894421
1.4 1 -0.0973708
1.4 1.2 -0.110644
1.4 1.4 -0.118454
1.4 1.6 -0.110596
1.4 1.8 -0.0861214
1.4 2 -0.0573922
1.4 2.2 -0.0427897
1.4 2.4 -0.0555477
1.4 2.6 -0.089944
1.4 2.8 -0.121722
1.4 3 -0.120453
1.4 3.2 -0.0687321
1.4 3.4 0.0249298
1.4 3.6 0.124724
1.4 3.8 0.186031
1.4 4 0.178738
1.4 4.2 0.106543
1.4 4.4 0.00589097
1.4 4.6 -0.0713127
1.4 4.8 -0.0862753
1.4 5 -0.0325503
1.4 5.2 0.0596853
1.4 5.4 0.14019
1.4 5.6 0.167064
1.4 5.8 0.129514
1.4 6 0.0538374
1.4 6.2 -0.0105837
1.4 6.4 -0.0149926
1.4 6.6 0.0578235
1.4 6.8 0.179505
1.4 7 0.0248616
1.4 7.2 0
1.4 7.4 0
1.4 7.6 0
1.4 7.8 0
1.4 8 0
1.4 8.2 0
1.4 8.4 0

1.6 0 0
1.6 0.2 -0.0557128
1.6 0.4 -0.40354
1.6 0.6 -0.339209
1.6 0.8 -0.274432
1.6 1 -0.228407
1.6 1.2 -0.210053
1.6 1.4 -0.207033
1.6 1.6 -0.200669
1.6 1.8 -0.176609
1.6 2 -0.139837
1.6 2.2 -0.109238
1.6 2.4 -0.104689
1.6 2.6 -0.128543
1.6 2.8 -0.159802
1.6 3 -0.1679
1.6 3.2 -0.130318
1.6 3.4 -0.0546604
1.6 3.6 0.0248808
1.6 3.8 0.0642898
1.6 4 0.038812
1.6 4.2 -0.0412063
1.6 4.4 -0.132527
1.6 4.6 -0.181388
1.6 4.8 -0.157765
1.6 5 -0.0680043
1.6 5.2 0.0431391
1.6 5.4 0.122439
1.6 5.6 0.1362
1.6 5.8 0.0882314
1.6 6 0.0181421
1.6 6.2 -0.0234747
1.6 6.4 -0.00311414
1.6 6.6 0.0745446
1.6 6.8 0.16254
1.6 7 0.0477566
1.6 7.2 0
1.6 7.4 0
1.6 7.6 0
1.6 7.8 0
1.6 8 0
1.6 8.2 0
1.6 8.4 0

1.8 0 0
1.8 0.2 -0.0670243
1.8 0.4 -0.485667
1.8 0.6 -0.383357
1.8 0.8 -0.268273
1.8 1 -0.183974
1.8 1.2 -0.152754
1.8 1.4 -0.165052
1.8 1.6 -0.186602
1.8 1.8 -0.186252
1.8 2 -0.155025
1.8 2.2 -0.110519
1.8 2.4 -0.0813682
1.8 2.6 -0.0833741
1.8 2.8 -0.106555
1.8 3 -0.12298
1.8 3.2 -0.108708
1.8 3.4 -0.064235
1.8 3.6 -0.0157616
1.8 3.8 -0.00138218
1.8 4 -0.0408777
1.8 4.2 -0.120243
1.8 4.4 -0.196594
1.8 4.6 -0.222814
1.8 4.8 -0.177193
1.8 5 -0.0792166
1.8 5.2 0.0234773
1.8 5.4 0.0804144
1.8 5.6 0.069117
1.8 5.8 0.00907038
1.8 6 -0.0538267
1.8 6.2 -0.0733536
1.8 6.4 -0.0307633
1.8 6.6 0.0533289
1.8 6.8 0.13606
1.8 7 0.182511
1.8 7.2 0.0252509
1.8 7.4 0
1.8 7.6 0
1.8 7.8 0
1.8 8 0
1.8 8.2 0
1.8 8.4 0

2 0 0
2 0.2 -0.0449222
2 0.4 -0.325126
2 0.6 -0.211189
2 0.8 -0.0739101
2 1 0.0231922
2 1.2 0.0406024
2 1.4 -0.00912569
2 1.6 -0.0807861
2 1.8 -0.120504
2 2 -0.105946
2 2.2 -0.0523958
2 2.4 0.00283558
2 2.6 0.0268638
2 2.8 0.0162868
2 3 -0.00746922
2 3.2 -0.0171135
2 3.4 -0.00402279
2 3.6 0.0148821
2 3.8 0.0104646
2 4 -0.0335294
2 4.2 -0.105418
2 4.4 -0.167366
2 4.6 -0.181373
2 4.8 -0.135651
2 5 -0.0538982
2 5.2 0.0159517
2 5.4 0.0346326
2 5.6 -0.00617577
2 5.8 -0.0759696
2 6 -0.126521
2 6.2 -0.121651
2 6.4 -0.0592284
2 6.6 0.0285792
2 6.8 0.0981678
2 7 0.12915
2 7.2 0.0181116
2 7.4 0
2 7.6 0
2 7.8 0
2 8 0
2 8.2 0
2 8.4 0

2.2 0 0
2.2 0.2 -0.00905252
2.2 0.4 -0.0648919
2.2 0.6 0.0408749
2.2 0.8 0.177831
2.2 1 0.264472
2.2 1.2 0.253773
2.2 1.4 0.157399
2.2 1.6 0.0348764
2.2 1.8 -0.0457226
2.2 2 -0.0489874
2.2 2.2 0.0106259
2.2 2.4 0.0865618
2.2 2.6 0.132669
2.2 2.8 0.133198
2.2 3 0.104378
2.2 3.2 0.0769824
2.2 3.4 0.0683173
2.2 3.6 0.0719816
2.2 3.8 0.0632306
2.2 4 0.0263834
2.2 4.2 -0.0312375
2.2 4.4 -0.0806849
2.2 4.6 -0.093656
2.2 4.8 -0.0621044
2.2 5 -0.0117691
2.2 5.2 0.0186409
2.2 5.4 0.000284731
2.2 5.6 -0.0612743
2.2 5.8 -0.130009
2.2 6 -0.16062
2.2 6.2 -0.129277
2.2 6.4 -0.0504954
2.2 6.6 0.0332779
2.2 6.8 0.077751
2.2 7 0.0651575
2.2 7.2 0.00205957
2.2 7.4 0.00024503
2.2 7.6 0
2.2 7.8 0
2.2 8 0
2.2 8.2 0
2.2 8.4 0

2.4 0 0
2.4 0.2 0.0132781
2.4 0.4 0.0970019
2.4 0.6 0.190314
2.4 0.8 0.315462
2.4 1 0.385036
2.4 1.2 0.347874
2.4 1.4 0.219273
2.4 1.6 0.0655018
2.4 1.8 -0.0364298
2.4 2 -0.0468699
2.4 2.2 0.0189508
2.4 2.4 0.10757
2.4 2.6 0.164542
2.4 2.8 0.168336
2.4 3 0.135069
2.4 3.2 0.0994821
2.4 3.4 0.0853502
2.4 3.6 0.0907466
2.4 3.8 0.0935754
2.4 4 0.0744685
2.4 4.2 0.034344
2.4 4.4 -0.00539637
2.4 4.6 -0.0218134
2.4 4.8 -0.00896482
2.4 5 0.0144117
2.4 5.2 0.0167876
2.4 5.4 -0.0191206
2.4 5.6 -0.0816772
2.4 5.8 -0.134046
2.4 6 -0.137512
2.4 6.2 -0.0826688
2.4 6.4 0.00628383
2.4 6.6 0.0799901
2.4 6.8 0.0993377
2.4 7 0.0611519
2.4 7.2 0.00590024
2.4 7.4 0.000828121
2.4 7.6 0
2.4 7.8 0
2.4 8 0
2.4 8.2 0
2.4 8.4 0

2.6 0 0
2.6 0.2 0.00687879
2.6 0.4 0.0506362
2.6 0.6 0.13827
2.6 0.8 0.25082
2.6 1 0.30664
2.6 1.2 0.25975
2.6 1.4 0.128063
2.6 1.6 -0.0210523
2.6 1.8 -0.113463
2.6 2 -0.114104
2.6 2.2 -0.0414261
2.6 2.4 0.0478714
2.6 2.6 0.101022
2.6 2.8 0.0980819
2.6 3 0.0598048
2.6 3.2 0.0249259
2.6 3.4 0.0197032
2.6 3.6 0.0417683
2.6 3.8 0.0665801
2.6 4 0.0684771
2.6 4.2 0.0428726
2.6 4.4 0.0074754
2.6 4.6 -0.0142303
2.6 4.8 -0.0126498
2.6 5 -0.000714479
2.6 5.2 -0.00129446
2.6 5.4 -0.0282556
2.6 5.6 -0.0690363
2.6 5.8 -0.0930985
2.6 6 -0.0714858
2.6 6.2 -0.00173847
2.6 6.4 0.0845524
2.6 6.6 0.140447
2.6 6.8 0.132869
2.6 7 0.0688293
2.6 7.2 -0.00358259
2.6 7.4 -0.0254399
2.6 7.6 0
2.6 7.8 0
2.6 8 0
2.6 8.2 0
2.6 8.4 0

2.8 0 0
2.8 0.2 -0.0209387
2.8 0.4 -0.15124
2.8 0.6 -0.0653113
2.8 0.8 0.0340948
2.8 1 0.0809939
2.8 1.2 0.0416284
2.8 1.4 -0.0630002
2.8 1.6 -0.173419
2.8 1.8 -0.228212
2.8 2 -0.20459
2.8 2.2 -0.126375
2.8 2.4 -0.0479146
2.8 2.6 -0.013477
2.8 2.8 -0.0326989
2.8 3 -0.0771232
2.8 3.2 -0.104819
2.8 3.4 -0.0922054
2.8 3.6 -0.0468817
2.8 3.8 -0.00161534
2.8 4 0.0145887
2.8 4.2 -0.00643987
2.8 4.4 -0.0454362
2.8 4.6 -0.0735885
2.8 4.8 -0.0746887
2.8 5 -0.0543638
2.8 5.2 -0.0340759
2.8 5.4 -0.028497
2.8 5.6 -0.0341814
2.8 5.8 -0.0296777
2.8 6 0.00547143
2.8 6.2 0.0702357
2.8 6.4 0.138142
2.8 6.6 0.168125
2.8 6.8 0.136968
2.8 7 0.0493298
2.8 7.2 -0.0623149
2.8 7.4 -0.180668
2.8 7.6 -0.0249233
2.8 7.8 0
2.8 8 0
2.8 8.2 0
2.8 8.4 0

3 0 0
3 0.2 -0.046592
3 0.4 -0.337805
3 0.6 -0.261788
3 0.8 -0.184993
3 1 -0.149386
3 1.2 -0.173009
3 1.4 -0.234248
3 1.6 -0.287222
3 1.8 -0.291254
3 2 -0.239725
3 2.2 -0.162573
3 2.4 -0.106198
3 2.6 -0.100944
3 2.8 -0.140406
3 3 -0.188845
3 3.2 -0.205424
3 3.4 -0.173305
3 3.6 -0.110008
3 3.8 -0.0545367
3 4 -0.04006
3 4.2 -0.0708504
3 4.4 -0.123103
3 4.6 -0.159887
3 4.8 -0.157459
3 5 -0.117694
3 5.2 -0.0632913
3 5.4 -0.0179399
3 5.6 0.00972363
3 5.8 0.0301112
3 6 0.0575267
3 6.2 0.0957419
3 6.4 0.129479
3 6.6 0.133774
3 6.8 0.0928804
3 7 0.0137281
3 7.2 -0.0767935
3 7.4 -0.149519
3 7.6 -0.0206351
3 7.8 0
3 8 0
3 8.2 0
3 8.4 0

3.2 0 0
3.2 0.2 -0.0478406
3.2 0.4 -0.347517
3.2 0.6 -0.300258
3.2 0.8 -0.261087
3.2 1 -0.247278
3.2 1.2 -0.260676
3.2 1.4 -0.280621
3.2 1.6 -0.278765
3.2 1.8 -0.237937
3.2 2 -0.168474
3.2 2.2 -0.103576
3.2 2.4 -0.0773738
3.2 2.6 -0.102302
3.2 2.8 -0.158782
3.2 3 -0.206013
3.2 3.2 -0.208798
3.2 3.4 -0.161801
3.2 3.6 -0.0914826
3.2 3.8 -0.0426411
3.2 4 -0.0451145
3.2 4.2 -0.0990577
3.2 4.4 -0.171032
3.2 4.6 -0.217959
3.2 4.8 -0.210594
3.2 5 -0.15077
3.2 5.2 -0.0657706
3.2 5.4 0.0100775
3.2 5.6 0.0557782
3.2 5.8 0.0711631
3.2 6 0.0700797
3.2 6.2 0.0645622
3.2 6.4 0.0567019
3.2 6.6 0.0390454
3.2 6.8 0.00678975
3.2 7 -0.0354387
3.2 7.2 -0.0718655
3.2 7.4 -0.089378
3.2 7.6 0.0039415
3.2 7.8 0
3.2 8 0
3.2 8.2 0
3.2 8.4 0

3.4 0 0
3.4 0.2 -0.0195496
3.4 0.4 -0.142892
3.4 0.6 -0.14127
3.4 0.8 -0.151658
3.4 1 -0.169842
3.4 1.2 -0.18385
3.4 1.4 -0.177552
3.4 1.6 -0.139691
3.4 1.8 -0.0750639
3.4 2 -0.00655176
3.4 2.2 0.0347313
3.4 2.4 0.0287503
3.4 2.6 -0.0202369
3.4 2.8 -0.0829322
3.4 3 -0.120902
3.4 3.2 -0.109899
3.4 3.4 -0.0562672
3.4 3.6 0.00639581
3.4 3.8 0.0354197
3.4 4 0.00635263
3.4 4.2 -0.0716475
3.4 4.4 -0.160399
3.4 4.6 -0.213512
3.4 4.8 -0.201745
3.4 5 -0.12983
3.4 5.2 -0.0296138
3.4 5.4 0.0570244
3.4 5.6 0.09983
3.4 5.8 0.0933566
3.4 6 0.0518279
3.4 6.2 -0.00126231
3.4 6.4 -0.0475095
3.4 6.6 -0.0782877
3.4 6.8 -0.0908253
3.4 7 -0.084192
3.4 7.2 -0.0535446
3.4 7.4 0.00809288
3.4 7.6 0.118563
3.4 7.8 0.016317
3.4 8 0
3.4 8.2 0
3.4 8.4 0

3.6 0 0
3.6 0.2 0.0231659
3.6 0.4 0.166766
3.6 0.6 0.120829
3.6 0.8 0.0633607
3.6 1 0.0141401
3.6 1.2 -0.00760958
3.6 1.4 0.00950239
3.6 1.6 0.0590916
3.6 1.8 0.121719
3.6 2 0.169482
3.6 2.2 0.178899
3.6 2.4 0.14593
3.6 2.6 0.0861096
3.6 2.8 0.0311652
3.6 3 0.00976163
3.6 3.2 0.0323328
3.6 3.4 0.0815959
3.6 3.6 0.12473
3.6 3.8 0.126569
3.6 4 0.0753716
3.6 4.2 -0.0144584
3.6 4.4 -0.102715
3.6 4.6 -0.149892
3.6 4.8 -0.132797
3.6 5 -0.0594437
3.6 5.2 0.0364788
3.6 5.4 0.112429
3.6 5.6 0.137266
3.6 5.8 0.102892
3.6 6 0.0263652
3.6 6.2 -0.0612341
3.6 6.4 -0.13168
3.6 6.6 -0.164939
3.6 6.8 -0.156668
3.6 7 -0.112734
3.6 7.2 -0.0437065
3.6 7.4 0.0373101
3.6 7.6 0.111079
3.6 7.8 0.015319
3.6 8 0
3.6 8.2 0
3.6 8.4 0

3.8 0 0
3.8 0.2 0.0559804
3.8 0.4 0.405365
3.8 0.6 0.329639
3.8 0.8 0.245208
3.8 1 0.179607
3.8 1.2 0.154944
3.8 1.4 0.172648
3.8 1.6 0.216577
3.8 1.8 0.258132
3.8 2 0.27287
3.8 2.2 0.250203
3.8 2.4 0.199865
3.8 2.6 0.144702
3.8 2.8 0.109959
3.8 3 0.107941
3.8 3.2 0.134425
3.8 3.4 0.167108
3.8 3.6 0.180677
3.8 3.8 0.157474
3.8 4 0.0986998
3.8 4.2 0.0228869
3.8 4.4 -0.0394382
3.8 4.6 -0.0626272
3.8 4.8 -0.0357688
3.8 5 0.0292842
3.8 5.2 0.104288
3.8 5.4 0.154875
3.8 5.6 0.15693
3.8 5.8 0.104533
3.8 6 0.0141995
3.8 6.2 -0.0828677
3.8 6.4 -0.155133
3.8 6.6 -0.181209
3.8 6.8 -0.15823
3.8 7 -0.0997538
3.8 7.2 -0.0280464
3.8 7.4 0.036433
3.8 7.6 0.0779071
3.8 7.8 0.0107917
3.8 8 0
3.8 8.2 0
3.8 8.4 0

4 0 0
4 0.2 0.0621605
4 0.4 0.450935
4 0.6 0.373126
4 0.8 0.290753
4 1 0.233524
4 1.2 0.217308
4 1.4 0.236192
4 1.6 0.266273
4 1.8 0.278828
4 2 0.258603
4 2.2 0.210799
4 2.4 0.157039
4 2.6 0.120312
4 2.8 0.112648
4 3 0.127161
4 3.2 0.145921
4 3.4 0.149195
4 3.6 0.12801
4 3.8 0.0859091
4 4 0.0394971
4 4.2 0.00451874
4 4.4 -0.00593103
4 4.6 0.0113818
4 4.8 0.0502192
4 5 0.0987364
4 5.2 0.141103
4 5.4 0.160029
4 5.6 0.144539
4 5.8 0.0931953
4 6 0.0179302
4 6.2 -0.0586925
4 6.4 -0.111115
4 6.6 -0.122653
4 6.8 -0.0934844
4 7 -0.0429033
4 7.2 0.00209449
4 7.4 0.0204039
4 7.6 0.0112939
4 7.8 -0.0315091
4 8 0
4 8.2 0
4 8.4 0

4.2 0 0
4.2 0.2 0.04253
4.2 0.4 0.309378
4.2 0.6 0.253739
4.2 0.8 0.197812
4.2 1 0.16733
4.2 1.2 0.171821
4.2 1.4 0.196573
4.2 1.6 0.213626
4.2 1.8 0.199396
4.2 2 0.151399
4.2 2.2 0.0907821
4.2 2.4 0.046855
4.2 2.6 0.0376531
4.2 2.8 0.05852
4.2 3 0.082369
4.2 3.2 0.0817873
4.2 3.4 0.0449778
4.2 3.6 -0.0144042
4.2 3.8 -0.0682409
4.2 4 -0.0872493
4.2 4.2 -0.0633581
4.2 4.4 -0.00806641
4.2 4.6 0.053862
4.2 4.8 0.100894
4.2 5 0.123899
4.2 5.2 0.125339
4.2 5.4 0.113125
4.2 5.6 0.0915307
4.2 5.8 0.0612801
4.2 6 0.0247466
4.2 6.2 -0.0100128
4.2 6.4 -0.0291994
4.2 6.6 -0.023128
4.2 6.8 0.00494655
4.2 7 0.0361909
4.2 7.2 0.0423566
4.2 7.4 0.00238762
4.2 7.6 -0.0891628
4.2 7.8 -0.240397
4.2 8 -0.0331401
4.2 8.2 0
4.2 8.4 0

4.4 0 0
4.4 0.2 0.0133424
4.4 0.4 0.0980345
4.4 0.6 0.0721041
4.4 0.8 0.0491468
4.4 1 0.0497679
4.4 1.2 0.0767142
4.4 1.4 0.109327
4.4 1.6 0.11802
4.4 1.8 0.0849124
4.4 2 0.0212601
4.4 2.2 -0.0396634
4.4 2.4 -0.0629653
4.4 2.6 -0.0400428
4.4 2.8 0.00598096
4.4 3 0.0324876
4.4 3.2 0.00473963
4.4 3.4 -0.0756299
4.4 3.6 -0.171944
4.4 3.8 -0.231506
4.4 4 -0.217795
4.4 4.2 -0.134261
4.4 4.4 -0.0188295
4.4 4.6 0.0767888
4.4 4.8 0.117973
4.4 5 0.103737
4.4 5.2 0.0596854
4.4 5.4 0.0192135
4.4 5.6 0.001518
4.4 5.8 0.00525246
4.4 6 0.0180456
4.4 6.2 0.0303693
4.4 6.4 0.042833
4.4 6.6 0.061555
4.4 6.8 0.0852454
4.4 7 0.0995864
4.4 7.2 0.0820621
4.4 7.4 0.0170578
4.4 7.6 -0.0867488
4.4 7.8 -0.191784
4.4 8 -0.0264635
4.4 8.2 0
4.4 8.4 0

4.6 0 0
4.6 0.2 -0.00604296
4.6 0.4 -0.0428829
4.6 0.6 -0.0505815
4.6 0.8 -0.0534006
4.6 1 -0.033151
4.6 1.2 0.00723196
4.6 1.4 0.0442858
4.6 1.6 0.0468527
4.6 1.8 0.00397968
4.6 2 -0.0644824
4.6 2.2 -0.115847
4.6 2.4 -0.114476
4.6 2.6 -0.0597333
4.6 2.8 0.00862593
4.6 3 0.0341972
4.6 3.2 -0.018383
4.6 3.4 -0.137011
4.6 3.6 -0.262573
4.6 3.8 -0.324781
4.6 4 -0.283324
4.6 4.2 -0.155352
4.6 4.4 -0.00218975
4.6 4.6 0.10245
4.6 4.8 0.118558
4.6 5 0.0567122
4.6 5.2 -0.0328184
4.6 5.4 -0.0958216
4.6 5.6 -0.102787
4.6 5.8 -0.0626658
4.6 6 -0.00522607
4.6 6.2 0.0420673
4.6 6.4 0.0705008
4.6 6.6 0.0889121
4.6 6.8 0.104279
4.6 7 0.112008
4.6 7.2 0.0946162
4.6 7.4 0.0398404
4.6 7.6 -0.0420608
4.6 7.8 -0.114002
4.6 8 -0.0157705
4.6 8.2 0
4.6 8.4 0

4.8 0 0
4.8 0.2 -0.00582808
4.8 0.4 -0.041932
4.8 0.6 -0.0519462
4.8 0.8 -0.0572129
4.8 1 -0.0391139
4.8 1.2 0.000219761
4.8 1.4 0.0344519
4.8 1.6 0.0328357
4.8 1.8 -0.0139881
4.8 2 -0.0799338
4.8 2.2 -0.119199
4.8 2.4 -0.0957256
4.8 2.6 -0.0153856
4.8 2.8 0.0714498
4.8 3 0.0996236
4.8 3.2 0.0328124
4.8 3.4 -0.107438
4.8 3.6 -0.248692
4.8 3.8 -0.309923
4.8 4 -0.25119
4.8 4.2 -0.101446
4.8 4.4 0.0592689
4.8 4.6 0.146127
4.8 4.8 0.12029
4.8 5 0.00740461
4.8 5.2 -0.121462
4.8 5.4 -0.196406
4.8 5.6 -0.188094
4.8 5.8 -0.116885
4.8 6 -0.0312267
4.8 6.2 0.0277172
4.8 6.4 0.0488416
4.8 6.6 0.0498062
4.8 6.8 0.0522483
4.8 7 0.062141
4.8 7.2 0.0649707
4.8 7.4 0.0454504
4.8 7.6 0.00321732
4.8 7.8 -0.0359171
4.8 8 -0.00502816
4.8 8.2 0
4.8 8.4 0

5 0 0
5 0.2 0.00988642
5 0.4 0.0712875
5 0.6 0.0416381
5 0.8 0.0146173
5 1 0.0139783
5 1.2 0.0394972
5 1.4 0.0668394
5 1.6 0.0620653
5 1.8 0.0150269
5 2 -0.0480512
5 2.2 -0.0794812
5 2.4 -0.0433271
5 2.6 0.0524272
5 2.8 0.153089
5 3 0.189276
5 3.2 0.124459
5 3.4 -0.016375
5 3.6 -0.15594
5 3.8 -0.210596
5 4 -0.144985
5 4.2 0.00422159
5 4.4 0.147789
5 4.6 0.199871
5 4.8 0.12833
5 5 -0.025907
5 5.2 -0.177593
5 5.4 -0.25096
5 5.6 -0.222836
5 5.8 -0.128421
5 6 -0.0336315
5 6.2 0.0135791
5 6.4 0.00588302
5 6.6 -0.0245518
5 6.8 -0.0404599
5 7 -0.0255147
5 7.2 0.00571274
5 7.4 0.0280676
5 7.6 0.0274572
5 7.8 0.0166291
5 8 0.00790457
5 8.2 0
5 8.4 0

5.2 0 0
5.2 0.2 0.0282781
5.2 0.4 0.204258
5.2 0.6 0.150532
5.2 0.8 0.0958651
5.2 1 0.0715808
5.2 1.2 0.0826431
5.2 1.4 0.104529
5.2 1.6 0.100387
5.2 1.8 0.0548741
5.2 2 -0.0095104
5.2 2.2 -0.0439968
5.2 2.4 -0.0104219
5.2 2.6 0.0859815
5.2 2.8 0.193125
5.2 3 0.241881
5.2 3.2 0.193453
5.2 3.4 0.071238
5.2 3.6 -0.0510558
5.2 3.8 -0.0942561
5.2 4 -0.0278604
5.2 4.2 0.107899
5.2 4.4 0.224477
5.2 4.6 0.241092
5.2 4.8 0.136587
5.2 5 -0.0377955
5.2 5.2 -0.190158
5.2 5.4 -0.246714
5.2 5.6 -0.195125
5.2 5.8 -0.0857229
5.2 6 0.00472841
5.2 6.2 0.0255847
5.2 6.4 -0.0203451
5.2 6.6 -0.0874637
5.2 6.8 -0.122618
5.2 7 -0.10368
5.2 7.2 -0.0483418
5.2 7.4 0.00617046
5.2 7.6 0.0334121
5.2 7.8 0.0376301
5.2 8 0.0411499
5.2 8.2 0.00564937
5.2 8.4 0

5.4 0 0
5.4 0.2 0.037685
5.4 0.4 0.272356
5.4 0.6 0.202549
5.4 0.8 0.129046
5.4 1 0.0901472
5.4 1.2 0.0959591
5.4 1.4 0.120734
5.4 1.6 0.123142
5.4 1.8 0.080303
5.4 2 0.0100228
5.4 2.2 -0.0403521
5.4 2.4 -0.0255977
5.4 2.6 0.0558756
5.4 2.8 0.159768
5.4 3 0.219943
5.4 3.2 0.195622
5.4 3.4 0.102437
5.4 3.6 0.00524599
5.4 3.8 -0.0248931
5.4 4 0.0391935
5.4 4.2 0.159073
5.4 4.4 0.252846
5.4 4.6 0.249055
5.4 4.8 0.135878
5.4 5 -0.0308627
5.4 5.2 -0.16187
5.4 5.4 -0.190846
5.4 5.6 -0.11725
5.4 5.8 -0.000487462
5.4 6 0.0780734
5.4 6.2 0.0721466
5.4 6.4 -0.00717628
5.4 6.6 -0.10159
5.4 6.8 -0.15131
5.4 7 -0.13077
5.4 7.2 -0.0640974
5.4 7.4 0.00375032
5.4 7.6 0.03765
5.4 7.8 0.0384172
5.4 8 0.0299476
5.4 8.2 0.0041209
5.4 8.4 0

5.6 0 0
5.6 0.2 0.034185
5.6 0.4 0.246802
5.6 0.6 0.174961
5.6 0.8 0.0989414
5.6 1 0.0618619
5.6 1.2 0.0765398
5.6 1.4 0.115373
5.6 1.6 0.130345
5.6 1.8 0.0917014
5.6 2 0.0111343
5.6 2.2 -0.0622357
5.6 2.4 -0.0781295
5.6 2.6 -0.0227926
5.6 2.8 0.0690034
5.6 3 0.135972
5.6 3.2 0.133634
5.6 3.4 0.0690032
5.6 3.6 -0.00610067
5.6 3.8 -0.0272919
5.6 4 0.0309656
5.6 4.2 0.137677
5.6 4.4 0.221639
5.6 4.6 0.221075
5.6 4.8 0.126504
5.6 5 -0.00946252
5.6 5.2 -0.106954
5.6 5.4 -0.110027
5.6 5.6 -0.0244362
5.6 5.8 0.088649
5.6 6 0.154097
5.6 6.2 0.13012
5.6 6.4 0.0368593
5.6 6.6 -0.0658718
5.6 6.8 -0.11694
5.6 7 -0.096117
5.6 7.2 -0.0308263
5.6 7.4 0.0297984
5.6 7.6 0.0496268
5.6 7.8 0.0330013
5.6 8 0.0101401
5.6 8.2 0.0013896
5.6 8.4 0

5.8 0 0
5.8 0.2 0.021244
5.8 0.4 0.153107
5.8 0.6 0.0919837
5.8 0.8 0.0282841
5.8 1 0.00687523
5.8 1.2 0.0413728
5.8 1.4 0.101253
5.8 1.6 0.133502
5.8 1.8 0.100887
5.8 2 0.0116825
5.8 2.2 -0.0849866
5.8 2.4 -0.132388
5.8 2.6 -0.10516
5.8 2.8 -0.0288088
5.8 3 0.0400711
5.8 3.2 0.0532868
5.8 3.4 0.0071084
5.8 3.6 -0.056477
5.8 3.8 -0.0799969
5.8 4 -0.032505
5.8 4.2 0.0638907
5.8 4.4 0.151573
5.8 4.6 0.173438
5.8 4.8 0.117326
5.8 5 0.0231101
5.8 5.2 -0.0436961
5.8 5.4 -0.035139
5.8 5.6 0.0429223
5.8 5.8 0.139413
5.8 6 0.190336
5.8 6.2 0.164079
5.8 6.4 0.0793227
5.8 6.6 -0.00758188
5.8 6.8 -0.0466391
5.8 7 -0.0233063
5.8 7.2 0.0310029
5.8 7.4 0.0705203
5.8 7.6 0.0648473
5.8 7.8 0.023879
5.8 8 -0.0151373
5.8 8.2 -0.00213145
5.8 8.4 0

6 0 0
6 0.2 0.0049185
6 0.4 0.0346288
6 0.6 -0.0101043
6 0.8 -0.0544443
6 1 -0.0543395
6 1.2 0.00260681
6 1.4 0.0835974
6 1.6 0.133522
6 1.8 0.109952
6 2 0.0183485
6 2.2 -0.0923143
6 2.4 -0.160092
6 2.6 -0.152561
6 2.8 -0.0867751
6 3 -0.0169207
6 3.2 0.00551637
6 3.4 -0.0327581
6 3.6 -0.0984312
6 3.8 -0.136287
6 4 -0.108546
6 4.2 -0.0228586
6 4.4 0.074291
6 4.6 0.129333
6 4.8 0.119008
6 5 0.064894
6 5.2 0.0154974
6 5.4 0.0124546
6 5.6 0.0598801
6 5.8 0.12399
6 6 0.159726
6 6.2 0.142844
6 6.4 0.0877677
6 6.6 0.0339228
6 6.8 0.0177957
6 7 0.0439777
6 7.2 0.0842658
6 7.4 0.0996909
6 7.6 0.0697948
6 7.8 0.0101976
6 8 -0.0399003
6 8.2 -0.00560727
6 8.4 0

6.2 0 0
6.2 0.2 -0.0110021
6.2 0.4 -0.0809471
6.2 0.6 -0.109496
6.2 0.8 -0.135765
6.2 1 -0.117813
6.2 1.2 -0.0454651
6.2 1.4 0.0504989
6.2 1.6 0.113406
6.2 1.8 0.10163
6.2 2 0.0172076
6.2 2.2 -0.091691
6.2 2.4 -0.163182
6.2 2.6 -0.160071
6.2 2.8 -0.0944342
6.2 3 -0.0190395
6.2 3.2 0.0117887
6.2 3.4 -0.0244571
6.2 3.6 -0.100814
6.2 3.8 -0.161971
6.2 4 -0.160741
6.2 4.2 -0.0899831
6.2 4.4 0.0158112
6.2 4.6 0.103455
6.2 4.8 0.135284
6.2 5 0.111102
6.2 5.2 0.0626042
6.2 5.4 0.0280044
6.2 5.6 0.0264654
6.2 5.8 0.0477022
6.2 6 0.0679066
6.2 6.2 0.0680661
6.2 6.4 0.0518275
6.2 6.6 0.0378616
6.2 6.8 0.044281
6.2 7 0.0707773
6.2 7.2 0.0959655
6.2 7.4 0.0938884
6.2 7.6 0.0548059
6.2 7.8 -0.00539835
6.2 8 -0.0532465
6.2 8.2 -0.00746135
6.2 8.4 0

6.4 0 0
6.4 0.2 -0.0253253
6.4 0.4 -0.184634
6.4 0.6 -0.200531
6.4 0.8 -0.215128
6.4 1 -0.190408
6.4 1.2 -0.113571
6.4 1.4 -0.0141475
6.4 1.6 0.0564336
6.4 1.8 0.0571976
6.4 2 -0.0109174
6.4 2.2 -0.105357
6.4 2.4 -0.165656
6.4 2.6 -0.154593
6.4 2.8 -0.0805521
6.4 3 0.00667656
6.4 3.2 0.0486702
6.4 3.4 0.017901
6.4 3.6 -0.0678912
6.4 3.8 -0.152463
6.4 4 -0.18107
6.4 4.2 -0.130144
6.4 4.4 -0.0221424
6.4 4.6 0.0902158
6.4 4.8 0.155705
6.4 5 0.153473
6.4 5.2 0.0974927
6.4 5.4 0.0245954
6.4 5.6 -0.0302555
6.4 5.8 -0.0517385
6.4 6 -0.0453998
6.4 6.2 -0.0264599
6.4 6.4 -0.00692714
6.4 6.6 0.0112767
6.4 6.8 0.0294528
6.4 7 0.0467685
6.4 7.2 0.0562357
6.4 7.4 0.0485582
6.4 7.6 0.0217971
6.4 7.8 -0.0139979
6.4 8 -0.041922
6.4 8.2 -0.0058676
6.4 8.4 0

6.6 0 0
6.6 0.2 -0.0366292
6.6 0.4 -0.266028
6.6 0.6 -0.274426
6.6 0.8 -0.286837
6.6 1 -0.265284
6.6 1.2 -0.196589
6.6 1.4 -0.103193
6.6 1.6 -0.0318518
6.6 1.8 -0.0186676
6.6 2 -0.0680149
6.6 2.2 -0.142719
6.6 2.4 -0.188375
6.6 2.6 -0.167881
6.6 2.8 -0.0857413
6.6 3 0.0135988
6.6 3.2 0.0721131
6.6 3.4 0.0546265
6.6 3.6 -0.0288266
6.6 3.8 -0.127923
6.6 4 -0.181263
6.6 4.2 -0.152821
6.6 4.4 -0.0517169
6.6 4.6 0.0754356
6.6 4.8 0.166532
6.6 5 0.18338
6.6 5.2 0.124166
6.6 5.4 0.0224984
6.6 5.6 -0.0729571
6.6 5.8 -0.126994
6.6 6 -0.128445
6.6 6.2 -0.0934282
6.6 6.4 -0.0483785
6.6 6.6 -0.0158763
6.6 6.8 -0.00522098
6.6 7 -0.0110735
6.6 7.2 -0.0205178
6.6 7.4 -0.0237454
6.6 7.6 -0.0170483
6.6 7.8 -0.00549704
6.6 8 0.0034382
6.6 8.2 0.000453743
6.6 8.4 0

6.8 0 0
6.8 0.2 -0.0412198
6.8 0.4 -0.298581
6.8 0.6 -0.30581
6.8 0.8 -0.322509
6.8 1 -0.313181
6.8 1.2 -0.2597
6.8 1.4 -0.179832
6.8 1.6 -0.110519
6.8 1.8 -0.0883572
6.8 2 -0.120513
6.8 2.2 -0.18113
6.8 2.4 -0.222904
6.8 2.6 -0.207329
6.8 2.8 -0.131122
6.8 3 -0.0274328
6.8 3.2 0.0474691
6.8 3.4 0.0546484
6.8 3.6 -0.0109246
6.8 3.8 -0.107945
6.8 4 -0.178017
6.8 4.2 -0.17249
6.8 4.4 -0.0856109
6.8 4.6 0.0452897
6.8 4.8 0.157202
6.8 5 0.196751
6.8 5.2 0.148429
6.8 5.4 0.0401398
6.8 5.6 -0.0738706
6.8 5.8 -0.142018
6.8 6 -0.144699
6.8 6.2 -0.0971543
6.8 6.4 -0.0412818
6.8 6.6 -0.0144747
6.8 6.8 -0.0309989
6.8 7 -0.073643
6.8 7.2 -0.106853
6.8 7.4 -0.100943
6.8 7.6 -0.0502338
6.8 7.8 0.0228853
6.8 8 0.0796862
6.8 8.2 0.011087
6.8 8.4 0

7 0 0
7 0.2 -0.0346685
7 0.4 -0.250665
7 0.6 -0.264104
7 0.8 -0.290573
7 1 -0.296105
7 1.2 -0.26122
7 1.4 -0.19544
7 1.6 -0.129541
7 1.8 -0.0993483
7 2 -0.121125
7 2.2 -0.179203
7 2.4 -0.235298
7 2.6 -0.247862
7 2.8 -0.199396
7 3 -0.108398
7 3.2 -0.0201114
7 3.4 0.0181293
7 3.6 -0.0132328
7 3.8 -0.0930316
7 4 -0.168817
7 4.2 -0.186004
7 4.4 -0.121469
7 4.6 0.00323297
7 4.8 0.129678
7 5 0.19712
7 5.2 0.175242
7 5.4 0.0819299
7 5.6 -0.0274811
7 5.8 -0.0955923
7 6 -0.0931836
7 6.2 -0.0391705
7 6.4 0.0162563
7 6.6 0.0242212
7 6.8 -0.0308169
7 7 -0.117329
7 7.2 -0.178422
7 7.4 -0.165096
7 7.6 -0.0704862
7 7.8 0.0628222
7 8 0.167182
7 8.2 0.0232329
7 8.4 0

7.2 0 0
7.2 0.2 -0.0164626
7.2 0.4 -0.118182
7.2 0.6 -0.142287
7.2 0.8 -0.180037
7.2 1 -0.20035
7.2 1.2 -0.181965
7.2 1.4 -0.127705
7.2 1.6 -0.0631156
7.2 1.8 -0.0243453
7.2 2 -0.0388038
7.2 2.2 -0.103517
7.2 2.4 -0.189433
7.2 2.6 -0.250032
7.2 2.8 -0.250888
7.2 3 -0.188013
7.2 3.2 -0.0955143
7.2 3.4 -0.0231791
7.2 3.6 -0.0116688
7.2 3.8 -0.0621855
7.2 4 -0.13715
7.2 4.2 -0.177557
7.2 4.4 -0.143317
7.2 4.6 -0.035987
7.2 4.8 0.0982818
7.2 5 0.192817
7.2 5.2 0.205674
7.2 5.4 0.139664
7.2 5.6 0.0455702
7.2 5.8 -0.0159899
7.2 6 -0.0102972
7.2 6.2 0.0454302
7.2 6.4 0.0956388
7.2 6.6 0.083206
7.2 6.8 -0.00711031
7.2 7 -0.134511
7.2 7.2 -0.222979
7.2 7.4 -0.208676
7.2 7.6 -0.0832755
7.2 7.8 0.0962516
7.2 8 0.236991
7.2 8.2 0.0328465
7.2 8.4 0

7.4 0 0
7.4 0.2 0.00772508
7.4 0.4 0.0569643
7.4 0.6 0.0210611
7.4 0.8 -0.0262592
7.4 1 -0.0579032
7.4 1.2 -0.0523474
7.4 1.4 -0.00620333
7.4 1.6 0.0603636
7.4 1.8 0.110062
7.4 2 0.106647
7.4 2.2 0.0369918
7.4 2.4 -0.0796916
7.4 2.6 -0.192746
7.4 2.8 -0.250138
7.4 3 -0.224549
7.4 3.2 -0.133697
7.4 3.4 -0.0308152
7.4 3.6 0.0251245
7.4 3.8 0.006205
7.4 4 -0.066177
7.4 4.2 -0.132985
7.4 4.4 -0.13576
7.4 4.6 -0.0547369
7.4 4.8 0.0769683
7.4 5 0.192699
7.4 5.2 0.236474
7.4 5.4 0.196487
7.4 5.6 0.114378
7.4 5.8 0.0534737
7.4 6 0.0553798
7.4 6.2 0.108297
7.4 6.4 0.155064
7.4 6.6 0.133176
7.4 6.8 0.0233258
7.4 7 -0.129763
7.4 7.2 -0.24037
7.4 7.4 -0.233028
7.4 7.6 -0.0967988
7.4 7.8 0.103948
7.4 8 0.262399
7.4 8.2 0.0363045
7.4 8.4 0

7.6 0 0
7.6 0.2 0.0275602
7.6 0.4 0.200334
7.6 0.6 0.157733
7.6 0.8 0.10647
7.6 1 0.0680017
7.6 1.2 0.0632343
7.6 1.4 0.101499
7.6 1.6 0.170201
7.6 1.8 0.235064
7.6 2 0.250782
7.6 2.2 0.189738
7.6 2.4 0.058789
7.6 2.6 -0.0913003
7.6 2.8 -0.194396
7.6 3 -0.201513
7.6 3.2 -0.114704
7.6 3.4 0.0124866
7.6 3.6 0.1046
7.6 3.8 0.111783
7.6 4 0.0381836
7.6 4.2 -0.0568268
7.6 4.4 -0.100081
7.6 4.6 -0.050603
7.6 4.8 0.0714354
7.6 5 0.198737
7.6 5.2 0.262821
7.6 5.4 0.236221
7.6 5.6 0.15294
7.6 5.8 0.0793392
7.6 6 0.0671173
7.6 6.2 0.114567
7.6 6.4 0.165679
7.6 6.6 0.152773
7.6 6.8 0.0470083
7.6 7 -0.111485
7.6 7.2 -0.235329
7.6 7.4 -0.243544
7.6 7.6 -0.118632
7.6 7.8 0.0761672
7.6 8 0.231463
7.6 8.2 0.0319875
7.6 8.4 0

7.8 0 0
7.8 0.2 0.034701
7.8 0.4 0.251432
7.8 0.6 0.21133
7.8 0.8 0.164362
7.8 1 0.122814
7.8 1.2 0.106589
7.8 1.4 0.132304
7.8 1.6 0.198579
7.8 1.8 0.27782
7.8 2 0.320743
7.8 2.2 0.287124
7.8 2.4 0.169728
7.8 2.6 0.0132467
7.8 2.8 -0.110268
7.8 3 -0.136956
7.8 3.2 -0.0546096
7.8 3.4 0.0869311
7.8 3.6 0.201599
7.8 3.8 0.223454
7.8 4 0.143696
7.8 4.2 0.0210512
7.8 4.4 -0.0584525
7.8 4.6 -0.0382339
7.8 4.8 0.0728105
7.8 5 0.205877
7.8 5.2 0.279226
7.8 5.4 0.252956
7.8 5.6 0.154295
7.8 5.8 0.0558884
7.8 6 0.0224421
7.8 6.2 0.064166
7.8 6.4 0.129368
7.8 6.6 0.142507
7.8 6.8 0.0622083
7.8 7 -0.0837515
7.8 7.2 -0.213419
7.8 7.4 -0.243151
7.8 7.6 -0.148202
7.8 7.8 0.0177235
7.8 8 0.151566
7.8 8.2 0.0209061
7.8 8.4 0

8 0 0
8 0.2 0.028449
8 0.4 0.205613
8 0.6 0.177838
8 0.8 0.142105
8 1 0.100747
8 1.2 0.0694074
8 1.4 0.0735474
8 1.6 0.12633
8 1.8 0.21157
8 2 0.283098
8 2.2 0.290359
8 2.4 0.212137
8 2.6 0.078592
8 2.8 -0.0388384
8 3 -0.0696994
8 3.2 0.00825467
8 3.4 0.151262
8 3.6 0.271149
8 3.8 0.293491
8 4 0.203342
8 4.2 0.0598689
8 4.4 -0.0433854
8 4.6 -0.0395357
8 4.8 0.06755
8 5 0.206045
8 5.2 0.283383
8 5.4 0.249662
8 5.6 0.129827
8 5.8 0.00288642
8 6 -0.052105
8 6.2 -0.0128611
8 6.4 0.0725453
8 6.6 0.121693
8 6.8 0.0784691
8 7 -0.0457821
8 7.2 -0.177695
8 7.4 -0.233357
8 7.6 -0.178978
8 7.8 -0.0552908
8 8 0.0473002
8 8.2 0.00651368
8 8.4 0

8.2 0 0
8.2 0.2 0.0161313
8.2 0.4 0.11627
8.2 0.6 0.107355
8.2 0.8 0.0886405
8.2 1 0.0497743
8.2 1.2 0.00123512
8.2 1.4 -0.0248962
8.2 1.6 -0.00026023
8.2 1.8 0.0757301
8.2 2 0.165785
8.2 2.2 0.213592
8.2 2.4 0.183558
8.2 2.6 0.0901328
8.2 2.8 -0.00556847
8.2 3 -0.0328077
8.2 3.2 0.0357561
8.2 3.4 0.165776
8.2 3.6 0.273449
8.2 3.8 0.285123
8.2 4 0.185149
8.2 4.2 0.0330648
8.2 4.4 -0.0761204
8.2 4.6 -0.071073
8.2 4.8 0.0442539
8.2 5 0.192708
8.2 5.2 0.275265
8.2 5.4 0.235634
8.2 5.6 0.0983628
8.2 5.8 -0.0495526
8.2 6 -0.118567
8.2 6.2 -0.0759483
8.2 6.4 0.0317483
8.2 6.6 0.115709
8.2 6.8 0.106645
8.2 7 0.00172912
8.2 7.2 -0.132869
8.2 7.4 -0.214858
8.2 7.6 -0.201169
8.2 7.8 -0.120194
8.2 8 -0.0483783
8.2 8.2 -0.00662854
8.2 8.4 0

8.4 0 0
8.4 0.2 0.00735662
8.4 0.4 0.0528343
8.4 0.6 0.0635947
8.4 0.8 0.0654852
8.4 1 0.0334618
8.4 1.2 -0.0290538
8.4 1.4 -0.0884342
8.4 1.6 -0.101133
8.4 1.8 -0.0500189
8.4 2 0.0393951
8.4 2.2 0.111585
8.4 2.4 0.119625
8.4 2.6 0.0630027
8.4 2.8 -0.011508
8.4 3 -0.0385938
8.4 3.2 0.0122749
8.4 3.4 0.116689
8.4 3.6 0.200407
8.4 3.8 0.196529
8.4 4 0.0927321
8.4 4.2 -0.0537691
8.4 4.4 -0.148974
8.4 4.6 -0.126811
8.4 4.8 0.00583366
8.4 5 0.167892
8.4 5.2 0.257058
8.4 5.4 0.216684
8.4 5.6 0.0729054
8.4 5.8 -0.0817216
8.4 6 -0.151193
8.4 6.2 -0.0991269
8.4 6.4 0.0282223
8.4 6.6 0.136376
8.4 6.8 0.148394
8.4 7 0.0536108
8.4 7.2 -0.0873164
8.4 7.4 -0.190181
8.4 7.6 -0.206344
8.4 7.8 -0.15568
8.4 8 -0.104907
8.4 8.2 -0.0143912
8.4 8.4 0

8.6 0 0
8.6 0.2 0.00605712
8.6 0.4 0.0436597
8.6 0.6 0.0721042
8.6 0.8 0.0971336
8.6 1 0.0800207
8.6 1.2 0.0133841
8.6 1.4 -0.0701262
8.6 1.6 -0.118448
8.6 1.8 -0.100707
8.6 2 -0.0305836
8.6 2.2 0.0407078
8.6 2.4 0.0637078
8.6 2.6 0.0241099
8.6 2.8 -0.0420948
8.6 3 -0.077875
8.6 3.2 -0.0507927
8.6 3.4 0.0221563
8.6 3.6 0.0791793
8.6 3.8 0.0629753
8.6 4 -0.0353736
8.6 4.2 -0.161856
8.6 4.4 -0.230463
8.6 4.6 -0.183032
8.6 4.8 -0.0331025
8.6 5 0.138089
8.6 5.2 0.230131
8.6 5.4 0.191542
8.6 5.6 0.0522042
8.6 5.8 -0.0932923
8.6 6 -0.149237
8.6 6.2 -0.0826995
8.6 6.4 0.0582391
8.6 6.6 0.176082
8.6 6.8 0.192016
8.6 7 0.0960057
8.6 7.2 -0.0511653
8.6 7.4 -0.163196
8.6 7.6 -0.189991
8.6 7.8 -0.148303
8.6 8 -0.102859
8.6 8.2 -0.0140912
8.6 8.4 0

8.8 0 0
8.8 0.2 0.00765888
8.8 0.4 0.0554716
8.8 0.6 0.0989671
8.8 0.8 0.148011
8.8 1 0.153678
8.8 1.2 0.0991901
8.8 1.4 0.0109868
8.8 1.6 -0.0570074
8.8 1.8 -0.0682219
8.8 2 -0.0268111
8.8 2.2 0.0236297
8.8 2.4 0.0346698
8.8 2.6 -0.010022
8.8 2.8 -0.0839354
8.8 3 -0.13442
8.8 3.2 -0.130649
8.8 3.4 -0.0826968
8.8 3.6 -0.0436905
8.8 3.8 -0.0614813
8.8 4 -0.143325
8.8 4.2 -0.240622
8.8 4.4 -0.278686
8.8 4.6 -0.210594
8.8 4.8 -0.0540181
8.8 5 0.111751
8.8 5.2 0.196046
8.8 5.4 0.155188
8.8 5.6 0.0257648
8.8 5.8 -0.0997233
8.8 6 -0.133228
8.8 6.2 -0.0491941
8.8 6.4 0.0993925
8.8 6.6 0.214271
8.8 6.8 0.22193
8.8 7 0.117871
8.8 7.2 -0.0310895
8.8 7.4 -0.13818
8.8 7.6 -0.153243
8.8 7.8 -0.0977912
8.8 8 -0.0407362
8.8 8.2 -0.00553053
8.8 8.4 0

9 0 0
9 0.2 0.00362126
9 0.4 0.0263566
9 0.6 0.0813931
9 0.8 0.149147
9 1 0.180244
9 1.2 0.151029
9 1.4 0.0830813
9 1.6 0.0202764
9 1.8 -0.00178778
9 2 0.0150745
9 2.2 0.0354868
9 2.4 0.0188587
9 2.6 -0.0465477
9 2.8 -0.133758
9 3 -0.195757
9 3.2 -0.202065
9 3.4 -0.163723
9 3.6 -0.125563
9 3.8 -0.131145
9 4 -0.188062
9 4.2 -0.254503
9 4.4 -0.268237
9 4.6 -0.191957
9 4.8 -0.0469517
9 5 0.0947837
9 5.2 0.155861
9 5.4 0.105786
9 5.6 -0.0144217
9 5.8 -0.116704
9 6 -0.124326
9 6.2 -0.0232644
9 6.4 0.126973
9 6.6 0.231544
9 6.8 0.22552
9 7 0.114513
9 7.2 -0.0284837
9 7.4 -0.115788
9 7.6 -0.103047
9 7.8 -0.018455
9 8 0.0611979
9 8.2 0.00849757
9 8.4 0

9.2 0 0
9.2 0.2 -0.00967925
9.2 0.4 -0.070012
9.2 0.6 -0.0121157
9.2 0.8 0.0600054
9.2 1 0.105041
9.2 1.2 0.10496
9.2 1.4 0.0730365
9.2 1.6 0.0415337
9.2 1.8 0.0320767
9.2 2 0.0394475
9.2 2.2 0.0341955
9.2 2.4 -0.0123475
9.2 2.6 -0.0993152
9.2 2.8 -0.195789
9.2 3 -0.254668
9.2 3.2 -0.252263
9.2 3.4 -0.20087
9.2 3.6 -0.14633
9.2 3.8 -0.129988
9.2 4 -0.160394
9.2 4.2 -0.20253
9.2 4.4 -0.20336
9.2 4.6 -0.134587
9.2 4.8 -0.016607
9.2 5 0.087756
9.2 5.2 0.11627
9.2 5.4 0.0509954
9.2 5.6 -0.0628657
9.2 5.8 -0.144669
9.2 6 -0.130275
9.2 6.2 -0.0171478
9.2 6.4 0.130279
9.2 6.6 0.223151
9.2 6.8 0.205697
9.2 7 0.0937254
9.2 7.2 -0.0357927
9.2 7.4 -0.0967558
9.2 7.6 -0.0521813
9.2 7.8 0.0624624
9.2 8 0.165204
9.2 8.2 0.0228627
9.2 8.4 0

9.4 0 0
9.4 0.2 -0.0252923
9.4 0.4 -0.183395
9.4 0.6 -0.14058
9.4 0.8 -0.0921641
9.4 1 -0.0575546
9.4 1.2 -0.0419055
9.4 1.4 -0.034144
9.4 1.6 -0.0203299
9.4 1.8 0.00283415
9.4 2 0.0171902
9.4 2.2 -0.00228872
9.4 2.4 -0.0706356
9.4 2.6 -0.171412
9.4 2.8 -0.263956
9.4 3 -0.303155
9.4 3.2 -0.272323
9.4 3.4 -0.19241
9.4 3.6 -0.112228
9.4 3.8 -0.0738296
9.4 4 -0.0854904
9.4 4.2 -0.114945
9.4 4.4 -0.11702
9.4 4.6 -0.0655355
9.4 4.8 0.019972
9.4 5 0.0867832
9.4 5.2 0.0853868
9.4 5.4 0.00782222
9.4 5.6 -0.100198
9.4 5.8 -0.166263
9.4 6 -0.138633
9.4 6.2 -0.0235236
9.4 6.4 0.1158
9.4 6.6 0.196824
9.4 6.8 0.174088
9.4 7 0.0686166
9.4 7.2 -0.0435437
9.4 7.4 -0.08178
9.4 7.6 -0.0159469
9.4 7.8 0.115239
9.4 8 0.228799
9.4 8.2 0.0316215
9.4 8.4 0

9.6 0 0
9.6 0.2 -0.0291108
9.6 0.4 -0.21095
9.6 0.6 -0.207984
9.6 0.8 -0.21732
9.6 1 -0.225926
9.6 1.2 -0.217954
9.6 1.4 -0.182757
9.6 1.6 -0.123321
9.6 1.8 -0.0616952
9.6 2 -0.0304996
9.6 2.2 -0.0550522
9.6 2.4 -0.135877
9.6 2.6 -0.240286
9.6 2.8 -0.318032
9.6 3 -0.326265
9.6 3.2 -0.25901
9.6 3.4 -0.147163
9.6 3.6 -0.0463785
9.6 3.8 0.00200642
9.6 4 -0.00695252
9.6 4.2 -0.0398172
9.6 4.4 -0.0523684
9.6 4.6 -0.0194413
9.6 4.8 0.0418854
9.6 5 0.0862847
9.6 5.2 0.0724765
9.6 5.4 -0.00483912
9.6 5.6 -0.102867
9.6 5.8 -0.159037
9.6 6 -0.130518
9.6 6.2 -0.0256068
9.6 6.4 0.096716
9.6 6.6 0.16628
9.6 6.8 0.144296
9.6 7 0.0522798
9.6 7.2 -0.042401
9.6 7.4 -0.0694957
9.6 7.6 -0.00420849
9.6 7.8 0.11838
9.6 8 0.223439
9.6 8.2 0.0308982
9.6 8.4 0

9.8 0 0
9.8 0.2 -0.0102521
9.8 0.4 -0.0742006
9.8 0.6 -0.134416
9.8 0.8 -0.227773
9.8 1 -0.305964
9.8 1.2 -0.328751
9.8 1.4 -0.283165
9.8 1.6 -0.1902
9.8 1.8 -0.0958365
9.8 2 -0.0498334
9.8 2.2 -0.0777346
9.8 2.4 -0.167123
9.8 2.6 -0.270559
9.8 2.8 -0.330002
9.8 3 -0.308013
9.8 3.2 -0.210056
9.8 3.4 -0.0795477
9.8 3.6 0.0233938
9.8 3.8 0.0614569
9.8 4 0.0355124
9.8 4.2 -0.0145908
9.8 4.4 -0.0417689
9.8 4.6 -0.0200095
9.8 4.8 0.0351256
9.8 5 0.0812761
9.8 5.2 0.0794274
9.8 5.4 0.0207391
9.8 5.6 -0.0604014
9.8 5.8 -0.11148
9.8 6 -0.0949908
9.8 6.2 -0.0157058
9.8 6.4 0.0808891
9.8 6.6 0.137172
9.8 6.8 0.121184
9.8 7 0.0476699
9.8 7.2 -0.0305483
9.8 7.4 -0.0584197
9.8 7.6 -0.0146236
9.8 7.8 0.073978
9.8 8 0.150722
9.8 8.2 0.0208704
9.8 8.4 0

10 0 0
10 0.2 0.028294
10 0.4 0.205269
10 0.6 0.0742415
10 0.8 -0.106256
10 1 -0.256921
10 1.2 -0.317256
10 1.4 -0.27326
10 1.6 -0.161223
10 1.8 -0.0491471
10 2 0.00115287
10 2.2 -0.0353085
10 2.4 -0.135533
10 2.6 -0.239509
10 2.8 -0.286436
10 3 -0.24492
10 3.2 -0.134486
10 3.4 -0.00757053
10 3.6 0.0745106
10 3.8 0.0811691
10 4 0.0241238
10 4.2 -0.0497925
10 4.4 -0.0891547
10 4.6 -0.0678005
10 4.8 -0.000920627
10 5 0.0688877
10 5.2 0.0989231
10 5.4 0.0742003
10 5.6 0.0160447
10 5.8 -0.0340282
10 6 -0.0405658
10 6.2 0.000516253
10 6.4 0.0623921
10 6.6 0.104011
10 6.8 0.0985386
10 7 0.0507822
10 7.2 -0.00842936
10 7.4 -0.0414836
10 7.6 -0.0322464
10 7.8 0.00795759
10 8 0.0443331
10 8.2 0.00614538
10 8.4 0

10.2 0 0
10.2 0.2 0.068526
10.2 0.4 0.496535
10.2 0.6 0.311519
10.2 0.8 0.071849
10.2 1 -0.125286
10.2 1.2 -0.207579
10.2 1.4 -0.163384
10.2 1.6 -0.0427905
10.2 1.8 0.0729334
10.2 2 0.114851
10.2 2.2 0.0624551
10.2 2.4 -0.0509192
10.2 2.6 -0.158161
10.2 2.8 -0.199688
10.2 3 -0.153937
10.2 3.2 -0.0512243
10.2 3.4 0.0504879
10.2 3.6 0.0938558
10.2 3.8 0.058499
10.2 4 -0.0332817
10.2 4.2 -0.127021
10.2 4.4 -0.17138
10.2 4.6 -0.141662
10.2 4.8 -0.0539547
10.2 5 0.0474319
10.2 5.2 0.117132
10.2 5.4 0.130425
10.2 5.6 0.0958316
10.2 5.8 0.0442997
10.2 6 0.00869547
10.2 6.2 0.00552937
10.2 6.4 0.0290355
10.2 6.6 0.0561855
10.2 6.8 0.0664489
10.2 7 0.05152
10.2 7.2 0.0194583
10.2 7.4 -0.0131237
10.2 7.6 -0.0345567
10.2 7.8 -0.0429225
10.2 8 -0.0458984
10.2 8.2 -0.0063137
10.2 8.4 0

10.4 0 0
10.4 0.2 0.0873497
10.4 0.4 0.632619
10.4 0.6 0.433603
10.4 0.8 0.185697
10.4 1 -0.00950797
10.4 1.2 -0.0815557
10.4 1.4 -0.0252851
10.4 1.6 0.100673
10.4 1.8 0.208673
10.4 2 0.23353
10.4 2.2 0.16222
10.4 2.4 0.0379787
10.4 2.6 -0.070417
10.4 2.8 -0.109953
10.4 3 -0.0698455
10.4 3.2 0.0114744
10.4 3.4 0.0767963
10.4 3.6 0.0768783
10.4 3.8 0.0042824
10.4 4 -0.109392
10.4 4.2 -0.209051
10.4 4.4 -0.247736
10.4 4.6 -0.20644
10.4 4.8 -0.102778
10.4 5 0.021153
10.4 5.2 0.119275
10.4 5.4 0.162272
10.4 5.6 0.147566
10.4 5.8 0.0939267
10.4 6 0.0317175
10.4 6.2 -0.0122379
10.4 6.4 -0.0245314
10.4 6.6 -0.00871447
10.4 6.8 0.0206684
10.4 7 0.0452105
10.4 7.2 0.0493971
10.4 7.4 0.0297501
10.4 7.6 -0.00895656
10.4 7.8 -0.0516013
10.4 8 -0.0834618
10.4 8.2 -0.0115267
10.4 8.4 0

10.6 0 0
10.6 0.2 0.0722995
10.6 0.4 0.523321
10.6 0.6 0.356904
10.6 0.8 0.155344
10.6 1 0.0103235
10.6 1.2 -0.0197327
10.6 1.4 0.0607326
10.6 1.6 0.188581
10.6 1.8 0.282145
10.6 2 0.286267
10.6 2.2 0.200528
10.6 2.4 0.075123
10.6 2.6 -0.0244259
10.6 2.8 -0.0563833
10.6 3 -0.0224836
10.6 3.2 0.0355242
10.6 3.4 0.0644458
10.6 3.6 0.0312265
10.6 3.8 -0.0593403
10.6 4 -0.172408
10.6 4.2 -0.257183
10.6 4.4 -0.27993
10.6 4.6 -0.229665
10.6 4.8 -0.126213
10.6 5 -0.00417002
10.6 5.2 0.0988445
10.6 5.4 0.154584
10.6 5.6 0.153068
10.6 5.8 0.102677
10.6 6 0.0259722
10.6 6.2 -0.0463278
10.6 6.4 -0.0850404
10.6 6.6 -0.0776975
10.6 6.8 -0.0301252
10.6 7 0.0320477
10.6 7.2 0.0758545
10.6 7.4 0.0785636
10.6 7.6 0.0392604
10.6 7.8 -0.020688
10.6 8 -0.0676996
10.6 8.2 -0.00938654
10.6 8.4 0

10.8 0 0
10.8 0.2 0.0311461
10.8 0.4 0.224915
10.8 0.6 0.122368
10.8 0.8 0.00163975
10.8 1 -0.0665558
10.8 1.2 -0.0407719
10.8 1.4 0.0629417
10.8 1.6 0.184594
10.8 1.8 0.254891
10.8 2 0.237702
10.8 2.2 0.147555
10.8 2.4 0.0359657
10.8 2.6 -0.0393781
10.8 2.8 -0.053735
10.8 3 -0.0185729
10.8 3.2 0.0198315
10.8 3.4 0.0231071
10.8 3.6 -0.0267887
10.8 3.8 -0.112479
10.8 4 -0.197803
10.8 4.2 -0.248457
10.8 4.4 -0.246275
10.8 4.6 -0.194635
10.8 4.8 -0.111202
10.8 5 -0.0186409
10.8 5.2 0.0623383
10.8 5.4 0.113267
10.8 5.6 0.121751
10.8 5.8 0.083409
10.8 6 0.0103356
10.8 6.2 -0.0707198
10.8 6.4 -0.12398
10.8 6.6 -0.123369
10.8 6.8 -0.0659089
10.8 7 0.020593
10.8 7.2 0.0935687
10.8 7.4 0.116189
10.8 7.6 0.0824427
10.8 7.8 0.0168745
10.8 8 -0.0358502
10.8 8.2 -0.00497697
10.8 8.4 0

11 0 0
11 0.2 -0.0119864
11 0.4 -0.0876376
11 0.6 -0.123812
11 0.8 -0.164572
11 1 -0.161174
11 1.2 -0.0937826
11 1.4 0.0157182
11 1.6 0.114097
11 1.8 0.151921
11 2 0.114182
11 2.2 0.0289169
11 2.4 -0.0543718
11 2.6 -0.0923326
11 2.8 -0.0778281
11 3 -0.0363458
11 3.2 -0.00939143
11 3.4 -0.0231024
11 3.6 -0.0746566
11 3.8 -0.137327
11 4 -0.178665
11 4.2 -0.18193
11 4.4 -0.152176
11 4.6 -0.105312
11 4.8 -0.0581813
11 5 -0.0152745
11 5.2 0.0249136
11 5.4 0.0596015
11 5.6 0.078301
11 5.8 0.0647951
11 6 0.0149555
11 6.2 -0.055529
11 6.4 -0.112212
11 6.6 -0.121194
11 6.8 -0.0707055
11 7 0.0166116
11 7.2 0.0953596
11 7.4 0.123861
11 7.6 0.0893744
11 7.8 0.0188647
11 8 -0.0389564
11 8.2 -0.00540823
11 8.4 0

11.2 0 0
11.2 0.2 -0.031962
11.2 0.4 -0.232401
11.2 0.6 -0.227466
11.2 0.8 -0.217495
11.2 1 -0.176398
11.2 1.2 -0.0991534
11.2 1.4 -0.0119288
11.2 1.6 0.0446685
11.2 1.8 0.0424421
11.2 2 -0.014675
11.2 2.2 -0.0890412
11.2 2.4 -0.136974
11.2 2.6 -0.131908
11.2 2.8 -0.0868215
11.2 3 -0.0362214
11.2 3.2 -0.019371
11.2 3.4 -0.0443922
11.2 3.6 -0.0938388
11.2 3.8 -0.128636
11.2 4 -0.123562
11.2 4.2 -0.0801662
11.2 4.4 -0.0243883
11.2 4.6 0.0127476
11.2 4.8 0.0196504
11.2 5 0.00768818
11.2 5.2 0.00240266
11.2 5.4 0.0189558
11.2 5.6 0.0506171
11.2 5.8 0.0714184
11.2 6 0.0585535
11.2 6.2 0.0123327
11.2 6.4 -0.0413332
11.2 6.6 -0.0650911
11.2 6.8 -0.0392449
11.2 7 0.0222683
11.2 7.2 0.080297
11.2 7.4 0.0917281
11.2 7.6 0.0440961
11.2 7.8 -0.0381052
11.2 8 -0.105447
11.2 8.2 -0.0145463
11.2 8.4 0

11.4 0 0
11.4 0.2 -0.0191632
11.4 0.4 -0.139636
11.4 0.6 -0.129809
11.4 0.8 -0.111311
11.4 1 -0.0721894
11.4 1.2 -0.0184827
11.4 1.4 0.0260873
11.4 1.6 0.0322176
11.4 1.8 -0.0103232
11.4 2 -0.0827421
11.4 2.2 -0.144283
11.4 2.4 -0.158933
11.4 2.6 -0.117452
11.4 2.8 -0.0481849
11.4 3 0.00589078
11.4 3.2 0.0110564
11.4 3.4 -0.028402
11.4 3.6 -0.0786546
11.4 3.8 -0.0948613
11.4 4 -0.0558453
11.4 4.2 0.0223411
11.4 4.4 0.0961969
11.4 4.6 0.125417
11.4 4.8 0.0985755
11.4 5 0.0429764
11.4 5.2 0.00117261
11.4 5.4 0.00474288
11.4 5.6 0.0507693
11.4 5.8 0.106138
11.4 6 0.132318
11.4 6.2 0.112991
11.4 6.4 0.0642606
11.4 6.6 0.0218487
11.4 6.8 0.0120287
11.4 7 0.0313411
11.4 7.2 0.0495798
11.4 7.4 0.0302777
11.4 7.6 -0.0392136
11.4 7.8 -0.136026
11.4 8 -0.215765
11.4 8.2 -0.0297631
11.4 8.4 0

11.6 0 0
11.6 0.2 0.0143848
11.6 0.4 0.103636
11.6 0.6 0.0921744
11.6 0.8 0.0895049
11.6 1 0.100365
11.6 1.2 0.116615
11.6 1.4 0.11719
11.6 1.6 0.0827928
11.6 1.8 0.0130161
11.6 2 -0.0669363
11.6 2.2 -0.116599
11.6 2.4 -0.109284
11.6 2.6 -0.0476203
11.6 2.8 0.0316143
11.6 3 0.0812166
11.6 3.2 0.0723882
11.6 3.4 0.0174473
11.6 3.6 -0.0406065
11.6 3.8 -0.0530488
11.6 4 -0.00143069
11.6 4.2 0.0914778
11.6 4.4 0.173962
11.6 4.6 0.198919
11.6 4.8 0.156231
11.6 5 0.0782569
11.6 5.2 0.0179424
11.6 5.4 0.0144378
11.6 5.6 0.0703391
11.6 5.8 0.148179
11.6 6 0.201769
11.6 6.2 0.202852
11.6 6.4 0.157641
11.6 6.6 0.0987014
11.6 6.8 0.0546414
11.6 7 0.032766
11.6 7.2 0.0123779
11.6 7.4 -0.0346227
11.6 7.6 -0.119138
11.6 7.8 -0.223409
11.6 8 -0.30895
11.6 8.2 -0.0425935
11.6 8.4 0

11.8 0 0
11.8 0.2 0.044066
11.8 0.4 0.31889
11.8 0.6 0.281422
11.8 0.8 0.25026
11.8 1 0.231894
11.8 1.2 0.220254
11.8 1.4 0.198792
11.8 1.6 0.151262
11.8 1.8 0.0790575
11.8 2 0.00402477
11.8 2.2 -0.0379968
11.8 2.4 -0.0253994
11.8 2.6 0.0359352
11.8 2.8 0.108749
11.8 3 0.148445
11.8 3.2 0.128908
11.8 3.4 0.0640358
11.8 3.6 -0.00328705
11.8 3.8 -0.0243157
11.8 4 0.0199655
11.8 4.2 0.107873
11.8 4.4 0.188908
11.8 4.6 0.216483
11.8 4.8 0.178946
11.8 5 0.103482
11.8 5.2 0.0427759
11.8 5.4 0.0357774
11.8 5.6 0.0879744
11.8 5.8 0.166531
11.8 6 0.22517
11.8 6.2 0.232978
11.8 6.4 0.18951
11.8 6.6 0.12242
11.8 6.8 0.0605228
11.8 7 0.01673
11.8 7.2 -0.021319
11.8 7.4 -0.0741167
11.8 7.6 -0.15179
11.8 7.8 -0.242914
11.8 8 -0.318294
11.8 8.2 -0.0438779
11.8 8.4 0

12 0 0
12 0.2 0.0497435
12 0.4 0.360019
12 0.6 0.309619
12 0.8 0.262295
12 1 0.231837
12 1.2 0.218578
12 1.4 0.208325
12 1.6 0.182034
12 1.8 0.133155
12 2 0.0743708
12 2.2 0.0341553
12 2.4 0.0342494
12 2.6 0.0748641
12 2.8 0.128927
12 3 0.159196
12 3.2 0.141003
12 3.4 0.0809663
12 3.6 0.0132831
12 3.8 -0.0192723
12 4 0.00440884
12 4.2 0.0727307
12 4.4 0.145557
12 4.6 0.182641
12 4.8 0.16712
12 5 0.116203
12 5.2 0.0683156
12 5.4 0.056485
12 5.6 0.0885609
12 5.8 0.141612
12 6 0.180503
12 6.2 0.179738
12 6.4 0.13817
12 6.6 0.0762946
12 6.8 0.0193228
12 7 -0.0193741
12 7.2 -0.0461809
12 7.4 -0.0757689
12 7.6 -0.119011
12 7.8 -0.170879
12 8 -0.215835
12 8.2 -0.0297058
12 8.4 0

12.2 0 0
12.2 0.2 0.0288266
12.2 0.4 0.208622
12.2 0.6 0.162924
12.2 0.8 0.116006
12.2 1 0.0917812
12.2 1.2 0.100075
12.2 1.4 0.127849
12.2 1.6 0.147874
12.2 1.8 0.140605
12.2 2 0.103502
12.2 2.2 0.057565
12.2 2.4 0.0293887
12.2 2.6 0.0334589
12.2 2.8 0.0623185
12.2 3 0.0892093
12.2 3.2 0.0893045
12.2 3.4 0.0551914
12.2 3.6 0.00346151
12.2 3.8 -0.0338731
12.2 4 -0.0339822
12.2 4.2 0.00734501
12.2 4.4 0.0679809
12.2 4.6 0.118148
12.2 4.8 0.136977
12.2 5 0.123118
12.2 5.2 0.0956806
12.2 5.4 0.0747063
12.2 5.6 0.0713825
12.2 5.8 0.078675
12.2 6 0.079686
12.2 6.2 0.061348
12.2 6.4 0.0232918
12.2 6.6 -0.0210825
12.2 6.8 -0.0552956
12.2 7 -0.0682271
12.2 7.2 -0.0628566
12.2 7.4 -0.0489305
12.2 7.6 -0.0378018
12.2 7.8 -0.0342559
12.2 8 -0.0361857
12.2 8.2 -0.00494302
12.2 8.4 0

12.4 0 0
12.4 0.2 -0.00349367
12.4 0.4 -0.0251762
12.4 0.6 -0.0587267
12.4 0.8 -0.0993257
12.4 1 -0.110624
12.4 1.2 -0.0745797
12.4 1.4 -0.00225429
12.4 1.6 0.0697471
12.4 1.8 0.105506
12.4 2 0.0868075
12.4 2.2 0.0279413
12.4 2.4 -0.038227
12.4 2.6 -0.0772886
12.4 2.8 -0.0751025
12.4 3 -0.0436956
12.4 3.2 -0.0109989
12.4 3.4 -0.00133206
12.4 3.6 -0.0208364
12.4 3.8 -0.053119
12.4 4 -0.0732152
12.4 4.2 -0.0598729
12.4 4.4 -0.0127436
12.4 4.6 0.0516836
12.4 4.8 0.108131
12.4 5 0.135854
12.4 5.2 0.130027
12.4 5.4 0.0965479
12.4 5.6 0.0512894
12.4 5.8 0.00486652
12.4 6 -0.0362182
12.4 6.2 -0.0718769
12.4 6.4 -0.101596
12.4 6.6 -0.122833
12.4 6.8 -0.12846
12.4 7 -0.113636
12.4 7.2 -0.076053
12.4 7.4 -0.0205361
12.4 7.6 0.0423544
12.4 7.8 0.100296
12.4 8 0.14141
12.4 8.2 0.0195618
12.4 8.4 0

12.6 0 0
12.6 0.2 -0.0266391
12.6 0.4 -0.192732
12.6 0.6 -0.221168
12.6 0.8 -0.262402
12.6 1 -0.270756
12.6 1.2 -0.219455
12.6 1.4 -0.118168
12.6 1.6 -0.00926264
12.6 1.8 0.057359
12.6 2 0.0495404
12.6 2.2 -0.0251595
12.6 2.4 -0.128029
12.6 2.6 -0.207265
12.6 2.8 -0.227914
12.6 3 -0.188084
12.6 3.2 -0.117506
12.6 3.4 -0.0577898
12.6 3.6 -0.0381919
12.6 3.8 -0.0585354
12.6 4 -0.0934252
12.6 4.2 -0.105576
12.6 4.4 -0.0723175
12.6 4.6 0.00351567
12.6 4.8 0.0931967
12.6 5 0.158664
12.6 5.2 0.171602
12.6 5.4 0.127478
12.6 5.6 0.0451551
12.6 5.8 -0.0460126
12.6 6 -0.118318
12.6 6.2 -0.161149
12.6 6.4 -0.176734
12.6 6.6 -0.174985
12.6 6.8 -0.161826
12.6 7 -0.135776
12.6 7.2 -0.0888305
12.6 7.4 -0.0163016
12.6 7.6 0.0756661
12.6 7.8 0.168271
12.6 8 0.237872
12.6 8.2 0.0328735
12.6 8.4 0

12.8 0 0
12.8 0.2 -0.0301526
12.8 0.4 -0.217847
12.8 0.6 -0.251752
12.8 0.8 -0.304201
12.8 1 -0.323862
12.8 1.2 -0.278807
12.8 1.4 -0.17488
12.8 1.6 -0.0551695
12.8 1.8 0.0241494
12.8 2 0.0210365
12.8 2.2 -0.0640795
12.8 2.4 -0.191316
12.8 2.6 -0.298023
12.8 2.8 -0.335226
12.8 3 -0.288206
12.8 3.2 -0.188064
12.8 3.4 -0.0873002
12.8 3.6 -0.0352977
12.8 3.8 -0.0444704
12.8 4 -0.0910425
12.8 4.2 -0.124375
12.8 4.4 -0.104484
12.8 4.6 -0.0223721
12.8 4.8 0.0921683
12.8 5 0.185786
12.8 5.2 0.214081
12.8 5.4 0.162714
12.8 5.6 0.0569822
12.8 5.8 -0.0583659
12.8 6 -0.140426
12.8 6.2 -0.17246
12.8 6.4 -0.165797
12.8 6.6 -0.146091
12.8 6.8 -0.131284
12.8 7 -0.121738
12.8 7.2 -0.0984642
12.8 7.4 -0.0434425
12.8 7.6 0.0451236
12.8 7.8 0.145419
12.8 8 0.222059
12.8 8.2 0.0306352
12.8 8.4 0

13 0 0
13 0.2 -0.0193753
13 0.4 -0.13978
13 0.6 -0.182061
13 0.8 -0.246129
13 1 -0.282551
13 1.2 -0.259041
13 1.4 -0.175439
13 1.6 -0.0688221
13 1.8 0.00743388
13 2 0.00880904
13 2.2 -0.0713135
13 2.4 -0.199514
13 2.6 -0.313378
13 2.8 -0.357458
13 3 -0.310146
13 3.2 -0.198042
13 3.4 -0.0795191
13 3.6 -0.0117611
13 3.8 -0.0178287
13 4 -0.0740158
13 4.2 -0.124785
13 4.4 -0.11723
13 4.6 -0.0337821
13 4.8 0.0928768
13 5 0.203091
13 5.2 0.240327
13 5.4 0.187049
13 5.6 0.0748215
13 5.8 -0.0410064
13 6 -0.107364
13 6.2 -0.111527
13 6.4 -0.07488
13 6.6 -0.0421147
13 6.8 -0.0415596
13 7 -0.0704013
13 7.2 -0.0970628
13 7.4 -0.086154
13 7.6 -0.0265298
13 7.8 0.0595949
13 8 0.128098
13 8.2 0.0176808
13 8.4 0

13.2 0 0
13.2 0.2 -0.00932054
13.2 0.4 -0.0673696
13.2 0.6 -0.10604
13.2 0.8 -0.16423
13.2 1 -0.20608
13.2 1.2 -0.203209
13.2 1.4 -0.151211
13.2 1.6 -0.0721122
13.2 1.8 -0.0085171
13.2 2 0.00238462
13.2 2.2 -0.0548558
13.2 2.4 -0.156991
13.2 2.6 -0.255058
13.2 2.8 -0.29704
13.2 3 -0.257247
13.2 3.2 -0.156036
13.2 3.4 -0.0448904
13.2 3.6 0.0175043
13.2 3.8 0.00600948
13.2 4 -0.0590429
13.2 4.2 -0.120578
13.2 4.4 -0.122284
13.2 4.6 -0.043167
13.2 4.8 0.0850146
13.2 5 0.197695
13.2 5.2 0.236826
13.2 5.4 0.185128
13.2 5.6 0.0779437
13.2 5.8 -0.0191566
13.2 6 -0.0545132
13.2 6.2 -0.0187408
13.2 6.4 0.0498148
13.2 6.6 0.0934278
13.2 6.8 0.075091
13.2 7 0.00211053
13.2 7.2 -0.0797943
13.2 7.4 -0.119114
13.2 7.6 -0.0941156
13.2 7.8 -0.026792
13.2 8 0.0305427
13.2 8.2 0.00424203
13.2 8.4 0

13.4 0 0
13.4 0.2 -0.0111558
13.4 0.4 -0.0809996
13.4 0.6 -0.0934325
13.4 0.8 -0.118381
13.4 1 -0.141554
13.4 1.2 -0.148138
13.4 1.4 -0.127644
13.4 1.6 -0.0848911
13.4 1.8 -0.0380387
13.4 2 -0.0149396
13.4 2.2 -0.0335022
13.4 2.4 -0.0895051
13.4 2.6 -0.153435
13.4 2.8 -0.185364
13.4 3 -0.160714
13.4 3.2 -0.0870008
13.4 3.4 -0.0048113
13.4 3.6 0.0381667
13.4 3.8 0.0162196
13.4 4 -0.0526161
13.4 4.2 -0.117789
13.4 4.4 -0.124643
13.4 4.6 -0.0535314
13.4 4.8 0.0655766
13.4 5 0.169984
13.4 5.2 0.202965
13.4 5.4 0.151706
13.4 5.6 0.0551743
13.4 5.8 -0.0196569
13.4 6 -0.0204622
13.4 6.2 0.0526908
13.4 6.4 0.151003
13.4 6.6 0.204297
13.4 6.8 0.172885
13.4 7 0.0677953
13.4 7.2 -0.0524787
13.4 7.4 -0.124305
13.4 7.6 -0.118245
13.4 7.8 -0.0593562
13.4 8 -0.00519159
13.4 8.2 -0.000675612
13.4 8.4 0

13.6 0 0
13.6 0.2 -0.0228996
13.6 0.4 -0.166665
13.6 0.6 -0.134555
13.6 0.8 -0.102509
13.6 1 -0.0867676
13.6 1.2 -0.0893712
13.6 1.4 -0.0989604
13.6 1.6 -0.0966708
13.6 1.8 -0.0744247
13.6 2 -0.0421512
13.6 2.2 -0.0200313
13.6 2.4 -0.0222885
13.6 2.6 -0.0448304
13.6 2.8 -0.0640039
13.6 3 -0.0577696
13.6 3.2 -0.0209242
13.6 3.4 0.0245988
13.6 3.6 0.0434602
13.6 3.8 0.0150735
13.6 4 -0.0497872
13.6 4.2 -0.109296
13.6 4.4 -0.117708
13.6 4.6 -0.0571823
13.6 4.8 0.0455593
13.6 5 0.133771
13.6 5.2 0.155766
13.6 5.4 0.101647
13.6 5.6 0.0123442
13.6 5.8 -0.0458744
13.6 6 -0.0255106
13.6 6.2 0.0698954
13.6 6.4 0.184412
13.6 6.6 0.245365
13.6 6.8 0.211364
13.6 7 0.097726
13.6 7.2 -0.0306633
13.6 7.4 -0.10462
13.6 7.6 -0.0939256
13.6 7.8 -0.0254871
13.6 8 0.0381134
13.6 8.2 0.00531752
13.6 8.4 0

13.8 0 0
13.8 0.2 -0.0322022
13.8 0.4 -0.23429
13.8 0.6 -0.154513
13.8 0.8 -0.0605763
13.8 1 0.000634974
13.8 1.2 0.00417854
13.8 1.4 -0.0358922
13.8 1.6 -0.0810384
13.8 1.8 -0.093555
13.8 2 -0.0642716
13.8 2.2 -0.011571
13.8 2.4 0.0319963
13.8 2.6 0.046003
13.8 2.8 0.0365098
13.8 3 0.0231607
13.8 3.2 0.0251133
13.8 3.4 0.0375612
13.8 3.6 0.0411187
13.8 3.8 0.0159796
13.8 4 -0.0344991
13.8 4.2 -0.0816645
13.8 4.4 -0.089597
13.8 4.6 -0.0420131
13.8 4.8 0.0404213
13.8 5 0.108803
13.8 5.2 0.118335
13.8 5.4 0.0607985
13.8 5.6 -0.026356
13.8 5.8 -0.08178
13.8 6 -0.0606083
13.8 6.2 0.032066
13.8 6.4 0.143595
13.8 6.6 0.205184
13.8 6.8 0.177316
13.8 7 0.0785011
13.8 7.2 -0.0298937
13.8 7.4 -0.0801909
13.8 7.6 -0.0459212
13.8 7.8 0.0430486
13.8 8 0.122255
13.8 8.2 0.0169134
13.8 8.4 0

14 0 0
14 0.2 -0.0277368
14 0.4 -0.201774
14 0.6 -0.0886938
14 0.8 0.0524621
14 1 0.14618
14 1.2 0.148083
14 1.4 0.0726466
14 1.6 -0.024137
14 1.8 -0.0793073
14 2 -0.0653464
14 2.2 0.000559494
14 2.4 0.0717804
14 2.6 0.108031
14 2.8 0.100595
14 3 0.0695045
14 3.2 0.0442732
14 3.4 0.0379445
14 3.6 0.0405714
14 3.8 0.0322045
14 4 0.00388593
14 4.2 -0.028241
14 4.4 -0.037234
14 4.6 -0.00517172
14 4.8 0.0549592
14 5 0.105954
14 5.2 0.108211
14 5.4 0.0511673
14 5.6 -0.035031
14 5.8 -0.0987373
14 6 -0.0975098
14 6.2 -0.0314694
14 6.4 0.0566214
14 6.6 0.107795
14 6.8 0.0895301
14 7 0.0168695
14 7.2 -0.055933
14 7.4 -0.0716244
14 7.6 -0.0108392
14 7.8 0.0960061
14 8 0.185833
14 8.2 0.0256503
14 8.4 0

14.2 0 0
14.2 0.2 -0.00997976
14.2 0.4 -0.0729604
14.2 0.6 0.0504027
14.2 0.8 0.211562
14.2 1 0.315321
14.2 1.2 0.304453
14.2 1.4 0.193683
14.2 1.6 0.05176
14.2 1.8 -0.0421061
14.2 2 -0.0476301
14.2 2.2 0.0171553
14.2 2.4 0.097035
14.2 2.6 0.138601
14.2 2.8 0.125038
14.2 3 0.0783332
14.2 3.2 0.0374734
14.2 3.4 0.027643
14.2 3.6 0.0437744
14.2 3.8 0.0615984
14.2 4 0.0598873
14.2 4.2 0.0412222
14.2 4.4 0.0271338
14.2 4.6 0.039536
14.2 4.8 0.0779082
14.2 5 0.116609
14.2 5.2 0.120799
14.2 5.4 0.0744905
14.2 5.6 -0.00603016
14.2 5.8 -0.0790056
14.2 6 -0.107152
14.2 6.2 -0.0815831
14.2 6.4 -0.0314597
14.2 6.6 0.0011763
14.2 6.8 -0.0112527
14.2 7 -0.0569171
14.2 7.2 -0.0950027
14.2 7.4 -0.0822541
14.2 7.6 -0.00654413
14.2 7.8 0.101438
14.2 8 0.187849
14.2 8.2 0.0259016
14.2 8.4 0

14.4 0 0
14.4 0.2 0.00806645
14.4 0.4 0.0583059
14.4 0.6 0.174118
14.4 0.8 0.329212
14.4 1 0.422747
14.4 1.2 0.394791
14.4 1.4 0.260579
14.4 1.6 0.0947419
14.4 1.8 -0.0173729
14.4 2 -0.0331266
14.4 2.2 0.0280819
14.4 2.4 0.104679
14.4 2.6 0.138807
14.4 2.8 0.111292
14.4 3 0.0501463
14.4 3.2 0.00298023
14.4 3.4 0.00172522
14.4 3.6 0.0409667
14.4 3.8 0.0891505
14.4 4 0.112082
14.4 4.2 0.1018
14.4 4.4 0.0769299
14.4 4.6 0.0668029
14.4 4.8 0.0846
14.4 5 0.116848
14.4 5.2 0.132843
14.4 5.4 0.108362
14.4 5.6 0.0453436
14.4 5.8 -0.0289823
14.4 6 -0.0808462
14.4 6.2 -0.0956836
14.4 6.4 -0.08357
14.4 6.6 -0.0726767
14.4 6.8 -0.0816416
14.4 7 -0.10677
14.4 7.2 -0.11983
14.4 7.4 -0.0940251
14.4 7.6 -0.0241581
14.4 7.8 0.0654766
14.4 8 0.133538
14.4 8.2 0.0184371
14.4 8.4 0

14.6 0 0
14.6 0.2 0.0119402
14.6 0.4 0.0869519
14.6 0.6 0.18726
14.6 0.8 0.319743
14.6 1 0.393118
14.6 1.2 0.352681
14.6 1.4 0.218792
14.6 1.6 0.0629435
14.6 1.8 -0.0354384
14.6 2 -0.03989
14.6 2.2 0.02415
14.6 2.4 0.0937466
14.6 2.6 0.112429
14.6 2.8 0.0670507
14.6 3 -0.00680171
14.6 3.2 -0.0560227
14.6 3.4 -0.0447545
14.6 3.6 0.018094
14.6 3.8 0.0927184
14.6 4 0.134372
14.6 4.2 0.127514
14.6 4.4 0.0890223
14.6 4.6 0.05612
14.6 4.8 0.0553243
14.6 5 0.0840212
14.6 5.2 0.116197
14.6 5.4 0.120873
14.6 5.6 0.0864448
14.6 5.8 0.0256871
14.6 6 -0.0343738
14.6 6.2 -0.0723629
14.6 6.4 -0.0869994
14.6 6.6 -0.0902389
14.6 6.8 -0.09716
14.6 7 -0.107805
14.6 7.2 -0.10825
14.6 7.4 -0.084595
14.6 7.6 -0.0350242
14.6 7.8 0.0229252
14.6 8 0.0640692
14.6 8.2 0.00892151
14.6 8.4 0

14.8 0 0
14.8 0.2 -0.00121256
14.8 0.4 -0.00835512
14.8 0.6 0.0746973
14.8 0.8 0.177907
14.8 1 0.228289
14.8 1.2 0.187725
14.8 1.4 0.078641
14.8 1.6 -0.0353941
14.8 1.8 -0.090083
14.8 2 -0.0634556
14.8 2.2 0.0117663
14.8 2.4 0.0744011
14.8 2.6 0.0748037
14.8 2.8 0.0103232
14.8 3 -0.0764323
14.8 3.2 -0.128385
14.8 3.4 -0.108796
14.8 3.6 -0.030418
14.8 3.8 0.0613526
14.8 4 0.115148
14.8 4.2 0.109231
14.8 4.4 0.0602357
14.8 4.6 0.00854059
14.8 4.8 -0.00916501
14.8 5 0.0139168
14.8 5.2 0.0580012
14.8 5.4 0.0898469
14.8 5.6 0.0879855
14.8 5.8 0.0534205
14.8 6 0.0059554
14.8 6.2 -0.0331647
14.8 6.4 -0.0535978
14.8 6.6 -0.0599065
14.8 6.8 -0.0611595
14.8 7 -0.0619401
14.8 7.2 -0.0586087
14.8 7.4 -0.0449729
14.8 7.6 -0.0201396
14.8 7.8 0.00658535
14.8 8 0.022819
14.8 8.2 0.00326186
14.8 8.4 0

15 0 0
15 0.2 -0.0185581
15 0.4 -0.133542
15 0.6 -0.0703291
15 0.8 -0.00179322
15 1 0.0257113
15 1.2 -0.00823383
15 1.4 -0.0786238
15 1.6 -0.13545
15 1.8 -0.134618
15 2 -0.0717136
15 2.2 0.0155804
15 2.4 0.0688251
15 2.6 0.0510627
15 2.8 -0.0314148
15 3 -0.130559
15 3.2 -0.188533
15 3.4 -0.171489
15 3.6 -0.0917256
15 3.8 0.00389727
15 4 0.0631179
15 4.2 0.0608729
15 4.4 0.00980506
15 4.6 -0.0503992
15 4.8 -0.0818675
15 5 -0.0690893
15 5.2 -0.0254032
15 5.4 0.0202382
15 5.6 0.0440181
15 5.8 0.0401794
15 6 0.019146
15 6.2 -0.000492668
15 6.4 -0.00901507
15 6.6 -0.00610301
15 6.8 0.000614897
15 7 0.0049635
15 7.2 0.00593241
15 7.4 0.00663776
15 7.6 0.0109238
15 7.8 0.0164218
15 8 0.00561039
15 8.2 0
15 8.4 0

15.2 0 0
15.2 0.2 -0.0204252
15.2 0.4 -0.147142
15.2 0.6 -0.113314
15.2 0.8 -0.0847197
15.2 1 -0.0830585
15.2 1.2 -0.111883
15.2 1.4 -0.148091
15.2 1.6 -0.155539
15.2 1.8 -0.112414
15.2 2 -0.0277436
15.2 2.2 0.0579625
15.2 2.4 0.0966006
15.2 2.6 0.0620187
15.2 2.8 -0.033243
15.2 3 -0.140931
15.2 3.2 -0.208554
15.2 3.4 -0.204836
15.2 3.6 -0.140079
15.2 3.8 -0.0546122
15.2 4 0.00482408
15.2 4.2 0.0119093
15.2 4.4 -0.0268332
15.2 4.6 -0.0823834
15.2 4.8 -0.121353
15.2 5 -0.125471
15.2 5.2 -0.0988889
15.2 5.4 -0.0596038
15.2 5.6 -0.0259154
15.2 5.8 -0.00527999
15.2 6 0.00506082
15.2 6.2 0.0142343
15.2 6.4 0.0274901
15.2 6.6 0.0427448
15.2 6.8 0.0544281
15.2 7 0.0570597
15.2 7.2 0.0499508
15.2 7.4 0.0355005
15.2 7.6 0.0221812
15.2 7.8 0.0140918
15.2 8 0.00205303
15.2 8.2 0
15.2 8.4 0

15.4 0 0
15.4 0.2 0.00257588
15.4 0.4 0.019576
15.4 0.6 0.015367
15.4 0.8 0.00192335
15.4 1 -0.0242272
15.4 1.2 -0.0563917
15.4 1.4 -0.0752658
15.4 1.6 -0.0607452
15.4 1.8 -0.00661351
15.4 2 0.070674
15.4 2.2 0.136183
15.4 2.4 0.154053
15.4 2.6 0.108964
15.4 2.8 0.0136853
15.4 3 -0.0935315
15.4 3.2 -0.169163
15.4 3.4 -0.188688
15.4 3.6 -0.153452
15.4 3.8 -0.0916977
15.4 4 -0.0362547
15.4 4.2 -0.0132259
15.4 4.4 -0.0254854
15.4 4.6 -0.0609301
15.4 4.8 -0.0985749
15.4 5 -0.12242
15.4 5.2 -0.125975
15.4 5.4 -0.111961
15.4 5.6 -0.0860801
15.4 5.8 -0.0539069
15.4 6 -0.018571
15.4 6.2 0.0169426
15.4 6.4 0.048788
15.4 6.6 0.0715532
15.4 6.8 0.0802028
15.4 7 0.0726151
15.4 7.2 0.0508712
15.4 7.4 0.0202837
15.4 7.6 -0.0107855
15.4 7.8 -0.0329089
15.4 8 -0.00448461
15.4 8.2 0
15.4 8.4 0

15.6 0 0
15.6 0.2 0.0397641
15.6 0.4 0.288905
15.6 0.6 0.248701
15.6 0.8 0.202275
15.6 1 0.155098
15.6 1.2 0.116291
15.6 1.4 0.0974568
15.6 1.6 0.104903
15.6 1.8 0.136736
15.6 2 0.178741
15.6 2.2 0.209228
15.6 2.4 0.207709
15.6 2.6 0.165303
15.6 2.8 0.0885803
15.6 3 -0.00109043
15.6 3.2 -0.0788537
15.6 3.4 -0.123971
15.6 3.6 -0.128383
15.6 3.8 -0.0998654
15.6 4 -0.053549
15.6 4.2 -0.0105719
15.6 4.4 0.0136691
15.6 4.6 0.0110691
15.6 4.8 -0.0159386
15.6 5 -0.0561973
15.6 5.2 -0.0944032
15.6 5.4 -0.115211
15.6 5.6 -0.109445
15.6 5.8 -0.077911
15.6 6 -0.0293524
15.6 6.2 0.0215211
15.6 6.4 0.0606687
15.6 6.6 0.0793539
15.6 6.8 0.0749789
15.6 7 0.0509452
15.6 7.2 0.0139564
15.6 7.4 -0.0303562
15.6 7.6 -0.0749275
15.6 7.8 -0.112448
15.6 8 -0.0155183
15.6 8.2 0
15.6 8.4 0

15.8 0 0
15.8 0.2 0.0652636
15.8 0.4 0.473375
15.8 0.6 0.417655
15.8 0.8 0.362902
15.8 1 0.314881
15.8 1.2 0.277527
15.8 1.4 0.252491
15.8 1.6 0.237336
15.8 1.8 0.228799
15.8 2 0.223496
15.8 2.2 0.218185
15.8 2.4 0.208671
15.8 2.6 0.189311
15.8 2.8 0.154179
15.8 3 0.0998508
15.8 3.2 0.0318101
15.8 3.4 -0.0365489
15.8 3.6 -0.0839222
15.8 3.8 -0.0946087
15.8 4 -0.0623572
15.8 4.2 -0.00132747
15.8 4.4 0.0623285
15.8 4.6 0.0983618
15.8 4.8 0.0905828
15.8 5 0.0420979
15.8 5.2 -0.0238413
15.8 5.4 -0.0757639
15.8 5.6 -0.0910291
15.8 5.8 -0.0657095
15.8 6 -0.0141697
15.8 6.2 0.0386454
15.8 6.4 0.0710918
15.8 6.6 0.0741341
15.8 6.8 0.0508747
15.8 7 0.0118615
15.8 7.2 -0.0325348
15.8 7.4 -0.0782852
15.8 7.6 -0.124894
15.8 7.8 -0.180599
15.8 8 -0.0249923
15.8 8.2 0
15.8 8.4 0

16 0 0
16 0.2 0.0566803
16 0.4 0.410897
16 0.6 0.372171
16 0.8 0.341849
16 1 0.320257
16 1.2 0.30221
16 1.4 0.279305
16 1.6 0.244122
16 1.8 0.198709
16 2 0.154318
16 2.2 0.127962
16 2.4 0.129462
16 2.6 0.153657
16 2.8 0.176873
16 3 0.17169
16 3.2 0.122441
16 3.4 0.0371009
16 3.6 -0.049904
16 3.8 -0.100113
16 4 -0.0853981
16 4.2 -0.0128896
16 4.4 0.0826215
16 4.6 0.154694
16 4.8 0.168354
16 5 0.122076
16 5.2 0.044223
16 5.4 -0.0228405
16 5.6 -0.0480623
16 5.8 -0.0258967
16 6 0.0226161
16 6.2 0.0654573
16 6.4 0.0792371
16 6.6 0.0594128
16 6.8 0.0189038
16 7 -0.0249945
16 7.2 -0.0602128
16 7.4 -0.0868542
16 7.6 -0.107719
16 7.8 -0.0398651
16 8 0
16 8.2 0
16 8.4 0

16.2 0 0
16.2 0.2 0.0136251
16.2 0.4 0.0984821
16.2 0.6 0.102776
16.2 0.8 0.12
16.2 1 0.143331
16.2 1.2 0.159345
16.2 1.4 0.152139
16.2 1.6 0.112671
16.2 1.8 0.0494454
16.2 2 -0.0119875
16.2 2.2 -0.0381097
16.2 2.4 -0.00892304
16.2 2.6 0.0659526
16.2 2.8 0.14955
16.2 3 0.193325
16.2 3.2 0.165313
16.2 3.4 0.0705525
16.2 3.6 -0.0473738
16.2 3.8 -0.12933
16.2 4 -0.13341
16.2 4.2 -0.0586941
16.2 4.4 0.0547509
16.2 4.6 0.148671
16.2 4.8 0.179494
16.2 5 0.142786
16.2 5.2 0.0703886
16.2 5.4 0.009321
16.2 5.6 -0.00778816
16.2 5.8 0.0202297
16.2 6 0.0647279
16.2 6.2 0.0907464
16.2 6.4 0.0794672
16.2 6.6 0.0352497
16.2 6.8 -0.0163811
16.2 7 -0.0519672
16.2 7.2 -0.0615712
16.2 7.4 -0.0538219
16.2 7.6 -0.0456393
16.2 7.8 -0.00630678
16.2 8 0
16.2 8.2 0
16.2 8.4 0

16.4 0 0
16.4 0.2 -0.0389425
16.4 0.4 -0.282521
16.4 0.6 -0.233327
16.4 0.8 -0.17156
16.4 1 -0.107531
16.4 1.2 -0.0593793
16.4 1.4 -0.0458684
16.4 1.6 -0.0761176
16.4 1.8 -0.135745
16.4 2 -0.191254
16.4 2.2 -0.201025
16.4 2.4 -0.142159
16.4 2.6 -0.0265907
16.4 2.8 0.0987396
16.4 3 0.17401
16.4 3.2 0.15965
16.4 3.4 0.0602775
16.4 3.6 -0.0730778
16.4 3.8 -0.173898
16.4 4 -0.191226
16.4 4.2 -0.123422
16.4 4.4 -0.0109801
16.4 4.6 0.0845891
16.4 4.8 0.120223
16.4 5 0.0936775
16.4 5.2 0.0396958
16.4 5.4 0.0036631
16.4 5.6 0.0122552
16.4 5.8 0.054844
16.4 6 0.0969374
16.4 6.2 0.10323
16.4 6.4 0.063211
16.4 6.6 -0.00290695
16.4 6.8 -0.0578844
16.4 7 -0.0741959
16.4 7.2 -0.0485759
16.4 7.4 -0.00154491
16.4 7.6 0.0391059
16.4 7.8 0.00544862
16.4 8 0
16.4 8.2 0
16.4 8.4 0

16.6 0 0
16.6 0.2 -0.0661041
16.6 0.4 -0.47952
16.6 0.6 -0.413598
16.6 0.8 -0.338744
16.6 1 -0.264061
16.6 1.2 -0.206759
16.6 1.4 -0.182659
16.6 1.6 -0.199662
16.6 1.8 -0.242689
16.6 2 -0.279111
16.6 2.2 -0.269432
16.6 2.4 -0.194291
16.6 2.6 -0.0675091
16.6 2.8 0.063014
16.6 3 0.138478
16.6 3.2 0.123145
16.6 3.4 0.0247064
16.6 3.6 -0.106818
16.6 3.8 -0.205348
16.6 4 -0.226376
16.6 4.2 -0.169962
16.6 4.4 -0.076976
16.6 4.6 -0.00249675
16.6 4.8 0.0207521
16.6 5 -0.00193773
16.6 5.2 -0.0329085
16.6 5.4 -0.0327252
16.6 5.6 0.0109829
16.6 5.8 0.0746513
16.6 6 0.11453
16.6 6.2 0.100039
16.6 6.4 0.0326496
16.6 6.6 -0.0512494
16.6 6.8 -0.10381
16.6 7 -0.0979486
16.6 7.2 -0.040747
16.6 7.4 0.0344623
16.6 7.6 0.103087
16.6 7.8 0.0143001
16.6 8 0
16.6 8.2 0
16.6 8.4 0

16.8 0 0
16.8 0.2 -0.0481434
16.8 0.4 -0.349465
16.8 0.6 -0.309051
16.8 0.8 -0.26531
16.8 1 -0.222128
16.8 1.2 -0.188288
16.8 1.4 -0.17348
16.8 1.6 -0.183349
16.8 1.8 -0.20699
16.8 2 -0.22201
16.8 2.2 -0.200453
16.8 2.4 -0.13248
16.8 2.6 -0.0309506
16.8 2.8 0.0626569
16.8 3 0.10621
16.8 3.2 0.0756491
16.8 3.4 -0.0156232
16.8 3.6 -0.123501
16.8 3.8 -0.197297
16.8 4 -0.206835
16.8 4.2 -0.162873
16.8 4.4 -0.102225
16.8 4.6 -0.0675197
16.8 4.8 -0.0739451
16.8 5 -0.102506
16.8 5.2 -0.113192
16.8 5.4 -0.077223
16.8 5.6 0.00183507
16.8 5.8 0.0845886
16.8 6 0.122078
16.8 6.2 0.0878702
16.8 6.4 -0.00175461
16.8 6.6 -0.0962817
16.8 6.8 -0.141832
16.8 7 -0.11694
16.8 7.2 -0.0436613
16.8 7.4 0.0238951
16.8 7.6 0.0176244
16.8 7.8 0
16.8 8 0
16.8 8.2 0
16.8 8.4 0

17 0 0
17 0.2 0.003648
17 0.4 0.0261248
17 0.6 0.0121054
17 0.8 -0.0063696
17 1 -0.0240158
17 1.2 -0.0368307
17 1.4 -0.0465296
17 1.6 -0.0554701
17 1.8 -0.0606127
17 2 -0.0559046
17 2.2 -0.0313055
17 2.4 0.00987522
17 2.6 0.0567383
17 2.8 0.0848632
17 3 0.0753199
17 3.2 0.0245082
17 3.4 -0.0492766
17 3.6 -0.113766
17 3.8 -0.140826
17 4 -0.126342
17 4.2 -0.0911432
17 4.4 -0.0694161
17 4.6 -0.0852735
17 4.8 -0.130885
17 5 -0.173415
17 5.2 -0.171338
17 5.4 -0.106736
17 5.6 -0.000875536
17 5.8 0.0940449
17 6 0.125948
17 6.2 0.0768124
17 6.4 -0.0251655
17 6.6 -0.119229
17 6.8 -0.152127
17 7 -0.109538
17 7.2 -0.0269062
17 7.4 0.0351582
17 7.6 0.00488957
17 7.8 0
17 8 0
17 8.2 0
17 8.4 0

17.2 0 0
17.2 0.2 0.0530798
17.2 0.4 0.384663
17.2 0.6 0.319235
17.2 0.8 0.241527
17.2 1 0.166663
17.2 1.2 0.108414
17.2 1.4 0.0759335
17.2 1.6 0.0695749
17.2 1.8 0.0855389
17.2 2 0.112107
17.2 2.2 0.137696
17.2 2.4 0.147129
17.2 2.6 0.131709
17.2 2.8 0.0880969
17.2 3 0.024811
17.2 3.2 -0.0392413
17.2 3.4 -0.0822011
17.2 3.6 -0.0867214
17.2 3.8 -0.054774
17.2 4 -0.00774736
17.2 4.2 0.020992
17.2 4.4 0.00431026
17.2 4.6 -0.0607126
17.2 4.8 -0.145417
17.2 5 -0.203171
17.2 5.2 -0.194301
17.2 5.4 -0.112829
17.2 5.6 0.00569432
17.2 5.8 0.101632
17.2 6 0.125875
17.2 6.2 0.0684393
17.2 6.4 -0.0312076
17.2 6.6 -0.110231
17.2 6.8 -0.120002
17.2 7 -0.0590461
17.2 7.2 0.0248659
17.2 7.4 0.0622674
17.2 7.6 0.00865141
17.2 7.8 0
17.2 8 0
17.2 8.2 0
17.2 8.4 0

17.4 0 0
17.4 0.2 0.0634746
17.4 0.4 0.46007
17.4 0.6 0.379646
17.4 0.8 0.281257
17.4 1 0.183271
17.4 1.2 0.106904
17.4 1.4 0.0688847
17.4 1.6 0.0762556
17.4 1.8 0.120481
17.4 2 0.174905
17.4 2.2 0.209314
17.4 2.4 0.197862
17.4 2.6 0.135252
17.4 2.8 0.0372758
17.4 3 -0.06103
17.4 3.2 -0.121967
17.4 3.4 -0.121811
17.4 3.6 -0.0616031
17.4 3.8 0.0291414
17.4 4 0.105475
17.4 4.2 0.127598
17.4 4.4 0.0779158
17.4 4.6 -0.0254838
17.4 4.8 -0.135928
17.4 5 -0.201527
17.4 5.2 -0.187462
17.4 5.4 -0.100984
17.4 5.6 0.0150212
17.4 5.8 0.100077
17.4 6 0.11267
17.4 6.2 0.0555594
17.4 6.4 -0.028056
17.4 6.6 -0.0753503
17.4 6.8 -0.0507529
17.4 7 0.034947
17.4 7.2 0.122361
17.4 7.4 0.0256224
17.4 7.6 0
17.4 7.8 0
17.4 8 0
17.4 8.2 0
17.4 8.4 0

17.6 0 0
17.6 0.2 0.0241821
17.6 0.4 0.17557
17.6 0.6 0.128842
17.6 0.8 0.0611953
17.6 1 -0.0126334
17.6 1.2 -0.0729242
17.6 1.4 -0.0937483
17.6 1.6 -0.0633022
17.6 1.8 0.0120793
17.6 2 0.0979173
17.6 2.2 0.151837
17.6 2.4 0.139165
17.6 2.6 0.0558099
17.6 2.8 -0.0659799
17.6 3 -0.171931
17.6 3.2 -0.211554
17.6 3.4 -0.163746
17.6 3.6 -0.0474272
17.6 3.8 0.0856504
17.6 4 0.177188
17.6 4.2 0.186738
17.6 4.4 0.111812
17.6 4.6 -0.0113817
17.6 4.8 -0.127654
17.6 5 -0.185254
17.6 5.2 -0.163353
17.6 5.4 -0.079323
17.6 5.6 0.0191666
17.6 5.8 0.081232
17.6 6 0.0791143
17.6 6.2 0.0258197
17.6 6.4 -0.0307968
17.6 6.6 -0.0384585
17.6 6.8 0.0284625
17.6 7 0.147714
17.6 7.2 0.259632
17.6 7.4 0.0359253
17.6 7.6 0
17.6 7.8 0
17.6 8 0
17.6 8.2 0
17.6 8.4 0

17.8 0 0
17.8 0.2 -0.040297
17.8 0.4 -0.291834
17.8 0.6 -0.274196
17.8 0.8 -0.274981
17.8 1 -0.293775
17.8 1.2 -0.315297
17.8 1.4 -0.31219
17.8 1.6 -0.262182
17.8 1.8 -0.16581
17.8 2 -0.0548268
17.8 2.2 0.0211417
17.8 2.4 0.0209231
17.8 2.6 -0.0580332
17.8 2.8 -0.175537
17.8 3 -0.266057
17.8 3.2 -0.27495
17.8 3.4 -0.187091
17.8 3.6 -0.0363973
17.8 3.8 0.111454
17.8 4 0.194374
17.8 4.2 0.182269
17.8 4.4 0.0902084
17.8 4.6 -0.0326025
17.8 4.8 -0.128934
17.8 5 -0.161731
17.8 5.2 -0.125751
17.8 5.4 -0.0506601
17.8 5.6 0.0200241
17.8 5.8 0.0495601
17.8 6 0.028437
17.8 6.2 -0.0205559
17.8 6.4 -0.0528225
17.8 6.6 -0.0260219
17.8 6.8 0.0738845
17.8 7 0.219156
17.8 7.2 0.370346
17.8 7.4 0.0512262
17.8 7.6 0
17.8 7.8 0
17.8 8 0
17.8 8.2 0
17.8 8.4 0

18 0 0
18 0.2 -0.0866986
18 0.4 -0.628042
18 0.6 -0.550134
18 0.8 -0.483674
18 1 -0.446379
18 1.2 -0.436451
18 1.4 -0.424385
18 1.6 -0.378067
18 1.8 -0.28438
18 2 -0.168491
18 2.2 -0.0811823
18 2.4 -0.0662877
18 2.6 -0.129536
18 2.8 -0.227774
18 3 -0.293966
18 3.2 -0.274755
18 3.4 -0.163745
18 3.6 -0.00753232
18 3.8 0.123601
18 4 0.173472
18 4.2 0.130068
18 4.4 0.027321
18 4.6 -0.0763557
18 4.8 -0.133328
18 5 -0.1257
18 5.2 -0.0720293
18 5.4 -0.00921857
18 5.6 0.0276483
18 5.8 0.0214355
18 6 -0.0197789
18 6.2 -0.0680878
18 6.4 -0.0872061
18 6.6 -0.047751
18 6.8 0.0545938
18 7 0.18237
18 7.2 0.0763876
18 7.4 0
18 7.6 0
18 7.8 0
18 8 0
18 8.2 0
18 8.4 0

18.2 0 0
18.2 0.2 -0.0829168
18.2 0.4 -0.600801
18.2 0.6 -0.496792
18.2 0.8 -0.392542
18.2 1 -0.32821
18.2 1.2 -0.316027
18.2 1.4 -0.32683
18.2 1.6 -0.315774
18.2 1.8 -0.255046
18.2 2 -0.159275
18.2 2.2 -0.077797
18.2 2.4 -0.0574574
18.2 2.6 -0.107644
18.2 2.8 -0.188338
18.2 3 -0.233722
18.2 3.2 -0.197826
18.2 3.4 -0.0843302
18.2 3.6 0.0525731
18.2 3.8 0.142475
18.2 4 0.142387
18.2 4.2 0.0625259
18.2 4.4 -0.0439593
18.2 4.6 -0.116589
18.2 4.8 -0.121495
18.2 5 -0.06904
18.2 5.2 0.00221554
18.2 5.4 0.0493215
18.2 5.6 0.0512099
18.2 5.8 0.0136741
18.2 6 -0.0403738
18.2 6.2 -0.0860888
18.2 6.4 -0.104511
18.2 6.6 -0.0833812
18.2 6.8 -0.00688826
18.2 7 0.150748
18.2 7.2 0.0207526
18.2 7.4 0
18.2 7.6 0
18.2 7.8 0
18.2 8 0
18.2 8.2 0
18.2 8.4 0

18.4 0 0
18.4 0.2 -0.031253
18.4 0.4 -0.226492
18.4 0.6 -0.134953
18.4 0.8 -0.0311917
18.4 1 0.0238938
18.4 1.2 0.00571936
18.4 1.4 -0.0559427
18.4 1.6 -0.104665
18.4 1.8 -0.0963131
18.4 2 -0.036795
18.4 2.2 0.0265606
18.4 2.4 0.0424221
18.4 2.6 -0.00370559
18.4 2.8 -0.075162
18.4 3 -0.110622
18.4 3.2 -0.0698944
18.4 3.4 0.0328036
18.4 3.6 0.136742
18.4 3.8 0.175924
18.4 4 0.12289
18.4 4.2 0.00934018
18.4 4.4 -0.0954451
18.4 4.6 -0.131616
18.4 4.8 -0.0852406
18.4 5 0.00760193
18.4 5.2 0.0870818
18.4 5.4 0.112737
18.4 5.6 0.0823286
18.4 5.8 0.0259543
18.4 6 -0.021909
18.4 6.2 -0.0494097
18.4 6.4 -0.0691973
18.4 6.6 -0.0975857
18.4 6.8 -0.129943
18.4 7 0.00288043
18.4 7.2 0
18.4 7.4 0
18.4 7.6 0
18.4 7.8 0
18.4 8 0
18.4 8.2 0
18.4 8.4 0

18.6 0 0
18.6 0.2 0.0328666
18.6 0.4 0.238107
18.6 0.6 0.299922
18.6 0.8 0.382291
18.6 1 0.408122
18.6 1.2 0.344197
18.6 1.4 0.222726
18.6 1.6 0.113542
18.6 1.8 0.0731737
18.6 2 0.101558
18.6 2.2 0.150066
18.6 2.4 0.16024
18.6 2.6 0.11351
18.6 2.8 0.0433237
18.6 3 0.0112287
18.6 3.2 0.0509481
18.6 3.4 0.141933
18.6 3.6 0.217792
18.6 3.8 0.214524
18.6 4 0.118807
18.6 4.2 -0.0184211
18.6 4.4 -0.116035
18.6 4.6 -0.118092
18.6 4.8 -0.0301362
18.6 5 0.086067
18.6 5.2 0.158564
18.6 5.4 0.153136
18.6 5.6 0.0926222
18.6 5.8 0.0334708
18.6 6 0.0179488
18.6 6.2 0.040469
18.6 6.4 0.0484731
18.6 6.6 -0.0177514
18.6 6.8 -0.159461
18.6 7 -0.021861
18.6 7.2 0
18.6 7.4 0
18.6 7.6 0
18.6 7.8 0
18.6 8 0
18.6 8.2 0
18.6 8.4 0

18.8 0 0
18.8 0.2 0.0656887
18.8 0.4 0.475829
18.8 0.6 0.522012
18.8 0.8 0.590249
18.8 1 0.592776
18.8 1.2 0.491891
18.8 1.4 0.327625
18.8 1.6 0.180676
18.8 1.8 0.117737
18.8 2 0.139549
18.8 2.2 0.192102
18.8 2.4 0.207911
18.8 2.6 0.16426
18.8 2.8 0.0959894
18.8 3 0.0663723
18.8 3.2 0.109871
18.8 3.4 0.200039
18.8 3.6 0.264117
18.8 3.8 0.238493
18.8 4 0.120183
18.8 4.2 -0.0274051
18.8 4.4 -0.113759
18.8 4.6 -0.088601
18.8 4.8 0.0242616
18.8 5 0.143201
18.8 5.2 0.188018
18.8 5.4 0.138095
18.8 5.6 0.0443037
18.8 5.8 -0.00936265
18.8 6 0.0290446
18.8 6.2 0.13873
18.8 6.4 0.227904
18.8 6.6 0.175423
18.8 6.8 0.00238487
18.8 7 0
18.8 7.2 0
18.8 7.4 0
18.8 7.6 0
18.8 7.8 0
18.8 8 0
18.8 8.2 0
18.8 8.4 0

19 0 0
19 0.2 0.0462446
19 0.4 0.334748
19 0.6 0.397142
19 0.8 0.476388
19 1 0.477864
19 1.2 0.365107
19 1.4 0.185505
19 1.6 0.0329035
19 1.8 -0.0195867
19 2 0.0269391
19 2.2 0.107705
19 2.4 0.145645
19 2.6 0.113891
19 2.8 0.0527389
19 3 0.0314639
19 3.2 0.0876554
19 3.4 0.192046
19 3.6 0.264588
19 3.8 0.238923
19 4 0.11583
19 4.2 -0.0306637
19 4.4 -0.105062
19 4.6 -0.0611863
19 4.8 0.0613876
19 5 0.164936
19 5.2 0.165949
19 5.4 0.0576137
19 5.6 -0.0795762
19 5.8 -0.135901
19 6 -0.0462186
19 6.2 0.164866
19 6.4 0.39549
19 6.6 0.0787515
19 6.8 0
19 7 0
19 7.2 0
19 7.4 0
19 7.6 0
19 7.8 0
19 8 0
19 8.2 0
19 8.4 0

19.2 0 0
19.2 0.2 -0.00896235
19.2 0.4 -0.0653933
19.2 0.6 0.0380463
19.2 0.8 0.149317
19.2 1 0.169542
19.2 1.2 0.0637389
19.2 1.4 -0.110757
19.2 1.6 -0.248404
19.2 1.8 -0.270253
19.2 2 -0.180707
19.2 2.2 -0.0566322
19.2 2.4 0.0133906
19.2 2.6 -0.000583582
19.2 2.8 -0.0524848
19.2 3 -0.0620063
19.2 3.2 0.0140449
19.2 3.4 0.143127
19.2 3.6 0.237513
19.2 3.8 0.224634
19.2 4 0.106437
19.2 4.2 -0.036211
19.2 4.4 -0.101127
19.2 4.6 -0.0457088
19.2 4.8 0.0785242
19.2 5 0.160062
19.2 5.2 0.111788
19.2 5.4 -0.0597066
19.2 5.6 -0.251183
19.2 5.8 -0.331909
19.2 6 -0.231491
19.2 6.2 0.0310118
19.2 6.4 0.445647
19.2 6.6 0.0614244
19.2 6.8 0
19.2 7 0
19.2 7.2 0
19.2 7.4 0
19.2 7.6 0
19.2 7.8 0
19.2 8 0
19.2 8.2 0
19.2 8.4 0

19.4 0 0
19.4 0.2 -0.058072
19.4 0.4 -0.421362
19.4 0.6 -0.277952
19.4 0.8 -0.132965
19.4 1 -0.0927554
19.4 1.2 -0.191472
19.4 1.4 -0.363574
19.4 1.6 -0.490033
19.4 1.8 -0.48584
19.4 2 -0.358015
19.4 2.2 -0.196133
19.4 2.4 -0.0983974
19.4 2.6 -0.0989342
19.4 2.8 -0.144837
19.4 3 -0.145549
19.4 3.2 -0.050788
19.4 3.4 0.103287
19.4 3.6 0.220142
19.4 3.8 0.218722
19.4 4 0.101345
19.4 4.2 -0.0430624
19.4 4.4 -0.105403
19.4 4.6 -0.041913
19.4 4.8 0.0861592
19.4 5 0.154311
19.4 5.2 0.0692653
19.4 5.4 -0.154646
19.4 5.6 -0.397784
19.4 5.8 -0.518532
19.4 6 -0.463215
19.4 6.2 -0.329908
19.4 6.4 0.0160168
19.4 6.6 0
19.4 6.8 0
19.4 7 0
19.4 7.2 0
19.4 7.4 0
19.4 7.6 0
19.4 7.8 0
19.4 8 0
19.4 8.2 0
19.4 8.4 0

19.6 0 0
19.6 0.2 0
19.6 0.4 -0.058072
19.6 0.6 -0.0383053
19.6 0.8 -0.0183138
19.6 1 -0.0127879
19.6 1.2 -0.026364
19.6 1.4 -0.0501199
19.6 1.6 -0.0675312
19.6 1.8 -0.0669819
19.6 2 -0.0493499
19.6 2.2 -0.0270867
19.6 2.4 -0.0135995
19.6 2.6 -0.0136669
19.6 2.8 -0.01996
19.6 3 -0.0200736
19.6 3.2 -0.00699673
19.6 3.4 0.0142149
19.6 3.6 0.0303392
19.6 3.8 0.0301421
19.6 4 0.0139749
19.6 4.2 -0.00587439
19.6 4.4 -0.0144711
19.6 4.6 -0.00572715
19.6 4.8 0.0118944
19.6 5 0.0212604
19.6 5.2 0.00951102
19.6 5.4 -0.0213586
19.6 5.6 -0.0548564
19.6 5.8 -0.0714712
19.6 6 -0.0638026
19.6 6.2 -0.0454076
19.6 6.4 0
19.6 6.6 0
19.6 6.8 0
19.6 7 0
19.6 7.2 0
19.6 7.4 0
19.6 7.6 0
19.6 7.8 0
19.6 8 0
19.6 8.2 0
19.6 8.4 0

19.8 0 0
19.8 0.2 0
19.8 0.4 0
19.8 0.6 0
19.8 0.8 0
19.8 1 0
19.8 1.2 0
19.8 1.4 0
19.8 1.6 0
19.8 1.8 0
19.8 2 0
19.8 2.2 0
19.8 2.4 0
19.8 2.6 0
19.8 2.8 0
19.8 3 0
19.8 3.2 0
19.8 3.4 0
19.8 3.6 0
19.8 3.8 0
19.8 4 0
19.8 4.2 0
19.8 4.4 0
19.8 4.6 0
19.8 4.8 0
19.8 5 0
19.8 5.2 0
19.8 5.4 0
19.8 5.6 0
19.8 5.8 0
19.8 6 0
19.8 6.2 0
19.8 6.4 0
19.8 6.6 0
19.8 6.8 0
19.8 7 0
19.8 7.2 0
19.8 7.4 0
19.8 7.6 0
19.8 7.8 0
19.8 8 0
19.8 8.2 0
19.8 8.4 0

