0 0 0
0 1 0
0 2 0
0 3 0
0 4 0
0 5 0
0 6 0
0 7 0
0 8 0
0 9 0
0 10 0
0 11 0
0 12 0
0 13 0
0 14 0
0 15 0
0 16 0
0 17 0
0 18 0
0 19 0
0 20 0
0 21 0
0 22 0
0 23 0
0 24 0
0 25 0
0 26 0
0 27 0
0 28 0
0 29 0
0 30 0
0 31 0
0 32 0
0 33 0
0 34 0
0 35 0
0 36 0
0 37 0
0 38 0
0 39 0

1 0 0
1 1 0
1 2 -0.0218646
1 3 -0.0219206
1 4 -0.0220834
1 5 -0.0223469
1 6 -0.0226897
1 7 -0.0231372
1 8 -0.0236375
1 9 -0.024203
1 10 -0.0248521
1 11 -0.0255079
1 12 -0.0262106
1 13 -0.0269182
1 14 -0.0276548
1 15 -0.0283698
1 16 -0.0290814
1 17 -0.0297645
1 18 -0.0304101
1 19 -0.03102
1 20 -0.0315398
1 21 -0.0320462
1 22 -0.0324368
1 23 -0.0327987
1 24 -0.0330632
1 25 -0.0332766
1 26 -0.0333989
1 27 0
1 28 0
1 29 0
1 30 0
1 31 0
1 32 0
1 33 0
1 34 0
1 35 0
1 36 0
1 37 0
1 38 0
1 39 0

2 0 0
2 1 -0.0218646
2 2 -0.175731
2 3 -0.17619
2 4 -0.17754
2 5 -0.179601
2 6 -0.182443
2 7 -0.185929
2 8 -0.189994
2 9 -0.194574
2 10 -0.19963
2 11 -0.20502
2 12 -0.210641
2 13 -0.21638
2 14 -0.222232
2 15 -0.22806
2 16 -0.233786
2 17 -0.239243
2 18 -0.244458
2 19 -0.249275
2 20 -0.253584
2 21 -0.257531
2 22 -0.26078
2 23 -0.263532
2 24 -0.265777
2 25 -0.26739
2 26 -0.268473
2 27 -0.0333989
2 28 0
2 29 0
2 30 0
2 31 0
2 32 0
2 33 0
2 34 0
2 35 0
2 36 0
2 37 0
2 38 0
2 39 0

3 0 0
3 1 -0.0215875
3 2 -0.173498
3 3 -0.174011
3 4 -0.1754
3 5 -0.177378
3 6 -0.180252
3 7 -0.183564
3 8 -0.187687
3 9 -0.192355
3 10 -0.197173
3 11 -0.20268
3 12 -0.208287
3 13 -0.214167
3 14 -0.219951
3 15 -0.225794
3 16 -0.231492
3 17 -0.236938
3 18 -0.242129
3 19 -0.246768
3 20 -0.251238
3 21 -0.254945
3 22 -0.258305
3 23 -0.260924
3 24 -0.263171
3 25 -0.264682
3 26 -0.265889
3 27 -0.0330929
3 28 0
3 29 0
3 30 0
3 31 0
3 32 0
3 33 0
3 34 0
3 35 0
3 36 0
3 37 0
3 38 0
3 39 0

4 0 0
4 1 -0.0210736
4 2 -0.169422
4 3 -0.170026
4 4 -0.171175
4 5 -0.173173
4 6 -0.175931
4 7 -0.179487
4 8 -0.183646
4 9 -0.188247
4 10 -0.1933
4 11 -0.198774
4 12 -0.204303
4 13 -0.209948
4 14 -0.215794
4 15 -0.22151
4 16 -0.227232
4 17 -0.232844
4 18 -0.237692
4 19 -0.242482
4 20 -0.246822
4 21 -0.250455
4 22 -0.253861
4 23 -0.256422
4 24 -0.258571
4 25 -0.260001
4 26 -0.261093
4 27 -0.0324948
4 28 0
4 29 0
4 30 0
4 31 0
4 32 0
4 33 0
4 34 0
4 35 0
4 36 0
4 37 0
4 38 0
4 39 0

5 0 0
5 1 -0.0203333
5 2 -0.163439
5 3 -0.164003
5 4 -0.165161
5 5 -0.167344
5 6 -0.170085
5 7 -0.173614
5 8 -0.177644
5 9 -0.182219
5 10 -0.187324
5 11 -0.192576
5 12 -0.198238
5 13 -0.204125
5 14 -0.209982
5 15 -0.215757
5 16 -0.221215
5 17 -0.226579
5 18 -0.231523
5 19 -0.236271
5 20 -0.240366
5 21 -0.24393
5 22 -0.247325
5 23 -0.249692
5 24 -0.251886
5 25 -0.253399
5 26 -0.254244
5 27 -0.0316228
5 28 0
5 29 0
5 30 0
5 31 0
5 32 0
5 33 0
5 34 0
5 35 0
5 36 0
5 37 0
5 38 0
5 39 0

6 0 0
6 1 -0.0193773
6 2 -0.155665
6 3 -0.156051
6 4 -0.157301
6 5 -0.159533
6 6 -0.162378
6 7 -0.165774
6 8 -0.169975
6 9 -0.174628
6 10 -0.179684
6 11 -0.185091
6 12 -0.190793
6 13 -0.196441
6 14 -0.202287
6 15 -0.207965
6 16 -0.213543
6 17 -0.2188
6 18 -0.223752
6 19 -0.228277
6 20 -0.232432
6 21 -0.23571
6 22 -0.238853
6 23 -0.24111
6 24 -0.243235
6 25 -0.244473
6 26 -0.245475
6 27 -0.0305534
6 28 0
6 29 0
6 30 0
6 31 0
6 32 0
6 33 0
6 34 0
6 35 0
6 36 0
6 37 0
6 38 0
6 39 0

7 0 0
7 1 -0.0181718
7 2 -0.146063
7 3 -0.14665
7 4 -0.148147
7 5 -0.150158
7 6 -0.153011
7 7 -0.15655
7 8 -0.160631
7 9 -0.165192
7 10 -0.170289
7 11 -0.175688
7 12 -0.181384
7 13 -0.187086
7 14 -0.193004
7 15 -0.19866
7 16 -0.204238
7 17 -0.209415
7 18 -0.214316
7 19 -0.218682
7 20 -0.222479
7 21 -0.225781
7 22 -0.228709
7 23 -0.230868
7 24 -0.232824
7 25 -0.233923
7 26 -0.234678
7 27 -0.0291914
7 28 0
7 29 0
7 30 0
7 31 0
7 32 0
7 33 0
7 34 0
7 35 0
7 36 0
7 37 0
7 38 0
7 39 0

8 0 0
8 1 -0.0167985
8 2 -0.135021
8 3 -0.135646
8 4 -0.136967
8 5 -0.139149
8 6 -0.141879
8 7 -0.145536
8 8 -0.14967
8 9 -0.154345
8 10 -0.1596
8 11 -0.164926
8 12 -0.170627
8 13 -0.17631
8 14 -0.182223
8 15 -0.187912
8 16 -0.193392
8 17 -0.19851
8 18 -0.203393
8 19 -0.207479
8 20 -0.211399
8 21 -0.214502
8 22 -0.217037
8 23 -0.219011
8 24 -0.220503
8 25 -0.221289
8 26 -0.222098
8 27 -0.0276445
8 28 0
8 29 0
8 30 0
8 31 0
8 32 0
8 33 0
8 34 0
8 35 0
8 36 0
8 37 0
8 38 0
8 39 0

9 0 0
9 1 -0.0152622
9 2 -0.122661
9 3 -0.123235
9 4 -0.124742
9 5 -0.126945
9 6 -0.129808
9 7 -0.133435
9 8 -0.13748
9 9 -0.142269
9 10 -0.147497
9 11 -0.152835
9 12 -0.158527
9 13 -0.164444
9 14 -0.170083
9 15 -0.175851
9 16 -0.181187
9 17 -0.186427
9 18 -0.19107
9 19 -0.195255
9 20 -0.198775
9 21 -0.201725
9 22 -0.204082
9 23 -0.205552
9 24 -0.206844
9 25 -0.207349
9 26 -0.207709
9 27 -0.0258337
9 28 0
9 29 0
9 30 0
9 31 0
9 32 0
9 33 0
9 34 0
9 35 0
9 36 0
9 37 0
9 38 0
9 39 0

10 0 0
10 1 -0.0135957
10 2 -0.109187
10 3 -0.109696
10 4 -0.111236
10 5 -0.113525
10 6 -0.11639
10 7 -0.120036
10 8 -0.124426
10 9 -0.129059
10 10 -0.134406
10 11 -0.139784
10 12 -0.145701
10 13 -0.151366
10 14 -0.157179
10 15 -0.162741
10 16 -0.168258
10 17 -0.17324
10 18 -0.177828
10 19 -0.181675
10 20 -0.185211
10 21 -0.18775
10 22 -0.189705
10 23 -0.190952
10 24 -0.191498
10 25 -0.191654
10 26 -0.191652
10 27 -0.0238392
10 28 0
10 29 0
10 30 0
10 31 0
10 32 0
10 33 0
10 34 0
10 35 0
10 36 0
10 37 0
10 38 0
10 39 0

11 0 0
11 1 -0.0117811
11 2 -0.0947769
11 3 -0.0955644
11 4 -0.0970031
11 5 -0.0991568
11 6 -0.102288
11 7 -0.105992
11 8 -0.1103
11 9 -0.115101
11 10 -0.120204
11 11 -0.125933
11 12 -0.131668
11 13 -0.137549
11 14 -0.143388
11 15 -0.149003
11 16 -0.15434
11 17 -0.159247
11 18 -0.163794
11 19 -0.167666
11 20 -0.170841
11 21 -0.173292
11 22 -0.174799
11 23 -0.175338
11 24 -0.175405
11 25 -0.174429
11 26 -0.173712
11 27 -0.0216189
11 28 0
11 29 0
11 30 0
11 31 0
11 32 0
11 33 0
11 34 0
11 35 0
11 36 0
11 37 0
11 38 0
11 39 0

12 0 0
12 1 -0.00993361
12 2 -0.0798507
12 3 -0.080571
12 4 -0.0819506
12 5 -0.0844588
12 6 -0.0873241
12 7 -0.091222
12 8 -0.0955685
12 9 -0.100516
12 10 -0.105791
12 11 -0.111583
12 12 -0.117262
12 13 -0.123026
12 14 -0.129074
12 15 -0.134594
12 16 -0.14016
12 17 -0.144912
12 18 -0.149483
12 19 -0.153359
12 20 -0.156179
12 21 -0.15846
12 22 -0.159375
12 23 -0.159548
12 24 -0.158245
12 25 -0.156182
12 26 -0.153394
12 27 -0.032781
12 28 -0.0120997
12 29 -0.0109351
12 30 -0.0100829
12 31 -0.00942118
12 32 -0.00904517
12 33 0
12 34 0
12 35 0
12 36 0
12 37 0
12 38 0
12 39 0

13 0 0
13 1 -0.00803064
13 2 -0.0645727
13 3 -0.0653008
13 4 -0.0667909
13 5 -0.0691659
13 6 -0.0722943
13 7 -0.0761899
13 8 -0.0804255
13 9 -0.0855081
13 10 -0.0908915
13 11 -0.0966938
13 12 -0.102625
13 13 -0.108603
13 14 -0.114541
13 15 -0.120005
13 16 -0.125627
13 17 -0.130255
13 18 -0.134755
13 19 -0.138482
13 20 -0.141337
13 21 -0.143424
13 22 -0.144242
13 23 -0.143691
13 24 -0.141628
13 25 -0.137335
13 26 -0.128869
13 27 -0.11014
13 28 -0.0973676
13 29 -0.0879597
13 30 -0.0809486
13 31 -0.0758023
13 32 -0.0726514
13 33 -0.0171146
13 34 -0.00775557
13 35 0
13 36 0
13 37 0
13 38 0
13 39 0

14 0 0
14 1 -0.00613277
14 2 -0.049278
14 3 -0.0499354
14 4 -0.051523
14 5 -0.0539224
14 6 -0.0571598
14 7 -0.0610125
14 8 -0.0654066
14 9 -0.0705178
14 10 -0.0758361
14 11 -0.0817181
14 12 -0.0877059
14 13 -0.0937779
14 14 -0.0997877
14 15 -0.105364
14 16 -0.110903
14 17 -0.115759
14 18 -0.120239
14 19 -0.123922
14 20 -0.126832
14 21 -0.128725
14 22 -0.129436
14 23 -0.128671
14 24 -0.126291
14 25 -0.12196
14 26 -0.114406
14 27 -0.103607
14 28 -0.0938506
14 29 -0.0857716
14 30 -0.0789198
14 31 -0.0738237
14 32 -0.0693018
14 33 -0.064798
14 34 -0.0623365
14 35 -0.0149037
14 36 0
14 37 0
14 38 0
14 39 0

15 0 0
15 1 -0.00423893
15 2 -0.0340906
15 3 -0.0349037
15 4 -0.0365315
15 5 -0.0388922
15 6 -0.0422578
15 7 -0.0461021
15 8 -0.0507797
15 9 -0.0557231
15 10 -0.0611995
15 11 -0.0670764
15 12 -0.0731152
15 13 -0.0791802
15 14 -0.0853796
15 15 -0.0910816
15 16 -0.0966595
15 17 -0.101682
15 18 -0.106196
15 19 -0.109895
15 20 -0.11287
15 21 -0.114712
15 22 -0.115356
15 23 -0.114975
15 24 -0.112686
15 25 -0.108962
15 26 -0.103292
15 27 -0.0958068
15 28 -0.0884498
15 29 -0.0817284
15 30 -0.075966
15 31 -0.0710062
15 32 -0.0668409
15 33 -0.0629959
15 34 -0.0600948
15 35 -0.0574901
15 36 -0.0137816
15 37 0
15 38 0
15 39 0

16 0 0
16 1 -0.00241377
16 2 -0.0193884
16 3 -0.0201521
16 4 -0.0217696
16 5 -0.0241746
16 6 -0.0275796
16 7 -0.0314673
16 8 -0.0361703
16 9 -0.0413474
16 10 -0.0468579
16 11 -0.0528192
16 12 -0.0588741
16 13 -0.0652712
16 14 -0.0712124
16 15 -0.0773249
16 16 -0.0829868
16 17 -0.0879269
16 18 -0.0926782
16 19 -0.0963456
16 20 -0.0995034
16 21 -0.101414
16 22 -0.102576
16 23 -0.102349
16 24 -0.100649
16 25 -0.0977533
16 26 -0.093442
16 27 -0.0881376
16 28 -0.0825662
16 29 -0.0771604
16 30 -0.0722644
16 31 -0.0676813
16 32 -0.063932
16 33 -0.0604417
16 34 -0.0577417
16 35 -0.0553339
16 36 -0.0533154
16 37 -0.012888
16 38 0
16 39 0

17 0 0
17 1 -0.000651686
17 2 -0.00527858
17 3 -0.00609581
17 4 -0.00782289
17 5 -0.0102725
17 6 -0.0136845
17 7 -0.0176915
17 8 -0.0223227
17 9 -0.0276932
17 10 -0.03333
17 11 -0.0392606
17 12 -0.0454456
17 13 -0.0518487
17 14 -0.0581697
17 15 -0.064283
17 16 -0.069828
17 17 -0.0750902
17 18 -0.0797366
17 19 -0.0838499
17 20 -0.087102
17 21 -0.0894643
17 22 -0.0907452
17 23 -0.0908591
17 24 -0.0898555
17 25 -0.0876851
17 26 -0.0846706
17 27 -0.0809363
17 28 -0.0766443
17 29 -0.0722125
17 30 -0.0681308
17 31 -0.0643043
17 32 -0.0609274
17 33 -0.0579666
17 34 -0.0554446
17 35 -0.053402
17 36 -0.0516903
17 37 -0.0502858
17 38 -0.00625463
17 39 0

18 0 0
18 1 0.000992621
18 2 0.00800087
18 3 0.00715122
18 4 0.00530537
18 5 0.00286883
18 6 -0.000666162
18 7 -0.00481012
18 8 -0.00956991
18 9 -0.0148248
18 10 -0.0205867
18 11 -0.0265888
18 12 -0.0329189
18 13 -0.0392794
18 14 -0.0456013
18 15 -0.0519947
18 16 -0.0576955
18 17 -0.0632317
18 18 -0.0681287
18 19 -0.0721303
18 20 -0.0759053
18 21 -0.0782713
18 22 -0.0799249
18 23 -0.0804351
18 24 -0.0802353
18 25 -0.078888
18 26 -0.0765747
18 27 -0.0740235
18 28 -0.0706725
18 29 -0.0675373
18 30 -0.0641347
18 31 -0.0608973
18 32 -0.0580467
18 33 -0.0555408
18 34 -0.053488
18 35 -0.0514576
18 36 -0.0501813
18 37 -0.0493769
18 38 -0.00614036
18 39 0

19 0 0
19 1 0.0025162
19 2 0.0201145
19 3 0.0191122
19 4 0.017366
19 5 0.0147743
19 6 0.0114105
19 7 0.00716668
19 8 0.00234676
19 9 -0.00311207
19 10 -0.00890714
19 11 -0.0150326
19 12 -0.0214894
19 13 -0.0281212
19 14 -0.0344023
19 15 -0.0408529
19 16 -0.0468183
19 17 -0.0523276
19 18 -0.0574323
19 19 -0.0617915
19 20 -0.0655188
19 21 -0.0683757
19 22 -0.0703827
19 23 -0.0715267
19 24 -0.0717728
19 25 -0.0712175
19 26 -0.0697775
19 27 -0.0676796
19 28 -0.0654212
19 29 -0.0628902
19 30 -0.0602716
19 31 -0.0575987
19 32 -0.055362
19 33 -0.0531435
19 34 -0.0512117
19 35 -0.0498226
19 36 -0.0486672
19 37 -0.0482351
19 38 -0.00601203
19 39 0

20 0 0
20 1 0.00383846
20 2 0.0308643
20 3 0.0299599
20 4 0.028148
20 5 0.0255455
20 6 0.0218714
20 7 0.0178114
20 8 0.0128381
20 9 0.00747203
20 10 0.00148367
20 11 -0.0046485
20 12 -0.011243
20 13 -0.0176971
20 14 -0.0243907
20 15 -0.0310047
20 16 -0.0369334
20 17 -0.0427619
20 18 -0.0479554
20 19 -0.0526381
20 20 -0.0567674
20 21 -0.0597259
20 22 -0.0622457
20 23 -0.06377
20 24 -0.0643035
20 25 -0.0643506
20 26 -0.0635931
20 27 -0.0625014
20 28 -0.0606171
20 29 -0.0587153
20 30 -0.056572
20 31 -0.0544415
20 32 -0.0526996
20 33 -0.0509421
20 34 -0.0494365
20 35 -0.0483425
20 36 -0.0473709
20 37 -0.0468883
20 38 -0.00582338
20 39 0

21 0 0
21 1 0.00498588
21 2 0.0401307
21 3 0.0392119
21 4 0.0373952
21 5 0.0346035
21 6 0.0311079
21 7 0.0268151
21 8 0.0218036
21 9 0.0163396
21 10 0.0104089
21 11 0.00398395
21 12 -0.0025838
21 13 -0.00940078
21 14 -0.0159023
21 15 -0.0224137
21 16 -0.0289368
21 17 -0.0346719
21 18 -0.0401277
21 19 -0.0448518
21 20 -0.0491563
21 21 -0.0524171
21 22 -0.0551968
21 23 -0.0571892
21 24 -0.0582545
21 25 -0.0587218
21 26 -0.0585463
21 27 -0.0577704
21 28 -0.056736
21 29 -0.0553449
21 30 -0.0537346
21 31 -0.0520057
21 32 -0.0505102
21 33 -0.0490648
21 34 -0.0477912
21 35 -0.0467655
21 36 -0.046183
21 37 -0.0457705
21 38 -0.00569184
21 39 0

22 0 0
22 1 0.00593582
22 2 0.0477218
22 3 0.0467307
22 4 0.0449083
22 5 0.0421446
22 6 0.0385519
22 7 0.0342205
22 8 0.0291313
22 9 0.0237198
22 10 0.0177507
22 11 0.0112158
22 12 0.00463043
22 13 -0.00207962
22 14 -0.00898015
22 15 -0.0156521
22 16 -0.0220347
22 17 -0.0282509
22 18 -0.0337293
22 19 -0.0386209
22 20 -0.0433526
22 21 -0.0467039
22 22 -0.0497458
22 23 -0.0520821
22 24 -0.0535757
22 25 -0.0544124
22 26 -0.0544572
22 27 -0.0542552
22 28 -0.0535288
22 29 -0.0526702
22 30 -0.0512267
22 31 -0.04997
22 32 -0.0485761
22 33 -0.0476779
22 34 -0.0466632
22 35 -0.0458164
22 36 -0.0450855
22 37 -0.044932
22 38 -0.00560354
22 39 0

23 0 0
23 1 0.00666258
23 2 0.0535367
23 3 0.0525134
23 4 0.0505962
23 5 0.0478409
23 6 0.0443001
23 7 0.0399276
23 8 0.0348317
23 9 0.0292073
23 10 0.0231674
23 11 0.0165258
23 12 0.00992624
23 13 0.00304589
23 14 -0.0036874
23 15 -0.0104828
23 16 -0.0170227
23 17 -0.0231392
23 18 -0.0288907
23 19 -0.0339762
23 20 -0.0387011
23 21 -0.0425771
23 22 -0.045886
23 23 -0.0482007
23 24 -0.0498092
23 25 -0.0510425
23 26 -0.0516796
23 27 -0.0516367
23 28 -0.0513381
23 29 -0.0506526
23 30 -0.0494996
23 31 -0.048735
23 32 -0.0475981
23 33 -0.0467316
23 34 -0.0458908
23 35 -0.0452025
23 36 -0.04467
23 37 -0.0443738
23 38 -0.00551576
23 39 0

24 0 0
24 1 0.00713643
24 2 0.057361
24 3 0.0564025
24 4 0.0544393
24 5 0.0515641
24 6 0.0481303
24 7 0.0436013
24 8 0.0386399
24 9 0.0328589
24 10 0.0268028
24 11 0.0202749
24 12 0.0134692
24 13 0.0066909
24 14 -0.000388447
24 15 -0.00721522
24 16 -0.0138431
24 17 -0.020033
24 18 -0.0258471
24 19 -0.0311094
24 20 -0.0358005
24 21 -0.0396687
24 22 -0.043283
24 23 -0.0459231
24 24 -0.0477122
24 25 -0.0491013
24 26 -0.0498931
24 27 -0.0501033
24 28 -0.0498492
24 29 -0.0495734
24 30 -0.0487069
24 31 -0.0480175
24 32 -0.0470745
24 33 -0.0462005
24 34 -0.0454182
24 35 -0.0447683
24 36 -0.0445438
24 37 -0.0442869
24 38 -0.00550861
24 39 0

25 0 0
25 1 0.00737847
25 2 0.0592982
25 3 0.0582318
25 4 0.0562301
25 5 0.0535663
25 6 0.0498882
25 7 0.0453584
25 8 0.0404036
25 9 0.0346199
25 10 0.0285189
25 11 0.0219476
25 12 0.0151704
25 13 0.00816803
25 14 0.00134859
25 15 -0.00552106
25 16 -0.0122158
25 17 -0.0185843
25 18 -0.0243222
25 19 -0.0296651
25 20 -0.0344591
25 21 -0.0387093
25 22 -0.0420486
25 23 -0.0447719
25 24 -0.0469809
25 25 -0.0482737
25 26 -0.049189
25 27 -0.0495057
25 28 -0.0495286
25 29 -0.0493166
25 30 -0.0486676
25 31 -0.0478076
25 32 -0.0471978
25 33 -0.0463503
25 34 -0.0457579
25 35 -0.0450474
25 36 -0.0448201
25 37 -0.044578
25 38 -0.00553616
25 39 0

26 0 0
26 1 0.00736596
26 2 0.0591389
26 3 0.0580313
26 4 0.0563884
26 5 0.0533566
26 6 0.0498927
26 7 0.0451962
26 8 0.0404617
26 9 0.0345084
26 10 0.0283082
26 11 0.0218443
26 12 0.0149267
26 13 0.00807527
26 14 0.000984971
26 15 -0.00586785
26 16 -0.0125156
26 17 -0.0188114
26 18 -0.0245921
26 19 -0.0299698
26 20 -0.0349045
26 21 -0.0391023
26 22 -0.0424751
26 23 -0.0453263
26 24 -0.0473086
26 25 -0.0488728
26 26 -0.0498742
26 27 -0.0501474
26 28 -0.0502864
26 29 -0.0500239
26 30 -0.0493318
26 31 -0.0485665
26 32 -0.0478229
26 33 -0.0470963
26 34 -0.0465466
26 35 -0.0457771
26 36 -0.0454753
26 37 -0.0454352
26 38 -0.00566273
26 39 0

27 0 0
27 1 0.00708521
27 2 0.0569787
27 3 0.0560016
27 4 0.0540902
27 5 0.0511604
27 6 0.0474937
27 7 0.0430501
27 8 0.0380916
27 9 0.0323362
27 10 0.0263287
27 11 0.019712
27 12 0.0127849
27 13 0.00586383
27 14 -0.00105739
27 15 -0.00790739
27 16 -0.0145658
27 17 -0.0208998
27 18 -0.0267799
27 19 -0.0321927
27 20 -0.0369362
27 21 -0.0409812
27 22 -0.0441312
27 23 -0.0472242
27 24 -0.0491024
27 25 -0.0504608
27 26 -0.0515251
27 27 -0.051684
27 28 -0.0518245
27 29 -0.0514163
27 30 -0.0506588
27 31 -0.0500685
27 32 -0.0492006
27 33 -0.0483768
27 34 -0.0478909
27 35 -0.0471708
27 36 -0.0468887
27 37 -0.0466788
27 38 -0.00580455
27 39 0

28 0 0
28 1 0.00657152
28 2 0.0528452
28 3 0.0518505
28 4 0.0498403
28 5 0.0470719
28 6 0.0435017
28 7 0.0390494
28 8 0.033941
28 9 0.0283202
28 10 0.0221683
28 11 0.0156384
28 12 0.00864519
28 13 0.00205457
28 14 -0.00505663
28 15 -0.0118121
28 16 -0.018511
28 17 -0.0247127
28 18 -0.030283
28 19 -0.0356655
28 20 -0.0403444
28 21 -0.044361
28 22 -0.0477384
28 23 -0.0504437
28 24 -0.0523267
28 25 -0.0535528
28 26 -0.0543693
28 27 -0.0545448
28 28 -0.0543521
28 29 -0.0539423
28 30 -0.0531167
28 31 -0.0522483
28 32 -0.0513692
28 33 -0.0505419
28 34 -0.0497219
28 35 -0.0490691
28 36 -0.0486859
28 37 -0.0483561
28 38 -0.00600719
28 39 0

29 0 0
29 1 0.00581687
29 2 0.0467456
29 3 0.0457272
29 4 0.0438542
29 5 0.0410965
29 6 0.0375497
29 7 0.0329636
29 8 0.0281877
29 9 0.0222848
29 10 0.0164322
29 11 0.00986144
29 12 0.00305572
29 13 -0.00384118
29 14 -0.0108192
29 15 -0.0173968
29 16 -0.0239499
29 17 -0.0301661
29 18 -0.0356975
29 19 -0.0408863
29 20 -0.0453853
29 21 -0.0493218
29 22 -0.0524722
29 23 -0.054928
29 24 -0.0565966
29 25 -0.0577704
29 26 -0.058334
29 27 -0.0580995
29 28 -0.0577692
29 29 -0.0570172
29 30 -0.0559798
29 31 -0.0549423
29 32 -0.0537833
29 33 -0.0529236
29 34 -0.0518729
29 35 -0.0511444
29 36 -0.0507328
29 37 -0.0505275
29 38 -0.0062848
29 39 0

30 0 0
30 1 0.00483708
30 2 0.0388675
30 3 0.0378513
30 4 0.0359329
30 5 0.033225
30 6 0.0295836
30 7 0.0252298
30 8 0.020394
30 9 0.0146694
30 10 0.00859234
30 11 0.00218815
30 12 -0.00424568
30 13 -0.01103
30 14 -0.0179031
30 15 -0.0246066
30 16 -0.0310455
30 17 -0.0370794
30 18 -0.0424673
30 19 -0.0475587
30 20 -0.0519771
30 21 -0.0556192
30 22 -0.0585927
30 23 -0.0607982
30 24 -0.0623512
30 25 -0.0630282
30 26 -0.0632054
30 27 -0.0628295
30 28 -0.0620261
30 29 -0.0610755
30 30 -0.0596008
30 31 -0.0582229
30 32 -0.0570568
30 33 -0.0557552
30 34 -0.0547207
30 35 -0.0539183
30 36 -0.0530344
30 37 -0.0528477
30 38 -0.0065824
30 39 0

31 0 0
31 1 0.00363394
31 2 0.0292825
31 3 0.0284593
31 4 0.0265328
31 5 0.0237706
31 6 0.0204724
31 7 0.0160071
31 8 0.0110707
31 9 0.00557111
31 10 -0.000286494
31 11 -0.00678232
31 12 -0.0134436
31 13 -0.0201364
31 14 -0.0268697
31 15 -0.0332847
31 16 -0.0396251
31 17 -0.045385
31 18 -0.0507126
31 19 -0.0556611
31 20 -0.0598617
31 21 -0.0634134
31 22 -0.0660302
31 23 -0.0679435
31 24 -0.0690761
31 25 -0.0692454
31 26 -0.0692076
31 27 -0.0682321
31 28 -0.0671564
31 29 -0.0656192
31 30 -0.0639233
31 31 -0.0620619
31 32 -0.0604972
31 33 -0.0590437
31 34 -0.0574004
31 35 -0.0564982
31 36 -0.0557663
31 37 -0.0553871
31 38 -0.00689015
31 39 0

32 0 0
32 1 0.002283
32 2 0.0183104
32 3 0.0173109
32 4 0.0156785
32 5 0.0129243
32 6 0.00932892
32 7 0.00521678
32 8 0.000208907
32 9 -0.00519336
32 10 -0.0110335
32 11 -0.0172776
32 12 -0.0237638
32 13 -0.0303265
32 14 -0.0369293
32 15 -0.0433703
32 16 -0.0494708
32 17 -0.0553559
32 18 -0.0605109
32 19 -0.0650224
32 20 -0.0690975
32 21 -0.0720913
32 22 -0.0746032
32 23 -0.0760291
32 24 -0.0767828
32 25 -0.0767624
32 26 -0.0759436
32 27 -0.0746159
32 28 -0.072714
32 29 -0.0707228
32 30 -0.0685287
32 31 -0.0662257
32 32 -0.0641901
32 33 -0.0624409
32 34 -0.0607046
32 35 -0.0594562
32 36 -0.0584829
32 37 -0.0580387
32 38 -0.00722423
32 39 0

33 0 0
33 1 0.000759878
33 2 0.00605132
33 3 0.00505742
33 4 0.00348227
33 5 0.000697804
33 6 -0.00271987
33 7 -0.00697663
33 8 -0.0116921
33 9 -0.017089
33 10 -0.0229147
33 11 -0.0290009
33 12 -0.0354811
33 13 -0.041735
33 14 -0.0483755
33 15 -0.054817
33 16 -0.0607445
33 17 -0.0663124
33 18 -0.0714165
33 19 -0.0756331
33 20 -0.0794894
33 21 -0.0823153
33 22 -0.0843555
33 23 -0.0855987
33 24 -0.0855929
33 25 -0.0849804
33 26 -0.0835048
33 27 -0.0814101
33 28 -0.0791774
33 29 -0.0762482
33 30 -0.0736379
33 31 -0.0708301
33 32 -0.0682841
33 33 -0.0661002
33 34 -0.0640205
33 35 -0.0623507
33 36 -0.0611786
33 37 -0.0605915
33 38 -0.00753744
33 39 0

34 0 0
34 1 -0.000891337
34 2 -0.00727396
34 3 -0.00831809
34 4 -0.00988958
34 5 -0.0127046
34 6 -0.015915
34 7 -0.0201289
34 8 -0.0247041
34 9 -0.0300635
34 10 -0.0357898
34 11 -0.0417036
34 12 -0.0481889
34 13 -0.0546072
34 14 -0.0608625
34 15 -0.0671493
34 16 -0.0728714
34 17 -0.0783701
34 18 -0.0832183
34 19 -0.0872419
34 20 -0.0910576
34 21 -0.0933451
34 22 -0.0950895
34 23 -0.0958367
34 24 -0.0953692
34 25 -0.0941094
34 26 -0.0919024
34 27 -0.0888571
34 28 -0.0856645
34 29 -0.082226
34 30 -0.0786144
34 31 -0.075298
34 32 -0.0722948
34 33 -0.0696141
34 34 -0.0671917
34 35 -0.0653675
34 36 -0.0636674
34 37 -0.0627771
34 38 -0.00781694
34 39 0

35 0 0
35 1 -0.0026913
35 2 -0.0215588
35 3 -0.0223589
35 4 -0.024071
35 5 -0.0266217
35 6 -0.0298534
35 7 -0.0341151
35 8 -0.0386399
35 9 -0.0438259
35 10 -0.0495939
35 11 -0.0555286
35 12 -0.0618325
35 13 -0.0679694
35 14 -0.0741447
35 15 -0.0803372
35 16 -0.0859958
35 17 -0.0913977
35 18 -0.0961231
35 19 -0.0999894
35 20 -0.1033
35 21 -0.105684
35 22 -0.107004
35 23 -0.107188
35 24 -0.106103
35 25 -0.104011
35 26 -0.100888
35 27 -0.0968465
35 28 -0.0927447
35 29 -0.0881529
35 30 -0.0838249
35 31 -0.079991
35 32 -0.0764017
35 33 -0.0733695
35 34 -0.0704774
35 35 -0.0681296
35 36 -0.066099
35 37 -0.0643186
35 38 -0.00799985
35 39 0

36 0 0
36 1 -0.00452506
36 2 -0.0364442
36 3 -0.0372894
36 4 -0.0390167
36 5 -0.0415034
36 6 -0.0445741
36 7 -0.0486061
36 8 -0.0531976
36 9 -0.058339
36 10 -0.0639848
36 11 -0.0697744
36 12 -0.0757116
36 13 -0.0821148
36 14 -0.0882706
36 15 -0.0943414
36 16 -0.0999231
36 17 -0.104865
36 18 -0.109622
36 19 -0.113301
36 20 -0.116505
36 21 -0.118593
36 22 -0.119636
36 23 -0.119374
36 24 -0.117649
36 25 -0.114785
36 26 -0.110479
36 27 -0.105191
36 28 -0.0996007
36 29 -0.0939228
36 30 -0.0888147
36 31 -0.0842901
36 32 -0.0800676
36 33 -0.0766986
36 34 -0.0736384
36 35 -0.07087
36 36 -0.0684279
36 37 -0.0165143
36 38 0
36 39 0

37 0 0
37 1 -0.00645394
37 2 -0.0517978
37 3 -0.0524456
37 4 -0.0539063
37 5 -0.0566192
37 6 -0.0597212
37 7 -0.0636735
37 8 -0.0681416
37 9 -0.0731676
37 10 -0.0788096
37 11 -0.0846284
37 12 -0.0905944
37 13 -0.0967779
37 14 -0.102829
37 15 -0.108605
37 16 -0.114329
37 17 -0.119278
37 18 -0.1239
37 19 -0.127432
37 20 -0.130457
37 21 -0.132299
37 22 -0.133203
37 23 -0.132495
37 24 -0.130536
37 25 -0.126659
37 26 -0.120857
37 27 -0.113498
37 28 -0.106129
37 29 -0.0993243
37 30 -0.0933827
37 31 -0.0883011
37 32 -0.0838387
37 33 -0.0799925
37 34 -0.0766425
37 35 -0.0737568
37 36 -0.017695
37 37 0
37 38 0
37 39 0

38 0 0
38 1 -0.00834129
38 2 -0.0671252
38 3 -0.0680392
38 4 -0.0694186
38 5 -0.0719383
38 6 -0.0749538
38 7 -0.0789454
38 8 -0.0834451
38 9 -0.0882231
38 10 -0.0937369
38 11 -0.0994904
38 12 -0.105464
38 13 -0.111423
38 14 -0.117379
38 15 -0.123183
38 16 -0.128884
38 17 -0.133502
38 18 -0.138077
38 19 -0.141849
38 20 -0.144796
38 21 -0.14658
38 22 -0.147271
38 23 -0.146568
38 24 -0.144198
38 25 -0.139788
38 26 -0.132414
38 27 -0.121698
38 28 -0.111758
38 29 -0.103537
38 30 -0.0968694
38 31 -0.0915078
38 32 -0.086963
38 33 -0.082207
38 34 -0.0795701
38 35 -0.0190833
38 36 0
38 37 0
38 38 0
38 39 0

39 0 0
39 1 -0.0102607
39 2 -0.0824858
39 3 -0.0831826
39 4 -0.0847568
39 5 -0.0871379
39 6 -0.0900756
39 7 -0.0938092
39 8 -0.0983252
39 9 -0.103263
39 10 -0.108623
39 11 -0.114373
39 12 -0.12024
39 13 -0.126159
39 14 -0.132064
39 15 -0.137756
39 16 -0.143327
39 17 -0.148117
39 18 -0.152671
39 19 -0.156402
39 20 -0.159206
39 21 -0.161245
39 22 -0.162187
39 23 -0.161444
39 24 -0.159486
39 25 -0.155293
39 26 -0.146941
39 27 -0.12832
39 28 -0.115536
39 29 -0.106245
39 30 -0.0990985
39 31 -0.0938756
39 32 -0.0906723
39 33 -0.0215073
39 34 -0.00990275
39 35 0
39 36 0
39 37 0
39 38 0
39 39 0

40 0 0
40 1 -0.0121329
40 2 -0.0974626
40 3 -0.0980038
40 4 -0.099608
40 5 -0.101871
40 6 -0.104949
40 7 -0.108839
40 8 -0.112949
40 9 -0.117812
40 10 -0.123144
40 11 -0.128717
40 12 -0.134677
40 13 -0.140575
40 14 -0.146487
40 15 -0.152107
40 16 -0.157627
40 17 -0.162428
40 18 -0.167217
40 19 -0.170609
40 20 -0.173768
40 21 -0.17579
40 22 -0.177013
40 23 -0.177156
40 24 -0.176037
40 25 -0.173838
40 26 -0.171039
40 27 -0.0372348
40 28 -0.0143674
40 29 -0.0132222
40 30 -0.0123281
40 31 -0.0116782
40 32 -0.0112852
40 33 0
40 34 0
40 35 0
40 36 0
40 37 0
40 38 0
40 39 0

41 0 0
41 1 -0.0139002
41 2 -0.111742
41 3 -0.112394
41 4 -0.113943
41 5 -0.116019
41 6 -0.119141
41 7 -0.122835
41 8 -0.126921
41 9 -0.131796
41 10 -0.137088
41 11 -0.142742
41 12 -0.148488
41 13 -0.154289
41 14 -0.160174
41 15 -0.165917
41 16 -0.17136
41 17 -0.176419
41 18 -0.180777
41 19 -0.184783
41 20 -0.188023
41 21 -0.190225
41 22 -0.191833
41 23 -0.192319
41 24 -0.192344
41 25 -0.191644
41 26 -0.190774
41 27 -0.0237243
41 28 0
41 29 0
41 30 0
41 31 0
41 32 0
41 33 0
41 34 0
41 35 0
41 36 0
41 37 0
41 38 0
41 39 0

42 0 0
42 1 -0.0155634
42 2 -0.12515
42 3 -0.125862
42 4 -0.127289
42 5 -0.129467
42 6 -0.132339
42 7 -0.135944
42 8 -0.140363
42 9 -0.145161
42 10 -0.150242
42 11 -0.155738
42 12 -0.161602
42 13 -0.167361
42 14 -0.17336
42 15 -0.17903
42 16 -0.18442
42 17 -0.189425
42 18 -0.193984
42 19 -0.197861
42 20 -0.201464
42 21 -0.204032
42 22 -0.205967
42 23 -0.207193
42 24 -0.207764
42 25 -0.20786
42 26 -0.207922
42 27 -0.0258672
42 28 0
42 29 0
42 30 0
42 31 0
42 32 0
42 33 0
42 34 0
42 35 0
42 36 0
42 37 0
42 38 0
42 39 0

43 0 0
43 1 -0.0171246
43 2 -0.137546
43 3 -0.138008
43 4 -0.139412
43 5 -0.141568
43 6 -0.144498
43 7 -0.148092
43 8 -0.152218
43 9 -0.157298
43 10 -0.162113
43 11 -0.167823
43 12 -0.173523
43 13 -0.179451
43 14 -0.18514
43 15 -0.190838
43 16 -0.196235
43 17 -0.201647
43 18 -0.206239
43 19 -0.210406
43 20 -0.213925
43 21 -0.216768
43 22 -0.219142
43 23 -0.220757
43 24 -0.221881
43 25 -0.222555
43 26 -0.222966
43 27 -0.0277336
43 28 0
43 29 0
43 30 0
43 31 0
43 32 0
43 33 0
43 34 0
43 35 0
43 36 0
43 37 0
43 38 0
43 39 0

44 0 0
44 1 -0.0184707
44 2 -0.148518
44 3 -0.149112
44 4 -0.150417
44 5 -0.152619
44 6 -0.155479
44 7 -0.159154
44 8 -0.16314
44 9 -0.167985
44 10 -0.173127
44 11 -0.178603
44 12 -0.184183
44 13 -0.190046
44 14 -0.196055
44 15 -0.201851
44 16 -0.207186
44 17 -0.212413
44 18 -0.217123
44 19 -0.221455
44 20 -0.22522
44 21 -0.228249
44 22 -0.230859
44 23 -0.232821
44 24 -0.234304
44 25 -0.235446
44 26 -0.236057
44 27 -0.0293616
44 28 0
44 29 0
44 30 0
44 31 0
44 32 0
44 33 0
44 34 0
44 35 0
44 36 0
44 37 0
44 38 0
44 39 0

45 0 0
45 1 -0.0196571
45 2 -0.157975
45 3 -0.158536
45 4 -0.159785
45 5 -0.161808
45 6 -0.164715
45 7 -0.168346
45 8 -0.1725
45 9 -0.177361
45 10 -0.182362
45 11 -0.187908
45 12 -0.193514
45 13 -0.19946
45 14 -0.205231
45 15 -0.21107
45 16 -0.216547
45 17 -0.221858
45 18 -0.226603
45 19 -0.231075
45 20 -0.235035
45 21 -0.238471
45 22 -0.241166
45 23 -0.243334
45 24 -0.245079
45 25 -0.246333
45 26 -0.247195
45 27 -0.030756
45 28 0
45 29 0
45 30 0
45 31 0
45 32 0
45 33 0
45 34 0
45 35 0
45 36 0
45 37 0
45 38 0
45 39 0

46 0 0
46 1 -0.0206142
46 2 -0.165797
46 3 -0.166451
46 4 -0.167699
46 5 -0.169722
46 6 -0.172657
46 7 -0.176094
46 8 -0.180336
46 9 -0.184757
46 10 -0.190114
46 11 -0.19567
46 12 -0.201295
46 13 -0.207328
46 14 -0.212833
46 15 -0.218692
46 16 -0.224192
46 17 -0.229653
46 18 -0.23466
46 19 -0.239037
46 20 -0.243204
46 21 -0.246688
46 22 -0.2497
46 23 -0.252233
46 24 -0.253976
46 25 -0.255326
46 26 -0.256202
46 27 -0.0318744
46 28 0
46 29 0
46 30 0
46 31 0
46 32 0
46 33 0
46 34 0
46 35 0
46 36 0
46 37 0
46 38 0
46 39 0

47 0 0
47 1 -0.0213855
47 2 -0.171899
47 3 -0.172394
47 4 -0.173564
47 5 -0.175866
47 6 -0.178572
47 7 -0.182168
47 8 -0.18628
47 9 -0.190895
47 10 -0.195992
47 11 -0.20145
47 12 -0.207084
47 13 -0.213021
47 14 -0.218784
47 15 -0.224813
47 16 -0.230323
47 17 -0.235716
47 18 -0.240791
47 19 -0.245389
47 20 -0.249493
47 21 -0.253058
47 22 -0.256203
47 23 -0.258587
47 24 -0.260705
47 25 -0.262222
47 26 -0.26306
47 27 -0.0327216
47 28 0
47 29 0
47 30 0
47 31 0
47 32 0
47 33 0
47 34 0
47 35 0
47 36 0
47 37 0
47 38 0
47 39 0

48 0 0
48 1 -0.0219132
48 2 -0.176104
48 3 -0.17654
48 4 -0.17788
48 5 -0.180061
48 6 -0.182698
48 7 -0.186302
48 8 -0.190395
48 9 -0.195024
48 10 -0.200269
48 11 -0.205568
48 12 -0.211414
48 13 -0.217139
48 14 -0.222961
48 15 -0.228789
48 16 -0.234581
48 17 -0.240046
48 18 -0.245027
48 19 -0.249848
48 20 -0.253987
48 21 -0.257773
48 22 -0.260954
48 23 -0.263241
48 24 -0.265361
48 25 -0.266931
48 26 -0.267782
48 27 -0.0333009
48 28 0
48 29 0
48 30 0
48 31 0
48 32 0
48 33 0
48 34 0
48 35 0
48 36 0
48 37 0
48 38 0
48 39 0

49 0 0
49 1 -0.0221897
49 2 -0.178356
49 3 -0.178869
49 4 -0.180196
49 5 -0.182225
49 6 -0.185148
49 7 -0.188629
49 8 -0.192763
49 9 -0.197385
49 10 -0.202458
49 11 -0.20784
49 12 -0.213577
49 13 -0.219395
49 14 -0.225417
49 15 -0.231258
49 16 -0.237016
49 17 -0.242498
49 18 -0.247617
49 19 -0.252311
49 20 -0.256486
49 21 -0.260136
49 22 -0.263239
49 23 -0.265911
49 24 -0.267934
49 25 -0.269432
49 26 -0.270528
49 27 -0.0336607
49 28 0
49 29 0
49 30 0
49 31 0
49 32 0
49 33 0
49 34 0
49 35 0
49 36 0
49 37 0
49 38 0
49 39 0

50 0 0
50 1 0
50 2 -0.0221897
50 3 -0.0222546
50 4 -0.0224183
50 5 -0.022665
50 6 -0.023047
50 7 -0.0234653
50 8 -0.0239824
50 9 -0.0245637
50 10 -0.0251766
50 11 -0.0258654
50 12 -0.0265554
50 13 -0.0272917
50 14 -0.0280516
50 15 -0.0287834
50 16 -0.0294894
50 17 -0.0301657
50 18 -0.0308184
50 19 -0.031392
50 20 -0.0319151
50 21 -0.0323554
50 22 -0.0327337
50 23 -0.0330922
50 24 -0.0333298
50 25 -0.0335109
50 26 -0.0336607
50 27 0
50 28 0
50 29 0
50 30 0
50 31 0
50 32 0
50 33 0
50 34 0
50 35 0
50 36 0
50 37 0
50 38 0
50 39 0

51 0 0
51 1 0
51 2 0
51 3 0
51 4 0
51 5 0
51 6 0
51 7 0
51 8 0
51 9 0
51 10 0
51 11 0
51 12 0
51 13 0
51 14 0
51 15 0
51 16 0
51 17 0
51 18 0
51 19 0
51 20 0
51 21 0
51 22 0
51 23 0
51 24 0
51 25 0
51 26 0
51 27 0
51 28 0
51 29 0
51 30 0
51 31 0
51 32 0
51 33 0
51 34 0
51 35 0
51 36 0
51 37 0
51 38 0
51 39 0

