0 0 0
0 1 0
0 2 0
0 3 0
0 4 0
0 5 0
0 6 0
0 7 0
0 8 0
0 9 0
0 10 0
0 11 0
0 12 0
0 13 0
0 14 0
0 15 0
0 16 0
0 17 0
0 18 0
0 19 0
0 20 0
0 21 0
0 22 0
0 23 0
0 24 0
0 25 0
0 26 0
0 27 0
0 28 0
0 29 0
0 30 0
0 31 0
0 32 0
0 33 0
0 34 0
0 35 0
0 36 0
0 37 0
0 38 0
0 39 0

1 0 0
1 1 0
1 2 -0.0141555
1 3 -0.0141829
1 4 -0.0144554
1 5 -0.0144956
1 6 -0.0147901
1 7 -0.0150995
1 8 -0.0154146
1 9 -0.0158266
1 10 -0.0160622
1 11 -0.0161697
1 12 -0.0164293
1 13 -0.0167032
1 14 -0.0169394
1 15 -0.0172913
1 16 -0.0175849
1 17 -0.0178566
1 18 -0.0181382
1 19 -0.0183188
1 20 -0.0184687
1 21 -0.0186362
1 22 -0.0186549
1 23 -0.0187294
1 24 -0.0186804
1 25 -0.0187342
1 26 -0.0187528
1 27 0
1 28 0
1 29 0
1 30 0
1 31 0
1 32 0
1 33 0
1 34 0
1 35 0
1 36 0
1 37 0
1 38 0
1 39 0

2 0 0
2 1 -0.0141555
2 2 -0.113974
2 3 -0.114457
2 4 -0.115901
2 5 -0.117094
2 6 -0.119071
2 7 -0.12163
2 8 -0.124153
2 9 -0.127015
2 10 -0.128769
2 11 -0.1303
2 12 -0.132047
2 13 -0.134158
2 14 -0.136493
2 15 -0.138872
2 16 -0.141376
2 17 -0.14359
2 18 -0.145668
2 19 -0.147449
2 20 -0.148628
2 21 -0.149496
2 22 -0.150211
2 23 -0.150389
2 24 -0.150353
2 25 -0.150636
2 26 -0.150784
2 27 -0.0187528
2 28 0
2 29 0
2 30 0
2 31 0
2 32 0
2 33 0
2 34 0
2 35 0
2 36 0
2 37 0
2 38 0
2 39 0

3 0 0
3 1 -0.0141524
3 2 -0.114035
3 3 -0.114705
3 4 -0.115002
3 5 -0.117355
3 6 -0.119101
3 7 -0.121469
3 8 -0.123863
3 9 -0.125685
3 10 -0.127586
3 11 -0.129671
3 12 -0.131179
3 13 -0.13329
3 14 -0.135811
3 15 -0.137751
3 16 -0.140224
3 17 -0.142715
3 18 -0.144443
3 19 -0.146229
3 20 -0.147765
3 21 -0.148113
3 22 -0.149154
3 23 -0.14906
3 24 -0.149394
3 25 -0.149306
3 26 -0.149523
3 27 -0.0185975
3 28 0
3 29 0
3 30 0
3 31 0
3 32 0
3 33 0
3 34 0
3 35 0
3 36 0
3 37 0
3 38 0
3 39 0

4 0 0
4 1 -0.0141271
4 2 -0.113562
4 3 -0.114104
4 4 -0.115192
4 5 -0.116948
4 6 -0.118679
4 7 -0.120397
4 8 -0.122458
4 9 -0.123901
4 10 -0.125617
4 11 -0.127593
4 12 -0.130043
4 13 -0.131747
4 14 -0.133661
4 15 -0.135783
4 16 -0.137934
4 17 -0.140218
4 18 -0.142657
4 19 -0.144073
4 20 -0.145557
4 21 -0.14628
4 22 -0.14636
4 23 -0.14693
4 24 -0.147633
4 25 -0.147461
4 26 -0.147381
4 27 -0.0182888
4 28 0
4 29 0
4 30 0
4 31 0
4 32 0
4 33 0
4 34 0
4 35 0
4 36 0
4 37 0
4 38 0
4 39 0

5 0 0
5 1 -0.0140259
5 2 -0.112631
5 3 -0.113241
5 4 -0.114614
5 5 -0.116004
5 6 -0.117412
5 7 -0.118622
5 8 -0.120606
5 9 -0.121654
5 10 -0.123708
5 11 -0.125704
5 12 -0.127833
5 13 -0.129203
5 14 -0.131807
5 15 -0.134187
5 16 -0.135758
5 17 -0.137362
5 18 -0.139257
5 19 -0.141552
5 20 -0.1422
5 21 -0.143138
5 22 -0.143582
5 23 -0.143755
5 24 -0.144438
5 25 -0.144271
5 26 -0.144157
5 27 -0.0179348
5 28 0
5 29 0
5 30 0
5 31 0
5 32 0
5 33 0
5 34 0
5 35 0
5 36 0
5 37 0
5 38 0
5 39 0

6 0 0
6 1 -0.0138582
6 2 -0.111728
6 3 -0.112557
6 4 -0.112828
6 5 -0.114349
6 6 -0.115597
6 7 -0.11677
6 8 -0.118595
6 9 -0.119122
6 10 -0.121451
6 11 -0.122771
6 12 -0.124875
6 13 -0.127351
6 14 -0.128587
6 15 -0.13099
6 16 -0.132372
6 17 -0.134434
6 18 -0.135786
6 19 -0.137174
6 20 -0.137917
6 21 -0.139626
6 22 -0.140056
6 23 -0.139961
6 24 -0.140352
6 25 -0.139865
6 26 -0.139888
6 27 -0.0174041
6 28 0
6 29 0
6 30 0
6 31 0
6 32 0
6 33 0
6 34 0
6 35 0
6 36 0
6 37 0
6 38 0
6 39 0

7 0 0
7 1 -0.0137581
7 2 -0.110165
7 3 -0.110103
7 4 -0.11013
7 5 -0.111348
7 6 -0.112658
7 7 -0.113789
7 8 -0.114839
7 9 -0.116151
7 10 -0.117915
7 11 -0.120452
7 12 -0.122011
7 13 -0.123568
7 14 -0.125302
7 15 -0.127165
7 16 -0.129279
7 17 -0.130706
7 18 -0.132359
7 19 -0.133343
7 20 -0.133514
7 21 -0.13537
7 22 -0.135182
7 23 -0.135085
7 24 -0.135495
7 25 -0.134456
7 26 -0.134564
7 27 -0.0167707
7 28 0
7 29 0
7 30 0
7 31 0
7 32 0
7 33 0
7 34 0
7 35 0
7 36 0
7 37 0
7 38 0
7 39 0

8 0 0
8 1 -0.0133288
8 2 -0.107042
8 3 -0.107123
8 4 -0.106454
8 5 -0.107491
8 6 -0.108209
8 7 -0.109959
8 8 -0.110965
8 9 -0.112238
8 10 -0.114038
8 11 -0.115813
8 12 -0.117421
8 13 -0.11927
8 14 -0.120671
8 15 -0.123426
8 16 -0.12453
8 17 -0.126099
8 18 -0.127814
8 19 -0.128689
8 20 -0.129455
8 21 -0.129738
8 22 -0.129538
8 23 -0.129589
8 24 -0.129863
8 25 -0.12964
8 26 -0.129159
8 27 -0.0159846
8 28 0
8 29 0
8 30 0
8 31 0
8 32 0
8 33 0
8 34 0
8 35 0
8 36 0
8 37 0
8 38 0
8 39 0

9 0 0
9 1 -0.0128007
9 2 -0.102505
9 3 -0.102341
9 4 -0.102191
9 5 -0.102558
9 6 -0.103441
9 7 -0.104537
9 8 -0.106344
9 9 -0.107573
9 10 -0.109279
9 11 -0.111177
9 12 -0.112647
9 13 -0.114505
9 14 -0.116317
9 15 -0.118175
9 16 -0.119258
9 17 -0.121193
9 18 -0.122228
9 19 -0.123879
9 20 -0.12387
9 21 -0.123775
9 22 -0.124051
9 23 -0.123712
9 24 -0.123387
9 25 -0.123372
9 26 -0.123833
9 27 -0.0154006
9 28 0
9 29 0
9 30 0
9 31 0
9 32 0
9 33 0
9 34 0
9 35 0
9 36 0
9 37 0
9 38 0
9 39 0

10 0 0
10 1 -0.0120679
10 2 -0.0967314
10 3 -0.0962824
10 4 -0.0963328
10 5 -0.0966467
10 6 -0.0969057
10 7 -0.0979445
10 8 -0.0996679
10 9 -0.101347
10 10 -0.103303
10 11 -0.105604
10 12 -0.107522
10 13 -0.107942
10 14 -0.110578
10 15 -0.112587
10 16 -0.114191
10 17 -0.115988
10 18 -0.11635
10 19 -0.11773
10 20 -0.118098
10 21 -0.118128
10 22 -0.117899
10 23 -0.117289
10 24 -0.116982
10 25 -0.117209
10 26 -0.117512
10 27 -0.0146346
10 28 0
10 29 0
10 30 0
10 31 0
10 32 0
10 33 0
10 34 0
10 35 0
10 36 0
10 37 0
10 38 0
10 39 0

11 0 0
11 1 -0.0111192
11 2 -0.0894349
11 3 -0.0895939
11 4 -0.0896154
11 5 -0.0902105
11 6 -0.0903436
11 7 -0.0914184
11 8 -0.0927201
11 9 -0.0949689
11 10 -0.0973007
11 11 -0.0986894
11 12 -0.10122
11 13 -0.10209
11 14 -0.10417
11 15 -0.106385
11 16 -0.107609
11 17 -0.109711
11 18 -0.110343
11 19 -0.11073
11 20 -0.111208
11 21 -0.111575
11 22 -0.111449
11 23 -0.111076
11 24 -0.109998
11 25 -0.110136
11 26 -0.109862
11 27 -0.0136671
11 28 0
11 29 0
11 30 0
11 31 0
11 32 0
11 33 0
11 34 0
11 35 0
11 36 0
11 37 0
11 38 0
11 39 0

12 0 0
12 1 -0.010179
12 2 -0.0820168
12 3 -0.0823476
12 4 -0.0823423
12 5 -0.0829538
12 6 -0.0835846
12 7 -0.0849257
12 8 -0.0860316
12 9 -0.0880615
12 10 -0.0902023
12 11 -0.0923007
12 12 -0.0945774
12 13 -0.096135
12 14 -0.0980113
12 15 -0.0999492
12 16 -0.100947
12 17 -0.102725
12 18 -0.103723
12 19 -0.104348
12 20 -0.104018
12 21 -0.103627
12 22 -0.103794
12 23 -0.103453
12 24 -0.102983
12 25 -0.101972
12 26 -0.10109
12 27 -0.0227596
12 28 -0.00929114
12 29 -0.00857193
12 30 -0.00806659
12 31 -0.00748231
12 32 -0.00719956
12 33 0
12 34 0
12 35 0
12 36 0
12 37 0
12 38 0
12 39 0

13 0 0
13 1 -0.00936699
13 2 -0.0751235
13 3 -0.0746768
13 4 -0.0750455
13 5 -0.0752123
13 6 -0.0760768
13 7 -0.0774195
13 8 -0.079194
13 9 -0.080906
13 10 -0.0832346
13 11 -0.0860156
13 12 -0.0878122
13 13 -0.0894727
13 14 -0.0912132
13 15 -0.0928257
13 16 -0.094406
13 17 -0.0954729
13 18 -0.0959985
13 19 -0.0965116
13 20 -0.0972011
13 21 -0.0963896
13 22 -0.0969391
13 23 -0.0970444
13 24 -0.0953513
13 25 -0.0937733
13 26 -0.0901428
13 27 -0.0813161
13 28 -0.0746879
13 29 -0.0691118
13 30 -0.0644687
13 31 -0.060348
13 32 -0.0580312
13 33 -0.0135598
13 34 -0.00614513
13 35 0
13 36 0
13 37 0
13 38 0
13 39 0

14 0 0
14 1 -0.00847785
14 2 -0.0682815
14 3 -0.0682993
14 4 -0.0682668
14 5 -0.0683138
14 6 -0.0691904
14 7 -0.0706398
14 8 -0.0719632
14 9 -0.0736064
14 10 -0.0757448
14 11 -0.0781571
14 12 -0.0807044
14 13 -0.0825434
14 14 -0.0838952
14 15 -0.0855534
14 16 -0.0870784
14 17 -0.0878275
14 18 -0.0890658
14 19 -0.0892735
14 20 -0.0894779
14 21 -0.0904225
14 22 -0.0902363
14 23 -0.0900636
14 24 -0.0890529
14 25 -0.0868105
14 26 -0.0831578
14 27 -0.0777001
14 28 -0.0727034
14 29 -0.0680802
14 30 -0.0632132
14 31 -0.0592622
14 32 -0.0563667
14 33 -0.0516938
14 34 -0.0496673
14 35 -0.0119355
14 36 0
14 37 0
14 38 0
14 39 0

15 0 0
15 1 -0.00766958
15 2 -0.0617012
15 3 -0.0619264
15 4 -0.0614998
15 5 -0.0610241
15 6 -0.0623195
15 7 -0.0635544
15 8 -0.0644413
15 9 -0.0665939
15 10 -0.0688941
15 11 -0.0710704
15 12 -0.0732212
15 13 -0.0752835
15 14 -0.0774228
15 15 -0.0786968
15 16 -0.079791
15 17 -0.0809031
15 18 -0.0819056
15 19 -0.0831812
15 20 -0.0833326
15 21 -0.0832161
15 22 -0.0834192
15 23 -0.0835757
15 24 -0.0827056
15 25 -0.0811537
15 26 -0.0774683
15 27 -0.0740427
15 28 -0.0704866
15 29 -0.0662777
15 30 -0.0616147
15 31 -0.0578924
15 32 -0.0550749
15 33 -0.0513158
15 34 -0.0495122
15 35 -0.0469169
15 36 -0.0113257
15 37 0
15 38 0
15 39 0

16 0 0
16 1 -0.00684521
16 2 -0.0549802
16 3 -0.0553514
16 4 -0.0556946
16 5 -0.0549517
16 6 -0.0557917
16 7 -0.0566473
16 8 -0.0580731
16 9 -0.0597759
16 10 -0.062264
16 11 -0.0645071
16 12 -0.0662382
16 13 -0.0681773
16 14 -0.0700782
16 15 -0.0716176
16 16 -0.0732706
16 17 -0.0745919
16 18 -0.0752727
16 19 -0.0763573
16 20 -0.0772522
16 21 -0.0777775
16 22 -0.0776394
16 23 -0.0781025
16 24 -0.0766429
16 25 -0.0759346
16 26 -0.0737246
16 27 -0.0702132
16 28 -0.0671513
16 29 -0.0637535
16 30 -0.0598667
16 31 -0.0567295
16 32 -0.0532611
16 33 -0.0500349
16 34 -0.0481993
16 35 -0.0460797
16 36 -0.0446905
16 37 -0.011001
16 38 0
16 39 0

17 0 0
17 1 -0.00603042
17 2 -0.0487208
17 3 -0.0490201
17 4 -0.0494275
17 5 -0.0492742
17 6 -0.0494349
17 7 -0.0503342
17 8 -0.0520037
17 9 -0.0538263
17 10 -0.0560854
17 11 -0.0583388
17 12 -0.0601541
17 13 -0.0619212
17 14 -0.0633961
17 15 -0.0658222
17 16 -0.0677058
17 17 -0.0687812
17 18 -0.0694191
17 19 -0.0705184
17 20 -0.0713146
17 21 -0.0718613
17 22 -0.0726281
17 23 -0.072602
17 24 -0.0725526
17 25 -0.0715485
17 26 -0.0695217
17 27 -0.0677973
17 28 -0.0648933
17 29 -0.0620625
17 30 -0.0581924
17 31 -0.0549832
17 32 -0.052543
17 33 -0.0501181
17 34 -0.0486065
17 35 -0.0454429
17 36 -0.0448568
17 37 -0.044101
17 38 -0.00546564
17 39 0

18 0 0
18 1 -0.00540755
18 2 -0.0429367
18 3 -0.0424195
18 4 -0.0437491
18 5 -0.0434457
18 6 -0.044103
18 7 -0.0455403
18 8 -0.0464748
18 9 -0.0480899
18 10 -0.050503
18 11 -0.0528998
18 12 -0.0548322
18 13 -0.0565532
18 14 -0.0576896
18 15 -0.0597401
18 16 -0.0610393
18 17 -0.0629731
18 18 -0.0645199
18 19 -0.065978
18 20 -0.0666559
18 21 -0.0671575
18 22 -0.0680986
18 23 -0.0681015
18 24 -0.0684536
18 25 -0.0673864
18 26 -0.0662412
18 27 -0.0645923
18 28 -0.0624938
18 29 -0.0593282
18 30 -0.05667
18 31 -0.054011
18 32 -0.0516798
18 33 -0.049484
18 34 -0.0481072
18 35 -0.046261
18 36 -0.0455965
18 37 -0.0447559
18 38 -0.00557016
18 39 0

19 0 0
19 1 -0.00473346
19 2 -0.0377801
19 3 -0.0374056
19 4 -0.0377025
19 5 -0.0383446
19 6 -0.0394373
19 7 -0.0396498
19 8 -0.0410996
19 9 -0.0427128
19 10 -0.045042
19 11 -0.0470554
19 12 -0.0494205
19 13 -0.0515334
19 14 -0.05242
19 15 -0.0546427
19 16 -0.0561938
19 17 -0.0575478
19 18 -0.0605027
19 19 -0.0617339
19 20 -0.0625405
19 21 -0.06355
19 22 -0.0640675
19 23 -0.0642544
19 24 -0.0644992
19 25 -0.0646338
19 26 -0.0641984
19 27 -0.0626662
19 28 -0.0601956
19 29 -0.05823
19 30 -0.0557593
19 31 -0.0530678
19 32 -0.0510092
19 33 -0.0491465
19 34 -0.0479252
19 35 -0.0462993
19 36 -0.0463173
19 37 -0.0456159
19 38 -0.00561074
19 39 0

20 0 0
20 1 -0.00406194
20 2 -0.0327864
20 3 -0.0332275
20 4 -0.0339476
20 5 -0.0340949
20 6 -0.0349797
20 7 -0.0356282
20 8 -0.0367496
20 9 -0.0382592
20 10 -0.0405633
20 11 -0.0430018
20 12 -0.0448118
20 13 -0.0467233
20 14 -0.0486408
20 15 -0.0500106
20 16 -0.0519658
20 17 -0.0536743
20 18 -0.0558125
20 19 -0.0575277
20 20 -0.0588058
20 21 -0.0596073
20 22 -0.0608505
20 23 -0.0613705
20 24 -0.0611104
20 25 -0.0619745
20 26 -0.0614098
20 27 -0.0605663
20 28 -0.0581574
20 29 -0.0575212
20 30 -0.0555992
20 31 -0.0542234
20 32 -0.0513183
20 33 -0.0490104
20 34 -0.047709
20 35 -0.0461965
20 36 -0.0459807
20 37 -0.0458953
20 38 -0.00572506
20 39 0

21 0 0
21 1 -0.00353792
21 2 -0.0287251
21 3 -0.0294114
21 4 -0.0304789
21 5 -0.0305171
21 6 -0.0313157
21 7 -0.0317367
21 8 -0.0329077
21 9 -0.0344835
21 10 -0.036187
21 11 -0.0390633
21 12 -0.0401564
21 13 -0.0430679
21 14 -0.0446603
21 15 -0.0459434
21 16 -0.0479999
21 17 -0.0496291
21 18 -0.0520939
21 19 -0.054157
21 20 -0.0556176
21 21 -0.057098
21 22 -0.0582545
21 23 -0.0591172
21 24 -0.0599579
21 25 -0.060134
21 26 -0.0601705
21 27 -0.0596293
21 28 -0.0577328
21 29 -0.056224
21 30 -0.0546713
21 31 -0.0530676
21 32 -0.0510485
21 33 -0.0491768
21 34 -0.0476762
21 35 -0.0466364
21 36 -0.0462978
21 37 -0.0462422
21 38 -0.00579604
21 39 0

22 0 0
22 1 -0.00325112
22 2 -0.0259656
22 3 -0.026145
22 4 -0.0281541
22 5 -0.0279086
22 6 -0.0281982
22 7 -0.0286195
22 8 -0.0292895
22 9 -0.0311377
22 10 -0.0329723
22 11 -0.0350354
22 12 -0.0368251
22 13 -0.039143
22 14 -0.041386
22 15 -0.0429866
22 16 -0.044463
22 17 -0.0468291
22 18 -0.0494714
22 19 -0.051506
22 20 -0.0533772
22 21 -0.0547713
22 22 -0.0559504
22 23 -0.0568568
22 24 -0.0579913
22 25 -0.0593574
22 26 -0.0592342
22 27 -0.0584353
22 28 -0.0573778
22 29 -0.0555493
22 30 -0.0541264
22 31 -0.0527574
22 32 -0.0507718
22 33 -0.0488414
22 34 -0.0474466
22 35 -0.046308
22 36 -0.0465226
22 37 -0.0463205
22 38 -0.00577912
22 39 0

23 0 0
23 1 -0.00302516
23 2 -0.024342
23 3 -0.0243737
23 4 -0.0254099
23 5 -0.0257713
23 6 -0.0260246
23 7 -0.026482
23 8 -0.0260732
23 9 -0.028009
23 10 -0.0300063
23 11 -0.0320748
23 12 -0.0342584
23 13 -0.036401
23 14 -0.0390687
23 15 -0.0406735
23 16 -0.0420313
23 17 -0.0441339
23 18 -0.0469737
23 19 -0.0500123
23 20 -0.0519633
23 21 -0.0531308
23 22 -0.055128
23 23 -0.0562548
23 24 -0.0575248
23 25 -0.0584633
23 26 -0.0586436
23 27 -0.058202
23 28 -0.0572118
23 29 -0.0552575
23 30 -0.0536016
23 31 -0.052085
23 32 -0.0507988
23 33 -0.0482653
23 34 -0.0474297
23 35 -0.0459789
23 36 -0.0462093
23 37 -0.0461366
23 38 -0.00574253
23 39 0

24 0 0
24 1 -0.0029303
24 2 -0.0232962
24 3 -0.0229389
24 4 -0.0234341
24 5 -0.0239616
24 6 -0.0244625
24 7 -0.0252113
24 8 -0.0252497
24 9 -0.0262737
24 10 -0.0281521
24 11 -0.0306814
24 12 -0.0326768
24 13 -0.0347704
24 14 -0.0368268
24 15 -0.0388498
24 16 -0.0407745
24 17 -0.0432459
24 18 -0.0463688
24 19 -0.0492123
24 20 -0.0517118
24 21 -0.0529532
24 22 -0.0548103
24 23 -0.0561794
24 24 -0.0576178
24 25 -0.0583839
24 26 -0.0585273
24 27 -0.0585266
24 28 -0.0566211
24 29 -0.054864
24 30 -0.0533072
24 31 -0.0516473
24 32 -0.0505137
24 33 -0.0486683
24 34 -0.0475769
24 35 -0.0468591
24 36 -0.0462754
24 37 -0.0456203
24 38 -0.00564939
24 39 0

25 0 0
25 1 -0.00286733
25 2 -0.0226641
25 3 -0.0224195
25 4 -0.0229078
25 5 -0.0233771
25 6 -0.0236837
25 7 -0.0246803
25 8 -0.0245757
25 9 -0.0251376
25 10 -0.0270984
25 11 -0.0295125
25 12 -0.0317629
25 13 -0.0343818
25 14 -0.0363801
25 15 -0.0386084
25 16 -0.0400522
25 17 -0.0427308
25 18 -0.0461649
25 19 -0.0493704
25 20 -0.0514295
25 21 -0.0529543
25 22 -0.0540319
25 23 -0.0555417
25 24 -0.0567852
25 25 -0.0578736
25 26 -0.0584881
25 27 -0.0583402
25 28 -0.0563554
25 29 -0.05593
25 30 -0.0541664
25 31 -0.0524464
25 32 -0.0507642
25 33 -0.0487321
25 34 -0.0485142
25 35 -0.047133
25 36 -0.0465939
25 37 -0.0461342
25 38 -0.00570232
25 39 0

26 0 0
26 1 -0.00289034
26 2 -0.0230366
26 3 -0.0231109
26 4 -0.0236958
26 5 -0.0235788
26 6 -0.0234433
26 7 -0.0240724
26 8 -0.0249519
26 9 -0.026087
26 10 -0.0274782
26 11 -0.0299786
26 12 -0.0318745
26 13 -0.0341482
26 14 -0.0361086
26 15 -0.0383053
26 16 -0.0401143
26 17 -0.0436928
26 18 -0.0476489
26 19 -0.0497341
26 20 -0.0514079
26 21 -0.05321
26 22 -0.0543721
26 23 -0.0558153
26 24 -0.0569863
26 25 -0.0586151
26 26 -0.0583841
26 27 -0.0583142
26 28 -0.0566721
26 29 -0.0553184
26 30 -0.0545817
26 31 -0.0525625
26 32 -0.0509946
26 33 -0.0486191
26 34 -0.0486653
26 35 -0.0485285
26 36 -0.0476765
26 37 -0.0474231
26 38 -0.00591098
26 39 0

27 0 0
27 1 -0.00303193
27 2 -0.0241393
27 3 -0.0241771
27 4 -0.025374
27 5 -0.0252292
27 6 -0.0254488
27 7 -0.0254743
27 8 -0.0256982
27 9 -0.026583
27 10 -0.0287129
27 11 -0.0310723
27 12 -0.0331542
27 13 -0.0359067
27 14 -0.037335
27 15 -0.0392324
27 16 -0.0416294
27 17 -0.0442672
27 18 -0.0474954
27 19 -0.0501484
27 20 -0.0521738
27 21 -0.0539318
27 22 -0.0554861
27 23 -0.0561239
27 24 -0.0574844
27 25 -0.0583703
27 26 -0.0585639
27 27 -0.0582946
27 28 -0.056997
27 29 -0.0557389
27 30 -0.0550872
27 31 -0.0529005
27 32 -0.0515375
27 33 -0.049444
27 34 -0.0493694
27 35 -0.0483824
27 36 -0.0486076
27 37 -0.0483145
27 38 -0.0060011
27 39 0

28 0 0
28 1 -0.00321528
28 2 -0.0256323
28 3 -0.0256019
28 4 -0.0269036
28 5 -0.0272449
28 6 -0.0276199
28 7 -0.0278056
28 8 -0.0280821
28 9 -0.0279455
28 10 -0.0303181
28 11 -0.0327808
28 12 -0.0347526
28 13 -0.0370767
28 14 -0.0389976
28 15 -0.040534
28 16 -0.0429208
28 17 -0.0454122
28 18 -0.048522
28 19 -0.0508175
28 20 -0.0524472
28 21 -0.0541608
28 22 -0.0556576
28 23 -0.0566883
28 24 -0.0585152
28 25 -0.0589881
28 26 -0.0587749
28 27 -0.0586892
28 28 -0.0574736
28 29 -0.0558578
28 30 -0.0561741
28 31 -0.0538861
28 32 -0.0527791
28 33 -0.0507064
28 34 -0.0496851
28 35 -0.0499119
28 36 -0.0490168
28 37 -0.048744
28 38 -0.00608479
28 39 0

29 0 0
29 1 -0.0033968
29 2 -0.0273698
29 3 -0.0277354
29 4 -0.0291026
29 5 -0.0298066
29 6 -0.0298507
29 7 -0.0299572
29 8 -0.0309071
29 9 -0.0316593
29 10 -0.0332439
29 11 -0.0356271
29 12 -0.0374151
29 13 -0.0401315
29 14 -0.0418077
29 15 -0.0429032
29 16 -0.0450749
29 17 -0.0470904
29 18 -0.0497699
29 19 -0.0523097
29 20 -0.0536262
29 21 -0.0556034
29 22 -0.0565199
29 23 -0.0578817
29 24 -0.0592706
29 25 -0.0596296
29 26 -0.0597378
29 27 -0.0591315
29 28 -0.0580614
29 29 -0.0572908
29 30 -0.0566406
29 31 -0.0545968
29 32 -0.0536537
29 33 -0.0519533
29 34 -0.050358
29 35 -0.0498786
29 36 -0.0494099
29 37 -0.0496602
29 38 -0.00621045
29 39 0

30 0 0
30 1 -0.0037501
30 2 -0.0301454
30 3 -0.0302801
30 4 -0.0314168
30 5 -0.0323894
30 6 -0.0328962
30 7 -0.0328214
30 8 -0.0338307
30 9 -0.0350991
30 10 -0.0364306
30 11 -0.0389261
30 12 -0.040508
30 13 -0.0432328
30 14 -0.0452562
30 15 -0.0465344
30 16 -0.0484548
30 17 -0.0507092
30 18 -0.0525787
30 19 -0.0538876
30 20 -0.055046
30 21 -0.0560789
30 22 -0.0580478
30 23 -0.0595468
30 24 -0.0606408
30 25 -0.0613889
30 26 -0.0613977
30 27 -0.0606257
30 28 -0.0598007
30 29 -0.0589242
30 30 -0.0578056
30 31 -0.0568283
30 32 -0.0555638
30 33 -0.0537287
30 34 -0.0519457
30 35 -0.051329
30 36 -0.0510747
30 37 -0.0507282
30 38 -0.00628921
30 39 0

31 0 0
31 1 -0.00418584
31 2 -0.0336457
31 3 -0.0338425
31 4 -0.034041
31 5 -0.0349401
31 6 -0.0357605
31 7 -0.0365268
31 8 -0.0375859
31 9 -0.03887
31 10 -0.0401111
31 11 -0.0436227
31 12 -0.0448611
31 13 -0.0469909
31 14 -0.0486497
31 15 -0.051025
31 16 -0.0523375
31 17 -0.0545131
31 18 -0.0559227
31 19 -0.0574581
31 20 -0.0586227
31 21 -0.0594936
31 22 -0.061097
31 23 -0.0617023
31 24 -0.0630031
31 25 -0.0630882
31 26 -0.064272
31 27 -0.0629591
31 28 -0.0621198
31 29 -0.0611927
31 30 -0.0594769
31 31 -0.058075
31 32 -0.0565701
31 33 -0.0549061
31 34 -0.0538574
31 35 -0.0526105
31 36 -0.0528777
31 37 -0.0524336
31 38 -0.00652354
31 39 0

32 0 0
32 1 -0.0046946
32 2 -0.0377894
32 3 -0.038217
32 4 -0.0384141
32 5 -0.0391491
32 6 -0.0393299
32 7 -0.0408228
32 8 -0.0423256
32 9 -0.0436936
32 10 -0.0453779
32 11 -0.0474344
32 12 -0.0491005
32 13 -0.0515748
32 14 -0.0537073
32 15 -0.0555286
32 16 -0.056968
32 17 -0.0588989
32 18 -0.0599244
32 19 -0.0615366
32 20 -0.061921
32 21 -0.0631643
32 22 -0.0644973
32 23 -0.0654611
32 24 -0.0660097
32 25 -0.0662464
32 26 -0.0669485
32 27 -0.0657763
32 28 -0.0650976
32 29 -0.0637782
32 30 -0.0615756
32 31 -0.0603848
32 32 -0.058258
32 33 -0.0563391
32 34 -0.0549976
32 35 -0.0537056
32 36 -0.0539312
32 37 -0.0536532
32 38 -0.00669026
32 39 0

33 0 0
33 1 -0.00525959
33 2 -0.0429093
33 3 -0.0440493
33 4 -0.0437098
33 5 -0.0441498
33 6 -0.0448884
33 7 -0.0455789
33 8 -0.0470849
33 9 -0.048989
33 10 -0.0517318
33 11 -0.0532617
33 12 -0.0544681
33 13 -0.0570757
33 14 -0.0590314
33 15 -0.0604085
33 16 -0.0622722
33 17 -0.064004
33 18 -0.0649234
33 19 -0.0654856
33 20 -0.0666401
33 21 -0.0674582
33 22 -0.068037
33 23 -0.0688078
33 24 -0.0700786
33 25 -0.0703474
33 26 -0.0704808
33 27 -0.0694401
33 28 -0.0674895
33 29 -0.0662148
33 30 -0.0637135
33 31 -0.0617116
33 32 -0.0595416
33 33 -0.0574495
33 34 -0.0561009
33 35 -0.0549049
33 36 -0.0548446
33 37 -0.0541817
33 38 -0.00669333
33 39 0

34 0 0
34 1 -0.00612212
34 2 -0.0491067
34 3 -0.0494605
34 4 -0.050443
34 5 -0.0505405
34 6 -0.0515062
34 7 -0.0523732
34 8 -0.0526769
34 9 -0.0546605
34 10 -0.0568667
34 11 -0.0587081
34 12 -0.0609465
34 13 -0.0630222
34 14 -0.0645869
34 15 -0.0660015
34 16 -0.0678562
34 17 -0.0692044
34 18 -0.0705744
34 19 -0.0714527
34 20 -0.0719721
34 21 -0.0724911
34 22 -0.0721986
34 23 -0.07359
34 24 -0.0746413
34 25 -0.0748974
34 26 -0.0742505
34 27 -0.0723373
34 28 -0.0703485
34 29 -0.0683738
34 30 -0.0654813
34 31 -0.063865
34 32 -0.06077
34 33 -0.0585676
34 34 -0.0570314
34 35 -0.0561838
34 36 -0.0554096
34 37 -0.0548074
34 38 -0.00682626
34 39 0

35 0 0
35 1 -0.0069917
35 2 -0.0562824
35 3 -0.0563026
35 4 -0.0568784
35 5 -0.0571412
35 6 -0.0577289
35 7 -0.0587529
35 8 -0.0595553
35 9 -0.0613325
35 10 -0.062873
35 11 -0.064667
35 12 -0.0673039
35 13 -0.0689693
35 14 -0.0705512
35 15 -0.0723392
35 16 -0.0741131
35 17 -0.0750768
35 18 -0.0767518
35 19 -0.0776683
35 20 -0.0774617
35 21 -0.0778966
35 22 -0.0782864
35 23 -0.079195
35 24 -0.079035
35 25 -0.0791647
35 26 -0.0776958
35 27 -0.0760994
35 28 -0.0731888
35 29 -0.0709426
35 30 -0.0676113
35 31 -0.0646709
35 32 -0.0623582
35 33 -0.0599013
35 34 -0.0581381
35 35 -0.0568276
35 36 -0.055975
35 37 -0.0552148
35 38 -0.00686939
35 39 0

36 0 0
36 1 -0.00790073
36 2 -0.0632021
36 3 -0.0633493
36 4 -0.0647199
36 5 -0.0640222
36 6 -0.0646148
36 7 -0.0657123
36 8 -0.0667464
36 9 -0.0682262
36 10 -0.0698631
36 11 -0.0715209
36 12 -0.073645
36 13 -0.0754639
36 14 -0.0775606
36 15 -0.0790391
36 16 -0.0811138
36 17 -0.0825879
36 18 -0.0836175
36 19 -0.0840441
36 20 -0.0840729
36 21 -0.084325
36 22 -0.0848632
36 23 -0.085192
36 24 -0.0845881
36 25 -0.0837546
36 26 -0.082166
36 27 -0.0794857
36 28 -0.0760317
36 29 -0.0729074
36 30 -0.069357
36 31 -0.0663243
36 32 -0.0635526
36 33 -0.0612603
36 34 -0.0593042
36 35 -0.0576487
36 36 -0.0566633
36 37 -0.0139206
36 38 0
36 39 0

37 0 0
37 1 -0.00873358
37 2 -0.0703808
37 3 -0.0707176
37 4 -0.0711793
37 5 -0.0714899
37 6 -0.0719658
37 7 -0.0728809
37 8 -0.0735398
37 9 -0.0750847
37 10 -0.0769497
37 11 -0.0786152
37 12 -0.0806055
37 13 -0.0826338
37 14 -0.0844687
37 15 -0.0863803
37 16 -0.0879407
37 17 -0.0893381
37 18 -0.0900769
37 19 -0.0910876
37 20 -0.0911349
37 21 -0.0910075
37 22 -0.0917757
37 23 -0.0913869
37 24 -0.0908974
37 25 -0.0890038
37 26 -0.0866198
37 27 -0.0832127
37 28 -0.0795777
37 29 -0.0746791
37 30 -0.0709771
37 31 -0.0680199
37 32 -0.064879
37 33 -0.0624948
37 34 -0.0612878
37 35 -0.0594465
37 36 -0.0144351
37 37 0
37 38 0
37 39 0

38 0 0
38 1 -0.00960308
38 2 -0.0773324
38 3 -0.0778291
38 4 -0.0779344
38 5 -0.0788008
38 6 -0.0793027
38 7 -0.0803619
38 8 -0.0806381
38 9 -0.0822313
38 10 -0.08387
38 11 -0.0854851
38 12 -0.0874982
38 13 -0.089944
38 14 -0.091052
38 15 -0.0935423
38 16 -0.0949062
38 17 -0.0966038
38 18 -0.0978124
38 19 -0.098653
38 20 -0.0988838
38 21 -0.0987878
38 22 -0.0987339
38 23 -0.0980846
38 24 -0.0974252
38 25 -0.0950925
38 26 -0.0923296
38 27 -0.0873752
38 28 -0.082402
38 29 -0.0773565
38 30 -0.0730569
38 31 -0.0692492
38 32 -0.0666536
38 33 -0.0639821
38 34 -0.062599
38 35 -0.0151586
38 36 0
38 37 0
38 38 0
38 39 0

39 0 0
39 1 -0.0105129
39 2 -0.0842703
39 3 -0.0842284
39 4 -0.0846243
39 5 -0.0859066
39 6 -0.0863936
39 7 -0.0867626
39 8 -0.0876635
39 9 -0.0891475
39 10 -0.0907246
39 11 -0.0926671
39 12 -0.0945827
39 13 -0.0964581
39 14 -0.0983048
39 15 -0.100552
39 16 -0.10228
39 17 -0.104002
39 18 -0.105257
39 19 -0.105555
39 20 -0.10617
39 21 -0.106032
39 22 -0.106313
39 23 -0.106321
39 24 -0.104351
39 25 -0.102349
39 26 -0.0986029
39 27 -0.0904945
39 28 -0.0838684
39 29 -0.078172
39 30 -0.0736947
39 31 -0.0704134
39 32 -0.0685459
39 33 -0.0164811
39 34 -0.00777472
39 35 0
39 36 0
39 37 0
39 38 0
39 39 0

40 0 0
40 1 -0.0113515
40 2 -0.0914053
40 3 -0.0917357
40 4 -0.0916266
40 5 -0.0921262
40 6 -0.0925117
40 7 -0.093389
40 8 -0.0946335
40 9 -0.0956356
40 10 -0.0971808
40 11 -0.0993797
40 12 -0.101191
40 13 -0.102836
40 14 -0.104941
40 15 -0.106898
40 16 -0.108861
40 17 -0.110632
40 18 -0.111868
40 19 -0.113084
40 20 -0.112843
40 21 -0.113155
40 22 -0.113579
40 23 -0.112824
40 24 -0.111736
40 25 -0.110604
40 26 -0.109666
40 27 -0.0249922
40 28 -0.0104482
40 29 -0.00969221
40 30 -0.00914485
40 31 -0.00875872
40 32 -0.00853887
40 33 0
40 34 0
40 35 0
40 36 0
40 37 0
40 38 0
40 39 0

41 0 0
41 1 -0.0122572
41 2 -0.0985981
41 3 -0.0988414
41 4 -0.0982429
41 5 -0.0982921
41 6 -0.0989579
41 7 -0.100331
41 8 -0.101459
41 9 -0.102062
41 10 -0.103566
41 11 -0.105795
41 12 -0.107824
41 13 -0.109989
41 14 -0.111437
41 15 -0.113011
41 16 -0.115269
41 17 -0.11713
41 18 -0.11839
41 19 -0.11941
41 20 -0.119269
41 21 -0.11964
41 22 -0.119765
41 23 -0.119556
41 24 -0.118512
41 25 -0.118842
41 26 -0.118639
41 27 -0.0147802
41 28 0
41 29 0
41 30 0
41 31 0
41 32 0
41 33 0
41 34 0
41 35 0
41 36 0
41 37 0
41 38 0
41 39 0

42 0 0
42 1 -0.0130907
42 2 -0.105181
42 3 -0.105265
42 4 -0.10461
42 5 -0.104857
42 6 -0.105189
42 7 -0.106918
42 8 -0.108018
42 9 -0.108527
42 10 -0.110084
42 11 -0.112388
42 12 -0.114003
42 13 -0.116436
42 14 -0.117887
42 15 -0.119214
42 16 -0.12115
42 17 -0.122693
42 18 -0.124449
42 19 -0.125716
42 20 -0.126298
42 21 -0.126642
42 22 -0.126172
42 23 -0.125768
42 24 -0.124924
42 25 -0.125242
42 26 -0.125857
42 27 -0.0157155
42 28 0
42 29 0
42 30 0
42 31 0
42 32 0
42 33 0
42 34 0
42 35 0
42 36 0
42 37 0
42 38 0
42 39 0

43 0 0
43 1 -0.0138277
43 2 -0.110622
43 3 -0.110257
43 4 -0.110316
43 5 -0.110745
43 6 -0.110388
43 7 -0.111712
43 8 -0.113012
43 9 -0.114259
43 10 -0.116018
43 11 -0.118585
43 12 -0.119702
43 13 -0.121349
43 14 -0.123813
43 15 -0.125148
43 16 -0.126913
43 17 -0.128513
43 18 -0.129892
43 19 -0.131278
43 20 -0.131728
43 21 -0.132393
43 22 -0.132299
43 23 -0.131631
43 24 -0.131648
43 25 -0.131518
43 26 -0.131293
43 27 -0.0162702
43 28 0
43 29 0
43 30 0
43 31 0
43 32 0
43 33 0
43 34 0
43 35 0
43 36 0
43 37 0
43 38 0
43 39 0

44 0 0
44 1 -0.01422
44 2 -0.114276
44 3 -0.11446
44 4 -0.114356
44 5 -0.114798
44 6 -0.1155
44 7 -0.116448
44 8 -0.117838
44 9 -0.119048
44 10 -0.120885
44 11 -0.122659
44 12 -0.124609
44 13 -0.126479
44 14 -0.127549
44 15 -0.12984
44 16 -0.131534
44 17 -0.133413
44 18 -0.135387
44 19 -0.136514
44 20 -0.136904
44 21 -0.137276
44 22 -0.13736
44 23 -0.137746
44 24 -0.137378
44 25 -0.137849
44 26 -0.137009
44 27 -0.0169878
44 28 0
44 29 0
44 30 0
44 31 0
44 32 0
44 33 0
44 34 0
44 35 0
44 36 0
44 37 0
44 38 0
44 39 0

45 0 0
45 1 -0.0144515
45 2 -0.116349
45 3 -0.117087
45 4 -0.117246
45 5 -0.117638
45 6 -0.119097
45 7 -0.119676
45 8 -0.121477
45 9 -0.122506
45 10 -0.124503
45 11 -0.126312
45 12 -0.127882
45 13 -0.129904
45 14 -0.131488
45 15 -0.133884
45 16 -0.135864
45 17 -0.137725
45 18 -0.139032
45 19 -0.140603
45 20 -0.141152
45 21 -0.141831
45 22 -0.142277
45 23 -0.142294
45 24 -0.142564
45 25 -0.142104
45 26 -0.14194
45 27 -0.0176743
45 28 0
45 29 0
45 30 0
45 31 0
45 32 0
45 33 0
45 34 0
45 35 0
45 36 0
45 37 0
45 38 0
45 39 0

46 0 0
46 1 -0.0146038
46 2 -0.117549
46 3 -0.118487
46 4 -0.118961
46 5 -0.119998
46 6 -0.12124
46 7 -0.122412
46 8 -0.124343
46 9 -0.125822
46 10 -0.126945
46 11 -0.128412
46 12 -0.130533
46 13 -0.133002
46 14 -0.135097
46 15 -0.137653
46 16 -0.139457
46 17 -0.140636
46 18 -0.142839
46 19 -0.143233
46 20 -0.144523
46 21 -0.145621
46 22 -0.145568
46 23 -0.145669
46 24 -0.146737
46 25 -0.145501
46 26 -0.145693
46 27 -0.0181157
46 28 0
46 29 0
46 30 0
46 31 0
46 32 0
46 33 0
46 34 0
46 35 0
46 36 0
46 37 0
46 38 0
46 39 0

47 0 0
47 1 -0.0147275
47 2 -0.118395
47 3 -0.118832
47 4 -0.119012
47 5 -0.121451
47 6 -0.122788
47 7 -0.124511
47 8 -0.126417
47 9 -0.127598
47 10 -0.128619
47 11 -0.130469
47 12 -0.132261
47 13 -0.134488
47 14 -0.13731
47 15 -0.139664
47 16 -0.141412
47 17 -0.143306
47 18 -0.144645
47 19 -0.14582
47 20 -0.14766
47 21 -0.148059
47 22 -0.148643
47 23 -0.148531
47 24 -0.148928
47 25 -0.148393
47 26 -0.148644
47 27 -0.0185469
47 28 0
47 29 0
47 30 0
47 31 0
47 32 0
47 33 0
47 34 0
47 35 0
47 36 0
47 37 0
47 38 0
47 39 0

48 0 0
48 1 -0.0147359
48 2 -0.118434
48 3 -0.118847
48 4 -0.119685
48 5 -0.12197
48 6 -0.124091
48 7 -0.125921
48 8 -0.127346
48 9 -0.128717
48 10 -0.129935
48 11 -0.131948
48 12 -0.134247
48 13 -0.136632
48 14 -0.138866
48 15 -0.141124
48 16 -0.142975
48 17 -0.145167
48 18 -0.146738
48 19 -0.14804
48 20 -0.149425
48 21 -0.150268
48 22 -0.151394
48 23 -0.15146
48 24 -0.151361
48 25 -0.150803
48 26 -0.149888
48 27 -0.0185315
48 28 0
48 29 0
48 30 0
48 31 0
48 32 0
48 33 0
48 34 0
48 35 0
48 36 0
48 37 0
48 38 0
48 39 0

49 0 0
49 1 -0.0146193
49 2 -0.117875
49 3 -0.118929
49 4 -0.12099
49 5 -0.122458
49 6 -0.124213
49 7 -0.126387
49 8 -0.128241
49 9 -0.130172
49 10 -0.1318
49 11 -0.13318
49 12 -0.135015
49 13 -0.13712
49 14 -0.13953
49 15 -0.141863
49 16 -0.144109
49 17 -0.146116
49 18 -0.147979
49 19 -0.149737
49 20 -0.15105
49 21 -0.152139
49 22 -0.152779
49 23 -0.152825
49 24 -0.152087
49 25 -0.151513
49 26 -0.151255
49 27 -0.0188026
49 28 0
49 29 0
49 30 0
49 31 0
49 32 0
49 33 0
49 34 0
49 35 0
49 36 0
49 37 0
49 38 0
49 39 0

50 0 0
50 1 0
50 2 -0.0146193
50 3 -0.0147662
50 4 -0.0150974
50 5 -0.0152232
50 6 -0.0154281
50 7 -0.0157001
50 8 -0.0159441
50 9 -0.0162218
50 10 -0.016442
50 11 -0.0165686
50 12 -0.0167822
50 13 -0.0170443
50 14 -0.0173514
50 15 -0.0176252
50 16 -0.0179357
50 17 -0.0181689
50 18 -0.0184018
50 19 -0.0186531
50 20 -0.0188111
50 21 -0.0189679
50 22 -0.019011
50 23 -0.0189902
50 24 -0.0188748
50 25 -0.0188035
50 26 -0.0188026
50 27 0
50 28 0
50 29 0
50 30 0
50 31 0
50 32 0
50 33 0
50 34 0
50 35 0
50 36 0
50 37 0
50 38 0
50 39 0

51 0 0
51 1 0
51 2 0
51 3 0
51 4 0
51 5 0
51 6 0
51 7 0
51 8 0
51 9 0
51 10 0
51 11 0
51 12 0
51 13 0
51 14 0
51 15 0
51 16 0
51 17 0
51 18 0
51 19 0
51 20 0
51 21 0
51 22 0
51 23 0
51 24 0
51 25 0
51 26 0
51 27 0
51 28 0
51 29 0
51 30 0
51 31 0
51 32 0
51 33 0
51 34 0
51 35 0
51 36 0
51 37 0
51 38 0
51 39 0

