0 0 4 -2.7548e-16
0 4 4 0
0 8 4 0
0 12 4 -2.7548e-16
0 16 4 0
0 20 4 0
0 24 4 0
0 28 4 0
0 32 4 2.75476e-16
0 36 4 0
0 40 4 0
0 44 4 0
0 48 4 0
0 52 4 0
0 56 4 -2.75479e-16
0 60 4 0

4 0 3.79443 9.28894e-05
4 4 3.79453 -0.00105015
4 8 3.7948 -0.00203312
4 12 3.79522 -0.00270628
4 16 3.79571 -0.00296721
4 20 3.79621 -0.00277639
4 24 3.79663 -0.00216308
4 28 3.79691 -0.00122074
4 32 3.79702 -9.2779e-05
4 36 3.79692 0.00104929
4 40 3.79665 0.0020318
4 44 3.79623 0.00270528
4 48 3.79574 0.00296712
4 52 3.79524 0.00277727
4 56 3.79482 0.00216442
4 60 3.79454 0.00122177

8 0 3.78742 9.21749e-05
8 4 3.78754 -0.00129547
8 8 3.78786 -0.00248579
8 12 3.78835 -0.00329751
8 16 3.78893 -0.00360709
8 20 3.78951 -0.0033675
8 24 3.79 -0.00261534
8 28 3.79033 -0.00146519
8 32 3.79045 -9.20899e-05
8 36 3.79034 0.00129501
8 40 3.79002 0.00248506
8 44 3.78953 0.00329695
8 48 3.78895 0.00360703
8 52 3.78837 0.00336799
8 56 3.78788 0.0026161
8 60 3.78754 0.00146578

12 0 3.77996 6.99505e-05
12 4 3.78007 -0.000988501
12 8 3.78041 -0.00189652
12 12 3.78091 -0.0025159
12 16 3.7815 -0.00275231
12 20 3.7821 -0.00256969
12 24 3.78261 -0.0019958
12 28 3.78295 -0.00111797
12 32 3.78307 -6.98928e-05
12 36 3.78296 0.000988824
12 40 3.78263 0.00189694
12 44 3.78213 0.00251618
12 48 3.78153 0.00275231
12 52 3.78094 0.00256942
12 56 3.78043 0.00199544
12 60 3.78009 0.00111775

16 0 3.7719 5.61026e-05
16 4 3.77202 -0.000621624
16 8 3.77237 -0.0012049
16 12 3.7729 -0.00160501
16 16 3.77353 -0.00176095
16 20 3.77416 -0.00164881
16 24 3.7747 -0.00128545
16 28 3.77506 -0.000726127
16 32 3.77519 -5.60577e-05
16 36 3.77508 0.000622552
16 40 3.77473 0.0012062
16 44 3.7742 0.00160595
16 48 3.77357 0.00176101
16 52 3.77294 0.00164799
16 56 3.7724 0.00128426
16 60 3.77203 0.000725294

20 0 3.76347 4.843e-05
20 4 3.76359 -0.000348706
20 8 3.76395 -0.00069302
20 12 3.7645 -0.000932216
20 16 3.76515 -0.00102977
20 20 3.7658 -0.000970552
20 24 3.76636 -0.000763298
20 28 3.76674 -0.000439438
20 32 3.76688 -4.83851e-05
20 36 3.76676 0.000350049
20 40 3.7664 0.000694926
20 44 3.76585 0.00093362
20 48 3.7652 0.0010299
20 52 3.76455 0.000969383
20 56 3.76399 0.000761566
20 60 3.76361 0.000438208

24 0 3.75499 4.01343e-05
24 4 3.7551 -0.000128876
24 8 3.75545 -0.00027857
24 12 3.75597 -0.000386306
24 16 3.75659 -0.000435557
24 20 3.75721 -0.000418504
24 24 3.75775 -0.000337412
24 28 3.75811 -0.00020448
24 32 3.75824 -4.00707e-05
24 36 3.75813 0.000130465
24 40 3.75779 0.000280833
24 44 3.75727 0.000387996
24 48 3.75665 0.000435764
24 52 3.75602 0.000417185
24 56 3.75549 0.000335419
24 60 3.75513 0.00020306

28 0 3.74674 3.0133e-05
28 4 3.74683 7.27883e-05
28 8 3.74713 0.000104057
28 12 3.74758 0.000119026
28 16 3.74811 0.000115541
28 20 3.74864 9.44603e-05
28 24 3.7491 5.9335e-05
28 28 3.74941 1.5665e-05
28 32 3.74953 -3.00257e-05
28 36 3.74943 -7.11103e-05
28 40 3.74914 -0.000101675
28 44 3.74869 -0.000117218
28 48 3.74816 -0.00011525
28 52 3.74762 -9.57404e-05
28 56 3.74717 -6.13193e-05
28 60 3.74685 -1.70747e-05

32 0 3.73899 2.06584e-05
32 4 3.73906 0.000244254
32 8 3.73928 0.000430388
32 12 3.7396 0.000550577
32 16 3.73999 0.000586637
32 20 3.74038 0.000533386
32 24 3.74072 0.000399251
32 28 3.74095 0.000204799
32 32 3.74103 -2.04789e-05
32 36 3.74096 -0.000242596
32 40 3.74075 -0.000428057
32 44 3.74042 -0.000548773
32 48 3.74003 -0.000586251
32 52 3.73964 -0.000534479
32 56 3.73931 -0.000401017
32 60 3.73908 -0.000206039

36 0 3.73203 1.40992e-05
36 4 3.73206 0.000356716
36 8 3.73217 0.000644788
36 12 3.73233 0.000834327
36 16 3.73253 0.000896577
36 20 3.73272 0.000822336
36 24 3.73289 0.000623198
36 28 3.733 0.000329615
36 32 3.73305 -1.38188e-05
36 36 3.73301 -0.000355096
36 40 3.73291 -0.00064255
36 44 3.73274 -0.000832554
36 48 3.73255 -0.000896079
36 52 3.73235 -0.000823178
36 56 3.73219 -0.000624658
36 60 3.73207 -0.00033061

40 0 3.72611 1.23915e-05
40 4 3.7261 0.00038521
40 8 3.72607 0.00069917
40 12 3.72602 0.000906344
40 16 3.72596 0.000975285
40 20 3.72591 0.000895762
40 24 3.72586 0.000680161
40 28 3.72582 0.000361436
40 32 3.72581 -1.19848e-05
40 36 3.72582 -0.000383516
40 40 3.72585 -0.000696877
40 44 3.7259 -0.000904489
40 48 3.72596 -0.00097465
40 52 3.72601 -0.000896414
40 56 3.72606 -0.000681413
40 60 3.7261 -0.000362249

44 0 3.72143 1.75768e-05
44 4 3.72137 0.000308602
44 8 3.72116 0.000552394
44 12 3.72085 0.00071168
44 16 3.72048 0.000762327
44 20 3.7201 0.000696938
44 24 3.71978 0.000525803
44 28 3.71956 0.000275133
44 32 3.71948 -1.70263e-05
44 36 3.71954 -0.000306513
44 40 3.71975 -0.000549591
44 44 3.72006 -0.000709408
44 48 3.72043 -0.000761516
44 52 3.72081 -0.000697666
44 56 3.72113 -0.000527245
44 60 3.72135 -0.000276045

48 0 3.71814 3.22954e-05
48 4 3.718 0.0001025
48 8 3.71758 0.000156669
48 12 3.71694 0.000186309
48 16 3.71617 0.000187098
48 20 3.71539 0.000159428
48 24 3.71472 0.000108053
48 28 3.71426 4.10409e-05
48 32 3.71409 -3.15974e-05
48 36 3.71422 -9.93216e-05
48 40 3.71464 -0.000152362
48 44 3.71529 -0.000182887
48 48 3.71606 -0.000186056
48 52 3.71684 -0.000160867
48 56 3.71751 -0.00011062
48 60 3.71796 -4.27228e-05

52 0 3.71633 6.00817e-05
52 4 3.7161 -0.000267422
52 8 3.7154 -0.000555123
52 12 3.71433 -0.000759697
52 16 3.71304 -0.000849616
52 20 3.71174 -0.000810172
52 24 3.71062 -0.000646306
52 28 3.70985 -0.000382484
52 32 3.70956 -5.92597e-05
52 36 3.70978 0.000273129
52 40 3.71049 0.000563011
52 44 3.71157 0.000765785
52 48 3.71286 0.000850978
52 52 3.71416 0.00080665
52 56 3.71527 0.000640602
52 60 3.71603 0.00037858

56 0 3.71607 0.00010575
56 4 3.71573 -0.000852389
56 8 3.71466 -0.00168278
56 12 3.713 -0.00226
56 16 3.71102 -0.00249536
56 20 3.70902 -0.00235084
56 24 3.70729 -0.0018462
56 28 3.70611 -0.00105722
56 32 3.70565 -0.000104884
56 36 3.706 0.000863632
56 40 3.70708 0.00169861
56 44 3.70875 0.00227193
56 48 3.71073 0.0024972
56 52 3.71273 0.0023423
56 56 3.71445 0.00183307
56 60 3.71562 0.001048

60 0 3.71749 0.00017609
60 4 3.71699 -0.00173047
60 8 3.71539 -0.00337806
60 12 3.71294 -0.004518
60 16 3.70999 -0.00497496
60 20 3.70701 -0.00467467
60 24 3.70443 -0.00365794
60 28 3.70267 -0.00207736
60 32 3.70199 -0.000175383
60 36 3.7025 0.00175362
60 40 3.70412 0.00341106
60 44 3.7066 0.00454248
60 48 3.70955 0.00497755
60 52 3.71253 0.00465481
60 56 3.71508 0.00362823
60 60 3.71682 0.00205617

64 0 3.72079 0.000281
64 4 3.72006 -0.0030213
64 8 3.71772 -0.00587344
64 12 3.71412 -0.00784584
64 16 3.7098 -0.0086344
64 20 3.7054 -0.0081089
64 24 3.70161 -0.00633871
64 28 3.69901 -0.00358849
64 32 3.698 -0.000280923
64 36 3.69876 0.00306998
64 40 3.70114 0.00594336
64 44 3.70479 0.00789721
64 48 3.70914 0.0086383
64 52 3.71352 0.00806421
64 56 3.71726 0.00627276
64 60 3.71981 0.00354108

68 0 3.72636 0.000435187
68 4 3.7253 -0.0049068
68 8 3.72188 -0.009523
68 12 3.71661 -0.0127207
68 16 3.71027 -0.0140049
68 20 3.70382 -0.0131582
68 24 3.69823 -0.0102864
68 28 3.69439 -0.00581625
68 32 3.69291 -0.00043679
68 36 3.69402 0.00501022
68 40 3.69754 0.00967223
68 44 3.70292 0.0128297
68 48 3.70931 0.0140112
68 52 3.71572 0.0130596
68 56 3.7212 0.010142
68 60 3.72493 0.00571196

72 0 3.73486 0.000660616
72 4 3.73331 -0.00765943
72 8 3.72831 -0.014859
72 12 3.7206 -0.0198637
72 16 3.71129 -0.0218945
72 20 3.70177 -0.0205954
72 24 3.69351 -0.0161139
72 28 3.68783 -0.00910927
72 32 3.68563 -0.000666195
72 36 3.68728 0.00788036
72 40 3.6925 0.0151786
72 44 3.70046 0.0200965
72 48 3.70987 0.0219058
72 52 3.7193 0.0203802
72 56 3.72732 0.0158
72 60 3.73277 0.00888212

76 0 3.74735 0.00098999
76 4 3.74508 -0.0116798
76 8 3.73778 -0.0226688
76 12 3.72647 -0.030351
76 16 3.71276 -0.0335213
76 20 3.69868 -0.0315966
76 24 3.68641 -0.0247616
76 28 3.67793 -0.0140053
76 32 3.67465 -0.00100452
76 36 3.67712 0.0121534
76 40 3.68492 0.0233548
76 44 3.69674 0.0308495
76 48 3.71068 0.0335426
76 52 3.72456 0.0311303
76 56 3.73633 0.0240825
76 60 3.7443 0.0135132

80 0 3.76546 0.00147157
80 4 3.76216 -0.0175452
80 8 3.75151 -0.0340975
80 12 3.73493 -0.0457671
80 16 3.71471 -0.0507045
80 20 3.6938 -0.0479447
80 24 3.67547 -0.0376724
80 28 3.66274 -0.0213358
80 32 3.65781 -0.00150571
80 36 3.66154 0.0185624
80 40 3.67326 0.0355716
80 44 3.69094 0.046837
80 48 3.71164 0.0507472
80 52 3.73213 0.0469376
80 56 3.74938 0.0362067
80 60 3.76101 0.0202728

84 0 3.79162 0.00217567
84 4 3.78684 -0.0260672
84 8 3.77139 -0.0507775
84 12 3.74716 -0.0684133
84 16 3.71734 -0.076144
84 20 3.68621 -0.0723416
84 24 3.65866 -0.0570721
84 28 3.63939 -0.0323982
84 32 3.6319 -0.00225215
84 36 3.6376 0.0282552
84 40 3.65537 0.0539475
84 44 3.68196 0.0707117
84 48 3.71281 0.076232
84 52 3.74303 0.0701709
84 56 3.76827 0.0539134
84 60 3.78517 0.0301052

88 0 3.82933 0.00320297
88 4 3.82251 -0.0383496
88 8 3.80028 -0.0749754
88 12 3.76509 -0.101575
88 16 3.72123 -0.113817
88 20 3.67478 -0.108891
88 24 3.6331 -0.0864294
88 28 3.60363 -0.0492465
88 32 3.59213 -0.00336979
88 36 3.60093 0.0430592
88 40 3.62817 0.0817924
88 44 3.66845 0.106511
88 48 3.71451 0.114002
88 52 3.75902 0.104222
88 56 3.79572 0.0796301
88 60 3.82007 0.0443059

92 0 3.88355 0.0046942
92 4 3.87397 -0.0558171
92 8 3.84244 -0.109713
92 12 3.79185 -0.14982
92 16 3.72763 -0.169518
92 20 3.65821 -0.163848
92 24 3.59464 -0.131227
92 28 3.54897 -0.0752023
92 32 3.53103 -0.00505125
92 36 3.54488 0.0659522
92 40 3.5872 0.124358
92 44 3.64873 0.160408
92 48 3.71768 0.169915
92 52 3.78293 0.153831
92 56 3.8358 0.116618
92 60 3.87043 0.0645715

96 0 3.96097 0.00683877
96 4 3.94787 -0.0801467
96 8 3.90412 -0.158749
96 12 3.83252 -0.219223
96 16 3.73925 -0.251516
96 20 3.63539 -0.246735
96 24 3.53743 -0.200264
96 28 3.46535 -0.115767
96 32 3.43673 -0.0075886
96 36 3.45909 0.10192
96 40 3.52613 0.190113
96 44 3.62114 0.24184
96 48 3.7245 0.252372
96 52 3.81949 0.225351
96 56 3.89452 0.168986
96 60 3.94281 0.0929539

100 0 4.07025 0.00987582
100 4 4.05301 -0.112962
100 8 3.99421 -0.226134
100 12 3.89532 -0.317155
100 16 3.7617 -0.371056
100 20 3.60638 -0.371847
100 24 3.45345 -0.307774
100 28 3.33686 -0.180234
100 32 3.28987 -0.0114092
100 36 3.32722 0.159508
100 40 3.43614 0.292849
100 44 3.58487 0.365061
100 48 3.73985 0.372912
100 52 3.87643 0.326623
100 56 3.98054 0.241297
100 60 4.04588 0.13157

104 0 4.22157 0.014072
104 4 4.20015 -0.15506
104 8 4.12485 -0.314811
104 12 3.99332 -0.450759
104 16 3.80621 -0.541697
104 20 3.57506 -0.559458
104 24 3.33274 -0.47639
104 28 3.13818 -0.2843
104 32 3.05811 -0.0170668
104 36 3.12321 0.253435
104 40 3.30597 0.45467
104 44 3.54239 0.550484
104 48 3.77394 0.545729
104 52 3.96625 0.465585
104 56 4.10578 0.337213
104 60 4.19039 0.181805

108 0 4.42516 0.0196457
108 4 4.4007 -0.204917
108 8 4.31093 -0.423398
108 12 4.14592 -0.622199
108 16 3.89397 -0.774336
108 20 3.55491 -0.833346
108 24 3.16583 -0.738813
108 28 2.82932 -0.452753
108 32 2.68714 -0.0249872
108 36 2.8061 0.407626
108 40 3.12404 0.707843
108 44 3.50491 0.822549
108 48 3.84658 0.783064
108 52 4.10793 0.645721
108 56 4.2852 0.456287
108 60 4.38787 0.24271

112 0 4.68785 0.0265934
112 4 4.66316 -0.256535
112 8 4.56676 -0.540652
112 12 4.37716 -0.817935
112 16 4.05937 -1.06059
112 20 3.57908 -1.20228
112 24 2.9529 -1.12568
112 28 2.35147 -0.713851
112 32 2.09095 -0.0342557
112 36 2.31665 0.651212
112 40 2.8873 1.08316
112 44 3.50196 1.19203
112 48 3.99061 1.07933
112 52 4.32572 0.855561
112 56 4.53389 0.588241
112 60 4.64736 0.308518

116 0 5.00736 0.0343916
116 4 4.9865 -0.297689
116 8 4.89687 -0.639361
116 12 4.70363 -0.992541
116 16 4.33911 -1.33652
116 20 3.70313 -1.5965
116 24 2.72218 -1.58805
116 28 1.6416 -1.03536
116 32 1.16929 -0.0381941
116 36 1.5957 0.960224
116 40 2.6196 1.5332
116 44 3.58308 1.59495
116 48 4.24219 1.37626
116 52 4.63845 1.05226
116 56 4.8585 0.706074
116 60 4.96893 0.366203

120 0 5.36579 0.0416625
120 4 5.35171 -0.311214
120 8 5.28064 -0.676738
120 12 5.10501 -1.06112
120 16 4.72089 -1.44694
120 20 3.93938 -1.75301
120 24 2.49376 -1.74695
120 28 0.697554 -0.922637
120 32 0 0
120 36 0.664445 0.871359
120 40 2.33391 1.68538
120 44 3.75264 1.7871
120 48 4.59516 1.52817
120 52 5.03277 1.1509
120 56 5.2421 0.764353
120 60 5.33501 0.395759

124 0 5.72642 0.0461432
124 4 5.71717 -0.282563
124 8 5.66039 -0.613286
124 12 5.49204 -0.937151
124 16 5.06433 -1.21086
124 20 4.05935 -1.31096
124 24 1.7959 -0.834872
124 28 0 0
124 32 0 0
124 36 0 0
124 40 1.55614 0.796737
124 44 3.79771 1.45062
124 48 4.93805 1.34488
124 52 5.4291 1.05176
124 56 5.62954 0.715018
124 60 5.70447 0.377145

128 0 6.04028 0.0455835
128 4 6.02759 -0.211569
128 8 5.9573 -0.448636
128 12 5.73976 -0.62819
128 16 5.17787 -0.675645
128 20 3.88239 -0.4809
128 24 0 0
128 28 0 0
128 32 0 0
128 36 0 0
128 40 0 0
128 44 3.66061 0.54716
128 48 5.08158 0.771421
128 52 5.69357 0.726618
128 56 5.93602 0.544033
128 60 6.01939 0.303915

132 0 6.26329 0.0399017
132 4 6.23656 -0.115005
132 8 6.11501 -0.228933
132 12 5.78297 -0.245118
132 16 5.01814 -0.0947056
132 20 3.49872 0.229678
132 24 1.05916 0.323591
132 28 0 0
132 32 0 0
132 36 0 0
132 40 0.758413 -0.260891
132 44 3.15825 -0.305409
132 48 4.86902 0.0912811
132 52 5.71966 0.292993
132 56 6.08948 0.298811
132 60 6.22782 0.192891

136 0 6.37367 0.0315708
136 4 6.3257 -0.0163942
136 8 6.12941 -0.0153185
136 12 5.66298 0.0866375
136 16 4.74006 0.311632
136 20 3.23342 0.564469
136 24 1.36809 0.567922
136 28 0.159671 0.169648
136 32 0 0
136 36 0.123355 -0.137878
136 40 1.11712 -0.501036
136 44 2.91725 -0.581597
136 48 4.53555 -0.334012
136 52 5.56148 -0.0721862
136 56 6.08534 0.0589845
136 60 6.30998 0.0751138

140 0 6.37573 0.0231576
140 4 6.3056 0.0664522
140 8 6.0358 0.152886
140 12 5.46466 0.314368
140 16 4.47902 0.532118
140 20 3.08602 0.697442
140 24 1.5704 0.642844
140 28 0.505508 0.33589
140 32 0.167027 0.0178277
140 36 0.423337 -0.282783
140 40 1.35762 -0.584675
140 44 2.81595 -0.684212
140 48 4.26262 -0.540778
140 52 5.33294 -0.310721
140 56 5.96966 -0.127224
140 60 6.27957 -0.0253341

144 0 6.29117 0.0162045
144 4 6.20327 0.125796
144 8 5.87891 0.264744
144 12 5.25079 0.444508
144 16 4.27319 0.628896
144 20 3.02018 0.727395
144 24 1.74947 0.643431
144 28 0.828542 0.373832
144 32 0.482611 0.0304116
144 36 0.734935 -0.310467
144 40 1.56098 -0.587983
144 44 2.78538 -0.700804
144 48 4.06373 -0.623925
144 52 5.10436 -0.440143
144 56 5.79539 -0.248463
144 60 6.16727 -0.0978561

148 0 6.1477 0.0111956
148 4 6.04878 0.162033
148 8 5.69413 0.327307
148 12 5.05047 0.503915
148 16 4.12 0.652886
148 20 3.00354 0.706441
148 24 1.91834 0.607799
148 28 1.12836 0.361364
148 32 0.81668 0.0354849
148 36 1.038 -0.292989
148 40 1.74991 -0.551467
148 44 2.79527 -0.672388
148 48 3.92312 -0.638111
148 52 4.90022 -0.495637
148 56 5.60025 -0.314823
148 60 6.00541 -0.142677

152 0 5.97087 0.00793426
152 4 5.86745 0.179706
152 8 5.50378 0.353643
152 12 4.87334 0.517866
152 16 4.00821 0.636708
152 20 3.01619 0.661111
152 24 2.07953 0.556975
152 28 1.40116 0.332275
152 32 1.12927 0.0370029
152 36 1.31841 -0.262215
152 40 1.92891 -0.49932
152 44 2.82948 -0.622204
152 48 3.82528 -0.615109
152 52 4.7256 -0.505472
152 56 5.40558 -0.342135
152 60 5.81981 -0.165412

156 0 5.78033 0.00594826
156 4 5.67745 0.184294
156 8 5.32025 0.356177
156 12 4.72054 0.505056
156 16 3.92719 0.600168
156 20 3.04607 0.606217
156 24 2.23153 0.502714
156 28 1.64606 0.299635
156 32 1.41024 0.0369298
156 36 1.57158 -0.22979
156 40 2.09673 -0.444389
156 44 2.87784 -0.564212
156 48 3.75826 -0.573933
156 52 4.57885 -0.489261
156 56 5.22205 -0.344467
156 60 5.6282 -0.172797

160 0 5.58936 0.00476213
160 4 5.49043 0.180556
160 8 5.1496 0.344506
160 12 4.59 0.478014
160 16 3.86864 0.555036
160 20 3.08558 0.549984
160 24 2.37304 0.450799
160 28 1.86465 0.26842
160 32 1.6596 0.0361259
160 36 1.79795 -0.199883
160 40 2.25225 -0.392631
160 44 2.93366 -0.50628
160 48 3.71334 -0.525857
160 52 4.4563 -0.459774
160 56 5.05426 -0.332292
160 60 5.44152 -0.17059

164 0 5.40603 0.00401313
164 4 5.31306 0.172018
164 8 4.99421 0.325237
164 12 4.47877 0.444569
164 16 3.82644 0.507963
164 20 3.12994 0.49657
164 24 2.5037 0.403615
164 28 2.05972 0.240295
164 32 1.8806 0.0349548
164 36 2.00004 -0.173737
164 40 2.39535 -0.346349
164 44 2.99269 -0.4523
164 48 3.68424 -0.477186
164 52 4.35407 -0.424834
164 56 4.90352 -0.312655
164 60 5.2658 -0.162988

168 0 5.23461 0.00346564
168 4 5.1486 0.161034
168 8 4.85438 0.302539
168 12 4.38388 0.409262
168 16 3.79618 0.462369
168 20 3.17625 0.447675
168 24 2.62388 0.361726
168 28 2.23431 0.215521
168 32 2.07717 0.0335603
168 36 2.18094 -0.151417
168 40 2.52669 -0.305993
168 44 3.05235 -0.403756
168 48 3.66651 -0.431061
168 52 4.26864 -0.388875
168 56 4.7694 -0.289907
168 60 5.10385 -0.152745

172 0 5.07693 0.00298315
172 4 4.99823 0.149052
172 8 4.72935 0.278842
172 12 4.30266 0.374495
172 16 3.77469 0.419743
172 20 3.22272 0.403642
172 24 2.73429 0.324814
172 28 2.39125 0.193794
172 32 2.25292 0.0319901
172 36 2.34355 -0.132543
172 40 2.64719 -0.271161
172 44 3.1111 -0.360824
172 48 3.65696 -0.388759
172 52 4.197 -0.354172
172 56 4.65067 -0.26653
172 60 4.95649 -0.141521

176 0 4.93329 0.00249287
176 4 4.86184 0.136904
176 8 4.61787 0.255465
176 12 4.23282 0.341409
176 16 3.75965 0.380532
176 20 3.26822 0.364174
176 24 2.83567 0.292235
176 28 2.53289 0.17464
176 32 2.41084 0.0302533
176 36 2.49033 -0.116617
176 40 2.75777 -0.241155
176 44 3.16798 -0.32309
176 48 3.65327 -0.350567
176 52 4.13667 -0.321746
176 56 4.54576 -0.243832
176 60 4.82337 -0.130248

180 0 4.80318 0.00195898
180 4 4.73866 0.125046
180 8 4.51852 0.233073
180 12 4.17244 0.310464
180 16 3.7493 0.344702
180 20 3.31203 0.328761
180 24 2.9287 0.263311
180 28 2.6611 0.157597
180 32 2.5533 0.0283505
180 36 2.62323 -0.103167
180 40 2.85924 -0.215251
180 44 3.22233 -0.289951
180 48 3.65367 -0.316327
180 52 4.08554 -0.291957
180 56 4.453 -0.222448
180 60 4.70358 -0.119424

184 0 4.68559 0.00136725
184 4 4.62759 0.113718
184 8 4.42983 0.211981
184 12 4.11986 0.28179
184 16 3.7423 0.312032
184 20 3.3536 0.296882
184 24 3.01394 0.23745
184 28 2.77734 0.14228
184 32 2.6821 0.0262874
184 36 2.74376 -0.0917861
184 40 2.95225 -0.192812
184 44 3.27372 -0.260806
184 48 3.65682 -0.28572
184 52 4.04186 -0.264849
184 56 4.3708 -0.202652
184 60 4.5959 -0.109296

188 0 4.57935 0.000717731
188 4 4.52739 0.103038
188 8 4.35042 0.192314
188 12 4.07368 0.255361
188 16 3.73758 0.282258
188 20 3.39257 0.268083
188 24 3.09184 0.214176
188 28 2.88275 0.128393
188 32 2.79866 0.0240806
188 36 2.85309 -0.0821384
188 40 3.03729 -0.173301
188 44 3.32178 -0.235117
188 48 3.66162 -0.258387
188 52 4.00415 -0.240314
188 56 4.29765 -0.18452
188 60 4.49899 -0.0999676

192 0 4.4832 2.08126e-05
192 4 4.43679 0.0930565
192 8 4.279 0.174095
192 12 4.03272 0.231078
192 16 3.73428 0.255112
192 20 3.42864 0.241979
192 24 3.16278 0.193115
192 28 2.9782 0.115716
192 32 2.90407 0.0217586
192 36 2.95215 -0.0739421
192 40 3.11479 -0.156271
192 44 3.36627 -0.212413
192 48 3.6672 -0.23397
192 52 3.97117 -0.218172
192 56 4.23219 -0.168018
192 60 4.41156 -0.0914582

196 0 4.39594 -0.000705478
196 4 4.35462 0.0837836
196 8 4.21444 0.157287
196 12 3.99598 0.208804
196 16 3.73174 0.230347
196 20 3.46164 0.218253
196 24 3.22707 0.173976
196 28 3.06445 0.104088
196 32 2.99923 0.0193604
196 36 3.04167 -0.0669549
196 40 3.18508 -0.141341
196 44 3.40699 -0.192282
196 48 3.67288 -0.212125
196 52 3.94187 -0.198205
196 56 4.17321 -0.153045
196 60 4.33237 -0.0837335

200 0 4.31646 -0.00143789
200 4 4.27979 0.0752054
200 8 4.15571 0.141818
200 12 3.96263 0.18839
200 16 3.72943 0.20773
200 20 3.49142 0.196634
200 24 3.28502 0.156524
200 28 3.1421 0.0933899
200 32 3.08489 0.0169328
200 36 3.12231 -0.0609637
200 40 3.24851 -0.128181
200 44 3.44385 -0.174354
200 48 3.67812 -0.192527
200 52 3.91539 -0.180178
200 56 4.11967 -0.139464
200 60 4.26033 -0.0767273

204 0 4.24379 -0.00214992
204 4 4.21135 0.067295
204 8 4.10197 0.127602
204 12 3.93198 0.169678
204 16 3.72695 0.18705
204 20 3.51794 0.176894
204 24 3.33692 0.140573
204 28 3.21172 0.0835358
204 32 3.1617 0.0145278
204 36 3.19462 -0.055777
204 40 3.30536 -0.116496
204 44 3.47679 -0.158297
204 48 3.68251 -0.174866
204 52 3.89103 -0.16385
204 56 4.0707 -0.127116
204 60 4.19445 -0.0703548

208 0 4.17707 -0.00281351
208 4 4.1485 0.0600193
208 8 4.05251 0.114542
208 12 3.90351 0.152515
208 16 3.72399 0.168111
208 20 3.5412 0.158832
208 24 3.38305 0.125966
208 28 3.2738 0.0744599
208 32 3.23025 0.0121994
208 36 3.25912 -0.0512219
208 40 3.35595 -0.106026
208 44 3.50584 -0.143807
208 48 3.68577 -0.158852
208 52 3.86826 -0.148984
208 56 4.02557 -0.115837
208 60 4.13394 -0.0645228

212 0 4.11562 -0.00340072
212 4 4.09057 0.053342
212 8 4.00675 0.102544
212 12 3.87679 0.136754
212 16 3.72037 0.150734
212 20 3.56126 0.142271
212 24 3.42372 0.112569
212 28 3.32881 0.0661106
212 32 3.29107 0.00999961
212 36 3.31629 -0.0471429
212 40 3.4006 -0.0965338
212 44 3.53106 -0.130612
212 48 3.68772 -0.144216
212 52 3.84666 -0.135354
212 56 3.98371 -0.105462
212 60 4.07811 -0.0591357

216 0 4.05886 -0.00388564
216 4 4.03702 0.0472257
216 8 3.96423 0.0915108
216 12 3.85151 0.122255
216 16 3.71596 0.134756
216 20 3.5782 0.127055
216 24 3.45923 0.100266
216 28 3.3772 0.0584441
216 32 3.34467 0.00797524
216 36 3.3666 -0.0434037
216 40 3.43963 -0.0878145
216 44 3.55261 -0.118469
216 48 3.68827 -0.130717
216 52 3.82594 -0.122748
216 56 3.94467 -0.0958341
216 60 4.02644 -0.0541018

220 0 4.00635 -0.00424677
220 4 3.98743 0.0416325
220 8 3.92462 0.0813539
220 12 3.82747 0.108888
220 16 3.71073 0.120028
220 20 3.59219 0.113042
220 24 3.48989 0.0889558
220 28 3.41943 0.0514207
220 32 3.39155 0.00616412
220 36 3.4105 -0.0398892
220 40 3.47339 -0.0796916
220 44 3.57064 -0.107166
220 48 3.68741 -0.118141
220 52 3.80592 -0.110981
220 56 3.90814 -0.0868138
220 60 3.97851 -0.0493382

224 0 3.95779 -0.00446931
224 4 3.94151 0.0365255
224 8 3.8877 0.0719905
224 12 3.80455 0.0965372
224 16 3.70472 0.10642
224 20 3.6034 0.10011
224 24 3.51603 0.0785469
224 28 3.45591 0.0450026
224 32 3.43218 0.00459252
224 36 3.44845 -0.0365097
224 40 3.50225 -0.0720242
224 44 3.58539 -0.0965334
224 48 3.68522 -0.106313
224 52 3.78653 -0.0998965
224 56 3.87391 -0.0782837
224 60 3.93405 -0.0447769

228 0 3.91297 -0.00454715
228 4 3.89909 0.0318691
228 8 3.85335 0.063349
228 12 3.78273 0.0851058
228 16 3.69801 0.093822
228 20 3.61208 0.0881577
228 24 3.53803 0.0689625
228 28 3.48712 0.0391534
228 32 3.46707 0.00327343
228 36 3.48093 -0.0332029
228 40 3.5266 -0.0647101
228 44 3.59714 -0.0864454
228 48 3.68183 -0.0951039
228 52 3.76778 -0.0893795
228 56 3.8419 -0.070157
228 60 3.89289 -0.0403694

232 0 3.87183 -0.00448381
232 4 3.86008 0.027631
232 8 3.82154 0.0553716
232 12 3.76209 0.0745175
232 16 3.6908 0.0821512
232 20 3.61854 0.0771045
232 24 3.5563 0.0601401
232 28 3.51354 0.0338386
232 32 3.49674 0.00220632
232 36 3.50845 -0.0299355
232 40 3.54689 -0.0576881
232 44 3.60624 -0.0768239
232 48 3.67748 -0.0844312
232 52 3.74977 -0.0793575
232 56 3.81211 -0.0623811
232 60 3.85498 -0.0360897

236 0 3.83437 -0.00429224
236 4 3.82454 0.0237824
236 8 3.79236 0.048016
236 12 3.74278 0.0647195
236 16 3.68335 0.0713493
236 20 3.62313 0.0668946
236 24 3.5713 0.0520327
236 28 3.53571 0.0290261
236 32 3.52176 0.00137809
236 36 3.53156 -0.0267014
236 40 3.56362 -0.0509368
236 44 3.61309 -0.0676379
236 48 3.67247 -0.0742625
236 52 3.73272 -0.0698029
236 56 3.78466 -0.0549393
236 60 3.82037 -0.0319351

240 0 3.80074 -0.00399335
240 4 3.79259 0.0202993
240 8 3.766 0.0412545
240 12 3.72506 0.055681
240 16 3.67601 0.0613829
240 20 3.62634 0.0574937
240 24 3.58359 0.0446075
240 28 3.55426 0.0246873
240 32 3.54278 0.000765372
240 36 3.5509 -0.0235184
240 40 3.57738 -0.0444691
240 44 3.61821 -0.0588981
240 48 3.66721 -0.0646081
240 52 3.71692 -0.0607278
240 56 3.75977 -0.0478461
240 60 3.78921 -0.0279234

244 0 3.77115 -0.00361362
244 4 3.76447 0.0171618
244 8 3.74274 0.0350722
244 12 3.7093 0.0473892
244 16 3.66925 0.0522386
244 20 3.6287 0.0488854
244 24 3.59382 0.0378437
244 28 3.5699 0.0207964
244 32 3.56056 0.00033757
244 36 3.5672 -0.0204215
244 40 3.58884 -0.0383241
244 44 3.62218 -0.0506463
244 48 3.66218 -0.055511
244 52 3.70276 -0.0521742
244 56 3.73774 -0.0411404
244 60 3.76176 -0.0240877

248 0 3.74592 -0.00318213
248 4 3.74051 0.0143533
248 8 3.72295 0.0294623
248 12 3.69595 0.0398429
248 16 3.66361 0.0439158
248 20 3.63089 0.041065
248 24 3.60274 0.0317287
248 28 3.58345 0.0173302
248 32 3.57592 6.02966e-05
248 36 3.5813 -0.0174559
248 40 3.59878 -0.0325559
248 44 3.6257 -0.0429428
248 48 3.65799 -0.0470339
248 52 3.69075 -0.0442023
248 56 3.71897 -0.0348751
248 60 3.73835 -0.0204702

252 0 3.72542 -0.00272757
252 4 3.7211 0.0118593
252 8 3.70708 0.0244217
252 12 3.68553 0.0330453
252 16 3.65974 0.0364186
252 20 3.63363 0.0340318
252 24 3.61118 0.0262525
252 28 3.5958 0.0142671
252 32 3.58981 -0.000101301
252 36 3.59411 -0.0146691
252 40 3.60806 -0.0272226
252 44 3.62955 -0.0358527
252 48 3.65531 -0.039244
252 52 3.68144 -0.0368763
252 56 3.70395 -0.0291059
252 60 3.7194 -0.017114

256 0 3.7101 -0.00227576
256 4 3.70668 0.00966566
256 8 3.69564 0.0199454
256 12 3.67865 0.0269968
256 16 3.65832 0.0297475
256 20 3.63774 0.0277823
256 24 3.62006 0.021404
256 28 3.60794 0.0115855
256 32 3.60322 -0.00017973
256 36 3.60662 -0.0121041
256 40 3.61762 -0.0223759
256 44 3.63456 -0.0294331
256 48 3.65487 -0.0322
256 52 3.67546 -0.0302519
256 56 3.69319 -0.0238815
256 60 3.70536 -0.0140572

260 0 3.70039 -0.00184773
260 4 3.69772 0.00775752
260 8 3.68912 0.0160229
260 12 3.6759 0.0216888
260 16 3.66008 0.0238935
260 20 3.64406 0.0223043
260 24 3.6303 0.0171663
260 28 3.62087 0.00926311
260 32 3.6172 -0.000203125
260 36 3.61985 -0.00979419
260 40 3.62842 -0.018053
260 44 3.64161 -0.0237237
260 48 3.65741 -0.0259419
260 52 3.67344 -0.0243669
260 56 3.68724 -0.0192355
260 60 3.6967 -0.0113274

264 0 3.6967 -0.00145876
264 4 3.69465 0.00611795
264 8 3.68804 0.0126353
264 12 3.67787 0.0171
264 16 3.66571 0.0188331
264 20 3.65341 0.0175731
264 24 3.64283 0.0135142
264 28 3.63558 0.00727551
264 32 3.63277 -0.000194112
264 36 3.63481 -0.00775973
264 40 3.64139 -0.0142719
264 44 3.65153 -0.0187405
264 48 3.66368 -0.0204842
264 52 3.67599 -0.0192353
264 56 3.6866 -0.0151815
264 60 3.69387 -0.00893894

268 0 3.69935 -0.00111822
268 4 3.6978 0.00472761
268 8 3.69278 0.0097541
268 12 3.68507 0.0131952
268 16 3.67584 0.0145276
268 20 3.6665 0.0135502
268 24 3.65847 0.0104136
268 28 3.65297 0.00559607
268 32 3.65083 -0.000169519
268 36 3.65238 -0.00600712
268 40 3.65738 -0.0110298
268 44 3.66508 -0.0144737
268 48 3.6743 -0.015814
268 52 3.68364 -0.0148448
268 56 3.69169 -0.011712
268 60 3.69721 -0.00689164

272 0 3.70854 -0.000830073
272 4 3.70737 0.00356472
272 8 3.70361 0.00734179
272 12 3.69783 0.00992555
272 16 3.69091 0.0109231
272 20 3.68391 0.0101837
272 24 3.67789 0.00782122
272 28 3.67377 0.00419591
272 32 3.67216 -0.000140751
272 36 3.67333 -0.00452975
272 40 3.67708 -0.00830416
272 44 3.68285 -0.0108899
272 48 3.68976 -0.011893
272 52 3.69676 -0.0111594
272 56 3.7028 -0.00879957
272 60 3.70693 -0.00517225

276 0 3.72423 -0.000593847
276 4 3.72337 0.00260554
276 8 3.72058 0.00535359
276 12 3.7163 0.00723154
276 16 3.71117 0.00795379
276 20 3.70599 0.00741117
276 24 3.70153 0.00568713
276 28 3.69847 0.00304452
276 32 3.69728 -0.00011464
276 36 3.69815 -0.00331018
276 40 3.70092 -0.00605646
276 44 3.7052 -0.00793575
276 48 3.71032 -0.00866167
276 52 3.71551 -0.0081229
276 56 3.71998 -0.00640062
276 60 3.72304 -0.00375667

280 0 3.74616 -0.000405839
280 4 3.74553 0.00182528
280 8 3.74349 0.00373996
280 12 3.74035 0.00504649
280 16 3.7366 0.00554613
280 20 3.73279 0.0051633
280 24 3.72953 0.00395682
280 28 3.72729 0.00211059
280 32 3.72642 -9.44929e-05
280 36 3.72705 -0.00232323
280 40 3.72909 -0.00423682
280 44 3.73222 -0.00554418
280 48 3.73597 -0.00604609
280 52 3.73977 -0.00566566
280 56 3.74305 -0.00446027
280 60 3.74529 -0.0026132

284 0 3.77378 -0.000260331
284 4 3.77332 0.00119901
284 8 3.77184 0.00244956
284 12 3.76956 0.0033008
284 16 3.76683 0.00362324
284 20 3.76408 0.00336806
284 24 3.76171 0.0025744
284 28 3.76008 0.00136323
284 32 3.75945 -8.11785e-05
284 36 3.75991 -0.0015392
284 40 3.76139 -0.00278914
284 44 3.76366 -0.00364085
284 48 3.76638 -0.00396456
284 52 3.76914 -0.00371071
284 56 3.77152 -0.00291766
284 60 3.77314 -0.00170601

288 0 3.80621 -0.00015067
288 4 3.80588 0.000702816
288 8 3.80481 0.00143208
288 12 3.80318 0.00192603
288 16 3.80122 0.00210953
288 20 3.79923 0.00195476
288 24 3.79753 0.00148541
288 28 3.79636 0.000772995
288 32 3.7959 -7.4074e-05
288 36 3.79623 -0.000926965
288 40 3.7973 -0.00165596
288 44 3.79893 -0.00215014
288 48 3.80089 -0.00233421
288 52 3.80288 -0.00218004
288 56 3.80458 -0.00171095
288 60 3.80575 -0.000998317

292 0 3.84231 -7.01194e-05
292 4 3.84207 0.0003146
292 8 3.84131 0.000640593
292 12 3.84014 0.000858224
292 16 3.83875 0.000934371
292 20 3.83733 0.000857466
292 24 3.83611 0.00063924
292 28 3.83528 0.000312923
292 32 3.83495 -7.18162e-05
292 36 3.83519 -0.00045643
292 40 3.83595 -0.000782388
292 44 3.83712 -0.00100007
292 48 3.83852 -0.00107633
292 52 3.83993 -0.000999532
292 56 3.84115 -0.000781342
292 60 3.84199 -0.000454971

296 0 3.88067 -1.24462e-05
296 4 3.8805 1.47898e-05
296 8 3.87996 3.33175e-05
296 12 3.87913 4.03406e-05
296 16 3.87814 3.47781e-05
296 20 3.87714 1.74356e-05
296 24 3.87628 -9.0928e-06
296 28 3.87569 -4.07927e-05
296 32 3.87546 -7.28262e-05
296 36 3.87563 -0.000100276
296 40 3.87616 -0.000118916
296 44 3.87699 -0.000125885
296 48 3.87798 -0.000120133
296 52 3.87899 -0.000102577
296 56 3.87985 -7.59359e-05
296 60 3.88044 -4.42904e-05

300 0 3.91969 2.774e-05
300 4 3.91957 -0.000213325
300 8 3.91919 -0.000425485
300 12 3.91861 -0.000576399
300 16 3.91791 -0.000643115
300 20 3.91721 -0.00061556
300 24 3.9166 -0.000498019
300 28 3.91619 -0.00030843
300 32 3.91603 -7.56298e-05
300 36 3.91615 0.000165021
300 40 3.91653 0.000376976
300 44 3.91711 0.000528011
300 48 3.9178 0.000595107
300 52 3.91851 0.000567965
300 56 3.91911 0.00045063
300 60 3.91953 0.000260919

304 0 3.95766 5.4855e-05
304 4 3.95758 -0.00038354
304 8 3.95732 -0.000765289
304 12 3.95692 -0.00103222
304 16 3.95644 -0.00114372
304 20 3.95595 -0.00108293
304 24 3.95553 -0.000859225
304 28 3.95525 -0.000506709
304 32 3.95514 -7.90178e-05
304 36 3.95522 0.000358843
304 40 3.95548 0.00074033
304 44 3.95588 0.00100742
304 48 3.95636 0.00111942
304 52 3.95685 0.00105916
304 56 3.95727 0.000835718
304 60 3.95755 0.000483039

308 0 3.99292 7.23561e-05
308 4 3.99286 -0.000506954
308 8 3.99268 -0.00100972
308 12 3.99241 -0.00135933
308 16 3.99209 -0.00150261
308 20 3.99177 -0.00141786
308 24 3.99149 -0.00111811
308 28 3.99129 -0.000649071
308 32 3.99122 -8.20968e-05
308 36 3.99128 0.000496612
308 40 3.99145 0.000999082
308 44 3.99172 0.00134888
308 48 3.99205 0.00149272
308 52 3.99237 0.00140857
308 56 3.99265 0.00110912
308 60 3.99284 0.000639886

312 0 4.02391 8.28528e-05
312 4 4.02387 -0.000592371
312 8 4.02376 -0.00117741
312 12 4.02359 -0.00158312
312 16 4.02338 -0.00174779
312 20 4.02318 -0.00164647
312 24 4.023 -0.00129472
312 28 4.02288 -0.000746166
312 32 4.02283 -8.42744e-05
312 36 4.02287 0.000590316
312 40 4.02298 0.00117504
312 44 4.02315 0.00158095
312 48 4.02336 0.00174621
312 52 4.02357 0.00164552
312 56 4.02374 0.00129408
312 60 4.02386 0.000745332

316 0 4.04939 8.82619e-05
316 4 4.04937 -0.000646829
316 8 4.0493 -0.0012831
316 12 4.04921 -0.00172361
316 16 4.04909 -0.00190135
316 20 4.04897 -0.00178938
316 24 4.04888 -0.00140489
316 28 4.04881 -0.000806481
316 32 4.04878 -8.52151e-05
316 36 4.04881 0.000649233
316 40 4.04887 0.00128519
316 44 4.04897 0.0017259
316 48 4.04908 0.00190423
316 52 4.0492 0.00179291
316 56 4.0493 0.00140873
316 60 4.04937 0.000810124

320 0 4.06853 8.99721e-05
320 4 4.06852 -0.000676141
320 8 4.06849 -0.00133881
320 12 4.06845 -0.00179708
320 16 4.0684 -0.00198122
320 20 4.06836 -0.00186334
320 24 4.06832 -0.00146151
320 28 4.06829 -0.000836985
320 32 4.06828 -8.47888e-05
320 36 4.06829 0.000680687
320 40 4.06832 0.00134304
320 44 4.06836 0.00180151
320 48 4.06841 0.00198625
320 52 4.06846 0.001869
320 56 4.0685 0.00146749
320 60 4.06852 0.000842759

324 0 4.08101 8.89949e-05
324 4 4.08101 -0.000685404
324 8 4.08101 -0.00135489
324 12 4.08101 -0.00181747
324 16 4.08101 -0.00200277
324 20 4.08102 -0.0018827
324 24 4.08102 -0.00147567
324 28 4.08103 -0.000843726
324 32 4.08103 -8.30231e-05
324 36 4.08103 0.000690752
324 40 4.08103 0.00135993
324 44 4.08103 0.00182271
324 48 4.08103 0.00200859
324 52 4.08102 0.00188914
324 56 4.08102 0.00148242
324 60 4.08101 0.000850278

328 0 4.08706 8.60885e-05
328 4 4.08706 -0.000679394
328 8 4.08708 -0.00134088
328 12 4.08711 -0.00179759
328 16 4.08715 -0.00198004
328 20 4.08719 -0.00186059
328 24 4.08723 -0.00145753
328 28 4.08726 -0.000832312
328 32 4.08727 -8.00638e-05
328 36 4.08727 0.00068481
328 40 4.08725 0.001346
328 44 4.08721 0.0018029
328 48 4.08717 0.00198592
328 52 4.08713 0.00186707
328 56 4.08709 0.00146432
328 60 4.08707 0.000838902

332 0 4.08742 8.18516e-05
332 4 4.08743 -0.000662817
332 8 4.08746 -0.00130603
332 12 4.08751 -0.00174982
332 16 4.08757 -0.00192664
332 20 4.08764 -0.0018097
332 24 4.0877 -0.00141694
332 28 4.08774 -0.000808211
332 32 4.08775 -7.61434e-05
332 36 4.08775 0.00066793
332 40 4.08771 0.00131086
332 44 4.08766 0.00175483
332 48 4.0876 0.00193221
332 52 4.08753 0.00181587
332 56 4.08748 0.00142339
332 60 4.08744 0.000814473

336 0 4.08324 7.6785e-05
336 4 4.08325 -0.000640392
336 8 4.08329 -0.00125957
336 12 4.08335 -0.00168642
336 16 4.08342 -0.00185601
336 20 4.0835 -0.00174262
336 24 4.08356 -0.00136366
336 28 4.08361 -0.000776874
336 32 4.08363 -7.15538e-05
336 36 4.08362 0.000645038
336 40 4.08358 0.00126393
336 44 4.08352 0.00169097
336 48 4.08345 0.0018611
336 52 4.08337 0.00174831
336 56 4.08331 0.00136962
336 60 4.08326 0.000782651

340 0 4.07589 7.13276e-05
340 4 4.07589 -0.000616756
340 8 4.07593 -0.00121048
340 12 4.07599 -0.00161939
340 16 4.07606 -0.00178128
340 20 4.07613 -0.00167162
340 24 4.0762 -0.00130723
340 28 4.07624 -0.000743642
340 32 4.07626 -6.66204e-05
340 36 4.07625 0.000620883
340 40 4.07622 0.00121433
340 44 4.07616 0.00162343
340 48 4.07609 0.00178586
340 52 4.07602 0.00167678
340 56 4.07595 0.00131266
340 60 4.07591 0.000748891

344 0 4.06675 6.58682e-05
344 4 4.06676 -0.000596206
344 8 4.06678 -0.00116709
344 12 4.06683 -0.0015598
344 16 4.06689 -0.00171461
344 20 4.06695 -0.00160806
344 24 4.067 -0.00125648
344 28 4.06704 -0.000713482
344 32 4.06706 -6.16746e-05
344 36 4.06705 0.000599823
344 40 4.06702 0.00117043
344 44 4.06697 0.00156333
344 48 4.06692 0.00171868
344 52 4.06686 0.0016127
344 56 4.0668 0.0012614
344 60 4.06677 0.000718215

348 0 4.05707 6.0739e-05
348 4 4.05707 -0.000582318
348 8 4.05709 -0.00113633
348 12 4.05712 -0.00151691
348 16 4.05715 -0.00166613
348 20 4.05719 -0.00156142
348 24 4.05722 -0.00121882
348 28 4.05725 -0.000690564
348 32 4.05726 -5.70232e-05
348 36 4.05726 0.000585464
348 40 4.05724 0.00113921
348 44 4.05722 0.00151997
348 48 4.05718 0.00166973
348 52 4.05714 0.00156558
348 56 4.05711 0.00122326
348 60 4.05708 0.000694814

352 0 4.04781 5.6197e-05
352 4 4.04781 -0.000577515
352 8 4.04781 -0.00112295
352 12 4.04782 -0.00149702
352 16 4.04783 -0.00164281
352 20 4.04784 -0.00153824
352 24 4.04785 -0.00119934
352 28 4.04786 -0.000677782
352 32 4.04786 -5.2914e-05
352 36 4.04787 0.000580243
352 40 4.04787 0.00112542
352 44 4.04786 0.00149967
352 48 4.04785 0.00164598
352 52 4.04784 0.00154196
352 56 4.04783 0.00120333
352 60 4.04782 0.000681587

356 0 4.03961 5.23983e-05
356 4 4.0396 -0.000582677
356 8 4.03959 -0.00112873
356 12 4.03958 -0.00150256
356 16 4.03956 -0.00164731
356 20 4.03954 -0.00154105
356 24 4.03953 -0.00120006
356 28 4.03952 -0.00067631
356 32 4.03952 -4.95029e-05
356 36 4.03953 0.000585046
356 40 4.03954 0.00113085
356 44 4.03956 0.00150486
356 48 4.03958 0.00165011
356 52 4.03959 0.00154437
356 56 4.03961 0.00120363
356 60 4.03961 0.000679702

360 0 4.03279 4.93756e-05
360 4 4.03278 -0.000596909
360 8 4.03276 -0.00115203
360 12 4.03272 -0.00153144
360 16 4.03268 -0.00167739
360 20 4.03264 -0.00156778
360 24 4.03261 -0.00121939
360 28 4.03259 -0.000685317
360 32 4.03259 -4.68253e-05
360 36 4.0326 0.000598976
360 40 4.03262 0.00115387
360 44 4.03266 0.00153344
360 48 4.0327 0.00167985
360 52 4.03274 0.00157073
360 56 4.03277 0.00122256
360 60 4.03279 0.000688324

364 0 4.02742 4.70258e-05
364 4 4.02741 -0.000617543
364 8 4.02738 -0.00118784
364 12 4.02733 -0.00157701
364 16 4.02728 -0.00172583
364 20 4.02722 -0.00161174
364 24 4.02718 -0.00125218
364 28 4.02715 -0.000701953
364 32 4.02715 -4.47828e-05
364 36 4.02716 0.000619366
364 40 4.02719 0.00118947
364 44 4.02724 0.00157879
364 48 4.02729 0.00172801
364 52 4.02734 0.00161433
364 56 4.02739 0.00125497
364 60 4.02741 0.000704596

368 0 4.0234 4.51168e-05
368 4 4.02339 -0.000640432
368 8 4.02336 -0.00122826
368 12 4.02331 -0.00162886
368 16 4.02326 -0.00178125
368 20 4.02321 -0.0016623
368 24 4.02316 -0.00129021
368 28 4.02314 -0.000721649
368 32 4.02313 -4.31477e-05
368 36 4.02314 0.000642066
368 40 4.02317 0.00122975
368 44 4.02322 0.00163046
368 48 4.02327 0.00178317
368 52 4.02333 0.00166457
368 56 4.02337 0.00129263
368 60 4.0234 0.000723941

372 0 4.02056 4.33156e-05
372 4 4.02055 -0.000660469
372 8 4.02053 -0.00126352
372 12 4.0205 -0.00167402
372 16 4.02046 -0.00182948
372 20 4.02042 -0.00170628
372 24 4.02039 -0.00132324
372 28 4.02037 -0.000738685
372 32 4.02036 -4.1591e-05
372 36 4.02037 0.000661965
372 40 4.0204 0.00126492
372 44 4.02043 0.00167551
372 48 4.02047 0.00183119
372 52 4.02051 0.00170822
372 56 4.02054 0.00132528
372 60 4.02056 0.000740635

376 0 4.01871 4.12356e-05
376 4 4.0187 -0.000672232
376 8 4.01869 -0.00128322
376 12 4.01868 -0.0016987
376 16 4.01867 -0.00185544
376 20 4.01866 -0.00172959
376 24 4.01866 -0.00134033
376 28 4.01865 -0.000746934
376 32 4.01865 -3.97297e-05
376 36 4.01866 0.000673641
376 40 4.01867 0.00128459
376 44 4.01868 0.00170013
376 48 4.01869 0.00185696
376 52 4.0187 0.00173121
376 56 4.01871 0.00134199
376 60 4.01871 0.000748543

380 0 4.01767 3.84915e-05
380 4 4.01767 -0.0006706
380 8 4.01769 -0.0012775
380 12 4.01771 -0.00168983
380 16 4.01774 -0.00184482
380 20 4.01778 -0.00171885
380 24 4.0178 -0.00133109
380 28 4.01783 -0.000740565
380 32 4.01784 -3.71815e-05
380 36 4.01783 0.000671971
380 40 4.01782 0.00127892
380 44 4.0178 0.00169125
380 48 4.01777 0.00184618
380 52 4.01773 0.00172015
380 56 4.0177 0.00133235
380 60 4.01768 0.000741832

384 0 4.01734 3.47496e-05
384 4 4.01735 -0.000651195
384 8 4.01739 -0.00123795
384 12 4.01746 -0.00163623
384 16 4.01754 -0.00178536
384 20 4.01763 -0.00166262
384 24 4.0177 -0.00128662
384 28 4.01775 -0.000714585
384 32 4.01778 -3.36149e-05
384 36 4.01777 0.000652573
384 40 4.01772 0.00123946
384 44 4.01766 0.00163767
384 48 4.01757 0.0017866
384 52 4.01749 0.00166361
384 56 4.01741 0.00128748
384 60 4.01736 0.000715505

388 0 4.01764 2.97598e-05
388 4 4.01766 -0.000610589
388 8 4.01774 -0.00115798
388 12 4.01786 -0.00152913
388 16 4.018 -0.00166751
388 20 4.01815 -0.00155196
388 24 4.01827 -0.00119998
388 28 4.01836 -0.000665098
388 32 4.01839 -2.87816e-05
388 36 4.01837 0.000612011
388 40 4.0183 0.00115963
388 44 4.01818 0.00153065
388 48 4.01804 0.00166863
388 52 4.01789 0.00155263
388 56 4.01776 0.00120042
388 60 4.01768 0.000665672

392 0 4.01855 2.33641e-05
392 4 4.01858 -0.000546324
392 8 4.01869 -0.00103289
392 12 4.01887 -0.00136233
392 16 4.01908 -0.00148445
392 20 4.01929 -0.00138052
392 24 4.01947 -0.00106622
392 28 4.0196 -0.000589345
392 32 4.01965 -2.25244e-05
392 36 4.01961 0.000547814
392 40 4.0195 0.0010347
392 44 4.01933 0.00136394
392 48 4.01912 0.00148546
392 52 4.01891 0.00138088
392 56 4.01873 0.00106626
392 60 4.0186 0.000589584

396 0 4.02005 1.54847e-05
396 4 4.0201 -0.000456891
396 8 4.02025 -0.00085981
396 12 4.02048 -0.00113202
396 16 4.02075 -0.00123202
396 20 4.02103 -0.00114441
396 24 4.02127 -0.000882356
396 28 4.02144 -0.000485657
396 32 4.0215 -1.47661e-05
396 36 4.02146 0.000458456
396 40 4.02131 0.000861784
396 44 4.02108 0.00113372
396 48 4.0208 0.00123294
396 52 4.02052 0.00114448
396 56 4.02028 0.000882019
396 60 4.02012 0.000485587

400 0 4.02214 6.10728e-06
400 4 4.0222 -0.00034181
400 8 4.02238 -0.00063783
400 12 4.02267 -0.000836991
400 16 4.02302 -0.000908901
400 20 4.02336 -0.000842408
400 24 4.02366 -0.000647415
400 28 4.02387 -0.000353505
400 32 4.02395 -5.49246e-06
400 36 4.02389 0.000343435
400 40 4.02371 0.000639937
400 44 4.02342 0.00083877
400 48 4.02308 0.000909735
400 52 4.02273 0.000842232
400 56 4.02243 0.000646757
400 60 4.02222 0.000353174

404 0 4.02481 -4.7259e-06
404 4 4.02488 -0.000201926
404 8 4.0251 -0.000368553
404 12 4.02544 -0.000479355
404 16 4.02585 -0.000517383
404 20 4.02626 -0.00047662
404 24 4.02662 -0.000363029
404 28 4.02686 -0.000193789
404 32 4.02695 5.25438e-06
404 36 4.02688 0.000203571
404 40 4.02666 0.000370726
404 44 4.02632 0.000481159
404 48 4.02592 0.000518136
404 52 4.0255 0.000476256
404 56 4.02515 0.000362137
404 60 4.0249 0.000193266

408 0 4.02805 -1.6899e-05
408 4 4.02812 -3.9891e-05
408 8 4.02838 -5.69917e-05
408 12 4.02876 -6.57143e-05
408 16 4.02922 -6.46471e-05
408 20 4.02969 -5.37181e-05
408 24 4.03009 -3.43429e-05
408 28 4.03036 -9.35476e-06
408 32 4.03047 1.73585e-05
408 36 4.03039 4.14954e-05
408 40 4.03014 5.91331e-05
408 44 4.02976 6.74701e-05
408 48 4.0293 6.53207e-05
408 52 4.02883 5.32467e-05
408 56 4.02843 3.33345e-05
408 60 4.02815 8.73193e-06

412 0 4.03183 -3.01823e-05
412 4 4.03191 0.000139339
412 8 4.03218 0.000287472
412 12 4.0326 0.000391557
412 16 4.0331 0.000435826
412 20 4.0336 0.000413763
412 24 4.03404 0.00032896
412 28 4.03433 0.000194435
412 32 4.03445 3.05895e-05
412 36 4.03436 -0.000137855
412 40 4.03409 -0.000285487
412 44 4.03367 -0.00038994
412 48 4.03318 -0.000435232
412 52 4.03267 -0.000414246
412 56 4.03224 -0.000329944
412 60 4.03194 -0.00019505

416 0 4.03613 -4.4181e-05
416 4 4.03622 0.00032826
416 8 4.0365 0.000650579
416 12 4.03693 0.000873616
416 16 4.03744 0.000963484
416 20 4.03796 0.000906688
416 24 4.0384 0.000712071
416 28 4.03871 0.000409353
416 32 4.03883 4.45518e-05
416 36 4.03874 -0.000326983
416 40 4.03846 -0.000648885
416 44 4.03803 -0.000872238
416 48 4.03752 -0.00096297
416 52 4.037 -0.000907079
416 56 4.03656 -0.00071288
416 60 4.03625 -0.000409846

420 0 4.04095 -5.82996e-05
420 4 4.04103 0.000517062
420 8 4.0413 0.00101361
420 12 4.04172 0.00135568
420 16 4.04221 0.00149125
420 20 4.04272 0.00139981
420 24 4.04315 0.00109542
420 28 4.04345 0.000624484
420 32 4.04356 5.8648e-05
420 36 4.04348 -0.000516078
420 40 4.04321 -0.00101233
420 44 4.04279 -0.00135463
420 48 4.04229 -0.00149081
420 52 4.04179 -0.00140001
420 56 4.04136 -0.00109591
420 60 4.04106 -0.000624747

424 0 4.04625 -7.17452e-05
424 4 4.04633 0.000694497
424 8 4.04658 0.00135497
424 12 4.04695 0.00180911
424 16 4.0474 0.00198778
424 20 4.04786 0.00186386
424 24 4.04825 0.00145627
424 28 4.04852 0.000827088
424 32 4.04863 7.20824e-05
424 36 4.04855 -0.000693869
424 40 4.0483 -0.00135422
424 44 4.04793 -0.00180847
424 48 4.04748 -0.00198743
424 52 4.04702 -0.00186379
424 56 4.04663 -0.00145633
424 60 4.04636 -0.000827036

428 0 4.05205 -8.35879e-05
428 4 4.05211 0.000849278
428 8 4.05231 0.00165289
428 12 4.05263 0.00220491
428 16 4.053 0.0024213
428 20 4.05338 0.0022691
428 24 4.05371 0.00177145
428 28 4.05394 0.00100412
428 32 4.05402 8.39212e-05
428 36 4.05396 -0.000849038
428 40 4.05376 -0.0016527
428 44 4.05344 -0.00220471
428 48 4.05307 -0.00242102
428 52 4.05269 -0.00226872
428 56 4.05236 -0.00177103
428 60 4.05213 -0.00100371

432 0 4.05832 -9.28777e-05
432 4 4.05837 0.000971754
432 8 4.05852 0.00188855
432 12 4.05875 0.002518
432 16 4.05902 0.00276423
432 20 4.05931 0.00258966
432 24 4.05955 0.00202078
432 28 4.05971 0.00114413
432 32 4.05978 9.32097e-05
432 36 4.05973 -0.00097189
432 40 4.05958 -0.00188892
432 44 4.05935 -0.00251822
432 48 4.05907 -0.00276401
432 52 4.05879 -0.00258898
432 56 4.05855 -0.00201987
432 60 4.05838 -0.00114336

436 0 4.06506 -9.8796e-05
436 4 4.06509 0.00105544
436 8 4.06518 0.00204916
436 12 4.06531 0.00273116
436 16 4.06548 0.00299757
436 20 4.06565 0.00280767
436 24 4.06579 0.00219019
436 28 4.06589 0.00123905
436 32 4.06593 9.91247e-05
436 36 4.0659 -0.00105589
436 40 4.06581 -0.00204999
436 44 4.06567 -0.00273174
436 48 4.06551 -0.00299742
436 52 4.06534 -0.00280672
436 56 4.06519 -0.00218886
436 60 4.0651 -0.00123799

440 0 4.07223 -0.000100807
440 4 4.07224 0.00109796
440 8 4.07227 0.00212979
440 12 4.07231 0.00283769
440 16 4.07237 0.00311383
440 20 4.07242 0.00291596
440 24 4.07246 0.00227397
440 28 4.0725 0.00128551
440 32 4.07251 0.000101127
440 36 4.0725 -0.00109866
440 40 4.07247 -0.00213097
440 44 4.07242 -0.00283853
440 48 4.07237 -0.00311372
440 52 4.07232 -0.00291482
440 56 4.07227 -0.00227236
440 60 4.07224 -0.00128423

444 0 4.07978 -9.87685e-05
444 4 4.07977 0.00110121
444 8 4.07974 0.00213379
444 12 4.0797 0.00284186
444 16 4.07965 0.00311757
444 20 4.0796 0.00291868
444 24 4.07955 0.00227525
444 28 4.07952 0.0012851
444 32 4.07951 9.90705e-05
444 36 4.07952 -0.00110205
444 40 4.07954 -0.00213516
444 44 4.07959 -0.00284286
444 48 4.07964 -0.00311748
444 52 4.07969 -0.00291745
444 56 4.07973 -0.00227348
444 60 4.07976 -0.00128372

448 0 4.08759 -9.29658e-05
448 4 4.08757 0.00107056
448 8 4.08749 0.00207134
448 12 4.08738 0.00275713
448 16 4.08725 0.00302345
448 20 4.08711 0.00282951
448 24 4.08699 0.00220459
448 28 4.08691 0.00124371
448 32 4.08687 9.32413e-05
448 36 4.08689 -0.00107143
448 40 4.08697 -0.00207275
448 44 4.08708 -0.00275815
448 48 4.08721 -0.00302338
448 52 4.08735 -0.00282829
448 56 4.08747 -0.00220283
448 60 4.08755 -0.00124234

452 0 4.09549 -8.40611e-05
452 4 4.09546 0.00101329
452 8 4.09535 0.0019566
452 12 4.09519 0.00260236
452 16 4.09499 0.00285219
452 20 4.09479 0.00266782
452 24 4.09461 0.0020771
452 28 4.09449 0.00116987
452 32 4.09444 8.43019e-05
452 36 4.09447 -0.0010141
452 40 4.09458 -0.0019579
452 44 4.09474 -0.00260329
452 48 4.09494 -0.00285211
452 52 4.09515 -0.00266669
452 56 4.09532 -0.00207549
452 60 4.09544 -0.00116862

456 0 4.10324 -7.29621e-05
456 4 4.1032 0.000936814
456 8 4.10307 0.00180415
456 12 4.10287 0.00239709
456 16 4.10263 0.0026253
456 20 4.10238 0.00245386
456 24 4.10216 0.00190867
456 28 4.10202 0.00107266
456 32 4.10196 7.31616e-05
456 36 4.10199 -0.000937474
456 40 4.10213 -0.0018052
456 44 4.10233 -0.00239784
456 48 4.10257 -0.00262522
456 52 4.10282 -0.00245292
456 56 4.10303 -0.00190734
456 60 4.10318 -0.00107163

460 0 4.11049 -6.06424e-05
460 4 4.11045 0.000846898
460 8 4.1103 0.00162564
460 12 4.11008 0.00215708
460 16 4.1098 0.00236026
460 20 4.10952 0.00220413
460 24 4.10928 0.00171233
460 28 4.10912 0.000959678
460 32 4.10905 6.07969e-05
460 36 4.10909 -0.000847336
460 40 4.10924 -0.00162634
460 44 4.10947 -0.00215756
460 48 4.10974 -0.00236017
460 52 4.11002 -0.00220345
460 56 4.11026 -0.00171138
460 60 4.11043 -0.000958948

464 0 4.11681 -4.79595e-05
464 4 4.11676 0.000746532
464 8 4.1166 0.00142744
464 12 4.11635 0.00189113
464 16 4.11605 0.00206698
464 20 4.11575 0.00192816
464 24 4.11548 0.00149574
464 28 4.1153 0.000835534
464 32 4.11523 4.80687e-05
464 36 4.11528 -0.000746706
464 40 4.11544 -0.00142773
464 44 4.11569 -0.0018913
464 48 4.11599 -0.00206687
464 52 4.11629 -0.00192777
464 56 4.11656 -0.00149523
464 60 4.11674 -0.000835141

468 0 4.12164 -3.55116e-05
468 4 4.12158 0.000635611
468 8 4.1214 0.00120997
468 12 4.12113 0.00160013
468 16 4.1208 0.00174668
468 20 4.12047 0.00162731
468 24 4.12019 0.00126021
468 28 4.11999 0.000701268
468 32 4.11991 3.55792e-05
468 36 4.11997 -0.000635512
468 40 4.12015 -0.00120984
468 44 4.12042 -0.00159999
468 48 4.12075 -0.00174655
468 52 4.12108 -0.00162722
468 56 4.12136 -0.00126014
468 60 4.12156 -0.000701213

472 0 4.12432 -2.35682e-05
472 4 4.12426 0.000511532
472 8 4.12406 0.000968706
472 12 4.12376 0.00127832
472 16 4.12339 0.00139325
472 20 4.12302 0.00129607
472 24 4.12271 0.00100164
472 28 4.12249 0.000554814
472 32 4.12241 2.3602e-05
472 36 4.12247 -0.000511185
472 40 4.12267 -0.000968199
472 44 4.12297 -0.0012779
472 48 4.12334 -0.00139311
472 52 4.1237 -0.00129625
472 56 4.12402 -0.00100197
472 60 4.12424 -0.000555062

476 0 4.1241 -1.20866e-05
476 4 4.12403 0.000370527
476 8 4.12381 0.000696637
476 12 4.12347 0.000916541
476 16 4.12306 0.000996795
476 20 4.12264 0.000925288
476 24 4.12229 0.00071302
476 28 4.12204 0.000392362
476 32 4.12195 1.20974e-05
476 36 4.12202 -0.000369989
476 40 4.12225 -0.000695841
476 44 4.12259 -0.000915908
476 48 4.123 -0.000996651
476 52 4.12342 -0.000925671
476 56 4.12377 -0.00071366
476 60 4.12401 -0.00039284

480 0 4.12016 -8.07845e-07
480 4 4.12008 0.000209398
480 8 4.11983 0.000387604
480 12 4.11944 0.000506613
480 16 4.11898 0.000548352
480 20 4.11851 0.0005066
480 24 4.11811 0.000387854
480 28 4.11784 0.000210259
480 32 4.11773 8.07585e-07
480 36 4.11782 -0.000208746
480 40 4.11807 -0.000386641
480 44 4.11846 -0.000505862
480 48 4.11892 -0.000548212
480 52 4.11939 -0.000507111
480 56 4.11979 -0.000388676
480 60 4.12006 -0.00021087

484 0 4.11164 1.05979e-05
484 4 4.11154 2.72525e-05
484 8 4.11126 3.96311e-05
484 12 4.11083 4.57809e-05
484 16 4.11031 4.48142e-05
484 20 4.1098 3.70158e-05
484 24 4.10935 2.37189e-05
484 28 4.10905 7.01637e-06
484 32 4.10894 -1.05978e-05
484 36 4.10903 -2.65797e-05
484 40 4.10931 -3.8642e-05
484 44 4.10974 -4.50169e-05
484 48 4.11026 -4.46851e-05
484 52 4.11078 -3.75594e-05
484 56 4.11122 -2.45789e-05
484 60 4.11152 -7.65113e-06

488 0 4.09771 2.23697e-05
488 4 4.09761 -0.000173162
488 8 4.0973 -0.000342443
488 12 4.09684 -0.00045976
488 16 4.09628 -0.000507209
488 20 4.09572 -0.000477446
488 24 4.09524 -0.000374877
488 28 4.09492 -0.000215056
488 32 4.0948 -2.23597e-05
488 36 4.0949 0.000173757
488 40 4.0952 0.000343309
488 44 4.09567 0.000460426
488 48 4.09622 0.00050732
488 52 4.09678 0.000476974
488 56 4.09726 0.000374132
488 60 4.09758 0.000214512

492 0 4.0777 3.45162e-05
492 4 4.0776 -0.000384805
492 8 4.07728 -0.000745616
492 12 4.0768 -0.000993025
492 16 4.07623 -0.00108934
492 20 4.07566 -0.00101981
492 24 4.07517 -0.000794946
492 28 4.07483 -0.000448937
492 32 4.07471 -3.44891e-05
492 36 4.07481 0.00038522
492 40 4.07512 0.000746211
492 44 4.0756 0.000993485
492 48 4.07617 0.00108943
492 52 4.07675 0.00101951
492 56 4.07724 0.000794468
492 60 4.07757 0.000448594

496 0 4.05123 4.67311e-05
496 4 4.05113 -0.000596647
496 8 4.05082 -0.00114921
496 12 4.05036 -0.00152684
496 16 4.04981 -0.00167204
496 20 4.04925 -0.00156268
496 24 4.04877 -0.0012154
496 28 4.04845 -0.000683047
496 32 4.04833 -4.66819e-05
496 36 4.04843 0.000596796
496 40 4.04873 0.0011494
496 44 4.04919 0.001527
496 48 4.04975 0.0016721
496 52 4.05031 0.00156265
496 56 4.05078 0.00121532
496 60 4.05111 0.000683001

500 0 4.01834 5.84949e-05
500 4 4.01825 -0.000796191
500 8 4.01798 -0.00152961
500 12 4.01756 -0.00203008
500 16 4.01707 -0.00222143
500 20 4.01657 -0.00207457
500 24 4.01614 -0.00161193
500 28 4.01585 -0.000903962
500 32 4.01574 -5.84216e-05
500 36 4.01583 0.000796013
500 40 4.0161 0.00152932
500 44 4.01652 0.00202988
500 48 4.01701 0.00222146
500 52 4.01751 0.00207486
500 56 4.01794 0.00161234
500 60 4.01823 0.000904276

504 0 3.97966 6.98968e-05
504 4 3.97959 -0.000974069
504 8 3.97937 -0.00186961
504 12 3.97904 -0.00248034
504 16 3.97864 -0.00271331
504 20 3.97824 -0.0025332
504 24 3.97789 -0.00196755
504 28 3.97766 -0.00110253
504 32 3.97757 -6.98011e-05
504 36 3.97764 0.000973551
504 40 3.97786 0.00186882
504 44 3.97819 0.00247976
504 48 3.97859 0.00271332
504 52 3.97899 0.00253382
504 56 3.97934 0.00196845
504 60 3.97957 0.00110322

508 0 3.93644 7.98052e-05
508 4 3.9364 -0.00105865
508 8 3.93625 -0.00203575
508 12 3.93603 -0.00270266
508 16 3.93577 -0.0029579
508 20 3.93551 -0.00276281
508 24 3.93528 -0.00214728
508 28 3.93512 -0.00120513
508 32 3.93507 -7.96958e-05
508 36 3.93511 0.00105786
508 40 3.93526 0.00203454
508 44 3.93548 0.00270176
508 48 3.93574 0.00295787
508 52 3.936 0.00276369
508 56 3.93623 0.00214858
508 60 3.93639 0.0012061

