0 0 0
0 0.4 0
0 0.8 0
0 1.2 0
0 1.6 0
0 2 0
0 2.4 0
0 2.8 0
0 3.2 0
0 3.6 0
0 4 0
0 4.4 0
0 4.8 0
0 5.2 0
0 5.6 0
0 6 0
0 6.4 0
0 6.8 0
0 7.2 0
0 7.6 0
0 8 0
0 8.4 0
0 8.8 0
0 9.2 0
0 9.6 0
0 10 0
0 10.4 0
0 10.8 0
0 11.2 0
0 11.6 0
0 12 0
0 12.4 0
0 12.8 0
0 13.2 0
0 13.6 0
0 14 0
0 14.4 0
0 14.8 0
0 15.2 0
0 15.6 0
0 16 0
0 16.4 0
0 16.8 0
0 17.2 0
0 17.6 0
0 18 0
0 18.4 0
0 18.8 0
0 19.2 0
0 19.6 0
0 20 0
0 20.4 0
0 20.8 0
0 21.2 0
0 21.6 0
0 22 0
0 22.4 0
0 22.8 0
0 23.2 0
0 23.6 0
0 24 0
0 24.4 0
0 24.8 0
0 25.2 0
0 25.6 0
0 26 0
0 26.4 0
0 26.8 0

0.4 0 0
0.4 0.4 0
0.4 0.8 0.0762438
0.4 1.2 0.0536416
0.4 1.6 0.0221592
0.4 2 -0.0120681
0.4 2.4 -0.0377476
0.4 2.8 -0.0457792
0.4 3.2 -0.0353492
0.4 3.6 -0.00961473
0.4 4 0.0207608
0.4 4.4 0.0438099
0.4 4.8 0.0535919
0.4 5.2 0.048182
0.4 5.6 0.0260317
0.4 6 -0.00495804
0.4 6.4 -0.0319075
0.4 6.8 -0.0416946
0.4 7.2 -0.0305121
0.4 7.6 -0.00705227
0.4 8 0.0122329
0.4 8.4 0.0147869
0.4 8.8 -0.000347608
0.4 9.2 -0.0211519
0.4 9.6 -0.0307631
0.4 10 -0.0236731
0.4 10.4 -0.00437611
0.4 10.8 0.0112102
0.4 11.2 0.0120557
0.4 11.6 0.00027727
0.4 12 -0.0116319
0.4 12.4 -0.0101131
0.4 12.8 0.00521216
0.4 13.2 0.022487
0.4 13.6 0.0273056
0.4 14 0.0146091
0.4 14.4 -0.00757538
0.4 14.8 -0.02478
0.4 15.2 -0.0288924
0.4 15.6 -0.0202455
0.4 16 -0.0113173
0.4 16.4 -0.0115304
0.4 16.8 -0.0225663
0.4 17.2 -0.0369556
0.4 17.6 -0.0443458
0.4 18 -0.0390235
0.4 18.4 -0.0240019
0.4 18.8 -0.00817901
0.4 19.2 -0.000598931
0.4 19.6 -0.0030339
0.4 20 -0.0100702
0.4 20.4 -0.0146558
0.4 20.8 -0.0131834
0.4 21.2 -0.00745096
0.4 21.6 -0.00598
0.4 22 -0.0118808
0.4 22.4 -0.0243185
0.4 22.8 -0.0365351
0.4 23.2 -0.0382341
0.4 23.6 -0.0268913
0.4 24 -0.0067727
0.4 24.4 0.011984
0.4 24.8 0.01963
0.4 25.2 0.0138535
0.4 25.6 -0.000234802
0.4 26 -0.0116024
0.4 26.4 0
0.4 26.8 0

0.8 0 0
0.8 0.4 0.0762438
0.8 0.8 0.554631
0.8 1.2 0.3907
0.8 1.6 0.159004
0.8 2 -0.0880003
0.8 2.4 -0.273624
0.8 2.8 -0.334227
0.8 3.2 -0.255195
0.8 3.6 -0.0679404
0.8 4 0.150051
0.8 4.4 0.319551
0.8 4.8 0.39209
0.8 5.2 0.348188
0.8 5.6 0.188478
0.8 6 -0.0368982
0.8 6.4 -0.232197
0.8 6.8 -0.303463
0.8 7.2 -0.221767
0.8 7.6 -0.0503274
0.8 8 0.0915211
0.8 8.4 0.109156
0.8 8.8 -0.00193655
0.8 9.2 -0.152392
0.8 9.6 -0.224042
0.8 10 -0.169737
0.8 10.4 -0.0302645
0.8 10.8 0.0822328
0.8 11.2 0.0883083
0.8 11.6 0.00157562
0.8 12 -0.0832531
0.8 12.4 -0.0724058
0.8 12.8 0.0389418
0.8 13.2 0.163811
0.8 13.6 0.196632
0.8 14 0.103923
0.8 14.4 -0.056553
0.8 14.8 -0.181159
0.8 15.2 -0.206756
0.8 15.6 -0.146472
0.8 16 -0.080088
0.8 16.4 -0.0824212
0.8 16.8 -0.163417
0.8 17.2 -0.269276
0.8 17.6 -0.323078
0.8 18 -0.283166
0.8 18.4 -0.171795
0.8 18.8 -0.0584755
0.8 19.2 -0.00233175
0.8 19.6 -0.0206639
0.8 20 -0.0746891
0.8 20.4 -0.11063
0.8 20.8 -0.0993255
0.8 21.2 -0.0585491
0.8 21.6 -0.042073
0.8 22 -0.0851573
0.8 22.4 -0.178028
0.8 22.8 -0.264178
0.8 23.2 -0.278219
0.8 23.6 -0.19591
0.8 24 -0.0504952
0.8 24.4 0.0857259
0.8 24.8 0.142433
0.8 25.2 0.101373
0.8 25.6 -0.000779822
0.8 26 -0.084493
0.8 26.4 -0.0116024
0.8 26.8 0

1.2 0 0
1.2 0.4 0.0432316
1.2 0.8 0.314983
1.2 1.2 0.226115
1.2 1.6 0.0949715
1.2 2 -0.0468455
1.2 2.4 -0.160315
1.2 2.8 -0.202504
1.2 3.2 -0.158446
1.2 3.6 -0.0609493
1.2 4 0.0326342
1.2 4.4 0.0938291
1.2 4.8 0.117334
1.2 5.2 0.0958564
1.2 5.6 0.031861
1.2 6 -0.0803467
1.2 6.4 -0.187848
1.2 6.8 -0.220773
1.2 7.2 -0.147325
1.2 7.6 -0.0093933
1.2 8 0.0997212
1.2 8.4 0.107811
1.2 8.8 0.0146555
1.2 9.2 -0.101027
1.2 9.6 -0.150568
1.2 10 -0.092362
1.2 10.4 0.022188
1.2 10.8 0.0978663
1.2 11.2 0.069468
1.2 11.6 -0.0399285
1.2 12 -0.125001
1.2 12.4 -0.0997182
1.2 12.8 0.0312531
1.2 13.2 0.172788
1.2 13.6 0.21454
1.2 14 0.131689
1.2 14.4 -0.012262
1.2 14.8 -0.118613
1.2 15.2 -0.122122
1.2 15.6 -0.0570312
1.2 16 0.0158736
1.2 16.4 0.019659
1.2 16.8 -0.0514358
1.2 17.2 -0.146131
1.2 17.6 -0.196786
1.2 18 -0.167075
1.2 18.4 -0.0780695
1.2 18.8 0.00580338
1.2 19.2 0.0417715
1.2 19.6 0.0131467
1.2 20 -0.0422499
1.2 20.4 -0.0767331
1.2 20.8 -0.0607812
1.2 21.2 -0.0145225
1.2 21.6 0.0173554
1.2 22 -0.0165498
1.2 22.4 -0.0976189
1.2 22.8 -0.160658
1.2 23.2 -0.165342
1.2 23.6 -0.0919898
1.2 24 0.028999
1.2 24.4 0.131503
1.2 24.8 0.154124
1.2 25.2 0.0889809
1.2 25.6 -0.0267445
1.2 26 -0.118023
1.2 26.4 -0.0161908
1.2 26.8 0

1.6 0 0
1.6 0.4 0.000977927
1.6 0.8 0.00825261
1.6 1.2 0.0197171
1.6 1.6 0.0275787
1.6 2 0.0204527
1.6 2.4 0.00503069
1.6 2.8 -0.00274844
1.6 3.2 -0.00379127
1.6 3.6 -0.0186593
1.6 4 -0.0828492
1.6 4.4 -0.187963
1.6 4.8 -0.242246
1.6 5.2 -0.214547
1.6 5.6 -0.135559
1.6 6 -0.0969736
1.6 6.4 -0.099174
1.6 6.8 -0.0916527
1.6 7.2 -0.045616
1.6 7.6 0.0341351
1.6 8 0.0936716
1.6 8.4 0.0930088
1.6 8.8 0.0251612
1.6 9.2 -0.0432218
1.6 9.6 -0.0585479
1.6 10 0.0113578
1.6 10.4 0.0976351
1.6 10.8 0.130015
1.6 11.2 0.0452336
1.6 11.6 -0.0984598
1.6 12 -0.200398
1.6 12.4 -0.150457
1.6 12.8 0.0176153
1.6 13.2 0.190584
1.6 13.6 0.250099
1.6 14 0.157619
1.6 14.4 0.0229236
1.6 14.8 -0.0622083
1.6 15.2 -0.0427118
1.6 15.6 0.0466167
1.6 16 0.127947
1.6 16.4 0.135482
1.6 16.8 0.0715453
1.6 17.2 -0.01302
1.6 17.6 -0.0602467
1.6 18 -0.0425842
1.6 18.4 0.0149145
1.6 18.8 0.0694272
1.6 19.2 0.0737958
1.6 19.6 0.0343352
1.6 20 -0.0167049
1.6 20.4 -0.0371294
1.6 20.8 -0.00527204
1.6 21.2 0.0533188
1.6 21.6 0.0969297
1.6 22 0.0737858
1.6 22.4 0.0101831
1.6 22.8 -0.0337066
1.6 23.2 -0.0247962
1.6 23.6 0.0441526
1.6 24 0.140288
1.6 24.4 0.196963
1.6 24.8 0.171582
1.6 25.2 0.0702222
1.6 25.6 -0.0698422
1.6 26 -0.176969
1.6 26.4 -0.0243471
1.6 26.8 0

2 0 0
2 0.4 -0.0312665
2 0.8 -0.226777
2 1.2 -0.131595
2 1.6 -0.00331336
2 2 0.105652
2 2.4 0.172748
2 2.8 0.197838
2 3.2 0.183746
2 3.6 0.111969
2 4 -0.0711279
2 4.4 -0.372088
2 4.8 -0.494138
2 5.2 -0.420795
2 5.6 -0.173994
2 6 -0.00289635
2 6.4 0.0523334
2 6.8 0.0494017
2 7.2 0.0417057
2 7.6 0.0470092
2 8 0.0526597
2 8.4 0.0366281
2 8.8 0.00232929
2 9.2 -0.0112337
2 9.6 0.0183269
2 10 0.0970752
2 10.4 0.165357
2 10.8 0.161517
2 11.2 0.0384349
2 11.6 -0.155231
2 12 -0.294976
2 12.4 -0.2044
2 12.8 0.00447602
2 13.2 0.206055
2 13.6 0.2696
2 14 0.134129
2 14.4 -0.00565087
2 14.8 -0.0617392
2 15.2 -0.0100317
2 15.6 0.096884
2 16 0.176115
2 16.4 0.178571
2 16.8 0.113947
2 17.2 0.0329218
2 17.6 -0.0121501
2 18 0.000789692
2 18.4 0.0410814
2 18.8 0.0684795
2 19.2 0.0605116
2 19.6 0.0242564
2 20 -0.0127903
2 20.4 -0.0171982
2 20.8 0.0278534
2 21.2 0.106817
2 21.6 0.180039
2 22 0.146605
2 22.4 0.0845398
2 22.8 0.0531649
2 23.2 0.0779745
2 23.6 0.153659
2 24 0.22607
2 24.4 0.242874
2 24.8 0.1762
2 25.2 0.0388918
2 25.6 -0.120574
2 26 -0.237786
2 26.4 -0.032542
2 26.8 0

2.4 0 0
2.4 0.4 -0.0425342
2.4 0.8 -0.308987
2.4 1.2 -0.173246
2.4 1.6 0.00885841
2.4 2 0.171415
2.4 2.4 0.273848
2.4 2.8 0.324474
2.4 3.2 0.33893
2.4 3.6 0.324144
2.4 4 0.156375
2.4 4.4 -0.0295386
2.4 4.8 -0.0666776
2.4 5.2 -0.0541129
2.4 5.6 0.017738
2.4 6 0.225673
2.4 6.4 0.231777
2.4 6.8 0.157972
2.4 7.2 0.0659698
2.4 7.6 -0.00392836
2.4 8 -0.039676
2.4 8.4 -0.0554775
2.4 8.8 -0.0505122
2.4 9.2 -0.0175623
2.4 9.6 0.0500796
2.4 10 0.138846
2.4 10.4 0.205323
2.4 10.8 0.187428
2.4 11.2 0.0545094
2.4 11.6 -0.167347
2.4 12 -0.42201
2.4 12.4 -0.0852425
2.4 12.8 0.00028845
2.4 13.2 0.0674526
2.4 13.6 0.293068
2.4 14 0.0251835
2.4 14.4 -0.119746
2.4 14.8 -0.132798
2.4 15.2 -0.0426795
2.4 15.6 0.0862093
2.4 16 0.153217
2.4 16.4 0.129097
2.4 16.8 0.048743
2.4 17.2 -0.0351717
2.4 17.6 -0.0742135
2.4 18 -0.0545191
2.4 18.4 -0.0235203
2.4 18.8 -0.00322731
2.4 19.2 -0.0133339
2.4 19.6 -0.0346418
2.4 20 -0.0422397
2.4 20.4 -0.00931154
2.4 20.8 0.00303016
2.4 21.2 0.0494083
2.4 21.6 0.26713
2.4 22 0.170007
2.4 22.4 0.0840412
2.4 22.8 0.0593367
2.4 23.2 0.102322
2.4 23.6 0.182472
2.4 24 0.238364
2.4 24.4 0.230949
2.4 24.8 0.144604
2.4 25.2 -0.00364993
2.4 25.6 -0.163241
2.4 26 -0.27582
2.4 26.4 -0.0376217
2.4 26.8 0

2.8 0 0
2.8 0.4 -0.0350959
2.8 0.8 -0.253351
2.8 1.2 -0.121679
2.8 1.6 0.0480249
2.8 2 0.188771
2.8 2.4 0.260947
2.8 2.8 0.290092
2.8 3.2 0.34449
2.8 3.6 0.53671
2.8 4 0.0941251
2.8 4.4 0
2.8 4.8 0
2.8 5.2 0
2.8 5.6 0.0714645
2.8 6 0.506913
2.8 6.4 0.318582
2.8 6.8 0.156655
2.8 7.2 0.000664259
2.8 7.6 -0.114545
2.8 8 -0.167649
2.8 8.4 -0.159016
2.8 8.8 -0.11597
2.8 9.2 -0.0525274
2.8 9.6 0.0305392
2.8 10 0.115812
2.8 10.4 0.181195
2.8 10.8 0.190731
2.8 11.2 0.111674
2.8 11.6 -0.0422035
2.8 12 -0.062906
2.8 12.4 0
2.8 12.8 0
2.8 13.2 0
2.8 13.6 0.00850742
2.8 14 -0.231343
2.8 14.4 -0.276798
2.8 14.8 -0.215955
2.8 15.2 -0.0707314
2.8 15.6 0.0588724
2.8 16 0.0964187
2.8 16.4 0.0377743
2.8 16.8 -0.0742648
2.8 17.2 -0.164433
2.8 17.6 -0.18592
2.8 18 -0.154651
2.8 18.4 -0.117177
2.8 18.8 -0.10066
2.8 19.2 -0.107727
2.8 19.6 -0.106261
2.8 20 -0.0207596
2.8 20.4 0
2.8 20.8 0
2.8 21.2 0
2.8 21.6 0.0492191
2.8 22 0.100515
2.8 22.4 -0.013306
2.8 22.8 -0.0140254
2.8 23.2 0.0484932
2.8 23.6 0.128052
2.8 24 0.180437
2.8 24.4 0.164914
2.8 24.8 0.0832526
2.8 25.2 -0.0471143
2.8 25.6 -0.179436
2.8 26 -0.275293
2.8 26.4 -0.0378983
2.8 26.8 0

3.2 0 0
3.2 0.4 -0.0193797
3.2 0.8 -0.14304
3.2 1.2 -0.0503732
3.2 1.6 0.0694626
3.2 2 0.141726
3.2 2.4 0.139732
3.2 2.8 0.0911447
3.2 3.2 0.0535493
3.2 3.6 0.0800983
3.2 4 0
3.2 4.4 0
3.2 4.8 0
3.2 5.2 0
3.2 5.6 0
3.2 6 0.0887176
3.2 6.4 0.14674
3.2 6.8 0.0142733
3.2 7.2 -0.139266
3.2 7.6 -0.249647
3.2 8 -0.274028
3.2 8.4 -0.230082
3.2 8.8 -0.149807
3.2 9.2 -0.0749295
3.2 9.6 -0.0121738
3.2 10 0.0431037
3.2 10.4 0.0958698
3.2 10.8 0.13727
3.2 11.2 0.156418
3.2 11.6 0.0154513
3.2 12 0
3.2 12.4 0
3.2 12.8 0
3.2 13.2 0
3.2 13.6 0
3.2 14 -0.0790999
3.2 14.4 -0.348243
3.2 14.8 -0.211015
3.2 15.2 -0.0299115
3.2 15.6 0.0918188
3.2 16 0.091293
3.2 16.4 -0.0222039
3.2 16.8 -0.161519
3.2 17.2 -0.250254
3.2 17.6 -0.251251
3.2 18 -0.196135
3.2 18.4 -0.148438
3.2 18.8 -0.141802
3.2 19.2 -0.163882
3.2 19.6 -0.0358416
3.2 20 0
3.2 20.4 0
3.2 20.8 0
3.2 21.2 0
3.2 21.6 0
3.2 22 -0.0100776
3.2 22.4 -0.179083
3.2 22.8 -0.126255
3.2 23.2 -0.0396136
3.2 23.6 0.0456453
3.2 24 0.0906885
3.2 24.4 0.0749409
3.2 24.8 0.0135827
3.2 25.2 -0.0770713
3.2 25.6 -0.167438
3.2 26 -0.229328
3.2 26.4 -0.0314857
3.2 26.8 0

3.6 0 0
3.6 0.4 -0.00938333
3.6 0.8 -0.0683042
3.6 1.2 -0.00235039
3.6 1.6 0.0691401
3.6 2 0.0844295
3.6 2.4 0.0182538
3.6 2.8 -0.103227
3.6 3.2 -0.204994
3.6 3.6 -0.027554
3.6 4 0
3.6 4.4 0
3.6 4.8 0
3.6 5.2 0
3.6 5.6 0
3.6 6 -0.00538207
3.6 6.4 -0.0397007
3.6 6.8 -0.13968
3.6 7.2 -0.261414
3.6 7.6 -0.325211
3.6 8 -0.303204
3.6 8.4 -0.211113
3.6 8.8 -0.11016
3.6 9.2 -0.054466
3.6 9.6 -0.050612
3.6 10 -0.0604611
3.6 10.4 -0.037793
3.6 10.8 0.0249932
3.6 11.2 0.0957178
3.6 11.6 0.012718
3.6 12 0
3.6 12.4 0
3.6 12.8 0
3.6 13.2 0
3.6 13.6 0
3.6 14 -0.0341523
3.6 14.4 -0.250656
3.6 14.8 -0.0877812
3.6 15.2 0.103713
3.6 15.6 0.20554
3.6 16 0.151792
3.6 16.4 -0.00430256
3.6 16.8 -0.165297
3.6 17.2 -0.238479
3.6 17.6 -0.204888
3.6 18 -0.121793
3.6 18.4 -0.0682774
3.6 18.8 -0.0859946
3.6 19.2 -0.13659
3.6 19.6 -0.0181416
3.6 20 0
3.6 20.4 0
3.6 20.8 0
3.6 21.2 0
3.6 21.6 0
3.6 22 -0.0328972
3.6 22.4 -0.244274
3.6 22.8 -0.17194
3.6 23.2 -0.0819757
3.6 23.6 -0.0125929
3.6 24 0.016326
3.6 24.4 0.00239693
3.6 24.8 -0.0383561
3.6 25.2 -0.0866186
3.6 25.6 -0.123984
3.6 26 -0.15029
3.6 26.4 -0.0206783
3.6 26.8 0

4 0 0
4 0.4 -0.00863858
4 0.8 -0.0623977
4 1.2 -0.00388081
4 1.6 0.0541146
4 2 0.0614518
4 2.4 -0.0141905
4 2.8 -0.151033
4 3.2 -0.283465
4 3.6 -0.086213
4 4 0
4 4.4 0
4 4.8 0
4 5.2 0
4 5.6 0
4 6 -0.00860929
4 6.4 -0.118421
4 6.8 -0.198388
4 7.2 -0.290851
4 7.6 -0.311038
4 8 -0.241681
4 8.4 -0.105515
4 8.8 -0.00118311
4 9.2 0.025005
4 9.6 -0.0488108
4 10 -0.146389
4 10.4 -0.178529
4 10.8 -0.104955
4 11.2 0.0321457
4 11.6 0.0782421
4 12 0
4 12.4 0
4 12.8 0
4 13.2 0
4 13.6 0
4 14 -0.0405751
4 14.4 -0.0864146
4 14.8 0.0895019
4 15.2 0.272024
4 15.6 0.333901
4 16 0.243245
4 16.4 0.0527272
4 16.8 -0.107996
4 17.2 -0.160304
4 17.6 -0.082385
4 18 0.0351096
4 18.4 0.100248
4 18.8 0.049026
4 19.2 -0.064959
4 19.6 -0.0703265
4 20 0
4 20.4 0
4 20.8 0
4 21.2 0
4 21.6 0
4 22 -0.0371576
4 22.4 -0.187048
4 22.8 -0.124467
4 23.2 -0.0521424
4 23.6 -0.0129768
4 24 -0.011304
4 24.4 -0.0332431
4 24.8 -0.0593871
4 25.2 -0.0701125
4 25.6 -0.0660898
4 26 -0.0623178
4 26.4 -0.00870346
4 26.8 0

4.4 0 0
4.4 0.4 -0.0141607
4.4 0.8 -0.102494
4.4 1.2 -0.0352285
4.4 1.6 0.0442204
4.4 2 0.0938455
4.4 2.4 0.0700435
4.4 2.8 -0.0271297
4.4 3.2 -0.17899
4.4 3.6 -0.354389
4.4 4 -0.0480307
4.4 4.4 0
4.4 4.8 0
4.4 5.2 0
4.4 5.6 0.00754632
4.4 6 0.0556828
4.4 6.4 -0.0348209
4.4 6.8 -0.131
4.4 7.2 -0.212185
4.4 7.6 -0.212034
4.4 8 -0.118044
4.4 8.4 0.0358851
4.4 8.8 0.14658
4.4 9.2 0.135016
4.4 9.6 -0.00540952
4.4 10 -0.188224
4.4 10.4 -0.291696
4.4 10.8 -0.213141
4.4 11.2 0.0757801
4.4 11.6 0.544557
4.4 12 0.0740349
4.4 12.4 0
4.4 12.8 0
4.4 13.2 0
4.4 13.6 -0.0290847
4.4 14 -0.214068
4.4 14.4 -0.00971997
4.4 14.8 0.214104
4.4 15.2 0.375712
4.4 15.6 0.398194
4.4 16 0.268734
4.4 16.4 0.0707336
4.4 16.8 -0.0751645
4.4 17.2 -0.0875184
4.4 17.6 0.034067
4.4 18 0.196228
4.4 18.4 0.266075
4.4 18.8 0.18113
4.4 19.2 -0.0690566
4.4 19.6 -0.456466
4.4 20 -0.0620812
4.4 20.4 0
4.4 20.8 0
4.4 21.2 0
4.4 21.6 -0.0120852
4.4 22 -0.0842255
4.4 22.4 -0.0478088
4.4 22.8 -0.00440716
4.4 23.2 0.0297746
4.4 23.6 0.031056
4.4 24 0.00352026
4.4 24.4 -0.0346859
4.4 24.8 -0.0543504
4.4 25.2 -0.0423019
4.4 25.6 -0.0139754
4.4 26 0.0102066
4.4 26.4 0.00150797
4.4 26.8 0

4.8 0 0
4.8 0.4 -0.0175628
4.8 0.8 -0.127278
4.8 1.2 -0.057116
4.8 1.6 0.0448055
4.8 2 0.142375
4.8 2.4 0.201205
4.8 2.8 0.195824
4.8 3.2 0.0930825
4.8 3.6 -0.210824
4.8 4 -0.0285295
4.8 4.4 0
4.8 4.8 0
4.8 5.2 0
4.8 5.6 0.0152907
4.8 6 0.112016
4.8 6.4 0.074449
4.8 6.8 -0.0142544
4.8 7.2 -0.0995603
4.8 7.6 -0.108201
4.8 8 -0.0100401
4.8 8.4 0.146292
4.8 8.8 0.263619
4.8 9.2 0.243741
4.8 9.6 0.0714342
4.8 10 -0.177716
4.8 10.4 -0.370179
4.8 10.8 -0.376035
4.8 11.2 -0.139601
4.8 11.6 0.438976
4.8 12 0.0596974
4.8 12.4 0
4.8 12.8 0
4.8 13.2 0
4.8 13.6 -0.0224022
4.8 14 -0.164845
4.8 14.4 0.091634
4.8 14.8 0.260333
4.8 15.2 0.356847
4.8 15.6 0.330641
4.8 16 0.19031
4.8 16.4 0.00184117
4.8 16.8 -0.116511
4.8 17.2 -0.0955947
4.8 17.6 0.0568277
4.8 18 0.242123
4.8 18.4 0.360747
4.8 18.8 0.331506
4.8 19.2 0.127265
4.8 19.6 -0.361211
4.8 20 -0.0492662
4.8 20.4 0
4.8 20.8 0
4.8 21.2 0
4.8 21.6 -0.0015254
4.8 22 -0.00789569
4.8 22.4 0.102278
4.8 22.8 0.116679
4.8 23.2 0.108183
4.8 23.6 0.0711678
4.8 24 0.0202096
4.8 24.4 -0.0237485
4.8 24.8 -0.0388759
4.8 25.2 -0.0174171
4.8 25.6 0.0227852
4.8 26 0.0552222
4.8 26.4 0.00765435
4.8 26.8 0

5.2 0 0
5.2 0.4 -0.0110215
5.2 0.8 -0.0806294
5.2 1.2 -0.0396958
5.2 1.6 0.0349522
5.2 2 0.138354
5.2 2.4 0.251678
5.2 2.8 0.3529
5.2 3.2 0.476144
5.2 3.6 0.0360305
5.2 4 0
5.2 4.4 0
5.2 4.8 0
5.2 5.2 0
5.2 5.6 0
5.2 6 0.0397807
5.2 6.4 0.17938
5.2 6.8 0.0857994
5.2 7.2 -0.014991
5.2 7.6 -0.0563302
5.2 8 0.0147778
5.2 8.4 0.162304
5.2 8.8 0.301408
5.2 9.2 0.313129
5.2 9.6 0.160625
5.2 10 -0.0980713
5.2 10.4 -0.354955
5.2 10.8 -0.513976
5.2 11.2 -0.615064
5.2 11.6 -0.0237482
5.2 12 0
5.2 12.4 0
5.2 12.8 0
5.2 13.2 0
5.2 13.6 0
5.2 14 0.0105358
5.2 14.4 0.247268
5.2 14.8 0.211201
5.2 15.2 0.21242
5.2 15.6 0.160672
5.2 16 0.0309258
5.2 16.4 -0.124196
5.2 16.8 -0.215347
5.2 17.2 -0.182062
5.2 17.6 -0.0391501
5.2 18 0.145953
5.2 18.4 0.295726
5.2 18.8 0.387869
5.2 19.2 0.509781
5.2 19.6 0.0201679
5.2 20 0
5.2 20.4 0
5.2 20.8 0
5.2 21.2 0
5.2 21.6 0
5.2 22 0.0360704
5.2 22.4 0.275755
5.2 22.8 0.161497
5.2 23.2 0.102372
5.2 23.6 0.050384
5.2 24 0.00365546
5.2 24.4 -0.0243576
5.2 24.8 -0.0274249
5.2 25.2 0.00180538
5.2 25.6 0.043081
5.2 26 0.0753377
5.2 26.4 0.0103212
5.2 26.8 0

5.6 0 0
5.6 0.4 0.00703926
5.6 0.8 0.049878
5.6 1.2 0.0201916
5.6 1.6 0.00472935
5.6 2 0.0370505
5.6 2.4 0.119651
5.6 2.8 0.206142
5.6 3.2 0.0925354
5.6 3.6 0
5.6 4 0
5.6 4.4 0
5.6 4.8 0
5.6 5.2 0
5.6 5.6 0
5.6 6 0
5.6 6.4 0.0373481
5.6 6.8 0.0983087
5.6 7.2 -0.000612337
5.6 7.6 -0.0823774
5.6 8 -0.0536248
5.6 8.4 0.0829271
5.6 8.8 0.247324
5.6 9.2 0.322673
5.6 9.6 0.251186
5.6 10 0.0501481
5.6 10.4 -0.18191
5.6 10.8 -0.341977
5.6 11.2 -0.130151
5.6 11.6 0
5.6 12 0
5.6 12.4 0
5.6 12.8 0
5.6 13.2 0
5.6 13.6 0
5.6 14 0
5.6 14.4 0.0320716
5.6 14.8 -0.0021255
5.6 15.2 0.00221531
5.6 15.6 -0.0270805
5.6 16 -0.114456
5.6 16.4 -0.212882
5.6 16.8 -0.283937
5.6 17.2 -0.274258
5.6 17.6 -0.187668
5.6 18 -0.0569051
5.6 18.4 0.0526054
5.6 18.8 0.119981
5.6 19.2 0.0857545
5.6 19.6 0
5.6 20 0
5.6 20.4 0
5.6 20.8 0
5.6 21.2 0
5.6 21.6 0
5.6 22 0
5.6 22.4 0.0378485
5.6 22.8 0.000648631
5.6 23.2 -0.0186456
5.6 23.6 -0.0402733
5.6 24 -0.0492831
5.6 24.4 -0.0415338
5.6 24.8 -0.022351
5.6 25.2 0.0137513
5.6 25.6 0.0510708
5.6 26 0.0826862
5.6 26.4 0.011649
5.6 26.8 0

6 0 0
6 0.4 0.0321308
6 0.8 0.232905
6 1.2 0.105728
6 1.6 -0.0402665
6 2 -0.120264
6 2.4 -0.106172
6 2.8 -0.0504366
6 3.2 -0.00677569
6 3.6 0
6 4 0
6 4.4 0
6 4.8 0
6 5.2 0
6 5.6 0
6 6 0
6 6.4 0.0141928
6 6.8 0.108959
6 7.2 -0.0186492
6 7.6 -0.145528
6 8 -0.162199
6 8.4 -0.0478644
6 8.8 0.131644
6 9.2 0.266854
6 9.6 0.288276
6 10 0.189039
6 10.4 0.0407196
6 10.8 -0.0640391
6 11.2 -0.00876227
6 11.6 0
6 12 0
6 12.4 0
6 12.8 0
6 13.2 0
6 13.6 0
6 14 0
6 14.4 -0.0220461
6 14.8 -0.162048
6 15.2 -0.127842
6 15.6 -0.105566
6 16 -0.119004
6 16.4 -0.171233
6 16.8 -0.225936
6 17.2 -0.258251
6 17.6 -0.250884
6 18 -0.218342
6 18.4 -0.181687
6 18.8 -0.1635
6 19.2 -0.0222828
6 19.6 0
6 20 0
6 20.4 0
6 20.8 0
6 21.2 0
6 21.6 0
6 22 0
6 22.4 -0.0239336
6 22.8 -0.179025
6 23.2 -0.166929
6 23.6 -0.147717
6 24 -0.112527
6 24.4 -0.0673791
6 24.8 -0.0169388
6 25.2 0.0262751
6 25.6 0.0605908
6 26 0.0839921
6 26.4 0.0115824
6 26.8 0

6.4 0 0
6.4 0.4 0.0555517
6.4 0.8 0.40296
6.4 1.2 0.181661
6.4 1.6 -0.0910961
6.4 2 -0.267359
6.4 2.4 -0.28506
6.4 2.8 -0.219594
6.4 3.2 -0.0141156
6.4 3.6 0
6.4 4 0
6.4 4.4 0
6.4 4.8 0
6.4 5.2 0
6.4 5.6 0
6.4 6 0
6.4 6.4 0.0773207
6.4 6.8 0.139324
6.4 7.2 -0.0275974
6.4 7.6 -0.19213
6.4 8 -0.242555
6.4 8.4 -0.154828
6.4 8.8 0.0129056
6.4 9.2 0.168307
6.4 9.6 0.241264
6.4 10 0.222513
6.4 10.4 0.160149
6.4 10.8 0.111318
6.4 11.2 0.0290948
6.4 11.6 0
6.4 12 0
6.4 12.4 0
6.4 12.8 0
6.4 13.2 0
6.4 13.6 0
6.4 14 0
6.4 14.4 -0.027946
6.4 14.8 -0.164358
6.4 15.2 -0.0993006
6.4 15.6 -0.0198345
6.4 16 0.0230699
6.4 16.4 0.0120107
6.4 16.8 -0.0455209
6.4 17.2 -0.116028
6.4 17.6 -0.176245
6.4 18 -0.22194
6.4 18.4 -0.234882
6.4 18.8 -0.233701
6.4 19.2 -0.0139504
6.4 19.6 0
6.4 20 0
6.4 20.4 0
6.4 20.8 0
6.4 21.2 0
6.4 21.6 0
6.4 22 0
6.4 22.4 -0.0396483
6.4 22.8 -0.247729
6.4 23.2 -0.23559
6.4 23.6 -0.197775
6.4 24 -0.140052
6.4 24.4 -0.0693372
6.4 24.8 -0.00755263
6.4 25.2 0.0353126
6.4 25.6 0.062361
6.4 26 0.0770706
6.4 26.4 0.0106565
6.4 26.8 0

6.8 0 0
6.8 0.4 0.0672282
6.8 0.8 0.489575
6.8 1.2 0.210428
6.8 1.6 -0.136084
6.8 2 -0.348539
6.8 2.4 -0.334069
6.8 2.8 -0.143125
6.8 3.2 0.115321
6.8 3.6 0.0156798
6.8 4 0
6.8 4.4 0
6.8 4.8 0
6.8 5.2 0
6.8 5.6 0
6.8 6 0.0585465
6.8 6.4 0.429777
6.8 6.8 0.196767
6.8 7.2 -0.0191812
6.8 7.6 -0.185404
6.8 8 -0.238201
6.8 8.4 -0.180286
6.8 8.8 -0.0584768
6.8 9.2 0.0529904
6.8 9.6 0.112413
6.8 10 0.112493
6.8 10.4 0.0954979
6.8 10.8 0.0878436
6.8 11.2 0.102099
6.8 11.6 0.0144538
6.8 12 0
6.8 12.4 0
6.8 12.8 0
6.8 13.2 0
6.8 13.6 0
6.8 14 -0.00578948
6.8 14.4 -0.0486013
6.8 14.8 -0.0492672
6.8 15.2 0.0368699
6.8 15.6 0.151141
6.8 16 0.230724
6.8 16.4 0.233281
6.8 16.8 0.169657
6.8 17.2 0.0706591
6.8 17.6 -0.0219246
6.8 18 -0.0846321
6.8 18.4 -0.0947478
6.8 18.8 -0.0378881
6.8 19.2 0.122646
6.8 19.6 0.0177661
6.8 20 0
6.8 20.4 0
6.8 20.8 0
6.8 21.2 0
6.8 21.6 0
6.8 22 -0.00663661
6.8 22.4 -0.0494264
6.8 22.8 -0.133699
6.8 23.2 -0.171091
6.8 23.6 -0.165014
6.8 24 -0.123245
6.8 24.4 -0.06037
6.8 24.8 -0.00122091
6.8 25.2 0.0352649
6.8 25.6 0.050937
6.8 26 0.0533987
6.8 26.4 0.00728869
6.8 26.8 0

7.2 0 0
7.2 0.4 0.0642127
7.2 0.8 0.46661
7.2 1.2 0.167977
7.2 1.6 -0.195108
7.2 2 -0.390086
7.2 2.4 -0.311175
7.2 2.8 -0.0352202
7.2 3.2 0.23669
7.2 3.6 0.0321737
7.2 4 0
7.2 4.4 0
7.2 4.8 0
7.2 5.2 0
7.2 5.6 0
7.2 6 0.0297269
7.2 6.4 0.218879
7.2 6.8 0.0873292
7.2 7.2 -0.0529608
7.2 7.6 -0.144317
7.2 8 -0.152187
7.2 8.4 -0.10987
7.2 8.8 -0.0595957
7.2 9.2 -0.0383809
7.2 9.6 -0.0515505
7.2 10 -0.0799767
7.2 10.4 -0.0995705
7.2 10.8 -0.0941228
7.2 11.2 -0.0830712
7.2 11.6 -0.0110138
7.2 12 0
7.2 12.4 0
7.2 12.8 0
7.2 13.2 0
7.2 13.6 0
7.2 14 -0.00467692
7.2 14.4 -0.0384246
7.2 14.8 0.0221082
7.2 15.2 0.150167
7.2 15.6 0.278358
7.2 16 0.3548
7.2 16.4 0.341658
7.2 16.8 0.268953
7.2 17.2 0.160666
7.2 17.6 0.078835
7.2 18 0.0444051
7.2 18.4 0.0645539
7.2 18.8 0.133663
7.2 19.2 0.229443
7.2 19.6 0.0320806
7.2 20 0
7.2 20.4 0
7.2 20.8 0
7.2 21.2 0
7.2 21.6 0
7.2 22 0.018982
7.2 22.4 0.141751
7.2 22.8 0.0575241
7.2 23.2 -0.0287937
7.2 23.6 -0.0776482
7.2 24 -0.0777213
7.2 24.4 -0.0457077
7.2 24.8 -0.00981152
7.2 25.2 0.0168602
7.2 25.6 0.017976
7.2 26 0.010271
7.2 26.4 0.00136157
7.2 26.8 0

7.6 0 0
7.6 0.4 0.049558
7.6 0.8 0.360129
7.6 1.2 0.0749732
7.6 1.6 -0.262726
7.6 2 -0.40975
7.6 2.4 -0.262438
7.6 2.8 0.0889756
7.6 3.2 0.404415
7.6 3.6 0.0548429
7.6 4 0
7.6 4.4 0
7.6 4.8 0
7.6 5.2 0
7.6 5.6 0
7.6 6 -0.00612673
7.6 6.4 -0.0462252
7.6 6.8 -0.0844919
7.6 7.2 -0.107482
7.6 7.6 -0.0812572
7.6 8 -0.0224403
7.6 8.4 0.0184186
7.6 8.8 0.000561655
7.6 9.2 -0.0767184
7.6 9.6 -0.173265
7.6 10 -0.245151
7.6 10.4 -0.273907
7.6 10.8 -0.263175
7.6 11.2 -0.254249
7.6 11.6 -0.0345444
7.6 12 0
7.6 12.4 0
7.6 12.8 0
7.6 13.2 0
7.6 13.6 0
7.6 14 -0.0148594
7.6 14.4 -0.103639
7.6 14.8 0.00324833
7.6 15.2 0.152303
7.6 15.6 0.278523
7.6 16 0.325864
7.6 16.4 0.274031
7.6 16.8 0.166924
7.6 17.2 0.0637345
7.6 17.6 0.0221656
7.6 18 0.0476964
7.6 18.4 0.114732
7.6 18.8 0.199014
7.6 19.2 0.262164
7.6 19.6 0.0356508
7.6 20 0
7.6 20.4 0
7.6 20.8 0
7.6 21.2 0
7.6 21.6 0
7.6 22 0.0477654
7.6 22.4 0.357182
7.6 22.8 0.241022
7.6 23.2 0.102611
7.6 23.6 -0.0101726
7.6 24 -0.0591996
7.6 24.4 -0.0548008
7.6 24.8 -0.0347607
7.6 25.2 -0.0178422
7.6 25.6 -0.0261385
7.6 26 -0.0385449
7.6 26.4 -0.0054299
7.6 26.8 0

8 0 0
8 0.4 0.0338071
8 0.8 0.244256
8 1.2 -0.0190939
8 1.6 -0.318169
8 2 -0.424627
8 2.4 -0.233755
8 2.8 0.164395
8 3.2 0.524673
8 3.6 0.191058
8 4 0
8 4.4 0
8 4.8 0
8 5.2 0
8 5.6 0
8 6 -0.0259712
8 6.4 -0.201105
8 6.8 -0.192692
8 7.2 -0.126189
8 7.6 -0.00646523
8 8 0.101873
8 8.4 0.138639
8 8.8 0.0697818
8 9.2 -0.0693105
8 9.6 -0.211352
8 10 -0.287879
8 10.4 -0.295317
8 10.8 -0.2619
8 11.2 -0.232059
8 11.6 -0.0184734
8 12 0
8 12.4 0
8 12.8 0
8 13.2 0
8 13.6 0
8 14 -0.124556
8 14.4 -0.249805
8 14.8 -0.106936
8 15.2 0.0584225
8 15.6 0.171728
8 16 0.176892
8 16.4 0.0775697
8 16.8 -0.0619816
8 17.2 -0.163278
8 17.6 -0.170333
8 18 -0.091125
8 18.4 0.0136382
8 18.8 0.0951362
8 19.2 0.113324
8 19.6 -0.0426789
8 20 0
8 20.4 0
8 20.8 0
8 21.2 0
8 21.6 0
8 22 0.110131
8 22.4 0.440216
8 22.8 0.299845
8 23.2 0.130443
8 23.6 -0.00759109
8 24 -0.0762621
8 24.4 -0.0894654
8 24.8 -0.0663422
8 25.2 -0.049276
8 25.6 -0.0547676
8 26 -0.0663051
8 26.4 -0.00926496
8 26.8 0

8.4 0 0
8.4 0.4 0.026773
8.4 0.8 0.192485
8.4 1.2 -0.0564489
8.4 1.6 -0.33966
8.4 2 -0.443061
8.4 2.4 -0.255314
8.4 2.8 0.141797
8.4 3.2 0.556977
8.4 3.6 0.880569
8.4 4 0.159428
8.4 4.4 0
8.4 4.8 0
8.4 5.2 0
8.4 5.6 0.0723221
8.4 6 0.00448423
8.4 6.4 -0.133714
8.4 6.8 -0.174524
8.4 7.2 -0.0948919
8.4 7.6 0.0494768
8.4 8 0.169999
8.4 8.4 0.183994
8.4 8.8 0.0883939
8.4 9.2 -0.0608133
8.4 9.6 -0.170673
8.4 10 -0.190355
8.4 10.4 -0.13515
8.4 10.8 -0.0597833
8.4 11.2 0.0019624
8.4 11.6 0.0953187
8.4 12 -0.00827148
8.4 12.4 0
8.4 12.8 0
8.4 13.2 0
8.4 13.6 -0.159752
8.4 14 -0.662725
8.4 14.4 -0.434679
8.4 14.8 -0.231471
8.4 15.2 -0.0493393
8.4 15.6 0.0611748
8.4 16 0.0373
8.4 16.4 -0.0978346
8.4 16.8 -0.263725
8.4 17.2 -0.362215
8.4 17.6 -0.354099
8.4 18 -0.25175
8.4 18.4 -0.138848
8.4 18.8 -0.0954288
8.4 19.2 -0.174457
8.4 19.6 -0.429747
8.4 20 -0.105898
8.4 20.4 0
8.4 20.8 0
8.4 21.2 0
8.4 21.6 0.0438461
8.4 22 0.3752
8.4 22.4 0.322797
8.4 22.8 0.196624
8.4 23.2 0.0398509
8.4 23.6 -0.0832245
8.4 24 -0.130875
8.4 24.4 -0.115932
8.4 24.8 -0.0786291
8.4 25.2 -0.0492867
8.4 25.6 -0.0458123
8.4 26 -0.0546125
8.4 26.4 -0.00775567
8.4 26.8 0

8.8 0 0
8.8 0.4 0.0319833
8.8 0.8 0.231978
8.8 1.2 -0.0147096
8.8 1.6 -0.311438
8.8 2 -0.448938
8.8 2.4 -0.326369
8.8 2.8 -0.0141221
8.8 3.2 0.301262
8.8 3.6 0.451045
8.8 4 0.288223
8.8 4.4 0.0128658
8.8 4.8 -0.0152506
8.8 5.2 0.0882174
8.8 5.6 0.522716
8.8 6 0.217244
8.8 6.4 0.00242645
8.8 6.8 -0.0860781
8.8 7.2 -0.0469941
8.8 7.6 0.0607191
8.8 8 0.140056
8.8 8.4 0.122177
8.8 8.8 0.0212278
8.8 9.2 -0.0857474
8.8 9.6 -0.112142
8.8 10 -0.023672
8.8 10.4 0.11436
8.8 10.8 0.21139
8.8 11.2 0.190264
8.8 11.6 0.0638059
8.8 12 -0.162471
8.8 12.4 -0.11243
8.8 12.8 -0.0927768
8.8 13.2 -0.141768
8.8 13.6 -0.518678
8.8 14 -0.546914
8.8 14.4 -0.45732
8.8 14.8 -0.287724
8.8 15.2 -0.091409
8.8 15.6 0.0289746
8.8 16 0.0230302
8.8 16.4 -0.107952
8.8 16.8 -0.274718
8.8 17.2 -0.376136
8.8 17.6 -0.3685
8.8 18 -0.279724
8.8 18.4 -0.183101
8.8 18.8 -0.151288
8.8 19.2 -0.217986
8.8 19.6 -0.338048
8.8 20 -0.360157
8.8 20.4 -0.0280316
8.8 20.8 0.0158226
8.8 21.2 -0.011702
8.8 21.6 -0.0525359
8.8 22 0.0729834
8.8 22.4 0.0624304
8.8 22.8 -0.0118598
8.8 23.2 -0.111104
8.8 23.6 -0.165229
8.8 24 -0.163575
8.8 24.4 -0.110137
8.8 24.8 -0.0484665
8.8 25.2 -0.0113423
8.8 25.6 -0.00472264
8.8 26 -0.0108435
8.8 26.4 -0.00157804
8.8 26.8 0

9.2 0 0
9.2 0.4 0.0454108
9.2 0.8 0.330642
9.2 1.2 0.0769933
9.2 1.6 -0.2392
9.2 2 -0.425432
9.2 2.4 -0.386992
9.2 2.8 -0.184344
9.2 3.2 0.0276129
9.2 3.6 0.0994244
9.2 4 -0.0211059
9.2 4.4 -0.199037
9.2 4.8 -0.111659
9.2 5.2 0.123956
9.2 5.6 0.319293
9.2 6 0.22125
9.2 6.4 0.0630283
9.2 6.8 -0.0261455
9.2 7.2 -0.0216309
9.2 7.6 0.0289226
9.2 8 0.0419395
9.2 8.4 -0.0188479
9.2 8.8 -0.116623
9.2 9.2 -0.156883
9.2 9.6 -0.075071
9.2 10 0.126261
9.2 10.4 0.335008
9.2 10.8 0.429016
9.2 11.2 0.320536
9.2 11.6 0.0356675
9.2 12 -0.328702
9.2 12.4 -0.669503
9.2 12.8 -0.68338
9.2 13.2 -0.531145
9.2 13.6 -0.456856
9.2 14 -0.492667
9.2 14.4 -0.465335
9.2 14.8 -0.309876
9.2 15.2 -0.0855761
9.2 15.6 0.089155
9.2 16 0.139222
9.2 16.4 0.0515298
9.2 16.8 -0.0845263
9.2 17.2 -0.170646
9.2 17.6 -0.175226
9.2 18 -0.120803
9.2 18.4 -0.0705011
9.2 18.8 -0.0644071
9.2 19.2 -0.0954369
9.2 19.6 -0.111082
9.2 20 -0.0428359
9.2 20.4 0.148343
9.2 20.8 0.119086
9.2 21.2 -0.0371862
9.2 21.6 -0.146583
9.2 22 -0.156994
9.2 22.4 -0.172438
9.2 22.8 -0.192332
9.2 23.2 -0.209572
9.2 23.6 -0.189266
9.2 24 -0.126162
9.2 24.4 -0.0415453
9.2 24.8 0.0251877
9.2 25.2 0.0538862
9.2 25.6 0.0435361
9.2 26 0.030193
9.2 26.4 0.00424834
9.2 26.8 0

9.6 0 0
9.6 0.4 0.0569585
9.6 0.8 0.413735
9.6 1.2 0.160808
9.6 1.6 -0.156139
9.6 2 -0.369662
9.6 2.4 -0.387546
9.6 2.8 -0.258196
9.6 3.2 -0.114923
9.6 3.6 -0.0800706
9.6 4 -0.176963
9.6 4.4 -0.271778
9.6 4.8 -0.1829
9.6 5.2 0.0134924
9.6 5.6 0.149151
9.6 6 0.124996
9.6 6.4 0.0416964
9.6 6.8 -0.0102539
9.6 7.2 -0.0131985
9.6 7.6 -0.0124982
9.6 8 -0.0622097
9.6 8.4 -0.165389
9.6 8.8 -0.255892
9.6 9.2 -0.24783
9.6 9.6 -0.0795025
9.6 10 0.197253
9.6 10.4 0.446606
9.6 10.8 0.527341
9.6 11.2 0.352213
9.6 11.6 -0.0123761
9.6 12 -0.410424
9.6 12.4 -0.653347
9.6 12.8 -0.618002
9.6 13.2 -0.455969
9.6 13.6 -0.42536
9.6 14 -0.525296
9.6 14.4 -0.535634
9.6 14.8 -0.367917
9.6 15.2 -0.0906899
9.6 15.6 0.156452
9.6 16 0.273737
9.6 16.4 0.260391
9.6 16.8 0.188267
9.6 17.2 0.131152
9.6 17.6 0.123569
9.6 18 0.128592
9.6 18.4 0.11736
9.6 18.8 0.082863
9.6 19.2 0.0565973
9.6 19.6 0.0985351
9.6 20 0.199271
9.6 20.4 0.268067
9.6 20.8 0.16819
9.6 21.2 -0.0482976
9.6 21.6 -0.237514
9.6 22 -0.291713
9.6 22.4 -0.276487
9.6 22.8 -0.236702
9.6 23.2 -0.184163
9.6 23.6 -0.109509
9.6 24 -0.016663
9.6 24.4 0.066637
9.6 24.8 0.10837
9.6 25.2 0.106727
9.6 25.6 0.0637798
9.6 26 0.0305512
9.6 26.4 0.00444707
9.6 26.8 0

10 0 0
10 0.4 0.0572604
10 0.8 0.414628
10 1.2 0.184839
10 1.6 -0.0973975
10 2 -0.290095
10 2.4 -0.312505
10 2.8 -0.202113
10 3.2 -0.0761252
10 3.6 -0.0551458
10 4 -0.172103
10 4.4 -0.320914
10 4.8 -0.259369
10 5.2 -0.0934024
10 5.6 -0.010565
10 6 -0.0131418
10 6.4 -0.0236011
10 6.8 -0.0160755
10 7.2 3.82582e-05
10 7.6 -0.0154403
10 8 -0.101495
10 8.4 -0.233927
10 8.8 -0.328492
10 9.2 -0.299311
10 9.6 -0.107963
10 10 0.174117
10 10.4 0.410854
10 10.8 0.459833
10 11.2 0.264373
10 11.6 -0.10049
10 12 -0.484853
10 12.4 -0.681893
10 12.8 -0.60272
10 13.2 -0.43899
10 13.6 -0.523035
10 14 -0.725736
10 14.4 -0.715418
10 14.8 -0.481902
10 15.2 -0.146742
10 15.6 0.143032
10 16 0.303262
10 16.4 0.342321
10 16.8 0.336225
10 17.2 0.338532
10 17.6 0.345912
10 18 0.31557
10 18.4 0.232194
10 18.8 0.126269
10 19.2 0.0849264
10 19.6 0.167048
10 20 0.337708
10 20.4 0.375388
10 20.8 0.222242
10 21.2 -0.0552018
10 21.6 -0.302716
10 22 -0.304086
10 22.4 -0.223031
10 22.8 -0.127803
10 23.2 -0.0427401
10 23.6 0.0432246
10 24 0.116217
10 24.4 0.165968
10 24.8 0.163897
10 25.2 0.113357
10 25.6 0.0369735
10 26 -0.0213161
10 26.4 -0.00281976
10 26.8 0

10.4 0 0
10.4 0.4 0.0442601
10.4 0.8 0.321124
10.4 1.2 0.13998
10.4 1.6 -0.0784517
10.4 2 -0.216914
10.4 2.4 -0.198582
10.4 2.8 -0.0623158
10.4 3.2 0.0888459
10.4 3.6 0.140061
10.4 4 -0.0126402
10.4 4.4 -0.045416
10.4 4.8 -0.0354478
10.4 5.2 -0.02996
10.4 5.6 -0.122309
10.4 6 -0.142751
10.4 6.4 -0.0823696
10.4 6.8 -0.00424518
10.4 7.2 0.0517026
10.4 7.6 0.0411456
10.4 8 -0.0506022
10.4 8.4 -0.188698
10.4 8.8 -0.289068
10.4 9.2 -0.271994
10.4 9.6 -0.115051
10.4 10 0.101915
10.4 10.4 0.26917
10.4 10.8 0.27089
10.4 11.2 0.0942439
10.4 11.6 -0.198941
10.4 12 -0.536782
10.4 12.4 -0.166058
10.4 12.8 -0.0825846
10.4 13.2 -0.180069
10.4 13.6 -0.870005
10.4 14 -1.13945
10.4 14.4 -0.930012
10.4 14.8 -0.574347
10.4 15.2 -0.209917
10.4 15.6 0.0410023
10.4 16 0.157029
10.4 16.4 0.193169
10.4 16.8 0.238498
10.4 17.2 0.314682
10.4 17.6 0.380467
10.4 18 0.347754
10.4 18.4 0.192788
10.4 18.8 0.00422805
10.4 19.2 -0.0873564
10.4 19.6 0.0254536
10.4 20 0.348253
10.4 20.4 0.0969937
10.4 20.8 0.0295529
10.4 21.2 -0.0662063
10.4 21.6 -0.433683
10.4 22 -0.221068
10.4 22.4 -0.0467742
10.4 22.8 0.072466
10.4 23.2 0.139149
10.4 23.6 0.180493
10.4 24 0.200335
10.4 24.4 0.198321
10.4 24.8 0.150793
10.4 25.2 0.0674408
10.4 25.6 -0.02604
10.4 26 -0.0962363
10.4 26.4 -0.013199
10.4 26.8 0

10.8 0 0
10.8 0.4 0.0251942
10.8 0.8 0.182348
10.8 1.2 0.05721
10.8 1.6 -0.0887899
10.8 2 -0.15799
10.8 2.4 -0.0926822
10.8 2.8 0.0714165
10.8 3.2 0.256659
10.8 3.6 0.415123
10.8 4 0.0545661
10.8 4.4 0
10.8 4.8 0
10.8 5.2 0
10.8 5.6 -0.0504044
10.8 6 -0.243433
10.8 6.4 -0.078213
10.8 6.8 0.0472109
10.8 7.2 0.12932
10.8 7.6 0.127806
10.8 8 0.0484739
10.8 8.4 -0.0697044
10.8 8.8 -0.16021
10.8 9.2 -0.162866
10.8 9.6 -0.0796138
10.8 10 0.0279815
10.8 10.4 0.0865865
10.8 10.8 0.0392742
10.8 11.2 -0.0937949
10.8 11.6 -0.202091
10.8 12 -0.100762
10.8 12.4 0
10.8 12.8 0
10.8 13.2 0
10.8 13.6 -0.345753
10.8 14 -1.66339
10.8 14.4 -0.899937
10.8 14.8 -0.43841
10.8 15.2 -0.164763
10.8 15.6 -0.0738321
10.8 16 -0.112456
10.8 16.4 -0.142724
10.8 16.8 -0.0688325
10.8 17.2 0.103311
10.8 17.6 0.255861
10.8 18 0.253802
10.8 18.4 0.0653333
10.8 18.8 -0.211238
10.8 19.2 -0.387519
10.8 19.6 -0.353879
10.8 20 -0.00091201
10.8 20.4 0
10.8 20.8 0
10.8 21.2 0
10.8 21.6 -0.0548021
10.8 22 0.0247109
10.8 22.4 0.201448
10.8 22.8 0.263382
10.8 23.2 0.258766
10.8 23.6 0.21961
10.8 24 0.175557
10.8 24.4 0.12895
10.8 24.8 0.0698656
10.8 25.2 -0.00443372
10.8 25.6 -0.0829823
10.8 26 -0.141091
10.8 26.4 -0.019311
10.8 26.8 0

11.2 0 0
11.2 0.4 0.00911763
11.2 0.8 0.0657406
11.2 1.2 -0.00881486
11.2 1.6 -0.089316
11.2 2 -0.104781
11.2 2.4 -0.0236941
11.2 2.8 0.120452
11.2 3.2 0.252588
11.2 3.6 0.0908001
11.2 4 0
11.2 4.4 0
11.2 4.8 0
11.2 5.2 0
11.2 5.6 0
11.2 6 -0.0259197
11.2 6.4 0.0564037
11.2 6.8 0.122278
11.2 7.2 0.175861
11.2 7.6 0.171694
11.2 8 0.107354
11.2 8.4 0.0273007
11.2 8.8 -0.0203417
11.2 9.2 -0.0200282
11.2 9.6 0.002112
11.2 10 0.00174864
11.2 10.4 -0.0593205
11.2 10.8 -0.171483
11.2 11.2 -0.282476
11.2 11.6 -0.0660147
11.2 12 0
11.2 12.4 0
11.2 12.8 0
11.2 13.2 0
11.2 13.6 0
11.2 14 -0.241624
11.2 14.4 -0.11084
11.2 14.8 0.0407421
11.2 15.2 0.0532892
11.2 15.6 -0.115305
11.2 16 -0.374426
11.2 16.4 -0.515246
11.2 16.8 -0.419727
11.2 17.2 -0.137475
11.2 17.6 0.126292
11.2 18 0.18994
11.2 18.4 -0.011374
11.2 18.8 -0.345446
11.2 19.2 -0.613465
11.2 19.6 -0.131877
11.2 20 0
11.2 20.4 0
11.2 20.8 0
11.2 21.2 0
11.2 21.6 0
11.2 22 0.0579462
11.2 22.4 0.403469
11.2 22.8 0.344096
11.2 23.2 0.24602
11.2 23.6 0.136479
11.2 24 0.0479478
11.2 24.4 -0.00925887
11.2 24.8 -0.0392629
11.2 25.2 -0.0658523
11.2 25.6 -0.0900289
11.2 26 -0.115923
11.2 26.4 -0.0161701
11.2 26.8 0

11.6 0 0
11.6 0.4 0.0010904
11.6 0.8 0.00938876
11.6 1.2 -0.0234109
11.6 1.6 -0.0559177
11.6 2 -0.0438167
11.6 2.4 0.0239289
11.6 2.8 0.118899
11.6 3.2 0.191909
11.6 3.6 0.0261209
11.6 4 0
11.6 4.4 0
11.6 4.8 0
11.6 5.2 0
11.6 5.6 0
11.6 6 0.0139433
11.6 6.4 0.107687
11.6 6.8 0.137071
11.6 7.2 0.139571
11.6 7.6 0.0998393
11.6 8 0.0474997
11.6 8.4 0.0255103
11.6 8.8 0.0513414
11.6 9.2 0.095785
11.6 9.6 0.103674
11.6 10 0.026504
11.6 10.4 -0.115356
11.6 10.8 -0.267189
11.6 11.2 -0.370185
11.6 11.6 -0.0502393
11.6 12 0
11.6 12.4 0
11.6 12.8 0
11.6 13.2 0
11.6 13.6 0
11.6 14 0.0649055
11.6 14.4 0.478517
11.6 14.8 0.489654
11.6 15.2 0.31543
11.6 15.6 -0.0858919
11.6 16 -0.52772
11.6 16.4 -0.752691
11.6 16.8 -0.627082
11.6 17.2 -0.24101
11.6 17.6 0.138171
11.6 18 0.264812
11.6 18.4 0.0794232
11.6 18.8 -0.272417
11.6 19.2 -0.554874
11.6 19.6 -0.0759652
11.6 20 0
11.6 20.4 0
11.6 20.8 0
11.6 21.2 0
11.6 21.6 0
11.6 22 0.0489098
11.6 22.4 0.364178
11.6 22.8 0.257504
11.6 23.2 0.104302
11.6 23.6 -0.0384627
11.6 24 -0.133544
11.6 24.4 -0.159512
11.6 24.8 -0.133041
11.6 25.2 -0.0905856
11.6 25.6 -0.0473621
11.6 26 -0.027456
11.6 26.4 -0.0038058
11.6 26.8 0

12 0 0
12 0.4 -0.000732699
12 0.8 -0.00526244
12 1.2 -0.0094555
12 1.6 -0.00162464
12 2 0.0283404
12 2.4 0.068657
12 2.8 0.0953532
12 3.2 0.090855
12 3.6 -0.0302596
12 4 0
12 4.4 0
12 4.8 0
12 5.2 0
12 5.6 0
12 6 -0.0146345
12 6.4 0.0739018
12 6.8 0.0799927
12 7.2 0.0237072
12 7.6 -0.0736395
12 8 -0.134774
12 8.4 -0.0956199
12 8.8 0.0240971
12 9.2 0.151289
12 9.6 0.187006
12 10 0.089814
12 10.4 -0.0829217
12 10.8 -0.225015
12 11.2 -0.260739
12 11.6 0.0308556
12 12 0
12 12.4 0
12 12.8 0
12 13.2 0
12 13.6 0
12 14 -0.106057
12 14.4 0.531398
12 14.8 0.641174
12 15.2 0.464839
12 15.6 -0.0206371
12 16 -0.54703
12 16.4 -0.782726
12 16.8 -0.598156
12 17.2 -0.122803
12 17.6 0.327331
12 18 0.477949
12 18.4 0.286363
12 18.8 -0.0519656
12 19.2 -0.288467
12 19.6 -0.0045224
12 20 0
12 20.4 0
12 20.8 0
12 21.2 0
12 21.6 0
12 22 0.0216987
12 22.4 0.186379
12 22.8 0.0798594
12 23.2 -0.0720631
12 23.6 -0.202348
12 24 -0.263646
12 24.4 -0.243693
12 24.8 -0.163106
12 25.2 -0.0667763
12 25.6 0.0148764
12 26 0.0675139
12 26.4 0.00937879
12 26.8 0

12.4 0 0
12.4 0.4 -0.00428123
12.4 0.8 -0.0314508
12.4 1.2 -0.00685505
12.4 1.6 0.0364406
12.4 2 0.0841155
12.4 2.4 0.105677
12.4 2.8 0.0743978
12.4 3.2 -0.0542393
12.4 3.6 -0.314871
12.4 4 -0.0428711
12.4 4.4 0
12.4 4.8 0
12.4 5.2 0
12.4 5.6 -0.0242024
12.4 6 -0.17991
12.4 6.4 0.00320694
12.4 6.8 0.0308482
12.4 7.2 -0.0882034
12.4 7.6 -0.259568
12.4 8 -0.344998
12.4 8.4 -0.265669
12.4 8.8 -0.0540529
12.4 9.2 0.16177
12.4 9.6 0.239822
12.4 10 0.142216
12.4 10.4 -0.0373276
12.4 10.8 -0.12805
12.4 11.2 0.0221237
12.4 11.6 0.483983
12.4 12 0.0659904
12.4 12.4 0
12.4 12.8 0
12.4 13.2 0
12.4 13.6 -0.178278
12.4 14 -1.31732
12.4 14.4 -0.0675658
12.4 14.8 0.52599
12.4 15.2 0.494095
12.4 15.6 0.0433383
12.4 16 -0.450712
12.4 16.4 -0.630066
12.4 16.8 -0.373618
12.4 17.2 0.140525
12.4 17.6 0.573515
12.4 18 0.665851
12.4 18.4 0.421916
12.4 18.8 0.0971969
12.4 19.2 -0.0116168
12.4 19.6 0.258632
12.4 20 0.0357638
12.4 20.4 0
12.4 20.8 0
12.4 21.2 0
12.4 21.6 -0.0032487
12.4 22 -0.0254029
12.4 22.4 -0.00117979
12.4 22.8 -0.0754594
12.4 23.2 -0.187452
12.4 23.6 -0.265938
12.4 24 -0.277629
12.4 24.4 -0.224717
12.4 24.8 -0.130921
12.4 25.2 -0.0278448
12.4 25.6 0.0513821
12.4 26 0.102133
12.4 26.4 0.0143422
12.4 26.8 0

12.8 0 0
12.8 0.4 -0.0137741
12.8 0.8 -0.0997454
12.8 1.2 -0.0480254
12.8 1.6 0.0294953
12.8 2 0.10177
12.8 2.4 0.135492
12.8 2.8 0.103747
12.8 3.2 -0.027248
12.8 3.6 -0.295167
12.8 4 -0.0401503
12.8 4.4 0
12.8 4.8 0
12.8 5.2 0
12.8 5.6 -0.0154316
12.8 6 -0.115521
12.8 6.4 0.123877
12.8 6.8 0.103684
12.8 7.2 -0.107418
12.8 7.6 -0.362408
12.8 8 -0.485161
12.8 8.4 -0.386109
12.8 8.8 -0.111772
12.8 9.2 0.164376
12.8 9.6 0.267039
12.8 10 0.149732
12.8 10.4 -0.0721803
12.8 10.8 -0.188873
12.8 11.2 -0.0357429
12.8 11.6 0.456059
12.8 12 0.0621869
12.8 12.4 0
12.8 12.8 0
12.8 13.2 0
12.8 13.6 -0.173708
12.8 14 -1.28248
12.8 14.4 0.00806423
12.8 14.8 0.567738
12.8 15.2 0.522978
12.8 15.6 0.0954525
12.8 16 -0.325277
12.8 16.4 -0.408266
12.8 16.8 -0.0881312
12.8 17.2 0.403788
12.8 17.6 0.739141
12.8 18 0.680711
12.8 18.4 0.313665
12.8 18.8 -0.0732175
12.8 19.2 -0.148233
12.8 19.6 0.192551
12.8 20 0.0269637
12.8 20.4 0
12.8 20.8 0
12.8 21.2 0
12.8 21.6 -0.00802158
12.8 22 -0.0621585
12.8 22.4 -0.0947327
12.8 22.8 -0.134824
12.8 23.2 -0.184276
12.8 23.6 -0.200497
12.8 24 -0.171604
12.8 24.4 -0.111048
12.8 24.8 -0.0429832
12.8 25.2 0.0100871
12.8 25.6 0.0344547
12.8 26 0.047197
12.8 26.4 0.00673232
12.8 26.8 0

13.2 0 0
13.2 0.4 -0.0250359
13.2 0.8 -0.180722
13.2 1.2 -0.111415
13.2 1.6 -0.017231
13.2 2 0.0708483
13.2 2.4 0.127877
13.2 2.8 0.140487
13.2 3.2 0.140975
13.2 3.6 -0.0210898
13.2 4 0
13.2 4.4 0
13.2 4.8 0
13.2 5.2 0
13.2 5.6 0
13.2 6 0.0418333
13.2 6.4 0.419694
13.2 6.8 0.268134
13.2 7.2 -0.0207124
13.2 7.6 -0.334102
13.2 8 -0.488484
13.2 8.4 -0.383226
13.2 8.8 -0.0828771
13.2 9.2 0.20904
13.2 9.6 0.29696
13.2 10 0.128853
13.2 10.4 -0.177925
13.2 10.8 -0.407941
13.2 11.2 -0.413709
13.2 11.6 0.00598878
13.2 12 0
13.2 12.4 0
13.2 12.8 0
13.2 13.2 0
13.2 13.6 0
13.2 14 -0.069231
13.2 14.4 0.775075
13.2 14.8 0.752036
13.2 15.2 0.500346
13.2 15.6 0.067529
13.2 16 -0.26209
13.2 16.4 -0.240797
13.2 16.8 0.120688
13.2 17.2 0.555904
13.2 17.6 0.731613
13.2 18 0.487943
13.2 18.4 -0.037622
13.2 18.8 -0.509789
13.2 19.2 -0.624511
13.2 19.6 -0.0578119
13.2 20 0
13.2 20.4 0
13.2 20.8 0
13.2 21.2 0
13.2 21.6 0
13.2 22 -0.0262608
13.2 22.4 -0.136887
13.2 22.8 -0.110347
13.2 23.2 -0.0944069
13.2 23.6 -0.0519134
13.2 24 0.00628567
13.2 24.4 0.0537145
13.2 24.8 0.0650796
13.2 25.2 0.0340018
13.2 25.6 -0.0198708
13.2 26 -0.064214
13.2 26.4 -0.00890813
13.2 26.8 0

13.6 0 0
13.6 0.4 -0.0278946
13.6 0.8 -0.201611
13.6 1.2 -0.138177
13.6 1.6 -0.0549231
13.6 2 0.015027
13.6 2.4 0.0579321
13.6 2.8 0.0728417
13.6 3.2 0.028884
13.6 3.6 0
13.6 4 0
13.6 4.4 0
13.6 4.8 0
13.6 5.2 0
13.6 5.6 0
13.6 6 0
13.6 6.4 0.102308
13.6 6.8 0.331751
13.6 7.2 0.0735832
13.6 7.6 -0.227346
13.6 8 -0.37562
13.6 8.4 -0.266424
13.6 8.8 0.0275705
13.6 9.2 0.298602
13.6 9.6 0.348667
13.6 10 0.123085
13.6 10.4 -0.255377
13.6 10.8 -0.557578
13.6 11.2 -0.132253
13.6 11.6 0
13.6 12 0
13.6 12.4 0
13.6 12.8 0
13.6 13.2 0
13.6 13.6 0
13.6 14 0
13.6 14.4 0.181039
13.6 14.8 0.563241
13.6 15.2 0.272246
13.6 15.6 -0.105874
13.6 16 -0.307769
13.6 16.4 -0.179561
13.6 16.8 0.205791
13.6 17.2 0.563117
13.6 17.6 0.591046
13.6 18 0.208869
13.6 18.4 -0.411862
13.6 18.8 -0.91317
13.6 19.2 -0.20809
13.6 19.6 0
13.6 20 0
13.6 20.4 0
13.6 20.8 0
13.6 21.2 0
13.6 21.6 0
13.6 22 0
13.6 22.4 -0.0236191
13.6 22.8 -0.0382607
13.6 23.2 0.0157193
13.6 23.6 0.0929369
13.6 24 0.164902
13.6 24.4 0.197065
13.6 24.8 0.153839
13.6 25.2 0.0516973
13.6 25.6 -0.0685335
13.6 26 -0.161303
13.6 26.4 -0.0224432
13.6 26.8 0

14 0 0
14 0.4 -0.015201
14 0.8 -0.111718
14 1.2 -0.0784407
14 1.6 -0.0362824
14 2 -0.0160454
14 2.4 -0.0185684
14 2.8 -0.0353755
14 3.2 -0.00494781
14 3.6 0
14 4 0
14 4.4 0
14 4.8 0
14 5.2 0
14 5.6 0
14 6 0
14 6.4 0.0439059
14 6.8 0.322215
14 7.2 0.121242
14 7.6 -0.114192
14 8 -0.218852
14 8.4 -0.108136
14 8.8 0.151332
14 9.2 0.376675
14 9.6 0.392523
14 10 0.146004
14 10.4 -0.241571
14 10.8 -0.548735
14 11.2 -0.0747057
14 11.6 0
14 12 0
14 12.4 0
14 12.8 0
14 13.2 0
14 13.6 0
14 14 0
14 14.4 0.0225003
14 14.8 0.162854
14 15.2 -0.0712363
14 15.6 -0.337315
14 16 -0.408576
14 16.4 -0.189159
14 16.8 0.201191
14 17.2 0.48645
14 17.6 0.429465
14 18 0.00810238
14 18.4 -0.565977
14 18.8 -1.0011
14 19.2 -0.135126
14 19.6 0
14 20 0
14 20.4 0
14 20.8 0
14 21.2 0
14 21.6 0
14 22 0
14 22.4 -0.00254816
14 22.8 -0.0176628
14 23.2 0.05836
14 23.6 0.160193
14 24 0.241664
14 24.4 0.262223
14 24.8 0.197777
14 25.2 0.0679488
14 25.6 -0.0740835
14 26 -0.179944
14 26.4 -0.0249238
14 26.8 0

14.4 0 0
14.4 0.4 0.00812171
14.4 0.8 0.0594239
14.4 1.2 0.0592792
14.4 1.6 0.0476149
14.4 2 0.00802783
14.4 2.4 -0.0500675
14.4 2.8 -0.110209
14.4 3.2 -0.0477868
14.4 3.6 0
14.4 4 0
14.4 4.4 0
14.4 4.8 0
14.4 5.2 0
14.4 5.6 0
14.4 6 0
14.4 6.4 0.0104045
14.4 6.8 0.204706
14.4 7.2 0.099306
14.4 7.6 -0.0452137
14.4 8 -0.107641
14.4 8.4 -0.0131693
14.4 8.8 0.193845
14.4 9.2 0.372519
14.4 9.6 0.377449
14.4 10 0.171275
14.4 10.4 -0.143683
14.4 10.8 -0.392923
14.4 11.2 -0.0647837
14.4 11.6 0
14.4 12 0
14.4 12.4 0
14.4 12.8 0
14.4 13.2 0
14.4 13.6 0
14.4 14 0
14.4 14.4 -0.0224641
14.4 14.8 -0.141699
14.4 15.2 -0.315968
14.4 15.6 -0.473792
14.4 16 -0.444639
14.4 16.4 -0.184585
14.4 16.8 0.164947
14.4 17.2 0.381874
14.4 17.6 0.308761
14.4 18 -0.024226
14.4 18.4 -0.408555
14.4 18.8 -0.618396
14.4 19.2 0.0261016
14.4 19.6 0
14.4 20 0
14.4 20.4 0
14.4 20.8 0
14.4 21.2 0
14.4 21.6 0
14.4 22 0
14.4 22.4 -0.0519777
14.4 22.8 -0.0761346
14.4 23.2 0.0164848
14.4 23.6 0.130034
14.4 24 0.211974
14.4 24.4 0.233933
14.4 24.8 0.18698
14.4 25.2 0.079949
14.4 25.6 -0.0340607
14.4 26 -0.114876
14.4 26.4 -0.0158021
14.4 26.8 0

14.8 0 0
14.8 0.4 0.0280615
14.8 0.8 0.20471
14.8 1.2 0.182789
14.8 1.6 0.141208
14.8 2 0.071273
14.8 2.4 -0.023419
14.8 2.8 -0.130758
14.8 3.2 -0.241379
14.8 3.6 -0.0327738
14.8 4 0
14.8 4.4 0
14.8 4.8 0
14.8 5.2 0
14.8 5.6 0
14.8 6 -0.0172585
14.8 6.4 -0.129395
14.8 6.8 0.0243814
14.8 7.2 0.036974
14.8 7.6 -0.0304422
14.8 8 -0.071827
14.8 8.4 -0.0255503
14.8 8.8 0.103771
14.8 9.2 0.230865
14.8 9.6 0.253324
14.8 10 0.146556
14.8 10.4 -0.0285713
14.8 10.8 -0.14482
14.8 11.2 -0.0846003
14.8 11.6 -0.0110679
14.8 12 0
14.8 12.4 0
14.8 12.8 0
14.8 13.2 0
14.8 13.6 0
14.8 14 -0.00408347
14.8 14.4 -0.0344971
14.8 14.8 -0.152996
14.8 15.2 -0.313435
14.8 15.6 -0.412613
14.8 16 -0.345023
14.8 16.4 -0.120449
14.8 16.8 0.141903
14.8 17.2 0.275823
14.8 17.6 0.203842
14.8 18 0.0114492
14.8 18.4 -0.0928682
14.8 18.8 0.110355
14.8 19.2 0.795812
14.8 19.6 0.108789
14.8 20 0
14.8 20.4 0
14.8 20.8 0
14.8 21.2 0
14.8 21.6 0
14.8 22 -0.0413819
14.8 22.4 -0.305804
14.8 22.8 -0.164747
14.8 23.2 -0.05403
14.8 23.6 0.0406395
14.8 24 0.10268
14.8 24.4 0.130531
14.8 24.8 0.117137
14.8 25.2 0.0710678
14.8 25.6 0.017395
14.8 26 -0.0178126
14.8 26.4 -0.00241813
14.8 26.8 0

15.2 0 0
15.2 0.4 0.0294342
15.2 0.8 0.211882
15.2 1.2 0.19295
15.2 1.6 0.168647
15.2 2 0.117482
15.2 2.4 0.0411498
15.2 2.8 -0.0472812
15.2 3.2 -0.121381
15.2 3.6 -0.0164222
15.2 4 0
15.2 4.4 0
15.2 4.8 0
15.2 5.2 0
15.2 5.6 0
15.2 6 -0.00935773
15.2 6.4 -0.0699617
15.2 6.8 0.00651687
15.2 7.2 0.0289587
15.2 7.6 -0.0167994
15.2 8 -0.0905848
15.2 8.4 -0.125713
15.2 8.8 -0.09434
15.2 9.2 -0.0266536
15.2 9.6 0.0258053
15.2 10 0.0500052
15.2 10.4 0.0451742
15.2 10.8 0.0556084
15.2 11.2 0.104764
15.2 11.6 0.0143891
15.2 12 0
15.2 12.4 0
15.2 12.8 0
15.2 13.2 0
15.2 13.6 0
15.2 14 0.0107164
15.2 14.4 0.0785834
15.2 14.8 -0.0174972
15.2 15.2 -0.140116
15.2 15.6 -0.199411
15.2 16 -0.142578
15.2 16.4 -0.0083657
15.2 16.8 0.115454
15.2 17.2 0.130249
15.2 17.6 0.0351188
15.2 18 -0.060389
15.2 18.4 -0.00580996
15.2 18.8 0.282745
15.2 19.2 0.687679
15.2 19.6 0.0933339
15.2 20 0
15.2 20.4 0
15.2 20.8 0
15.2 21.2 0
15.2 21.6 0
15.2 22 -0.022349
15.2 22.4 -0.167184
15.2 22.8 -0.11428
15.2 23.2 -0.0667973
15.2 23.6 -0.0401627
15.2 24 -0.0251969
15.2 24.4 -0.0107113
15.2 24.8 0.001132
15.2 25.2 0.0169323
15.2 25.6 0.0300631
15.2 26 0.0434901
15.2 26.4 0.00622113
15.2 26.8 0

15.6 0 0
15.6 0.4 0.00665362
15.6 0.8 0.0492781
15.6 1.2 0.0676397
15.6 1.6 0.0877223
15.6 2 0.0955401
15.6 2.4 0.0781725
15.6 2.8 0.0397422
15.6 3.2 0.00734576
15.6 3.6 0.00104846
15.6 4 0
15.6 4.4 0
15.6 4.8 0
15.6 5.2 0
15.6 5.6 0
15.6 6 0.00520323
15.6 6.4 0.0387239
15.6 6.8 0.0752472
15.6 7.2 0.0751668
15.6 7.6 0.00881903
15.6 8 -0.113302
15.6 8.4 -0.235719
15.6 8.8 -0.309444
15.6 9.2 -0.295849
15.6 9.6 -0.210813
15.6 10 -0.0806339
15.6 10.4 0.0616234
15.6 10.8 0.189051
15.6 11.2 0.286052
15.6 11.6 0.0391492
15.6 12 0
15.6 12.4 0
15.6 12.8 0
15.6 13.2 0
15.6 13.6 0
15.6 14 0.0253759
15.6 14.4 0.189728
15.6 14.8 0.129981
15.6 15.2 0.0688131
15.6 15.6 0.0438088
15.6 16 0.0630273
15.6 16.4 0.0888524
15.6 16.8 0.0610578
15.6 17.2 -0.0472171
15.6 17.6 -0.189853
15.6 18 -0.252537
15.6 18.4 -0.147552
15.6 18.8 0.114718
15.6 19.2 0.381077
15.6 19.6 0.0509024
15.6 20 0
15.6 20.4 0
15.6 20.8 0
15.6 21.2 0
15.6 21.6 0
15.6 22 0.00550395
15.6 22.4 0.0386331
15.6 22.8 0.0176979
15.6 23.2 -0.0230853
15.6 23.6 -0.0812236
15.6 24 -0.124018
15.6 24.4 -0.14132
15.6 24.8 -0.123087
15.6 25.2 -0.0697257
15.6 25.6 -0.0111166
15.6 26 0.0274789
15.6 26.4 0.00372215
15.6 26.8 0

16 0 0
16 0.4 -0.0255161
16 0.8 -0.185221
16 1.2 -0.128543
16 1.6 -0.0582049
16 2 0.00810336
16 2.4 0.0488569
16 2.8 0.0597809
16 3.2 0.057854
16 3.6 0.00399751
16 4 0
16 4.4 0
16 4.8 0
16 5.2 0
16 5.6 0
16 6 0.00851583
16 6.4 0.0951943
16 6.8 0.117639
16 7.2 0.115363
16 7.6 0.044856
16 8 -0.0996964
16 8.4 -0.269819
16 8.8 -0.40628
16 9.2 -0.44803
16 9.6 -0.37033
16 10 -0.191507
16 10.4 0.024494
16 10.8 0.207932
16 11.2 0.308676
16 11.6 0.0327288
16 12 0
16 12.4 0
16 12.8 0
16 13.2 0
16 13.6 0
16 14 0.0169172
16 14.4 0.177265
16 14.8 0.169353
16 15.2 0.166779
16 15.6 0.178352
16 16 0.180111
16 16.4 0.12947
16 16.8 -0.00946402
16 17.2 -0.199078
16 17.6 -0.375222
16 18 -0.434752
16 18.4 -0.336219
16 18.8 -0.132924
16 19.2 0.0232684
16 19.6 -0.0397185
16 20 0
16 20.4 0
16 20.8 0
16 21.2 0
16 21.6 0
16 22 0.0790711
16 22.4 0.209475
16 22.8 0.134815
16 23.2 0.0252358
16 23.6 -0.0923362
16 24 -0.185477
16 24.4 -0.229869
16 24.8 -0.214366
16 25.2 -0.155819
16 25.6 -0.0846783
16 26 -0.0379894
16 26.4 -0.00506774
16 26.8 0

16.4 0 0
16.4 0.4 -0.0450167
16.4 0.8 -0.326093
16.4 1.2 -0.253923
16.4 1.6 -0.167563
16.4 2 -0.080877
16.4 2.4 -0.0182421
16.4 2.8 0.00943666
16.4 3.2 0.00573684
16.4 3.6 -0.0298641
16.4 4 -0.026138
16.4 4.4 0
16.4 4.8 0
16.4 5.2 0
16.4 5.6 -0.0260445
16.4 6 -0.0278744
16.4 6.4 0.0220566
16.4 6.8 0.0609652
16.4 7.2 0.0868433
16.4 7.6 0.0657685
16.4 8 -0.0268963
16.4 8.4 -0.174712
16.4 8.8 -0.323616
16.4 9.2 -0.402757
16.4 9.6 -0.362105
16.4 10 -0.209431
16.4 10.4 -0.0199283
16.4 10.8 0.113763
16.4 11.2 0.109296
16.4 11.6 -0.0709537
16.4 12 -0.100583
16.4 12.4 0
16.4 12.8 0
16.4 13.2 0
16.4 13.6 0.00554208
16.4 14 -0.0473301
16.4 14.4 0.0222498
16.4 14.8 0.0653942
16.4 15.2 0.114164
16.4 15.6 0.171479
16.4 16 0.179479
16.4 16.4 0.111825
16.4 16.8 -0.0530679
16.4 17.2 -0.246307
16.4 17.6 -0.399868
16.4 18 -0.427769
16.4 18.4 -0.34228
16.4 18.8 -0.21622
16.4 19.2 -0.173679
16.4 19.6 -0.305892
16.4 20 -0.0529371
16.4 20.4 0
16.4 20.8 0
16.4 21.2 0
16.4 21.6 0.0680145
16.4 22 0.374228
16.4 22.4 0.273404
16.4 22.8 0.169552
16.4 23.2 0.0356669
16.4 23.6 -0.0961283
16.4 24 -0.195505
16.4 24.4 -0.242481
16.4 24.8 -0.229892
16.4 25.2 -0.179242
16.4 25.6 -0.121326
16.4 26 -0.0875598
16.4 26.4 -0.0122524
16.4 26.8 0

16.8 0 0
16.8 0.4 -0.0348237
16.8 0.8 -0.254444
16.8 1.2 -0.210038
16.8 1.6 -0.152767
16.8 2 -0.101274
16.8 2.4 -0.0691386
16.8 2.8 -0.0610932
16.8 3.2 -0.0746639
16.8 3.6 -0.1079
16.8 4 -0.16308
16.8 4.4 -0.0236604
16.8 4.8 0.00916898
16.8 5.2 -0.016954
16.8 5.6 -0.161722
16.8 6 -0.134871
16.8 6.4 -0.123154
16.8 6.8 -0.084813
16.8 7.2 -0.0118694
16.8 7.6 0.0610132
16.8 8 0.0826508
16.8 8.4 0.0295889
16.8 8.8 -0.0748036
16.8 9.2 -0.16475
16.8 9.6 -0.184783
16.8 10 -0.122089
16.8 10.4 -0.0267067
16.8 10.8 0.0109658
16.8 11.2 -0.0822427
16.8 11.6 -0.326361
16.8 12 -0.668942
16.8 12.4 -0.128788
16.8 12.8 0.000917775
16.8 13.2 0.0374846
16.8 13.6 0.0819508
16.8 14 -0.0377705
16.8 14.4 -0.09226
16.8 14.8 -0.0908098
16.8 15.2 -0.0245975
16.8 15.6 0.0722234
16.8 16 0.122103
16.8 16.4 0.0855383
16.8 16.8 -0.0322723
16.8 17.2 -0.157661
16.8 17.6 -0.223141
16.8 18 -0.18488
16.8 18.4 -0.0942351
16.8 18.8 -0.0183667
16.8 19.2 -0.0293917
16.8 19.6 -0.108699
16.8 20 -0.0861116
16.8 20.4 -0.0129774
16.8 20.8 -0.00334538
16.8 21.2 0.0144294
16.8 21.6 0.127027
16.8 22 0.198072
16.8 22.4 0.169819
16.8 22.8 0.0938791
16.8 23.2 -0.0078817
16.8 23.6 -0.102785
16.8 24 -0.160609
16.8 24.4 -0.180332
16.8 24.8 -0.160572
16.8 25.2 -0.118459
16.8 25.6 -0.0816874
16.8 26 -0.063394
16.8 26.4 -0.00886165
16.8 26.8 0

17.2 0 0
17.2 0.4 0.000378842
17.2 0.8 0.003139
17.2 1.2 -0.00262423
17.2 1.6 -0.0147725
17.2 2 -0.0359277
17.2 2.4 -0.061025
17.2 2.8 -0.0942318
17.2 3.2 -0.12822
17.2 3.6 -0.143893
17.2 4 -0.118112
17.2 4.4 -0.00770569
17.2 4.8 0.067455
17.2 5.2 0.0374271
17.2 5.6 -0.08929
17.2 6 -0.187618
17.2 6.4 -0.253127
17.2 6.8 -0.244647
17.2 7.2 -0.136019
17.2 7.6 0.0322877
17.2 8 0.187953
17.2 8.4 0.263072
17.2 8.8 0.238071
17.2 9.2 0.149766
17.2 9.6 0.0664191
17.2 10 0.0281776
17.2 10.4 0.0226546
17.2 10.8 -0.0211701
17.2 11.2 -0.149706
17.2 11.6 -0.339924
17.2 12 -0.46316
17.2 12.4 -0.273278
17.2 12.8 0.00752424
17.2 13.2 0.184459
17.2 13.6 0.126639
17.2 14 -0.0420342
17.2 14.4 -0.180815
17.2 14.8 -0.220887
17.2 15.2 -0.144843
17.2 15.6 -0.0194995
17.2 16 0.0678909
17.2 16.4 0.077955
17.2 16.8 0.0322427
17.2 17.2 0.0120968
17.2 17.6 0.0609041
17.2 18 0.186712
17.2 18.4 0.303835
17.2 18.8 0.330351
17.2 19.2 0.237793
17.2 19.6 0.0895289
17.2 20 0.00212724
17.2 20.4 -0.0160511
17.2 20.8 -0.0237362
17.2 21.2 -0.0185009
17.2 21.6 0.0257783
17.2 22 0.0490149
17.2 22.4 0.0317103
17.2 22.8 -0.0164512
17.2 23.2 -0.0705947
17.2 23.6 -0.0999268
17.2 24 -0.0973169
17.2 24.4 -0.0659502
17.2 24.8 -0.0209955
17.2 25.2 0.00571215
17.2 25.6 0.0215268
17.2 26 0.0225042
17.2 26.4 0.00297485
17.2 26.8 0

17.6 0 0
17.6 0.4 0.0385106
17.6 0.8 0.279594
17.6 1.2 0.222649
17.6 1.6 0.148228
17.6 2 0.0669678
17.6 2.4 -0.0118201
17.6 2.8 -0.085807
17.6 3.2 -0.142002
17.6 3.6 -0.15872
17.6 4 -0.11221
17.6 4.4 0.00497209
17.6 4.8 0.0892936
17.6 5.2 0.0827241
17.6 5.6 -0.016272
17.6 6 -0.167833
17.6 6.4 -0.295526
17.6 6.8 -0.337589
17.6 7.2 -0.235424
17.6 7.6 -0.0153341
17.6 8 0.241676
17.6 8.4 0.418141
17.6 8.8 0.461976
17.6 9.2 0.379138
17.6 9.6 0.250724
17.6 10 0.140968
17.6 10.4 0.0705961
17.6 10.8 0.00380342
17.6 11.2 -0.103274
17.6 11.6 -0.231318
17.6 12 -0.284809
17.6 12.4 -0.147123
17.6 12.8 0.0931034
17.6 13.2 0.243644
17.6 13.6 0.174122
17.6 14 -0.0384713
17.6 14.4 -0.221131
17.6 14.8 -0.275678
17.6 15.2 -0.178706
17.6 15.6 -0.033759
17.6 16 0.0752262
17.6 16.4 0.0996211
17.6 16.8 0.0857526
17.6 17.2 0.133659
17.6 17.6 0.270803
17.6 18 0.470184
17.6 18.4 0.61101
17.6 18.8 0.596568
17.6 19.2 0.416608
17.6 19.6 0.175609
17.6 20 0.00104759
17.6 20.4 -0.0526253
17.6 20.8 -0.0588336
17.6 21.2 -0.0547307
17.6 21.6 -0.0386605
17.6 22 -0.0382052
17.6 22.4 -0.0654707
17.6 22.8 -0.10411
17.6 23.2 -0.122069
17.6 23.6 -0.0910443
17.6 24 -0.0236937
17.6 24.4 0.0549606
17.6 24.8 0.116617
17.6 25.2 0.130128
17.6 25.6 0.11313
17.6 26 0.0935336
17.6 26.4 0.0130346
17.6 26.8 0

18 0 0
18 0.4 0.0524173
18 0.8 0.379224
18 1.2 0.303466
18 1.6 0.214786
18 2 0.120061
18 2.4 0.0316155
18 2.8 -0.0506896
18 3.2 -0.121483
18 3.6 -0.158037
18 4 -0.136383
18 4.4 0.00785326
18 4.8 0.122574
18 5.2 0.147884
18 5.6 0.101502
18 6 -0.0433118
18 6.4 -0.218943
18 6.8 -0.324212
18 7.2 -0.272033
18 7.6 -0.0639869
18 8 0.213994
18 8.4 0.428199
18 8.8 0.496595
18 9.2 0.406806
18 9.6 0.251613
18 10 0.119454
18 10.4 0.05478
18 10.8 0.0341055
18 11.2 0.0012264
18 11.6 -0.0592703
18 12 -0.110237
18 12.4 -0.0302383
18 12.8 0.183314
18 13.2 0.31316
18 13.6 0.198289
18 14 -0.058805
18 14.4 -0.244276
18 14.8 -0.248491
18 15.2 -0.109241
18 15.6 0.0623937
18 16 0.151479
18 16.4 0.123273
18 16.8 0.0614651
18 17.2 0.0911861
18 17.6 0.254179
18 18 0.491626
18 18.4 0.659025
18 18.8 0.621778
18 19.2 0.39463
18 19.6 0.0942485
18 20 -0.111216
18 20.4 -0.119023
18 20.8 -0.103898
18 21.2 -0.0839662
18 21.6 -0.0532318
18 22 -0.053706
18 22.4 -0.0876427
18 22.8 -0.127826
18 23.2 -0.132195
18 23.6 -0.0765656
18 24 0.0306652
18 24.4 0.132865
18 24.8 0.193366
18 25.2 0.177073
18 25.6 0.115492
18 26 0.0633286
18 26.4 0.00875433
18 26.8 0

18.4 0 0
18.4 0.4 0.0298988
18.4 0.8 0.215728
18.4 1.2 0.169411
18.4 1.6 0.1188
18.4 2 0.0734794
18.4 2.4 0.0336896
18.4 2.8 -0.0112815
18.4 3.2 -0.0716206
18.4 3.6 -0.148413
18.4 4 -0.219726
18.4 4.4 -0.0290734
18.4 4.8 0.0167084
18.4 5.2 0.0538713
18.4 5.6 0.24266
18.4 6 0.141936
18.4 6.4 -0.0486199
18.4 6.8 -0.215313
18.4 7.2 -0.249783
18.4 7.6 -0.117302
18.4 8 0.103851
18.4 8.4 0.289091
18.4 8.8 0.33071
18.4 9.2 0.221945
18.4 9.6 0.0496701
18.4 10 -0.06036
18.4 10.4 -0.0621519
18.4 10.8 0.0226707
18.4 11.2 0.105456
18.4 11.6 0.12453
18.4 12 0.014721
18.4 12.4 -0.00223669
18.4 12.8 0.0247181
18.4 13.2 0.0623797
18.4 13.6 0.141866
18.4 14 -0.173313
18.4 14.4 -0.291461
18.4 14.8 -0.198647
18.4 15.2 0.0328761
18.4 15.6 0.230897
18.4 16 0.262245
18.4 16.4 0.113097
18.4 16.8 -0.0777274
18.4 17.2 -0.146343
18.4 17.6 -0.0144458
18.4 18 0.229822
18.4 18.4 0.422525
18.4 18.8 0.412529
18.4 19.2 0.197406
18.4 19.6 -0.092008
18.4 20 -0.296694
18.4 20.4 -0.0565199
18.4 20.8 -0.0142755
18.4 21.2 -0.014459
18.4 21.6 -0.0197423
18.4 22 -0.00151823
18.4 22.4 -0.0400066
18.4 22.8 -0.0936693
18.4 23.2 -0.107859
18.4 23.6 -0.0578755
18.4 24 0.0491282
18.4 24.4 0.150248
18.4 24.8 0.180981
18.4 25.2 0.117213
18.4 25.6 0.000194069
18.4 26 -0.0965003
18.4 26.4 -0.0132567
18.4 26.8 0

18.8 0 0
18.8 0.4 -0.0161733
18.8 0.8 -0.11735
18.8 1.2 -0.103394
18.8 1.6 -0.0788436
18.8 2 -0.0408202
18.8 2.4 0.00323871
18.8 2.8 0.0261863
18.8 3.2 0.00486641
18.8 3.6 -0.0831682
18.8 4 -0.0409634
18.8 4.4 0
18.8 4.8 0
18.8 5.2 0
18.8 5.6 0.0728719
18.8 6 0.288442
18.8 6.4 0.114269
18.8 6.8 -0.0880732
18.8 7.2 -0.204945
18.8 7.6 -0.172407
18.8 8 -0.0358811
18.8 8.4 0.0824218
18.8 8.8 0.0697989
18.8 9.2 -0.0719997
18.8 9.6 -0.250094
18.8 10 -0.325819
18.8 10.4 -0.238373
18.8 10.8 -0.0364807
18.8 11.2 0.169198
18.8 11.6 0.321682
18.8 12 0.0460084
18.8 12.4 0
18.8 12.8 0
18.8 13.2 0
18.8 13.6 -0.0424843
18.8 14 -0.4546
18.8 14.4 -0.399001
18.8 14.8 -0.158875
18.8 15.2 0.175318
18.8 15.6 0.402861
18.8 16 0.365771
18.8 16.4 0.0795977
18.8 16.8 -0.27385
18.8 17.2 -0.474409
18.8 17.6 -0.412989
18.8 18 -0.170569
18.8 18.4 0.0585689
18.8 18.8 0.115476
18.8 19.2 -0.0146366
18.8 19.6 -0.209502
18.8 20 -0.0693194
18.8 20.4 0
18.8 20.8 0
18.8 21.2 0
18.8 21.6 0.00838514
18.8 22 0.0782652
18.8 22.4 0.0319747
18.8 22.8 -0.0344108
18.8 23.2 -0.0745795
18.8 23.6 -0.0423424
18.8 24 0.0456206
18.8 24.4 0.123199
18.8 24.8 0.118129
18.8 25.2 0.00187586
18.8 25.6 -0.177663
18.8 26 -0.329593
18.8 26.4 -0.0456744
18.8 26.8 0

19.2 0 0
19.2 0.4 -0.0549931
19.2 0.8 -0.399507
19.2 1.2 -0.338013
19.2 1.6 -0.252567
19.2 2 -0.14191
19.2 2.4 -0.0260006
19.2 2.8 0.0648967
19.2 3.2 0.107939
19.2 3.6 0.00362818
19.2 4 0
19.2 4.4 0
19.2 4.8 0
19.2 5.2 0
19.2 5.6 0
19.2 6 0.0622718
19.2 6.4 0.168782
19.2 6.8 -0.0197249
19.2 7.2 -0.184951
19.2 7.6 -0.216329
19.2 8 -0.139954
19.2 8.4 -0.0755846
19.2 8.8 -0.129229
19.2 9.2 -0.307923
19.2 9.6 -0.495865
19.2 10 -0.546611
19.2 10.4 -0.397539
19.2 10.8 -0.119708
19.2 11.2 0.115199
19.2 11.6 0.0598794
19.2 12 0
19.2 12.4 0
19.2 12.8 0
19.2 13.2 0
19.2 13.6 0
19.2 14 -0.125315
19.2 14.4 -0.460268
19.2 14.8 -0.137771
19.2 15.2 0.280632
19.2 15.6 0.534759
19.2 16 0.450712
19.2 16.4 0.0547575
19.2 16.8 -0.4343
19.2 17.2 -0.742528
19.2 17.6 -0.734743
19.2 18 -0.48517
19.2 18.4 -0.206925
19.2 18.8 -0.0784719
19.2 19.2 -0.101782
19.2 19.6 -0.043173
19.2 20 0
19.2 20.4 0
19.2 20.8 0
19.2 21.2 0
19.2 21.6 0
19.2 22 0.0210353
19.2 22.4 0.0742315
19.2 22.8 0.00514792
19.2 23.2 -0.0535404
19.2 23.6 -0.0376595
19.2 24 0.0358111
19.2 24.4 0.0968765
19.2 24.8 0.0623594
19.2 25.2 -0.0979733
19.2 25.6 -0.329054
19.2 26 -0.519763
19.2 26.4 -0.0717003
19.2 26.8 0

19.6 0 0
19.6 0.4 0
19.6 0.8 -0.0549931
19.6 1.2 -0.0465703
19.6 1.6 -0.0349105
19.6 2 -0.0195404
19.6 2.4 -0.00363458
19.6 2.8 0.00910747
19.6 3.2 0.0149945
19.6 3.6 0
19.6 4 0
19.6 4.4 0
19.6 4.8 0
19.6 5.2 0
19.6 5.6 0
19.6 6 0
19.6 6.4 0.0232661
19.6 6.8 -0.00283282
19.6 7.2 -0.0256645
19.6 7.6 -0.0298307
19.6 8 -0.0193024
19.6 8.4 -0.0106571
19.6 8.8 -0.0177902
19.6 9.2 -0.0425573
19.6 9.6 -0.0684146
19.6 10 -0.0753735
19.6 10.4 -0.0549625
19.6 10.8 -0.0164037
19.6 11.2 0.0159839
19.6 11.6 0
19.6 12 0
19.6 12.4 0
19.6 12.8 0
19.6 13.2 0
19.6 13.6 0
19.6 14 0
19.6 14.4 -0.06361
19.6 14.8 -0.0192372
19.6 15.2 0.0388821
19.6 15.6 0.0737667
19.6 16 0.0622751
19.6 16.4 0.0080059
19.6 16.8 -0.0595501
19.6 17.2 -0.101979
19.6 17.6 -0.101116
19.6 18 -0.0667773
19.6 18.4 -0.0281079
19.6 18.8 -0.0107016
19.6 19.2 -0.0141339
19.6 19.6 0
19.6 20 0
19.6 20.4 0
19.6 20.8 0
19.6 21.2 0
19.6 21.6 0
19.6 22 0
19.6 22.4 0.0102126
19.6 22.8 0.000657456
19.6 23.2 -0.00763205
19.6 23.6 -0.00524596
19.6 24 0.00477503
19.6 24.4 0.0133793
19.6 24.8 0.00854436
19.6 25.2 -0.0135818
19.6 25.6 -0.0454669
19.6 26 -0.0717003
19.6 26.4 0
19.6 26.8 0

20 0 0
20 0.4 0
20 0.8 0
20 1.2 0
20 1.6 0
20 2 0
20 2.4 0
20 2.8 0
20 3.2 0
20 3.6 0
20 4 0
20 4.4 0
20 4.8 0
20 5.2 0
20 5.6 0
20 6 0
20 6.4 0
20 6.8 0
20 7.2 0
20 7.6 0
20 8 0
20 8.4 0
20 8.8 0
20 9.2 0
20 9.6 0
20 10 0
20 10.4 0
20 10.8 0
20 11.2 0
20 11.6 0
20 12 0
20 12.4 0
20 12.8 0
20 13.2 0
20 13.6 0
20 14 0
20 14.4 0
20 14.8 0
20 15.2 0
20 15.6 0
20 16 0
20 16.4 0
20 16.8 0
20 17.2 0
20 17.6 0
20 18 0
20 18.4 0
20 18.8 0
20 19.2 0
20 19.6 0
20 20 0
20 20.4 0
20 20.8 0
20 21.2 0
20 21.6 0
20 22 0
20 22.4 0
20 22.8 0
20 23.2 0
20 23.6 0
20 24 0
20 24.4 0
20 24.8 0
20 25.2 0
20 25.6 0
20 26 0
20 26.4 0
20 26.8 0

