0 0 0
0 0.4 0
0 0.8 0
0 1.2 0
0 1.6 0
0 2 0
0 2.4 0
0 2.8 0
0 3.2 0
0 3.6 0
0 4 0
0 4.4 0
0 4.8 0
0 5.2 0
0 5.6 0
0 6 0
0 6.4 0
0 6.8 0
0 7.2 0
0 7.6 0
0 8 0
0 8.4 0
0 8.8 0
0 9.2 0
0 9.6 0
0 10 0
0 10.4 0
0 10.8 0
0 11.2 0
0 11.6 0
0 12 0
0 12.4 0
0 12.8 0
0 13.2 0
0 13.6 0
0 14 0
0 14.4 0
0 14.8 0
0 15.2 0
0 15.6 0
0 16 0
0 16.4 0
0 16.8 0
0 17.2 0
0 17.6 0
0 18 0
0 18.4 0
0 18.8 0
0 19.2 0
0 19.6 0
0 20 0
0 20.4 0
0 20.8 0
0 21.2 0
0 21.6 0
0 22 0
0 22.4 0
0 22.8 0
0 23.2 0
0 23.6 0
0 24 0
0 24.4 0
0 24.8 0
0 25.2 0
0 25.6 0
0 26 0
0 26.4 0
0 26.8 0

0.4 0 0
0.4 0.4 0
0.4 0.8 -0.00232683
0.4 1.2 -0.00111902
0.4 1.6 0.00147709
0.4 2 0.00497128
0.4 2.4 0.00792667
0.4 2.8 0.00849442
0.4 3.2 0.00567653
0.4 3.6 0.000345883
0.4 4 -0.00496851
0.4 4.4 -0.00760879
0.4 4.8 -0.00653033
0.4 5.2 -0.00281321
0.4 5.6 0.00125977
0.4 6 0.003841
0.4 6.4 0.00454256
0.4 6.8 0.00393134
0.4 7.2 0.00247893
0.4 7.6 1.74122e-05
0.4 8 -0.00385929
0.4 8.4 -0.00889445
0.4 8.8 -0.0137003
0.4 9.2 -0.016326
0.4 9.6 -0.0155722
0.4 10 -0.0120401
0.4 10.4 -0.00799043
0.4 10.8 -0.00596455
0.4 11.2 -0.00711421
0.4 11.6 -0.0104875
0.4 12 -0.01384
0.4 12.4 -0.0153698
0.4 12.8 -0.0149841
0.4 13.2 -0.0138384
0.4 13.6 -0.01287
0.4 14 -0.0116349
0.4 14.4 -0.0085332
0.4 14.8 -0.00277386
0.4 15.2 0.00415035
0.4 15.6 0.00899828
0.4 16 0.00901656
0.4 16.4 0.0041024
0.4 16.8 -0.0028985
0.4 17.2 -0.00809832
0.4 17.6 -0.00924151
0.4 18 -0.00704998
0.4 18.4 -0.00418045
0.4 18.8 -0.00268192
0.4 19.2 -0.00212828
0.4 19.6 -0.000126343
0.4 20 0.00505407
0.4 20.4 0.0119352
0.4 20.8 0.0159854
0.4 21.2 0.0132875
0.4 21.6 0.0040636
0.4 22 -0.00693749
0.4 22.4 -0.0135747
0.4 22.8 -0.0123995
0.4 23.2 -0.00467582
0.4 23.6 0.0048238
0.4 24 0.0110573
0.4 24.4 0.0115786
0.4 24.8 0.00725988
0.4 25.2 0.000902018
0.4 25.6 -0.00477882
0.4 26 -0.0082529
0.4 26.4 0
0.4 26.8 0

0.8 0 0
0.8 0.4 -0.00232683
0.8 0.8 -0.0207733
0.8 1.2 -0.00951693
0.8 1.6 0.0131138
0.8 2 0.0419924
0.8 2.4 0.0650134
0.8 2.8 0.0677526
0.8 3.2 0.0433192
0.8 3.6 -0.0001787
0.8 4 -0.0420152
0.8 4.4 -0.0612839
0.8 4.8 -0.0505417
0.8 5.2 -0.0193946
0.8 5.6 0.0133788
0.8 6 0.0330525
0.8 6.4 0.0368457
0.8 6.8 0.0297774
0.8 7.2 0.0162603
0.8 7.6 -0.00438548
0.8 8 -0.0350164
0.8 8.4 -0.0737273
0.8 8.8 -0.110109
0.8 9.2 -0.129451
0.8 9.6 -0.122758
0.8 10 -0.0948175
0.8 10.4 -0.0631577
0.8 10.8 -0.047448
0.8 11.2 -0.0566066
0.8 11.6 -0.083241
0.8 12 -0.109856
0.8 12.4 -0.122242
0.8 12.8 -0.119328
0.8 13.2 -0.109774
0.8 13.6 -0.100788
0.8 14 -0.0891993
0.8 14.4 -0.063115
0.8 14.8 -0.0169759
0.8 15.2 0.0372928
0.8 15.6 0.0746278
0.8 16 0.0741163
0.8 16.4 0.0354645
0.8 16.8 -0.0190598
0.8 17.2 -0.0595838
0.8 17.6 -0.0691868
0.8 18 -0.0538725
0.8 18.4 -0.0340431
0.8 18.8 -0.0246945
0.8 19.2 -0.0213347
0.8 19.6 -0.00461989
0.8 20 0.0386736
0.8 20.4 0.0958218
0.8 20.8 0.129839
0.8 21.2 0.108896
0.8 21.6 0.0345618
0.8 22 -0.0550551
0.8 22.4 -0.110339
0.8 22.8 -0.102876
0.8 23.2 -0.0419211
0.8 23.6 0.0347524
0.8 24 0.0864763
0.8 24.4 0.0927418
0.8 24.8 0.0595154
0.8 25.2 0.00873256
0.8 25.6 -0.0375466
0.8 26 -0.0662221
0.8 26.4 -0.0082529
0.8 26.8 0

1.2 0 0
1.2 0.4 -0.00162415
1.2 0.8 -0.014417
1.2 1.2 -0.00964547
1.2 1.6 0.00254579
1.2 2 0.0213717
1.2 2.4 0.0392154
1.2 2.8 0.0445414
1.2 3.2 0.0304714
1.2 3.6 0.00218197
1.2 4 -0.0242938
1.2 4.4 -0.0330367
1.2 4.8 -0.0209486
1.2 5.2 0.0013232
1.2 5.6 0.0173504
1.2 6 0.0175428
1.2 6.4 0.0064507
1.2 6.8 -0.0058339
1.2 7.2 -0.0129465
1.2 7.6 -0.0164402
1.2 8 -0.022521
1.2 8.4 -0.0345894
1.2 8.8 -0.0483274
1.2 9.2 -0.0540321
1.2 9.6 -0.0447404
1.2 10 -0.0234617
1.2 10.4 -0.00301053
1.2 10.8 0.00235373
1.2 11.2 -0.0125126
1.2 11.6 -0.0391466
1.2 12 -0.061044
1.2 12.4 -0.0658453
1.2 12.8 -0.0561314
1.2 13.2 -0.0438953
1.2 13.6 -0.0394223
1.2 14 -0.041869
1.2 14.4 -0.0360983
1.2 14.8 -0.011485
1.2 15.2 0.0255263
1.2 15.6 0.0546908
1.2 16 0.0575888
1.2 16.4 0.0328188
1.2 16.8 -0.00177575
1.2 17.2 -0.0222044
1.2 17.6 -0.0166684
1.2 18 0.00561941
1.2 18.4 0.0226709
1.2 18.8 0.0188062
1.2 19.2 -0.000938717
1.2 19.6 -0.013722
1.2 20 0.00142741
1.2 20.4 0.0411594
1.2 20.8 0.0718373
1.2 21.2 0.0620825
1.2 21.6 0.0100508
1.2 22 -0.0534169
1.2 22.4 -0.0887124
1.2 22.8 -0.0755605
1.2 23.2 -0.0246769
1.2 23.6 0.0322993
1.2 24 0.0651071
1.2 24.4 0.0626108
1.2 24.8 0.0347757
1.2 25.2 0.000783823
1.2 25.6 -0.0250239
1.2 26 -0.0385201
1.2 26.4 -0.0046872
1.2 26.8 0

1.6 0 0
1.6 0.4 -1.5938e-05
1.6 0.8 -0.000726055
1.6 1.2 -0.00734606
1.6 1.6 -0.0123324
1.6 2 -0.00887944
1.6 2.4 0.00216199
1.6 2.8 0.0123544
1.6 3.2 0.0131816
1.6 3.6 0.00478214
1.6 4 -0.00238949
1.6 4.4 0.00298787
1.6 4.8 0.0174997
1.6 5.2 0.029063
1.6 5.6 0.0233276
1.6 6 -0.00398773
1.6 6.4 -0.0354543
1.6 6.8 -0.0539094
1.6 7.2 -0.0511599
1.6 7.6 -0.0309743
1.6 8 -0.00491291
1.6 8.4 0.0162761
1.6 8.8 0.0293475
1.6 9.2 0.0384621
1.6 9.6 0.0489406
1.6 10 0.0605464
1.6 10.4 0.0663433
1.6 10.8 0.0584684
1.6 11.2 0.0361764
1.6 11.6 0.00927153
1.6 12 -0.00633889
1.6 12.4 0.00174422
1.6 12.8 0.0241283
1.6 13.2 0.0432816
1.6 13.6 0.0435412
1.6 14 0.0185422
1.6 14.4 -0.00641997
1.6 14.8 -0.0113459
1.6 15.2 0.00424843
1.6 15.6 0.0245555
1.6 16 0.0323961
1.6 16.4 0.0241336
1.6 16.8 0.0128703
1.6 17.2 0.0171253
1.6 17.6 0.0438439
1.6 18 0.0796783
1.6 18.4 0.0985612
1.6 18.8 0.080918
1.6 19.2 0.0303178
1.6 19.6 -0.0254525
1.6 20 -0.0512128
1.6 20.4 -0.0315896
1.6 20.8 -0.00260183
1.6 21.2 0.0028369
1.6 21.6 -0.0211926
1.6 22 -0.0502949
1.6 22.4 -0.057298
1.6 22.8 -0.0344766
1.6 23.2 0.00343676
1.6 23.6 0.0319504
1.6 24 0.0354812
1.6 24.4 0.0176763
1.6 24.8 -0.00383147
1.6 25.2 -0.0127766
1.6 25.6 -0.00659772
1.6 26 0.00398922
1.6 26.4 0.000768025
1.6 26.8 0

2 0 0
2 0.4 0.00241539
2 0.8 0.0192793
2 1.2 -8.08623e-05
2 1.6 -0.0234911
2 2 -0.0360206
2 2.4 -0.0318817
2 2.8 -0.0174575
2 3.2 -0.00442532
2 3.6 0.00156609
2 4 0.00767684
2 4.4 0.0276541
2 4.8 0.0467181
2 5.2 0.0533976
2 5.6 0.0336283
2 6 -0.0200721
2 6.4 -0.068156
2 6.8 -0.0903336
2 7.2 -0.0793158
2 7.6 -0.041638
2 8 0.00674678
2 8.4 0.0495701
2 8.8 0.0781743
2 9.2 0.0931451
2 9.6 0.0994953
2 10 0.100162
2 10.4 0.0935078
2 10.8 0.0767232
2 11.2 0.0516381
2 11.6 0.0271297
2 12 0.0161693
2 12.4 0.0402044
2 12.8 0.0776432
2 13.2 0.108508
2 13.6 0.115429
2 14 0.0650444
2 14.4 0.0108455
2 14.8 -0.0183443
2 15.2 -0.0185881
2 15.6 -0.00413976
2 16 0.00727655
2 16.4 0.00946058
2 16.8 0.0122281
2 17.2 0.0316381
2 17.6 0.0733472
2 18 0.122529
2 18.4 0.149512
2 18.8 0.128601
2 19.2 0.0574523
2 19.6 -0.0359588
2 20 -0.101653
2 20.4 -0.0851237
2 20.8 -0.0517205
2 21.2 -0.0339399
2 21.6 -0.0396636
2 22 -0.0412871
2 22.4 -0.0227426
2 22.8 0.00824348
2 23.2 0.0315256
2 23.6 0.0294403
2 24 0.00164967
2 24.4 -0.0323502
2 24.8 -0.0464385
2 25.2 -0.0273876
2 25.6 0.0143614
2 26 0.0514705
2 26.4 0.00678134
2 26.8 0

2.4 0 0
2.4 0.4 0.00510689
2.4 0.8 0.0409783
2.4 1.2 0.011473
2.4 1.6 -0.0258114
2.4 2 -0.0497364
2.4 2.4 -0.0500294
2.4 2.8 -0.0329493
2.4 3.2 -0.0148384
2.4 3.6 -0.00822906
2.4 4 -0.00713802
2.4 4.4 0.00111207
2.4 4.8 0.00395563
2.4 5.2 0.0113098
2.4 5.6 0.0542904
2.4 6 -0.0261755
2.4 6.4 -0.077117
2.4 6.8 -0.0963998
2.4 7.2 -0.0819556
2.4 7.6 -0.0418085
2.4 8 0.0074806
2.4 8.4 0.0489076
2.4 8.8 0.0729756
2.4 9.2 0.0800727
2.4 9.6 0.0764556
2.4 10 0.0678146
2.4 10.4 0.0557913
2.4 10.8 0.0397906
2.4 11.2 0.021404
2.4 11.6 0.00508013
2.4 12 -0.0144143
2.4 12.4 -0.000592551
2.4 12.8 0.00551566
2.4 13.2 0.0216797
2.4 13.6 0.16343
2.4 14 0.0746663
2.4 14.4 0.00391838
2.4 14.8 -0.0314648
2.4 15.2 -0.033439
2.4 15.6 -0.018444
2.4 16 -0.00603941
2.4 16.4 -0.00454708
2.4 16.8 -0.00508668
2.4 17.2 0.0102017
2.4 17.6 0.051174
2.4 18 0.106875
2.4 18.4 0.147525
2.4 18.8 0.141243
2.4 19.2 0.0744101
2.4 19.6 -0.0377286
2.4 20 -0.150353
2.4 20.4 -0.0192444
2.4 20.8 -0.00339448
2.4 21.2 -0.00459219
2.4 21.6 -0.0401481
2.4 22 -0.0311724
2.4 22.4 0.00507151
2.4 22.8 0.0401521
2.4 23.2 0.0499121
2.4 23.6 0.0225008
2.4 24 -0.030197
2.4 24.4 -0.076086
2.4 24.8 -0.0824672
2.4 25.2 -0.0389711
2.4 25.6 0.0329468
2.4 26 0.0920247
2.4 26.4 0.0118143
2.4 26.8 0

2.8 0 0
2.8 0.4 0.00710315
2.8 0.8 0.0569068
2.8 1.2 0.022816
2.8 1.6 -0.0198041
2.8 2 -0.0468416
2.8 2.4 -0.0464396
2.8 2.8 -0.0262653
2.8 3.2 -0.00776506
2.8 3.6 -0.0140346
2.8 4 -0.00250418
2.8 4.4 0
2.8 4.8 0
2.8 5.2 0
2.8 5.6 0.00482365
2.8 6 -0.040352
2.8 6.4 -0.0601555
2.8 6.8 -0.0666396
2.8 7.2 -0.054407
2.8 7.6 -0.0278232
2.8 8 0.00110072
2.8 8.4 0.0198341
2.8 8.8 0.0224506
2.8 9.2 0.0119233
2.8 9.6 -0.00353336
2.8 10 -0.0167562
2.8 10.4 -0.0254995
2.8 10.8 -0.0310506
2.8 11.2 -0.0327854
2.8 11.6 -0.0213471
2.8 12 -0.00443139
2.8 12.4 0
2.8 12.8 0
2.8 13.2 0
2.8 13.6 0.014279
2.8 14 0.0209485
2.8 14.4 -0.0315992
2.8 14.8 -0.0459402
2.8 15.2 -0.0331943
2.8 15.6 -0.0106982
2.8 16 0.00111304
2.8 16.4 -0.00741992
2.8 16.8 -0.0268483
2.8 17.2 -0.0345836
2.8 17.6 -0.0120629
2.8 18 0.0391797
2.8 18.4 0.0947028
2.8 18.8 0.120262
2.8 19.2 0.0909745
2.8 19.6 -0.00250921
2.8 20 -0.0147143
2.8 20.4 0
2.8 20.8 0
2.8 21.2 0
2.8 21.6 -0.00716552
2.8 22 -0.0362464
2.8 22.4 0.0184196
2.8 22.8 0.053823
2.8 23.2 0.0543946
2.8 23.6 0.0130122
2.8 24 -0.0520877
2.8 24.4 -0.102645
2.8 24.8 -0.103121
2.8 25.2 -0.045246
2.8 25.6 0.0433492
2.8 26 0.113961
2.8 26.4 0.0144369
2.8 26.8 0

3.2 0 0
3.2 0.4 0.00755376
3.2 0.8 0.0605311
3.2 1.2 0.0280893
3.2 1.6 -0.010969
3.2 2 -0.0327517
3.2 2.4 -0.0261189
3.2 2.8 0.000214843
3.2 3.2 0.0248957
3.2 3.6 0.000954067
3.2 4 0
3.2 4.4 0
3.2 4.8 0
3.2 5.2 0
3.2 5.6 0
3.2 6 -0.00358405
3.2 6.4 -0.0126931
3.2 6.8 -0.00930093
3.2 7.2 -0.00658108
3.2 7.6 -0.00350357
3.2 8 -0.00499333
3.2 8.4 -0.0166488
3.2 8.8 -0.0391624
3.2 9.2 -0.0664946
3.2 9.6 -0.0892377
3.2 10 -0.100557
3.2 10.4 -0.100111
3.2 10.8 -0.0931122
3.2 11.2 -0.0856497
3.2 11.6 -0.00779551
3.2 12 0
3.2 12.4 0
3.2 12.8 0
3.2 13.2 0
3.2 13.6 0
3.2 14 -0.00747497
3.2 14.4 -0.0769826
3.2 14.8 -0.0496672
3.2 15.2 -0.0160302
3.2 15.6 0.0160145
3.2 16 0.0276551
3.2 16.4 0.00767115
3.2 16.8 -0.0350056
3.2 17.2 -0.0737856
3.2 17.6 -0.0807611
3.2 18 -0.0454211
3.2 18.4 0.0178199
3.2 18.8 0.0793177
3.2 19.2 0.116389
3.2 19.6 0.00852713
3.2 20 0
3.2 20.4 0
3.2 20.8 0
3.2 21.2 0
3.2 21.6 0
3.2 22 -0.00408379
3.2 22.4 0.026402
3.2 22.8 0.0501045
3.2 23.2 0.0472038
3.2 23.6 0.00624295
3.2 24 -0.0565381
3.2 24.4 -0.104467
3.2 24.8 -0.103416
3.2 25.2 -0.045846
3.2 25.6 0.0409656
3.2 26 0.109451
3.2 26.4 0.01376
3.2 26.8 0

3.6 0 0
3.6 0.4 0.00630639
3.6 0.8 0.050706
3.6 1.2 0.0241084
3.6 1.6 -0.006077
3.6 2 -0.0184358
3.6 2.4 -0.00408493
3.6 2.8 0.027111
3.6 3.2 0.0540357
3.6 3.6 0.00447557
3.6 4 0
3.6 4.4 0
3.6 4.8 0
3.6 5.2 0
3.6 5.6 0
3.6 6 0.00266728
3.6 6.4 0.0498349
3.6 6.8 0.0492103
3.6 7.2 0.0372124
3.6 7.6 0.0178214
3.6 8 -0.00785644
3.6 8.4 -0.0399056
3.6 8.8 -0.0757106
3.6 9.2 -0.108258
3.6 9.6 -0.128817
3.6 10 -0.132222
3.6 10.4 -0.120643
3.6 10.8 -0.102978
3.6 11.2 -0.0906557
3.6 11.6 -0.00693633
3.6 12 0
3.6 12.4 0
3.6 12.8 0
3.6 13.2 0
3.6 13.6 0
3.6 14 -0.00713774
3.6 14.4 -0.0566204
3.6 14.8 -0.025122
3.6 15.2 0.0111164
3.6 15.6 0.04606
3.6 16 0.0598214
3.6 16.4 0.0368203
3.6 16.8 -0.0184685
3.6 17.2 -0.0801369
3.6 17.6 -0.115136
3.6 18 -0.103219
3.6 18.4 -0.0486197
3.6 18.8 0.0242664
3.6 19.2 0.0873677
3.6 19.6 0.00928794
3.6 20 0
3.6 20.4 0
3.6 20.8 0
3.6 21.2 0
3.6 21.6 0
3.6 22 -0.000507655
3.6 22.4 0.00555968
3.6 22.8 0.0276235
3.6 23.2 0.0331554
3.6 23.6 0.00739293
3.6 24 -0.0400507
3.6 24.4 -0.080057
3.6 24.8 -0.0833367
3.6 25.2 -0.0414694
3.6 25.6 0.0250618
3.6 26 0.0782029
3.6 26.4 0.00983218
3.6 26.8 0

4 0 0
4 0.4 0.00413291
4 0.8 0.0333742
4 1.2 0.0130708
4 1.6 -0.00853667
4 2 -0.0132963
4 2.4 0.00515888
4 2.8 0.0363653
4 3.2 0.0604767
4 3.6 0.00709193
4 4 0
4 4.4 0
4 4.8 0
4 5.2 0
4 5.6 0
4 6 0.0074703
4 6.4 0.0818585
4 6.8 0.0727106
4 7.2 0.0490606
4 7.6 0.0192397
4 8 -0.0117085
4 8.4 -0.0423164
4 8.8 -0.0709274
4 9.2 -0.0929247
4 9.6 -0.102084
4 10 -0.0950105
4 10.4 -0.0747898
4 10.8 -0.0508174
4 11.2 -0.0358572
4 11.6 0.00115892
4 12 0
4 12.4 0
4 12.8 0
4 13.2 0
4 13.6 0
4 14 0.015056
4 14.4 0.00801321
4 14.8 0.00935104
4 15.2 0.0260131
4 15.6 0.0556021
4 16 0.075938
4 16.4 0.0647654
4 16.8 0.0179735
4 17.2 -0.045309
4 17.6 -0.0939035
4 18 -0.103708
4 18.4 -0.0713167
4 18.8 -0.0136974
4 19.2 0.0435487
4 19.6 0.0116866
4 20 0
4 20.4 0
4 20.8 0
4 21.2 0
4 21.6 0
4 22 -0.0114201
4 22.4 -0.0306601
4 22.8 -0.00218363
4 23.2 0.0203017
4 23.6 0.0187524
4 24 -0.00584204
4 24.4 -0.0354231
4 24.8 -0.0478701
4 25.2 -0.0329052
4 25.6 0.000230804
4 26 0.0289301
4 26.4 0.00376837
4 26.8 0

4.4 0 0
4.4 0.4 0.00232922
4.4 0.8 0.018551
4.4 1.2 0.00155883
4.4 1.6 -0.0163303
4.4 2 -0.0196309
4.4 2.4 -0.00356673
4.4 2.8 0.0218347
4.4 3.2 0.0385397
4.4 3.6 0.0327429
4.4 4 0.000379134
4.4 4.4 0
4.4 4.8 0
4.4 5.2 0
4.4 5.6 0.00106816
4.4 6 0.0472364
4.4 6.4 0.0612524
4.4 6.8 0.0451215
4.4 7.2 0.0174451
4.4 7.6 -0.00696361
4.4 8 -0.0221804
4.4 8.4 -0.0300646
4.4 8.8 -0.0343242
4.4 9.2 -0.0353847
4.4 9.6 -0.0300909
4.4 10 -0.0155827
4.4 10.4 0.00685445
4.4 10.8 0.0319465
4.4 11.2 0.0557228
4.4 11.6 0.0863337
4.4 12 0.0143112
4.4 12.4 0
4.4 12.8 0
4.4 13.2 0
4.4 13.6 0.031956
4.4 14 0.196772
4.4 14.4 0.0836069
4.4 14.8 0.0223318
4.4 15.2 0.00712585
4.4 15.6 0.0280743
4.4 16 0.0595826
4.4 16.4 0.0731329
4.4 16.8 0.0550023
4.4 17.2 0.0137972
4.4 17.6 -0.0274025
4.4 18 -0.0475298
4.4 18.4 -0.0401369
4.4 18.8 -0.0138519
4.4 19.2 0.0174693
4.4 19.6 0.0461481
4.4 20 0.00933241
4.4 20.4 0
4.4 20.8 0
4.4 21.2 0
4.4 21.6 -0.0125142
4.4 22 -0.112288
4.4 22.4 -0.0675235
4.4 22.8 -0.0243645
4.4 23.2 0.0146537
4.4 23.6 0.0366409
4.4 24 0.0353935
4.4 24.4 0.0167688
4.4 24.8 -0.00582881
4.4 25.2 -0.0207159
4.4 25.6 -0.0247408
4.4 26 -0.0229962
4.4 26.4 -0.00255787
4.4 26.8 0

4.8 0 0
4.8 0.4 0.00188867
4.8 0.8 0.014056
4.8 1.2 -0.00383569
4.8 1.6 -0.0239664
4.8 2 -0.0321861
4.8 2.4 -0.0237778
4.8 2.8 -0.0070231
4.8 3.2 0.00273156
4.8 3.6 -0.00581355
4.8 4 -0.0312708
4.8 4.4 -0.00900828
4.8 4.8 -0.00672619
4.8 5.2 -0.00474966
4.8 5.6 0.00597126
4.8 6 0.0254701
4.8 6.4 0.0151391
4.8 6.8 -0.0148418
4.8 7.2 -0.0420701
4.8 7.6 -0.0503426
4.8 8 -0.0377639
4.8 8.4 -0.0137608
4.8 8.8 0.010192
4.8 9.2 0.0283915
4.8 9.6 0.0422726
4.8 10 0.0560837
4.8 10.4 0.0717866
4.8 10.8 0.0877496
4.8 11.2 0.101888
4.8 11.6 0.115316
4.8 12 0.127071
4.8 12.4 0.0187849
4.8 12.8 0.00892799
4.8 13.2 0.0245169
4.8 13.6 0.200596
4.8 14 0.15153
4.8 14.4 0.0579556
4.8 14.8 -0.0175845
4.8 15.2 -0.047401
4.8 15.6 -0.030093
4.8 16 0.0130607
4.8 16.4 0.0528245
4.8 16.8 0.069938
4.8 17.2 0.0638312
4.8 17.6 0.0472068
4.8 18 0.0327763
4.8 18.4 0.0239065
4.8 18.8 0.0163971
4.8 19.2 0.00805495
4.8 19.6 0.00499019
4.8 20 0.0141173
4.8 20.4 0.00846415
4.8 20.8 0.0104035
4.8 21.2 0.00676452
4.8 21.6 -0.0304818
4.8 22 -0.0574831
4.8 22.4 -0.0511291
4.8 22.8 -0.0234644
4.8 23.2 0.0155655
4.8 23.6 0.0508531
4.8 24 0.0681617
4.8 24.4 0.0608959
4.8 24.8 0.0325845
4.8 25.2 -0.0056683
4.8 25.6 -0.0405286
4.8 26 -0.0614322
4.8 26.4 -0.00721716
4.8 26.8 0

5.2 0 0
5.2 0.4 0.00281439
5.2 0.8 0.0202212
5.2 1.2 -0.00117528
5.2 1.6 -0.0267676
5.2 2 -0.0425878
5.2 2.4 -0.0427527
5.2 2.8 -0.0330385
5.2 3.2 -0.0263368
5.2 3.6 -0.0332538
5.2 4 -0.0543327
5.2 4.4 -0.0799335
5.2 4.8 -0.0696578
5.2 5.2 -0.0314882
5.2 5.6 0.00515802
5.2 6 0.00455134
5.2 6.4 -0.0296877
5.2 6.8 -0.0729162
5.2 7.2 -0.0965491
5.2 7.6 -0.0860917
5.2 8 -0.0471684
5.2 8.4 0.00167523
5.2 8.8 0.0422099
5.2 9.2 0.0662451
5.2 9.6 0.0765765
5.2 10 0.0808925
5.2 10.4 0.0847997
5.2 10.8 0.089218
5.2 11.2 0.0926723
5.2 11.6 0.0944237
5.2 12 0.0936688
5.2 12.4 0.0880491
5.2 12.8 0.0847054
5.2 13.2 0.0859121
5.2 13.6 0.101191
5.2 14 0.0628954
5.2 14.4 -0.00899902
5.2 14.8 -0.0739262
5.2 15.2 -0.101854
5.2 15.6 -0.0854204
5.2 16 -0.0395076
5.2 16.4 0.0116777
5.2 16.8 0.0506179
5.2 17.2 0.0738691
5.2 17.6 0.086677
5.2 18 0.0916602
5.2 18.4 0.0833374
5.2 18.8 0.0547704
5.2 19.2 0.0109008
5.2 19.6 -0.0249059
5.2 20 -0.0214586
5.2 20.4 0.0380446
5.2 20.8 0.111166
5.2 21.2 0.126917
5.2 21.6 0.0574093
5.2 22 0.00636108
5.2 22.4 -0.0193047
5.2 22.8 -0.0170329
5.2 23.2 0.00968689
5.2 23.6 0.0478933
5.2 24 0.078457
5.2 24.4 0.08435
5.2 24.8 0.0591083
5.2 25.2 0.0106745
5.2 25.6 -0.041739
5.2 26 -0.0764201
5.2 26.4 -0.00904015
5.2 26.8 0

5.6 0 0
5.6 0.4 0.0040945
5.6 0.8 0.0295666
5.6 1.2 0.00546076
5.6 1.6 -0.0240363
5.6 2 -0.0448666
5.6 2.4 -0.0496702
5.6 2.8 -0.0416909
5.6 3.2 -0.0320001
5.6 3.6 -0.0320261
5.6 4 -0.0454425
5.6 4.4 -0.0611795
5.6 4.8 -0.0462178
5.6 5.2 -0.00651655
5.6 5.6 0.0252007
5.6 6 0.00721786
5.6 6.4 -0.0462022
5.6 6.8 -0.0976175
5.6 7.2 -0.115089
5.6 7.6 -0.089608
5.6 8 -0.0361256
5.6 8.4 0.0192183
5.6 8.8 0.0556382
5.6 9.2 0.0673812
5.6 9.6 0.0622096
5.6 10 0.052402
5.6 10.4 0.0460623
5.6 10.8 0.0444305
5.6 11.2 0.0451779
5.6 11.6 0.0468824
5.6 12 0.0493484
5.6 12.4 0.0490966
5.6 12.8 0.0419395
5.6 13.2 0.028901
5.6 13.6 0.0113891
5.6 14 -0.0162641
5.6 14.4 -0.0577232
5.6 14.8 -0.0961316
5.6 15.2 -0.111799
5.6 15.6 -0.0984182
5.6 16 -0.0656844
5.6 16.4 -0.0290373
5.6 16.8 0.00311749
5.6 17.2 0.0331883
5.6 17.6 0.0660311
5.6 18 0.0967101
5.6 18.4 0.107393
5.6 18.8 0.0797062
5.6 19.2 0.0153202
5.6 19.6 -0.0521615
5.6 20 -0.0690463
5.6 20.4 -0.00292544
5.6 20.8 0.0835551
5.6 21.2 0.121369
5.6 21.6 0.0879331
5.6 22 0.0368831
5.6 22.4 -0.00644508
5.6 22.8 -0.0259402
5.6 23.2 -0.0144488
5.6 23.6 0.021458
5.6 24 0.0621091
5.6 24.4 0.0835542
5.6 24.8 0.0705276
5.6 25.2 0.0258796
5.6 25.6 -0.0297721
5.6 26 -0.0687274
5.6 26.4 -0.00814585
5.6 26.8 0

6 0 0
6 0.4 0.00440449
6 0.8 0.0320158
6 1.2 0.00911111
6 1.6 -0.0187937
6 2 -0.0383765
6 2.4 -0.0414975
6 2.8 -0.0293143
6 3.2 -0.0114443
6 3.6 -0.00144214
6 4 -0.0116121
6 4.4 -0.0442309
6 4.8 -0.0322138
6 5.2 0.014817
6 5.6 0.0665763
6 6 0.0367886
6 6.4 -0.0292847
6 6.8 -0.080908
6 7.2 -0.088562
6 7.6 -0.0531908
6 8 0.000651273
6 8.4 0.0430352
6 8.8 0.0564406
6 9.2 0.0426698
6 9.6 0.0168712
6 10 -0.00480974
6 10.4 -0.0146201
6 10.8 -0.0142104
6 11.2 -0.00859117
6 11.6 0.000994997
6 12 0.0180275
6 12.4 0.0334235
6 12.8 0.0219726
6 13.2 -0.0100963
6 13.6 -0.05715
6 14 -0.0578844
6 14.4 -0.0570061
6 14.8 -0.0599629
6 15.2 -0.0588114
6 15.6 -0.0516603
6 16 -0.0455738
6 16.4 -0.0469526
6 16.8 -0.0510491
6 17.2 -0.0422897
6 17.6 -0.00776645
6 18 0.0462137
6 18.4 0.0899804
6 18.8 0.0867972
6 19.2 0.0220026
6 19.6 -0.0739444
6 20 -0.124233
6 20.4 -0.0334118
6 20.8 0.0682268
6 21.2 0.112015
6 21.6 0.0718258
6 22 0.0238774
6 22.4 -0.0237974
6 22.8 -0.0544327
6 23.2 -0.0533971
6 23.6 -0.0199058
6 24 0.0289987
6 24.4 0.0661382
6 24.8 0.0697585
6 25.2 0.0372382
6 25.6 -0.0123655
6 26 -0.0493548
6 26.4 -0.00587628
6 26.8 0

6.4 0 0
6.4 0.4 0.00305711
6.4 0.8 0.0221064
6.4 1.2 0.00530349
6.4 1.6 -0.014625
6.4 2 -0.026747
6.4 2.4 -0.0235345
6.4 2.8 -0.00448063
6.4 3.2 0.0234938
6.4 3.6 0.0478013
6.4 4 0.0463438
6.4 4.4 0.000219507
6.4 4.8 -0.00363931
6.4 5.2 0.0111151
6.4 5.6 0.13315
6.4 6 0.0749052
6.4 6.4 -0.00208812
6.4 6.8 -0.0441319
6.4 7.2 -0.0358294
6.4 7.6 0.00716421
6.4 8 0.0520025
6.4 8.4 0.0699162
6.4 8.8 0.0521291
6.4 9.2 0.0112945
6.4 9.6 -0.0301494
6.4 10 -0.0550551
6.4 10.4 -0.0598748
6.4 10.8 -0.052279
6.4 11.2 -0.0414561
6.4 11.6 -0.0268834
6.4 12 0.0133582
6.4 12.4 0.00847483
6.4 12.8 0.00383521
6.4 13.2 -0.0112426
6.4 13.6 -0.12537
6.4 14 -0.061306
6.4 14.4 -0.0122936
6.4 14.8 0.0174042
6.4 15.2 0.0342113
6.4 15.6 0.0360457
6.4 16 0.0147512
6.4 16.4 -0.0312403
6.4 16.8 -0.0858973
6.4 17.2 -0.118151
6.4 17.6 -0.100546
6.4 18 -0.0325617
6.4 18.4 0.049939
6.4 18.8 0.0905361
6.4 19.2 0.046746
6.4 19.6 -0.0776136
6.4 20 -0.211605
6.4 20.4 -0.0198167
6.4 20.8 0.00632067
6.4 21.2 0.00669013
6.4 21.6 0.00441925
6.4 22 -0.0233219
6.4 22.4 -0.0588168
6.4 22.8 -0.0871677
6.4 23.2 -0.088551
6.4 23.6 -0.0556272
6.4 24 -0.00135369
6.4 24.4 0.0468944
6.4 24.8 0.0638242
6.4 25.2 0.0426694
6.4 25.6 0.000181765
6.4 26 -0.0338581
6.4 26.4 -0.00411385
6.4 26.8 0

6.8 0 0
6.8 0.4 0.000511436
6.8 0.8 0.00298748
6.8 1.2 -0.00440677
6.8 1.6 -0.0123881
6.8 2 -0.0143411
6.8 2.4 -0.00507769
6.8 2.8 0.0168841
6.8 3.2 0.0492379
6.8 3.6 0.0919847
6.8 4 0.0122818
6.8 4.4 0
6.8 4.8 0
6.8 5.2 0
6.8 5.6 0.0177791
6.8 6 0.0777142
6.8 6.4 -0.00598312
6.8 6.8 -0.0232967
6.8 7.2 0.00950962
6.8 7.6 0.0611726
6.8 8 0.0946246
6.8 8.4 0.0874978
6.8 8.8 0.0433717
6.8 9.2 -0.0139787
6.8 9.6 -0.057759
6.8 10 -0.0741473
6.8 10.4 -0.0672479
6.8 10.8 -0.0522375
6.8 11.2 -0.0437717
6.8 11.6 -0.0474994
6.8 12 0.000150313
6.8 12.4 0
6.8 12.8 0
6.8 13.2 0
6.8 13.6 -0.0144155
6.8 14 -0.0208744
6.8 14.4 0.0503985
6.8 14.8 0.0900781
6.8 15.2 0.115299
6.8 15.6 0.118964
6.8 16 0.0863228
6.8 16.4 0.0124707
6.8 16.8 -0.0833793
6.8 17.2 -0.159033
6.8 17.6 -0.170541
6.8 18 -0.102607
6.8 18.4 0.0132507
6.8 18.8 0.109095
6.8 19.2 0.114871
6.8 19.6 -0.0151499
6.8 20 -0.0216617
6.8 20.4 0
6.8 20.8 0
6.8 21.2 0
6.8 21.6 -0.0079635
6.8 22 -0.0714378
6.8 22.4 -0.0829097
6.8 22.8 -0.10018
6.8 23.2 -0.0983316
6.8 23.6 -0.0656263
6.8 24 -0.0112335
6.8 24.4 0.0391562
6.8 24.8 0.0595821
6.8 25.2 0.0414902
6.8 25.6 0.000338111
6.8 26 -0.0341086
6.8 26.4 -0.00428712
6.8 26.8 0

7.2 0 0
7.2 0.4 -0.00194345
7.2 0.8 -0.0157863
7.2 1.2 -0.0135028
7.2 1.6 -0.00951572
7.2 2 -0.00300406
7.2 2.4 0.0073366
7.2 2.8 0.0220324
7.2 3.2 0.0375754
7.2 3.6 0.0109872
7.2 4 0
7.2 4.4 0
7.2 4.8 0
7.2 5.2 0
7.2 5.6 0
7.2 6 0.000961985
7.2 6.4 -0.0727802
7.2 6.8 -0.0384765
7.2 7.2 0.0245404
7.2 7.6 0.0844365
7.2 8 0.107404
7.2 8.4 0.0818624
7.2 8.8 0.0246189
7.2 9.2 -0.0322312
7.2 9.6 -0.0625471
7.2 10 -0.0603742
7.2 10.4 -0.0389921
7.2 10.8 -0.0184734
7.2 11.2 -0.013054
7.2 11.6 -0.00520902
7.2 12 0
7.2 12.4 0
7.2 12.8 0
7.2 13.2 0
7.2 13.6 0
7.2 14 0.00633578
7.2 14.4 0.097483
7.2 14.8 0.10808
7.2 15.2 0.133385
7.2 15.6 0.151011
7.2 16 0.134538
7.2 16.4 0.067056
7.2 16.8 -0.0406876
7.2 17.2 -0.145442
7.2 17.6 -0.190397
7.2 18 -0.14049
7.2 18.4 -0.010734
7.2 18.8 0.136119
7.2 19.2 0.228995
7.2 19.6 0.0152217
7.2 20 0
7.2 20.4 0
7.2 20.8 0
7.2 21.2 0
7.2 21.6 0
7.2 22 -0.0106168
7.2 22.4 -0.0699458
7.2 22.8 -0.0794049
7.2 23.2 -0.0744629
7.2 23.6 -0.0443151
7.2 24 0.0038738
7.2 24.4 0.0467617
7.2 24.8 0.0597853
7.2 25.2 0.0348223
7.2 25.6 -0.012471
7.2 26 -0.0517215
7.2 26.4 -0.00657216
7.2 26.8 0

7.6 0 0
7.6 0.4 -0.00310861
7.6 0.8 -0.0251077
7.6 1.2 -0.0154902
7.6 1.6 -0.00260314
7.6 2 0.00829527
7.6 2.4 0.0148104
7.6 2.8 0.0182367
7.6 3.2 0.0204628
7.6 3.6 0.0014773
7.6 4 0
7.6 4.4 0
7.6 4.8 0
7.6 5.2 0
7.6 5.6 0
7.6 6 -0.00993519
7.6 6.4 -0.119191
7.6 6.8 -0.0623213
7.6 7.2 0.0152287
7.6 7.6 0.0742976
7.6 8 0.0854249
7.6 8.4 0.0486724
7.6 8.8 -0.00795501
7.6 9.2 -0.0488634
7.6 9.6 -0.0541862
7.6 10 -0.0295672
7.6 10.4 0.00272861
7.6 10.8 0.0223968
7.6 11.2 0.0240437
7.6 11.6 0.00103124
7.6 12 0
7.6 12.4 0
7.6 12.8 0
7.6 13.2 0
7.6 13.6 0
7.6 14 0.00514987
7.6 14.4 0.0367274
7.6 14.8 0.0388189
7.6 15.2 0.0698278
7.6 15.6 0.11368
7.6 16 0.139267
7.6 16.4 0.114237
7.6 16.8 0.0301856
7.6 17.2 -0.0811053
7.6 17.6 -0.158208
7.6 18 -0.146401
7.6 18.4 -0.0370452
7.6 18.8 0.119695
7.6 19.2 0.242551
7.6 19.6 0.0202441
7.6 20 0
7.6 20.4 0
7.6 20.8 0
7.6 21.2 0
7.6 21.6 0
7.6 22 -0.00238969
7.6 22.4 -0.0319395
7.6 22.8 -0.0358121
7.6 23.2 -0.0304198
7.6 23.6 -0.00592238
7.6 24 0.0318283
7.6 24.4 0.0619303
7.6 24.8 0.0620631
7.6 25.2 0.0255473
7.6 25.6 -0.0311228
7.6 26 -0.0768403
7.6 26.4 -0.00974244
7.6 26.8 0

8 0 0
8 0.4 -0.00271927
8 0.8 -0.0227384
8 1.2 -0.0090147
8 1.6 0.00870925
8 2 0.0197853
8 2.4 0.0189571
8 2.8 0.00926796
8 3.2 -0.000966589
8 3.6 -0.00294748
8 4 0
8 4.4 0
8 4.8 0
8 5.2 0
8 5.6 0
8 6 -0.0154198
8 6.4 -0.129521
8 6.8 -0.0713624
8 7.2 0.0019174
8 7.6 0.0477863
8 8 0.0429536
8 8.4 -0.00136948
8 8.8 -0.0491599
8 9.2 -0.066146
8 9.6 -0.0431741
8 10 0.000369819
8 10.4 0.0341802
8 10.8 0.0412648
8 11.2 0.0311008
8 11.6 0.000886064
8 12 0
8 12.4 0
8 12.8 0
8 13.2 0
8 13.6 0
8 14 -0.0196347
8 14.4 -0.071445
8 14.8 -0.0701695
8 15.2 -0.0383792
8 15.6 0.0287658
8 16 0.104733
8 16.4 0.142794
8 16.8 0.10858
8 17.2 0.0113
8 17.6 -0.0929067
8 18 -0.133574
8 18.4 -0.0747442
8 18.8 0.0548979
8 19.2 0.174072
8 19.6 0.0248528
8 20 0
8 20.4 0
8 20.8 0
8 21.2 0
8 21.6 0
8 22 0.00462316
8 22.4 0.00963836
8 22.8 0.00579866
8 23.2 0.00712134
8 23.6 0.0238234
8 24 0.0513048
8 24.4 0.0707163
8 24.8 0.0614738
8 25.2 0.0176763
8 25.6 -0.0442157
8 26 -0.0933527
8 26.4 -0.0118083
8 26.8 0

8.4 0 0
8.4 0.4 -0.00158139
8.4 0.8 -0.0144929
8.4 1.2 0.00106187
8.4 1.6 0.020687
8.4 2 0.0296298
8.4 2.4 0.0207323
8.4 2.8 -0.00148134
8.4 3.2 -0.0257818
8.4 3.6 -0.0452926
8.4 4 -0.00534515
8.4 4.4 0
8.4 4.8 0
8.4 5.2 0
8.4 5.6 -0.00175903
8.4 6 -0.0864101
8.4 6.4 -0.0969081
8.4 6.8 -0.0513058
8.4 7.2 0.00535482
8.4 7.6 0.0292565
8.4 8 0.00454819
8.4 8.4 -0.0473878
8.4 8.8 -0.0852254
8.4 9.2 -0.0790087
8.4 9.6 -0.0320685
8.4 10 0.022563
8.4 10.4 0.047744
8.4 10.8 0.0296062
8.4 11.2 -0.0146782
8.4 11.6 -0.0555523
8.4 12 -0.0150802
8.4 12.4 0
8.4 12.8 0
8.4 13.2 0
8.4 13.6 -0.00366192
8.4 14 -0.139567
8.4 14.4 -0.115402
8.4 14.8 -0.133468
8.4 15.2 -0.125606
8.4 15.6 -0.0587934
8.4 16 0.0519957
8.4 16.4 0.149758
8.4 16.8 0.1728
8.4 17.2 0.10131
8.4 17.6 -0.0222075
8.4 18 -0.1175
8.4 18.4 -0.121437
8.4 18.8 -0.0339669
8.4 19.2 0.0794991
8.4 19.6 0.132976
8.4 20 0.0167643
8.4 20.4 0
8.4 20.8 0
8.4 21.2 0
8.4 21.6 0.00913317
8.4 22 0.0628209
8.4 22.4 0.0398707
8.4 22.8 0.0230146
8.4 23.2 0.0151292
8.4 23.6 0.0238289
8.4 24 0.0454807
8.4 24.4 0.062568
8.4 24.8 0.0547646
8.4 25.2 0.0150281
8.4 25.6 -0.0422086
8.4 26 -0.0881297
8.4 26.4 -0.0111561
8.4 26.8 0

8.8 0 0
8.8 0.4 -0.000923068
8.8 0.8 -0.00949914
8.8 1.2 0.00736465
8.8 1.6 0.028056
8.8 2 0.0353297
8.8 2.4 0.0214093
8.8 2.8 -0.00700238
8.8 3.2 -0.0342233
8.8 3.6 -0.046614
8.8 4 -0.0384767
8.8 4.4 0.00032938
8.8 4.8 0.00510015
8.8 5.2 0.00803167
8.8 5.6 0.0107465
8.8 6 -0.0457777
8.8 6.4 -0.048127
8.8 6.8 -0.00774768
8.8 7.2 0.0330744
8.8 7.6 0.0347679
8.8 8 -0.00997675
8.8 8.4 -0.070735
8.8 8.8 -0.102405
8.8 9.2 -0.0797099
8.8 9.6 -0.0170088
8.8 10 0.0417714
8.8 10.4 0.0554892
8.8 10.8 0.0155833
8.8 11.2 -0.050126
8.8 11.6 -0.104744
8.8 12 -0.14737
8.8 12.4 -0.00229416
8.8 12.8 0.0255513
8.8 13.2 0.0436044
8.8 13.6 0.202854
8.8 14 0.0797885
8.8 14.4 -0.00775416
8.8 14.8 -0.0962138
8.8 15.2 -0.146021
8.8 15.6 -0.112572
8.8 16 0.00214455
8.8 16.4 0.136826
8.8 16.8 0.206781
8.8 17.2 0.163074
8.8 17.6 0.0300777
8.8 18 -0.108733
8.8 18.4 -0.168273
8.8 18.8 -0.120986
8.8 19.2 -0.0136425
8.8 19.6 0.0719977
8.8 20 0.0895288
8.8 20.4 0.00124243
8.8 20.8 -0.0100123
8.8 21.2 -0.00380293
8.8 21.6 0.0382102
8.8 22 0.038868
8.8 22.4 0.0256095
8.8 22.8 0.00404025
8.8 23.2 -0.0119639
8.8 23.6 -0.00891932
8.8 24 0.0131176
8.8 24.4 0.0377564
8.8 24.8 0.0433004
8.8 25.2 0.0194934
8.8 25.6 -0.0231621
8.8 26 -0.0593573
8.8 26.4 -0.00757704
8.8 26.8 0

9.2 0 0
9.2 0.4 -0.00147937
9.2 0.8 -0.0133561
9.2 1.2 0.00543237
9.2 1.6 0.0277648
9.2 2 0.0353887
9.2 2.4 0.0208026
9.2 2.8 -0.00740064
9.2 3.2 -0.0306829
9.2 3.6 -0.0327575
9.2 4 -0.00772824
9.2 4.4 0.0416515
9.2 4.8 0.0666797
9.2 5.2 0.0555556
9.2 5.6 0.015217
9.2 6 -0.0141953
9.2 6.4 -0.000935151
9.2 6.8 0.0429265
9.2 7.2 0.0761508
9.2 7.6 0.0630227
9.2 8 0.00306886
9.2 8.4 -0.0663445
9.2 8.8 -0.0970559
9.2 9.2 -0.0666764
9.2 9.6 0.00330054
9.2 10 0.0623241
9.2 10.4 0.0680692
9.2 10.8 0.0184517
9.2 11.2 -0.0452896
9.2 11.6 -0.0648591
9.2 12 0.00640199
9.2 12.4 0.221686
9.2 12.8 0.398803
9.2 13.2 0.4553
9.2 13.6 0.364669
9.2 14 0.26493
9.2 14.4 0.14915
9.2 14.8 0.00937726
9.2 15.2 -0.103992
9.2 15.6 -0.124796
9.2 16 -0.035189
9.2 16.4 0.107713
9.2 16.8 0.205018
9.2 17.2 0.18454
9.2 17.6 0.0528452
9.2 18 -0.108773
9.2 18.4 -0.201943
9.2 18.8 -0.180032
9.2 19.2 -0.0778192
9.2 19.6 0.0183002
9.2 20 0.0340996
9.2 20.4 -0.0529376
9.2 20.8 -0.11864
9.2 21.2 -0.109852
9.2 21.6 -0.0339553
9.2 22 -0.000729594
9.2 22.4 -0.00469599
9.2 22.8 -0.0311598
9.2 23.2 -0.0556026
9.2 23.6 -0.0565974
9.2 24 -0.0300646
9.2 24.4 0.00784692
9.2 24.8 0.0326477
9.2 25.2 0.0297406
9.2 25.6 0.00522783
9.2 26 -0.019056
9.2 26.4 -0.00257606
9.2 26.8 0

9.6 0 0
9.6 0.4 -0.0029971
9.6 0.8 -0.024343
9.6 1.2 -0.00323629
9.6 1.6 0.0212046
9.6 2 0.0308571
9.6 2.4 0.0188589
9.6 2.8 -0.00531058
9.6 3.2 -0.0227302
9.6 3.6 -0.0183396
9.6 4 0.0093831
9.6 4.4 0.0476026
9.6 4.8 0.0654485
9.6 5.2 0.0498275
9.6 5.6 0.0137407
9.6 6 -0.00188872
9.6 6.4 0.0251153
9.6 6.8 0.0781002
9.6 7.2 0.113895
9.6 7.6 0.0973092
9.6 8 0.0306898
9.6 8.4 -0.0448847
9.6 8.8 -0.0787536
9.6 9.2 -0.0485975
9.6 9.6 0.0218819
9.6 10 0.0797856
9.6 10.4 0.0825103
9.6 10.8 0.0307092
9.6 11.2 -0.0294502
9.6 11.6 -0.0348954
9.6 12 0.0580198
9.6 12.4 0.247539
9.6 12.8 0.404349
9.6 13.2 0.459545
9.6 13.6 0.440008
9.6 14 0.39993
9.6 14.4 0.300779
9.6 14.8 0.134947
9.6 15.2 -0.031966
9.6 15.6 -0.11015
9.6 16 -0.0605385
9.6 16.4 0.0690392
9.6 16.8 0.174623
9.6 17.2 0.170181
9.6 17.6 0.049186
9.6 18 -0.111964
9.6 18.4 -0.210456
9.6 18.8 -0.191009
9.6 19.2 -0.0832645
9.6 19.6 0.0227114
9.6 20 0.0430832
9.6 20.4 -0.0337459
9.6 20.8 -0.10199
9.6 21.2 -0.100529
9.6 21.6 -0.0403981
9.6 22 -0.00555274
9.6 22.4 -0.0151151
9.6 22.8 -0.053121
9.6 23.2 -0.0879945
9.6 23.6 -0.0926751
9.6 24 -0.0611274
9.6 24.4 -0.011111
9.6 24.8 0.0292128
9.6 25.2 0.0414158
9.6 25.6 0.0289157
9.6 26 0.0122267
9.6 26.4 0.00129319
9.6 26.8 0

10 0 0
10 0.4 -0.0044918
10 0.8 -0.0352424
10 1.2 -0.0126577
10 1.6 0.0131276
10 2 0.0249321
10 2.4 0.0166182
10 2.8 -0.0024058
10 3.2 -0.0145265
10 3.6 -0.0074784
10 4 0.0166417
10 4.4 0.04916
10 4.8 0.0630327
10 5.2 0.0439596
10 5.6 -0.00213474
10 6 -0.0171152
10 6.4 0.0167815
10 6.8 0.0800555
10 7.2 0.12636
10 7.6 0.117432
10 8 0.0536487
10 8.4 -0.0240716
10 8.8 -0.0634237
10 9.2 -0.0393712
10 9.6 0.0270322
10 10 0.0843538
10 10.4 0.0895231
10 10.8 0.0404739
10 11.2 -0.0216238
10 11.6 -0.0403642
10 12 0.0256538
10 12.4 0.219488
10 12.8 0.38122
10 13.2 0.462564
10 13.6 0.530225
10 14 0.532276
10 14.4 0.433306
10 14.8 0.240454
10 15.2 0.0316393
10 15.6 -0.0909748
10 16 -0.0772742
10 16.4 0.0316387
10 16.8 0.132763
10 17.2 0.136439
10 17.6 0.0307544
10 18 -0.112376
10 18.4 -0.192526
10 18.8 -0.155187
10 19.2 -0.0307268
10 19.6 0.0875091
10 20 0.104749
10 20.4 -0.0131068
10 20.8 -0.0925143
10 21.2 -0.0843193
10 21.6 0.00241461
10 22 0.031391
10 22.4 0.00500772
10 22.8 -0.0487302
10 23.2 -0.0929948
10 23.6 -0.09944
10 24 -0.0639125
10 24.4 -0.00799543
10 24.8 0.0364372
10 25.2 0.0492571
10 25.6 0.0348132
10 26 0.0161587
10 26.4 0.00176441
10 26.8 0

10.4 0 0
10.4 0.4 -0.00500601
10.4 0.8 -0.0389672
10.4 1.2 -0.0169539
10.4 1.6 0.00815298
10.4 2 0.0206906
10.4 2.4 0.0152589
10.4 2.8 0.000641971
10.4 3.2 -0.00737709
10.4 3.6 0.000470679
10.4 4 0.0131523
10.4 4.4 0.00479609
10.4 4.8 0.00463201
10.4 5.2 0.00278549
10.4 5.6 -0.0308584
10.4 6 -0.0550012
10.4 6.4 -0.0234951
10.4 6.8 0.0469258
10.4 7.2 0.10723
10.4 7.6 0.113634
10.4 8 0.0603964
10.4 8.4 -0.0155363
10.4 8.8 -0.0615437
10.4 9.2 -0.04787
10.4 9.6 0.0112156
10.4 10 0.0693238
10.4 10.4 0.0833665
10.4 10.8 0.0449418
10.4 11.2 -0.0169494
10.4 11.6 -0.0653734
10.4 12 -0.100149
10.4 12.4 0.00283871
10.4 12.8 0.0272176
10.4 13.2 0.103616
10.4 13.6 0.782171
10.4 14 0.702818
10.4 14.4 0.521225
10.4 14.8 0.282879
10.4 15.2 0.0512275
10.4 15.6 -0.0857111
10.4 16 -0.0857018
10.4 16.4 0.00897595
10.4 16.8 0.0995234
10.4 17.2 0.102402
10.4 17.6 0.00934502
10.4 18 -0.109498
10.4 18.4 -0.160494
10.4 18.8 -0.0970963
10.4 19.2 0.04678
10.4 19.6 0.182032
10.4 20 0.21288
10.4 20.4 0.0121454
10.4 20.8 -0.00863052
10.4 21.2 0.000479267
10.4 21.6 0.0928102
10.4 22 0.0900445
10.4 22.4 0.0358776
10.4 22.8 -0.0305903
10.4 23.2 -0.0762491
10.4 23.6 -0.0780623
10.4 24 -0.0378063
10.4 24.4 0.0175046
10.4 24.8 0.0531306
10.4 25.2 0.0502106
10.4 25.6 0.0182361
10.4 26 -0.013012
10.4 26.4 -0.00186051
10.4 26.8 0

10.8 0 0
10.8 0.4 -0.00426537
10.8 0.8 -0.0334787
10.8 1.2 -0.0143678
10.8 1.6 0.0077118
10.8 2 0.0190101
10.8 2.4 0.0147955
10.8 2.8 0.00290111
10.8 3.2 -0.00191478
10.8 3.6 0.0136009
10.8 4 0.00355321
10.8 4.4 0
10.8 4.8 0
10.8 5.2 0
10.8 5.6 -0.00716692
10.8 6 -0.0951106
10.8 6.4 -0.0771856
10.8 6.8 -0.00535072
10.8 7.2 0.067976
10.8 7.6 0.0926756
10.8 8 0.0544112
10.8 8.4 -0.0169696
10.8 8.8 -0.0704035
10.8 9.2 -0.0707414
10.8 9.6 -0.0225854
10.8 10 0.0360716
10.8 10.4 0.0641806
10.8 10.8 0.0477625
10.8 11.2 0.00638319
10.8 11.6 -0.0289541
10.8 12 -0.0102761
10.8 12.4 0
10.8 12.8 0
10.8 13.2 0
10.8 13.6 0.121137
10.8 14 0.74989
10.8 14.4 0.447861
10.8 14.8 0.205244
10.8 15.2 0.00404119
10.8 15.6 -0.0990821
10.8 16 -0.0803092
10.8 16.4 0.0126186
10.8 16.8 0.0889389
10.8 17.2 0.0803533
10.8 17.6 -0.00916947
10.8 18 -0.108041
10.8 18.4 -0.132617
10.8 18.8 -0.0507964
10.8 19.2 0.0967522
10.8 19.6 0.242321
10.8 20 0.0338331
10.8 20.4 0
10.8 20.8 0
10.8 21.2 0
10.8 21.6 0.0167012
10.8 22 0.119744
10.8 22.4 0.0354794
10.8 22.8 -0.0268953
10.8 23.2 -0.0581696
10.8 23.6 -0.0449544
10.8 24 0.00376504
10.8 24.4 0.0556719
10.8 24.8 0.0746202
10.8 25.2 0.0455455
10.8 25.6 -0.0139133
10.8 26 -0.0645127
10.8 26.4 -0.0082357
10.8 26.8 0

11.2 0 0
11.2 0.4 -0.00276508
11.2 0.8 -0.0224571
11.2 1.2 -0.0077857
11.2 1.6 0.00973381
11.2 2 0.0185369
11.2 2.4 0.0142851
11.2 2.8 0.0026232
11.2 3.2 -0.00619935
11.2 3.6 0.00161603
11.2 4 0
11.2 4.4 0
11.2 4.8 0
11.2 5.2 0
11.2 5.6 0
11.2 6 -0.0158924
11.2 6.4 -0.122582
11.2 6.8 -0.0525788
11.2 7.2 0.0299966
11.2 7.6 0.0716964
11.2 8 0.0497183
11.2 8.4 -0.015263
11.2 8.8 -0.0762196
11.2 9.2 -0.093695
11.2 9.6 -0.061614
11.2 10 -0.00717174
11.2 10.4 0.0330416
11.2 10.8 0.0412533
11.2 11.2 0.0302399
11.2 11.6 0.00193262
11.2 12 0
11.2 12.4 0
11.2 12.8 0
11.2 13.2 0
11.2 13.6 0
11.2 14 0.0580719
11.2 14.4 0.0991902
11.2 14.8 0.0107828
11.2 15.2 -0.0857313
11.2 15.6 -0.111276
11.2 16 -0.0504477
11.2 16.4 0.0464723
11.2 16.8 0.102022
11.2 17.2 0.0705044
11.2 17.6 -0.025902
11.2 18 -0.112401
11.2 18.4 -0.118255
11.2 18.8 -0.033154
11.2 19.2 0.0776153
11.2 19.6 0.0266726
11.2 20 0
11.2 20.4 0
11.2 20.8 0
11.2 21.2 0
11.2 21.6 0
11.2 22 0.00632651
11.2 22.4 -0.0351121
11.2 22.8 -0.0543507
11.2 23.2 -0.0547076
11.2 23.6 -0.0183901
11.2 24 0.042601
11.2 24.4 0.0925657
11.2 24.8 0.0952467
11.2 25.2 0.0402079
11.2 25.6 -0.0464519
11.2 26 -0.116116
11.2 26.4 -0.0146126
11.2 26.8 0

11.6 0 0
11.6 0.4 -0.00130111
11.6 0.8 -0.0117923
11.6 1.2 -0.00186812
11.6 1.6 0.0108819
11.6 2 0.0174745
11.6 2.4 0.0141358
11.6 2.8 0.00429092
11.6 3.2 -0.00584665
11.6 3.6 -0.00106595
11.6 4 0
11.6 4.4 0
11.6 4.8 0
11.6 5.2 0
11.6 5.6 0
11.6 6 -0.0110598
11.6 6.4 -0.140307
11.6 6.8 -0.0746621
11.6 7.2 0.0104591
11.6 7.6 0.0644059
11.6 8 0.058122
11.6 8.4 0.00189613
11.6 8.8 -0.064435
11.6 9.2 -0.100105
11.6 9.6 -0.0895749
11.6 10 -0.0484185
11.6 10.4 -0.00715853
11.6 10.8 0.012538
11.6 11.2 0.0104576
11.6 11.6 -6.13507e-05
11.6 12 0
11.6 12.4 0
11.6 12.8 0
11.6 13.2 0
11.6 13.6 0
11.6 14 -0.012031
11.6 14.4 -0.114829
11.6 14.8 -0.128525
11.6 15.2 -0.134715
11.6 15.6 -0.0864114
11.6 16 0.0100766
11.6 16.4 0.100843
11.6 16.8 0.124759
11.6 17.2 0.0619539
11.6 17.6 -0.0459766
11.6 18 -0.121916
11.6 18.4 -0.108856
11.6 18.8 -0.0147278
11.6 19.2 0.0884237
11.6 19.6 0.0086185
11.6 20 0
11.6 20.4 0
11.6 20.8 0
11.6 21.2 0
11.6 21.6 0
11.6 22 -0.00681847
11.6 22.4 -0.0852274
11.6 22.8 -0.0837962
11.6 23.2 -0.0619706
11.6 23.6 -0.00705285
11.6 24 0.0651613
11.6 24.4 0.116344
11.6 24.8 0.110183
11.6 25.2 0.0394418
11.6 25.6 -0.0640794
11.6 26 -0.145568
11.6 26.4 -0.018256
11.6 26.8 0

12 0 0
12 0.4 -0.000375617
12 0.8 -0.00512395
12 1.2 0.000496783
12 1.6 0.00897438
12 2 0.0144372
12 2.4 0.0142335
12 2.8 0.0102118
12 3.2 0.00522377
12 3.6 0.00364086
12 4 0
12 4.4 0
12 4.8 0
12 5.2 0
12 5.6 0
12 6 -0.00754655
12 6.4 -0.115423
12 6.8 -0.0656817
12 7.2 0.010555
12 7.6 0.0694352
12 8 0.0778321
12 8.4 0.0347861
12 8.8 -0.0306671
12 9.2 -0.0809428
12 9.6 -0.0941799
12 10 -0.0747924
12 10.4 -0.0452571
12 10.8 -0.0279939
12 11.2 -0.0319621
12 11.6 -0.0130463
12 12 0
12 12.4 0
12 12.8 0
12 13.2 0
12 13.6 0
12 14 -0.00425168
12 14.4 -0.141635
12 14.8 -0.137376
12 15.2 -0.0994372
12 15.6 -0.0151693
12 16 0.0864294
12 16.4 0.15029
12 16.8 0.13334
12 17.2 0.0399072
12 17.6 -0.0736662
12 18 -0.133029
12 18.4 -0.0971676
12 18.8 0.00985708
12 19.2 0.112227
12 19.6 0.0191903
12 20 0
12 20.4 0
12 20.8 0
12 21.2 0
12 21.6 0
12 22 -0.0108956
12 22.4 -0.0978561
12 22.8 -0.0963048
12 23.2 -0.0710802
12 23.6 -0.0110429
12 24 0.0661224
12 24.4 0.120717
12 24.8 0.11592
12 25.2 0.0448803
12 25.6 -0.0596519
12 26 -0.141879
12 26.4 -0.0178245
12 26.8 0

12.4 0 0
12.4 0.4 6.41896e-05
12.4 0.8 -0.00190687
12.4 1.2 -0.000293336
12.4 1.6 0.00396058
12.4 2 0.00856775
12.4 2.4 0.0125492
12.4 2.8 0.017227
12.4 3.2 0.0261652
12.4 3.6 0.0477016
12.4 4 0.00754355
12.4 4.4 0
12.4 4.8 0
12.4 5.2 0
12.4 5.6 0.0074408
12.4 6 -0.000450382
12.4 6.4 -0.0555637
12.4 6.8 -0.0419103
12.4 7.2 0.0130201
12.4 7.6 0.069602
12.4 8 0.0924596
12.4 8.4 0.0693676
12.4 8.8 0.0154403
12.4 9.2 -0.0398476
12.4 9.6 -0.0726317
12.4 10 -0.0777779
12.4 10.4 -0.0679018
12.4 10.8 -0.0619396
12.4 11.2 -0.0739045
12.4 11.6 -0.111796
12.4 12 -0.0152839
12.4 12.4 0
12.4 12.8 0
12.4 13.2 0
12.4 13.6 0.0168311
12.4 14 0.0875291
12.4 14.4 -0.018186
12.4 14.8 -0.0437044
12.4 15.2 -0.00726286
12.4 15.6 0.0692039
12.4 16 0.1424
12.4 16.4 0.163086
12.4 16.8 0.107115
12.4 17.2 -0.00291047
12.4 17.6 -0.105523
12.4 18 -0.13753
12.4 18.4 -0.0771132
12.4 18.8 0.0382708
12.4 19.2 0.13521
12.4 19.6 0.156599
12.4 20 0.00620611
12.4 20.4 0
12.4 20.8 0
12.4 21.2 0
12.4 21.6 0.000995708
12.4 22 -0.0279463
12.4 22.4 -0.0626241
12.4 22.8 -0.0849765
12.4 23.2 -0.0757517
12.4 23.6 -0.0256609
12.4 24 0.0479104
12.4 24.4 0.105745
12.4 24.8 0.110485
12.4 25.2 0.0530525
12.4 25.6 -0.0376167
12.4 26 -0.110098
12.4 26.4 -0.0139372
12.4 26.8 0

12.8 0 0
12.8 0.4 0.000415581
12.8 0.8 0.000940783
12.8 1.2 -0.001802
12.8 1.6 -0.00271922
12.8 2 -0.000326961
12.8 2.4 0.00580852
12.8 2.8 0.0147654
12.8 3.2 0.0245464
12.8 3.6 0.0326331
12.8 4 0.0325896
12.8 4.4 -0.00218811
12.8 4.8 -0.00650914
12.8 5.2 0.0035146
12.8 5.6 0.0656897
12.8 6 0.0184345
12.8 6.4 -0.0280056
12.8 6.8 -0.0370389
12.8 7.2 -0.00549716
12.8 7.6 0.044675
12.8 8 0.0822409
12.8 8.4 0.0860585
12.8 8.8 0.0560018
12.8 9.2 0.00948299
12.8 9.6 -0.0321091
12.8 10 -0.0567301
12.8 10.4 -0.0663437
12.8 10.8 -0.0717472
12.8 11.2 -0.082668
12.8 11.6 -0.0982196
12.8 12 -0.0934282
12.8 12.4 -0.0120306
12.8 12.8 -0.00543943
12.8 13.2 0.00661987
12.8 13.6 0.131188
12.8 14 0.109555
12.8 14.4 0.0612647
12.8 14.8 0.0449132
12.8 15.2 0.0689523
12.8 15.6 0.113666
12.8 16 0.142013
12.8 16.4 0.120525
12.8 16.8 0.0433949
12.8 17.2 -0.0573714
12.8 17.6 -0.12704
12.8 18 -0.122351
12.8 18.4 -0.0427209
12.8 18.8 0.0648596
12.8 19.2 0.133487
12.8 19.6 0.117699
12.8 20 0.0124973
12.8 20.4 -0.00658176
12.8 20.8 -2.49066e-05
12.8 21.2 0.00855189
12.8 21.6 0.0699786
12.8 22 0.0311219
12.8 22.4 -0.0191906
12.8 22.8 -0.0635678
12.8 23.2 -0.0765497
12.8 23.6 -0.0446964
12.8 24 0.0185997
12.8 24.4 0.0772082
12.8 24.8 0.0943136
12.8 25.2 0.0576005
12.8 25.6 -0.0107116
12.8 26 -0.06724
12.8 26.4 -0.00865769
12.8 26.8 0

13.2 0 0
13.2 0.4 0.000980186
13.2 0.8 0.00566247
13.2 1.2 -0.00210871
13.2 1.6 -0.0094353
13.2 2 -0.010885
13.2 2.4 -0.00454717
13.2 2.8 0.00616714
13.2 3.2 0.0135607
13.2 3.6 0.00862067
13.2 4 -0.0166232
13.2 4.4 -0.068383
13.2 4.8 -0.0705186
13.2 5.2 -0.022324
13.2 5.6 0.0344511
13.2 6 0.0216815
13.2 6.4 -0.0224621
13.2 6.8 -0.0544766
13.2 7.2 -0.0494606
13.2 7.6 -0.0101802
13.2 8 0.0397843
13.2 8.4 0.0733251
13.2 8.8 0.0759044
13.2 9.2 0.0510825
13.2 9.6 0.0142419
13.2 10 -0.0191085
13.2 10.4 -0.0419841
13.2 10.8 -0.0568403
13.2 11.2 -0.0699031
13.2 11.6 -0.0835954
13.2 12 -0.0923587
13.2 12.4 -0.0943662
13.2 12.8 -0.079838
13.2 13.2 -0.0322103
13.2 13.6 0.0512948
13.2 14 0.0771699
13.2 14.4 0.0739394
13.2 14.8 0.072053
13.2 15.2 0.0806466
13.2 15.6 0.0892164
13.2 16 0.0776937
13.2 16.4 0.0329817
13.2 16.8 -0.0364421
13.2 17.2 -0.0992948
13.2 17.6 -0.118138
13.2 18 -0.0751772
13.2 18.4 0.0108578
13.2 18.8 0.0914982
13.2 19.2 0.117898
13.2 19.6 0.0742739
13.2 20 -0.00690963
13.2 20.4 -0.0474113
13.2 20.8 -0.0140386
13.2 21.2 0.0457722
13.2 21.6 0.0773138
13.2 22 0.060372
13.2 22.4 0.0106341
13.2 22.8 -0.0449776
13.2 23.2 -0.0749289
13.2 23.6 -0.0607414
13.2 24 -0.0103857
13.2 24.4 0.0450643
13.2 24.8 0.0712498
13.2 25.2 0.0536802
13.2 25.6 0.00769383
13.2 26 -0.0323818
13.2 26.4 -0.004287
13.2 26.8 0

13.6 0 0
13.6 0.4 0.0016857
13.6 0.8 0.0115665
13.6 1.2 -0.00148298
13.6 1.6 -0.0156689
13.6 2 -0.0214659
13.6 2.4 -0.0150072
13.6 2.8 -0.00122389
13.6 3.2 0.00823658
13.6 3.6 0.00114633
13.6 4 -0.0275953
13.6 4.4 -0.0656764
13.6 4.8 -0.0613814
13.6 5.2 -0.0108414
13.6 5.6 0.043584
13.6 6 0.0370957
13.6 6.4 -0.0177308
13.6 6.8 -0.0769225
13.6 7.2 -0.101406
13.6 7.6 -0.0781292
13.6 8 -0.0223449
13.6 8.4 0.0359997
13.6 8.8 0.0711733
13.6 9.2 0.0741328
13.6 9.6 0.0528166
13.6 10 0.022945
13.6 10.4 -0.00290572
13.6 10.8 -0.0210509
13.6 11.2 -0.0353941
13.6 11.6 -0.0522367
13.6 12 -0.0757485
13.6 12.4 -0.104053
13.6 12.8 -0.109742
13.6 13.2 -0.083594
13.6 13.6 -0.0352782
13.6 14 0.00539602
13.6 14.4 0.028321
13.6 14.8 0.0357716
13.6 15.2 0.0306574
13.6 15.6 0.0123732
13.6 16 -0.0202008
13.6 16.4 -0.0618235
13.6 16.8 -0.0966873
13.6 17.2 -0.103065
13.6 17.6 -0.066879
13.6 18 0.00416694
13.6 18.4 0.0779514
13.6 18.8 0.113107
13.6 19.2 0.0855797
13.6 19.6 0.00947859
13.6 20 -0.0645991
13.6 20.4 -0.079905
13.6 20.8 -0.0349754
13.6 21.2 0.031421
13.6 21.6 0.0702287
13.6 22 0.0629839
13.6 22.4 0.0195827
13.6 22.8 -0.03494
13.6 23.2 -0.0700005
13.6 23.6 -0.0661593
13.6 24 -0.0275522
13.6 24.4 0.0204449
13.6 24.8 0.04808
13.6 25.2 0.0412892
13.6 25.6 0.0106957
13.6 26 -0.0170548
13.6 26.4 -0.00221686
13.6 26.8 0

14 0 0
14 0.4 0.00219973
14 0.8 0.0159739
14 1.2 -0.00166548
14 1.6 -0.0218505
14 2 -0.0312055
14 2.4 -0.023554
14 2.8 -0.00414049
14 3.2 0.0131734
14 3.6 0.0134345
14 4 -0.0125674
14 4.4 -0.064462
14 4.8 -0.0626381
14 5.2 -0.00347217
14 5.6 0.0764831
14 6 0.0701848
14 6.4 0.000608912
14 6.8 -0.0831918
14 7.2 -0.134312
14 7.6 -0.129726
14 8 -0.0776009
14 8.4 -0.0073964
14 8.8 0.0494172
14 9.2 0.075626
14 9.6 0.0730078
14 10 0.0554808
14 10.4 0.0375127
14 10.8 0.0257987
14 11.2 0.0178479
14 11.6 0.00480809
14 12 -0.0276598
14 12.4 -0.0986016
14 12.8 -0.134017
14 13.2 -0.135377
14 13.6 -0.117245
14 14 -0.0705748
14 14.4 -0.0328963
14 14.8 -0.0210105
14 15.2 -0.0352764
14 15.6 -0.0666515
14 16 -0.100643
14 16.4 -0.119976
14 16.8 -0.108823
14 17.2 -0.0599564
14 17.6 0.0176152
14 18 0.0965096
14 18.4 0.139763
14 18.8 0.119753
14 19.2 0.0380185
14 19.6 -0.0671635
14 20 -0.133391
14 20.4 -0.108041
14 20.8 -0.0436368
14 21.2 0.0255562
14 21.6 0.0527258
14 22 0.0425427
14 22.4 0.00881513
14 22.8 -0.0325626
14 23.2 -0.0591245
14 23.6 -0.0557592
14 24 -0.0256413
14 24.4 0.0112854
14 24.8 0.0317412
14 25.2 0.0250882
14 25.6 0.000326362
14 26 -0.0210959
14 26.4 -0.00245527
14 26.8 0

14.4 0 0
14.4 0.4 0.00231033
14.4 0.8 0.0172178
14.4 1.2 -0.00341318
14.4 1.6 -0.0276477
14.4 2 -0.0392538
14.4 2.4 -0.0300584
14.4 2.8 -0.00472042
14.4 3.2 0.0229558
14.4 3.6 0.0388705
14.4 4 0.0322101
14.4 4.4 -0.00311858
14.4 4.8 -0.0064008
14.4 5.2 0.00730118
14.4 5.6 0.134083
14.4 6 0.112541
14.4 6.4 0.0310411
14.4 6.8 -0.0638735
14.4 7.2 -0.129264
14.4 7.6 -0.140366
14.4 8 -0.100722
14.4 8.4 -0.0360082
14.4 8.8 0.0232844
14.4 9.2 0.0583914
14.4 9.6 0.0685166
14.4 10 0.0653618
14.4 10.4 0.0621231
14.4 10.8 0.0653321
14.4 11.2 0.0740158
14.4 11.6 0.0831017
14.4 12 0.0758857
14.4 12.4 0.00249114
14.4 12.8 -0.00938908
14.4 13.2 -0.0227534
14.4 13.6 -0.165168
14.4 14 -0.101634
14.4 14.4 -0.0544089
14.4 14.8 -0.0432197
14.4 15.2 -0.0638418
14.4 15.6 -0.0987998
14.4 16 -0.124279
14.4 16.4 -0.118545
14.4 16.8 -0.0708628
14.4 17.2 0.0117833
14.4 17.6 0.103636
14.4 18 0.167626
14.4 18.4 0.170903
14.4 18.8 0.102669
14.4 19.2 -0.015487
14.4 19.6 -0.134564
14.4 20 -0.192536
14.4 20.4 -0.0196672
14.4 20.8 -0.00111679
14.4 21.2 0.00490592
14.4 21.6 0.0297246
14.4 22 0.00344625
14.4 22.4 -0.0144243
14.4 22.8 -0.0325244
14.4 23.2 -0.0402948
14.4 23.6 -0.0298479
14.4 24 -0.005383
14.4 24.4 0.018226
14.4 24.8 0.0253754
14.4 25.2 0.0109848
14.4 25.6 -0.0152572
14.4 26 -0.0351338
14.4 26.4 -0.00393699
14.4 26.8 0

14.8 0 0
14.8 0.4 0.00219426
14.8 0.8 0.0167278
14.8 1.2 -0.00478597
14.8 1.6 -0.0305382
14.8 2 -0.0432671
14.8 2.4 -0.0340932
14.8 2.8 -0.00732329
14.8 3.2 0.0244918
14.8 3.6 0.0544747
14.8 4 0.00687219
14.8 4.4 0
14.8 4.8 0
14.8 5.2 0
14.8 5.6 0.0187213
14.8 6 0.130398
14.8 6.4 0.0518446
14.8 6.8 -0.0282897
14.8 7.2 -0.0870545
14.8 7.6 -0.104713
14.8 8 -0.082234
14.8 8.4 -0.0387305
14.8 8.8 0.00252847
14.8 9.2 0.0280016
14.8 9.6 0.0387381
14.8 10 0.0448978
14.8 10.4 0.0558968
14.8 10.8 0.0744582
14.8 11.2 0.100014
14.8 11.6 0.144517
14.8 12 0.0205648
14.8 12.4 0
14.8 12.8 0
14.8 13.2 0
14.8 13.6 -0.0140909
14.8 14 -0.0484331
14.8 14.4 -0.00408659
14.8 14.8 -0.00450606
14.8 15.2 -0.0332186
14.8 15.6 -0.069468
14.8 16 -0.0882102
14.8 16.4 -0.0697984
14.8 16.8 -0.010198
14.8 17.2 0.0742664
14.8 17.6 0.151075
14.8 18 0.184464
14.8 18.4 0.152657
14.8 18.8 0.061187
14.8 19.2 -0.0568847
14.8 19.6 -0.161858
14.8 20 -0.0254119
14.8 20.4 0
14.8 20.8 0
14.8 21.2 0
14.8 21.6 -0.00464596
14.8 22 -0.056287
14.8 22.4 -0.0374801
14.8 22.8 -0.0275748
14.8 23.2 -0.0144786
14.8 23.6 0.00437242
14.8 24 0.0235942
14.8 24.4 0.0333197
14.8 24.8 0.0258946
14.8 25.2 0.0021764
14.8 25.6 -0.0271527
14.8 26 -0.046869
14.8 26.4 -0.00525572
14.8 26.8 0

15.2 0 0
15.2 0.4 0.00227993
15.2 0.8 0.0179129
15.2 1.2 -0.00226146
15.2 1.6 -0.0267161
15.2 2 -0.0393864
15.2 2.4 -0.0325208
15.2 2.8 -0.0116505
15.2 3.2 0.00736721
15.2 3.6 0.00441467
15.2 4 0
15.2 4.4 0
15.2 4.8 0
15.2 5.2 0
15.2 5.6 0
15.2 6 0.0117859
15.2 6.4 0.0355984
15.2 6.8 0.0051686
15.2 7.2 -0.026208
15.2 7.6 -0.0394556
15.2 8 -0.0334202
15.2 8.4 -0.0194276
15.2 8.8 -0.00985417
15.2 9.2 -0.00846301
15.2 9.6 -0.00896954
15.2 10 -0.00180489
15.2 10.4 0.0169385
15.2 10.8 0.0413268
15.2 11.2 0.0583091
15.2 11.6 0.0160171
15.2 12 0
15.2 12.4 0
15.2 12.8 0
15.2 13.2 0
15.2 13.6 0
15.2 14 0.00819856
15.2 14.4 0.0978121
15.2 14.8 0.0685279
15.2 15.2 0.0306474
15.2 15.6 -0.00680181
15.2 16 -0.0255783
15.2 16.4 -0.0117938
15.2 16.8 0.0336659
15.2 17.2 0.092326
15.2 17.6 0.134887
15.2 18 0.135232
15.2 18.4 0.0854189
15.2 18.8 0.00408572
15.2 19.2 -0.0657784
15.2 19.6 -0.0170148
15.2 20 0
15.2 20.4 0
15.2 20.8 0
15.2 21.2 0
15.2 21.6 0
15.2 22 -0.0091161
15.2 22.4 -0.0317221
15.2 22.8 -0.0113003
15.2 23.2 0.0129874
15.2 23.6 0.0344239
15.2 24 0.0461117
15.2 24.4 0.0431901
15.2 24.8 0.02526
15.2 25.2 -0.00237602
15.2 25.6 -0.0299411
15.2 26 -0.0469127
15.2 26.4 -0.00531622
15.2 26.8 0

15.6 0 0
15.6 0.4 0.0027881
15.6 0.8 0.0225085
15.6 1.2 0.00577036
15.6 1.6 -0.014466
15.6 2 -0.0251776
15.6 2.4 -0.0206083
15.6 2.8 -0.00598403
15.6 3.2 0.00638725
15.6 3.6 0.000415889
15.6 4 0
15.6 4.4 0
15.6 4.8 0
15.6 5.2 0
15.6 5.6 0
15.6 6 0.00072841
15.6 6.4 0.0285078
15.6 6.8 0.0318009
15.6 7.2 0.0287373
15.6 7.6 0.0254899
15.6 8 0.0201895
15.6 8.4 0.00697536
15.6 8.8 -0.0160533
15.6 9.2 -0.0421553
15.6 9.6 -0.0587936
15.6 10 -0.0561815
15.6 10.4 -0.0351429
15.6 10.8 -0.00841707
15.6 11.2 0.00536604
15.6 11.6 -0.000707202
15.6 12 0
15.6 12.4 0
15.6 12.8 0
15.6 13.2 0
15.6 13.6 0
15.6 14 0.0115244
15.6 14.4 0.130394
15.6 14.8 0.105691
15.6 15.2 0.0742518
15.6 15.6 0.0415121
15.6 16 0.0198422
15.6 16.4 0.0184528
15.6 16.8 0.0354862
15.6 17.2 0.0569106
15.6 17.6 0.0632728
15.6 18 0.0411618
15.6 18.4 -0.00685498
15.6 18.8 -0.0601783
15.6 19.2 -0.0888253
15.6 19.6 -0.00523633
15.6 20 0
15.6 20.4 0
15.6 20.8 0
15.6 21.2 0
15.6 21.6 0
15.6 22 -0.00172104
15.6 22.4 -0.016006
15.6 22.8 0.00655487
15.6 23.2 0.0314557
15.6 23.6 0.0472688
15.6 24 0.0483859
15.6 24.4 0.0358365
15.6 24.8 0.0153113
15.6 25.2 -0.00610664
15.6 25.6 -0.0227445
15.6 26 -0.0315684
15.6 26.4 -0.0036286
15.6 26.8 0

16 0 0
16 0.4 0.00337706
16 0.8 0.0277562
16 1.2 0.0162113
16 1.6 0.00265103
16 2 -0.00425292
16 2.4 -0.00139677
16 2.8 0.00688177
16 3.2 0.0135606
16 3.6 0.00185897
16 4 0
16 4.4 0
16 4.8 0
16 5.2 0
16 5.6 0
16 6 -0.00464852
16 6.4 0.0114512
16 6.8 0.0339632
16 7.2 0.0518036
16 7.6 0.0601042
16 8 0.0521034
16 8.4 0.0240138
16 8.8 -0.0192317
16 9.2 -0.0633676
16 9.6 -0.0913239
16 10 -0.0931825
16 10.4 -0.0727266
16 10.8 -0.0457759
16 11.2 -0.0313534
16 11.6 -0.00460405
16 12 0
16 12.4 0
16 12.8 0
16 13.2 0
16 13.6 0
16 14 -0.00409803
16 14.4 0.0764189
16 14.8 0.0777712
16 15.2 0.0668899
16 15.6 0.0465162
16 16 0.025198
16 16.4 0.00987044
16 16.8 0.00104479
16 17.2 -0.00735382
16 17.6 -0.0231929
16 18 -0.0490001
16 18.4 -0.0771617
16 18.8 -0.0918812
16 19.2 -0.0798552
16 19.6 0.00410597
16 20 0
16 20.4 0
16 20.8 0
16 21.2 0
16 21.6 0
16 22 -0.0042465
16 22.4 -0.0042319
16 22.8 0.0165831
16 23.2 0.0338684
16 23.6 0.0370931
16 24 0.0257417
16 24.4 0.00772378
16 24.8 -0.00665752
16 25.2 -0.0113679
16 25.6 -0.00780394
16 26 -0.00272907
16 26.4 -0.000305062
16 26.8 0

16.4 0 0
16.4 0.4 0.00329133
16.4 0.8 0.0275767
16.4 1.2 0.0223927
16.4 1.6 0.0169101
16.4 2 0.0148334
16.4 2.4 0.0160509
16.4 2.8 0.0163183
16.4 3.2 0.0112664
16.4 3.6 0.00167417
16.4 4 -0.00480514
16.4 4.4 0
16.4 4.8 0
16.4 5.2 0
16.4 5.6 -0.000369002
16.4 6 -0.0462784
16.4 6.4 -0.0210099
16.4 6.8 0.00499001
16.4 7.2 0.0316637
16.4 7.6 0.0498826
16.4 8 0.0485948
16.4 8.4 0.0229002
16.4 8.8 -0.0205121
16.4 9.2 -0.0649625
16.4 9.6 -0.0924406
16.4 10 -0.0940448
16.4 10.4 -0.0750525
16.4 10.8 -0.0507234
16.4 11.2 -0.0348684
16.4 11.6 -0.0266203
16.4 12 -0.00245229
16.4 12.4 0
16.4 12.8 0
16.4 13.2 0
16.4 13.6 -0.0161669
16.4 14 -0.118376
16.4 14.4 -0.030431
16.4 14.8 0.00883601
16.4 15.2 0.021459
16.4 15.6 0.0166181
16.4 16 0.00142427
16.4 16.4 -0.0181833
16.4 16.8 -0.0384338
16.4 17.2 -0.0577744
16.4 17.6 -0.0751352
16.4 18 -0.0872399
16.4 18.4 -0.0870303
16.4 18.8 -0.06503
16.4 19.2 -0.0126646
16.4 19.6 0.0803189
16.4 20 0.0122206
16.4 20.4 0
16.4 20.8 0
16.4 21.2 0
16.4 21.6 -0.00303625
16.4 22 -0.0289519
16.4 22.4 -0.000630003
16.4 22.8 0.0184747
16.4 23.2 0.0227961
16.4 23.6 0.00953988
16.4 24 -0.0140015
16.4 24.4 -0.0332798
16.4 24.8 -0.0353175
16.4 25.2 -0.0172372
16.4 25.6 0.0112647
16.4 26 0.0333613
16.4 26.4 0.00402317
16.4 26.8 0

16.8 0 0
16.8 0.4 0.00197257
16.8 0.8 0.0174234
16.8 1.2 0.0188676
16.8 1.6 0.0215021
16.8 2 0.0244048
16.8 2.4 0.0244313
16.8 2.8 0.0172202
16.8 3.2 0.000222131
16.8 3.6 -0.0257963
16.8 4 -0.0625914
16.8 4.4 -0.00852873
16.8 4.8 0.000420482
16.8 5.2 0.00705392
16.8 5.6 0.0259474
16.8 6 -0.0279144
16.8 6.4 -0.0462659
16.8 6.8 -0.0413526
16.8 7.2 -0.0204399
16.8 7.6 0.00337603
16.8 8 0.0150359
16.8 8.4 0.00617338
16.8 8.8 -0.0192131
16.8 9.2 -0.0469353
16.8 9.6 -0.0617574
16.8 10 -0.057363
16.8 10.4 -0.0400591
16.8 10.8 -0.0234054
16.8 11.2 -0.0174493
16.8 11.6 -0.0204781
16.8 12 -0.0219403
16.8 12.4 -0.00235662
16.8 12.8 -0.000542962
16.8 13.2 -0.00629393
16.8 13.6 -0.0894423
16.8 14 -0.0979888
16.8 14.4 -0.0665956
16.8 14.8 -0.0380029
16.8 15.2 -0.0203335
16.8 15.6 -0.0148346
16.8 16 -0.0205465
16.8 16.4 -0.0342018
16.8 16.8 -0.0502996
16.8 17.2 -0.0625042
16.8 17.6 -0.0655815
16.8 18 -0.0565684
16.8 18.4 -0.0347409
16.8 18.8 -0.00130348
16.8 19.2 0.0396161
16.8 19.6 0.0761652
16.8 20 0.0689284
16.8 20.4 0.00495229
16.8 20.8 0.00207859
16.8 21.2 0.00402661
16.8 21.6 0.0107678
16.8 22 0.00801338
16.8 22.4 0.0191664
16.8 22.8 0.022576
16.8 23.2 0.00850049
16.8 23.6 -0.0214648
16.8 24 -0.0542113
16.8 24.4 -0.0713009
16.8 24.8 -0.0596222
16.8 25.2 -0.0202906
16.8 25.6 0.0300904
16.8 26 0.0673067
16.8 26.4 0.00826506
16.8 26.8 0

17.2 0 0
17.2 0.4 -0.000357562
17.2 0.8 -0.0010574
17.2 1.2 0.0060671
17.2 1.6 0.0154067
17.2 2 0.022653
17.2 2.4 0.0226662
17.2 2.8 0.0117352
17.2 3.2 -0.00934937
17.2 3.6 -0.03354
17.2 4 -0.0477207
17.2 4.4 -0.0276438
17.2 4.8 0.0131794
17.2 5.2 0.0407839
17.2 5.6 0.0232396
17.2 6 -0.0264693
17.2 6.4 -0.068902
17.2 6.8 -0.0870796
17.2 7.2 -0.0783856
17.2 7.6 -0.0533398
17.2 8 -0.0283947
17.2 8.4 -0.0154819
17.2 8.8 -0.0152416
17.2 9.2 -0.0185496
17.2 9.6 -0.0149571
17.2 10 -0.00154346
17.2 10.4 0.0146102
17.2 10.8 0.0222483
17.2 11.2 0.0155395
17.2 11.6 -0.000301688
17.2 12 -0.0127142
17.2 12.4 -0.0125207
17.2 12.8 -0.00199826
17.2 13.2 0.000915937
17.2 13.6 -0.0310423
17.2 14 -0.0507582
17.2 14.4 -0.0522545
17.2 14.8 -0.0437891
17.2 15.2 -0.0312526
17.2 15.6 -0.0206778
17.2 16 -0.0169562
17.2 16.4 -0.0202891
17.2 16.8 -0.0249609
17.2 17.2 -0.022473
17.2 17.6 -0.0071641
17.2 18 0.0196711
17.2 18.4 0.0500392
17.2 18.8 0.0734369
17.2 19.2 0.0816708
17.2 19.6 0.0707346
17.2 20 0.0400427
17.2 20.4 0.00788546
17.2 20.8 0.0141442
17.2 21.2 0.0327383
17.2 21.6 0.0359456
17.2 22 0.0403052
17.2 22.4 0.040985
17.2 22.8 0.0281307
17.2 23.2 -0.00191016
17.2 23.6 -0.0425807
17.2 24 -0.0780994
17.2 24.4 -0.0903016
17.2 24.8 -0.0686051
17.2 25.2 -0.0174949
17.2 25.6 0.0434763
17.2 26 0.088143
17.2 26.4 0.011017
17.2 26.8 0

17.6 0 0
17.6 0.4 -0.00266962
17.6 0.8 -0.0197484
17.6 1.2 -0.00916937
17.6 1.6 0.00416804
17.6 2 0.0142398
17.6 2.4 0.0151091
17.6 2.8 0.00387717
17.6 3.2 -0.0165308
17.6 3.6 -0.0365237
17.6 4 -0.0417929
17.6 4.4 -0.0186793
17.6 4.8 0.0221958
17.6 5.2 0.0497909
17.6 5.6 0.0369304
17.6 6 -0.0152479
17.6 6.4 -0.0729223
17.6 6.8 -0.108852
17.6 7.2 -0.112449
17.6 7.6 -0.0902435
17.6 8 -0.0581681
17.6 8.4 -0.0302137
17.6 8.8 -0.0107437
17.6 9.2 0.0048734
17.6 9.6 0.0228458
17.6 10 0.0432932
17.6 10.4 0.0587549
17.6 10.8 0.0601365
17.6 11.2 0.0451659
17.6 11.6 0.0221326
17.6 12 0.00540423
17.6 12.4 0.0064317
17.6 12.8 0.0238791
17.6 13.2 0.0405338
17.6 13.6 0.0364199
17.6 14 0.0133031
17.6 14.4 -0.00904606
17.6 14.8 -0.0177501
17.6 15.2 -0.0114456
17.6 15.6 0.00172819
17.6 16 0.011748
17.6 16.4 0.0150686
17.6 16.8 0.0175108
17.6 17.2 0.0292812
17.6 17.6 0.055736
17.6 18 0.0908745
17.6 18.4 0.118731
17.6 18.8 0.122222
17.6 19.2 0.0939584
17.6 19.6 0.0427898
17.6 20 -0.00659843
17.6 20.4 -0.0218153
17.6 20.8 -0.00259917
17.6 21.2 0.0308401
17.6 21.6 0.0554516
17.6 22 0.0636086
17.6 22.4 0.055087
17.6 22.8 0.0302018
17.6 23.2 -0.00713739
17.6 23.6 -0.0473361
17.6 24 -0.0765258
17.6 24.4 -0.0816348
17.6 24.8 -0.0569832
17.6 25.2 -0.00870779
17.6 25.6 0.0461555
17.6 26 0.0863843
17.6 26.4 0.0109681
17.6 26.8 0

18 0 0
18 0.4 -0.00375897
18 0.8 -0.0290371
18 1.2 -0.0180097
18 1.6 -0.00401808
18 2 0.00682757
18 2.4 0.00881375
18 2.8 -0.000438826
18 3.2 -0.0178826
18 3.6 -0.0352897
18 4 -0.041302
18 4.4 -0.0188816
18 4.8 0.0266747
18 5.2 0.0638524
18 5.6 0.0641943
18 6 0.0109553
18 6.4 -0.0517478
18 6.8 -0.0948262
18 7.2 -0.105787
18 7.6 -0.0891877
18 8 -0.0597414
18 8.4 -0.0313005
18 8.8 -0.00908426
18 9.2 0.0100153
18 9.6 0.0305622
18 10 0.0516303
18 10.4 0.0659164
18 10.8 0.0657076
18 11.2 0.0504786
18 11.6 0.0291106
18 12 0.0142848
18 12.4 0.0187413
18 12.8 0.0446613
18 13.2 0.0773586
18 13.6 0.0976396
18 14 0.0672707
18 14.4 0.0293137
18 14.8 0.0110235
18 15.2 0.0164001
18 15.6 0.0329436
18 16 0.0448771
18 16.4 0.0458984
18 16.8 0.0433517
18 17.2 0.0510527
18 17.6 0.0762377
18 18 0.110619
18 18.4 0.132733
18 18.8 0.120695
18 19.2 0.0673468
18 19.6 -0.0108057
18 20 -0.0726997
18 20.4 -0.0550343
18 20.8 -0.0116149
18 21.2 0.0381484
18 21.6 0.0726731
18 22 0.073827
18 22.4 0.0540434
18 22.8 0.0228345
18 23.2 -0.0106517
18 23.6 -0.0376485
18 24 -0.0511348
18 24.4 -0.0474294
18 24.8 -0.0274191
18 25.2 0.0031789
18 25.6 0.0351033
18 26 0.0584115
18 26.4 0.00753345
18 26.8 0

18.4 0 0
18.4 0.4 -0.00310611
18.4 0.8 -0.0246452
18.4 1.2 -0.0159255
18.4 1.6 -0.00417672
18.4 2 0.00565259
18.4 2.4 0.0088331
18.4 2.8 0.00331754
18.4 3.2 -0.00901619
18.4 3.6 -0.0243637
18.4 4 -0.0442804
18.4 4.4 -0.00545605
18.4 4.8 0.00143899
18.4 5.2 0.0139053
18.4 5.6 0.100762
18.4 6 0.0381518
18.4 6.4 -0.017668
18.4 6.8 -0.0539638
18.4 7.2 -0.0639346
18.4 7.6 -0.0528906
18.4 8 -0.0342106
18.4 8.4 -0.0196002
18.4 8.8 -0.0119646
18.4 9.2 -0.00616363
18.4 9.6 0.00384285
18.4 10 0.0180568
18.4 10.4 0.0297743
18.4 10.8 0.0317163
18.4 11.2 0.0234681
18.4 11.6 0.0126766
18.4 12 0.00306184
18.4 12.4 0.000115625
18.4 12.8 0.00272207
18.4 13.2 0.0160079
18.4 13.6 0.139911
18.4 14 0.0809621
18.4 14.4 0.0290895
18.4 14.8 0.0122196
18.4 15.2 0.0262658
18.4 15.6 0.0499182
18.4 16 0.0607846
18.4 16.4 0.0508749
18.4 16.8 0.0312586
18.4 17.2 0.0222711
18.4 17.6 0.0363701
18.4 18 0.0664262
18.4 18.4 0.0883816
18.4 18.8 0.0765785
18.4 19.2 0.0206621
18.4 19.6 -0.0676792
18.4 20 -0.157569
18.4 20.4 -0.0183662
18.4 20.8 4.51412e-05
18.4 21.2 0.0103154
18.4 21.6 0.0896298
18.4 22 0.0663764
18.4 22.4 0.0338555
18.4 22.8 0.00285267
18.4 23.2 -0.0168571
18.4 23.6 -0.020868
18.4 24 -0.0121955
18.4 24.4 0.00116336
18.4 24.8 0.0112299
18.4 25.2 0.0143239
18.4 25.6 0.0122455
18.4 26 0.0100692
18.4 26.4 0.00139293
18.4 26.8 0

18.8 0 0
18.8 0.4 -0.00130874
18.8 0.8 -0.0111108
18.8 1.2 -0.00610682
18.8 1.6 0.00197162
18.8 2 0.00996346
18.8 2.4 0.0145132
18.8 2.8 0.0141104
18.8 3.2 0.0104606
18.8 3.6 0.00795565
18.8 4 -0.00142524
18.8 4.4 0
18.8 4.8 0
18.8 5.2 0
18.8 5.6 0.0108956
18.8 6 0.0312529
18.8 6.4 0.00473752
18.8 6.8 -0.0102546
18.8 7.2 -0.0107232
18.8 7.6 -0.00219112
18.8 8 0.00362505
18.8 8.4 -0.00186493
18.8 8.8 -0.0174754
18.8 9.2 -0.0338297
18.8 9.6 -0.0414417
18.8 10 -0.0382754
18.8 10.4 -0.0304845
18.8 10.8 -0.0258579
18.8 11.2 -0.0251767
18.8 11.6 -0.0162725
18.8 12 -0.00245876
18.8 12.4 0
18.8 12.8 0
18.8 13.2 0
18.8 13.6 0.0118275
18.8 14 0.0289979
18.8 14.4 -0.025699
18.8 14.8 -0.0240558
18.8 15.2 0.00982533
18.8 15.6 0.0453739
18.8 16 0.0549594
18.8 16.4 0.0305631
18.8 16.8 -0.0112561
18.8 17.2 -0.041727
18.8 17.6 -0.0410398
18.8 18 -0.0128551
18.8 18.4 0.0184677
18.8 18.8 0.025448
18.8 19.2 -0.00468705
18.8 19.6 -0.0707675
18.8 20 -0.0197917
18.8 20.4 0
18.8 20.8 0
18.8 21.2 0
18.8 21.6 0.00819504
18.8 22 0.0323069
18.8 22.4 -0.00341209
18.8 22.8 -0.0260897
18.8 23.2 -0.0266473
18.8 23.6 -0.00489322
18.8 24 0.0266147
18.8 24.4 0.0489647
18.8 24.8 0.0479033
18.8 25.2 0.0223409
18.8 25.6 -0.01474
18.8 26 -0.0434518
18.8 26.4 -0.00549029
18.8 26.8 0

19.2 0 0
19.2 0.4 0.000280241
19.2 0.8 0.00101322
19.2 1.2 0.00279235
19.2 1.6 0.00768577
19.2 2 0.0141904
19.2 2.4 0.0200222
19.2 2.8 0.0237685
19.2 3.2 0.0264518
19.2 3.6 0.00399043
19.2 4 0
19.2 4.4 0
19.2 4.8 0
19.2 5.2 0
19.2 5.6 0
19.2 6 0.00122181
19.2 6.4 0.00568733
19.2 6.8 0.0149772
19.2 7.2 0.026149
19.2 7.6 0.0358942
19.2 8 0.0336917
19.2 8.4 0.0130821
19.2 8.8 -0.0212973
19.2 9.2 -0.0560313
19.2 9.6 -0.078255
19.2 10 -0.084194
19.2 10.4 -0.0801921
19.2 10.8 -0.0761193
19.2 11.2 -0.0778122
19.2 11.6 -0.00843155
19.2 12 0
19.2 12.4 0
19.2 12.8 0
19.2 13.2 0
19.2 13.6 0
19.2 14 -0.00960103
19.2 14.4 -0.117389
19.2 14.8 -0.0745294
19.2 15.2 -0.0156831
19.2 15.6 0.032833
19.2 16 0.0423783
19.2 16.4 0.00619506
19.2 16.8 -0.0536551
19.2 17.2 -0.100571
19.2 17.6 -0.108133
19.2 18 -0.0770257
19.2 18.4 -0.031708
19.2 18.8 0.000796016
19.2 19.2 0.0151155
19.2 19.6 -0.00287909
19.2 20 0
19.2 20.4 0
19.2 20.8 0
19.2 21.2 0
19.2 21.6 0
19.2 22 -0.000235329
19.2 22.4 -0.0417813
19.2 22.8 -0.0508478
19.2 23.2 -0.0354806
19.2 23.6 0.00524923
19.2 24 0.0531896
19.2 24.4 0.0820109
19.2 24.8 0.0730602
19.2 25.2 0.0270841
19.2 25.6 -0.0349914
19.2 26 -0.0827509
19.2 26.4 -0.0105567
19.2 26.8 0

19.6 0 0
19.6 0.4 0
19.6 0.8 0.000280241
19.6 1.2 0.000349389
19.6 1.6 0.000780484
19.6 2 0.00150989
19.6 2.4 0.00230791
19.6 2.8 0.00294742
19.6 3.2 0.00342984
19.6 3.6 0
19.6 4 0
19.6 4.4 0
19.6 4.8 0
19.6 5.2 0
19.6 5.6 0
19.6 6 0
19.6 6.4 0.000225268
19.6 6.8 0.00157856
19.6 7.2 0.0032584
19.6 7.6 0.00474529
19.6 8 0.004627
19.6 8.4 0.00206299
19.6 8.8 -0.00233065
19.6 9.2 -0.0068087
19.6 9.6 -0.00971048
19.6 10 -0.0105504
19.6 10.4 -0.0101327
19.6 10.8 -0.00969499
19.6 11.2 -0.00993923
19.6 11.6 0
19.6 12 0
19.6 12.4 0
19.6 12.8 0
19.6 13.2 0
19.6 13.6 0
19.6 14 0
19.6 14.4 -0.0154222
19.6 14.8 -0.00995324
19.6 15.2 -0.00242684
19.6 15.6 0.00373233
19.6 16 0.00486575
19.6 16.4 0.000160291
19.6 16.8 -0.00750113
19.6 17.2 -0.0133992
19.6 17.6 -0.0141555
19.6 18 -0.00989497
19.6 18.4 -0.00380741
19.6 18.8 0.000580726
19.6 19.2 0.00252626
19.6 19.6 0
19.6 20 0
19.6 20.4 0
19.6 20.8 0
19.6 21.2 0
19.6 21.6 0
19.6 22 0
19.6 22.4 -0.00488095
19.6 22.8 -0.00608989
19.6 23.2 -0.00423321
19.6 23.6 0.000825234
19.6 24 0.00680939
19.6 24.4 0.0103944
19.6 24.8 0.00921638
19.6 25.2 0.00336564
19.6 25.6 -0.00450928
19.6 26 -0.0105567
19.6 26.4 0
19.6 26.8 0

20 0 0
20 0.4 0
20 0.8 0
20 1.2 0
20 1.6 0
20 2 0
20 2.4 0
20 2.8 0
20 3.2 0
20 3.6 0
20 4 0
20 4.4 0
20 4.8 0
20 5.2 0
20 5.6 0
20 6 0
20 6.4 0
20 6.8 0
20 7.2 0
20 7.6 0
20 8 0
20 8.4 0
20 8.8 0
20 9.2 0
20 9.6 0
20 10 0
20 10.4 0
20 10.8 0
20 11.2 0
20 11.6 0
20 12 0
20 12.4 0
20 12.8 0
20 13.2 0
20 13.6 0
20 14 0
20 14.4 0
20 14.8 0
20 15.2 0
20 15.6 0
20 16 0
20 16.4 0
20 16.8 0
20 17.2 0
20 17.6 0
20 18 0
20 18.4 0
20 18.8 0
20 19.2 0
20 19.6 0
20 20 0
20 20.4 0
20 20.8 0
20 21.2 0
20 21.6 0
20 22 0
20 22.4 0
20 22.8 0
20 23.2 0
20 23.6 0
20 24 0
20 24.4 0
20 24.8 0
20 25.2 0
20 25.6 0
20 26 0
20 26.4 0
20 26.8 0

