0 0 0
0 0.4 0
0 0.8 0
0 1.2 0
0 1.6 0
0 2 0
0 2.4 0
0 2.8 0
0 3.2 0
0 3.6 0
0 4 0
0 4.4 0
0 4.8 0
0 5.2 0
0 5.6 0
0 6 0
0 6.4 0
0 6.8 0
0 7.2 0
0 7.6 0
0 8 0
0 8.4 0
0 8.8 0
0 9.2 0
0 9.6 0
0 10 0
0 10.4 0
0 10.8 0
0 11.2 0
0 11.6 0
0 12 0
0 12.4 0
0 12.8 0
0 13.2 0
0 13.6 0
0 14 0
0 14.4 0
0 14.8 0
0 15.2 0
0 15.6 0
0 16 0
0 16.4 0
0 16.8 0
0 17.2 0
0 17.6 0
0 18 0
0 18.4 0
0 18.8 0
0 19.2 0
0 19.6 0
0 20 0
0 20.4 0
0 20.8 0
0 21.2 0
0 21.6 0
0 22 0
0 22.4 0
0 22.8 0
0 23.2 0
0 23.6 0
0 24 0
0 24.4 0
0 24.8 0
0 25.2 0
0 25.6 0
0 26 0
0 26.4 0
0 26.8 0

0.4 0 0
0.4 0.4 0
0.4 0.8 -0.00657444
0.4 1.2 -0.00176573
0.4 1.6 0.00395739
0.4 2 0.00699839
0.4 2.4 0.00542815
0.4 2.8 0.000162367
0.4 3.2 -0.0056648
0.4 3.6 -0.00865655
0.4 4 -0.00713089
0.4 4.4 -0.00190076
0.4 4.8 0.00443183
0.4 5.2 0.0089235
0.4 5.6 0.00984701
0.4 6 0.00719926
0.4 6.4 0.00189645
0.4 6.8 -0.00458309
0.4 7.2 -0.01031
0.4 7.6 -0.0133428
0.4 8 -0.0125609
0.4 8.4 -0.00838037
0.4 8.8 -0.00272043
0.4 9.2 0.00195135
0.4 9.6 0.00397412
0.4 10 0.00335632
0.4 10.4 0.0015432
0.4 10.8 0.000257804
0.4 11.2 0.000268889
0.4 11.6 0.00100559
0.4 12 0.00131025
0.4 12.4 0.00073635
0.4 12.8 0.000264692
0.4 13.2 0.00151478
0.4 13.6 0.0052544
0.4 14 0.0104024
0.4 14.4 0.0144262
0.4 14.8 0.0151317
0.4 15.2 0.0124335
0.4 15.6 0.00859579
0.4 16 0.00665746
0.4 16.4 0.00816849
0.4 16.8 0.0119152
0.4 17.2 0.0146191
0.4 17.6 0.0131677
0.4 18 0.00682252
0.4 18.4 -0.00214223
0.4 18.8 -0.00979263
0.4 19.2 -0.0128968
0.4 19.6 -0.0106552
0.4 20 -0.00473521
0.4 20.4 0.00207229
0.4 20.8 0.00719735
0.4 21.2 0.0088436
0.4 21.6 0.00641855
0.4 22 0.000690778
0.4 22.4 -0.00635173
0.4 22.8 -0.0119605
0.4 23.2 -0.0137325
0.4 23.6 -0.0108872
0.4 24 -0.00485604
0.4 24.4 0.0013688
0.4 24.8 0.00488553
0.4 25.2 0.00455284
0.4 25.6 0.00158945
0.4 26 -0.00132508
0.4 26.4 0
0.4 26.8 0

0.8 0 0
0.8 0.4 -0.00657444
0.8 0.8 -0.0506149
0.8 1.2 -0.0134263
0.8 1.6 0.030441
0.8 2 0.053033
0.8 2.4 0.0397536
0.8 2.8 -0.00161078
0.8 3.2 -0.0462165
0.8 3.6 -0.0678007
0.8 4 -0.05407
0.8 4.4 -0.0122816
0.8 4.8 0.0368657
0.8 5.2 0.0707245
0.8 5.6 0.0765641
0.8 6 0.0549868
0.8 6.4 0.0132876
0.8 6.8 -0.0371671
0.8 7.2 -0.0814519
0.8 7.6 -0.10433
0.8 8 -0.0969023
0.8 8.4 -0.0625081
0.8 8.8 -0.0166249
0.8 9.2 0.0207929
0.8 9.6 0.0363528
0.8 10 0.0303248
0.8 10.4 0.0147753
0.8 10.8 0.00403816
0.8 11.2 0.00451466
0.8 11.6 0.0114186
0.8 12 0.0149374
0.8 12.4 0.0109689
0.8 12.8 0.00715036
0.8 13.2 0.016536
0.8 13.6 0.0454468
0.8 14 0.0852787
0.8 14.4 0.115688
0.8 14.8 0.119251
0.8 15.2 0.0958072
0.8 15.6 0.0641572
0.8 16 0.0489957
0.8 16.4 0.0624763
0.8 16.8 0.0941449
0.8 17.2 0.117049
0.8 17.6 0.106088
0.8 18 0.0557341
0.8 18.4 -0.015332
0.8 18.8 -0.0756568
0.8 19.2 -0.100115
0.8 19.6 -0.0832677
0.8 20 -0.0387372
0.8 20.4 0.0121558
0.8 20.8 0.050854
0.8 21.2 0.0646404
0.8 21.6 0.0488071
0.8 22 0.00775338
0.8 22.4 -0.0450597
0.8 22.8 -0.0893115
0.8 23.2 -0.105786
0.8 23.6 -0.08676
0.8 24 -0.0417175
0.8 24.4 0.0067762
0.8 24.8 0.035737
0.8 25.2 0.0352917
0.8 25.6 0.0140479
0.8 26 -0.00756209
0.8 26.4 -0.00132508
0.8 26.8 0

1.2 0 0
1.2 0.4 -0.00434421
1.2 0.8 -0.0334156
1.2 1.2 -0.00533105
1.2 1.6 0.0277755
1.2 2 0.0441506
1.2 2.4 0.0329203
1.2 2.8 0.000864003
1.2 3.2 -0.0325952
1.2 3.6 -0.0483385
1.2 4 -0.0392462
1.2 4.4 -0.0126437
1.2 4.8 0.0170656
1.2 5.2 0.0350295
1.2 5.6 0.03629
1.2 6 0.0276161
1.2 6.4 0.012306
1.2 6.8 -0.00795491
1.2 7.2 -0.0279774
1.2 7.6 -0.038825
1.2 8 -0.0331436
1.2 8.4 -0.0115262
1.2 8.8 0.0158901
1.2 9.2 0.0349151
1.2 9.6 0.0365263
1.2 10 0.0230899
1.2 10.4 0.00663696
1.2 10.8 7.21346e-05
1.2 11.2 0.00764618
1.2 11.6 0.0218522
1.2 12 0.0294048
1.2 12.4 0.0226142
1.2 12.8 0.00840291
1.2 13.2 0.000879949
1.2 13.6 0.00945442
1.2 14 0.0299901
1.2 14.4 0.045262
1.2 14.8 0.0393004
1.2 15.2 0.0119083
1.2 15.6 -0.0195213
1.2 16 -0.0322165
1.2 16.4 -0.0150406
1.2 16.8 0.0224076
1.2 17.2 0.055539
1.2 17.6 0.0614406
1.2 18 0.0345388
1.2 18.4 -0.00991625
1.2 18.8 -0.0467928
1.2 19.2 -0.0581578
1.2 19.6 -0.0437996
1.2 20 -0.0175101
1.2 20.4 0.00695335
1.2 20.8 0.0241299
1.2 21.2 0.030205
1.2 21.6 0.0229755
1.2 22 0.0023215
1.2 22.4 -0.0278591
1.2 22.8 -0.0559099
1.2 23.2 -0.0672816
1.2 23.6 -0.0540797
1.2 24 -0.0218762
1.2 24.4 0.0121014
1.2 24.8 0.0292439
1.2 25.2 0.0216318
1.2 25.6 -0.00268203
1.2 26 -0.0252672
1.2 26.4 -0.00343489
1.2 26.8 0

1.6 0 0
1.6 0.4 -0.00176663
1.6 0.8 -0.0138075
1.6 1.2 0.00291354
1.6 1.6 0.0227515
1.6 2 0.0317462
1.6 2.4 0.0236717
1.6 2.8 0.00403403
1.6 3.2 -0.0145471
1.6 3.6 -0.0220832
1.6 4 -0.0186774
1.6 4.4 -0.0129555
1.6 4.8 -0.00883995
1.6 5.2 -0.013158
1.6 5.6 -0.0219009
1.6 6 -0.0123897
1.6 6.4 0.0100919
1.6 6.8 0.031121
1.6 7.2 0.0421573
1.6 7.6 0.0446029
1.6 8 0.0451187
1.6 8.4 0.047823
1.6 8.8 0.0500485
1.6 9.2 0.0450096
1.6 9.6 0.0289689
1.6 10 0.00667504
1.6 10.4 -0.00997109
1.6 10.8 -0.00975469
1.6 11.2 0.00905651
1.6 11.6 0.0355277
1.6 12 0.051088
1.6 12.4 0.0407553
1.6 12.8 0.0126243
1.6 13.2 -0.0169576
1.6 13.6 -0.0337026
1.6 14 -0.0344595
1.6 14.4 -0.0342775
1.6 14.8 -0.0494777
1.6 15.2 -0.0810588
1.6 15.6 -0.113089
1.6 16 -0.124467
1.6 16.4 -0.104654
1.6 16.8 -0.0618699
1.6 17.2 -0.0178216
1.6 17.6 0.007141
1.6 18 0.00755013
1.6 18.4 -0.00489348
1.6 18.8 -0.0119054
1.6 19.2 -0.00410545
1.6 19.6 0.0106935
1.6 20 0.0148381
1.6 20.4 0.00312527
1.6 20.8 -0.00776838
1.6 21.2 -0.0114399
1.6 21.6 -0.00708204
1.6 22 -0.000622836
1.6 22.4 -0.00240764
1.6 22.8 -0.0110512
1.6 23.2 -0.0167318
1.6 23.6 -0.0107735
1.6 24 0.0059185
1.6 24.4 0.0220534
1.6 24.8 0.0238232
1.6 25.2 0.00567823
1.6 25.6 -0.0243742
1.6 26 -0.0494139
1.6 26.4 -0.00628662
1.6 26.8 0

2 0 0
2 0.4 8.68647e-05
2 0.8 -0.000139835
2 1.2 0.00528225
2 1.6 0.011711
2 2 0.0131606
2 2.4 0.00829375
2 2.8 0.00171876
2 3.2 -0.000145365
2 3.6 0.00422188
2 4 0.00684721
2 4.4 -0.00829997
2 4.8 -0.0244506
2 5.2 -0.0498444
2 5.6 -0.0830122
2 6 -0.0555521
2 6.4 0.0037794
2 6.8 0.0601981
2 7.2 0.0938356
2 7.6 0.102167
2 8 0.0937644
2 8.4 0.0783686
2 8.8 0.0600742
2 9.2 0.0377153
2 9.6 0.010724
2 10 -0.0155101
2 10.4 -0.0300865
2 10.8 -0.0231989
2 11.2 0.00596311
2 11.6 0.0459099
2 12 0.0751817
2 12.4 0.062697
2 12.8 0.025995
2 13.2 -0.0182838
2 13.6 -0.0526717
2 14 -0.0621481
2 14.4 -0.0648859
2 14.8 -0.0814765
2 15.2 -0.113721
2 15.6 -0.1463
2 16 -0.159166
2 16.4 -0.142104
2 16.8 -0.101878
2 17.2 -0.0572222
2 17.6 -0.0255199
2 18 -0.0110066
2 18.4 -0.00333864
2 18.8 0.0120859
2 19.2 0.0390946
2 19.6 0.0615144
2 20 0.0487592
2 20.4 -0.00227374
2 20.8 -0.0349219
2 21.2 -0.0436676
2 21.6 -0.0250532
2 22 0.0106869
2 22.4 0.0323335
2 22.8 0.0355468
2 23.2 0.0291222
2 23.6 0.0245888
2 24 0.0262047
2 24.4 0.0278061
2 24.8 0.0189027
2 25.2 -0.00507503
2 25.6 -0.0369798
2 26 -0.0616625
2 26.4 -0.00759241
2 26.8 0

2.4 0 0
2.4 0.4 0.0008204
2.4 0.8 0.00468286
2.4 1.2 0.000943707
2.4 1.6 -0.00392988
2.4 2 -0.00935746
2.4 2.4 -0.0125151
2.4 2.8 -0.00907819
2.4 3.2 0.00343634
2.4 3.6 0.0222185
2.4 4 0.03691
2.4 4.4 0.00271272
2.4 4.8 -0.00129771
2.4 5.2 -0.0145026
2.4 5.6 -0.144498
2.4 6 -0.089769
2.4 6.4 -0.00176151
2.4 6.8 0.0693219
2.4 7.2 0.104668
2.4 7.6 0.105757
2.4 8 0.0861549
2.4 8.4 0.0603431
2.4 8.8 0.0356691
2.4 9.2 0.0120214
2.4 9.6 -0.0122182
2.4 10 -0.0339737
2.4 10.4 -0.0446566
2.4 10.8 -0.0354852
2.4 11.2 -0.00419842
2.4 11.6 0.0433272
2.4 12 0.0985759
2.4 12.4 0.0138641
2.4 12.8 0.00340202
2.4 13.2 -0.000487959
2.4 13.6 -0.0393439
2.4 14 -0.0350519
2.4 14.4 -0.0218552
2.4 14.8 -0.0304436
2.4 15.2 -0.0596843
2.4 15.6 -0.0926211
2.4 16 -0.109557
2.4 16.4 -0.100778
2.4 16.8 -0.0722531
2.4 17.2 -0.0405415
2.4 17.6 -0.0204292
2.4 18 -0.0140732
2.4 18.4 -0.00955886
2.4 18.8 0.0096649
2.4 19.2 0.0501644
2.4 19.6 0.0951036
2.4 20 0.0818591
2.4 20.4 0.00289898
2.4 20.8 -0.00373497
2.4 21.2 -0.00676982
2.4 21.6 -0.0233731
2.4 22 0.0441534
2.4 22.4 0.072595
2.4 22.8 0.0714527
2.4 23.2 0.0538169
2.4 23.6 0.0358065
2.4 24 0.0263365
2.4 24.4 0.0221172
2.4 24.8 0.0129895
2.4 25.2 -0.00718994
2.4 25.6 -0.033565
2.4 26 -0.0531469
2.4 26.4 -0.00628501
2.4 26.8 0

2.8 0 0
2.8 0.4 0.000876269
2.8 0.8 0.0044428
2.8 1.2 -0.00483307
2.8 1.6 -0.0169632
2.8 2 -0.0276286
2.8 2.4 -0.031685
2.8 2.8 -0.0250757
2.8 3.2 -0.00738828
2.8 3.6 0.0189611
2.8 4 0.00432479
2.8 4.4 0
2.8 4.8 0
2.8 5.2 0
2.8 5.6 -0.0195225
2.8 6 -0.0921648
2.8 6.4 0.0104136
2.8 6.8 0.0637547
2.8 7.2 0.0750614
2.8 7.6 0.0565469
2.8 8 0.0272021
2.8 8.4 0.00297352
2.8 8.8 -0.0107028
2.8 9.2 -0.0181528
2.8 9.6 -0.0261255
2.8 10 -0.036247
2.8 10.4 -0.0431764
2.8 10.8 -0.0394015
2.8 11.2 -0.0217806
2.8 11.6 0.0084923
2.8 12 0.00836423
2.8 12.4 0
2.8 12.8 0
2.8 13.2 0
2.8 13.6 0.00187576
2.8 14 0.0267212
2.8 14.4 0.0726225
2.8 14.8 0.072115
2.8 15.2 0.0447522
2.8 15.6 0.011121
2.8 16 -0.0098429
2.8 16.4 -0.00985557
2.8 16.8 0.00459985
2.8 17.2 0.0174686
2.8 17.6 0.0148628
2.8 18 -0.00425111
2.8 18.4 -0.0255659
2.8 18.8 -0.02669
2.8 19.2 0.012241
2.8 19.6 0.109658
2.8 20 0.0135494
2.8 20.4 0
2.8 20.8 0
2.8 21.2 0
2.8 21.6 0.00578355
2.8 22 0.107244
2.8 22.4 0.106475
2.8 22.8 0.0834002
2.8 23.2 0.0470786
2.8 23.6 0.0165095
2.8 24 0.00335723
2.8 24.4 0.00407454
2.8 24.8 0.00544504
2.8 25.2 -0.00261878
2.8 25.6 -0.0182864
2.8 26 -0.0301812
2.8 26.4 -0.00323401
2.8 26.8 0

3.2 0 0
3.2 0.4 0.000973726
3.2 0.8 0.005052
3.2 1.2 -0.00522745
3.2 1.6 -0.0189599
3.2 2 -0.0316713
3.2 2.4 -0.0383423
3.2 2.8 -0.0358161
3.2 3.2 -0.0268143
3.2 3.6 -0.000482639
3.2 4 0
3.2 4.4 0
3.2 4.8 0
3.2 5.2 0
3.2 5.6 0
3.2 6 -0.00329155
3.2 6.4 0.0628103
3.2 6.8 0.0532663
3.2 7.2 0.0220166
3.2 7.6 -0.0193552
3.2 8 -0.0514749
3.2 8.4 -0.0618364
3.2 8.8 -0.0515778
3.2 9.2 -0.0325608
3.2 9.6 -0.0181318
3.2 10 -0.0145438
3.2 10.4 -0.0189526
3.2 10.8 -0.0249963
3.2 11.2 -0.032063
3.2 11.6 -0.00366605
3.2 12 0
3.2 12.4 0
3.2 12.8 0
3.2 13.2 0
3.2 13.6 0
3.2 14 0.0158971
3.2 14.4 0.174501
3.2 14.8 0.157469
3.2 15.2 0.125133
3.2 15.6 0.090928
3.2 16 0.0698394
3.2 16.4 0.067507
3.2 16.8 0.07589
3.2 17.2 0.0777936
3.2 17.6 0.0577547
3.2 18 0.0128338
3.2 18.4 -0.0434394
3.2 18.8 -0.0871998
3.2 19.2 -0.0990576
3.2 19.6 0.00269334
3.2 20 0
3.2 20.4 0
3.2 20.8 0
3.2 21.2 0
3.2 21.6 0
3.2 22 0.0173436
3.2 22.4 0.102522
3.2 22.8 0.0610534
3.2 23.2 0.0102802
3.2 23.6 -0.0254477
3.2 24 -0.0328397
3.2 24.4 -0.0184684
3.2 24.8 -0.00113885
3.2 25.2 0.00420041
3.2 25.6 -0.00260423
3.2 26 -0.00954007
3.2 26.4 -0.000623415
3.2 26.8 0

3.6 0 0
3.6 0.4 0.0013161
3.6 0.8 0.00815186
3.6 1.2 0.00174494
3.6 1.6 -0.00701261
3.6 2 -0.0168771
3.6 2.4 -0.0248036
3.6 2.8 -0.0269832
3.6 3.2 -0.022007
3.6 3.6 -0.000977607
3.6 4 0
3.6 4.4 0
3.6 4.8 0
3.6 5.2 0
3.6 5.6 0
3.6 6 0.00676806
3.6 6.4 0.0716375
3.6 6.8 0.0245913
3.6 7.2 -0.0359076
3.6 7.6 -0.0873545
3.6 8 -0.110366
3.6 8.4 -0.0987248
3.6 8.8 -0.0618973
3.6 9.2 -0.0187932
3.6 9.6 0.0130187
3.6 10 0.0258387
3.6 10.4 0.0230996
3.6 10.8 0.0132579
3.6 11.2 0.000891263
3.6 11.6 -0.0013657
3.6 12 0
3.6 12.4 0
3.6 12.8 0
3.6 13.2 0
3.6 13.6 0
3.6 14 0.0138816
3.6 14.4 0.177174
3.6 14.8 0.153524
3.6 15.2 0.119902
3.6 15.6 0.0891982
3.6 16 0.0743665
3.6 16.4 0.0794751
3.6 16.8 0.0956464
3.6 17.2 0.104425
3.6 17.6 0.0871984
3.6 18 0.0359997
3.6 18.4 -0.0400457
3.6 18.8 -0.116629
3.6 19.2 -0.164738
3.6 19.6 -0.0123556
3.6 20 0
3.6 20.4 0
3.6 20.8 0
3.6 21.2 0
3.6 21.6 0
3.6 22 0.00498402
3.6 22.4 0.0586831
3.6 22.8 0.0138891
3.6 23.2 -0.0394662
3.6 23.6 -0.0695562
3.6 24 -0.0628701
3.6 24.4 -0.0313104
3.6 24.8 -0.000471155
3.6 25.2 0.0107562
3.6 25.6 0.00313078
3.6 26 -0.00693512
3.6 26.4 -0.000460589
3.6 26.8 0

4 0 0
4 0.4 0.00128684
4 0.8 0.00866009
4 1.2 0.0105589
4 1.6 0.0128148
4 2 0.0107577
4 2.4 0.00373817
4 2.8 -0.00364114
4 3.2 -0.00430489
4 3.6 0.00161742
4 4 0
4 4.4 0
4 4.8 0
4 5.2 0
4 5.6 0
4 6 0.0145868
4 6.4 0.0529036
4 6.8 -0.0102645
4 7.2 -0.0768828
4 7.6 -0.119185
4 8 -0.122361
4 8.4 -0.088611
4 8.8 -0.0345007
4 9.2 0.0180603
4 9.6 0.0525315
4 10 0.0644023
4 10.4 0.0605957
4 10.8 0.0528362
4 11.2 0.0493419
4 11.6 0.0149574
4 12 0
4 12.4 0
4 12.8 0
4 13.2 0
4 13.6 0
4 14 0.0063029
4 14.4 0.084786
4 14.8 0.0621413
4 15.2 0.0325017
4 15.6 0.0088513
4 16 0.00362369
4 16.4 0.0212699
4 16.8 0.0544728
4 17.2 0.0856655
4 17.6 0.0937924
4 18 0.0640831
4 18.4 -0.00306741
4 18.8 -0.088283
4 19.2 -0.156646
4 19.6 -0.0239821
4 20 0
4 20.4 0
4 20.8 0
4 21.2 0
4 21.6 0
4 22 0.000381706
4 22.4 0.0127656
4 22.8 -0.0293177
4 23.2 -0.0766048
4 23.6 -0.0929315
4 24 -0.0680661
4 24.4 -0.0215109
4 24.8 0.0142346
4 25.2 0.0184682
4 25.6 -0.00345853
4 26 -0.0267005
4 26.4 -0.00325151
4 26.8 0

4.4 0 0
4.4 0.4 -3.5751e-05
4.4 0.8 -0.00106932
4.4 1.2 0.012112
4.4 1.6 0.0291912
4.4 2 0.0381659
4.4 2.4 0.0334954
4.4 2.8 0.0196082
4.4 3.2 0.00724305
4.4 3.6 0.00594267
4.4 4 -0.00137747
4.4 4.4 0
4.4 4.8 0
4.4 5.2 0
4.4 5.6 0.0165726
4.4 6 0.0973627
4.4 6.4 0.032964
4.4 6.8 -0.0359948
4.4 7.2 -0.0881518
4.4 7.6 -0.105757
4.4 8 -0.0852268
4.4 8.4 -0.0379588
4.4 8.8 0.0159767
4.4 9.2 0.0575399
4.4 9.6 0.0769339
4.4 10 0.0764472
4.4 10.4 0.067172
4.4 10.8 0.0625842
4.4 11.2 0.0746358
4.4 11.6 0.120336
4.4 12 0.0138081
4.4 12.4 0
4.4 12.8 0
4.4 13.2 0
4.4 13.6 -0.00216576
4.4 14 -0.0482278
4.4 14.4 -0.0354766
4.4 14.8 -0.0490686
4.4 15.2 -0.071927
4.4 15.6 -0.0891609
4.4 16 -0.0885677
4.4 16.4 -0.0639701
4.4 16.8 -0.0181502
4.4 17.2 0.0362403
4.4 17.6 0.0792386
4.4 18 0.0902874
4.4 18.4 0.0578043
4.4 18.8 -0.0122039
4.4 19.2 -0.0936138
4.4 19.6 -0.147897
4.4 20 -0.0238881
4.4 20.4 0
4.4 20.8 0
4.4 21.2 0
4.4 21.6 0.0062023
4.4 22 0.0190279
4.4 22.4 0.00194957
4.4 22.8 -0.0456209
4.4 23.2 -0.0852989
4.4 23.6 -0.0851267
4.4 24 -0.0426439
4.4 24.4 0.0134819
4.4 24.8 0.0446249
4.4 25.2 0.0305443
4.4 25.6 -0.016035
4.4 26 -0.059334
4.4 26.4 -0.00769961
4.4 26.8 0

4.8 0 0
4.8 0.4 -0.0029378
4.8 0.8 -0.0236103
4.8 1.2 0.00138214
4.8 1.6 0.033591
4.8 2 0.0539819
4.8 2.4 0.0523296
4.8 2.8 0.0328236
4.8 3.2 0.00928802
4.8 3.6 -0.00712333
4.8 4 -0.0227342
4.8 4.4 0.000949222
4.8 4.8 0.00628478
4.8 5.2 0.0143067
4.8 5.6 0.0911565
4.8 6 0.054255
4.8 6.4 -0.00391298
4.8 6.8 -0.0530893
4.8 7.2 -0.0735809
4.8 7.6 -0.0596193
4.8 8 -0.0201107
4.8 8.4 0.0267804
4.8 8.8 0.0625569
4.8 9.2 0.0764668
4.8 9.6 0.0690907
4.8 10 0.0501693
4.8 10.4 0.0323207
4.8 10.8 0.0242783
4.8 11.2 0.0269027
4.8 11.6 0.0311241
4.8 12 0.00454406
4.8 12.4 -0.00897195
4.8 12.8 -0.0115751
4.8 13.2 -0.00931412
4.8 13.6 -0.0533939
4.8 14 -0.0745412
4.8 14.4 -0.0826779
4.8 14.8 -0.0976524
4.8 15.2 -0.116739
4.8 15.6 -0.131878
4.8 16 -0.134629
4.8 16.4 -0.117834
4.8 16.8 -0.0777826
4.8 17.2 -0.0177803
4.8 17.6 0.0489903
4.8 18 0.100868
4.8 18.4 0.115337
4.8 18.8 0.0806828
4.8 19.2 0.00534783
4.8 19.6 -0.0825578
4.8 20 -0.149916
4.8 20.4 -0.0227065
4.8 20.8 -0.00829274
4.8 21.2 0.0046774
4.8 21.6 0.082501
4.8 22 0.0531676
4.8 22.4 0.0120696
4.8 22.8 -0.040503
4.8 23.2 -0.0718096
4.8 23.6 -0.0560358
4.8 24 0.000732081
4.8 24.4 0.0614858
4.8 24.8 0.0832169
4.8 25.2 0.0476243
4.8 25.6 -0.0247756
4.8 26 -0.0878041
4.8 26.4 -0.0115429
4.8 26.8 0

5.2 0 0
5.2 0.4 -0.00651322
5.2 0.8 -0.0518795
5.2 1.2 -0.0174884
5.2 1.6 0.0262541
5.2 2 0.0551167
5.2 2.4 0.0557696
5.2 2.8 0.033262
5.2 3.2 0.00619039
5.2 3.6 -0.00606749
5.2 4 0.00687175
5.2 4.4 0.0552862
5.2 4.8 0.0885967
5.2 5.2 0.0851917
5.2 5.6 0.0543623
5.2 6 0.00476598
5.2 6.4 -0.0407083
5.2 6.8 -0.0599773
5.2 7.2 -0.0451585
5.2 7.6 -0.00471898
5.2 8 0.0420688
5.2 8.4 0.0749662
5.2 8.8 0.0819149
5.2 9.2 0.0633557
5.2 9.6 0.0302598
5.2 10 -0.00258137
5.2 10.4 -0.024413
5.2 10.8 -0.0336665
5.2 11.2 -0.0382746
5.2 11.6 -0.0520567
5.2 12 -0.08982
5.2 12.4 -0.153048
5.2 12.8 -0.154875
5.2 13.2 -0.112804
5.2 13.6 -0.0655844
5.2 14 -0.0514755
5.2 14.4 -0.0516524
5.2 14.8 -0.0606944
5.2 15.2 -0.0738592
5.2 15.6 -0.088344
5.2 16 -0.10147
5.2 16.4 -0.107124
5.2 16.8 -0.095308
5.2 17.2 -0.0572391
5.2 17.6 0.00641711
5.2 18 0.0801689
5.2 18.4 0.136634
5.2 18.8 0.148434
5.2 19.2 0.10347
5.2 19.6 0.0147844
5.2 20 -0.0808393
5.2 20.4 -0.132191
5.2 20.8 -0.120569
5.2 21.2 -0.0447965
5.2 21.6 0.039433
5.2 22 0.0512858
5.2 22.4 0.016299
5.2 22.8 -0.033234
5.2 23.2 -0.0563727
5.2 23.6 -0.0289944
5.2 24 0.0372618
5.2 24.4 0.100224
5.2 24.8 0.114908
5.2 25.2 0.0651336
5.2 25.6 -0.0232798
5.2 26 -0.0977763
5.2 26.4 -0.0128974
5.2 26.8 0

5.6 0 0
5.6 0.4 -0.00903965
5.6 0.8 -0.0720671
5.6 1.2 -0.0330888
5.6 1.6 0.0156439
5.6 2 0.0472648
5.6 2.4 0.0472634
5.6 2.8 0.0219673
5.6 3.2 -0.00665795
5.6 3.6 -0.0152935
5.6 4 0.00748585
5.6 4.4 0.0543735
5.6 4.8 0.081834
5.6 5.2 0.0660959
5.6 5.6 0.0150271
5.6 6 -0.0379479
5.6 6.4 -0.0659436
5.6 6.8 -0.0565358
5.6 7.2 -0.0155203
5.6 7.6 0.0369707
5.6 8 0.0768734
5.6 8.4 0.0875782
5.6 8.8 0.0665886
5.6 9.2 0.02483
5.6 9.6 -0.0201648
5.6 10 -0.053362
5.6 10.4 -0.0692508
5.6 10.8 -0.0736928
5.6 11.2 -0.0798226
5.6 11.6 -0.0995421
5.6 12 -0.133346
5.6 12.4 -0.161325
5.6 12.8 -0.144096
5.6 13.2 -0.085881
5.6 13.6 -0.0181443
5.6 14 0.0163432
5.6 14.4 0.0254926
5.6 14.8 0.0246313
5.6 15.2 0.0206555
5.6 15.6 0.0106002
5.6 16 -0.0110441
5.6 16.4 -0.0427522
5.6 16.8 -0.0714421
5.6 17.2 -0.0771945
5.6 17.6 -0.0452535
5.6 18 0.0220009
5.6 18.4 0.101381
5.6 18.8 0.157401
5.6 19.2 0.159542
5.6 19.6 0.0993918
5.6 20 -0.000434948
5.6 20.4 -0.0866886
5.6 20.8 -0.0979987
5.6 21.2 -0.0361151
5.6 21.6 0.0392172
5.6 22 0.0535307
5.6 22.4 0.0160143
5.6 22.8 -0.0350209
5.6 23.2 -0.0561404
5.6 23.6 -0.0248648
5.6 24 0.0446387
5.6 24.4 0.109108
5.6 24.8 0.124194
5.6 25.2 0.074931
5.6 25.6 -0.012261
5.6 26 -0.0850418
5.6 26.4 -0.0112299
5.6 26.8 0

6 0 0
6 0.4 -0.00910239
6 0.8 -0.0726628
6 1.2 -0.034596
6 1.6 0.0120432
6 2 0.0402093
6 2.4 0.0358134
6 2.8 0.00621176
6 3.2 -0.0255432
6 3.6 -0.0355725
6 4 -0.0115763
6 4.4 0.0456731
6 4.8 0.0742576
6 5.2 0.0521064
6 5.6 -0.0158691
6 6 -0.0640341
6 6.4 -0.0726403
6 6.8 -0.0429655
6 7.2 0.00794696
6 7.6 0.0548145
6 8 0.0762533
6 8.4 0.0643683
6 8.8 0.0267133
6 9.2 -0.01939
6 9.6 -0.0562939
6 10 -0.0743446
6 10.4 -0.0756414
6 10.8 -0.0721861
6 11.2 -0.0793558
6 11.6 -0.106454
6 12 -0.145888
6 12.4 -0.166741
6 12.8 -0.135818
6 13.2 -0.057626
6 13.6 0.0456412
6 14 0.0833524
6 14.4 0.0872892
6 14.8 0.0883526
6 15.2 0.0949264
6 15.6 0.0970251
6 16 0.078939
6 16.4 0.0337477
6 16.8 -0.0279455
6 17.2 -0.0804163
6 17.6 -0.0956412
6 18 -0.0596113
6 18.4 0.0173051
6 18.8 0.102519
6 19.2 0.155379
6 19.6 0.145344
6 20 0.0647707
6 20.4 -0.0492002
6 20.8 -0.0699469
6 21.2 -0.00806845
6 21.6 0.0735306
6 22 0.0662011
6 22.4 0.0120707
6 22.8 -0.0482207
6 23.2 -0.0749455
6 23.6 -0.0486758
6 24 0.0166883
6 24.4 0.0812091
6 24.8 0.104028
6 25.2 0.0703389
6 25.6 0.00196252
6 26 -0.0561829
6 26.4 -0.0074405
6 26.8 0

6.4 0 0
6.4 0.4 -0.00665848
6.4 0.8 -0.0530976
6.4 1.2 -0.0199197
6.4 1.6 0.0198868
6.4 2 0.0408852
6.4 2.4 0.0304146
6.4 2.8 -0.00370391
6.4 3.2 -0.0397066
6.4 3.6 -0.0574537
6.4 4 -0.0493351
6.4 4.4 -0.00027194
6.4 4.8 0.00568331
6.4 5.2 0.00331216
6.4 5.6 -0.0405786
6.4 6 -0.0719815
6.4 6.4 -0.0588619
6.4 6.8 -0.0195691
6.4 7.2 0.0244136
6.4 7.6 0.0509655
6.4 8 0.0482759
6.4 8.4 0.0200937
6.4 8.8 -0.0181438
6.4 9.2 -0.0487655
6.4 9.6 -0.0608499
6.4 10 -0.0544254
6.4 10.4 -0.0391904
6.4 10.8 -0.0298286
6.4 11.2 -0.0406285
6.4 11.6 -0.0804211
6.4 12 -0.141901
6.4 12.4 -0.0250057
6.4 12.8 -0.0109818
6.4 13.2 0.00256895
6.4 13.6 0.114213
6.4 14 0.112986
6.4 14.4 0.0846838
6.4 14.8 0.077114
6.4 15.2 0.0933959
6.4 15.6 0.115187
6.4 16 0.117164
6.4 16.4 0.0823648
6.4 16.8 0.0133366
6.4 17.2 -0.0667344
6.4 17.6 -0.124058
6.4 18 -0.130801
6.4 18.4 -0.0798574
6.4 18.8 0.0101614
6.4 19.2 0.102694
6.4 19.6 0.15684
6.4 20 0.118948
6.4 20.4 0.00192672
6.4 20.8 -0.00475163
6.4 21.2 0.0134061
6.4 21.6 0.146593
6.4 22 0.0763454
6.4 22.4 0.000832716
6.4 22.8 -0.0670916
6.4 23.2 -0.101045
6.4 23.6 -0.0858976
6.4 24 -0.0322275
6.4 24.4 0.0279493
6.4 24.8 0.0605655
6.4 25.2 0.0508651
6.4 25.6 0.0122829
6.4 26 -0.0233289
6.4 26.4 -0.00316212
6.4 26.8 0

6.8 0 0
6.8 0.4 -0.00321015
6.8 0.8 -0.0252728
6.8 1.2 0.00205576
6.8 1.6 0.034373
6.8 2 0.0487637
6.8 2.4 0.0344534
6.8 2.8 -0.000438777
6.8 3.2 -0.0360299
6.8 3.6 -0.0589082
6.8 4 -0.00683299
6.8 4.4 0
6.8 4.8 0
6.8 5.2 0
6.8 5.6 -0.00546457
6.8 6 -0.065073
6.8 6.4 -0.0255316
6.8 6.8 0.012163
6.8 7.2 0.0364864
6.8 7.6 0.0350407
6.8 8 0.00918527
6.8 8.4 -0.0258169
6.8 8.8 -0.0506299
6.8 9.2 -0.0532298
6.8 9.6 -0.0343902
6.8 10 -0.00517304
6.8 10.4 0.0201558
6.8 10.8 0.0302069
6.8 11.2 0.0171626
6.8 11.6 -0.0316747
6.8 12 -0.0150231
6.8 12.4 0
6.8 12.8 0
6.8 13.2 0
6.8 13.6 0.0147392
6.8 14 0.0903067
6.8 14.4 0.00742685
6.8 14.8 -0.0092793
6.8 15.2 0.0162071
6.8 15.6 0.0594966
6.8 16 0.0918863
6.8 16.4 0.0896779
6.8 16.8 0.0447369
6.8 17.2 -0.0306623
6.8 17.6 -0.107777
6.8 18 -0.153269
6.8 18.4 -0.144338
6.8 18.8 -0.0794835
6.8 19.2 0.0238386
6.8 19.6 0.154731
6.8 20 0.01923
6.8 20.4 0
6.8 20.8 0
6.8 21.2 0
6.8 21.6 0.0138833
6.8 22 0.0325826
6.8 22.4 -0.0244722
6.8 22.8 -0.0793352
6.8 23.2 -0.11288
6.8 23.6 -0.110275
6.8 24 -0.0749379
6.8 24.4 -0.0267757
6.8 24.8 0.0103517
6.8 25.2 0.0230306
6.8 25.6 0.0151224
6.8 26 0.0027971
6.8 26.4 0.000171821
6.8 26.8 0

7.2 0 0
7.2 0.4 -0.000877876
7.2 0.8 -0.00620491
7.2 1.2 0.0171708
7.2 1.6 0.04488
7.2 2 0.0566026
7.2 2.4 0.0433272
7.2 2.8 0.0138392
7.2 3.2 -0.00999056
7.2 3.6 -0.00368991
7.2 4 0
7.2 4.4 0
7.2 4.8 0
7.2 5.2 0
7.2 5.6 0
7.2 6 -0.00299528
7.2 6.4 0.0282303
7.2 6.8 0.046462
7.2 7.2 0.0451776
7.2 7.6 0.0167143
7.2 8 -0.0260157
7.2 8.4 -0.0590092
7.2 8.8 -0.0633315
7.2 9.2 -0.0367113
7.2 9.6 0.00664855
7.2 10 0.0464612
7.2 10.4 0.0688255
7.2 10.8 0.0727489
7.2 11.2 0.0685244
7.2 11.6 0.00211234
7.2 12 0
7.2 12.4 0
7.2 12.8 0
7.2 13.2 0
7.2 13.6 0
7.2 14 -0.00133649
7.2 14.4 -0.120914
7.2 14.8 -0.11407
7.2 15.2 -0.0797347
7.2 15.6 -0.0246686
7.2 16 0.0324894
7.2 16.4 0.0696087
7.2 16.8 0.0698311
7.2 17.2 0.0292868
7.2 17.6 -0.038791
7.2 18 -0.10686
7.2 18.4 -0.144275
7.2 18.8 -0.133629
7.2 19.2 -0.0850539
7.2 19.6 0.0092098
7.2 20 0
7.2 20.4 0
7.2 20.8 0
7.2 21.2 0
7.2 21.6 0
7.2 22 -0.00318509
7.2 22.4 -0.0438408
7.2 22.8 -0.0654362
7.2 23.2 -0.0904123
7.2 23.6 -0.099387
7.2 24 -0.0872249
7.2 24.4 -0.0598892
7.2 24.8 -0.0286426
7.2 25.2 -0.00338131
7.2 25.6 0.0115778
7.2 26 0.0173628
7.2 26.4 0.00193564
7.2 26.8 0

7.6 0 0
7.6 0.4 -0.000982539
7.6 0.8 -0.00662816
7.6 1.2 0.0157982
7.6 1.6 0.042829
7.6 2 0.0562115
7.6 2.4 0.0475781
7.6 2.8 0.0242796
7.6 3.2 0.00536178
7.6 3.6 0.000772362
7.6 4 0
7.6 4.4 0
7.6 4.8 0
7.6 5.2 0
7.6 5.6 0
7.6 6 0.00248746
7.6 6.4 0.0525111
7.6 6.8 0.0640613
7.6 7.2 0.0469482
7.6 7.6 0.00146658
7.6 8 -0.048919
7.6 8.4 -0.0742862
7.6 8.8 -0.0590173
7.6 9.2 -0.0117896
7.6 9.6 0.0413331
7.6 10 0.0746384
7.6 10.4 0.0784741
7.6 10.8 0.0631283
7.6 11.2 0.0506554
7.6 11.6 0.00460792
7.6 12 0
7.6 12.4 0
7.6 12.8 0
7.6 13.2 0
7.6 13.6 0
7.6 14 -0.0117349
7.6 14.4 -0.147655
7.6 14.8 -0.13953
7.6 15.2 -0.118006
7.6 15.6 -0.0765292
7.6 16 -0.0184753
7.6 16.4 0.0434543
7.6 16.8 0.0892459
7.6 17.2 0.0986983
7.6 17.6 0.0631683
7.6 18 -0.00519453
7.6 18.4 -0.0756638
7.6 18.8 -0.114983
7.6 19.2 -0.108509
7.6 19.6 -0.00519961
7.6 20 0
7.6 20.4 0
7.6 20.8 0
7.6 21.2 0
7.6 21.6 0
7.6 22 -0.000765258
7.6 22.4 -0.00309139
7.6 22.8 -0.0126714
7.6 23.2 -0.031054
7.6 23.6 -0.0502287
7.6 24 -0.0624844
7.6 24.4 -0.0618326
7.6 24.8 -0.0465396
7.6 25.2 -0.0209199
7.6 25.6 0.00550828
7.6 26 0.0218346
7.6 26.4 0.00237009
7.6 26.8 0

8 0 0
8 0.4 -0.00314585
8 0.8 -0.0236746
8 1.2 -0.000341758
8 1.6 0.0282209
8 2 0.0454715
8 2.4 0.0428198
8 2.8 0.0246755
8 3.2 0.00589886
8 3.6 -0.00380574
8 4 0
8 4.4 0
8 4.8 0
8 5.2 0
8 5.6 0
8 6 -0.00903924
8 6.4 0.0415224
8 6.8 0.0607912
8 7.2 0.0425211
8 7.6 -0.00756265
8 8 -0.0574831
8 8.4 -0.0738035
8 8.8 -0.0453651
8 9.2 0.009642
8 9.6 0.0572217
8 10 0.0709386
8 10.4 0.0480922
8 10.8 0.0083092
8 11.2 -0.021433
8 11.6 -0.0148475
8 12 0
8 12.4 0
8 12.8 0
8 13.2 0
8 13.6 0
8 14 0.0151483
8 14.4 -0.0418292
8 14.8 -0.0552773
8 15.2 -0.0687603
8 15.6 -0.0672463
8 16 -0.0389042
8 16.4 0.0190796
8 16.8 0.091457
8 17.2 0.146721
8 17.6 0.153855
8 18 0.104147
8 18.4 0.0211113
8 18.8 -0.0514833
8 19.2 -0.0769465
8 19.6 -0.00251543
8 20 0
8 20.4 0
8 20.8 0
8 21.2 0
8 21.6 0
8 22 0.00592811
8 22.4 0.0439152
8 22.8 0.0462937
8 23.2 0.0389343
8 23.6 0.016013
8 24 -0.0155329
8 24.4 -0.0405813
8 24.8 -0.0455369
8 25.2 -0.0279315
8 25.6 0.00072975
8 26 0.0214299
8 26.4 0.00222874
8 26.8 0

8.4 0 0
8.4 0.4 -0.00557311
8.4 0.8 -0.0430385
8.4 1.2 -0.0195242
8.4 1.6 0.00946781
8.4 2 0.0294824
8.4 2.4 0.0318501
8.4 2.8 0.0172897
8.4 3.2 -0.00772099
8.4 3.6 -0.0427089
8.4 4 -0.0068515
8.4 4.4 0
8.4 4.8 0
8.4 5.2 0
8.4 5.6 -0.0223062
8.4 6 -0.108758
8.4 6.4 -0.00333058
8.4 6.8 0.0465146
8.4 7.2 0.0384361
8.4 7.6 -0.0082939
8.4 8 -0.0538586
8.4 8.4 -0.0631068
8.4 8.8 -0.0292846
8.4 9.2 0.0226972
8.4 9.6 0.0555858
8.4 10 0.0467389
8.4 10.4 0.00244032
8.4 10.8 -0.0510711
8.4 11.2 -0.0948109
8.4 11.6 -0.151883
8.4 12 -0.00539929
8.4 12.4 0
8.4 12.8 0
8.4 13.2 0
8.4 13.6 0.0456169
8.4 14 0.263585
8.4 14.4 0.144535
8.4 14.8 0.0829408
8.4 15.2 0.0309011
8.4 15.6 -0.0162609
8.4 16 -0.0378405
8.4 16.4 -0.0117323
8.4 16.8 0.0600346
8.4 17.2 0.143095
8.4 17.6 0.188852
8.4 18 0.167284
8.4 18.4 0.0898091
8.4 18.8 0.00373123
8.4 19.2 -0.038576
8.4 19.6 -0.0116689
8.4 20 0.00471885
8.4 20.4 0
8.4 20.8 0
8.4 21.2 0
8.4 21.6 -0.0058464
8.4 22 0.0133462
8.4 22.4 0.0414001
8.4 22.8 0.0725164
8.4 23.2 0.0855569
8.4 23.6 0.0686628
8.4 24 0.0281242
8.4 24.4 -0.0145049
8.4 24.8 -0.0361687
8.4 25.2 -0.0278187
8.4 25.6 -0.000643661
8.4 26 0.0217755
8.4 26.4 0.00230122
8.4 26.8 0

8.8 0 0
8.8 0.4 -0.00631888
8.8 0.8 -0.0490928
8.8 1.2 -0.0284771
8.8 1.6 -0.00310547
8.8 2 0.0157612
8.8 2.4 0.0210519
8.8 2.8 0.0127413
8.8 3.2 -0.00360971
8.8 3.6 -0.0202422
8.8 4 -0.0234675
8.8 4.4 -0.000406291
8.8 4.8 0.00101345
8.8 5.2 -0.0145401
8.8 5.6 -0.144212
8.8 6 -0.0862717
8.8 6.4 -0.000901467
8.8 6.8 0.0495376
8.8 7.2 0.0435043
8.8 7.6 -0.00113401
8.8 8 -0.0430963
8.8 8.4 -0.0483875
8.8 8.8 -0.0145313
8.8 9.2 0.0294324
8.8 9.6 0.046635
8.8 10 0.0213294
8.8 10.4 -0.0289676
8.8 10.8 -0.0668964
8.8 11.2 -0.0624007
8.8 11.6 -0.0066452
8.8 12 0.125801
8.8 12.4 0.0430315
8.8 12.8 0.0320696
8.8 13.2 0.0453805
8.8 13.6 0.271159
8.8 14 0.22212
8.8 14.4 0.184811
8.8 14.8 0.15887
8.8 15.2 0.110148
8.8 15.6 0.0334775
8.8 16 -0.0374717
8.8 16.4 -0.0572821
8.8 16.8 -0.0078809
8.8 17.2 0.0820287
8.8 17.6 0.153694
8.8 18 0.159539
8.8 18.4 0.0976896
8.8 18.8 0.0131042
8.8 19.2 -0.036074
8.8 19.6 -0.0223625
8.8 20 0.0258657
8.8 20.4 0.0087299
8.8 20.8 0.00312206
8.8 21.2 -0.00989497
8.8 21.6 -0.102662
8.8 22 -0.0483325
8.8 22.4 0.00608362
8.8 22.8 0.0604629
8.8 23.2 0.0933309
8.8 23.6 0.0880808
8.8 24 0.0488934
8.8 24.4 0.000161137
8.8 24.8 -0.0292449
8.8 25.2 -0.0254111
8.8 25.6 0.00166816
8.8 26 0.0262994
8.8 26.4 0.00303504
8.8 26.8 0

9.2 0 0
9.2 0.4 -0.00461849
9.2 0.8 -0.0356092
9.2 1.2 -0.0215443
9.2 1.6 -0.00469825
9.2 2 0.00771766
9.2 2.4 0.0115457
9.2 2.8 0.00754815
9.2 3.2 0.000591158
9.2 3.6 -0.00276588
9.2 4 0.00336339
9.2 4.4 0.0179929
9.2 4.8 -0.000548381
9.2 5.2 -0.0426993
9.2 5.6 -0.0813696
9.2 6 -0.0436984
9.2 6.4 0.0231994
9.2 6.8 0.0636091
9.2 7.2 0.0527476
9.2 7.6 0.00718865
9.2 8 -0.0326956
9.2 8.4 -0.0354826
9.2 8.8 -0.00255433
9.2 9.2 0.03452
9.2 9.6 0.0405312
9.2 10 0.00632064
9.2 10.4 -0.0414506
9.2 10.8 -0.0579617
9.2 11.2 -0.0112384
9.2 11.6 0.0984752
9.2 12 0.244855
9.2 12.4 0.375852
9.2 12.8 0.308472
9.2 13.2 0.147484
9.2 13.6 0.0678482
9.2 14 0.0588372
9.2 14.4 0.103641
9.2 14.8 0.14934
9.2 15.2 0.13854
9.2 15.6 0.0585894
9.2 16 -0.0464815
9.2 16.4 -0.109136
9.2 16.8 -0.089837
9.2 17.2 -0.00711022
9.2 17.6 0.0766079
9.2 18 0.102066
9.2 18.4 0.0569037
9.2 18.8 -0.017331
9.2 19.2 -0.0596704
9.2 19.6 -0.0386262
9.2 20 0.0229755
9.2 20.4 0.0718093
9.2 20.8 0.0600129
9.2 21.2 -0.00230471
9.2 21.6 -0.0673463
9.2 22 -0.0679672
9.2 22.4 -0.0289131
9.2 22.8 0.0272158
9.2 23.2 0.0695773
9.2 23.6 0.0749218
9.2 24 0.0432754
9.2 24.4 -0.00175354
9.2 24.8 -0.0294772
9.2 25.2 -0.0236848
9.2 25.6 0.00656714
9.2 26 0.0348704
9.2 26.4 0.00434813
9.2 26.8 0

9.6 0 0
9.6 0.4 -0.00134807
9.6 0.8 -0.00952395
9.6 1.2 -0.00380062
9.6 1.6 0.0018784
9.6 2 0.00414742
9.6 2.4 0.00193261
9.6 2.8 -0.00270552
9.6 3.2 -0.00539634
9.6 3.6 -0.00158851
9.6 4 0.00980274
9.6 4.4 0.019209
9.6 4.8 0.00223083
9.6 5.2 -0.0313976
9.6 5.6 -0.0499464
9.6 6 -0.0157875
9.6 6.4 0.0405118
9.6 6.8 0.07136
9.6 7.2 0.0546987
9.6 7.6 0.00783797
9.6 8 -0.0297092
9.6 8.4 -0.0289279
9.6 8.8 0.00583385
9.6 9.2 0.0412202
9.6 9.6 0.0428247
9.6 10 0.00487543
9.6 10.4 -0.041699
9.6 10.8 -0.0496282
9.6 11.2 0.0108691
9.6 11.6 0.129115
9.6 12 0.253729
9.6 12.4 0.301438
9.6 12.8 0.178925
9.6 13.2 -0.0264593
9.6 13.6 -0.15919
9.6 14 -0.136591
9.6 14.4 -0.0181528
9.6 14.8 0.100252
9.6 15.2 0.135875
9.6 15.6 0.0676525
9.6 16 -0.0534097
9.6 16.4 -0.143571
9.6 16.8 -0.147203
9.6 17.2 -0.0743375
9.6 17.6 0.0117857
9.6 18 0.0458177
9.6 18.4 0.0100471
9.6 18.8 -0.0549755
9.6 19.2 -0.0858625
9.6 19.6 -0.0493272
9.6 20 0.029379
9.6 20.4 0.0873931
9.6 20.8 0.0831624
9.6 21.2 0.0237762
9.6 21.6 -0.0441664
9.6 22 -0.0711787
9.6 22.4 -0.0527748
9.6 22.8 -0.00695452
9.6 23.2 0.0346371
9.6 23.6 0.0456736
9.6 24 0.0224982
9.6 24.4 -0.0140809
9.6 24.8 -0.0346486
9.6 25.2 -0.0230883
9.6 25.6 0.0118393
9.6 26 0.0438439
9.6 26.4 0.00566362
9.6 26.8 0

10 0 0
10 0.4 0.00163865
10 0.8 0.0143353
10 1.2 0.0134697
10 1.6 0.0100584
10 2 0.00302665
10 2.4 -0.00679225
10 2.8 -0.0164203
10 3.2 -0.0214721
10 3.6 -0.0171457
10 4 0.000394259
10 4.4 0.0236042
10 4.8 0.0113917
10 5.2 -0.0232796
10 5.6 -0.050186
10 6 -0.0167656
10 6.4 0.0364853
10 6.8 0.0628619
10 7.2 0.0434457
10 7.6 -0.00283873
10 8 -0.0367814
10 8.4 -0.0307401
10 8.8 0.00945687
10 9.2 0.0493582
10 9.6 0.0537553
10 10 0.0159722
10 10.4 -0.0343256
10 10.8 -0.0512641
10 11.2 -0.00559081
10 11.6 0.0949028
10 12 0.209971
10 12.4 0.266851
10 12.8 0.11905
10 13.2 -0.131446
10 13.6 -0.326448
10 14 -0.253886
10 14.4 -0.0799225
10 14.8 0.0811941
10 15.2 0.141617
10 15.6 0.0810978
10 16 -0.0436618
10 16.4 -0.141392
10 16.8 -0.150951
10 17.2 -0.0809503
10 17.6 0.00356846
10 18 0.035129
10 18.4 -0.00378675
10 18.8 -0.0695628
10 19.2 -0.0947497
10 19.6 -0.0444594
10 20 0.0502911
10 20.4 0.106613
10 20.8 0.0986113
10 21.2 0.0377985
10 21.6 -0.0288475
10 22 -0.0621975
10 22.4 -0.0575506
10 22.8 -0.0247752
10 23.2 0.00956535
10 23.6 0.0204578
10 24 0.00261529
10 24.4 -0.0262458
10 24.8 -0.0396423
10 25.2 -0.0231021
10 25.6 0.0145075
10 26 0.047754
10 26.4 0.00618415
10 26.8 0

10.4 0 0
10.4 0.4 0.00273965
10.4 0.8 0.0231181
10.4 1.2 0.0208073
10.4 1.6 0.0152331
10.4 2 0.00505995
10.4 2.4 -0.00912684
10.4 2.8 -0.0246656
10.4 3.2 -0.0377746
10.4 3.6 -0.0434548
10.4 4 -0.0260042
10.4 4.4 0.000789603
10.4 4.8 0.00195163
10.4 5.2 -0.00916725
10.4 5.6 -0.0890996
10.4 6 -0.0426793
10.4 6.4 0.0166348
10.4 6.8 0.0436604
10.4 7.2 0.0246234
10.4 7.6 -0.0197127
10.4 8 -0.0503711
10.4 8.4 -0.0398785
10.4 8.8 0.00660501
10.4 9.2 0.0551058
10.4 9.6 0.0688861
10.4 10 0.0368187
10.4 10.4 -0.0177292
10.4 10.8 -0.0542764
10.4 11.2 -0.0446404
10.4 11.6 0.0129741
10.4 12 0.128093
10.4 12.4 0.0348443
10.4 12.8 0.0159875
10.4 13.2 -0.025245
10.4 13.6 -0.408163
10.4 14 -0.200661
10.4 14.4 -0.0141936
10.4 14.8 0.130709
10.4 15.2 0.172567
10.4 15.6 0.101894
10.4 16 -0.0210425
10.4 16.4 -0.107648
10.4 16.8 -0.103805
10.4 17.2 -0.0257957
10.4 17.6 0.0568479
10.4 18 0.0772199
10.4 18.4 0.0226214
10.4 18.8 -0.0567843
10.4 19.2 -0.0874116
10.4 19.6 -0.0290773
10.4 20 0.0890824
10.4 20.4 0.0194995
10.4 20.8 0.00675719
10.4 21.2 0.00102281
10.4 21.6 -0.0271551
10.4 22 -0.0415483
10.4 22.4 -0.04113
10.4 22.8 -0.0195195
10.4 23.2 0.00465218
10.4 23.6 0.0105568
10.4 24 -0.00659829
10.4 24.4 -0.0315632
10.4 24.8 -0.0413391
10.4 25.2 -0.0238065
10.4 25.6 0.0120612
10.4 26 0.0424981
10.4 26.4 0.00535473
10.4 26.8 0

10.8 0 0
10.8 0.4 0.00151827
10.8 0.8 0.0133173
10.8 1.2 0.0160438
10.8 1.6 0.0174382
10.8 2 0.0132534
10.8 2.4 0.0017657
10.8 2.8 -0.0156254
10.8 3.2 -0.03719
10.8 3.6 -0.0690815
10.8 4 -0.00750766
10.8 4.4 0
10.8 4.8 0
10.8 5.2 0
10.8 5.6 -0.014877
10.8 6 -0.0652403
10.8 6.4 0.00349523
10.8 6.8 0.0300026
10.8 7.2 0.0112461
10.8 7.6 -0.0320689
10.8 8 -0.0627881
10.8 8.4 -0.0529544
10.8 8.8 -0.00442831
10.8 9.2 0.0522358
10.8 9.6 0.0800437
10.8 10 0.0620547
10.8 10.4 0.0120442
10.8 10.8 -0.0387955
10.8 11.2 -0.070231
10.8 11.6 -0.101767
10.8 12 0.000145468
10.8 12.4 0
10.8 12.8 0
10.8 13.2 0
10.8 13.6 0.00252209
10.8 14 0.14668
10.8 14.4 0.172393
10.8 14.8 0.220154
10.8 15.2 0.20138
10.8 15.6 0.105584
10.8 16 -0.010624
10.8 16.4 -0.0712479
10.8 16.8 -0.0394614
10.8 17.2 0.0542855
10.8 17.6 0.134997
10.8 18 0.139232
10.8 18.4 0.062234
10.8 18.8 -0.0388454
10.8 19.2 -0.0861383
10.8 19.6 -0.0308747
10.8 20 0.0120869
10.8 20.4 0
10.8 20.8 0
10.8 21.2 0
10.8 21.6 0.00090161
10.8 22 -0.00250929
10.8 22.4 -0.0103777
10.8 22.8 0.00139489
10.8 23.2 0.014688
10.8 23.6 0.0129503
10.8 24 -0.00676503
10.8 24.4 -0.0310129
10.8 24.8 -0.0404539
10.8 25.2 -0.0256465
10.8 25.6 0.00451263
10.8 26 0.0286887
10.8 26.4 0.00331205
10.8 26.8 0

11.2 0 0
11.2 0.4 -0.00123949
11.2 0.8 -0.00875365
11.2 1.2 0.00392157
11.2 1.6 0.0193562
11.2 2 0.0285531
11.2 2.4 0.0266233
11.2 2.8 0.0154587
11.2 3.2 0.00292618
11.2 3.6 -0.00540151
11.2 4 0
11.2 4.4 0
11.2 4.8 0
11.2 5.2 0
11.2 5.6 0
11.2 6 -0.00729112
11.2 6.4 0.0192942
11.2 6.8 0.0326205
11.2 7.2 0.0123216
11.2 7.6 -0.0311911
11.2 8 -0.0665392
11.2 8.4 -0.065495
11.2 8.8 -0.0239696
11.2 9.2 0.0348953
11.2 9.6 0.0771949
11.2 10 0.081535
11.2 10.4 0.0519206
11.2 10.8 0.0118198
11.2 11.2 -0.0137162
11.2 11.6 -0.0096139
11.2 12 0
11.2 12.4 0
11.2 12.8 0
11.2 13.2 0
11.2 13.6 0
11.2 14 0.0489963
11.2 14.4 0.27895
11.2 14.8 0.247596
11.2 15.2 0.174574
11.2 15.6 0.0619878
11.2 16 -0.0365148
11.2 16.4 -0.0616385
11.2 16.8 0.00240069
11.2 17.2 0.110734
11.2 17.6 0.186322
11.2 18 0.173701
11.2 18.4 0.078022
11.2 18.8 -0.0400911
11.2 19.2 -0.110344
11.2 19.6 -0.00669919
11.2 20 0
11.2 20.4 0
11.2 20.8 0
11.2 21.2 0
11.2 21.6 0
11.2 22 0.00205711
11.2 22.4 0.0110527
11.2 22.8 0.0197878
11.2 23.2 0.0239018
11.2 23.6 0.0147058
11.2 24 -0.00739407
11.2 24.4 -0.0305012
11.2 24.8 -0.0393851
11.2 25.2 -0.0277137
11.2 25.6 -0.00420588
11.2 26 0.0128251
11.2 26.4 0.00100659
11.2 26.8 0

11.6 0 0
11.6 0.4 -0.00419652
11.6 0.8 -0.0323703
11.6 1.2 -0.00856612
11.6 1.6 0.0224116
11.6 2 0.0460239
11.6 2.4 0.0537355
11.6 2.8 0.0476009
11.6 3.2 0.0390005
11.6 3.6 0.00316079
11.6 4 0
11.6 4.4 0
11.6 4.8 0
11.6 5.2 0
11.6 5.6 0
11.6 6 -0.000409548
11.6 6.4 0.0218063
11.6 6.8 0.0378428
11.6 7.2 0.0241454
11.6 7.6 -0.0158959
11.6 8 -0.0575724
11.6 8.4 -0.0725838
11.6 8.8 -0.0488881
11.6 9.2 0.0016773
11.6 9.6 0.0525809
11.6 10 0.0808497
11.6 10.4 0.080926
11.6 10.8 0.0653346
11.6 11.2 0.0541306
11.6 11.6 0.00468202
11.6 12 0
11.6 12.4 0
11.6 12.8 0
11.6 13.2 0
11.6 13.6 0
11.6 14 0.0153131
11.6 14.4 0.205416
11.6 14.8 0.16424
11.6 15.2 0.0785148
11.6 15.6 -0.02466
11.6 16 -0.0922862
11.6 16.4 -0.0812884
11.6 16.8 0.00597361
11.6 17.2 0.116461
11.6 17.6 0.178882
11.6 18 0.151933
11.6 18.4 0.0527
11.6 18.8 -0.0570613
11.6 19.2 -0.117518
11.6 19.6 -0.00839948
11.6 20 0
11.6 20.4 0
11.6 20.8 0
11.6 21.2 0
11.6 21.6 0
11.6 22 0.000278401
11.6 22.4 0.0195649
11.6 22.8 0.0237243
11.6 23.2 0.0185334
11.6 23.6 0.00373471
11.6 24 -0.0170848
11.6 24.4 -0.0345037
11.6 24.8 -0.0385347
11.6 25.2 -0.0266617
11.6 25.6 -0.00739964
11.6 26 0.00447188
11.6 26.4 -0.000219773
11.6 26.8 0

12 0 0
12 0.4 -0.00628292
12 0.8 -0.0489972
12 1.2 -0.0167688
12 1.6 0.0253576
12 2 0.0577549
12 2.4 0.0686109
12 2.8 0.0601129
12 3.2 0.047208
12 3.6 0.00294335
12 4 0
12 4.4 0
12 4.8 0
12 5.2 0
12 5.6 0
12 6 -0.00867412
12 6.4 0.00821569
12 6.8 0.0357884
12 7.2 0.0382548
12 7.6 0.00917204
12 8 -0.0354478
12 8.4 -0.0688792
12 8.8 -0.0711573
12 9.2 -0.0406362
12 9.6 0.0072705
12 10 0.0516496
12 10.4 0.0788884
12 10.8 0.0883542
12 11.2 0.0890597
12 11.6 0.00858481
12 12 0
12 12.4 0
12 12.8 0
12 13.2 0
12 13.6 0
12 14 -0.000227466
12 14.4 0.0639974
12 14.8 0.0364314
12 15.2 -0.0309938
12 15.6 -0.103634
12 16 -0.135811
12 16.4 -0.100119
12 16.8 -0.0106486
12 17.2 0.0810157
12 17.6 0.118462
12 18 0.0799896
12 18.4 -0.00470142
12 18.8 -0.0757182
12 19.2 -0.0909837
12 19.6 0.0112891
12 20 0
12 20.4 0
12 20.8 0
12 21.2 0
12 21.6 0
12 22 0.004775
12 22.4 0.0193408
12 22.8 0.0112635
12 23.2 -0.00510986
12 23.6 -0.0225379
12 24 -0.0362562
12 24.4 -0.0413613
12 24.8 -0.0346649
12 25.2 -0.0181075
12 25.6 0.00030824
12 26 0.0101041
12 26.4 0.000519286
12 26.8 0

12.4 0 0
12.4 0.4 -0.00713238
12.4 0.8 -0.0557881
12.4 1.2 -0.0199368
12.4 1.6 0.0259425
12.4 2 0.0586624
12.4 2.4 0.064293
12.4 2.8 0.0447033
12.4 3.2 0.0128988
12.4 3.6 -0.0220045
12.4 4 -0.00614436
12.4 4.4 0
12.4 4.8 0
12.4 5.2 0
12.4 5.6 -0.01188
12.4 6 -0.0901264
12.4 6.4 -0.0294357
12.4 6.8 0.0206271
12.4 7.2 0.0465904
12.4 7.6 0.0368479
12.4 8 -0.0025737
12.4 8.4 -0.0496857
12.4 8.8 -0.0793766
12.4 9.2 -0.0772528
12.4 9.6 -0.0457158
12.4 10 5.48775e-05
12.4 10.4 0.0418394
12.4 10.8 0.0667392
12.4 11.2 0.0688133
12.4 11.6 0.0412158
12.4 12 -0.00528904
12.4 12.4 0
12.4 12.8 0
12.4 13.2 0
12.4 13.6 0.00278869
12.4 14 -0.0564219
12.4 14.4 -0.0291135
12.4 14.8 -0.0401309
12.4 15.2 -0.0778545
12.4 15.6 -0.114959
12.4 16 -0.120187
12.4 16.4 -0.0803592
12.4 16.8 -0.0139546
12.4 17.2 0.037808
12.4 17.6 0.0396389
12.4 18 -0.00913342
12.4 18.4 -0.068428
12.4 18.8 -0.0806232
12.4 19.2 -0.00500443
12.4 19.6 0.175116
12.4 20 0.037903
12.4 20.4 0
12.4 20.8 0
12.4 21.2 0
12.4 21.6 0.0122941
12.4 22 0.061849
12.4 22.4 0.0236345
12.4 22.8 -0.011568
12.4 23.2 -0.0399242
12.4 23.6 -0.0555155
12.4 24 -0.0561671
12.4 24.4 -0.0437287
12.4 24.8 -0.0229385
12.4 25.2 -0.000137518
12.4 25.6 0.0182038
12.4 26 0.0272443
12.4 26.4 0.00288006
12.4 26.8 0

12.8 0 0
12.8 0.4 -0.0069932
12.8 0.8 -0.054819
12.8 1.2 -0.0197556
12.8 1.6 0.0235274
12.8 2 0.0504487
12.8 2.4 0.0472167
12.8 2.8 0.0180036
12.8 3.2 -0.0201619
12.8 3.6 -0.0506627
12.8 4 -0.0669337
12.8 4.4 -0.00343066
12.8 4.8 0.00478598
12.8 5.2 -0.000379081
12.8 5.6 -0.0646966
12.8 6 -0.0797073
12.8 6.4 -0.0491866
12.8 6.8 0.00181868
12.8 7.2 0.0462259
12.8 7.6 0.0601188
12.8 8 0.0358314
12.8 8.4 -0.0139373
12.8 8.8 -0.0640802
12.8 9.2 -0.0913081
12.8 9.6 -0.0857748
12.8 10 -0.054149
12.8 10.4 -0.014078
12.8 10.8 0.0151999
12.8 11.2 0.0200598
12.8 11.6 -0.0061998
12.8 12 -0.0655378
12.8 12.4 -0.0151086
12.8 12.8 -0.00471735
12.8 13.2 0.0064972
12.8 13.6 0.0482039
12.8 14 -0.00801067
12.8 14.4 -0.0146991
12.8 14.8 -0.018798
12.8 15.2 -0.0308308
12.8 15.6 -0.0413059
12.8 16 -0.0359726
12.8 16.4 -0.0122332
12.8 16.8 0.0135491
12.8 17.2 0.0155357
12.8 17.6 -0.0201189
12.8 18 -0.0780523
12.8 18.4 -0.116552
12.8 18.8 -0.0923238
12.8 19.2 0.00839037
12.8 19.6 0.152192
12.8 20 0.247017
12.8 20.4 0.0200111
12.8 20.8 -0.00572193
12.8 21.2 0.0033432
12.8 21.6 0.0775127
12.8 22 0.0450277
12.8 22.4 0.00112356
12.8 22.8 -0.043073
12.8 23.2 -0.0735112
12.8 23.6 -0.0805614
12.8 24 -0.0642936
12.8 24.4 -0.0336673
12.8 24.8 -0.00112273
12.8 25.2 0.0237275
12.8 25.6 0.0377257
12.8 26 0.0434922
12.8 26.4 0.00518709
12.8 26.8 0

13.2 0 0
13.2 0.4 -0.00633856
13.2 0.8 -0.049892
13.2 1.2 -0.0179735
13.2 1.6 0.0198891
13.2 2 0.0394979
13.2 2.4 0.0287195
13.2 2.8 -0.0049548
13.2 3.2 -0.0397701
13.2 3.6 -0.0530675
13.2 4 -0.0313532
13.2 4.4 0.0326268
13.2 4.8 0.0707951
13.2 5.2 0.0518956
13.2 5.6 -0.0214977
13.2 6 -0.0655915
13.2 6.4 -0.0629724
13.2 6.8 -0.0210041
13.2 7.2 0.034502
13.2 7.6 0.0720115
13.2 8 0.0710548
13.2 8.4 0.0323496
13.2 8.8 -0.0244811
13.2 9.2 -0.0731769
13.2 9.6 -0.0951646
13.2 10 -0.0879301
13.2 10.4 -0.0638816
13.2 10.8 -0.0418045
13.2 11.2 -0.0364622
13.2 11.6 -0.0514011
13.2 12 -0.0757348
13.2 12.4 -0.0798059
13.2 12.8 -0.0413436
13.2 13.2 0.0108298
13.2 13.6 0.0426418
13.2 14 0.0413188
13.2 14.4 0.049056
13.2 14.8 0.0604996
13.2 15.2 0.0679027
13.2 15.6 0.0708856
13.2 16 0.0724378
13.2 16.4 0.0706782
13.2 16.8 0.0558048
13.2 17.2 0.0173421
13.2 17.6 -0.0425985
13.2 18 -0.101744
13.2 18.4 -0.125644
13.2 18.8 -0.0898247
13.2 19.2 -0.002443
13.2 19.6 0.0886163
13.2 20 0.109623
13.2 20.4 -0.000502677
13.2 20.8 -0.0659137
13.2 21.2 -0.0594786
13.2 21.6 -0.00179645
13.2 22 0.00166324
13.2 22.4 -0.027647
13.2 22.8 -0.06595
13.2 23.2 -0.0895195
13.2 23.6 -0.0843089
13.2 24 -0.0522469
13.2 24.4 -0.00873472
13.2 24.8 0.0273675
13.2 25.2 0.0449581
13.2 25.6 0.0461153
13.2 26 0.0425921
13.2 26.4 0.00526151
13.2 26.8 0

13.6 0 0
13.6 0.4 -0.00550898
13.6 0.8 -0.0436449
13.6 1.2 -0.0150476
13.6 1.6 0.0180567
13.6 2 0.0327294
13.6 2.4 0.0185622
13.6 2.8 -0.0149455
13.6 3.2 -0.0442979
13.6 3.6 -0.0464222
13.6 4 -0.0116397
13.6 4.4 0.049446
13.6 4.8 0.0877612
13.6 5.2 0.0719805
13.6 5.6 0.00982717
13.6 6 -0.0504385
13.6 6.4 -0.071535
13.6 6.8 -0.0445818
13.6 7.2 0.0125216
13.6 7.6 0.0675761
13.6 8 0.0920884
13.6 8.4 0.0754264
13.6 8.8 0.0279252
13.6 9.2 -0.027476
13.6 9.6 -0.0690265
13.6 10 -0.0871049
13.6 10.4 -0.0867399
13.6 10.8 -0.0815374
13.6 11.2 -0.0834199
13.6 11.6 -0.0938802
13.6 12 -0.100658
13.6 12.4 -0.0829958
13.6 12.8 -0.03708
13.6 13.2 0.0169214
13.6 13.6 0.0548453
13.6 14 0.0764206
13.6 14.4 0.0984122
13.6 14.8 0.120857
13.6 15.2 0.136938
13.6 15.6 0.141756
13.6 16 0.133852
13.6 16.4 0.112283
13.6 16.8 0.0751052
13.6 17.2 0.0228796
13.6 17.6 -0.0352214
13.6 18 -0.0798214
13.6 18.4 -0.089676
13.6 18.8 -0.0573427
13.6 19.2 -0.00133168
13.6 19.6 0.037427
13.6 20 0.0197874
13.6 20.4 -0.0513581
13.6 20.8 -0.0985673
13.6 21.2 -0.0859802
13.6 21.6 -0.0346113
13.6 22 -0.0156054
13.6 22.4 -0.0324213
13.6 22.8 -0.0625288
13.6 23.2 -0.0783101
13.6 23.6 -0.0635221
13.6 24 -0.0221934
13.6 24.4 0.0248852
13.6 24.8 0.054091
13.6 25.2 0.0544019
13.6 25.6 0.0341884
13.6 26 0.0148819
13.6 26.4 0.00180721
13.6 26.8 0

14 0 0
14 0.4 -0.00459231
14 0.8 -0.036652
14 1.2 -0.0105326
14 1.6 0.0199711
14 2 0.0334869
14 2.4 0.0206013
14 2.8 -0.00940546
14 3.2 -0.0347472
14 3.6 -0.0353254
14 4 -0.00378998
14 4.4 0.0589499
14 4.8 0.101855
14 5.2 0.0942951
14 5.6 0.0410444
14 6 -0.0290052
14 6.4 -0.0686023
14 6.8 -0.0606243
14 7.2 -0.0136721
14 7.6 0.0460388
14 8 0.0892277
14 8.4 0.0979545
14 8.8 0.072386
14 9.2 0.0272326
14 9.6 -0.0187016
14 10 -0.0529893
14 10.4 -0.0742157
14 10.8 -0.0891511
14 11.2 -0.105269
14 11.6 -0.123169
14 12 -0.13157
14 12.4 -0.105527
14 12.8 -0.053132
14 13.2 0.00473458
14 13.6 0.0381056
14 14 0.0584028
14 14.4 0.0801245
14 14.8 0.101634
14 15.2 0.115566
14 15.6 0.116151
14 16 0.102439
14 16.4 0.0772426
14 16.8 0.0447976
14 17.2 0.0102862
14 17.6 -0.0189005
14 18 -0.0334935
14 18.4 -0.0271766
14 18.8 -0.0043119
14 19.2 0.0159553
14 19.6 0.00646918
14 20 -0.0469582
14 20.4 -0.109508
14 20.8 -0.139451
14 21.2 -0.103992
14 21.6 -0.0187494
14 22 0.0093677
14 22.4 -0.00405315
14 22.8 -0.0322746
14 23.2 -0.0461847
14 23.6 -0.0292149
14 24 0.0126072
14 24.4 0.0545542
14 24.8 0.0698199
14 25.2 0.0481056
14 25.6 0.0034454
14 26 -0.034407
14 26.4 -0.00450705
14 26.8 0

14.4 0 0
14.4 0.4 -0.0035234
14.4 0.8 -0.0283319
14.4 1.2 -0.00442731
14.4 1.6 0.0245433
14.4 2 0.0392423
14.4 2.4 0.0308312
14.4 2.8 0.00671612
14.4 3.2 -0.0156189
14.4 3.6 -0.0225466
14.4 4 -0.0176569
14.4 4.4 0.00293261
14.4 4.8 0.00750241
14.4 5.2 0.0161071
14.4 5.6 0.0739053
14.4 6 -0.00145561
14.4 6.4 -0.0492647
14.4 6.8 -0.0604301
14.4 7.2 -0.0352838
14.4 7.6 0.0118292
14.4 8 0.0588843
14.4 8.4 0.0869616
14.4 8.8 0.0882024
14.4 9.2 0.0667857
14.4 9.6 0.0336127
14.4 10 -0.00105155
14.4 10.4 -0.032366
14.4 10.8 -0.0611038
14.4 11.2 -0.0907066
14.4 11.6 -0.124283
14.4 12 -0.160491
14.4 12.4 -0.0225537
14.4 12.8 -0.00656143
14.4 13.2 -0.00579928
14.4 13.6 -0.0170229
14.4 14 -0.0195437
14.4 14.4 -0.00919847
14.4 14.8 0.00328502
14.4 15.2 0.0100893
14.4 15.6 0.00699139
14.4 16 -0.00417576
14.4 16.4 -0.0168225
14.4 16.8 -0.0237802
14.4 17.2 -0.020977
14.4 17.6 -0.00845748
14.4 18 0.0105307
14.4 18.4 0.0302013
14.4 18.8 0.0417452
14.4 19.2 0.0331571
14.4 19.6 -0.00892166
14.4 20 -0.0972244
14.4 20.4 -0.0220216
14.4 20.8 -0.0123271
14.4 21.2 -0.00271865
14.4 21.6 0.0608791
14.4 22 0.0658905
14.4 22.4 0.0404547
14.4 22.8 0.00576555
14.4 23.2 -0.0132558
14.4 23.6 -0.00131698
14.4 24 0.0345726
14.4 24.4 0.0677953
14.4 24.8 0.0697747
14.4 25.2 0.0304987
14.4 25.6 -0.0327674
14.4 26 -0.0853037
14.4 26.4 -0.0110809
14.4 26.8 0

14.8 0 0
14.8 0.4 -0.00224066
14.8 0.8 -0.0182632
14.8 1.2 0.00203884
14.8 1.6 0.0277367
14.8 2 0.0426544
14.8 2.4 0.0391442
14.8 2.8 0.0226909
14.8 3.2 0.00674589
14.8 3.6 0.00171626
14.8 4 4.71145e-05
14.8 4.4 0
14.8 4.8 0
14.8 5.2 0
14.8 5.6 0.0119404
14.8 6 0.0188616
14.8 6.4 -0.0142489
14.8 6.8 -0.0396325
14.8 7.2 -0.0444374
14.8 7.6 -0.0260819
14.8 8 0.00716206
14.8 8.4 0.0417525
14.8 8.8 0.0658454
14.8 9.2 0.0736705
14.8 9.6 0.0658149
14.8 10 0.0466141
14.8 10.4 0.0210888
14.8 10.8 -0.00695042
14.8 11.2 -0.0363991
14.8 11.6 -0.0746737
14.8 12 -0.0161178
14.8 12.4 0
14.8 12.8 0
14.8 13.2 0
14.8 13.6 -0.0150467
14.8 14 -0.122665
14.8 14.4 -0.115388
14.8 14.8 -0.109958
14.8 15.2 -0.107755
14.8 15.6 -0.109857
14.8 16 -0.111975
14.8 16.4 -0.105624
14.8 16.8 -0.0837778
14.8 17.2 -0.0464425
14.8 17.6 -0.00204019
14.8 18 0.0362352
14.8 18.4 0.0565628
14.8 18.8 0.0535232
14.8 19.2 0.0297429
14.8 19.6 -0.00655277
14.8 20 -0.0142872
14.8 20.4 0
14.8 20.8 0
14.8 21.2 0
14.8 21.6 0.0133263
14.8 22 0.103916
14.8 22.4 0.0654538
14.8 22.8 0.0255011
14.8 23.2 -0.000128682
14.8 23.6 0.00387559
14.8 24 0.0323041
14.8 24.4 0.0594448
14.8 24.8 0.0563553
14.8 25.2 0.0122361
14.8 25.6 -0.055946
14.8 26 -0.113112
14.8 26.4 -0.0146947
14.8 26.8 0

15.2 0 0
15.2 0.4 -0.000759031
15.2 0.8 -0.00670775
15.2 1.2 0.00704345
15.2 1.6 0.0250311
15.2 2 0.0358771
15.2 2.4 0.0344782
15.2 2.8 0.0250985
15.2 3.2 0.0176339
15.2 3.6 0.00259666
15.2 4 0
15.2 4.4 0
15.2 4.8 0
15.2 5.2 0
15.2 5.6 0
15.2 6 0.00730605
15.2 6.4 0.0371068
15.2 6.8 -0.000546632
15.2 7.2 -0.0379486
15.2 7.6 -0.0568727
15.2 8 -0.0503981
15.2 8.4 -0.0229993
15.2 8.8 0.0136164
15.2 9.2 0.0465373
15.2 9.6 0.0666595
15.2 10 0.071039
15.2 10.4 0.0626781
15.2 10.8 0.0490452
15.2 11.2 0.0413133
15.2 11.6 0.000438744
15.2 12 0
15.2 12.4 0
15.2 12.8 0
15.2 13.2 0
15.2 13.6 0
15.2 14 -0.0224719
15.2 14.4 -0.156099
15.2 14.8 -0.154981
15.2 15.2 -0.15191
15.2 15.6 -0.148519
15.2 16 -0.141111
15.2 16.4 -0.121959
15.2 16.8 -0.0858363
15.2 17.2 -0.0364611
15.2 17.6 0.0125287
15.2 18 0.0436115
15.2 18.4 0.0451671
15.2 18.8 0.0192808
15.2 19.2 -0.0165392
15.2 19.6 -0.00554246
15.2 20 0
15.2 20.4 0
15.2 20.8 0
15.2 21.2 0
15.2 21.6 0
15.2 22 0.0111857
15.2 22.4 0.0469205
15.2 22.8 0.0167357
15.2 23.2 -0.0116088
15.2 23.6 -0.0146971
15.2 24 0.0080618
15.2 24.4 0.0347418
15.2 24.8 0.0374393
15.2 25.2 0.00359338
15.2 25.6 -0.0535175
15.2 26 -0.102984
15.2 26.4 -0.0134019
15.2 26.8 0

15.6 0 0
15.6 0.4 0.000850358
15.6 0.8 0.00570335
15.6 1.2 0.00966223
15.6 1.6 0.0147984
15.6 2 0.0160686
15.6 2.4 0.0122877
15.6 2.8 0.00691093
15.6 3.2 0.00452137
15.6 3.6 0.000478662
15.6 4 0
15.6 4.4 0
15.6 4.8 0
15.6 5.2 0
15.6 5.6 0
15.6 6 0.00805947
15.6 6.4 0.091178
15.6 6.8 0.0416899
15.6 7.2 -0.0208603
15.6 7.6 -0.0720266
15.6 8 -0.0938391
15.6 8.4 -0.0817609
15.6 8.8 -0.0445696
15.6 9.2 0.00156914
15.6 9.6 0.0410521
15.6 10 0.0648822
15.6 10.4 0.0726961
15.6 10.8 0.0711167
15.6 11.2 0.0703144
15.6 11.6 0.0059513
15.6 12 0
15.6 12.4 0
15.6 12.8 0
15.6 13.2 0
15.6 13.6 0
15.6 14 -0.00616339
15.6 14.4 -0.0987063
15.6 14.8 -0.0973834
15.6 15.2 -0.0876767
15.6 15.6 -0.0766901
15.6 16 -0.0645705
15.6 16.4 -0.0461185
15.6 16.8 -0.0176985
15.6 17.2 0.0160256
15.6 17.6 0.0413188
15.6 18 0.0422793
15.6 18.4 0.0115143
15.6 18.8 -0.0425315
15.6 19.2 -0.0973301
15.6 19.6 -0.00953086
15.6 20 0
15.6 20.4 0
15.6 20.8 0
15.6 21.2 0
15.6 21.6 0
15.6 22 0.0023658
15.6 22.4 0.0314057
15.6 22.8 0.00145476
15.6 23.2 -0.0313716
15.6 23.6 -0.0415125
15.6 24 -0.0233299
15.6 24.4 0.00618336
15.6 24.8 0.0213544
15.6 25.2 0.00767941
15.6 25.6 -0.0272765
15.6 26 -0.0598705
15.6 26.4 -0.00781467
15.6 26.8 0

16 0 0
16 0.4 0.00248367
16 0.8 0.0182741
16 1.2 0.0106997
16 1.6 -2.12934e-05
16 2 -0.0118222
16 2.4 -0.020922
16 2.8 -0.0237049
16 3.2 -0.0207275
16 3.6 -0.00341175
16 4 0
16 4.4 0
16 4.8 0
16 5.2 0
16 5.6 0
16 6 0.00989403
16 6.4 0.105737
16 6.8 0.0618765
16 7.2 -0.00410613
16 7.6 -0.0680569
16 8 -0.106639
16 8.4 -0.109038
16 8.8 -0.0801402
16 9.2 -0.0355929
16 9.6 0.00718753
16 10 0.0367495
16 10.4 0.0505053
16 10.8 0.052591
16 11.2 0.0494975
16 11.6 1.06205e-05
16 12 0
16 12.4 0
16 12.8 0
16 13.2 0
16 13.6 0
16 14 0.00403046
16 14.4 0.00644656
16 14.8 0.0184402
16 15.2 0.040114
16 15.6 0.0584306
16 16 0.0692282
16 16.4 0.0755311
16 16.8 0.0809764
16 17.2 0.083218
16 17.6 0.0728862
16 18 0.0397543
16 18.4 -0.0178323
16 18.8 -0.0874719
16 19.2 -0.14713
16 19.6 -0.0213709
16 20 0
16 20.4 0
16 20.8 0
16 21.2 0
16 21.6 0
16 22 0.00846781
16 22.4 0.0318328
16 22.8 -0.00107183
16 23.2 -0.0387779
16 23.6 -0.0560841
16 24 -0.0438585
16 24.4 -0.0137951
16 24.8 0.0120425
16 25.2 0.0183041
16 25.6 0.00687218
16 26 -0.00676418
16 26.4 -0.000878353
16 26.8 0

16.4 0 0
16.4 0.4 0.00396919
16.4 0.8 0.0299181
16.4 1.2 0.0119041
16.4 1.6 -0.0135251
16.4 2 -0.0378061
16.4 2.4 -0.0520023
16.4 2.8 -0.050858
16.4 3.2 -0.0370384
16.4 3.6 -0.0230687
16.4 4 -0.000160464
16.4 4.4 0
16.4 4.8 0
16.4 5.2 0
16.4 5.6 -0.00653811
16.4 6 0.0194909
16.4 6.4 0.0592355
16.4 6.8 0.0486154
16.4 7.2 0.005333
16.4 7.6 -0.0464168
16.4 8 -0.083095
16.4 8.4 -0.0918534
16.4 8.8 -0.0745542
16.4 9.2 -0.0437484
16.4 9.6 -0.0140759
16.4 10 0.00520514
16.4 10.4 0.012422
16.4 10.8 0.00996739
16.4 11.2 -0.00264822
16.4 11.6 -0.0383317
16.4 12 -0.00736588
16.4 12.4 0
16.4 12.8 0
16.4 13.2 0
16.4 13.6 -0.00173323
16.4 14 0.049854
16.4 14.4 0.0723623
16.4 14.8 0.106572
16.4 15.2 0.140829
16.4 15.6 0.163175
16.4 16 0.168748
16.4 16.4 0.160266
16.4 16.8 0.142879
16.4 17.2 0.118279
16.4 17.6 0.0831993
16.4 18 0.0338997
16.4 18.4 -0.0267051
16.4 18.8 -0.0850601
16.4 19.2 -0.119858
16.4 19.6 -0.109124
16.4 20 -0.0019595
16.4 20.4 0
16.4 20.8 0
16.4 21.2 0
16.4 21.6 0.00836511
16.4 22 0.0759862
16.4 22.4 0.0520454
16.4 22.8 0.0164701
16.4 23.2 -0.0227847
16.4 23.6 -0.0460885
16.4 24 -0.0428335
16.4 24.4 -0.019271
16.4 24.8 0.00779763
16.4 25.2 0.0243554
16.4 25.6 0.0284442
16.4 26 0.0285655
16.4 26.4 0.00382794
16.4 26.8 0

16.8 0 0
16.8 0.4 0.00502137
16.8 0.8 0.038592
16.8 1.2 0.0142447
16.8 1.6 -0.0204395
16.8 2 -0.0527589
16.8 2.4 -0.0699598
16.8 2.8 -0.064476
16.8 3.2 -0.0381345
16.8 3.6 -0.00186054
16.8 4 0.0327443
16.8 4.4 0.00717279
16.8 4.8 0.00328622
16.8 5.2 -0.00922605
16.8 5.6 -0.0939897
16.8 6 -0.0393929
16.8 6.4 0.00412071
16.8 6.8 0.0199879
16.8 7.2 0.00960623
16.8 7.6 -0.0133848
16.8 8 -0.0323885
16.8 8.4 -0.0375575
16.8 8.8 -0.0299487
16.8 9.2 -0.0182678
16.8 9.6 -0.0114889
16.8 10 -0.0129244
16.8 10.4 -0.0195888
16.8 10.8 -0.0265468
16.8 11.2 -0.0322813
16.8 11.6 -0.0393424
16.8 12 -0.0407142
16.8 12.4 -0.00199017
16.8 12.8 0.00201851
16.8 13.2 -0.00385178
16.8 13.6 -0.0310597
16.8 14 0.0243609
16.8 14.4 0.0683096
16.8 14.8 0.110918
16.8 15.2 0.146017
16.8 15.6 0.164858
16.8 16 0.164135
16.8 16.4 0.14735
16.8 16.8 0.121016
16.8 17.2 0.0898721
16.8 17.6 0.0552282
16.8 18 0.0175735
16.8 18.4 -0.0190923
16.8 18.8 -0.0452787
16.8 19.2 -0.0484123
16.8 19.6 -0.0172729
16.8 20 0.0572188
16.8 20.4 0.00601505
16.8 20.8 -0.00501981
16.8 21.2 -0.00300953
16.8 21.6 0.0277457
16.8 22 0.0570583
16.8 22.4 0.0618541
16.8 22.8 0.0430525
16.8 23.2 0.0117471
16.8 23.6 -0.0140715
16.8 24 -0.0220632
16.8 24.4 -0.0126495
16.8 24.8 0.00410584
16.8 25.2 0.0178507
16.8 25.6 0.0253441
16.8 26 0.030333
16.8 26.4 0.00423796
16.8 26.8 0

17.2 0 0
17.2 0.4 0.00528569
17.2 0.8 0.0414487
17.2 1.2 0.0168753
17.2 1.6 -0.0188486
17.2 2 -0.0526972
17.2 2.4 -0.0709473
17.2 2.8 -0.0644831
17.2 3.2 -0.033579
17.2 3.6 0.010975
17.2 4 0.0518899
17.2 4.4 0.0704147
17.2 4.8 0.0368813
17.2 5.2 -0.0293057
17.2 5.6 -0.0825875
17.2 6 -0.0733109
17.2 6.4 -0.0396522
17.2 6.8 -0.00789849
17.2 7.2 0.0109876
17.2 7.6 0.0189811
17.2 8 0.0232636
17.2 8.4 0.0279583
17.2 8.8 0.0307476
17.2 9.2 0.0258772
17.2 9.6 0.0102634
17.2 10 -0.0125385
17.2 10.4 -0.0336854
17.2 10.8 -0.0445896
17.2 11.2 -0.0421659
17.2 11.6 -0.0290726
17.2 12 -0.00759108
17.2 12.4 0.0234204
17.2 12.8 0.0245757
17.2 13.2 0.00174579
17.2 13.6 -0.0209563
17.2 14 -0.00973209
17.2 14.4 0.0123221
17.2 14.8 0.0368148
17.2 15.2 0.055666
17.2 15.6 0.0627976
17.2 16 0.057199
17.2 16.4 0.0427774
17.2 16.8 0.0253552
17.2 17.2 0.00951106
17.2 17.6 -0.0023751
17.2 18 -0.0087542
17.2 18.4 -0.00729656
17.2 18.8 0.00455887
17.2 19.2 0.0263403
17.2 19.6 0.0502364
17.2 20 0.0565406
17.2 20.4 0.00025559
17.2 20.8 -0.0628638
17.2 21.2 -0.0721038
17.2 21.6 -0.0147241
17.2 22 0.0373622
17.2 22.4 0.0673006
17.2 22.8 0.0695172
17.2 23.2 0.0508006
17.2 23.6 0.0255353
17.2 24 0.00648524
17.2 24.4 -0.00168026
17.2 24.8 -0.0020502
17.2 25.2 -6.70919e-05
17.2 25.6 0.00165075
17.2 26 0.00413282
17.2 26.4 0.00100636
17.2 26.8 0

17.6 0 0
17.6 0.4 0.00450506
17.6 0.8 0.0361292
17.6 1.2 0.0177419
17.6 1.6 -0.0103787
17.6 2 -0.0391794
17.6 2.4 -0.0573641
17.6 2.8 -0.0553841
17.6 3.2 -0.0306208
17.6 3.6 0.00955384
17.6 4 0.049093
17.6 4.4 0.0663774
17.6 4.8 0.034596
17.6 5.2 -0.0290731
17.6 5.6 -0.081404
17.6 6 -0.0877852
17.6 6.4 -0.0615604
17.6 6.8 -0.0244074
17.6 7.2 0.00971834
17.6 7.6 0.0369164
17.6 8 0.0580393
17.6 8.4 0.0723307
17.6 8.8 0.0753974
17.6 9.2 0.0626287
17.6 9.6 0.0346119
17.6 10 -0.000414475
17.6 10.4 -0.0295796
17.6 10.8 -0.0420384
17.6 11.2 -0.034595
17.6 11.6 -0.0124431
17.6 12 0.0146212
17.6 12.4 0.0348875
17.6 12.8 0.0307326
17.6 13.2 0.00429605
17.6 13.6 -0.0262405
17.6 14 -0.0446677
17.6 14.4 -0.053568
17.6 14.8 -0.0588372
17.6 15.2 -0.0648267
17.6 15.6 -0.0724789
17.6 16 -0.0796425
17.6 16.4 -0.0830644
17.6 16.8 -0.0804966
17.6 17.2 -0.0713208
17.6 17.6 -0.0554482
17.6 18 -0.0319637
17.6 18.4 0.000434325
17.6 18.8 0.0403732
17.6 19.2 0.0795953
17.6 19.6 0.100822
17.6 20 0.0815531
17.6 20.4 0.0107015
17.6 20.8 -0.0586029
17.6 21.2 -0.0734849
17.6 21.6 -0.0273635
17.6 22 0.0281936
17.6 22.4 0.0688797
17.6 22.8 0.0847366
17.6 23.2 0.0767759
17.6 23.6 0.0540161
17.6 24 0.0276547
17.6 24.4 0.00551225
17.6 24.8 -0.00991654
17.6 25.2 -0.0196499
17.6 25.6 -0.0252537
17.6 26 -0.0274163
17.6 26.4 -0.00303082
17.6 26.8 0

18 0 0
18 0.4 0.002715
18 0.8 0.0225025
18 1.2 0.0153032
18 1.6 0.00161503
18 2 -0.0170437
18 2.4 -0.0346623
18 2.8 -0.0422483
18 3.2 -0.0331089
18 3.6 -0.00772723
18 4 0.0268161
18 4.4 0.0604528
18 4.8 0.0376339
18 5.2 -0.0217846
18 5.6 -0.0723913
18 6 -0.0772323
18 6.4 -0.054778
18 6.8 -0.0235877
18 7.2 0.00613819
18 7.6 0.0323282
18 8 0.0555374
18 8.4 0.0734598
18 8.8 0.0801087
18 9.2 0.0701225
18 9.6 0.0443284
18 10 0.0116584
18 10.4 -0.0146091
18 10.8 -0.0238957
18 11.2 -0.0138127
18 11.6 0.00933392
18 12 0.0342238
18 12.4 0.0491248
18 12.8 0.0433194
18 13.2 0.0162951
18 13.6 -0.0155382
18 14 -0.047909
18 14.4 -0.0765699
18 14.8 -0.104994
18 15.2 -0.131501
18 15.6 -0.150051
18 16 -0.154833
18 16.4 -0.14438
18 16.8 -0.122448
18 17.2 -0.0951469
18 17.6 -0.0664431
18 18 -0.0355162
18 18.4 0.00154641
18 18.8 0.0461837
18 19.2 0.0912709
18 19.6 0.118456
18 20 0.100963
18 20.4 0.0161922
18 20.8 -0.058673
18 21.2 -0.0713373
18 21.6 -0.0153548
18 22 0.0293494
18 22.4 0.0619706
18 22.8 0.0785668
18 23.2 0.0761579
18 23.6 0.0576737
18 24 0.0309288
18 24.4 0.00444755
18 24.8 -0.0161644
18 25.2 -0.0293499
18 25.6 -0.0365045
18 26 -0.0400838
18 26.4 -0.00479992
18 26.8 0

18.4 0 0
18.4 0.4 0.000322466
18.4 0.8 0.0035745
18.4 1.2 0.0099349
18.4 1.6 0.014103
18.4 2 0.00827009
18.4 2.4 -0.00824197
18.4 2.8 -0.0275756
18.4 3.2 -0.0391754
18.4 3.6 -0.0377032
18.4 4 -0.0205906
18.4 4.4 0.00232223
18.4 4.8 0.00356337
18.4 5.2 -0.00440113
18.4 5.6 -0.0623138
18.4 6 -0.0433849
18.4 6.4 -0.0202806
18.4 6.8 -0.0050155
18.4 7.2 0.00231232
18.4 7.6 0.00801275
18.4 8 0.0179007
18.4 8.4 0.0316601
18.4 8.8 0.0427325
18.4 9.2 0.043667
18.4 9.6 0.0325145
18.4 10 0.0151603
18.4 10.4 0.00179917
18.4 10.8 0.000336494
18.4 11.2 0.0117586
18.4 11.6 0.030658
18.4 12 0.0484011
18.4 12.4 0.00848256
18.4 12.8 0.00432341
18.4 13.2 0.00650819
18.4 13.6 0.0203467
18.4 14 -0.00777143
18.4 14.4 -0.0332005
18.4 14.8 -0.0670616
18.4 15.2 -0.101671
18.4 15.6 -0.123378
18.4 16 -0.122789
18.4 16.4 -0.100967
18.4 16.8 -0.0687645
18.4 17.2 -0.0399383
18.4 17.6 -0.0225173
18.4 18 -0.0140916
18.4 18.4 -0.00418968
18.4 18.8 0.0177805
18.4 19.2 0.054343
18.4 19.6 0.0962196
18.4 20 0.118056
18.4 20.4 0.00782267
18.4 20.8 -0.00507937
18.4 21.2 -0.000904591
18.4 21.6 0.0361645
18.4 22 0.0377939
18.4 22.4 0.0410811
18.4 22.8 0.0473171
18.4 23.2 0.0466892
18.4 23.6 0.0350147
18.4 24 0.0156342
18.4 24.4 -0.00416153
18.4 24.8 -0.0180669
18.4 25.2 -0.0240471
18.4 25.6 -0.0245714
18.4 26 -0.0242662
18.4 26.4 -0.00304318
18.4 26.8 0

18.8 0 0
18.8 0.4 -0.00200713
18.8 0.8 -0.0152495
18.8 1.2 0.00391236
18.8 1.6 0.0251789
18.8 2 0.0319175
18.8 2.4 0.0173999
18.8 2.8 -0.0110298
18.8 3.2 -0.0393906
18.8 3.6 -0.0642951
18.8 4 -0.0076587
18.8 4.4 0
18.8 4.8 0
18.8 5.2 0
18.8 5.6 -0.00218543
18.8 6 0.0109814
18.8 6.4 0.0334702
18.8 6.8 0.0255007
18.8 7.2 0.00111147
18.8 7.6 -0.0233121
18.8 8 -0.0347847
18.8 8.4 -0.0300481
18.8 8.8 -0.0155804
18.8 9.2 -0.00135624
18.8 9.6 0.00662381
18.8 10 0.00952377
18.8 10.4 0.0128139
18.8 10.8 0.0204211
18.8 11.2 0.0313025
18.8 11.6 0.0428829
18.8 12 0.00740563
18.8 12.4 0
18.8 12.8 0
18.8 13.2 0
18.8 13.6 0.00830191
18.8 14 0.0470041
18.8 14.4 0.0521404
18.8 14.8 0.0284043
18.8 15.2 -0.00363442
18.8 15.6 -0.0224268
18.8 16 -0.0156485
18.8 16.4 0.0129471
18.8 16.8 0.0459281
18.8 17.2 0.0628131
18.8 17.6 0.0525265
18.8 18 0.0201053
18.8 18.4 -0.0162682
18.8 18.8 -0.0355297
18.8 19.2 -0.0233484
18.8 19.6 0.0303
18.8 20 0.00874971
18.8 20.4 0
18.8 20.8 0
18.8 21.2 0
18.8 21.6 0.00779623
18.8 22 0.0340686
18.8 22.4 -0.000304703
18.8 22.8 -0.00261315
18.8 23.2 0.000435956
18.8 23.6 -0.00155712
18.8 24 -0.00870323
18.8 24.4 -0.0153567
18.8 24.8 -0.0158039
18.8 25.2 -0.0087542
18.8 25.6 0.00170535
18.8 26 0.00886826
18.8 26.4 0.00089613
18.8 26.8 0

19.2 0 0
19.2 0.4 -0.00359858
19.2 0.8 -0.0282314
19.2 1.2 6.24518e-05
19.2 1.6 0.0335297
19.2 2 0.0492292
19.2 2.4 0.0367783
19.2 2.8 0.00542468
19.2 3.2 -0.0215222
19.2 3.6 -0.00661284
19.2 4 0
19.2 4.4 0
19.2 4.8 0
19.2 5.2 0
19.2 5.6 0
19.2 6 0.00898366
19.2 6.4 0.0896689
19.2 6.8 0.0547291
19.2 7.2 0.00306186
19.2 7.6 -0.045978
19.2 8 -0.0749852
19.2 8.4 -0.0781585
19.2 8.8 -0.0619949
19.2 9.2 -0.0384675
19.2 9.6 -0.016671
19.2 10 0.00101592
19.2 10.4 0.0164016
19.2 10.8 0.0297222
19.2 11.2 0.035654
19.2 11.6 0.00505751
19.2 12 0
19.2 12.4 0
19.2 12.8 0
19.2 13.2 0
19.2 13.6 0
19.2 14 0.0135733
19.2 14.4 0.132524
19.2 14.8 0.113932
19.2 15.2 0.0851707
19.2 15.6 0.0699311
19.2 16 0.0813606
19.2 16.4 0.11334
19.2 16.8 0.14381
19.2 17.2 0.147878
19.2 17.6 0.112761
19.2 18 0.0456409
19.2 18.4 -0.030165
19.2 18.8 -0.0885614
19.2 19.2 -0.116565
19.2 19.6 -0.00808081
19.2 20 0
19.2 20.4 0
19.2 20.8 0
19.2 21.2 0
19.2 21.6 0
19.2 22 -0.00271401
19.2 22.4 -0.0647964
19.2 22.8 -0.0512824
19.2 23.2 -0.038765
19.2 23.6 -0.0308925
19.2 24 -0.0271864
19.2 24.4 -0.0226357
19.2 24.8 -0.0121444
19.2 25.2 0.00487859
19.2 25.6 0.0233441
19.2 26 0.0354597
19.2 26.4 0.00407739
19.2 26.8 0

19.6 0 0
19.6 0.4 0
19.6 0.8 -0.00359858
19.6 1.2 2.31396e-05
19.6 1.6 0.00432222
19.6 2 0.00636178
19.6 2.4 0.00480395
19.6 2.8 0.000821625
19.6 3.2 -0.00260389
19.6 3.6 0
19.6 4 0
19.6 4.4 0
19.6 4.8 0
19.6 5.2 0
19.6 5.6 0
19.6 6 0
19.6 6.4 0.0114782
19.6 6.8 0.00706818
19.6 7.2 0.000532913
19.6 7.6 -0.00567468
19.6 8 -0.00938977
19.6 8.4 -0.00990683
19.6 8.8 -0.00803008
19.6 9.2 -0.00521518
19.6 9.6 -0.0025533
19.6 10 -0.00032761
19.6 10.4 0.0016583
19.6 10.8 0.00338095
19.6 11.2 0.00412903
19.6 11.6 0
19.6 12 0
19.6 12.4 0
19.6 12.8 0
19.6 13.2 0
19.6 13.6 0
19.6 14 0
19.6 14.4 0.0162807
19.6 14.8 0.01414
19.6 15.2 0.0107879
19.6 15.6 0.00910588
19.6 16 0.0106169
19.6 16.4 0.0145029
19.6 16.8 0.0180676
19.6 17.2 0.0183322
19.6 17.6 0.0138079
19.6 18 0.00540824
19.6 18.4 -0.00402316
19.6 18.8 -0.0113016
19.6 19.2 -0.0147989
19.6 19.6 0
19.6 20 0
19.6 20.4 0
19.6 20.8 0
19.6 21.2 0
19.6 21.6 0
19.6 22 0
19.6 22.4 -0.00849899
19.6 22.8 -0.006823
19.6 23.2 -0.00514154
19.6 23.6 -0.0039153
19.6 24 -0.00318177
19.6 24.4 -0.00244427
19.6 24.8 -0.00115355
19.6 25.2 0.00076992
19.6 25.6 0.0027901
19.6 26 0.00407739
19.6 26.4 0
19.6 26.8 0

20 0 0
20 0.4 0
20 0.8 0
20 1.2 0
20 1.6 0
20 2 0
20 2.4 0
20 2.8 0
20 3.2 0
20 3.6 0
20 4 0
20 4.4 0
20 4.8 0
20 5.2 0
20 5.6 0
20 6 0
20 6.4 0
20 6.8 0
20 7.2 0
20 7.6 0
20 8 0
20 8.4 0
20 8.8 0
20 9.2 0
20 9.6 0
20 10 0
20 10.4 0
20 10.8 0
20 11.2 0
20 11.6 0
20 12 0
20 12.4 0
20 12.8 0
20 13.2 0
20 13.6 0
20 14 0
20 14.4 0
20 14.8 0
20 15.2 0
20 15.6 0
20 16 0
20 16.4 0
20 16.8 0
20 17.2 0
20 17.6 0
20 18 0
20 18.4 0
20 18.8 0
20 19.2 0
20 19.6 0
20 20 0
20 20.4 0
20 20.8 0
20 21.2 0
20 21.6 0
20 22 0
20 22.4 0
20 22.8 0
20 23.2 0
20 23.6 0
20 24 0
20 24.4 0
20 24.8 0
20 25.2 0
20 25.6 0
20 26 0
20 26.4 0
20 26.8 0

