0 0 0
0 0.4 0
0 0.8 0
0 1.2 0
0 1.6 0
0 2 0
0 2.4 0
0 2.8 0
0 3.2 0
0 3.6 0
0 4 0
0 4.4 0
0 4.8 0
0 5.2 0
0 5.6 0
0 6 0
0 6.4 0
0 6.8 0
0 7.2 0
0 7.6 0
0 8 0
0 8.4 0
0 8.8 0
0 9.2 0
0 9.6 0
0 10 0
0 10.4 0
0 10.8 0
0 11.2 0
0 11.6 0
0 12 0
0 12.4 0
0 12.8 0
0 13.2 0
0 13.6 0
0 14 0
0 14.4 0
0 14.8 0
0 15.2 0
0 15.6 0
0 16 0
0 16.4 0
0 16.8 0
0 17.2 0
0 17.6 0
0 18 0
0 18.4 0
0 18.8 0
0 19.2 0
0 19.6 0
0 20 0
0 20.4 0
0 20.8 0
0 21.2 0
0 21.6 0
0 22 0
0 22.4 0
0 22.8 0
0 23.2 0
0 23.6 0
0 24 0
0 24.4 0
0 24.8 0
0 25.2 0
0 25.6 0
0 26 0
0 26.4 0
0 26.8 0

0.4 0 0
0.4 0.4 0
0.4 0.8 0.0802443
0.4 1.2 0.0565714
0.4 1.6 0.0232264
0.4 2 -0.0110765
0.4 2.4 -0.0360312
0.4 2.8 -0.0433559
0.4 3.2 -0.0309062
0.4 3.6 -0.00438668
0.4 4 0.0252892
0.4 4.4 0.0475464
0.4 4.8 0.0560828
0.4 5.2 0.0484634
0.4 5.6 0.0264029
0.4 6 -0.00328329
0.4 6.4 -0.0286222
0.4 6.8 -0.0379059
0.4 7.2 -0.0277031
0.4 7.6 -0.00637815
0.4 8 0.0107968
0.4 8.4 0.0121007
0.4 8.8 -0.00225099
0.4 9.2 -0.0203851
0.4 9.6 -0.0278702
0.4 10 -0.0188628
0.4 10.4 -0.000622293
0.4 10.8 0.012368
0.4 11.2 0.0102571
0.4 11.6 -0.0037875
0.4 12 -0.0158038
0.4 12.4 -0.0127341
0.4 12.8 0.00576189
0.4 13.2 0.0266512
0.4 13.6 0.03382
0.4 14 0.0210152
0.4 14.4 -0.00347677
0.4 14.8 -0.0245389
0.4 15.2 -0.0320215
0.4 15.6 -0.027342
0.4 16 -0.0206915
0.4 16.4 -0.0219587
0.4 16.8 -0.0328247
0.4 17.2 -0.045891
0.4 17.6 -0.05094
0.4 18 -0.043017
0.4 18.4 -0.0261064
0.4 18.8 -0.00991701
0.4 19.2 -0.00265506
0.4 19.6 -0.00540828
0.4 20 -0.0121956
0.4 20.4 -0.0152944
0.4 20.8 -0.0116128
0.4 21.2 -0.0051668
0.4 21.6 -0.00391406
0.4 22 -0.0129568
0.4 22.4 -0.0292854
0.4 22.8 -0.0433211
0.4 23.2 -0.0452984
0.4 23.6 -0.0318794
0.4 24 -0.00867723
0.4 24.4 0.0129167
0.4 24.8 0.0225954
0.4 25.2 0.0173612
0.4 25.6 0.00319297
0.4 26 -0.00889578
0.4 26.4 0
0.4 26.8 0

0.8 0 0
0.8 0.4 0.0802443
0.8 0.8 0.583561
0.8 1.2 0.41122
0.8 1.6 0.168483
0.8 2 -0.0811266
0.8 2.4 -0.262551
0.8 2.8 -0.315544
0.8 3.2 -0.224591
0.8 3.6 -0.0313168
0.8 4 0.184764
0.8 4.4 0.346639
0.8 4.8 0.408461
0.8 5.2 0.352646
0.8 5.6 0.191888
0.8 6 -0.0240634
0.8 6.4 -0.208089
0.8 6.8 -0.275165
0.8 7.2 -0.200544
0.8 7.6 -0.0452144
0.8 8 0.0797201
0.8 8.4 0.089109
0.8 8.8 -0.0153661
0.8 9.2 -0.147309
0.8 9.6 -0.201806
0.8 10 -0.136429
0.8 10.4 -0.00395903
0.8 10.8 0.0903883
0.8 11.2 0.0751124
0.8 11.6 -0.0267362
0.8 12 -0.113814
0.8 12.4 -0.0914996
0.8 12.8 0.0424428
0.8 13.2 0.193334
0.8 13.6 0.244462
0.8 14 0.150918
0.8 14.4 -0.0267408
0.8 14.8 -0.178767
0.8 15.2 -0.231913
0.8 15.6 -0.197132
0.8 16 -0.148863
0.8 16.4 -0.158854
0.8 16.8 -0.238754
0.8 17.2 -0.334161
0.8 17.6 -0.370484
0.8 18 -0.311944
0.8 18.4 -0.188118
0.8 18.8 -0.0702252
0.8 19.2 -0.0181737
0.8 19.6 -0.0396021
0.8 20 -0.0903856
0.8 20.4 -0.113732
0.8 20.8 -0.0868453
0.8 21.2 -0.0390994
0.8 21.6 -0.0288828
0.8 22 -0.0938392
0.8 22.4 -0.212384
0.8 22.8 -0.314811
0.8 23.2 -0.329774
0.8 23.6 -0.232611
0.8 24 -0.063919
0.8 24.4 0.0934223
0.8 24.8 0.164239
0.8 25.2 0.126517
0.8 25.6 0.0236583
0.8 26 -0.0641837
0.8 26.4 -0.00889578
0.8 26.8 0

1.2 0 0
1.2 0.4 0.048186
1.2 0.8 0.350465
1.2 1.2 0.249092
1.2 1.6 0.104056
1.2 2 -0.0488927
1.2 2.4 -0.162873
1.2 2.8 -0.198083
1.2 3.2 -0.14643
1.2 3.6 -0.0424606
1.2 4 0.0558319
1.2 4.4 0.109284
1.2 4.8 0.120964
1.2 5.2 0.0944834
1.2 5.6 0.028909
1.2 6 -0.072259
1.2 6.4 -0.165905
1.2 6.8 -0.191258
1.2 7.2 -0.123759
1.2 7.6 -0.00375519
1.2 8 0.0871731
1.2 8.4 0.0861648
1.2 8.8 -0.00130847
1.2 9.2 -0.10316
1.2 9.6 -0.135653
1.2 10 -0.0703618
1.2 10.4 0.0405307
1.2 10.8 0.103775
1.2 11.2 0.06138
1.2 11.6 -0.0563232
1.2 12 -0.146931
1.2 12.4 -0.117102
1.2 12.8 0.0270161
1.2 13.2 0.186759
1.2 13.6 0.246225
1.2 14 0.165312
1.2 14.4 0.0117457
1.2 14.8 -0.108931
1.2 15.2 -0.133539
1.2 15.6 -0.0791557
1.2 16 -0.0184533
1.2 16.4 -0.0173679
1.2 16.8 -0.0846665
1.2 17.2 -0.169874
1.2 17.6 -0.206624
1.2 18 -0.16505
1.2 18.4 -0.0728371
1.2 18.8 0.00840351
1.2 19.2 0.0305171
1.2 19.6 -0.00711608
1.2 20 -0.0610409
1.2 20.4 -0.0801004
1.2 20.8 -0.0469855
1.2 21.2 0.00883609
1.2 21.6 0.0309861
1.2 22 -0.0184095
1.2 22.4 -0.115994
1.2 22.8 -0.19739
1.2 23.2 -0.202123
1.2 23.6 -0.114051
1.2 24 0.0263273
1.2 24.4 0.145006
1.2 24.8 0.179011
1.2 25.2 0.114955
1.2 25.6 -0.00233971
1.2 26 -0.0967811
1.2 26.4 -0.0133137
1.2 26.8 0

1.6 0 0
1.6 0.4 0.00721816
1.6 0.8 0.052601
1.6 1.2 0.0465762
1.6 1.6 0.0332356
1.6 2 0.0102337
1.6 2.4 -0.0123163
1.6 2.8 -0.0194058
1.6 3.2 -0.0113409
1.6 3.6 -0.0171468
1.6 4 -0.0776451
1.6 4.4 -0.187949
1.6 4.8 -0.250514
1.6 5.2 -0.231535
1.6 5.6 -0.151091
1.6 6 -0.0933763
1.6 6.4 -0.0763515
1.6 6.8 -0.0620851
1.6 7.2 -0.0187262
1.6 7.6 0.04448
1.6 8 0.0855982
1.6 8.4 0.0699338
1.6 8.8 0.0064858
1.6 9.2 -0.0521564
1.6 9.6 -0.0502401
1.6 10 0.0214706
1.6 10.4 0.109259
1.6 10.8 0.132234
1.6 11.2 0.0476733
1.6 11.6 -0.103749
1.6 12 -0.211171
1.6 12.4 -0.166518
1.6 12.8 0.00359052
1.6 13.2 0.185974
1.6 13.6 0.25467
1.6 14 0.173202
1.6 14.4 0.0379295
1.6 14.8 -0.0455692
1.6 15.2 -0.0295529
1.6 15.6 0.0554234
1.6 16 0.133987
1.6 16.4 0.146155
1.6 16.8 0.0890431
1.6 17.2 0.011986
1.6 17.6 -0.0266223
1.6 18 -0.00463551
1.6 18.4 0.0504695
1.6 18.8 0.0873539
1.6 19.2 0.0725882
1.6 19.6 0.0159059
1.6 20 -0.0383537
1.6 20.4 -0.0449876
1.6 20.8 0.00323262
1.6 21.2 0.0767325
1.6 21.6 0.119285
1.6 22 0.0829079
1.6 22.4 0.00412649
1.6 22.8 -0.0534067
1.6 23.2 -0.042805
1.6 23.6 0.0384158
1.6 24 0.146361
1.6 24.4 0.215802
1.6 24.8 0.19866
1.6 25.2 0.0937689
1.6 25.6 -0.0498294
1.6 26 -0.158648
1.6 26.4 -0.0217481
1.6 26.8 0

2 0 0
2 0.4 -0.0250733
2 0.8 -0.182171
2 1.2 -0.104985
2 1.6 -0.00255331
2 2 0.0881743
2 2.4 0.14694
2 2.8 0.172939
2 3.2 0.165537
2 3.6 0.0986833
2 4 -0.0833268
2 4.4 -0.382615
2 4.8 -0.515791
2 5.2 -0.449269
2 5.6 -0.195658
2 6 -0.000420508
2 6.4 0.0780989
2 6.8 0.0853799
2 7.2 0.0708116
2 7.6 0.0585113
2 8 0.0448648
2 8.4 0.0192918
2 8.8 -0.0113192
2 9.2 -0.0187392
2 9.6 0.0228425
2 10 0.104823
2 10.4 0.174695
2 10.8 0.16493
2 11.2 0.0444471
2 11.6 -0.144576
2 12 -0.289554
2 12.4 -0.219153
2 12.8 -0.0182558
2 13.2 0.187673
2 13.6 0.251004
2 14 0.127703
2 14.4 -0.00409537
2 14.8 -0.0496433
2 15.2 0.0101437
2 15.6 0.123196
2 16 0.209736
2 16.4 0.219253
2 16.8 0.160745
2 17.2 0.0870429
2 17.6 0.0497256
2 18 0.0609423
2 18.4 0.0901853
2 18.8 0.0943351
2 19.2 0.0545399
2 19.6 -0.00904408
2 20 -0.0519613
2 20.4 -0.0316762
2 20.8 0.0363254
2 21.2 0.13181
2 21.6 0.206318
2 22 0.161015
2 22.4 0.0845337
2 22.8 0.0451296
2 23.2 0.0719363
2 23.6 0.149623
2 24 0.229042
2 24.4 0.253862
2 24.8 0.19161
2 25.2 0.0531793
2 25.6 -0.109842
2 26 -0.229167
2 26.4 -0.0314174
2 26.8 0

2.4 0 0
2.4 0.4 -0.0383592
2.4 0.8 -0.278729
2.4 1.2 -0.15687
2.4 1.6 0.00752164
2.4 2 0.155956
2.4 2.4 0.253992
2.4 2.8 0.303343
2.4 3.2 0.323358
2.4 3.6 0.30805
2.4 4 0.140418
2.4 4.4 -0.0326051
2.4 4.8 -0.0698861
2.4 5.2 -0.0616733
2.4 5.6 -0.00812968
2.4 6 0.232815
2.4 6.4 0.259971
2.4 6.8 0.193526
2.4 7.2 0.0933939
2.4 7.6 0.00472084
2.4 8 -0.0502295
2.4 8.4 -0.0699628
2.4 8.8 -0.0586294
2.4 9.2 -0.0153711
2.4 9.6 0.0595978
2.4 10 0.148394
2.4 10.4 0.208298
2.4 10.8 0.18854
2.4 11.2 0.0639782
2.4 11.6 -0.143466
2.4 12 -0.38807
2.4 12.4 -0.0824831
2.4 12.8 -0.00279954
2.4 13.2 0.0597489
2.4 13.6 0.252848
2.4 14 -0.00392409
2.4 14.4 -0.1332
2.4 14.8 -0.131376
2.4 15.2 -0.0268586
2.4 15.6 0.103167
2.4 16 0.177514
2.4 16.4 0.162191
2.4 16.8 0.0858335
2.4 17.2 0.0102137
2.4 17.6 -0.018923
2.4 18 -0.00230287
2.4 18.4 0.0217914
2.4 18.8 0.0146578
2.4 19.2 -0.0301484
2.4 19.6 -0.0843909
2.4 20 -0.110383
2.4 20.4 -0.0204944
2.4 20.8 0.00437275
2.4 21.2 0.0572313
2.4 21.6 0.298225
2.4 22 0.178744
2.4 22.4 0.0790295
2.4 22.8 0.0513486
2.4 23.2 0.0948797
2.4 23.6 0.173651
2.4 24 0.234261
2.4 24.4 0.230517
2.4 24.8 0.144992
2.4 25.2 -0.00246681
2.4 25.6 -0.162857
2.4 26 -0.278703
2.4 26.4 -0.038262
2.4 26.8 0

2.8 0 0
2.8 0.4 -0.0342278
2.8 0.8 -0.248596
2.8 1.2 -0.12481
2.8 1.6 0.0395665
2.8 2 0.178374
2.8 2.4 0.257263
2.8 2.8 0.294013
2.8 3.2 0.350046
2.8 3.6 0.523854
2.8 4 0.0904247
2.8 4.4 0
2.8 4.8 0
2.8 5.2 0
2.8 5.6 0.0722289
2.8 6 0.539233
2.8 6.4 0.356244
2.8 6.8 0.188042
2.8 7.2 0.014983
2.8 7.6 -0.119814
2.8 8 -0.182808
2.8 8.4 -0.173386
2.8 8.8 -0.114774
2.8 9.2 -0.0330412
2.8 9.6 0.0545182
2.8 10 0.13461
2.8 10.4 0.187103
2.8 10.8 0.185244
2.8 11.2 0.112933
2.8 11.6 -0.016528
2.8 12 -0.0546155
2.8 12.4 0
2.8 12.8 0
2.8 13.2 0
2.8 13.6 -0.00296501
2.8 14 -0.275951
2.8 14.4 -0.307742
2.8 14.8 -0.229108
2.8 15.2 -0.0786188
2.8 15.6 0.0539526
2.8 16 0.0944852
2.8 16.4 0.0334729
2.8 16.8 -0.0740294
2.8 17.2 -0.153725
2.8 17.6 -0.165922
2.8 18 -0.12799
2.8 18.4 -0.0910411
2.8 18.8 -0.0933412
2.8 19.2 -0.129981
2.8 19.6 -0.164846
2.8 20 -0.0379981
2.8 20.4 0
2.8 20.8 0
2.8 21.2 0
2.8 21.6 0.0530545
2.8 22 0.0952556
2.8 22.4 -0.0253077
2.8 22.8 -0.0304878
2.8 23.2 0.0346811
2.8 23.6 0.118736
2.8 24 0.17018
2.8 24.4 0.156101
2.8 24.8 0.0732973
2.8 25.2 -0.0536721
2.8 25.6 -0.184544
2.8 26 -0.278762
2.8 26.4 -0.038331
2.8 26.8 0

3.2 0 0
3.2 0.4 -0.0227673
3.2 0.8 -0.165123
3.2 1.2 -0.0649036
3.2 1.6 0.0611214
3.2 2 0.147044
3.2 2.4 0.161493
3.2 2.8 0.127733
3.2 3.2 0.102864
3.2 3.6 0.0852437
3.2 4 0
3.2 4.4 0
3.2 4.8 0
3.2 5.2 0
3.2 5.6 0
3.2 6 0.0967708
3.2 6.4 0.175843
3.2 6.8 0.0320777
3.2 7.2 -0.145115
3.2 7.6 -0.272453
3.2 8 -0.302978
3.2 8.4 -0.243836
3.2 8.8 -0.141241
3.2 9.2 -0.0446349
3.2 9.6 0.0225672
3.2 10 0.0660046
3.2 10.4 0.100137
3.2 10.8 0.126592
3.2 11.2 0.136039
3.2 11.6 0.0160954
3.2 12 0
3.2 12.4 0
3.2 12.8 0
3.2 13.2 0
3.2 13.6 0
3.2 14 -0.0889933
3.2 14.4 -0.37878
3.2 14.8 -0.235898
3.2 15.2 -0.0541059
3.2 15.6 0.0639957
3.2 16 0.0551371
3.2 16.4 -0.0617771
3.2 16.8 -0.203417
3.2 17.2 -0.283157
3.2 17.6 -0.269718
3.2 18 -0.200857
3.2 18.4 -0.144959
3.2 18.8 -0.142469
3.2 19.2 -0.174953
3.2 19.6 -0.0455067
3.2 20 0
3.2 20.4 0
3.2 20.8 0
3.2 21.2 0
3.2 21.6 0
3.2 22 -0.013095
3.2 22.4 -0.195449
3.2 22.8 -0.140204
3.2 23.2 -0.0489653
3.2 23.6 0.0384321
3.2 24 0.0832633
3.2 24.4 0.069525
3.2 24.8 0.00716974
3.2 25.2 -0.0783669
3.2 25.6 -0.160114
3.2 26 -0.21832
3.2 26.4 -0.0300546
3.2 26.8 0

3.6 0 0
3.6 0.4 -0.0144873
3.6 0.8 -0.10478
3.6 1.2 -0.0280861
3.6 1.6 0.0604717
3.6 2 0.0980031
3.6 2.4 0.0548297
3.6 2.8 -0.0436702
3.6 3.2 -0.131212
3.6 3.6 -0.0176035
3.6 4 0
3.6 4.4 0
3.6 4.8 0
3.6 5.2 0
3.6 5.6 0
3.6 6 -0.00397963
3.6 6.4 -0.0279369
3.6 6.8 -0.144243
3.6 7.2 -0.291918
3.6 7.6 -0.376787
3.6 8 -0.351077
3.6 8.4 -0.236441
3.6 8.8 -0.103391
3.6 9.2 -0.0203619
3.6 9.6 -0.0084703
3.6 10 -0.033271
3.6 10.4 -0.0383822
3.6 10.8 0.00422365
3.6 11.2 0.0635633
3.6 11.6 0.00832091
3.6 12 0
3.6 12.4 0
3.6 12.8 0
3.6 13.2 0
3.6 13.6 0
3.6 14 -0.0376049
3.6 14.4 -0.276012
3.6 14.8 -0.108042
3.6 15.2 0.0814234
3.6 15.6 0.171086
3.6 16 0.109166
3.6 16.4 -0.058455
3.6 16.8 -0.224143
3.6 17.2 -0.293605
3.6 17.6 -0.247209
3.6 18 -0.145496
3.6 18.4 -0.0766628
3.6 18.8 -0.08576
3.6 19.2 -0.137676
3.6 19.6 -0.0181931
3.6 20 0
3.6 20.4 0
3.6 20.8 0
3.6 21.2 0
3.6 21.6 0
3.6 22 -0.0336144
3.6 22.4 -0.24997
3.6 22.8 -0.176412
3.6 23.2 -0.0818189
3.6 23.6 -0.00608527
3.6 24 0.0244895
3.6 24.4 0.0100936
3.6 24.8 -0.0287497
3.6 25.2 -0.0684841
3.6 25.6 -0.0968293
3.6 26 -0.114666
3.6 26.4 -0.0157782
3.6 26.8 0

4 0 0
4 0.4 -0.013618
4 0.8 -0.0984157
4 1.2 -0.0293459
4 1.6 0.0494095
4 2 0.0783694
4 2.4 0.0244557
4 2.8 -0.0962665
4 3.2 -0.220107
4 3.6 -0.0795844
4 4 0
4 4.4 0
4 4.8 0
4 5.2 0
4 5.6 0
4 6 -0.00516412
4 6.4 -0.117569
4 6.8 -0.219359
4 7.2 -0.33665
4 7.6 -0.376563
4 8 -0.29844
4 8.4 -0.140359
4 8.8 0.00495358
4 9.2 0.0531895
4 9.6 -0.0120832
4 10 -0.125895
4 10.4 -0.185816
4 10.8 -0.127618
4 11.2 0.005825
4 11.6 0.0823635
4 12 0
4 12.4 0
4 12.8 0
4 13.2 0
4 13.6 0
4 14 -0.0492575
4 14.4 -0.105877
4 14.8 0.0807234
4 15.2 0.265602
4 15.6 0.322487
4 16 0.216927
4 16.4 0.0175988
4 16.8 -0.152658
4 17.2 -0.199024
4 17.6 -0.115554
4 18 0.01633
4 18.4 0.0890045
4 18.8 0.0475068
4 19.2 -0.0602995
4 19.6 -0.0648603
4 20 0
4 20.4 0
4 20.8 0
4 21.2 0
4 21.6 0
4 22 -0.0302335
4 22.4 -0.176426
4 22.8 -0.111021
4 23.2 -0.0371053
4 23.6 0.00946119
4 24 0.0147708
4 24.4 -0.00807094
4 24.8 -0.0319353
4 25.2 -0.0368038
4 25.6 -0.0230601
4 26 -0.00778083
4 26.4 -0.00101398
4 26.8 0

4.4 0 0
4.4 0.4 -0.0167157
4.4 0.8 -0.121065
4.4 1.2 -0.048105
4.4 1.6 0.044435
4.4 2 0.103849
4.4 2.4 0.0908038
4.4 2.8 -0.00389715
4.4 3.2 -0.163643
4.4 3.6 -0.367644
4.4 4 -0.0499136
4.4 4.4 0
4.4 4.8 0
4.4 5.2 0
4.4 5.6 0.0108655
4.4 6 0.079692
4.4 6.4 -0.0268662
4.4 6.8 -0.152101
4.4 7.2 -0.260938
4.4 7.6 -0.279001
4.4 8 -0.173682
4.4 8.4 0.00602742
4.4 8.8 0.15112
4.4 9.2 0.162852
4.4 9.6 0.0238035
4.4 10 -0.180706
4.4 10.4 -0.307591
4.4 10.8 -0.236404
4.4 11.2 0.0740678
4.4 11.6 0.601554
4.4 12 0.0817731
4.4 12.4 0
4.4 12.8 0
4.4 13.2 0
4.4 13.6 -0.0348427
4.4 14 -0.256924
4.4 14.4 -0.0249554
4.4 14.8 0.216798
4.4 15.2 0.389333
4.4 15.6 0.41321
4.4 16 0.280961
4.4 16.4 0.0752823
4.4 16.8 -0.0789274
4.4 17.2 -0.0942185
4.4 17.6 0.0237522
4.4 18 0.18188
4.4 18.4 0.260417
4.4 18.8 0.183301
4.4 19.2 -0.0541223
4.4 19.6 -0.418972
4.4 20 -0.0569924
4.4 20.4 0
4.4 20.8 0
4.4 21.2 0
4.4 21.6 -0.00646979
4.4 22 -0.0444968
4.4 22.4 -0.0296252
4.4 22.8 0.0139087
4.4 23.2 0.0508338
4.4 23.6 0.0585625
4.4 24 0.0345661
4.4 24.4 -0.00110938
4.4 24.8 -0.0202977
4.4 25.2 -0.00760538
4.4 25.6 0.0283229
4.4 26 0.0616853
4.4 26.4 0.00860011
4.4 26.8 0

4.8 0 0
4.8 0.4 -0.0163346
4.8 0.8 -0.118603
4.8 1.2 -0.0513094
4.8 1.6 0.0468656
4.8 2 0.140978
4.8 2.4 0.194862
4.8 2.8 0.181059
4.8 3.2 0.0723084
4.8 3.6 -0.24225
4.8 4 -0.032967
4.8 4.4 0
4.8 4.8 0
4.8 5.2 0
4.8 5.6 0.0194271
4.8 6 0.1426
4.8 6.4 0.0987799
4.8 6.8 -0.0181664
4.8 7.2 -0.129128
4.8 7.6 -0.152865
4.8 8 -0.0505691
4.8 8.4 0.1313
4.8 8.8 0.277362
4.8 9.2 0.275423
4.8 9.6 0.0957052
4.8 10 -0.179213
4.8 10.4 -0.39615
4.8 10.8 -0.414116
4.8 11.2 -0.154915
4.8 11.6 0.489595
4.8 12 0.0666101
4.8 12.4 0
4.8 12.8 0
4.8 13.2 0
4.8 13.6 -0.027845
4.8 14 -0.20471
4.8 14.4 0.0851633
4.8 14.8 0.273088
4.8 15.2 0.383144
4.8 15.6 0.367149
4.8 16 0.226755
4.8 16.4 0.0390457
4.8 16.8 -0.0857302
4.8 17.2 -0.0741406
4.8 17.6 0.0631764
4.8 18 0.239537
4.8 18.4 0.347384
4.8 18.8 0.317695
4.8 19.2 0.126224
4.8 19.6 -0.329224
4.8 20 -0.0447854
4.8 20.4 0
4.8 20.8 0
4.8 21.2 0
4.8 21.6 0.00317875
4.8 22 0.0265863
4.8 22.4 0.115079
4.8 22.8 0.121391
4.8 23.2 0.11203
4.8 23.6 0.0852205
4.8 24 0.0425831
4.8 24.4 0.00169256
4.8 24.8 -0.0150697
4.8 25.2 0.00207277
4.8 25.6 0.0414937
4.8 26 0.0771471
4.8 26.4 0.0107425
4.8 26.8 0

5.2 0 0
5.2 0.4 -0.00651435
5.2 0.8 -0.0476133
5.2 1.2 -0.0181849
5.2 1.6 0.0400045
5.2 2 0.125207
5.2 2.4 0.221041
5.2 2.8 0.310455
5.2 3.2 0.427017
5.2 3.6 0.0247897
5.2 4 0
5.2 4.4 0
5.2 4.8 0
5.2 5.2 0
5.2 5.6 0
5.2 6 0.0489528
5.2 6.4 0.216688
5.2 6.8 0.0923775
5.2 7.2 -0.0292358
5.2 7.6 -0.0787837
5.2 8 -0.00198832
5.2 8.4 0.171344
5.2 8.8 0.331042
5.2 9.2 0.355051
5.2 9.6 0.192535
5.2 10 -0.0982876
5.2 10.4 -0.387712
5.2 10.8 -0.569932
5.2 11.2 -0.681559
5.2 11.6 -0.0258757
5.2 12 0
5.2 12.4 0
5.2 12.8 0
5.2 13.2 0
5.2 13.6 0
5.2 14 0.00706583
5.2 14.4 0.261028
5.2 14.8 0.225009
5.2 15.2 0.236584
5.2 15.6 0.190775
5.2 16 0.067605
5.2 16.4 -0.0812856
5.2 16.8 -0.173756
5.2 17.2 -0.15415
5.2 17.6 -0.0301574
5.2 18 0.134978
5.2 18.4 0.269717
5.2 18.8 0.354198
5.2 19.2 0.481259
5.2 19.6 0.0208789
5.2 20 0
5.2 20.4 0
5.2 20.8 0
5.2 21.2 0
5.2 21.6 0
5.2 22 0.0384915
5.2 22.4 0.259308
5.2 22.8 0.136296
5.2 23.2 0.081968
5.2 23.6 0.0438073
5.2 24 0.00887767
5.2 24.4 -0.0169878
5.2 24.8 -0.022677
5.2 25.2 -0.0044728
5.2 25.6 0.0278321
5.2 26 0.0553934
5.2 26.4 0.00771885
5.2 26.8 0

5.6 0 0
5.6 0.4 0.0134066
5.6 0.8 0.0968496
5.6 1.2 0.0494909
5.6 1.6 0.00795846
5.6 2 0.0147615
5.6 2.4 0.073556
5.6 2.8 0.141609
5.6 3.2 0.0768534
5.6 3.6 0
5.6 4 0
5.6 4.4 0
5.6 4.8 0
5.6 5.2 0
5.6 5.6 0
5.6 6 0
5.6 6.4 0.0417793
5.6 6.8 0.0925302
5.6 7.2 -0.0142032
5.6 7.6 -0.0929656
5.6 8 -0.0519243
5.6 8.4 0.107758
5.6 8.8 0.291575
5.6 9.2 0.375278
5.6 9.6 0.288676
5.6 10 0.0611475
5.6 10.4 -0.20081
5.6 10.8 -0.384507
5.6 11.2 -0.144988
5.6 11.6 0
5.6 12 0
5.6 12.4 0
5.6 12.8 0
5.6 13.2 0
5.6 13.6 0
5.6 14 0
5.6 14.4 0.0340729
5.6 14.8 -0.00426993
5.6 15.2 0.00403174
5.6 15.6 -0.0206193
5.6 16 -0.0937417
5.6 16.4 -0.188573
5.6 16.8 -0.254385
5.6 17.2 -0.25258
5.6 17.6 -0.182658
5.6 18 -0.0795197
5.6 18.4 0.0131676
5.6 18.8 0.0696804
5.6 19.2 0.0751613
5.6 19.6 0
5.6 20 0
5.6 20.4 0
5.6 20.8 0
5.6 21.2 0
5.6 21.6 0
5.6 22 0
5.6 22.4 0.0291852
5.6 22.8 -0.0474614
5.6 23.2 -0.0589472
5.6 23.6 -0.0635445
5.6 24 -0.0596759
5.6 24.4 -0.0484227
5.6 24.8 -0.0304253
5.6 25.2 -0.00747306
5.6 25.6 0.0157083
5.6 26 0.032216
5.6 26.4 0.00448527
5.6 26.8 0

6 0 0
6 0.4 0.0382146
6 0.8 0.276999
6 1.2 0.131121
6 1.6 -0.042976
6 2 -0.149208
6 2.4 -0.155111
6 2.8 -0.116684
6 3.2 -0.0159486
6 3.6 0
6 4 0
6 4.4 0
6 4.8 0
6 5.2 0
6 5.6 0
6 6 0
6 6.4 0.0102419
6 6.8 0.079338
6 7.2 -0.0437984
6 7.6 -0.159957
6 8 -0.159099
6 8.4 -0.0206245
6 8.8 0.17925
6 9.2 0.323577
6 9.6 0.332853
6 10 0.212568
6 10.4 0.041841
6 10.8 -0.0812494
6 11.2 -0.0113821
6 11.6 0
6 12 0
6 12.4 0
6 12.8 0
6 13.2 0
6 13.6 0
6 14 0
6 14.4 -0.0248048
6 14.8 -0.18201
6 15.2 -0.149184
6 15.6 -0.125663
6 16 -0.133227
6 16.4 -0.172201
6 16.8 -0.221361
6 17.2 -0.25509
6 17.6 -0.260722
6 18 -0.242979
6 18.4 -0.216841
6 18.8 -0.201672
6 19.2 -0.0274062
6 19.6 0
6 20 0
6 20.4 0
6 20.8 0
6 21.2 0
6 21.6 0
6 22 0
6 22.4 -0.0293152
6 22.8 -0.218691
6 23.2 -0.201352
6 23.6 -0.169094
6 24 -0.120359
6 24.4 -0.0661871
6 24.8 -0.0199753
6 25.2 0.0106857
6 25.6 0.0266467
6 26 0.0340122
6 26.4 0.00471
6 26.8 0

6.4 0 0
6.4 0.4 0.0591152
6.4 0.8 0.428938
6.4 1.2 0.193732
6.4 1.6 -0.0973496
6.4 2 -0.292281
6.4 2.4 -0.325264
6.4 2.8 -0.265373
6.4 3.2 -0.0169857
6.4 3.6 0
6.4 4 0
6.4 4.4 0
6.4 4.8 0
6.4 5.2 0
6.4 5.6 0
6.4 6 0
6.4 6.4 0.0592775
6.4 6.8 0.0860224
6.4 7.2 -0.0671323
6.4 7.6 -0.215039
6.4 8 -0.248048
6.4 8.4 -0.140842
6.4 8.8 0.0451253
6.4 9.2 0.20968
6.4 9.6 0.279871
6.4 10 0.249864
6.4 10.4 0.173158
6.4 10.8 0.119529
6.4 11.2 0.0324583
6.4 11.6 0
6.4 12 0
6.4 12.4 0
6.4 12.8 0
6.4 13.2 0
6.4 13.6 0
6.4 14 0
6.4 14.4 -0.0177617
6.4 14.8 -0.17585
6.4 15.2 -0.125797
6.4 15.6 -0.0578068
6.4 16 -0.00911241
6.4 16.4 -0.00589712
6.4 16.8 -0.0491351
6.4 17.2 -0.11914
6.4 17.6 -0.188921
6.4 18 -0.235728
6.4 18.4 -0.248124
6.4 18.8 -0.236026
6.4 19.2 9.51278e-05
6.4 19.6 0
6.4 20 0
6.4 20.4 0
6.4 20.8 0
6.4 21.2 0
6.4 21.6 0
6.4 22 0
6.4 22.4 -0.0282559
6.4 22.8 -0.25289
6.4 23.2 -0.242839
6.4 23.6 -0.203709
6.4 24 -0.133381
6.4 24.4 -0.0528101
6.4 24.8 0.0120655
6.4 25.2 0.0470144
6.4 25.6 0.0564187
6.4 26 0.0570123
6.4 26.4 0.00788187
6.4 26.8 0

6.8 0 0
6.8 0.4 0.0680624
6.8 0.8 0.494128
6.8 1.2 0.204435
6.8 1.6 -0.150829
6.8 2 -0.370827
6.8 2.4 -0.354043
6.8 2.8 -0.147502
6.8 3.2 0.14152
6.8 3.6 0.0191224
6.8 4 0
6.8 4.4 0
6.8 4.8 0
6.8 5.2 0
6.8 5.6 0
6.8 6 0.0480908
6.8 6.4 0.353325
6.8 6.8 0.14451
6.8 7.2 -0.0596225
6.8 7.6 -0.213572
6.8 8 -0.258005
6.8 8.4 -0.186821
6.8 8.8 -0.052843
6.8 9.2 0.0695473
6.8 9.6 0.131145
6.8 10 0.131446
6.8 10.4 0.106846
6.8 10.8 0.0972956
6.8 11.2 0.116256
6.8 11.6 0.0164012
6.8 12 0
6.8 12.4 0
6.8 12.8 0
6.8 13.2 0
6.8 13.6 0
6.8 14 0.00589416
6.8 14.4 0.0352104
6.8 14.8 -0.0276851
6.8 15.2 0.0194651
6.8 15.6 0.114518
6.8 16 0.194732
6.8 16.4 0.215856
6.8 16.8 0.168024
6.8 17.2 0.0741857
6.8 17.6 -0.0250473
6.8 18 -0.0885493
6.8 18.4 -0.0854303
6.8 18.8 0.00602365
6.8 19.2 0.228072
6.8 19.6 0.0320342
6.8 20 0
6.8 20.4 0
6.8 20.8 0
6.8 21.2 0
6.8 21.6 0
6.8 22 0.00573659
6.8 22.4 0.0431246
6.8 22.8 -0.0918406
6.8 23.2 -0.15337
6.8 23.6 -0.151874
6.8 24 -0.0972051
6.8 24.4 -0.0191758
6.8 24.8 0.0458376
6.8 25.2 0.0764635
6.8 25.6 0.0772962
6.8 26 0.0712337
6.8 26.4 0.00984754
6.8 26.8 0

7.2 0 0
7.2 0.4 0.0624102
7.2 0.8 0.45323
7.2 1.2 0.150199
7.2 1.6 -0.212522
7.2 2 -0.405376
7.2 2.4 -0.315799
7.2 2.8 -0.0185962
7.2 3.2 0.274418
7.2 3.6 0.037175
7.2 4 0
7.2 4.4 0
7.2 4.8 0
7.2 5.2 0
7.2 5.6 0
7.2 6 0.0270982
7.2 6.4 0.19799
7.2 6.8 0.0705191
7.2 7.2 -0.0686997
7.2 7.6 -0.160282
7.2 8 -0.17694
7.2 8.4 -0.134539
7.2 8.8 -0.0774099
7.2 9.2 -0.0464467
7.2 9.6 -0.053847
7.2 10 -0.0816123
7.2 10.4 -0.101609
7.2 10.8 -0.100207
7.2 11.2 -0.0893246
7.2 11.6 -0.0118138
7.2 12 0
7.2 12.4 0
7.2 12.8 0
7.2 13.2 0
7.2 13.6 0
7.2 14 0.00143323
7.2 14.4 0.00762869
7.2 14.8 0.0328434
7.2 15.2 0.125019
7.2 15.6 0.244737
7.2 16 0.331129
7.2 16.4 0.342706
7.2 16.8 0.278727
7.2 17.2 0.174848
7.2 17.6 0.0813662
7.2 18 0.039836
7.2 18.4 0.0700596
7.2 18.8 0.167196
7.2 19.2 0.296079
7.2 19.6 0.0409706
7.2 20 0
7.2 20.4 0
7.2 20.8 0
7.2 21.2 0
7.2 21.6 0
7.2 22 0.0268614
7.2 22.4 0.200388
7.2 22.8 0.0890602
7.2 23.2 -0.0158436
7.2 23.6 -0.0657726
7.2 24 -0.0509869
7.2 24.4 0.00205312
7.2 24.8 0.0519779
7.2 25.2 0.071096
7.2 25.6 0.0613135
7.2 26 0.0471239
7.2 26.4 0.00650411
7.2 26.8 0

7.6 0 0
7.6 0.4 0.0471981
7.6 0.8 0.342765
7.6 1.2 0.0546974
7.6 1.6 -0.280421
7.6 2 -0.422437
7.6 2.4 -0.259332
7.6 2.8 0.113934
7.6 3.2 0.449908
7.6 3.6 0.0610137
7.6 4 0
7.6 4.4 0
7.6 4.8 0
7.6 5.2 0
7.6 5.6 0
7.6 6 0.000682524
7.6 6.4 0.00300783
7.6 6.8 -0.0452365
7.6 7.2 -0.0811737
7.6 7.6 -0.0749769
7.6 8 -0.0391295
7.6 8.4 -0.0131251
7.6 8.8 -0.0319643
7.6 9.2 -0.100274
7.6 9.6 -0.189752
7.6 10 -0.26061
7.6 10.4 -0.289893
7.6 10.8 -0.286279
7.6 11.2 -0.282731
7.6 11.6 -0.0385057
7.6 12 0
7.6 12.4 0
7.6 12.8 0
7.6 13.2 0
7.6 13.6 0
7.6 14 -0.0153083
7.6 14.4 -0.108974
7.6 14.8 -0.0230716
7.6 15.2 0.112039
7.6 15.6 0.242884
7.6 16 0.310432
7.6 16.4 0.287394
7.6 16.8 0.194758
7.6 17.2 0.087338
7.6 17.6 0.0208613
7.6 18 0.023905
7.6 18.4 0.089499
7.6 18.8 0.185472
7.6 19.2 0.269959
7.6 19.6 0.0369767
7.6 20 0
7.6 20.4 0
7.6 20.8 0
7.6 21.2 0
7.6 21.6 0
7.6 22 0.048137
7.6 22.4 0.359045
7.6 22.8 0.2319
7.6 23.2 0.0860188
7.6 23.6 -0.0127195
7.6 24 -0.0394454
7.6 24.4 -0.0148409
7.6 24.8 0.0177525
7.6 25.2 0.0255246
7.6 25.6 0.006445
7.6 26 -0.0162606
7.6 26.4 -0.00228716
7.6 26.8 0

8 0 0
8 0.4 0.0327598
8 0.8 0.237791
8 1.2 -0.0297255
8 1.6 -0.335603
8 2 -0.440486
8 2.4 -0.233954
8 2.8 0.186859
8 3.2 0.570427
8 3.6 0.207256
8 4 0
8 4.4 0
8 4.8 0
8 5.2 0
8 5.6 0
8 6 -0.0031179
8 6.4 -0.109644
8 6.8 -0.116682
8 7.2 -0.0763283
8 7.6 0.00975925
8 8 0.0909383
8 8.4 0.108304
8 8.8 0.037888
8 9.2 -0.0921545
8 9.6 -0.221205
8 10 -0.297143
8 10.4 -0.308104
8 10.8 -0.283176
8 11.2 -0.266349
8 11.6 -0.0261527
8 12 0
8 12.4 0
8 12.8 0
8 13.2 0
8 13.6 0
8 14 -0.135149
8 14.4 -0.294937
8 14.8 -0.160487
8 15.2 0.005545
8 15.6 0.134827
8 16 0.169441
8 16.4 0.0989349
8 16.8 -0.0301118
8 17.2 -0.142447
8 17.6 -0.179814
8 18 -0.132581
8 18.4 -0.0389759
8 18.8 0.0429762
8 19.2 0.0741239
8 19.6 -0.0521048
8 20 0
8 20.4 0
8 20.8 0
8 21.2 0
8 21.6 0
8 22 0.0934092
8 22.4 0.391166
8 22.8 0.253259
8 23.2 0.0882007
8 23.6 -0.0321907
8 24 -0.0767064
8 24.4 -0.0633603
8 24.8 -0.0368312
8 25.2 -0.033051
8 25.6 -0.0566823
8 26 -0.0856223
8 26.4 -0.0119095
8 26.8 0

8.4 0 0
8.4 0.4 0.0285803
8.4 0.8 0.207271
8.4 1.2 -0.0528048
8.4 1.6 -0.353725
8.4 2 -0.463091
8.4 2.4 -0.268919
8.4 2.8 0.151058
8.4 3.2 0.600373
8.4 3.6 0.955821
8.4 4 0.179657
8.4 4.4 0
8.4 4.8 0
8.4 5.2 0
8.4 5.6 0.0773411
8.4 6 0.0810915
8.4 6.4 -0.0561974
8.4 6.8 -0.105867
8.4 7.2 -0.0553264
8.4 7.6 0.0559295
8.4 8 0.148685
8.4 8.4 0.155675
8.4 8.8 0.0674159
8.4 9.2 -0.0629433
8.4 9.6 -0.159147
8.4 10 -0.175875
8.4 10.4 -0.126409
8.4 10.8 -0.0620149
8.4 11.2 -0.0140466
8.4 11.6 0.076374
8.4 12 -0.00970364
8.4 12.4 0
8.4 12.8 0
8.4 13.2 0
8.4 13.6 -0.155959
8.4 14 -0.692373
8.4 14.4 -0.47867
8.4 14.8 -0.28922
8.4 15.2 -0.0996862
8.4 15.6 0.0289321
8.4 16 0.0382508
8.4 16.4 -0.0707064
8.4 16.8 -0.230669
8.4 17.2 -0.349803
8.4 17.6 -0.369223
8.4 18 -0.296234
8.4 18.4 -0.194765
8.4 18.8 -0.145948
8.4 19.2 -0.213894
8.4 19.6 -0.460205
8.4 20 -0.105959
8.4 20.4 0
8.4 20.8 0
8.4 21.2 0
8.4 21.6 0.0365197
8.4 22 0.305189
8.4 22.4 0.26289
8.4 22.8 0.136224
8.4 23.2 -0.00894773
8.4 23.6 -0.107414
8.4 24 -0.132245
8.4 24.4 -0.10398
8.4 24.8 -0.0683657
8.4 25.2 -0.0611088
8.4 25.6 -0.085402
8.4 26 -0.117193
8.4 26.4 -0.0162857
8.4 26.8 0

8.8 0 0
8.8 0.4 0.0372476
8.8 0.8 0.270086
8.8 1.2 0.000713333
8.8 1.6 -0.322587
8.8 2 -0.479315
8.8 2.4 -0.359057
8.8 2.8 -0.0277077
8.8 3.2 0.326056
8.8 3.6 0.510754
8.8 4 0.365165
8.8 4.4 0.0238998
8.8 4.8 -0.0185046
8.8 5.2 0.0760669
8.8 5.6 0.482321
8.8 6 0.227321
8.8 6.4 0.0290215
8.8 6.8 -0.0660543
8.8 7.2 -0.045498
8.8 7.6 0.0399444
8.8 8 0.105587
8.8 8.4 0.0930631
8.8 8.8 0.012777
8.8 9.2 -0.0655167
8.8 9.6 -0.0679831
8.8 10 0.0234172
8.8 10.4 0.152763
8.8 10.8 0.229408
8.8 11.2 0.195856
8.8 11.6 0.064275
8.8 12 -0.153835
8.8 12.4 -0.108194
8.8 12.8 -0.0880235
8.8 13.2 -0.127533
8.8 13.6 -0.462394
8.8 14 -0.538927
8.8 14.4 -0.477527
8.8 14.8 -0.322021
8.8 15.2 -0.124437
8.8 15.6 0.0192939
8.8 16 0.03283
8.8 16.4 -0.0833145
8.8 16.8 -0.251615
8.8 17.2 -0.371555
8.8 17.6 -0.385498
8.8 18 -0.310253
8.8 18.4 -0.217043
8.8 18.8 -0.180349
8.8 19.2 -0.231091
8.8 19.6 -0.331969
8.8 20 -0.327676
8.8 20.4 -0.0211429
8.8 20.8 0.0203657
8.8 21.2 -0.00345286
8.8 21.6 -0.034962
8.8 22 0.051867
8.8 22.4 0.0293601
8.8 22.8 -0.0533364
8.8 23.2 -0.13815
8.8 23.6 -0.175414
8.8 24 -0.150765
8.8 24.4 -0.0907011
8.8 24.8 -0.0405504
8.8 25.2 -0.0310339
8.8 25.6 -0.0584441
8.8 26 -0.0922711
8.8 26.4 -0.0128099
8.8 26.8 0

9.2 0 0
9.2 0.4 0.0526349
9.2 0.8 0.381794
9.2 1.2 0.0992503
9.2 1.6 -0.251929
9.2 2 -0.466815
9.2 2.4 -0.438641
9.2 2.8 -0.219933
9.2 3.2 0.0234861
9.2 3.6 0.125414
9.2 4 0.01781
9.2 4.4 -0.191377
9.2 4.8 -0.13636
9.2 5.2 0.0752057
9.2 5.6 0.272563
9.2 6 0.193596
9.2 6.4 0.0464985
9.2 6.8 -0.0496471
9.2 7.2 -0.0590623
9.2 7.6 -0.0220572
9.2 8 -0.00787783
9.2 8.4 -0.0507776
9.2 8.8 -0.116114
9.2 9.2 -0.124012
9.2 9.6 -0.0149588
9.2 10 0.191847
9.2 10.4 0.394271
9.2 10.8 0.465747
9.2 11.2 0.33714
9.2 11.6 0.04025
9.2 12 -0.32495
9.2 12.4 -0.650978
9.2 12.8 -0.649068
9.2 13.2 -0.485244
9.2 13.6 -0.413229
9.2 14 -0.469322
9.2 14.4 -0.459736
9.2 14.8 -0.314818
9.2 15.2 -0.0867266
9.2 15.6 0.103184
9.2 16 0.159002
9.2 16.4 0.0754729
9.2 16.8 -0.0682569
9.2 17.2 -0.172613
9.2 17.6 -0.186311
9.2 18 -0.130658
9.2 18.4 -0.0692873
9.2 18.8 -0.0525997
9.2 19.2 -0.0794178
9.2 19.6 -0.0956898
9.2 20 -0.0222178
9.2 20.4 0.168338
9.2 20.8 0.151756
9.2 21.2 0.00784332
9.2 21.6 -0.109091
9.2 22 -0.145238
9.2 22.4 -0.172723
9.2 22.8 -0.200686
9.2 23.2 -0.20752
9.2 23.6 -0.170793
9.2 24 -0.0931627
9.2 24.4 -0.00698281
9.2 24.8 0.0461672
9.2 25.2 0.0450566
9.2 25.6 0.00457815
9.2 26 -0.0352382
9.2 26.4 -0.00485918
9.2 26.8 0

9.6 0 0
9.6 0.4 0.0637744
9.6 0.8 0.462737
9.6 1.2 0.182637
9.6 1.6 -0.171643
9.6 2 -0.414459
9.6 2.4 -0.445955
9.6 2.8 -0.306952
9.6 3.2 -0.138754
9.6 3.6 -0.0793448
9.6 4 -0.162695
9.6 4.4 -0.270052
9.6 4.8 -0.204522
9.6 5.2 -0.0238439
9.6 5.6 0.1123
9.6 6 0.095797
9.6 6.4 0.0119872
9.6 6.8 -0.0523493
9.6 7.2 -0.070174
9.6 7.6 -0.0751491
9.6 8 -0.114946
9.6 8.4 -0.19453
9.6 8.8 -0.255716
9.6 9.2 -0.213518
9.6 9.6 -0.0257617
9.6 10 0.255947
9.6 10.4 0.496988
9.6 10.8 0.552891
9.6 11.2 0.359685
9.6 11.6 -0.0193831
9.6 12 -0.420606
9.6 12.4 -0.653765
9.6 12.8 -0.602829
9.6 13.2 -0.432227
9.6 13.6 -0.401287
9.6 14 -0.509456
9.6 14.4 -0.522439
9.6 14.8 -0.349724
9.6 15.2 -0.0634199
9.6 15.6 0.190801
9.6 16 0.306439
9.6 16.4 0.279232
9.6 16.8 0.187979
9.6 17.2 0.12166
9.6 17.6 0.11506
9.6 18 0.139057
9.6 18.4 0.144081
9.6 18.8 0.113545
9.6 19.2 0.0821807
9.6 19.6 0.10417
9.6 20 0.193151
9.6 20.4 0.26818
9.6 20.8 0.18815
9.6 21.2 -0.00771478
9.6 21.6 -0.191424
9.6 22 -0.26149
9.6 22.4 -0.261791
9.6 22.8 -0.227131
9.6 23.2 -0.164703
9.6 23.6 -0.0741178
9.6 24 0.0303464
9.6 24.4 0.115909
9.6 24.8 0.148909
9.6 25.2 0.119905
9.6 25.6 0.0550973
9.6 26 0.00303601
9.6 26.4 0.000504561
9.6 26.8 0

10 0 0
10 0.4 0.0620514
10 0.8 0.450308
10 1.2 0.200673
10 1.6 -0.114162
10 2 -0.332111
10 2.4 -0.365097
10 2.8 -0.247718
10 3.2 -0.104625
10 3.6 -0.063784
10 4 -0.171278
10 4.4 -0.323101
10 4.8 -0.276098
10 5.2 -0.118269
10 5.6 -0.0187418
10 6 -0.0125655
10 6.4 -0.0328979
10 6.8 -0.0421363
10 7.2 -0.0405405
10 7.6 -0.0636161
10 8 -0.141189
10 8.4 -0.253703
10 8.8 -0.326868
10 9.2 -0.276393
10 9.6 -0.0746443
10 10 0.209998
10 10.4 0.435722
10 10.8 0.464797
10 11.2 0.248566
10 11.6 -0.13641
10 12 -0.522173
10 12.4 -0.700355
10 12.8 -0.605686
10 13.2 -0.436862
10 13.6 -0.535119
10 14 -0.735494
10 14.4 -0.711361
10 14.8 -0.459838
10 15.2 -0.107256
10 15.6 0.187719
10 16 0.334303
10 16.4 0.350364
10 16.8 0.32047
10 17.2 0.314316
10 17.6 0.334578
10 18 0.332243
10 18.4 0.268381
10 18.8 0.165518
10 19.2 0.101696
10 19.6 0.148298
10 20 0.289899
10 20.4 0.353166
10 20.8 0.229927
10 21.2 -0.0194766
10 21.6 -0.261241
10 22 -0.280963
10 22.4 -0.215586
10 22.8 -0.125144
10 23.2 -0.0275872
10 23.6 0.0720508
10 24 0.160753
10 24.4 0.21341
10 24.8 0.207308
10 25.2 0.14278
10 25.6 0.0519995
10 26 -0.0142294
10 26.4 -0.00183932
10 26.8 0

10.4 0 0
10.4 0.4 0.0468259
10.4 0.8 0.339827
10.4 1.2 0.145999
10.4 1.6 -0.092451
10.4 2 -0.241134
10.4 2.4 -0.228276
10.4 2.8 -0.0859407
10.4 3.2 0.0758463
10.4 3.6 0.134195
10.4 4 -0.0157601
10.4 4.4 -0.0461907
10.4 4.8 -0.0376525
10.4 5.2 -0.0283438
10.4 5.6 -0.0855012
10.4 6 -0.0934814
10.4 6.4 -0.0499457
10.4 6.8 0.00394222
10.4 7.2 0.0409097
10.4 7.6 0.0225596
10.4 8 -0.0681506
10.4 8.4 -0.197231
10.4 8.8 -0.287105
10.4 9.2 -0.263194
10.4 9.6 -0.109709
10.4 10 0.105849
10.4 10.4 0.262135
10.4 10.8 0.253634
10.4 11.2 0.0564006
10.4 11.6 -0.260568
10.4 12 -0.610708
10.4 12.4 -0.178761
10.4 12.8 -0.0829284
10.4 13.2 -0.186245
10.4 13.6 -0.91881
10.4 14 -1.1793
10.4 14.4 -0.946941
10.4 14.8 -0.559314
10.4 15.2 -0.175489
10.4 15.6 0.0813349
10.4 16 0.179415
10.4 16.4 0.188173
10.4 16.8 0.207677
10.4 17.2 0.27977
10.4 17.6 0.356727
10.4 18 0.351493
10.4 18.4 0.225231
10.4 18.8 0.0376016
10.4 19.2 -0.0823121
10.4 19.6 -0.021101
10.4 20 0.255956
10.4 20.4 0.081812
10.4 20.8 0.0306716
10.4 21.2 -0.0556989
10.4 21.6 -0.392419
10.4 22 -0.217228
10.4 22.4 -0.0643398
10.4 22.8 0.0498499
10.4 23.2 0.131246
10.4 23.6 0.189394
10.4 24 0.225028
10.4 24.4 0.226846
10.4 24.8 0.182435
10.4 25.2 0.0956031
10.4 25.6 -0.00529849
10.4 26 -0.0771205
10.4 26.4 -0.0105369
10.4 26.8 0

10.8 0 0
10.8 0.4 0.0254518
10.8 0.8 0.184695
10.8 1.2 0.0569173
10.8 1.6 -0.0917486
10.8 2 -0.158002
10.8 2.4 -0.0897737
10.8 2.8 0.0826127
10.8 3.2 0.273346
10.8 3.6 0.414746
10.8 4 0.0539151
10.8 4.4 0
10.8 4.8 0
10.8 5.2 0
10.8 5.6 -0.0326261
10.8 6 -0.149329
10.8 6.4 -0.0178591
10.8 6.8 0.079178
10.8 7.2 0.138925
10.8 7.6 0.130373
10.8 8 0.0473822
10.8 8.4 -0.0716098
10.8 8.8 -0.160684
10.8 9.2 -0.167642
10.8 9.6 -0.0909524
10.8 10 0.0140308
10.8 10.4 0.0668348
10.8 10.8 0.0141442
10.8 11.2 -0.128462
10.8 11.6 -0.271539
10.8 12 -0.120442
10.8 12.4 0
10.8 12.8 0
10.8 13.2 0
10.8 13.6 -0.360787
10.8 14 -1.72501
10.8 14.4 -0.936897
10.8 14.8 -0.446484
10.8 15.2 -0.143833
10.8 15.6 -0.0473573
10.8 16 -0.099215
10.8 16.4 -0.160281
10.8 16.8 -0.11076
10.8 17.2 0.0541791
10.8 17.6 0.219936
10.8 18 0.245349
10.8 18.4 0.0794604
10.8 18.8 -0.189476
10.8 19.2 -0.39147
10.8 19.6 -0.394768
10.8 20 -0.018687
10.8 20.4 0
10.8 20.8 0
10.8 21.2 0
10.8 21.6 -0.0555299
10.8 22 -0.0208984
10.8 22.4 0.146407
10.8 22.8 0.216782
10.8 23.2 0.229711
10.8 23.6 0.212208
10.8 24 0.181712
10.8 24.4 0.140671
10.8 24.8 0.0825438
10.8 25.2 0.00618098
10.8 25.6 -0.0741722
10.8 26 -0.132685
10.8 26.4 -0.0182573
10.8 26.8 0

11.2 0 0
11.2 0.4 0.00763944
11.2 0.8 0.0554577
11.2 1.2 -0.0128531
11.2 1.6 -0.0830868
11.2 2 -0.0851507
11.2 2.4 0.0102076
11.2 2.8 0.169023
11.2 3.2 0.31187
11.2 3.6 0.0985503
11.2 4 0
11.2 4.4 0
11.2 4.8 0
11.2 5.2 0
11.2 5.6 0
11.2 6 -0.00754642
11.2 6.4 0.0980202
11.2 6.8 0.149908
11.2 7.2 0.188153
11.2 7.6 0.172742
11.2 8 0.106731
11.2 8.4 0.0273386
11.2 8.8 -0.0235827
11.2 9.2 -0.0302524
11.2 9.6 -0.0137181
11.2 10 -0.0161256
11.2 10.4 -0.0700658
11.2 10.8 -0.173298
11.2 11.2 -0.281673
11.2 11.6 -0.0755326
11.2 12 0
11.2 12.4 0
11.2 12.8 0
11.2 13.2 0
11.2 13.6 0
11.2 14 -0.255566
11.2 14.4 -0.154927
11.2 14.8 0.0163662
11.2 15.2 0.0592489
11.2 15.6 -0.106514
11.2 16 -0.371641
11.2 16.4 -0.534806
11.2 16.8 -0.461794
11.2 17.2 -0.19271
11.2 17.6 0.0834232
11.2 18 0.166454
11.2 18.4 -0.00946693
11.2 18.8 -0.332199
11.2 19.2 -0.598782
11.2 19.6 -0.13441
11.2 20 0
11.2 20.4 0
11.2 20.8 0
11.2 21.2 0
11.2 21.6 0
11.2 22 0.0428419
11.2 22.4 0.338378
11.2 22.8 0.296697
11.2 23.2 0.218579
11.2 23.6 0.126123
11.2 24 0.0471142
11.2 24.4 -0.00690425
11.2 24.8 -0.0423941
11.2 25.2 -0.0717552
11.2 25.6 -0.10073
11.2 26 -0.125425
11.2 26.4 -0.0172981
11.2 26.8 0

11.6 0 0
11.6 0.4 -0.00159595
11.6 0.8 -0.0114509
11.6 1.2 -0.0351678
11.6 1.6 -0.0492373
11.6 2 -0.0161654
11.6 2.4 0.0718407
11.6 2.8 0.183108
11.6 3.2 0.268582
11.6 3.6 0.0365842
11.6 4 0
11.6 4.4 0
11.6 4.8 0
11.6 5.2 0
11.6 5.6 0
11.6 6 0.0161017
11.6 6.4 0.121629
11.6 6.8 0.139302
11.6 7.2 0.133071
11.6 7.6 0.0888231
11.6 8 0.0369218
11.6 8.4 0.0190089
11.6 8.8 0.0475948
11.6 9.2 0.0909128
11.6 9.6 0.0947291
11.6 10 0.0243181
11.6 10.4 -0.106708
11.6 10.8 -0.244742
11.6 11.2 -0.337772
11.6 11.6 -0.0458856
11.6 12 0
11.6 12.4 0
11.6 12.8 0
11.6 13.2 0
11.6 13.6 0
11.6 14 0.0581842
11.6 14.4 0.428203
11.6 14.8 0.454797
11.6 15.2 0.302485
11.6 15.6 -0.0854248
11.6 16 -0.529793
11.6 16.4 -0.767291
11.6 16.8 -0.654761
11.6 17.2 -0.279354
11.6 17.6 0.101349
11.6 18 0.240919
11.6 18.4 0.0712148
11.6 18.8 -0.266239
11.6 19.2 -0.541346
11.6 19.6 -0.0740199
11.6 20 0
11.6 20.4 0
11.6 20.8 0
11.6 21.2 0
11.6 21.6 0
11.6 22 0.043419
11.6 22.4 0.323694
11.6 22.8 0.235173
11.6 23.2 0.105691
11.6 23.6 -0.0236224
11.6 24 -0.113069
11.6 24.4 -0.14603
11.6 24.8 -0.132413
11.6 25.2 -0.096689
11.6 25.6 -0.0624823
11.6 26 -0.0444664
11.6 26.4 -0.0061312
11.6 26.8 0

12 0 0
12 0.4 -0.00490874
12 0.8 -0.0353331
12 1.2 -0.0269447
12 1.6 -0.00278441
12 2 0.044795
12 2.4 0.103639
12 2.8 0.143454
12 3.2 0.144497
12 3.6 -0.0268139
12 4 0
12 4.4 0
12 4.8 0
12 5.2 0
12 5.6 0
12 6 -0.0161033
12 6.4 0.0662431
12 6.8 0.0625115
12 7.2 -0.0023404
12 7.6 -0.0995233
12 8 -0.1525
12 8.4 -0.104955
12 8.8 0.0273593
12 9.2 0.159573
12 9.6 0.196234
12 10 0.103216
12 10.4 -0.0619554
12 10.8 -0.19034
12 11.2 -0.216839
12 11.6 0.040841
12 12 0
12 12.4 0
12 12.8 0
12 13.2 0
12 13.6 0
12 14 -0.111674
12 14.4 0.489062
12 14.8 0.612115
12 15.2 0.449285
12 15.6 -0.0214817
12 16 -0.536916
12 16.4 -0.777002
12 16.8 -0.599103
12 17.2 -0.135898
12 17.6 0.304047
12 18 0.455486
12 18.4 0.274432
12 18.8 -0.053555
12 19.2 -0.278339
12 19.6 0.00134666
12 20 0
12 20.4 0
12 20.8 0
12 21.2 0
12 21.6 0
12 22 0.0207231
12 22.4 0.180304
12 22.8 0.092374
12 23.2 -0.0372172
12 23.6 -0.156156
12 24 -0.220404
12 24.4 -0.214338
12 24.8 -0.152534
12 25.2 -0.0664495
12 25.6 0.0122085
12 26 0.061163
12 26.4 0.00847033
12 26.8 0

12.4 0 0
12.4 0.4 -0.00905452
12.4 0.8 -0.0653151
12.4 1.2 -0.0305124
12.4 1.6 0.0242238
12.4 2 0.082301
12.4 2.4 0.114095
12.4 2.8 0.0810585
12.4 3.2 -0.0555288
12.4 3.6 -0.342272
12.4 4 -0.0465375
12.4 4.4 0
12.4 4.8 0
12.4 5.2 0
12.4 5.6 -0.0247419
12.4 6 -0.183146
12.4 6.4 -0.00472452
12.4 6.8 0.00882162
12.4 7.2 -0.122125
12.4 7.6 -0.293825
12.4 8 -0.37007
12.4 8.4 -0.272968
12.4 8.8 -0.0429746
12.4 9.2 0.182826
12.4 9.6 0.265186
12.4 10 0.165461
12.4 10.4 -0.0176631
12.4 10.8 -0.105788
12.4 11.2 0.0512631
12.4 11.6 0.516684
12.4 12 0.0702272
12.4 12.4 0
12.4 12.8 0
12.4 13.2 0
12.4 13.6 -0.178037
12.4 14 -1.31659
12.4 14.4 -0.088018
12.4 14.8 0.501492
12.4 15.2 0.484835
12.4 15.6 0.0510381
12.4 16 -0.430157
12.4 16.4 -0.603602
12.4 16.8 -0.347943
12.4 17.2 0.158549
12.4 17.6 0.578046
12.4 18 0.659303
12.4 18.4 0.412152
12.4 18.8 0.0888603
12.4 19.2 -0.00489667
12.4 19.6 0.288241
12.4 20 0.0398353
12.4 20.4 0
12.4 20.8 0
12.4 21.2 0
12.4 21.6 -0.00338059
12.4 22 -0.0251478
12.4 22.4 0.0150939
12.4 22.8 -0.0388314
12.4 23.2 -0.130264
12.4 23.6 -0.20541
12.4 24 -0.227379
12.4 24.4 -0.188537
12.4 24.8 -0.107509
12.4 25.2 -0.0143092
12.4 25.6 0.065004
12.4 26 0.114971
12.4 26.4 0.0159168
12.4 26.8 0

12.8 0 0
12.8 0.4 -0.0177203
12.8 0.8 -0.128243
12.8 1.2 -0.0705372
12.8 1.6 0.0108526
12.8 2 0.0852271
12.8 2.4 0.117139
12.8 2.8 0.0745469
12.8 3.2 -0.0674302
12.8 3.6 -0.341606
12.8 4 -0.0464739
12.8 4.4 0
12.8 4.8 0
12.8 5.2 0
12.8 5.6 -0.0149874
12.8 6 -0.1121
12.8 6.4 0.124831
12.8 6.8 0.0923291
12.8 7.2 -0.129414
12.8 7.6 -0.38785
12.8 8 -0.503248
12.8 8.4 -0.382139
12.8 8.8 -0.0866243
12.8 9.2 0.201275
12.8 9.6 0.302958
12.8 10 0.170832
12.8 10.4 -0.0703639
12.8 10.8 -0.19975
12.8 11.2 -0.0374931
12.8 11.6 0.473262
12.8 12 0.0643047
12.8 12.4 0
12.8 12.8 0
12.8 13.2 0
12.8 13.6 -0.17309
12.8 14 -1.27908
12.8 14.4 -0.00613194
12.8 14.8 0.55607
12.8 15.2 0.518148
12.8 15.6 0.107503
12.8 16 -0.297128
12.8 16.4 -0.370806
12.8 16.8 -0.0482912
12.8 17.2 0.443461
12.8 17.6 0.757863
12.8 18 0.683423
12.8 18.4 0.297894
12.8 18.8 -0.0880523
12.8 19.2 -0.152764
12.8 19.6 0.216261
12.8 20 0.0301683
12.8 20.4 0
12.8 20.8 0
12.8 21.2 0
12.8 21.6 -0.00760197
12.8 22 -0.0569137
12.8 22.4 -0.0647848
12.8 22.8 -0.096756
12.8 23.2 -0.138207
12.8 23.6 -0.158223
12.8 24 -0.140137
12.8 24.4 -0.0901451
12.8 24.8 -0.0294327
12.8 25.2 0.0214152
12.8 25.6 0.053841
12.8 26 0.0712255
12.8 26.4 0.00986668
12.8 26.8 0

13.2 0 0
13.2 0.4 -0.0269778
13.2 0.8 -0.195612
13.2 1.2 -0.124996
13.2 1.6 -0.0301213
13.2 2 0.0549925
13.2 2.4 0.101367
13.2 2.8 0.0991922
13.2 3.2 0.070305
13.2 3.6 -0.0369931
13.2 4 0
13.2 4.4 0
13.2 4.8 0
13.2 5.2 0
13.2 5.6 0
13.2 6 0.0444082
13.2 6.4 0.435411
13.2 6.8 0.27398
13.2 7.2 -0.0296606
13.2 7.6 -0.349717
13.2 8 -0.495043
13.2 8.4 -0.36834
13.2 8.8 -0.0480093
13.2 9.2 0.254434
13.2 9.6 0.334533
13.2 10 0.136834
13.2 10.4 -0.203117
13.2 10.8 -0.452771
13.2 11.2 -0.459059
13.2 11.6 0.00189972
13.2 12 0
13.2 12.4 0
13.2 12.8 0
13.2 13.2 0
13.2 13.6 0
13.2 14 -0.0712413
13.2 14.4 0.756432
13.2 14.8 0.74723
13.2 15.2 0.503231
13.2 15.6 0.0769043
13.2 16 -0.240199
13.2 16.4 -0.208148
13.2 16.8 0.159074
13.2 17.2 0.591274
13.2 17.6 0.753188
13.2 18 0.489153
13.2 18.4 -0.0579159
13.2 18.8 -0.54134
13.2 19.2 -0.658468
13.2 19.6 -0.0593681
13.2 20 0
13.2 20.4 0
13.2 20.8 0
13.2 21.2 0
13.2 21.6 0
13.2 22 -0.0210779
13.2 22.4 -0.101002
13.2 22.8 -0.0976469
13.2 23.2 -0.0875061
13.2 23.6 -0.0557188
13.2 24 -0.00829417
13.2 24.4 0.0336093
13.2 24.8 0.0481266
13.2 25.2 0.028259
13.2 25.6 -0.0120263
13.2 26 -0.0459281
13.2 26.4 -0.00634748
13.2 26.8 0

13.6 0 0
13.6 0.4 -0.0277605
13.6 0.8 -0.201534
13.6 1.2 -0.137286
13.6 1.6 -0.0552157
13.6 2 0.0139971
13.6 2.4 0.0508693
13.6 2.8 0.0590525
13.6 3.2 0.0174938
13.6 3.6 0
13.6 4 0
13.6 4.4 0
13.6 4.8 0
13.6 5.2 0
13.6 5.6 0
13.6 6 0
13.6 6.4 0.106243
13.6 6.8 0.344282
13.6 7.2 0.0733778
13.6 7.6 -0.235186
13.6 8 -0.374743
13.6 8.4 -0.247235
13.6 8.8 0.0643171
13.6 9.2 0.342266
13.6 9.6 0.378071
13.6 10 0.116685
13.6 10.4 -0.301011
13.6 10.8 -0.632642
13.6 11.2 -0.148553
13.6 11.6 0
13.6 12 0
13.6 12.4 0
13.6 12.8 0
13.6 13.2 0
13.6 13.6 0
13.6 14 0
13.6 14.4 0.180011
13.6 14.8 0.576398
13.6 15.2 0.280978
13.6 15.6 -0.100584
13.6 16 -0.30588
13.6 16.4 -0.171281
13.6 16.8 0.220945
13.6 17.2 0.579606
13.6 17.6 0.603737
13.6 18 0.200458
13.6 18.4 -0.438021
13.6 18.8 -0.955573
13.6 19.2 -0.218859
13.6 19.6 0
13.6 20 0
13.6 20.4 0
13.6 20.8 0
13.6 21.2 0
13.6 21.6 0
13.6 22 0
13.6 22.4 -0.0238672
13.6 22.8 -0.076754
13.6 23.2 -0.0307055
13.6 23.6 0.040352
13.6 24 0.107441
13.6 24.4 0.136889
13.6 24.8 0.107689
13.6 25.2 0.0252608
13.6 25.6 -0.077646
13.6 26 -0.155586
13.6 26.4 -0.0215278
13.6 26.8 0

14 0 0
14 0.4 -0.0140943
14 0.8 -0.102528
14 1.2 -0.0648977
14 1.6 -0.0218108
14 2 0.00232343
14 2.4 -0.0018061
14 2.8 -0.0194214
14 3.2 -0.00263684
14 3.6 0
14 4 0
14 4.4 0
14 4.8 0
14 5.2 0
14 5.6 0
14 6 0
14 6.4 0.0456044
14 6.8 0.335455
14 7.2 0.124122
14 7.6 -0.121233
14 8 -0.224756
14 8.4 -0.0998024
14 8.8 0.178434
14 9.2 0.412327
14 9.6 0.412803
14 10 0.133072
14 10.4 -0.29116
14 10.8 -0.627264
14 11.2 -0.0854669
14 11.6 0
14 12 0
14 12.4 0
14 12.8 0
14 13.2 0
14 13.6 0
14 14 0
14 14.4 0.0269556
14 14.8 0.195767
14 15.2 -0.05738
14 15.6 -0.344332
14 16 -0.430327
14 16.4 -0.213856
14 16.8 0.181068
14 17.2 0.474669
14 17.6 0.423043
14 18 -0.00446553
14 18.4 -0.595636
14 18.8 -1.04143
14 19.2 -0.140435
14 19.6 0
14 20 0
14 20.4 0
14 20.8 0
14 21.2 0
14 21.6 0
14 22 0
14 22.4 -0.0107763
14 22.8 -0.0789928
14 23.2 -0.010458
14 23.6 0.0853481
14 24 0.165724
14 24.4 0.19192
14 24.8 0.145537
14 25.2 0.0391708
14 25.6 -0.086336
14 26 -0.178951
14 26.4 -0.0247618
14 26.8 0

14.4 0 0
14.4 0.4 0.00949795
14.4 0.8 0.0686545
14.4 1.2 0.0721707
14.4 1.6 0.0689028
14.4 2 0.0395167
14.4 2.4 -0.0177774
14.4 2.8 -0.0774521
14.4 3.2 -0.0400808
14.4 3.6 0
14.4 4 0
14.4 4.4 0
14.4 4.8 0
14.4 5.2 0
14.4 5.6 0
14.4 6 0
14.4 6.4 0.0162189
14.4 6.8 0.215962
14.4 7.2 0.094048
14.4 7.6 -0.0624391
14.4 8 -0.12436
14.4 8.4 -0.0179433
14.4 8.8 0.20446
14.4 9.2 0.389041
14.4 9.6 0.385401
14.4 10 0.157461
14.4 10.4 -0.181264
14.4 10.8 -0.439336
14.4 11.2 -0.0630365
14.4 11.6 0
14.4 12 0
14.4 12.4 0
14.4 12.8 0
14.4 13.2 0
14.4 13.6 0
14.4 14 0
14.4 14.4 -0.00366182
14.4 14.8 -0.0963742
14.4 15.2 -0.298526
14.4 15.6 -0.493474
14.4 16 -0.490354
14.4 16.4 -0.240096
14.4 16.8 0.119996
14.4 17.2 0.352984
14.4 17.6 0.29022
14.4 18 -0.0405373
14.4 18.4 -0.428446
14.4 18.8 -0.645865
14.4 19.2 0.0236864
14.4 19.6 0
14.4 20 0
14.4 20.4 0
14.4 20.8 0
14.4 21.2 0
14.4 21.6 0
14.4 22 0
14.4 22.4 -0.0460311
14.4 22.8 -0.110621
14.4 23.2 -0.0302181
14.4 23.6 0.0727925
14.4 24 0.157109
14.4 24.4 0.189726
14.4 24.8 0.157245
14.4 25.2 0.0727609
14.4 25.6 -0.0277796
14.4 26 -0.100194
14.4 26.4 -0.0138515
14.4 26.8 0

14.8 0 0
14.8 0.4 0.028501
14.8 0.8 0.206646
14.8 1.2 0.189382
14.8 1.6 0.160208
14.8 2 0.100227
14.8 2.4 0.00651749
14.8 2.8 -0.104119
14.8 3.2 -0.217823
14.8 3.6 -0.0295539
14.8 4 0
14.8 4.4 0
14.8 4.8 0
14.8 5.2 0
14.8 5.6 0
14.8 6 -0.0131612
14.8 6.4 -0.0989207
14.8 6.8 0.0360585
14.8 7.2 0.0264128
14.8 7.6 -0.0532848
14.8 8 -0.100464
14.8 8.4 -0.0452429
14.8 8.8 0.0957766
14.8 9.2 0.228586
14.8 9.6 0.251975
14.8 10 0.138245
14.8 10.4 -0.0367141
14.8 10.8 -0.134955
14.8 11.2 -0.0258924
14.8 11.6 -0.00320211
14.8 12 0
14.8 12.4 0
14.8 12.8 0
14.8 13.2 0
14.8 13.6 0
14.8 14 0.00880327
14.8 14.4 0.0601094
14.8 14.8 -0.101635
14.8 15.2 -0.306621
14.8 15.6 -0.446063
14.8 16 -0.407578
14.8 16.4 -0.188557
14.8 16.8 0.0837789
14.8 17.2 0.237297
14.8 17.6 0.185405
14.8 18 0.00587934
14.8 18.4 -0.0939477
14.8 18.8 0.108488
14.8 19.2 0.805674
14.8 19.6 0.110267
14.8 20 0
14.8 20.4 0
14.8 20.8 0
14.8 21.2 0
14.8 21.6 0
14.8 22 -0.0309719
14.8 22.4 -0.228839
14.8 22.8 -0.142382
14.8 23.2 -0.0570498
14.8 23.6 0.0283616
14.8 24 0.0972745
14.8 24.4 0.133205
14.8 24.8 0.129735
14.8 25.2 0.0950056
14.8 25.6 0.0497212
14.8 26 0.0190003
14.8 26.4 0.00266512
14.8 26.8 0

15.2 0 0
15.2 0.4 0.0280723
15.2 0.8 0.203635
15.2 1.2 0.193963
15.2 1.6 0.177768
15.2 2 0.133445
15.2 2.4 0.0550701
15.2 2.8 -0.040277
15.2 3.2 -0.119159
15.2 3.6 -0.0161757
15.2 4 0
15.2 4.4 0
15.2 4.8 0
15.2 5.2 0
15.2 5.6 0
15.2 6 -0.00559537
15.2 6.4 -0.0424472
15.2 6.8 0.0191653
15.2 7.2 0.0220644
15.2 7.6 -0.0427639
15.2 8 -0.121318
15.2 8.4 -0.151915
15.2 8.8 -0.113977
15.2 9.2 -0.0387844
15.2 9.6 0.0225816
15.2 10 0.0451165
15.2 10.4 0.0509892
15.2 10.8 0.0865244
15.2 11.2 0.165926
15.2 11.6 0.0228148
15.2 12 0
15.2 12.4 0
15.2 12.8 0
15.2 13.2 0
15.2 13.6 0
15.2 14 0.0173684
15.2 14.4 0.127195
15.2 14.8 0.00234777
15.2 15.2 -0.151783
15.2 15.6 -0.242294
15.2 16 -0.208549
15.2 16.4 -0.0738932
15.2 16.8 0.0634834
15.2 17.2 0.104259
15.2 17.6 0.0341918
15.2 18 -0.0474925
15.2 18.4 0.0106403
15.2 18.8 0.293081
15.2 19.2 0.700151
15.2 19.6 0.0952603
15.2 20 0
15.2 20.4 0
15.2 20.8 0
15.2 21.2 0
15.2 21.6 0
15.2 22 -0.0145583
15.2 22.4 -0.10786
15.2 22.8 -0.0759411
15.2 23.2 -0.0439202
15.2 23.6 -0.0145492
15.2 24 0.0115035
15.2 24.4 0.0336324
15.2 24.8 0.0513993
15.2 25.2 0.0650215
15.2 25.6 0.0757276
15.2 26 0.0854222
15.2 26.4 0.0118783
15.2 26.8 0

15.6 0 0
15.6 0.4 0.00524022
15.6 0.8 0.0379718
15.6 1.2 0.0607451
15.6 1.6 0.0887052
15.6 2 0.0961786
15.6 2.4 0.0714818
15.6 2.8 0.025527
15.6 3.2 -0.013531
15.6 3.6 -0.00183239
15.6 4 0
15.6 4.4 0
15.6 4.8 0
15.6 5.2 0
15.6 5.6 0
15.6 6 0.00779942
15.6 6.4 0.0573309
15.6 6.8 0.0826415
15.6 7.2 0.0718023
15.6 7.6 -0.00770369
15.6 8 -0.134972
15.6 8.4 -0.256706
15.6 8.8 -0.322571
15.6 9.2 -0.309696
15.6 9.6 -0.224899
15.6 10 -0.0911176
15.6 10.4 0.0655261
15.6 10.8 0.218005
15.6 11.2 0.332912
15.6 11.6 0.0454012
15.6 12 0
15.6 12.4 0
15.6 12.8 0
15.6 13.2 0
15.6 13.6 0
15.6 14 0.0241806
15.6 14.4 0.181951
15.6 14.8 0.112881
15.6 15.2 0.0338919
15.6 15.6 -0.00610059
15.6 16 0.00831545
15.6 16.4 0.0414892
15.6 16.8 0.0320101
15.6 17.2 -0.0519285
15.6 17.6 -0.170404
15.6 18 -0.223256
15.6 18.4 -0.120165
15.6 18.8 0.132778
15.6 19.2 0.391464
15.6 19.6 0.0526
15.6 20 0
15.6 20.4 0
15.6 20.8 0
15.6 21.2 0
15.6 21.6 0
15.6 22 0.00816627
15.6 22.4 0.059744
15.6 22.8 0.0356841
15.6 23.2 -0.00310262
15.6 23.6 -0.0459864
15.6 24 -0.0778438
15.6 24.4 -0.086118
15.6 24.8 -0.0670115
15.6 25.2 -0.0277458
15.6 25.6 0.0162097
15.6 26 0.0474014
15.6 26.4 0.00662506
15.6 26.8 0

16 0 0
16 0.4 -0.0262325
16 0.8 -0.190475
16 1.2 -0.132661
16 1.6 -0.060219
16 2 -0.000643801
16 2.4 0.0294377
16 2.8 0.0324066
16 3.2 0.0253714
16 3.6 -0.00192368
16 4 0
16 4.4 0
16 4.8 0
16 5.2 0
16 5.6 0
16 6 0.00482712
16 6.4 0.101242
16 6.8 0.120226
16 7.2 0.113176
16 7.6 0.0399348
16 8 -0.102239
16 8.4 -0.274111
16 8.8 -0.412004
16 9.2 -0.456967
16 9.6 -0.381355
16 10 -0.202258
16 10.4 0.023083
16 10.8 0.219035
16 11.2 0.327792
16 11.6 0.0302586
16 12 0
16 12.4 0
16 12.8 0
16 13.2 0
16 13.6 0
16 14 0.00180927
16 14.4 0.132617
16 14.8 0.127284
16 15.2 0.128587
16 15.6 0.142601
16 16 0.148463
16 16.4 0.105766
16 16.8 -0.0123552
16 17.2 -0.185722
16 17.6 -0.342147
16 18 -0.394917
16 18.4 -0.304964
16 18.8 -0.126013
16 19.2 0.0118605
16 19.6 -0.0539091
16 20 0
16 20.4 0
16 20.8 0
16 21.2 0
16 21.6 0
16 22 0.0673616
16 22.4 0.18833
16 22.8 0.120972
16 23.2 0.0272212
16 23.6 -0.0714217
16 24 -0.14984
16 24.4 -0.188379
16 24.8 -0.181754
16 25.2 -0.141823
16 25.6 -0.0929514
16 26 -0.062238
16 26.4 -0.00855982
16 26.8 0

16.4 0 0
16.4 0.4 -0.0436971
16.4 0.8 -0.317272
16.4 1.2 -0.24903
16.4 1.6 -0.16596
16.4 2 -0.0917071
16.4 2.4 -0.0424038
16.4 2.8 -0.0206078
16.4 3.2 -0.0201041
16.4 3.6 -0.0410869
16.4 4 -0.022096
16.4 4.4 0
16.4 4.8 0
16.4 5.2 0
16.4 5.6 -0.0370141
16.4 6 -0.0631659
16.4 6.4 0.00540995
16.4 6.8 0.0548466
16.4 7.2 0.0883458
16.4 7.6 0.0734269
16.4 8 -0.0141734
16.4 8.4 -0.161414
16.4 8.8 -0.313953
16.4 9.2 -0.399489
16.4 9.6 -0.367257
16.4 10 -0.221654
16.4 10.4 -0.0292719
16.4 10.8 0.108269
16.4 11.2 0.100518
16.4 11.6 -0.10524
16.4 12 -0.112782
16.4 12.4 0
16.4 12.8 0
16.4 13.2 0
16.4 13.6 -0.00313139
16.4 14 -0.111913
16.4 14.4 -0.0226523
16.4 14.8 0.0311746
16.4 15.2 0.0964256
16.4 15.6 0.161446
16.4 16 0.181173
16.4 16.4 0.114401
16.4 16.8 -0.0393628
16.4 17.2 -0.227368
16.4 17.6 -0.367846
16.4 18 -0.399639
16.4 18.4 -0.327109
16.4 18.8 -0.228675
16.4 19.2 -0.219354
16.4 19.6 -0.399408
16.4 20 -0.078017
16.4 20.4 0
16.4 20.8 0
16.4 21.2 0
16.4 21.6 0.0556671
16.4 22 0.306473
16.4 22.4 0.223724
16.4 22.8 0.131135
16.4 23.2 0.0192628
16.4 23.6 -0.0938403
16.4 24 -0.183093
16.4 24.4 -0.230319
16.4 24.8 -0.23274
16.4 25.2 -0.203922
16.4 25.6 -0.167855
16.4 26 -0.149628
16.4 26.4 -0.0206828
16.4 26.8 0

16.8 0 0
16.8 0.4 -0.0318185
16.8 0.8 -0.231049
16.8 1.2 -0.190109
16.8 1.6 -0.144284
16.8 2 -0.107157
16.8 2.4 -0.0871556
16.8 2.8 -0.0835909
16.8 3.2 -0.0896364
16.8 3.6 -0.100923
16.8 4 -0.122882
16.8 4.4 -0.0130075
16.8 4.8 0.0123979
16.8 5.2 -0.0230041
16.8 5.6 -0.207874
16.8 6 -0.172834
16.8 6.4 -0.147691
16.8 6.8 -0.0954776
16.8 7.2 -0.00889571
16.8 7.6 0.0758486
16.8 8 0.106564
16.8 8.4 0.0560152
16.8 8.8 -0.0524212
16.8 9.2 -0.154087
16.8 9.6 -0.184512
16.8 10 -0.127076
16.8 10.4 -0.0331639
16.8 10.8 0.0026784
16.8 11.2 -0.100764
16.8 11.6 -0.361803
16.8 12 -0.723256
16.8 12.4 -0.140405
16.8 12.8 -0.000911732
16.8 13.2 0.0387164
16.8 13.6 0.0842609
16.8 14 -0.0544869
16.8 14.4 -0.105278
16.8 14.8 -0.0868209
16.8 15.2 -0.00380088
16.8 15.6 0.0965971
16.8 16 0.145446
16.8 16.4 0.100674
16.8 16.8 -0.0197254
16.8 17.2 -0.146775
16.8 17.6 -0.206901
16.8 18 -0.1742
16.8 18.4 -0.091022
16.8 18.8 -0.0400977
16.8 19.2 -0.0817342
16.8 19.6 -0.188025
16.8 20 -0.177496
16.8 20.4 -0.0271591
16.8 20.8 -0.00296779
16.8 21.2 0.0116172
16.8 21.6 0.102492
16.8 22 0.157526
16.8 22.4 0.129723
16.8 22.8 0.0617982
16.8 23.2 -0.0245872
16.8 23.6 -0.106409
16.8 24 -0.163776
16.8 24.4 -0.187592
16.8 24.8 -0.18217
16.8 25.2 -0.161232
16.8 25.6 -0.141007
16.8 26 -0.134673
16.8 26.4 -0.018646
16.8 26.8 0

17.2 0 0
17.2 0.4 0.00466839
17.2 0.8 0.0338401
17.2 1.2 0.0217727
17.2 1.6 9.57393e-05
17.2 2 -0.0322331
17.2 2.4 -0.0726349
17.2 2.8 -0.112744
17.2 3.2 -0.139009
17.2 3.6 -0.135838
17.2 4 -0.0877215
17.2 4.4 0.0286744
17.2 4.8 0.0927639
17.2 5.2 0.038939
17.2 5.6 -0.118548
17.2 6 -0.221586
17.2 6.4 -0.281747
17.2 6.8 -0.25971
17.2 7.2 -0.137169
17.2 7.6 0.0479701
17.2 8 0.215851
17.2 8.4 0.293258
17.2 8.8 0.260549
17.2 9.2 0.16206
17.2 9.6 0.0703231
17.2 10 0.02933
17.2 10.4 0.0194093
17.2 10.8 -0.026632
17.2 11.2 -0.163651
17.2 11.6 -0.368779
17.2 12 -0.505585
17.2 12.4 -0.306341
17.2 12.8 -0.00573544
17.2 13.2 0.192405
17.2 13.6 0.143033
17.2 14 -0.0203258
17.2 14.4 -0.150957
17.2 14.8 -0.174669
17.2 15.2 -0.0907228
17.2 15.6 0.0322842
17.2 16 0.108173
17.2 16.4 0.0977338
17.2 16.8 0.0362729
17.2 17.2 0.00292982
17.2 17.6 0.0550923
17.2 18 0.178391
17.2 18.4 0.291595
17.2 18.8 0.305755
17.2 19.2 0.19657
17.2 19.6 0.0368492
17.2 20 -0.0464196
17.2 20.4 -0.0300963
17.2 20.8 -0.0216742
17.2 21.2 -0.0154203
17.2 21.6 0.0159652
17.2 22 0.0317864
17.2 22.4 0.0117804
17.2 22.8 -0.0306624
17.2 23.2 -0.0745186
17.2 23.6 -0.100149
17.2 24 -0.0986583
17.2 24.4 -0.075929
17.2 24.8 -0.0473429
17.2 25.2 -0.0269886
17.2 25.6 -0.0193977
17.2 26 -0.0199281
17.2 26.4 -0.00278624
17.2 26.8 0

17.6 0 0
17.6 0.4 0.0421014
17.6 0.8 0.3056
17.6 1.2 0.246441
17.6 1.6 0.1674
17.6 2 0.0764056
17.6 2.4 -0.0168577
17.6 2.8 -0.0998756
17.6 3.2 -0.155634
17.6 3.6 -0.162569
17.6 4 -0.10004
17.6 4.4 0.0286292
17.6 4.8 0.112429
17.6 5.2 0.086302
17.6 5.6 -0.0368372
17.6 6 -0.193838
17.6 6.4 -0.32586
17.6 6.8 -0.356014
17.6 7.2 -0.237781
17.6 7.6 0.00195466
17.6 8 0.267154
17.6 8.4 0.446151
17.6 8.8 0.478384
17.6 9.2 0.386278
17.6 9.6 0.249237
17.6 10 0.139961
17.6 10.4 0.0728708
17.6 10.8 0.00539862
17.6 11.2 -0.10759
17.6 11.6 -0.248633
17.6 12 -0.315048
17.6 12.4 -0.177383
17.6 12.8 0.0810396
17.6 13.2 0.254494
17.6 13.6 0.202063
17.6 14 0.00248603
17.6 14.4 -0.169357
17.6 14.8 -0.204365
17.6 15.2 -0.105688
17.6 15.6 0.0349141
17.6 16 0.116798
17.6 16.4 0.109779
17.6 16.8 0.0737748
17.6 17.2 0.104348
17.6 17.6 0.247567
17.6 18 0.451755
17.6 18.4 0.596434
17.6 18.8 0.579313
17.6 19.2 0.396777
17.6 19.6 0.154405
17.6 20 -0.00980458
17.6 20.4 -0.0480328
17.6 20.8 -0.0499522
17.6 21.2 -0.0488045
17.6 21.6 -0.0448289
17.6 22 -0.0486325
17.6 22.4 -0.0694695
17.6 22.8 -0.095423
17.6 23.2 -0.103789
17.6 23.6 -0.0775272
17.6 24 -0.0187997
17.6 24.4 0.0502815
17.6 24.8 0.101413
17.6 25.2 0.119228
17.6 25.6 0.111498
17.6 26 0.102495
17.6 26.4 0.0141634
17.6 26.8 0

18 0 0
18 0.4 0.0534976
18 0.8 0.388303
18 1.2 0.319398
18 1.6 0.231556
18 2 0.133579
18 2.4 0.0330436
18 2.8 -0.0625773
18 3.2 -0.141232
18 3.6 -0.180799
18 4 -0.143964
18 4.4 0.0248342
18 4.8 0.141234
18 5.2 0.151039
18 5.6 0.0847803
18 6 -0.069601
18 6.4 -0.24475
18 6.8 -0.338105
18 7.2 -0.271822
18 7.6 -0.0495175
18 8 0.233816
18 8.4 0.445453
18 8.8 0.497245
18 9.2 0.397445
18 9.6 0.234426
18 10 0.106709
18 10.4 0.0539509
18 10.8 0.0419628
18 11.2 0.0100071
18 11.6 -0.0624466
18 12 -0.126964
18 12.4 -0.0579405
18 12.8 0.171336
18 13.2 0.323809
18 13.6 0.225447
18 14 -0.0241387
18 14.4 -0.195536
18 14.8 -0.189031
18 15.2 -0.0406155
18 15.6 0.120878
18 16 0.177811
18 16.4 0.115347
18 16.8 0.030232
18 17.2 0.0496169
18 17.6 0.223073
18 18 0.472855
18 18.4 0.643267
18 18.8 0.613358
18 19.2 0.387741
18 19.6 0.0962652
18 20 -0.0964588
18 20.4 -0.100422
18 20.8 -0.0886318
18 21.2 -0.0797126
18 21.6 -0.0701942
18 22 -0.0680704
18 22.4 -0.0865945
18 22.8 -0.108722
18 23.2 -0.104254
18 23.6 -0.0532033
18 24 0.0360808
18 24.4 0.128201
18 24.8 0.182794
18 25.2 0.182431
18 25.6 0.145868
18 26 0.115823
18 26.4 0.0160461
18 26.8 0

18.4 0 0
18.4 0.4 0.0279864
18.4 0.8 0.203007
18.4 1.2 0.17151
18.4 1.6 0.134326
18.4 2 0.0930589
18.4 2.4 0.044232
18.4 2.8 -0.0185862
18.4 3.2 -0.0982287
18.4 3.6 -0.187682
18.4 4 -0.258229
18.4 4.4 -0.0318714
18.4 4.8 0.0190505
18.4 5.2 0.050552
18.4 5.6 0.216429
18.4 6 0.109794
18.4 6.4 -0.0742866
18.4 6.8 -0.22564
18.4 7.2 -0.242844
18.4 7.6 -0.0995889
18.4 8 0.125513
18.4 8.4 0.296954
18.4 8.8 0.31561
18.4 9.2 0.186626
18.4 9.6 0.0109354
18.4 10 -0.0919603
18.4 10.4 -0.0694
18.4 10.8 0.0354502
18.4 11.2 0.129198
18.4 11.6 0.140052
18.4 12 0.0112868
18.4 12.4 -0.00668314
18.4 12.8 0.02306
18.4 13.2 0.0673557
18.4 13.6 0.168138
18.4 14 -0.163497
18.4 14.4 -0.278805
18.4 14.8 -0.169934
18.4 15.2 0.0689951
18.4 15.6 0.2607
18.4 16 0.26754
18.4 16.4 0.09451
18.4 16.8 -0.113762
18.4 17.2 -0.182951
18.4 17.6 -0.0428584
18.4 18 0.21714
18.4 18.4 0.41382
18.4 18.8 0.40594
18.4 19.2 0.195382
18.4 19.6 -0.0827317
18.4 20 -0.265154
18.4 20.4 -0.0496011
18.4 20.8 -0.0122356
18.4 21.2 -0.01938
18.4 21.6 -0.0611993
18.4 22 -0.0309405
18.4 22.4 -0.0453561
18.4 22.8 -0.0769777
18.4 23.2 -0.0851634
18.4 23.6 -0.042072
18.4 24 0.0434162
18.4 24.4 0.127277
18.4 24.8 0.159354
18.4 25.2 0.119977
18.4 25.6 0.0368739
18.4 26 -0.0312761
18.4 26.4 -0.00424933
18.4 26.8 0

18.8 0 0
18.8 0.4 -0.0202482
18.8 0.8 -0.147296
18.8 1.2 -0.114341
18.8 1.6 -0.0674491
18.8 2 -0.0156409
18.8 2.4 0.023815
18.8 2.8 0.0297724
18.8 3.2 -0.0151262
18.8 3.6 -0.130715
18.8 4 -0.0526865
18.8 4.4 0
18.8 4.8 0
18.8 5.2 0
18.8 5.6 0.0649444
18.8 6 0.25463
18.8 6.4 0.0916674
18.8 6.8 -0.0923671
18.8 7.2 -0.19071
18.8 7.6 -0.145299
18.8 8 -0.0110873
18.8 8.4 0.0838538
18.8 8.8 0.0400748
18.8 9.2 -0.132268
18.8 9.6 -0.317176
18.8 10 -0.378195
18.8 10.4 -0.25925
18.8 10.8 -0.0229884
18.8 11.2 0.20518
18.8 11.6 0.362631
18.8 12 0.0510647
18.8 12.4 0
18.8 12.8 0
18.8 13.2 0
18.8 13.6 -0.0427398
18.8 14 -0.482506
18.8 14.4 -0.431512
18.8 14.8 -0.175559
18.8 15.2 0.177064
18.8 15.6 0.407286
18.8 16 0.357461
18.8 16.4 0.0528247
18.8 16.8 -0.310906
18.8 17.2 -0.505156
18.8 17.6 -0.429173
18.8 18 -0.173647
18.8 18.4 0.0582732
18.8 18.8 0.108467
18.8 19.2 -0.0247947
18.8 19.6 -0.21035
18.8 20 -0.0650058
18.8 20.4 0
18.8 20.8 0
18.8 21.2 0
18.8 21.6 -0.00238896
18.8 22 0.0411809
18.8 22.4 0.0219605
18.8 22.8 -0.0277885
18.8 23.2 -0.0630764
18.8 23.6 -0.0472567
18.8 24 0.0135748
18.8 24.4 0.0701755
18.8 24.8 0.0647432
18.8 25.2 -0.0246171
18.8 25.6 -0.162983
18.8 26 -0.27832
18.8 26.4 -0.0383705
18.8 26.8 0

19.2 0 0
19.2 0.4 -0.060703
19.2 0.8 -0.441105
19.2 1.2 -0.355167
19.2 1.6 -0.23951
19.2 2 -0.111123
19.2 2.4 0.00353834
19.2 2.8 0.0776913
19.2 3.2 0.1033
19.2 3.6 -0.00356899
19.2 4 0
19.2 4.4 0
19.2 4.8 0
19.2 5.2 0
19.2 5.6 0
19.2 6 0.0558458
19.2 6.4 0.154225
19.2 6.8 -0.0165369
19.2 7.2 -0.161944
19.2 7.6 -0.181941
19.2 8 -0.111109
19.2 8.4 -0.0735879
19.2 8.8 -0.16957
19.2 9.2 -0.382656
19.2 9.6 -0.581327
19.2 10 -0.614068
19.2 10.4 -0.425383
19.2 10.8 -0.105721
19.2 11.2 0.157279
19.2 11.6 0.0709952
19.2 12 0
19.2 12.4 0
19.2 12.8 0
19.2 13.2 0
19.2 13.6 0
19.2 14 -0.14003
19.2 14.4 -0.538273
19.2 14.8 -0.189534
19.2 15.2 0.254429
19.2 15.6 0.521646
19.2 16 0.430435
19.2 16.4 0.01973
19.2 16.8 -0.471756
19.2 17.2 -0.767692
19.2 17.6 -0.739584
19.2 18 -0.479091
19.2 18.4 -0.207003
19.2 18.8 -0.0933867
19.2 19.2 -0.129326
19.2 19.6 -0.0469197
19.2 20 0
19.2 20.4 0
19.2 20.8 0
19.2 21.2 0
19.2 21.6 0
19.2 22 0.0149763
19.2 22.4 0.066977
19.2 22.8 0.00566608
19.2 23.2 -0.0520426
19.2 23.6 -0.059166
19.2 24 -0.0185143
19.2 24.4 0.0163529
19.2 24.8 -0.0192142
19.2 25.2 -0.149443
19.2 25.6 -0.333641
19.2 26 -0.488531
19.2 26.4 -0.067409
19.2 26.8 0

19.6 0 0
19.6 0.4 0
19.6 0.8 -0.060703
19.6 1.2 -0.048889
19.6 1.6 -0.0329856
19.6 2 -0.0153186
19.6 2.4 0.000475346
19.6 2.8 0.0107028
19.6 3.2 0.0142443
19.6 3.6 0
19.6 4 0
19.6 4.4 0
19.6 4.8 0
19.6 5.2 0
19.6 5.6 0
19.6 6 0
19.6 6.4 0.0212288
19.6 6.8 -0.00232954
19.6 7.2 -0.0223791
19.6 7.6 -0.0251173
19.6 8 -0.0153188
19.6 8.4 -0.0101138
19.6 8.8 -0.0233271
19.6 9.2 -0.0527025
19.6 9.6 -0.0801034
19.6 10 -0.0846321
19.6 10.4 -0.0586272
19.6 10.8 -0.0145564
19.6 11.2 0.0217087
19.6 11.6 0
19.6 12 0
19.6 12.4 0
19.6 12.8 0
19.6 13.2 0
19.6 13.6 0
19.6 14 0
19.6 14.4 -0.074489
19.6 14.8 -0.0262991
19.6 15.2 0.0350597
19.6 15.6 0.0720314
19.6 16 0.0595373
19.6 16.4 0.00295327
19.6 16.8 -0.0647839
19.6 17.2 -0.105567
19.6 17.6 -0.101696
19.6 18 -0.0658342
19.6 18.4 -0.0284261
19.6 18.8 -0.0128878
19.6 19.2 -0.0179352
19.6 19.6 0
19.6 20 0
19.6 20.4 0
19.6 20.8 0
19.6 21.2 0
19.6 21.6 0
19.6 22 0
19.6 22.4 0.009229
19.6 22.8 0.000745116
19.6 23.2 -0.00723783
19.6 23.6 -0.00821576
19.6 24 -0.00257511
19.6 24.4 0.00227692
19.6 24.8 -0.00260471
19.6 25.2 -0.0205761
19.6 25.6 -0.0460154
19.6 26 -0.067409
19.6 26.4 0
19.6 26.8 0

20 0 0
20 0.4 0
20 0.8 0
20 1.2 0
20 1.6 0
20 2 0
20 2.4 0
20 2.8 0
20 3.2 0
20 3.6 0
20 4 0
20 4.4 0
20 4.8 0
20 5.2 0
20 5.6 0
20 6 0
20 6.4 0
20 6.8 0
20 7.2 0
20 7.6 0
20 8 0
20 8.4 0
20 8.8 0
20 9.2 0
20 9.6 0
20 10 0
20 10.4 0
20 10.8 0
20 11.2 0
20 11.6 0
20 12 0
20 12.4 0
20 12.8 0
20 13.2 0
20 13.6 0
20 14 0
20 14.4 0
20 14.8 0
20 15.2 0
20 15.6 0
20 16 0
20 16.4 0
20 16.8 0
20 17.2 0
20 17.6 0
20 18 0
20 18.4 0
20 18.8 0
20 19.2 0
20 19.6 0
20 20 0
20 20.4 0
20 20.8 0
20 21.2 0
20 21.6 0
20 22 0
20 22.4 0
20 22.8 0
20 23.2 0
20 23.6 0
20 24 0
20 24.4 0
20 24.8 0
20 25.2 0
20 25.6 0
20 26 0
20 26.4 0
20 26.8 0

