0 0 0
0 0.4 0
0 0.8 0
0 1.2 0
0 1.6 0
0 2 0
0 2.4 0
0 2.8 0
0 3.2 0
0 3.6 0
0 4 0
0 4.4 0
0 4.8 0
0 5.2 0
0 5.6 0
0 6 0
0 6.4 0
0 6.8 0
0 7.2 0
0 7.6 0
0 8 0
0 8.4 0
0 8.8 0
0 9.2 0
0 9.6 0
0 10 0
0 10.4 0
0 10.8 0
0 11.2 0
0 11.6 0
0 12 0
0 12.4 0
0 12.8 0
0 13.2 0
0 13.6 0
0 14 0
0 14.4 0
0 14.8 0
0 15.2 0
0 15.6 0
0 16 0
0 16.4 0
0 16.8 0
0 17.2 0
0 17.6 0
0 18 0
0 18.4 0
0 18.8 0
0 19.2 0
0 19.6 0
0 20 0
0 20.4 0
0 20.8 0
0 21.2 0
0 21.6 0
0 22 0
0 22.4 0
0 22.8 0
0 23.2 0
0 23.6 0
0 24 0
0 24.4 0
0 24.8 0
0 25.2 0
0 25.6 0
0 26 0
0 26.4 0
0 26.8 0

0.4 0 0
0.4 0.4 0
0.4 0.8 0.00525275
0.4 1.2 0.00190483
0.4 1.6 -0.00323837
0.4 2 -0.00808606
0.4 2.4 -0.0103423
0.4 2.8 -0.00856676
0.4 3.2 -0.00315545
0.4 3.6 0.00350661
0.4 4 0.0081422
0.4 4.4 0.00845469
0.4 4.8 0.00455782
0.4 5.2 -0.00115803
0.4 5.6 -0.00564221
0.4 6 -0.00704474
0.4 6.4 -0.00538654
0.4 6.8 -0.00189136
0.4 7.2 0.00210966
0.4 7.6 0.00592095
0.4 8 0.0094496
0.4 8.4 0.0126248
0.4 8.8 0.0149109
0.4 9.2 0.0154581
0.4 9.6 0.0138036
0.4 10 0.0105469
0.4 10.4 0.00730341
0.4 10.8 0.00585012
0.4 11.2 0.00699431
0.4 11.6 0.0100404
0.4 12 0.0132569
0.4 12.4 0.0150419
0.4 12.8 0.0148663
0.4 13.2 0.0131642
0.4 13.6 0.0105316
0.4 14 0.00700534
0.4 14.4 0.00211301
0.4 14.8 -0.0039606
0.4 15.2 -0.0096839
0.4 15.6 -0.012824
0.4 16 -0.0119799
0.4 16.4 -0.00773772
0.4 16.8 -0.00240425
0.4 17.2 0.00159179
0.4 17.6 0.00338104
0.4 18 0.00401361
0.4 18.4 0.00513327
0.4 18.8 0.00703976
0.4 19.2 0.00786752
0.4 19.6 0.0048682
0.4 20 -0.00294681
0.4 20.4 -0.0128575
0.4 20.8 -0.0191884
0.4 21.2 -0.0172234
0.4 21.6 -0.00692013
0.4 22 0.00663037
0.4 22.4 0.0164014
0.4 22.8 0.0177226
0.4 23.2 0.0107873
0.4 23.6 2.13485e-05
0.4 24 -0.00889622
0.4 24.4 -0.012188
0.4 24.8 -0.0094341
0.4 25.2 -0.00292834
0.4 25.6 0.00407114
0.4 26 0.00884263
0.4 26.4 0
0.4 26.8 0

0.8 0 0
0.8 0.4 0.00525275
0.8 0.8 0.0432991
0.8 1.2 0.0154921
0.8 1.6 -0.026661
0.8 2 -0.0655946
0.8 2.4 -0.0827054
0.8 2.8 -0.0670359
0.8 3.2 -0.0227514
0.8 3.6 0.0303539
0.8 4 0.0660789
0.8 4.4 0.066749
0.8 4.8 0.0341352
0.8 5.2 -0.0120809
0.8 5.6 -0.0474534
0.8 6 -0.0575236
0.8 6.4 -0.0427597
0.8 6.8 -0.0132362
0.8 7.2 0.0199893
0.8 7.6 0.0508166
0.8 8 0.0781418
0.8 8.4 0.101547
0.8 8.8 0.117507
0.8 9.2 0.120198
0.8 9.6 0.106579
0.8 10 0.0813225
0.8 10.4 0.0565819
0.8 10.8 0.0456512
0.8 11.2 0.0545972
0.8 11.6 0.07816
0.8 12 0.103208
0.8 12.4 0.11736
0.8 12.8 0.116146
0.8 13.2 0.102414
0.8 13.6 0.0805622
0.8 14 0.0512462
0.8 14.4 0.0116296
0.8 14.8 -0.0360963
0.8 15.2 -0.0799304
0.8 15.6 -0.103181
0.8 16 -0.0959207
0.8 16.4 -0.063269
0.8 16.8 -0.0228381
0.8 17.2 0.00749106
0.8 17.6 0.0219736
0.8 18 0.0290688
0.8 18.4 0.0408668
0.8 18.8 0.0583645
0.8 19.2 0.0658908
0.8 19.6 0.0416771
0.8 20 -0.0214338
0.8 20.4 -0.101231
0.8 20.8 -0.152471
0.8 21.2 -0.137663
0.8 21.6 -0.0562837
0.8 22 0.0516043
0.8 22.4 0.130393
0.8 22.8 0.142623
0.8 23.2 0.0889999
0.8 23.6 0.00385958
0.8 24 -0.0679105
0.8 24.4 -0.0957576
0.8 24.8 -0.0754198
0.8 25.2 -0.0244389
0.8 25.6 0.0312946
0.8 26 0.0695876
0.8 26.4 0.00884263
0.8 26.8 0

1.2 0 0
1.2 0.4 0.00355754
1.2 0.8 0.0292881
1.2 1.2 0.0120178
1.2 1.6 -0.0149059
1.2 2 -0.0410192
1.2 2.4 -0.0538674
1.2 2.8 -0.0449246
1.2 3.2 -0.0159659
1.2 3.6 0.0193314
1.2 4 0.0417585
1.2 4.4 0.0386633
1.2 4.8 0.013356
1.2 5.2 -0.0169136
1.2 5.6 -0.0335005
1.2 6 -0.029834
1.2 6.4 -0.0119284
1.2 6.8 0.00937142
1.2 7.2 0.0253958
1.2 7.6 0.0337162
1.2 8 0.037269
1.2 8.4 0.0397122
1.2 8.8 0.0412548
1.2 9.2 0.038489
1.2 9.6 0.0284833
1.2 10 0.0131814
1.2 10.4 5.80264e-05
1.2 10.8 -0.00238888
1.2 11.2 0.00911071
1.2 11.6 0.0294186
1.2 12 0.0479569
1.2 12.4 0.0557835
1.2 12.8 0.0523919
1.2 13.2 0.0435041
1.2 13.6 0.0352151
1.2 14 0.0285224
1.2 14.4 0.0159552
1.2 14.8 -0.00600384
1.2 15.2 -0.030824
1.2 15.6 -0.0460017
1.2 16 -0.0432465
1.2 16.4 -0.026126
1.2 16.8 -0.00819566
1.2 17.2 -0.00250988
1.2 17.6 -0.0106713
1.2 18 -0.0209906
1.2 18.4 -0.0182522
1.2 18.8 0.00202111
1.2 19.2 0.0268259
1.2 19.6 0.0332153
1.2 20 0.0063665
1.2 20.4 -0.0442533
1.2 20.8 -0.0825784
1.2 21.2 -0.0755229
1.2 21.6 -0.020276
1.2 22 0.0523813
1.2 22.4 0.101112
1.2 22.8 0.100441
1.2 23.2 0.0546203
1.2 23.6 -0.00823039
1.2 24 -0.0553707
1.2 24.4 -0.0679946
1.2 24.8 -0.0477905
1.2 25.2 -0.0104102
1.2 25.6 0.0262201
1.2 26 0.0497648
1.2 26.4 0.00621555
1.2 26.8 0

1.6 0 0
1.6 0.4 0.00080231
1.6 0.8 0.00687082
1.6 1.2 0.00604848
1.6 1.6 0.00220518
1.6 2 -0.00524805
1.6 2.4 -0.0127003
1.6 2.8 -0.0141471
1.6 3.2 -0.00670948
1.6 3.6 0.00504632
1.6 4 0.0107019
1.6 4.4 0.00277738
1.6 4.8 -0.0135647
1.6 5.2 -0.0232093
1.6 5.6 -0.0135805
1.6 6 0.00950408
1.6 6.4 0.0309639
1.6 6.8 0.0400651
1.6 7.2 0.0323988
1.6 7.6 0.0111333
1.6 8 -0.0151657
1.6 8.4 -0.0375489
1.6 8.8 -0.0516203
1.6 9.2 -0.0584827
1.6 9.6 -0.0618326
1.6 10 -0.0635107
1.6 10.4 -0.0619056
1.6 10.8 -0.0541251
1.6 11.2 -0.0402045
1.6 11.6 -0.0250816
1.6 12 -0.0163978
1.6 12.4 -0.0198814
1.6 12.8 -0.0297487
1.6 13.2 -0.0357356
1.6 13.6 -0.0285416
1.6 14 -0.00320799
1.6 14.4 0.0216749
1.6 14.8 0.0333611
1.6 15.2 0.0318259
1.6 15.6 0.0257659
1.6 16 0.0229986
1.6 16.4 0.0224343
1.6 16.8 0.0146656
1.6 17.2 -0.00919954
1.6 17.6 -0.0470231
1.6 18 -0.0830482
1.6 18.4 -0.0963849
1.6 18.8 -0.0756309
1.6 19.2 -0.0284925
1.6 19.6 0.0206868
1.6 20 0.0446092
1.6 20.4 0.030199
1.6 20.8 0.00605698
1.6 21.2 0.00225637
1.6 21.6 0.0243441
1.6 22 0.0505733
1.6 22.4 0.0583721
1.6 22.8 0.0393949
1.6 23.2 0.00400844
1.6 23.6 -0.0271551
1.6 24 -0.0381194
1.6 24.4 -0.0274904
1.6 24.8 -0.00677336
1.6 25.2 0.010247
1.6 25.6 0.0174447
1.6 26 0.0180022
1.6 26.4 0.00202987
1.6 26.8 0

2 0 0
2 0.4 -0.0024543
2 0.8 -0.0192172
2 1.2 -0.00226778
2 1.6 0.0182789
2 2 0.0301667
2 2.4 0.0281889
2 2.8 0.0166956
2 3.2 0.00448822
2 3.6 -0.00344427
2 4 -0.0107231
2 4.4 -0.0239607
2 4.8 -0.0358361
2 5.2 -0.0312153
2 5.6 0.00331646
2 6 0.0447926
2 6.4 0.0664681
2 6.8 0.0635425
2 7.2 0.0375447
2 7.6 -0.00383138
2 8 -0.0484868
2 8.4 -0.0844496
2 8.8 -0.104922
2 9.2 -0.109934
2 9.6 -0.104277
2 10 -0.0932595
2 10.4 -0.0801225
2 10.8 -0.0664011
2 11.2 -0.0542934
2 11.6 -0.0475628
2 12 -0.0496284
2 12.4 -0.068107
2 12.8 -0.0892124
2 13.2 -0.10037
2 13.6 -0.0919865
2 14 -0.0373852
2 14.4 0.0180356
2 14.8 0.0546037
2 15.2 0.0692073
2 15.6 0.0692446
2 16 0.0635688
2 16.4 0.0537785
2 16.8 0.0331229
2 17.2 -0.00617566
2 17.6 -0.061979
2 18 -0.117632
2 18.4 -0.148012
2 18.8 -0.13398
2 19.2 -0.0748385
2 19.6 0.00858476
2 20 0.0799573
2 20.4 0.086137
2 20.8 0.0672617
2 21.2 0.0533744
2 21.6 0.0508115
2 22 0.0365301
2 22.4 0.00835116
2 22.8 -0.0240653
2 23.2 -0.0444841
2 23.6 -0.040382
2 24 -0.0133111
2 24.4 0.0199788
2 24.8 0.0380285
2 25.2 0.0296491
2 25.6 0.00209579
2 26 -0.0240281
2 26.4 -0.0034024
2 26.8 0

2.4 0 0
2.4 0.4 -0.00547211
2.4 0.8 -0.0430623
2.4 1.2 -0.0118915
2.4 1.6 0.0275564
2.4 2 0.0539021
2.4 2.4 0.0555965
2.4 2.8 0.0369904
2.4 3.2 0.0133072
2.4 3.6 -0.00165939
2.4 4 -0.00928828
2.4 4.4 -0.00231949
2.4 4.8 -0.00337809
2.4 5.2 -0.00485565
2.4 5.6 0.0100179
2.4 6 0.0661304
2.4 6.4 0.0779029
2.4 6.8 0.0655607
2.4 7.2 0.0353755
2.4 7.6 -0.0052437
2.4 8 -0.0458218
2.4 8.4 -0.0757454
2.4 8.8 -0.0888466
2.4 9.2 -0.085409
2.4 9.6 -0.0710128
2.4 10 -0.0526861
2.4 10.4 -0.0359144
2.4 10.8 -0.023992
2.4 11.2 -0.0195346
2.4 11.6 -0.0243609
2.4 12 -0.0294561
2.4 12.4 -0.00557764
2.4 12.8 -0.00702962
2.4 13.2 -0.0214624
2.4 13.6 -0.14592
2.4 14 -0.0590735
2.4 14.4 0.00581031
2.4 14.8 0.0449997
2.4 15.2 0.060008
2.4 15.6 0.0596498
2.4 16 0.0548032
2.4 16.4 0.0493801
2.4 16.8 0.03725
2.4 17.2 0.00781921
2.4 17.6 -0.0420738
2.4 18 -0.100631
2.4 18.4 -0.143267
2.4 18.8 -0.145565
2.4 19.2 -0.0967338
2.4 19.6 -0.00460951
2.4 20 0.113921
2.4 20.4 0.0179542
2.4 20.8 0.00505673
2.4 21.2 0.00760507
2.4 21.6 0.0505502
2.4 22 0.0115252
2.4 22.4 -0.0373789
2.4 22.8 -0.071951
2.4 23.2 -0.0738625
2.4 23.6 -0.0384388
2.4 24 0.018475
2.4 24.4 0.0662396
2.4 24.8 0.0766827
2.4 25.2 0.0421704
2.4 25.6 -0.0180109
2.4 26 -0.0683717
2.4 26.4 -0.00901698
2.4 26.8 0

2.8 0 0
2.8 0.4 -0.0074933
2.8 0.8 -0.0588843
2.8 1.2 -0.0206635
2.8 1.6 0.0273513
2.8 2 0.059141
2.8 2.4 0.0605404
2.8 2.8 0.0374265
2.8 3.2 0.0110548
2.8 3.6 0.00559658
2.8 4 0.000579399
2.8 4.4 0
2.8 4.8 0
2.8 5.2 0
2.8 5.6 0.00386477
2.8 6 0.0813687
2.8 6.4 0.0555094
2.8 6.8 0.0382662
2.8 7.2 0.0209846
2.8 7.6 0.00265922
2.8 8 -0.0132255
2.8 8.4 -0.0211577
2.8 8.8 -0.0177046
2.8 9.2 -0.00384535
2.8 9.6 0.0151469
2.8 10 0.0328845
2.8 10.4 0.044706
2.8 10.8 0.0485858
2.8 11.2 0.0424732
2.8 11.6 0.0175676
2.8 12 0.00070903
2.8 12.4 0
2.8 12.8 0
2.8 13.2 0
2.8 13.6 -0.0151138
2.8 14 -0.0328398
2.8 14.4 -0.000711217
2.8 14.8 0.0138432
2.8 15.2 0.0132876
2.8 15.6 0.0057442
2.8 16 0.0032782
2.8 16.4 0.011801
2.8 16.8 0.0248155
2.8 17.2 0.026804
2.8 17.6 0.00546671
2.8 18 -0.0372956
2.8 18.4 -0.0833068
2.8 18.8 -0.108387
2.8 19.2 -0.0964059
2.8 19.6 -0.0462929
2.8 20 0.0086844
2.8 20.4 0
2.8 20.8 0
2.8 21.2 0
2.8 21.6 0.00459155
2.8 22 -0.0114817
2.8 22.4 -0.0658077
2.8 22.8 -0.0909388
2.8 23.2 -0.0753458
2.8 23.6 -0.0203606
2.8 24 0.0505992
2.8 24.4 0.100834
2.8 24.8 0.1007
2.8 25.2 0.0464138
2.8 25.6 -0.0352102
2.8 26 -0.100529
2.8 26.4 -0.0129978
2.8 26.8 0

3.2 0 0
3.2 0.4 -0.0079872
3.2 0.8 -0.0627798
3.2 1.2 -0.0257625
3.2 1.6 0.0194065
3.2 2 0.046848
3.2 2.4 0.0431809
3.2 2.8 0.0157222
3.2 3.2 -0.0129624
3.2 3.6 -0.000739229
3.2 4 0
3.2 4.4 0
3.2 4.8 0
3.2 5.2 0
3.2 5.6 0
3.2 6 0.00504911
3.2 6.4 -0.0152599
3.2 6.8 -0.01439
3.2 7.2 -0.00321615
3.2 7.6 0.012136
3.2 8 0.0279045
3.2 8.4 0.0441853
3.2 8.8 0.0621214
3.2 9.2 0.080999
3.2 9.6 0.0973134
3.2 10 0.107041
3.2 10.4 0.108549
3.2 10.8 0.104245
3.2 11.2 0.0999188
3.2 11.6 0.00942699
3.2 12 0
3.2 12.4 0
3.2 12.8 0
3.2 13.2 0
3.2 13.6 0
3.2 14 0.000400036
3.2 14.4 -0.000676313
3.2 14.8 -0.0204265
3.2 15.2 -0.0396559
3.2 15.6 -0.0564965
3.2 16 -0.0587295
3.2 16.4 -0.0377342
3.2 16.8 0.00123918
3.2 17.2 0.0391399
3.2 17.6 0.0550672
3.2 18 0.0396854
3.2 18.4 0.00152083
3.2 18.8 -0.0405292
3.2 19.2 -0.0723035
3.2 19.6 -0.00972608
3.2 20 0
3.2 20.4 0
3.2 20.8 0
3.2 21.2 0
3.2 21.6 0
3.2 22 -0.00363478
3.2 22.4 -0.0720291
3.2 22.8 -0.0772743
3.2 23.2 -0.0517801
3.2 23.6 0.0050802
3.2 24 0.0711524
3.2 24.4 0.112683
3.2 24.8 0.103922
3.2 25.2 0.0439759
3.2 25.6 -0.0398074
3.2 26 -0.105205
3.2 26.4 -0.0134825
3.2 26.8 0

3.6 0 0
3.6 0.4 -0.00689206
3.6 0.8 -0.0543332
3.6 1.2 -0.0248851
3.6 1.6 0.00919771
3.6 2 0.0259458
3.6 2.4 0.015125
3.6 2.8 -0.015101
3.6 3.2 -0.044242
3.6 3.6 -0.00404058
3.6 4 0
3.6 4.4 0
3.6 4.8 0
3.6 5.2 0
3.6 5.6 0
3.6 6 -0.00567947
3.6 6.4 -0.0817178
3.6 6.8 -0.0601529
3.6 7.2 -0.0212501
3.6 7.6 0.0210541
3.6 8 0.0569559
3.6 8.4 0.0838397
3.6 8.8 0.103241
3.6 9.2 0.116618
3.6 9.6 0.123007
3.6 10 0.120721
3.6 10.4 0.110351
3.6 10.8 0.0970758
3.6 11.2 0.0902597
3.6 11.6 0.00754421
3.6 12 0
3.6 12.4 0
3.6 12.8 0
3.6 13.2 0
3.6 13.6 0
3.6 14 0.000959724
3.6 14.4 -0.0222306
3.6 14.8 -0.0431981
3.6 15.2 -0.0644685
3.6 15.6 -0.0857547
3.6 16 -0.0929062
3.6 16.4 -0.0721886
3.6 16.8 -0.0240828
3.6 17.2 0.0336639
3.6 17.6 0.0763445
3.6 18 0.0871965
3.6 18.4 0.0664582
3.6 18.8 0.0276363
3.6 19.2 -0.0140513
3.6 19.6 -0.00378883
3.6 20 0
3.6 20.4 0
3.6 20.8 0
3.6 21.2 0
3.6 21.6 0
3.6 22 -0.00171048
3.6 22.4 -0.0316761
3.6 22.8 -0.0338046
3.6 23.2 -0.0155899
3.6 23.6 0.0235635
3.6 24 0.0680325
3.6 24.4 0.0939901
3.6 24.8 0.0835507
3.6 25.2 0.0366799
3.6 25.6 -0.0264539
3.6 26 -0.0751165
3.6 26.4 -0.00962729
3.6 26.8 0

4 0 0
4 0.4 -0.00470552
4 0.8 -0.0372283
4 1.2 -0.0177708
4 1.6 0.00283613
4 2 0.00850582
4 2.4 -0.00682108
4 2.8 -0.0347434
4 3.2 -0.0585607
4 3.6 -0.00781177
4 4 0
4 4.4 0
4 4.8 0
4 5.2 0
4 5.6 0
4 6 -0.013962
4 6.4 -0.105402
4 6.8 -0.0681405
4 7.2 -0.0148436
4 7.6 0.0338186
4 8 0.0661682
4 8.4 0.0817674
4 8.8 0.0862866
4 9.2 0.084902
4 9.6 0.0787082
4 10 0.0663626
4 10.4 0.0478251
4 10.8 0.0273052
4 11.2 0.0138994
4 11.6 -0.00781574
4 12 0
4 12.4 0
4 12.8 0
4 13.2 0
4 13.6 0
4 14 -0.017861
4 14.4 -0.0457478
4 14.8 -0.0370065
4 15.2 -0.0404832
4 15.6 -0.0595546
4 16 -0.0775525
4 16.4 -0.0742458
4 16.8 -0.042218
4 17.2 0.00716894
4 17.6 0.0521633
4 18 0.075173
4 18.4 0.0726821
4 18.8 0.0529856
4 19.2 0.0261644
4 19.6 -0.00101373
4 20 0
4 20.4 0
4 20.8 0
4 21.2 0
4 21.6 0
4 22 0.0112502
4 22.4 0.0249799
4 22.8 0.015229
4 23.2 0.0137887
4 23.6 0.0226084
4 24 0.0361315
4 24.4 0.0449973
4 24.8 0.0415363
4 25.2 0.0246848
4 25.6 0.00131042
4 26 -0.0170477
4 26.4 -0.00232156
4 26.8 0

4.4 0 0
4.4 0.4 -0.00231306
4.4 0.8 -0.0180757
4.4 1.2 -0.00695167
4.4 1.6 0.00334232
4.4 2 0.00264375
4.4 2.4 -0.0113413
4.4 2.8 -0.0305637
4.4 3.2 -0.0417635
4.4 3.6 -0.0353878
4.4 4 0.000233919
4.4 4.4 0
4.4 4.8 0
4.4 5.2 0
4.4 5.6 -0.00844367
4.4 6 -0.090567
4.4 6.4 -0.0759235
4.4 6.8 -0.0291049
4.4 7.2 0.0217871
4.4 7.6 0.0540261
4.4 8 0.0600977
4.4 8.4 0.0469523
4.4 8.8 0.0271994
4.4 9.2 0.00977301
4.4 9.6 -0.00416158
4.4 10 -0.0184443
4.4 10.4 -0.0367525
4.4 10.8 -0.059802
4.4 11.2 -0.0889367
4.4 11.6 -0.139889
4.4 12 -0.0204563
4.4 12.4 0
4.4 12.8 0
4.4 13.2 0
4.4 13.6 -0.0309922
4.4 14 -0.175307
4.4 14.4 -0.0678234
4.4 14.8 -0.000489084
4.4 15.2 0.0248851
4.4 15.6 0.0116134
4.4 16 -0.0201539
4.4 16.4 -0.0446603
4.4 16.8 -0.046914
4.4 17.2 -0.0299237
4.4 17.6 -0.00785345
4.4 18 0.00735075
4.4 18.4 0.0144069
4.4 18.8 0.0192886
4.4 19.2 0.0241911
4.4 19.6 0.0196738
4.4 20 0.00129881
4.4 20.4 0
4.4 20.8 0
4.4 21.2 0
4.4 21.6 0.00975399
4.4 22 0.103819
4.4 22.4 0.0666587
4.4 22.8 0.0446689
4.4 23.2 0.0233074
4.4 23.6 0.00124572
4.4 24 -0.0164178
4.4 24.4 -0.0227675
4.4 24.8 -0.0140333
4.4 25.2 0.00711972
4.4 25.6 0.0318788
4.4 26 0.0494023
4.4 26.4 0.00598433
4.4 26.8 0

4.8 0 0
4.8 0.4 -0.00058107
4.8 0.8 -0.00354799
4.8 1.2 0.00321969
4.8 1.6 0.00901851
4.8 2 0.00816203
4.8 2.4 0.000491842
4.8 2.8 -0.00758461
4.8 3.2 -0.00686256
4.8 3.6 0.00898298
4.8 4 0.0413886
4.8 4.4 0.00858576
4.8 4.8 0.00392923
4.8 5.2 -0.00161754
4.8 5.6 -0.04654
4.8 6 -0.0496157
4.8 6.4 -0.0133973
4.8 6.8 0.0384682
4.8 7.2 0.0748173
4.8 7.6 0.0768742
4.8 8 0.0467152
4.8 8.4 0.0018551
4.8 8.8 -0.0380306
4.8 9.2 -0.0624063
4.8 9.6 -0.0730188
4.8 10 -0.0784039
4.8 10.4 -0.0861708
4.8 10.8 -0.0985515
4.8 11.2 -0.113861
4.8 11.6 -0.129175
4.8 12 -0.129093
4.8 12.4 -0.0147921
4.8 12.8 -0.00377657
4.8 13.2 -0.0203716
4.8 13.6 -0.176834
4.8 14 -0.118349
4.8 14.4 -0.0211603
4.8 14.8 0.061042
4.8 15.2 0.0993537
4.8 15.6 0.0887794
4.8 16 0.0468505
4.8 16.4 -0.000396003
4.8 16.8 -0.0353241
4.8 17.2 -0.0559256
4.8 17.6 -0.0690106
4.8 18 -0.077661
4.8 18.4 -0.0752385
4.8 18.8 -0.0523022
4.8 19.2 -0.0104353
4.8 19.6 0.031753
4.8 20 0.0526015
4.8 20.4 0.00164123
4.8 20.8 -0.00671287
4.8 21.2 -0.00884618
4.8 21.6 -0.00623428
4.8 22 0.0338166
4.8 22.4 0.0457575
4.8 22.8 0.0414884
4.8 23.2 0.0163932
4.8 23.6 -0.0259142
4.8 24 -0.0684868
4.8 24.4 -0.0882569
4.8 24.8 -0.0696176
4.8 25.2 -0.0155242
4.8 25.6 0.0515551
4.8 26 0.100509
4.8 26.4 0.0123542
4.8 26.8 0

5.2 0 0
5.2 0.4 8.4259e-05
5.2 0.8 0.00286766
5.2 1.2 0.0089581
5.2 1.6 0.0150806
5.2 2 0.0180554
5.2 2.4 0.0179342
5.2 2.8 0.018232
5.2 3.2 0.0235832
5.2 3.6 0.0359516
5.2 4 0.0512756
5.2 4.4 0.0553287
5.2 4.8 0.0302289
5.2 5.2 -0.00642407
5.2 5.6 -0.0293503
5.2 6 -0.00667318
5.2 6.4 0.0478051
5.2 6.8 0.0996086
5.2 7.2 0.116646
5.2 7.6 0.0881925
5.2 8 0.0284425
5.2 8.4 -0.0350341
5.2 8.8 -0.0786842
5.2 9.2 -0.0944396
5.2 9.6 -0.0900542
5.2 10 -0.0797437
5.2 10.4 -0.0739395
5.2 10.8 -0.0742355
5.2 11.2 -0.0756363
5.2 11.6 -0.0712561
5.2 12 -0.0536866
5.2 12.4 -0.0199358
5.2 12.8 -0.0157792
5.2 13.2 -0.0357103
5.2 13.6 -0.0720116
5.2 14 -0.0399861
5.2 14.4 0.0319826
5.2 14.8 0.100939
5.2 15.2 0.134727
5.2 15.6 0.124738
5.2 16 0.084673
5.2 16.4 0.0359973
5.2 16.8 -0.00818637
5.2 17.2 -0.048398
5.2 17.6 -0.0895351
5.2 18 -0.127337
5.2 18.4 -0.144149
5.2 18.8 -0.120828
5.2 19.2 -0.0569539
5.2 19.6 0.0183273
5.2 20 0.0574319
5.2 20.4 0.0207852
5.2 20.8 -0.0575073
5.2 21.2 -0.10698
5.2 21.6 -0.0749545
5.2 22 -0.0291836
5.2 22.4 0.0120522
5.2 22.8 0.0318256
5.2 23.2 0.0153998
5.2 23.6 -0.034989
5.2 24 -0.0950429
5.2 24.4 -0.128954
5.2 24.8 -0.110252
5.2 25.2 -0.0396598
5.2 25.6 0.0520941
5.2 26 0.119935
5.2 26.4 0.0147807
5.2 26.8 0

5.6 0 0
5.6 0.4 -7.19562e-05
5.6 0.8 0.00250634
5.6 1.2 0.00926883
5.6 1.6 0.0170754
5.6 2 0.023834
5.6 2.4 0.0286393
5.6 2.8 0.0319125
5.6 3.2 0.0349669
5.6 3.6 0.0388306
5.6 4 0.0421136
5.6 4.4 0.0369807
5.6 4.8 0.00979611
5.6 5.2 -0.0228997
5.6 5.6 -0.031888
5.6 6 0.0096669
5.6 6.4 0.0755508
5.6 6.8 0.122774
5.6 7.2 0.121997
5.6 7.6 0.0731541
5.6 8 0.00191216
5.6 8.4 -0.0581942
5.6 8.8 -0.0852733
5.6 9.2 -0.078424
5.6 9.6 -0.0532359
5.6 10 -0.0286472
5.6 10.4 -0.0152435
5.6 10.8 -0.0116355
5.6 11.2 -0.00965286
5.6 11.6 -0.00258884
5.6 12 0.00999655
5.6 12.4 0.0226922
5.6 12.8 0.0221894
5.6 13.2 0.00932709
5.6 13.6 -0.00331428
5.6 14 0.00899899
5.6 14.4 0.0463757
5.6 14.8 0.0851728
5.6 15.2 0.102602
5.6 15.6 0.0937015
5.6 16 0.0705905
5.6 16.4 0.0480662
5.6 16.8 0.028666
5.6 17.2 0.00117597
5.6 17.6 -0.0459024
5.6 18 -0.106492
5.6 18.4 -0.152517
5.6 18.8 -0.149746
5.6 19.2 -0.0863255
5.6 19.6 0.00793687
5.6 20 0.0692391
5.6 20.4 0.0415095
5.6 20.8 -0.0399408
5.6 21.2 -0.1053
5.6 21.6 -0.105387
5.6 22 -0.0607096
5.6 22.4 -0.00068254
5.6 22.8 0.0415221
5.6 23.2 0.0394361
5.6 23.6 -0.0103945
5.6 24 -0.0819713
5.6 24.4 -0.132112
5.6 24.8 -0.125798
5.6 25.2 -0.0592219
5.6 25.6 0.0352284
5.6 26 0.106574
5.6 26.4 0.0131436
5.6 26.8 0

6 0 0
6 0.4 -0.000353319
6 0.8 0.000322389
6 1.2 0.00628354
6 1.6 0.013432
6 2 0.0204793
6 2.4 0.0255584
6 2.8 0.0265461
6 3.2 0.0228138
6 3.6 0.0172707
6 4 0.0167645
6 4.4 0.0239045
6 4.8 -0.000833493
6 5.2 -0.0380059
6 5.6 -0.0595117
6 6 -0.00829107
6 6.4 0.0616194
6 6.8 0.100029
6 7.2 0.08503
6 7.6 0.028797
6 8 -0.0345865
6 8.4 -0.0716791
6 8.8 -0.0683221
6 9.2 -0.0340371
6 9.6 0.00817785
6 10 0.0378969
6 10.4 0.0482836
6 10.8 0.0463355
6 11.2 0.0439114
6 11.6 0.0463818
6 12 0.0469028
6 12.4 0.0407834
6 12.8 0.0384728
6 13.2 0.0357417
6 13.6 0.0368338
6 14 0.0207875
6 14.4 0.018156
6 14.8 0.0206433
6 15.2 0.0165649
6 15.6 0.00848125
6 16 0.0104485
6 16.4 0.0319338
6 16.8 0.0634792
6 17.2 0.0780819
6 17.6 0.0503331
6 18 -0.0196812
6 18.4 -0.0976894
6 18.8 -0.132421
6 19.2 -0.0911628
6 19.6 0.00925988
6 20 0.0954002
6 20.4 0.055307
6 20.8 -0.0370963
6 21.2 -0.108425
6 21.6 -0.104548
6 22 -0.0533381
6 22.4 0.0184278
6 22.8 0.0758949
6 23.2 0.0867504
6 23.6 0.0415694
6 24 -0.0364287
6 24.4 -0.102278
6 24.8 -0.116062
6 25.2 -0.06854
6 25.6 0.0114904
6 26 0.0743589
6 26.4 0.00918782
6 26.8 0

6.4 0 0
6.4 0.4 -9.3657e-05
6.4 0.8 0.00152425
6.4 1.2 0.0035599
6.4 1.6 0.00577711
6.4 2 0.00855257
6.4 2.4 0.0100012
6.4 2.8 0.0061307
6.4 3.2 -0.00581914
6.4 3.6 -0.0222331
6.4 4 -0.0243875
6.4 4.4 -9.84665e-05
6.4 4.8 0.00111008
6.4 5.2 -0.0125892
6.4 5.6 -0.115091
6.4 6 -0.0428749
6.4 6.4 0.0282819
6.4 6.8 0.0528359
6.4 7.2 0.0249609
6.4 7.6 -0.0298469
6.4 8 -0.073491
6.4 8.4 -0.0788662
6.4 8.8 -0.0440582
6.4 9.2 0.0103976
6.4 9.6 0.0572243
6.4 10 0.0792754
6.4 10.4 0.0773132
6.4 10.8 0.0655521
6.4 11.2 0.0595359
6.4 11.6 0.0626708
6.4 12 0.0497938
6.4 12.4 0.002654
6.4 12.8 0.00105216
6.4 13.2 0.010099
6.4 13.6 0.0745401
6.4 14 0.0110283
6.4 14.4 -0.0253947
6.4 14.8 -0.0517174
6.4 15.2 -0.0757787
6.4 15.6 -0.0873035
6.4 16 -0.0668988
6.4 16.4 -0.00539869
6.4 16.8 0.0799514
6.4 17.2 0.147864
6.4 17.6 0.155748
6.4 18 0.090778
6.4 18.4 -0.0144021
6.4 18.8 -0.0950467
6.4 19.2 -0.0924498
6.4 19.6 0.00782481
6.4 20 0.158668
6.4 20.4 0.0189592
6.4 20.8 -0.00420595
6.4 21.2 -0.0126563
6.4 21.6 -0.0696589
6.4 22 -0.0106574
6.4 22.4 0.0584454
6.4 22.8 0.117024
6.4 23.2 0.13352
6.4 23.6 0.0938553
6.4 24 0.0156945
6.4 24.4 -0.0593281
6.4 24.8 -0.09078
6.4 25.2 -0.0653063
6.4 25.6 -0.00564846
6.4 26 0.0442409
6.4 26.4 0.00552111
6.4 26.8 0

6.8 0 0
6.8 0.4 0.000917292
6.8 0.8 0.00826008
6.8 1.2 0.00349134
6.8 1.6 -0.00290685
6.8 2 -0.00736296
6.8 2.4 -0.0102575
6.8 2.8 -0.0166907
6.8 3.2 -0.0332065
6.8 3.6 -0.0657685
6.8 4 -0.00924058
6.8 4.4 0
6.8 4.8 0
6.8 5.2 0
6.8 5.6 -0.0153471
6.8 6 -0.0487539
6.8 6.4 0.0173514
6.8 6.8 0.0178823
6.8 7.2 -0.0257433
6.8 7.6 -0.0767709
6.8 8 -0.0987027
6.8 8.4 -0.0760106
6.8 8.8 -0.0208279
6.8 9.2 0.0376666
6.8 9.6 0.0730817
6.8 10 0.0764485
6.8 10.4 0.0582838
6.8 10.8 0.0387923
6.8 11.2 0.0361353
6.8 11.6 0.0615953
6.8 12 0.00653568
6.8 12.4 0
6.8 12.8 0
6.8 13.2 0
6.8 13.6 0.00785573
6.8 14 -0.0193152
6.8 14.4 -0.0537054
6.8 14.8 -0.0859479
6.8 15.2 -0.122515
6.8 15.6 -0.145443
6.8 16 -0.127227
6.8 16.4 -0.0523804
6.8 16.8 0.0634687
6.8 17.2 0.17268
6.8 17.6 0.218503
6.8 18 0.170822
6.8 18.4 0.0509844
6.8 18.8 -0.0737193
6.8 19.2 -0.125488
6.8 19.6 -0.0537115
6.8 20 0.0131032
6.8 20.4 0
6.8 20.8 0
6.8 21.2 0
6.8 21.6 0.00178484
6.8 22 0.0569364
6.8 22.4 0.0938029
6.8 22.8 0.135488
6.8 23.2 0.14857
6.8 23.6 0.114706
6.8 24 0.0445813
6.8 24.4 -0.027238
6.8 24.8 -0.0641875
6.8 25.2 -0.0517391
6.8 25.6 -0.00706756
6.8 26 0.0328636
6.8 26.4 0.00421052
6.8 26.8 0

7.2 0 0
7.2 0.4 0.00233421
7.2 0.8 0.0185476
7.2 1.2 0.00586038
7.2 1.6 -0.0104578
7.2 2 -0.0221883
7.2 2.4 -0.026617
7.2 2.8 -0.0281882
7.2 3.2 -0.0331297
7.2 3.6 -0.00934488
7.2 4 0
7.2 4.4 0
7.2 4.8 0
7.2 5.2 0
7.2 5.6 0
7.2 6 0.000370812
7.2 6.4 0.0602162
7.2 6.8 0.0177973
7.2 7.2 -0.0446467
7.2 7.6 -0.0918816
7.2 8 -0.0958265
7.2 8.4 -0.0556085
7.2 8.8 0.00356577
7.2 9.2 0.0485584
7.2 9.6 0.0595862
7.2 10 0.0396829
7.2 10.4 0.00835855
7.2 10.8 -0.0139034
7.2 11.2 -0.0174409
7.2 11.6 0.00426905
7.2 12 0
7.2 12.4 0
7.2 12.8 0
7.2 13.2 0
7.2 13.6 0
7.2 14 -0.00574117
7.2 14.4 -0.0436727
7.2 14.8 -0.0573131
7.2 15.2 -0.097899
7.2 15.6 -0.140016
7.2 16 -0.149001
7.2 16.4 -0.0980234
7.2 16.8 0.00960381
7.2 17.2 0.132417
7.2 17.6 0.207655
7.2 18 0.188057
7.2 18.4 0.074939
7.2 18.8 -0.0766465
7.2 19.2 -0.191143
7.2 19.6 -0.0193201
7.2 20 0
7.2 20.4 0
7.2 20.8 0
7.2 21.2 0
7.2 21.6 0
7.2 22 0.0120342
7.2 22.4 0.0894583
7.2 22.8 0.108525
7.2 23.2 0.114698
7.2 23.6 0.088548
7.2 24 0.0349424
7.2 24.4 -0.0201114
7.2 24.8 -0.0470389
7.2 25.2 -0.0333194
7.2 25.6 0.00731805
7.2 26 0.0439944
7.2 26.4 0.0057108
7.2 26.8 0

7.6 0 0
7.6 0.4 0.00354589
7.6 0.8 0.0280575
7.6 1.2 0.00845939
7.6 1.6 -0.0164571
7.6 2 -0.0333113
7.6 2.4 -0.0359846
7.6 2.8 -0.0290411
7.6 3.2 -0.0228494
7.6 3.6 -0.00182101
7.6 4 0
7.6 4.4 0
7.6 4.8 0
7.6 5.2 0
7.6 5.6 0
7.6 6 0.00882824
7.6 6.4 0.0958221
7.6 6.8 0.03381
7.6 7.2 -0.0361156
7.6 7.6 -0.0749538
7.6 8 -0.0636471
7.6 8.4 -0.0156144
7.6 8.8 0.0342302
7.6 9.2 0.054108
7.6 9.6 0.0358043
7.6 10 -0.00365162
7.6 10.4 -0.0376404
7.6 10.8 -0.0504905
7.6 11.2 -0.0465894
7.6 11.6 -0.00308217
7.6 12 0
7.6 12.4 0
7.6 12.8 0
7.6 13.2 0
7.6 13.6 0
7.6 14 7.27191e-05
7.6 14.4 0.028987
7.6 14.8 0.0232795
7.6 15.2 -0.0173239
7.6 15.6 -0.0796155
7.6 16 -0.131057
7.6 16.4 -0.13357
7.6 16.8 -0.069913
7.6 17.2 0.0371861
7.6 17.6 0.130089
7.6 18 0.148722
7.6 18.4 0.0707109
7.6 18.8 -0.068517
7.6 19.2 -0.19426
7.6 19.6 -0.0179303
7.6 20 0
7.6 20.4 0
7.6 20.8 0
7.6 21.2 0
7.6 21.6 0
7.6 22 0.00273008
7.6 22.4 0.0333151
7.6 22.8 0.0414532
7.6 23.2 0.0442362
7.6 23.6 0.0282801
7.6 24 -0.00401892
7.6 24.4 -0.0344084
7.6 24.8 -0.0413511
7.6 25.2 -0.016234
7.6 25.6 0.0286715
7.6 26 0.0671226
7.6 26.4 0.00868762
7.6 26.8 0

8 0 0
8 0.4 0.00411924
8 0.8 0.0332745
8 1.2 0.00916746
8 1.6 -0.0212692
8 2 -0.0400209
8 2.4 -0.038016
8 2.8 -0.0202532
8 3.2 -0.00165935
8 3.6 0.00464128
8 4 0
8 4.4 0
8 4.8 0
8 5.2 0
8 5.6 0
8 6 0.0194425
8 6.4 0.111043
8 6.8 0.0443034
8 7.2 -0.0208407
8 7.6 -0.0444246
8 8 -0.0173708
8 8.4 0.034208
8 8.8 0.0693493
8 9.2 0.0618462
8 9.6 0.0177082
8 10 -0.0319499
8 10.4 -0.0555829
8 10.8 -0.0449745
8 11.2 -0.0215616
8 11.6 0.00572186
8 12 0
8 12.4 0
8 12.8 0
8 13.2 0
8 13.6 0
8 14 0.012893
8 14.4 0.0900594
8 14.8 0.0947801
8 15.2 0.0689801
8 15.6 0.00116676
8 16 -0.0874181
8 16.4 -0.15128
8 16.8 -0.14928
8 17.2 -0.0765932
8 17.6 0.0244354
8 18 0.0872244
8 18.4 0.0653478
8 18.8 -0.0319833
8 19.2 -0.139828
8 19.6 -0.0237333
8 20 0
8 20.4 0
8 20.8 0
8 21.2 0
8 21.6 0
8 22 -0.00726138
8 22.4 -0.0291837
8 22.8 -0.0263972
8 23.2 -0.0244502
8 23.6 -0.0309519
8 24 -0.0443941
8 24.4 -0.0526589
8 24.8 -0.0412093
8 25.2 -0.00524781
8 25.6 0.0438906
8 26 0.0838156
8 26.4 0.0108165
8 26.8 0

8.4 0 0
8.4 0.4 0.00406166
8.4 0.8 0.0336468
8.4 1.2 0.00762711
8.4 1.6 -0.0249022
8.4 2 -0.0427495
8.4 2.4 -0.0349036
8.4 2.8 -0.00621221
8.4 3.2 0.0292209
8.4 3.6 0.0642995
8.4 4 0.00839432
8.4 4.4 0
8.4 4.8 0
8.4 5.2 0
8.4 5.6 0.0116862
8.4 6 0.134812
8.4 6.4 0.0983926
8.4 6.8 0.0306068
8.4 7.2 -0.0224608
8.4 7.6 -0.025562
8.4 8 0.0194249
8.4 8.4 0.0754746
8.4 8.8 0.098265
8.4 9.2 0.0689092
8.4 9.6 0.00733685
8.4 10 -0.0433623
8.4 10.4 -0.0488214
8.4 10.8 -0.00687824
8.4 11.2 0.0568851
8.4 11.6 0.123147
8.4 12 0.0174831
8.4 12.4 0
8.4 12.8 0
8.4 13.2 0
8.4 13.6 -0.0166396
8.4 14 0.0222605
8.4 14.4 0.0510667
8.4 14.8 0.0965578
8.4 15.2 0.111847
8.4 15.6 0.0660294
8.4 16 -0.0351578
8.4 16.4 -0.14454
8.4 16.8 -0.199523
8.4 17.2 -0.164996
8.4 17.6 -0.0618395
8.4 18 0.0430491
8.4 18.4 0.0814704
8.4 18.8 0.032303
8.4 19.2 -0.0623306
8.4 19.6 -0.127784
8.4 20 -0.0188643
8.4 20.4 0
8.4 20.8 0
8.4 21.2 0
8.4 21.6 -0.00653126
8.4 22 -0.06876
8.4 22.4 -0.0583
8.4 22.8 -0.0552864
8.4 23.2 -0.0532031
8.4 23.6 -0.054387
8.4 24 -0.0579926
8.4 24.4 -0.0561118
8.4 24.8 -0.0386644
8.4 25.2 -0.00264705
8.4 25.6 0.0424962
8.4 26 0.0784385
8.4 26.4 0.0101318
8.4 26.8 0

8.8 0 0
8.8 0.4 0.0037351
8.8 0.8 0.0313476
8.8 1.2 0.00531017
8.8 1.6 -0.0266749
8.8 2 -0.0423457
8.8 2.4 -0.03078
8.8 2.8 0.00133044
8.8 3.2 0.0358289
8.8 3.6 0.0556201
8.8 4 0.0489209
8.8 4.4 -0.000148387
8.8 4.8 -0.00555121
8.8 5.2 -0.0015607
8.8 5.6 0.0534333
8.8 6 0.0841726
8.8 6.4 0.0485274
8.8 6.8 -0.0143003
8.8 7.2 -0.0524335
8.8 7.6 -0.0342698
8.8 8 0.0291608
8.8 8.4 0.0922596
8.8 8.8 0.108878
8.8 9.2 0.0666018
8.8 9.6 -0.00374096
8.8 10 -0.0512734
8.8 10.4 -0.0425932
8.8 10.8 0.0141794
8.8 11.2 0.0778981
8.8 11.6 0.10769
8.8 12 0.0913826
8.8 12.4 -0.0168565
8.8 12.8 -0.0398235
8.8 13.2 -0.0638008
8.8 13.6 -0.32353
8.8 14 -0.17863
8.8 14.4 -0.0744957
8.8 14.8 0.0255163
8.8 15.2 0.0969959
8.8 15.6 0.0976801
8.8 16 0.0145259
8.8 16.4 -0.111324
8.8 16.8 -0.203279
8.8 17.2 -0.199571
8.8 17.6 -0.0984837
8.8 18 0.0377372
8.8 18.4 0.124795
8.8 18.8 0.115154
8.8 19.2 0.0296986
8.8 19.6 -0.0620497
8.8 20 -0.101039
8.8 20.4 -0.00512761
8.8 20.8 0.00862297
8.8 21.2 0.00820659
8.8 21.6 0.00747822
8.8 22 -0.0173515
8.8 22.4 -0.0283174
8.8 22.8 -0.03095
8.8 23.2 -0.0295718
8.8 23.6 -0.0302835
8.8 24 -0.034878
8.8 24.4 -0.0378312
8.8 24.8 -0.0302862
8.8 25.2 -0.00818697
8.8 25.6 0.0224197
8.8 26 0.0476531
8.8 26.4 0.00622635
8.8 26.8 0

9.2 0 0
9.2 0.4 0.00353463
9.2 0.8 0.0292035
9.2 1.2 0.00415705
9.2 1.6 -0.0256723
9.2 2 -0.0388211
9.2 2.4 -0.0259414
9.2 2.8 0.00404297
9.2 3.2 0.0304201
9.2 3.6 0.0339903
9.2 4 0.0062342
9.2 4.4 -0.0496595
9.2 4.8 -0.0664355
9.2 5.2 -0.0365532
9.2 5.6 0.020992
9.2 6 0.033644
9.2 6.4 -0.00939055
9.2 6.8 -0.0712335
9.2 7.2 -0.0996218
9.2 7.6 -0.0662223
9.2 8 0.0114879
9.2 8.4 0.0821331
9.2 8.8 0.098199
9.2 9.2 0.0513102
9.2 9.6 -0.0213326
9.2 10 -0.0651391
9.2 10.4 -0.049616
9.2 10.8 0.00734318
9.2 11.2 0.0502976
9.2 11.6 0.0210333
9.2 12 -0.115362
9.2 12.4 -0.388956
9.2 12.8 -0.536086
9.2 13.2 -0.520937
9.2 13.6 -0.394875
9.2 14 -0.291114
9.2 14.4 -0.195281
9.2 14.8 -0.0758372
9.2 15.2 0.042329
9.2 15.6 0.0987258
9.2 16 0.0558678
9.2 16.4 -0.0591387
9.2 16.8 -0.165046
9.2 17.2 -0.181372
9.2 17.6 -0.0869479
9.2 18 0.0633508
9.2 18.4 0.176613
9.2 18.8 0.187745
9.2 19.2 0.104378
9.2 19.6 -0.00111101
9.2 20 -0.0443168
9.2 20.4 0.0209789
9.2 20.8 0.0919329
9.2 21.2 0.110877
9.2 21.6 0.0639187
9.2 22 0.0309778
9.2 22.4 0.0175636
9.2 22.8 0.0190476
9.2 23.2 0.024638
9.2 23.6 0.0232549
9.2 24 0.010807
9.2 24.4 -0.00706648
9.2 24.8 -0.0195268
9.2 25.2 -0.0191996
9.2 25.6 -0.00814928
9.2 26 0.00353733
9.2 26.4 0.000640851
9.2 26.8 0

9.6 0 0
9.6 0.4 0.00359749
9.6 0.8 0.0285817
9.6 1.2 0.00492423
9.6 1.6 -0.0220424
9.6 2 -0.0327035
9.6 2.4 -0.019721
9.6 2.8 0.00651532
9.6 3.2 0.0251301
9.6 3.6 0.0190447
9.6 4 -0.0137462
9.6 4.4 -0.0561568
9.6 4.8 -0.0664399
9.6 5.2 -0.0358495
9.6 5.6 0.00848725
9.6 6 0.00892074
9.6 6.4 -0.0431464
9.6 6.8 -0.109861
9.6 7.2 -0.138239
9.6 7.6 -0.100804
9.6 8 -0.0174662
9.6 8.4 0.0577521
9.6 8.8 0.0761597
9.6 9.2 0.0302449
9.6 9.6 -0.040936
9.6 10 -0.0819643
9.6 10.4 -0.0639505
9.6 10.8 -0.00862948
9.6 11.2 0.0246133
9.6 11.6 -0.0225728
9.6 12 -0.17094
9.6 12.4 -0.381704
9.6 12.8 -0.483978
9.6 13.2 -0.447757
9.6 13.6 -0.36916
9.6 14 -0.339139
9.6 14.4 -0.292696
9.6 14.8 -0.179564
9.6 15.2 -0.0284984
9.6 15.6 0.080041
9.6 16 0.0843137
9.6 16.4 -0.00514559
9.6 16.8 -0.109104
9.6 17.2 -0.137099
9.6 17.6 -0.0544207
9.6 18 0.0915721
9.6 18.4 0.205994
9.6 18.8 0.215471
9.6 19.2 0.121484
9.6 19.6 -0.0007713
9.6 20 -0.0561543
9.6 20.4 -0.00515768
9.6 20.8 0.0649779
9.6 21.2 0.0899568
9.6 21.6 0.0600543
9.6 22 0.0372318
9.6 22.4 0.0386016
9.6 22.8 0.0562163
9.6 23.2 0.0725786
9.6 23.6 0.0723476
9.6 24 0.051113
9.6 24.4 0.0173754
9.6 24.8 -0.0137936
9.6 25.2 -0.0311419
9.6 25.6 -0.0341858
9.6 26 -0.0317391
9.6 26.4 -0.00381361
9.6 26.8 0

10 0 0
10 0.4 0.00376226
10 0.8 0.0288624
10 1.2 0.0066651
10 1.6 -0.0176029
10 2 -0.026276
10 2.4 -0.0135959
10 2.8 0.00971617
10 3.2 0.0240831
10 3.6 0.0151095
10 4 -0.0168128
10 4.4 -0.0596658
10 4.8 -0.0681024
10 5.2 -0.0335991
10 5.6 0.0244633
10 6 0.0245773
10 6.4 -0.0330205
10 6.8 -0.108032
10 7.2 -0.145689
10 7.6 -0.11617
10 8 -0.0372701
10 8.4 0.0377488
10 8.8 0.059225
10 9.2 0.0174007
10 9.6 -0.0509483
10 10 -0.0914653
10 10.4 -0.0742397
10 10.8 -0.0176601
10 11.2 0.0241182
10 11.6 -0.00187218
10 12 -0.11909
10 12.4 -0.338248
10 12.8 -0.434202
10 13.2 -0.404064
10 13.6 -0.384951
10 14 -0.419284
10 14.4 -0.397745
10 14.8 -0.276588
10 15.2 -0.0946749
10 15.6 0.0548836
10 16 0.0966942
10 16.4 0.0312872
10 16.8 -0.0655977
10 17.2 -0.100415
10 17.6 -0.0323578
10 18 0.0967401
10 18.4 0.194201
10 18.8 0.186143
10 19.2 0.0728956
10 19.6 -0.0677244
10 20 -0.127122
10 20.4 -0.0343403
10 20.8 0.0486283
10 21.2 0.0674977
10 21.6 0.0104218
10 22 -0.00371285
10 22.4 0.0206051
10 22.8 0.0597542
10 23.2 0.088742
10 23.6 0.0903327
10 24 0.0627553
10 24.4 0.0196728
10 24.8 -0.0187883
10 25.2 -0.0389778
10 25.6 -0.0412673
10 26 -0.0374112
10 26.4 -0.00451685
10 26.8 0

10.4 0 0
10.4 0.4 0.00378658
10.4 0.8 0.0286788
10.4 1.2 0.00769578
10.4 1.6 -0.0149347
10.4 2 -0.0229433
10.4 2.4 -0.0112002
10.4 2.8 0.0103343
10.4 3.2 0.0241863
10.4 3.6 0.0188671
10.4 4 -0.0015794
10.4 4.4 -0.00514748
10.4 4.8 -0.0055006
10.4 5.2 0.00129459
10.4 5.6 0.0705116
10.4 6 0.0739955
10.4 6.4 0.0160922
10.4 6.8 -0.0663594
10.4 7.2 -0.118188
10.4 7.6 -0.104867
10.4 8 -0.0379778
10.4 8.4 0.0332776
10.4 8.8 0.0586066
10.4 9.2 0.02334
10.4 9.6 -0.0418694
10.4 10 -0.0857141
10.4 10.4 -0.0754738
10.4 10.8 -0.0207926
10.4 11.2 0.0368175
10.4 11.6 0.059592
10.4 12 0.0431418
10.4 12.4 -0.0183457
10.4 12.8 -0.0343328
10.4 13.2 -0.0923806
10.4 13.6 -0.60052
10.4 14 -0.613511
10.4 14.4 -0.514905
10.4 14.8 -0.341048
10.4 15.2 -0.128021
10.4 15.6 0.0403658
10.4 16 0.0950741
10.4 16.4 0.0389338
10.4 16.8 -0.0533146
10.4 17.2 -0.090918
10.4 17.6 -0.034634
10.4 18 0.0751368
10.4 18.4 0.150437
10.4 18.8 0.122368
10.4 19.2 -0.00787222
10.4 19.6 -0.169095
10.4 20 -0.252524
10.4 20.4 -0.0208237
10.4 20.8 0.00562336
10.4 21.2 -0.000935099
10.4 21.6 -0.0807247
10.4 22 -0.0715504
10.4 22.4 -0.0175737
10.4 22.8 0.0392795
10.4 23.2 0.0741766
10.4 23.6 0.0733623
10.4 24 0.0407413
10.4 24.4 -0.00345964
10.4 24.8 -0.0347347
10.4 25.2 -0.0396177
10.4 25.6 -0.0236032
10.4 26 -0.00590158
10.4 26.4 -0.000522672
10.4 26.8 0

10.8 0 0
10.8 0.4 0.00358962
10.8 0.8 0.0275517
10.8 1.2 0.00722789
10.8 1.6 -0.0154741
10.8 2 -0.0249066
10.8 2.4 -0.0155784
10.8 2.8 0.00405503
10.8 3.2 0.0184688
10.8 3.6 0.0171432
10.8 4 -0.000212147
10.8 4.4 0
10.8 4.8 0
10.8 5.2 0
10.8 5.6 0.0137879
10.8 6 0.124145
10.8 6.4 0.0756331
10.8 6.8 -0.00800152
10.8 7.2 -0.0729788
10.8 7.6 -0.0784037
10.8 8 -0.0264628
10.8 8.4 0.0405357
10.8 8.8 0.0723814
10.8 9.2 0.0474928
10.8 9.6 -0.0130314
10.8 10 -0.06369
10.8 10.4 -0.0695356
10.8 10.8 -0.0304977
10.8 11.2 0.0248821
10.8 11.6 0.0742447
10.8 12 0.0102112
10.8 12.4 0
10.8 12.8 0
10.8 13.2 0
10.8 13.6 -0.122259
10.8 14 -0.815169
10.8 14.4 -0.524594
10.8 14.8 -0.303221
10.8 15.2 -0.093671
10.8 15.6 0.0520927
10.8 16 0.0850265
10.8 16.4 0.0190887
10.8 16.8 -0.0713894
10.8 17.2 -0.104514
10.8 17.6 -0.0509203
10.8 18 0.0460745
10.8 18.4 0.104913
10.8 18.8 0.0680817
10.8 19.2 -0.058423
10.8 19.6 -0.228581
10.8 20 -0.0392121
10.8 20.4 0
10.8 20.8 0
10.8 21.2 0
10.8 21.6 -0.0171025
10.8 22 -0.118626
10.8 22.4 -0.0308646
10.8 22.8 0.0262755
10.8 23.2 0.0516326
10.8 23.6 0.039194
10.8 24 -0.000752782
10.8 24.4 -0.0418676
10.8 24.8 -0.0566152
10.8 25.2 -0.0341307
10.8 25.6 0.0119055
10.8 26 0.0517452
10.8 26.4 0.00676164
10.8 26.8 0

11.2 0 0
11.2 0.4 0.00331674
11.2 0.8 0.026353
11.2 1.2 0.00604047
11.2 1.6 -0.0183484
11.2 2 -0.0312444
11.2 2.4 -0.0261347
11.2 2.8 -0.00950836
11.2 3.2 0.00489712
11.2 3.6 0.000787965
11.2 4 0
11.2 4.4 0
11.2 4.8 0
11.2 5.2 0
11.2 5.6 0
11.2 6 0.0191372
11.2 6.4 0.113995
11.2 6.8 0.0380581
11.2 7.2 -0.0354781
11.2 7.6 -0.0578197
11.2 8 -0.0201033
11.2 8.4 0.0444027
11.2 8.8 0.0868891
11.2 9.2 0.0781561
11.2 9.6 0.0272609
11.2 10 -0.0291238
11.2 10.4 -0.0561464
11.2 10.8 -0.046524
11.2 11.2 -0.0241358
11.2 11.6 0.00234593
11.2 12 0
11.2 12.4 0
11.2 12.8 0
11.2 13.2 0
11.2 13.6 0
11.2 14 -0.079877
11.2 14.4 -0.223333
11.2 14.8 -0.120965
11.2 15.2 0.00803952
11.2 15.6 0.0836958
11.2 16 0.0667022
11.2 16.4 -0.0190326
11.2 16.8 -0.103088
11.2 17.2 -0.119779
11.2 17.6 -0.057015
11.2 18 0.0351023
11.2 18.4 0.083535
11.2 18.8 0.0510002
11.2 19.2 -0.0285052
11.2 19.6 -0.0236908
11.2 20 0
11.2 20.4 0
11.2 20.8 0
11.2 21.2 0
11.2 21.6 0
11.2 22 -0.00724187
11.2 22.4 0.0301921
11.2 22.8 0.0455463
11.2 23.2 0.0440675
11.2 23.6 0.0118453
11.2 24 -0.0393146
11.2 24.4 -0.0789932
11.2 24.8 -0.0777208
11.2 25.2 -0.027875
11.2 25.6 0.0483227
11.2 26 0.110409
11.2 26.4 0.0141648
11.2 26.8 0

11.6 0 0
11.6 0.4 0.00316873
11.6 0.8 0.0261984
11.6 1.2 0.00568018
11.6 1.6 -0.0208538
11.6 2 -0.0379584
11.6 2.4 -0.0380475
11.6 2.8 -0.0254766
11.6 3.2 -0.0115099
11.6 3.6 -0.000340671
11.6 4 0
11.6 4.4 0
11.6 4.8 0
11.6 5.2 0
11.6 5.6 0
11.6 6 0.011242
11.6 6.4 0.130602
11.6 6.8 0.0578216
11.6 7.2 -0.0212038
11.6 7.6 -0.0573302
11.6 8 -0.032498
11.6 8.4 0.0304093
11.6 8.8 0.0861967
11.6 9.2 0.0993608
11.6 9.6 0.0661813
11.6 10 0.0124384
11.6 10.4 -0.0288463
11.6 10.8 -0.0416141
11.6 11.2 -0.0345485
11.6 11.6 -0.00202251
11.6 12 0
11.6 12.4 0
11.6 12.8 0
11.6 13.2 0
11.6 13.6 0
11.6 14 0.00521615
11.6 14.4 0.0234106
11.6 14.8 0.0554297
11.6 15.2 0.0997641
11.6 15.6 0.0973786
11.6 16 0.0309907
11.6 16.4 -0.0646765
11.6 16.8 -0.127419
11.6 17.2 -0.113795
11.6 17.6 -0.033633
11.6 18 0.05429
11.6 18.4 0.0854025
11.6 18.8 0.0401182
11.6 19.2 -0.0361233
11.6 19.6 -0.00488031
11.6 20 0
11.6 20.4 0
11.6 20.8 0
11.6 21.2 0
11.6 21.6 0
11.6 22 0.00669451
11.6 22.4 0.0765193
11.6 22.8 0.07324
11.6 23.2 0.0537208
11.6 23.6 0.00539387
11.6 24 -0.0575573
11.6 24.4 -0.100985
11.6 24.8 -0.0930312
11.6 25.2 -0.0275743
11.6 25.6 0.0673724
11.6 26 0.143578
11.6 26.4 0.0183537
11.6 26.8 0

12 0 0
12 0.4 0.00317204
12 0.8 0.0269299
12 1.2 0.0069639
12 1.6 -0.0202588
12 2 -0.040144
12 2.4 -0.044766
12 2.8 -0.0369612
12 3.2 -0.0262334
12 3.6 -0.0049508
12 4 0
12 4.4 0
12 4.8 0
12 5.2 0
12 5.6 0
12 6 0.0114065
12 6.4 0.111767
12 6.8 0.0497525
12 7.2 -0.0275789
12 7.6 -0.0735227
12 8 -0.0620546
12 8.4 -0.00413699
12 8.8 0.062336
12 9.2 0.0990188
12 9.6 0.0909449
12 10 0.0517936
12 10.4 0.0101479
12 10.8 -0.0113282
12 11.2 -0.00767019
12 11.6 0.00922573
12 12 0
12 12.4 0
12 12.8 0
12 13.2 0
12 13.6 0
12 14 0.00435287
12 14.4 0.11315
12 14.8 0.121167
12 15.2 0.113229
12 15.6 0.0613093
12 16 -0.0259919
12 16.4 -0.105717
12 16.8 -0.128605
12 17.2 -0.0759495
12 17.6 0.0209425
12 18 0.0974423
12 18.4 0.0992564
12 18.8 0.0238452
12 19.2 -0.0717377
12 19.6 -0.0242139
12 20 0
12 20.4 0
12 20.8 0
12 21.2 0
12 21.6 0
12 22 0.00877083
12 22.4 0.0892493
12 22.8 0.0912933
12 23.2 0.0733515
12 23.6 0.0210755
12 24 -0.0499892
12 24.4 -0.102308
12 24.8 -0.100497
12 25.2 -0.0368211
12 25.6 0.0595139
12 26 0.137383
12 26.4 0.0175935
12 26.8 0

12.4 0 0
12.4 0.4 0.00311006
12.4 0.8 0.0267349
12.4 1.2 0.00916565
12.4 1.6 -0.0155026
12.4 2 -0.0346769
12.4 2.4 -0.0411643
12.4 2.8 -0.037123
12.4 3.2 -0.0319082
12.4 3.6 -0.0379085
12.4 4 -0.00480907
12.4 4.4 0
12.4 4.8 0
12.4 5.2 0
12.4 5.6 -0.00215354
12.4 6 0.04056
12.4 6.4 0.0686721
12.4 6.8 0.0327279
12.4 7.2 -0.0337477
12.4 7.6 -0.0860027
12.4 8 -0.0913013
12.4 8.4 -0.0472585
12.4 8.8 0.0198999
12.4 9.2 0.0742253
12.4 9.6 0.0929954
12.4 10 0.077753
12.4 10.4 0.0492859
12.4 10.8 0.0322357
12.4 11.2 0.0432817
12.4 11.6 0.093452
12.4 12 0.0176377
12.4 12.4 0
12.4 12.8 0
12.4 13.2 0
12.4 13.6 -0.0180721
12.4 14 -0.062418
12.4 14.4 0.0311398
12.4 14.8 0.0615637
12.4 15.2 0.0419082
12.4 15.6 -0.018043
12.4 16 -0.0889281
12.4 16.4 -0.127322
12.4 16.8 -0.100916
12.4 17.2 -0.0139153
12.4 17.6 0.0878704
12.4 18 0.141596
12.4 18.4 0.107562
12.4 18.8 -0.00238723
12.4 19.2 -0.132994
12.4 19.6 -0.234532
12.4 20 -0.0230747
12.4 20.4 0
12.4 20.8 0
12.4 21.2 0
12.4 21.6 -0.00646693
12.4 22 0.000420722
12.4 22.4 0.0521037
12.4 22.8 0.0901253
12.4 23.2 0.093517
12.4 23.6 0.0503713
12.4 24 -0.0229187
12.4 24.4 -0.086279
12.4 24.8 -0.100281
12.4 25.2 -0.0529879
12.4 25.6 0.0295143
12.4 26 0.0979734
12.4 26.4 0.0126556
12.4 26.8 0

12.8 0 0
12.8 0.4 0.00269687
12.8 0.8 0.0234561
12.8 1.2 0.0105923
12.8 1.6 -0.0077501
12.8 2 -0.0221231
12.8 2.4 -0.0268204
12.8 2.8 -0.022777
12.8 3.2 -0.0155715
12.8 3.6 -0.010085
12.8 4 -0.00280136
12.8 4.4 0.00371502
12.8 4.8 0.00437922
12.8 5.2 -0.00334619
12.8 5.6 -0.036897
12.8 6 0.017031
12.8 6.4 0.0498948
12.8 6.8 0.0362208
12.8 7.2 -0.0150766
12.8 7.6 -0.0714381
12.8 8 -0.0981907
12.8 8.4 -0.0798706
12.8 8.8 -0.0274871
12.8 9.2 0.031136
12.8 9.6 0.0702773
12.8 10 0.0808228
12.8 10.4 0.0726075
12.8 10.8 0.0649777
12.8 11.2 0.0737391
12.8 11.6 0.100975
12.8 12 0.122595
12.8 12.4 0.0187545
12.8 12.8 0.00753895
12.8 13.2 -0.00951144
12.8 13.6 -0.152641
12.8 14 -0.105986
12.8 14.4 -0.0547211
12.8 14.8 -0.0365404
12.8 15.2 -0.0552311
12.8 15.6 -0.0952766
12.8 16 -0.126003
12.8 16.4 -0.115065
12.8 16.8 -0.0494263
12.8 17.2 0.0504706
12.8 17.6 0.135992
12.8 18 0.157094
12.8 18.4 0.0945886
12.8 18.8 -0.0237605
12.8 19.2 -0.137222
12.8 19.6 -0.185417
12.8 20 -0.12243
12.8 20.4 -0.00232373
12.8 20.8 0.00257143
12.8 21.2 -0.0100399
12.8 21.6 -0.104474
12.8 22 -0.0511658
12.8 22.4 0.018691
12.8 22.8 0.0827376
12.8 23.2 0.109265
12.8 23.6 0.0805515
12.8 24 0.0100101
12.8 24.4 -0.0622207
12.8 24.8 -0.0938159
12.8 25.2 -0.0681579
12.8 25.6 -0.0060798
12.8 26 0.0478842
12.8 26.4 0.00634944
12.8 26.8 0

13.2 0 0
13.2 0.4 0.00184091
13.2 0.8 0.0165418
13.2 1.2 0.0101064
13.2 1.6 0.000580874
13.2 2 -0.00669443
13.2 2.4 -0.00823497
13.2 2.8 -0.00396364
13.2 3.2 0.00413858
13.2 3.6 0.0149944
13.2 4 0.0305774
13.2 4.4 0.0538637
13.2 4.8 0.0390117
13.2 5.2 -0.000771174
13.2 5.6 -0.0248802
13.2 6 0.00750904
13.2 6.4 0.0504975
13.2 6.8 0.0638236
13.2 7.2 0.0341171
13.2 7.6 -0.0218686
13.2 8 -0.0713968
13.2 8.4 -0.0877205
13.2 8.8 -0.0649915
13.2 9.2 -0.0185129
13.2 9.6 0.0281159
13.2 10 0.0582409
13.2 10.4 0.0704193
13.2 10.8 0.0754459
13.2 11.2 0.0861363
13.2 11.6 0.106472
13.2 12 0.126069
13.2 12.4 0.129884
13.2 12.8 0.0982382
13.2 13.2 0.0273893
13.2 13.6 -0.0702773
13.2 14 -0.0955603
13.2 14.4 -0.0957762
13.2 14.8 -0.0989802
13.2 15.2 -0.110869
13.2 15.6 -0.120764
13.2 16 -0.109933
13.2 16.4 -0.0644361
13.2 16.8 0.0115966
13.2 17.2 0.0915805
13.2 17.6 0.137093
13.2 18 0.120461
13.2 18.4 0.04505
13.2 18.8 -0.0515208
13.2 19.2 -0.116824
13.2 19.6 -0.113712
13.2 20 -0.0418882
13.2 20.4 0.0476347
13.2 20.8 0.0433728
13.2 21.2 -0.0193031
13.2 21.6 -0.0765079
13.2 22 -0.0611122
13.2 22.4 0.00167439
13.2 22.8 0.0743275
13.2 23.2 0.114767
13.2 23.6 0.0982621
13.2 24 0.0336356
13.2 24.4 -0.0411759
13.2 24.8 -0.0834321
13.2 25.2 -0.0736884
13.2 25.6 -0.0282189
13.2 26 0.0134266
13.2 26.4 0.00194562
13.2 26.8 0

13.6 0 0
13.6 0.4 0.000765555
13.6 0.8 0.00785703
13.6 1.2 0.00818409
13.6 1.6 0.00763417
13.6 2 0.00690189
13.6 2.4 0.00674803
13.6 2.8 0.00787513
13.6 3.2 0.0114799
13.6 3.6 0.0195122
13.6 4 0.0327761
13.6 4.4 0.0436678
13.6 4.8 0.022322
13.6 5.2 -0.0211901
13.6 5.6 -0.0479574
13.6 6 -0.014654
13.6 6.4 0.0495672
13.6 6.8 0.0967542
13.6 7.2 0.0958315
13.6 7.6 0.0480447
13.6 8 -0.0186419
13.6 8.4 -0.0695763
13.6 8.8 -0.0836081
13.6 9.2 -0.0619071
13.6 9.6 -0.0221011
13.6 10 0.0158185
13.6 10.4 0.0415061
13.6 10.8 0.0573332
13.6 11.2 0.0725179
13.6 11.6 0.0940108
13.6 12 0.120544
13.6 12.4 0.140983
13.6 12.8 0.126243
13.6 13.2 0.0760698
13.6 13.6 0.0108736
13.6 14 -0.0394
13.6 14.4 -0.0721177
13.6 14.8 -0.0895519
13.6 15.2 -0.0916001
13.6 15.6 -0.0754578
13.6 16 -0.0393704
13.6 16.4 0.011856
13.6 16.8 0.0632555
13.6 17.2 0.0928899
13.6 17.6 0.0825467
13.6 18 0.031367
13.6 18.4 -0.0380459
13.6 18.8 -0.0875732
13.6 19.2 -0.0849895
13.6 19.6 -0.026123
13.6 20 0.0557932
13.6 20.4 0.102768
13.6 20.8 0.0788433
13.6 21.2 0.00683799
13.6 21.6 -0.0548244
13.6 22 -0.0560459
13.6 22.4 -0.00515301
13.6 22.8 0.0627647
13.6 23.2 0.104853
13.6 23.6 0.0944314
13.6 24 0.0374318
13.6 24.4 -0.031518
13.6 24.8 -0.0721525
13.6 25.2 -0.0654964
13.6 25.6 -0.0259094
13.6 26 0.0104314
13.6 26.4 0.00141235
13.6 26.8 0

14 0 0
14 0.4 -0.000156054
14 0.8 0.000337342
14 1.2 0.00635361
14 1.6 0.0129591
14 2 0.0163004
14 2.4 0.014385
14 2.8 0.00832382
14 3.2 0.00229218
14 3.6 0.00228555
14 4 0.0142583
14 4.4 0.0382272
14 4.8 0.0173086
14 5.2 -0.0384921
14 5.6 -0.0947515
14 6 -0.057277
14 6.4 0.0299252
14 6.8 0.110173
14 7.2 0.140403
14 7.6 0.109238
14 8 0.0379006
14 8.4 -0.036193
14 8.8 -0.0816371
14 9.2 -0.0877412
14 9.6 -0.0646858
14 10 -0.0318955
14 10.4 -0.00448286
14 10.8 0.0138785
14 11.2 0.0290063
14 11.6 0.0500078
14 12 0.0862217
14 12.4 0.145566
14 12.8 0.157663
14 13.2 0.133268
14 13.6 0.10028
14 14 0.0445801
14 14.4 -0.00276623
14 14.8 -0.024222
14 15.2 -0.0161549
14 15.6 0.0149596
14 16 0.055056
14 16.4 0.0856032
14 16.8 0.0888969
14 17.2 0.055385
14 17.6 -0.00920984
14 18 -0.0815978
14 18.4 -0.127675
14 18.8 -0.117832
14 19.2 -0.0451273
14 19.6 0.0642841
14 20 0.154284
14 20.4 0.156775
14 20.8 0.105698
14 21.2 0.0207247
14 21.6 -0.044376
14 22 -0.0467118
14 22.4 -0.00700603
14 22.8 0.0469256
14 23.2 0.0796794
14 23.6 0.0687593
14 24 0.0200267
14 24.4 -0.0355665
14 24.8 -0.0628181
14 25.2 -0.0464984
14 25.6 -0.00186167
14 26 0.0364088
14 26.4 0.00446138
14 26.8 0

14.4 0 0
14.4 0.4 -0.000742091
14.4 0.8 -0.00460835
14.4 1.2 0.00538242
14.4 1.6 0.0167257
14.4 2 0.0217913
14.4 2.4 0.0163399
14.4 2.8 0.0017309
14.4 3.2 -0.0160026
14.4 3.6 -0.0288414
14.4 4 -0.0243518
14.4 4.4 0.00181334
14.4 4.8 0.00306197
14.4 5.2 -0.0144695
14.4 5.6 -0.166974
14.4 6 -0.111891
14.4 6.4 -0.00911493
14.4 6.8 0.0907624
14.4 7.2 0.144966
14.4 7.6 0.135091
14.4 8 0.0745155
14.4 8.4 -0.00269082
14.4 8.8 -0.0625392
14.4 9.2 -0.088108
14.4 9.6 -0.0834772
14.4 10 -0.0648948
14.4 10.4 -0.0477202
14.4 10.8 -0.0381413
14.4 11.2 -0.0336473
14.4 11.6 -0.0277981
14.4 12 -0.00446009
14.4 12.4 0.00754603
14.4 12.8 0.0123093
14.4 13.2 0.0253343
14.4 13.6 0.172744
14.4 14 0.11034
14.4 14.4 0.0585022
14.4 14.8 0.0417628
14.4 15.2 0.0593455
14.4 15.6 0.0956923
14.4 16 0.126125
14.4 16.4 0.126029
14.4 16.8 0.0814321
14.4 17.2 -0.00244759
14.4 17.6 -0.099887
14.4 18 -0.172298
14.4 18.4 -0.184354
14.4 18.8 -0.121237
14.4 19.2 0.000727009
14.4 19.6 0.138541
14.4 20 0.235805
14.4 20.4 0.0294676
14.4 20.8 0.0066029
14.4 21.2 -0.00369599
14.4 21.6 -0.0568179
14.4 22 -0.0327763
14.4 22.4 -0.0035778
14.4 22.8 0.029952
14.4 23.2 0.0461991
14.4 23.6 0.0304299
14.4 24 -0.00999705
14.4 24.4 -0.0483964
14.4 24.8 -0.0564214
14.4 25.2 -0.0245588
14.4 25.6 0.0298418
14.4 26 0.0730974
14.4 26.4 0.00886821
14.4 26.8 0

14.8 0 0
14.8 0.4 -0.00119694
14.8 0.8 -0.00859989
14.8 1.2 0.00387673
14.8 1.6 0.0181961
14.8 2 0.0242826
14.8 2.4 0.0166714
14.8 2.8 -0.00277701
14.8 3.2 -0.0274905
14.8 3.6 -0.0552389
14.8 4 -0.00689307
14.8 4.4 0
14.8 4.8 0
14.8 5.2 0
14.8 5.6 -0.0240352
14.8 6 -0.138792
14.8 6.4 -0.0455055
14.8 6.8 0.0459277
14.8 7.2 0.106835
14.8 7.6 0.116323
14.8 8 0.079038
14.8 8.4 0.0201505
14.8 8.8 -0.0318442
14.8 9.2 -0.0607847
14.8 9.6 -0.0680394
14.8 10 -0.065641
14.8 10.4 -0.0652826
14.8 10.8 -0.0713641
14.8 11.2 -0.0838123
14.8 11.6 -0.111285
14.8 12 -0.0133915
14.8 12.4 0
14.8 12.8 0
14.8 13.2 0
14.8 13.6 0.0207871
14.8 14 0.103025
14.8 14.4 0.0554368
14.8 14.8 0.0534409
14.8 15.2 0.0811771
14.8 15.6 0.118363
14.8 16 0.13806
14.8 16.4 0.116809
14.8 16.8 0.0474958
14.8 17.2 -0.0535927
14.8 17.6 -0.150157
14.8 18 -0.200586
14.8 18.4 -0.177834
14.8 18.8 -0.0850042
14.8 19.2 0.0436464
14.8 19.6 0.164775
14.8 20 0.0317701
14.8 20.4 0
14.8 20.8 0
14.8 21.2 0
14.8 21.6 -0.0012847
14.8 22 0.0100394
14.8 22.4 0.00835425
14.8 22.8 0.0162247
14.8 23.2 0.014538
14.8 23.6 -0.00609867
14.8 24 -0.0379728
14.8 24.4 -0.0597795
14.8 24.8 -0.050978
14.8 25.2 -0.0076251
14.8 25.6 0.0520506
14.8 26 0.0972089
14.8 26.4 0.0117956
14.8 26.8 0

15.2 0 0
15.2 0.4 -0.00194207
15.2 0.8 -0.0149273
15.2 1.2 -0.000873352
15.2 1.6 0.0155781
15.2 2 0.0234168
15.2 2.4 0.0171764
15.2 2.8 0.000479202
15.2 3.2 -0.0152152
15.2 3.6 -0.00557034
15.2 4 0
15.2 4.4 0
15.2 4.8 0
15.2 5.2 0
15.2 5.6 0
15.2 6 -0.0150372
15.2 6.4 -0.0521125
15.2 6.8 -0.00492412
15.2 7.2 0.0430945
15.2 7.6 0.0647786
15.2 8 0.0558492
15.2 8.4 0.0296736
15.2 8.8 0.00379372
15.2 9.2 -0.012238
15.2 9.6 -0.0206978
15.2 10 -0.0297997
15.2 10.4 -0.0448354
15.2 10.8 -0.0631544
15.2 11.2 -0.0766949
15.2 11.6 -0.0162124
15.2 12 0
15.2 12.4 0
15.2 12.8 0
15.2 13.2 0
15.2 13.6 0
15.2 14 0.00180233
15.2 14.4 -0.0283438
15.2 14.8 0.000445141
15.2 15.2 0.0369537
15.2 15.6 0.0728885
15.2 16 0.0883671
15.2 16.4 0.0660637
15.2 16.8 0.00452314
15.2 17.2 -0.076104
15.2 17.6 -0.140473
15.2 18 -0.15465
15.2 18.4 -0.105526
15.2 18.8 -0.0126649
15.2 19.2 0.0731364
15.2 19.6 0.0194812
15.2 20 0
15.2 20.4 0
15.2 20.8 0
15.2 21.2 0
15.2 21.6 0
15.2 22 0.00413794
15.2 22.4 0.0108415
15.2 22.8 0.00384918
15.2 23.2 -0.00781911
15.2 23.6 -0.0278841
15.2 24 -0.0496946
15.2 24.4 -0.0586518
15.2 24.8 -0.0419176
15.2 25.2 0.000777405
15.2 25.6 0.0537609
15.2 26 0.0927445
15.2 26.4 0.0112804
15.2 26.8 0

15.6 0 0
15.6 0.4 -0.00316654
15.6 0.8 -0.025047
15.6 1.2 -0.0100714
15.6 1.6 0.00788158
15.6 2 0.0180262
15.6 2.4 0.0151451
15.6 2.8 0.00290978
15.6 3.2 -0.00839975
15.6 3.6 -0.00062902
15.6 4 0
15.6 4.4 0
15.6 4.8 0
15.6 5.2 0
15.6 5.6 0
15.6 6 -0.00431527
15.6 6.4 -0.0690872
15.6 6.8 -0.0503553
15.6 7.2 -0.0194672
15.6 7.6 0.0065606
15.6 8 0.0215605
15.6 8.4 0.0294068
15.6 8.8 0.035879
15.6 9.2 0.0414532
15.6 9.6 0.040516
15.6 10 0.0273033
15.6 10.4 0.00278399
15.6 10.8 -0.0232349
15.6 11.2 -0.0366576
15.6 11.6 -0.00194127
15.6 12 0
15.6 12.4 0
15.6 12.8 0
15.6 13.2 0
15.6 13.6 0
15.6 14 -0.00878173
15.6 14.4 -0.0864676
15.6 14.8 -0.0623422
15.6 15.2 -0.0352233
15.6 15.6 -0.00737415
15.6 16 0.00890437
15.6 16.4 0.00207912
15.6 16.8 -0.0276007
15.6 17.2 -0.064036
15.6 17.6 -0.0816507
15.6 18 -0.0599711
15.6 18.4 0.00174149
15.6 18.8 0.0791113
15.6 19.2 0.132142
15.6 19.6 0.00947805
15.6 20 0
15.6 20.4 0
15.6 20.8 0
15.6 21.2 0
15.6 21.6 0
15.6 22 0.000668177
15.6 22.4 0.00202935
15.6 22.8 -0.0072018
15.6 23.2 -0.0174938
15.6 23.6 -0.0287956
15.6 24 -0.038003
15.6 24.4 -0.0385895
15.6 24.8 -0.0248145
15.6 25.2 0.00268684
15.6 25.6 0.034883
15.6 26 0.0582128
15.6 26.4 0.00710647
15.6 26.8 0

16 0 0
16 0.4 -0.00448227
16 0.8 -0.0358884
16 1.2 -0.0209737
16 1.6 -0.00264203
16 2 0.00951041
16 2.4 0.0107065
16 2.8 0.0036646
16 3.2 -0.00433594
16 3.6 -0.000340666
16 4 0
16 4.4 0
16 4.8 0
16 5.2 0
16 5.6 0
16 6 0.000245719
16 6.4 -0.0585088
16 6.8 -0.0614829
16 7.2 -0.0499764
16 7.6 -0.0297943
16 8 -0.0046445
16 8.4 0.0245315
16 8.8 0.0548981
16 9.2 0.0792236
16 9.6 0.0881251
16 10 0.0768386
16 10.4 0.0502493
16 10.8 0.0223812
16 11.2 0.00932305
16 11.6 0.0045991
16 12 0
16 12.4 0
16 12.8 0
16 13.2 0
16 13.6 0
16 14 0.00230449
16 14.4 -0.0792861
16 14.8 -0.0859916
16 15.2 -0.0847454
16 15.6 -0.0725346
16 16 -0.0560072
16 16.4 -0.0435
16 16.8 -0.0370832
16 17.2 -0.0296987
16 17.6 -0.00924191
16 18 0.0312873
16 18.4 0.085101
16 18.8 0.130791
16 19.2 0.145335
16 19.6 0.0054044
16 20 0
16 20.4 0
16 20.8 0
16 21.2 0
16 21.6 0
16 22 0.000477823
16 22.4 -0.00993622
16 22.8 -0.0161045
16 23.2 -0.01661
16 23.6 -0.0121355
16 24 -0.00622148
16 24.4 -0.00158767
16 24.8 0.00129985
16 25.2 0.00322038
16 25.6 0.00474635
16 26 0.00574005
16 26.4 0.000695939
16 26.8 0

16.4 0 0
16.4 0.4 -0.00505793
16.4 0.8 -0.0408919
16.4 1.2 -0.0276898
16.4 1.6 -0.0108873
16.4 2 0.00199436
16.4 2.4 0.00709466
16.4 2.8 0.00631516
16.4 3.2 0.00522122
16.4 3.6 0.00859216
16.4 4 0.00487659
16.4 4.4 0
16.4 4.8 0
16.4 5.2 0
16.4 5.6 0.00327863
16.4 6 0.0376049
16.4 6.4 -0.00537147
16.4 6.8 -0.0266255
16.4 7.2 -0.0340595
16.4 7.6 -0.0292237
16.4 8 -0.0116381
16.4 8.4 0.0179772
16.4 8.8 0.0536709
16.4 9.2 0.0844309
16.4 9.6 0.0986918
16.4 10 0.0917274
16.4 10.4 0.0695123
16.4 10.8 0.0462883
16.4 11.2 0.0360408
16.4 11.6 0.0436797
16.4 12 0.00573044
16.4 12.4 0
16.4 12.8 0
16.4 13.2 0
16.4 13.6 0.0169381
16.4 14 0.0961889
16.4 14.4 -0.00176692
16.4 14.8 -0.0562646
16.4 15.2 -0.0841219
16.4 15.6 -0.0892343
16.4 16 -0.0765125
16.4 16.4 -0.0531436
16.4 16.8 -0.025135
16.4 17.2 0.00513227
16.4 17.6 0.0381277
16.4 18 0.0721487
16.4 18.4 0.0989354
16.4 18.8 0.102882
16.4 19.2 0.0660265
16.4 19.6 -0.0317546
16.4 20 -0.0113484
16.4 20.4 0
16.4 20.8 0
16.4 21.2 0
16.4 21.6 -0.000686717
16.4 22 -0.00486538
16.4 22.4 -0.0225339
16.4 22.8 -0.0258056
16.4 23.2 -0.0126555
16.4 23.6 0.0109717
16.4 24 0.0330676
16.4 24.4 0.0418565
16.4 24.8 0.0318502
16.4 25.2 0.00639876
16.4 25.6 -0.0239221
16.4 26 -0.0460743
16.4 26.4 -0.00572705
16.4 26.8 0

16.8 0 0
16.8 0.4 -0.00420709
16.8 0.8 -0.0345984
16.8 1.2 -0.0252096
16.8 1.6 -0.0124081
16.8 2 -0.000926847
16.8 2.4 0.00670341
16.8 2.8 0.0114715
16.8 3.2 0.0167496
16.8 3.6 0.0266211
16.8 4 0.0480191
16.8 4.4 0.00533652
16.8 4.8 -0.00188295
16.8 5.2 -0.002948
16.8 5.6 0.0158825
16.8 6 0.0454581
16.8 6.4 0.0444328
16.8 6.8 0.0324798
16.8 7.2 0.0161637
16.8 7.6 0.0026057
16.8 8 -0.000622149
16.8 8.4 0.0105655
16.8 8.8 0.0325452
16.8 9.2 0.0550823
16.8 9.6 0.0668731
16.8 10 0.0631289
16.8 10.4 0.0487773
16.8 10.8 0.0352268
16.8 11.2 0.0318176
16.8 11.6 0.0379899
16.8 12 0.0400605
16.8 12.4 0.00324239
16.8 12.8 -0.000355375
16.8 13.2 0.00800803
16.8 13.6 0.103264
16.8 14 0.0871446
16.8 14.4 0.0361944
16.8 14.8 -0.0113681
16.8 15.2 -0.0446469
16.8 15.6 -0.0585481
16.8 16 -0.0524998
16.8 16.4 -0.0313905
16.8 16.8 -0.00355213
16.8 17.2 0.0224861
16.8 17.6 0.0410117
16.8 18 0.0487231
16.8 18.4 0.0432465
16.8 18.8 0.0214312
16.8 19.2 -0.0180676
16.8 19.6 -0.0684926
16.8 20 -0.0943941
16.8 20.4 -0.00762922
16.8 20.8 0.00015563
16.8 21.2 -0.00268716
16.8 21.6 -0.023116
16.8 22 -0.0334005
16.8 22.4 -0.0466932
16.8 22.8 -0.0417341
16.8 23.2 -0.0137309
16.8 23.6 0.0277273
16.8 24 0.0640273
16.8 24.4 0.0769283
16.8 24.8 0.0577907
16.8 25.2 0.0123443
16.8 25.6 -0.0413717
16.8 26 -0.0808059
16.8 26.4 -0.0101509
16.8 26.8 0

17.2 0 0
17.2 0.4 -0.00199488
17.2 0.8 -0.0173879
17.2 1.2 -0.0135754
17.2 1.6 -0.00701712
17.2 2 0.000800781
17.2 2.4 0.00891048
17.2 2.8 0.0169634
17.2 3.2 0.0242953
17.2 3.6 0.0286557
17.2 4 0.0246288
17.2 4.4 -0.00369422
17.2 4.8 -0.0295929
17.2 5.2 -0.0277424
17.2 5.6 0.0135119
17.2 6 0.059095
17.2 6.4 0.0865319
17.2 6.8 0.0905955
17.2 7.2 0.0734727
17.2 7.6 0.0448916
17.2 8 0.018018
17.2 8.4 0.00303749
17.2 8.8 0.00153707
17.2 9.2 0.00702927
17.2 9.6 0.010374
17.2 10 0.00712101
17.2 10.4 0.000374143
17.2 10.8 -0.0024061
17.2 11.2 0.00322267
17.2 11.6 0.0132384
17.2 12 0.0160919
17.2 12.4 0.00209733
17.2 12.8 -0.00893857
17.2 13.2 -0.00169151
17.2 13.6 0.040369
17.2 14 0.0550904
17.2 14.4 0.0467744
17.2 14.8 0.0274043
17.2 15.2 0.00648583
17.2 15.6 -0.00727517
17.2 16 -0.00848249
17.2 16.4 0.00124502
17.2 16.8 0.0136968
17.2 17.2 0.0182285
17.2 17.6 0.00824533
17.2 18 -0.0157849
17.2 18.4 -0.0467689
17.2 18.8 -0.0754718
17.2 19.2 -0.0933757
17.2 19.6 -0.0930936
17.2 20 -0.0651982
17.2 20.4 -0.00799889
17.2 20.8 0.0138332
17.2 21.2 -0.000648331
17.2 21.6 -0.029399
17.2 22 -0.0569352
17.2 22.4 -0.0709417
17.2 22.8 -0.0590686
17.2 23.2 -0.020699
17.2 23.6 0.0312195
17.2 24 0.0752133
17.2 24.4 0.0910553
17.2 24.8 0.0695209
17.2 25.2 0.0175292
17.2 25.6 -0.0442095
17.2 26 -0.0899821
17.2 26.4 -0.0114651
17.2 26.8 0

17.6 0 0
17.6 0.4 0.000664516
17.6 0.8 0.00366815
17.6 1.2 0.00127394
17.6 1.6 0.000449321
17.6 2 0.00319529
17.6 2.4 0.0104187
17.6 2.8 0.0207697
17.6 3.2 0.0301571
17.6 3.6 0.0322709
17.6 4 0.0199449
17.6 4.4 -0.0108616
17.6 4.8 -0.0375917
17.6 5.2 -0.0368532
17.6 5.6 -0.00070103
17.6 6 0.0543236
17.6 6.4 0.10032
17.6 6.8 0.119732
17.6 7.2 0.108123
17.6 7.6 0.0738371
17.6 8 0.0323395
17.6 8.4 -0.0019568
17.6 8.8 -0.0228076
17.6 9.2 -0.0327257
17.6 9.6 -0.0382464
17.6 10 -0.0430966
17.6 10.4 -0.0455884
17.6 10.8 -0.0414232
17.6 11.2 -0.0297678
17.6 11.6 -0.0165943
17.6 12 -0.0119089
17.6 12.4 -0.0219596
17.6 12.8 -0.0375573
17.6 13.2 -0.0424445
17.6 13.6 -0.0247437
17.6 14 0.0065744
17.6 14.4 0.0328858
17.6 14.8 0.0439299
17.6 15.2 0.040299
17.6 15.6 0.0305143
17.6 16 0.0237023
17.6 16.4 0.021877
17.6 16.8 0.0183197
17.6 17.2 0.00243815
17.6 17.6 -0.0310495
17.6 18 -0.076674
17.6 18.4 -0.118917
17.6 18.8 -0.14021
17.6 19.2 -0.129378
17.6 19.6 -0.0876708
17.6 20 -0.0296943
17.6 20.4 0.0170486
17.6 20.8 0.0286763
17.6 21.2 0.00186917
17.6 21.6 -0.043272
17.6 22 -0.0761496
17.6 22.4 -0.0857408
17.6 22.8 -0.0679089
17.6 23.2 -0.0270326
17.6 23.6 0.0232976
17.6 24 0.0642118
17.6 24.4 0.0791803
17.6 24.8 0.0613894
17.6 25.2 0.0174515
17.6 25.6 -0.0349203
17.6 26 -0.074183
17.6 26.4 -0.00961891
17.6 26.8 0

18 0 0
18 0.4 0.00255075
18 0.8 0.0190225
18 1.2 0.0111996
18 1.6 0.00329991
18 2 0.000759373
18 2.4 0.00661351
18 2.8 0.0192426
18 3.2 0.0326178
18 3.6 0.0387295
18 4 0.0293674
18 4.4 -0.00802354
18 4.8 -0.0434226
18 5.2 -0.0541582
18 5.6 -0.0319802
18 6 0.0234165
18 6.4 0.0761186
18 6.8 0.105322
18 7.2 0.10304
18 7.6 0.0747983
18 8 0.0350089
18 8.4 -0.00139396
18 8.8 -0.0265841
18 9.2 -0.0412242
18 9.6 -0.0503008
18 10 -0.0568237
18 10.4 -0.0594184
18 10.8 -0.055076
18 11.2 -0.0443316
18 11.6 -0.0332664
18 12 -0.0295151
18 12.4 -0.0406044
18 12.8 -0.0639399
18 13.2 -0.0846102
18 13.6 -0.0907249
18 14 -0.0459472
18 14.4 0.00476255
18 14.8 0.0357049
18 15.2 0.0421261
18 15.6 0.033835
18 16 0.0240409
18 16.4 0.0183494
18 16.8 0.0111597
18 17.2 -0.00871424
18 17.6 -0.0466509
18 18 -0.0948167
18 18.4 -0.133407
18 18.8 -0.14125
18 19.2 -0.107957
18 19.6 -0.0419161
18 20 0.0277737
18 20.4 0.0478293
18 20.8 0.0377264
18 21.2 -0.00640013
18 21.6 -0.0658439
18 22 -0.0868905
18 22.4 -0.0816273
18 22.8 -0.057799
18 23.2 -0.0232458
18 23.6 0.0119859
18 24 0.0373714
18 24.4 0.0454586
18 24.8 0.0346135
18 25.2 0.00988938
18 25.6 -0.0188558
18 26 -0.0405724
18 26.4 -0.00539753
18 26.8 0

18.4 0 0
18.4 0.4 0.0029627
18.4 0.8 0.0230547
18.4 1.2 0.0115033
18.4 1.6 -0.00210105
18.4 2 -0.00933288
18.4 2.4 -0.00516758
18.4 2.8 0.00895529
18.4 3.2 0.0264495
18.4 3.6 0.0411438
18.4 4 0.0534442
18.4 4.4 0.00442254
18.4 4.8 -0.00302475
18.4 5.2 -0.0119464
18.4 5.6 -0.0730304
18.4 6 -0.0188399
18.4 6.4 0.0266935
18.4 6.8 0.0562038
18.4 7.2 0.0629081
18.4 7.6 0.0493359
18.4 8 0.026246
18.4 8.4 0.00552401
18.4 8.8 -0.00705164
18.4 9.2 -0.0132605
18.4 9.6 -0.0183098
18.4 10 -0.0247974
18.4 10.4 -0.0305724
18.4 10.8 -0.031863
18.4 11.2 -0.0286995
18.4 11.6 -0.0263211
18.4 12 -0.0246028
18.4 12.4 -0.00389065
18.4 12.8 -0.0046461
18.4 13.2 -0.0189045
18.4 13.6 -0.148966
18.4 14 -0.077503
18.4 14.4 -0.0143156
18.4 14.8 0.0176213
18.4 15.2 0.0189823
18.4 15.6 0.00498297
18.4 16 -0.00613502
18.4 16.4 -0.00595266
18.4 16.8 -0.000648251
18.4 17.2 -0.00451335
18.4 17.6 -0.026347
18.4 18 -0.0601675
18.4 18.4 -0.0865156
18.4 18.8 -0.0845012
18.4 19.2 -0.0448433
18.4 19.6 0.0248514
18.4 20 0.10503
18.4 20.4 0.0148847
18.4 20.8 0.00221557
18.4 21.2 -0.00991283
18.4 21.6 -0.105725
18.4 22 -0.0831924
18.4 22.4 -0.0521376
18.4 22.8 -0.0239075
18.4 23.2 -0.00392376
18.4 23.6 0.00528615
18.4 24 0.00523249
18.4 24.4 0.000687547
18.4 24.8 -0.00319674
18.4 25.2 -0.00362246
18.4 25.6 -0.00131402
18.4 26 0.000730817
18.4 26.4 -3.81052e-05
18.4 26.8 0

18.8 0 0
18.8 0.4 0.00220198
18.8 0.8 0.0178975
18.8 1.2 0.00436568
18.8 1.6 -0.0131769
18.8 2 -0.0241667
18.8 2.4 -0.0222576
18.8 2.8 -0.0092003
18.8 3.2 0.00706865
18.8 3.6 0.0206585
18.8 4 0.00483369
18.8 4.4 0
18.8 4.8 0
18.8 5.2 0
18.8 5.6 -0.00992313
18.8 6 -0.0361395
18.8 6.4 -0.0196348
18.8 6.8 -0.00109781
18.8 7.2 0.0102268
18.8 7.6 0.0125613
18.8 8 0.0118506
18.8 8.4 0.0152337
18.8 8.8 0.0244063
18.8 9.2 0.0344278
18.8 9.6 0.0384937
18.8 10 0.0340327
18.8 10.4 0.0247817
18.8 10.8 0.0167654
18.8 11.2 0.011246
18.8 11.6 -0.00281206
18.8 12 -0.000837047
18.8 12.4 0
18.8 12.8 0
18.8 13.2 0
18.8 13.6 -0.0155222
18.8 14 -0.0499167
18.8 14.4 0.0024954
18.8 14.8 0.011418
18.8 15.2 -0.00820679
18.8 15.6 -0.0353928
18.8 16 -0.0479923
18.8 16.4 -0.0363261
18.8 16.8 -0.00917843
18.8 17.2 0.0137703
18.8 17.6 0.0176712
18.8 18 0.00390992
18.8 18.4 -0.0112243
18.8 18.8 -0.0096372
18.8 19.2 0.0150818
18.8 19.6 0.0572821
18.8 20 0.0158978
18.8 20.4 0
18.8 20.8 0
18.8 21.2 0
18.8 21.6 -0.0116647
18.8 22 -0.0474685
18.8 22.4 0.00354514
18.8 22.8 0.027253
18.8 23.2 0.0264526
18.8 23.6 0.0055881
18.8 24 -0.0227417
18.8 24.4 -0.0421274
18.8 24.8 -0.0408678
18.8 25.2 -0.0184409
18.8 25.6 0.0139806
18.8 26 0.0395045
18.8 26.4 0.00509143
18.8 26.8 0

19.2 0 0
19.2 0.4 0.00132128
19.2 0.8 0.0115509
19.2 1.2 -0.00282021
19.2 1.6 -0.0226076
19.2 2 -0.0360999
19.2 2.4 -0.0363903
19.2 2.8 -0.0261817
19.2 3.2 -0.0168733
19.2 3.6 -0.0010474
19.2 4 0
19.2 4.4 0
19.2 4.8 0
19.2 5.2 0
19.2 5.6 0
19.2 6 -0.00521996
19.2 6.4 -0.0455937
19.2 6.8 -0.0393341
19.2 7.2 -0.0275111
19.2 7.6 -0.0154315
19.2 8 -0.00032036
19.2 8.4 0.0217024
19.2 8.8 0.0488875
19.2 9.2 0.0731515
19.2 9.6 0.0856741
19.2 10 0.0837413
19.2 10.4 0.0728928
19.2 10.8 0.0628925
19.2 11.2 0.0619447
19.2 11.6 0.00618076
19.2 12 0
19.2 12.4 0
19.2 12.8 0
19.2 13.2 0
19.2 13.6 0
19.2 14 0.00356029
19.2 14.4 0.0584103
19.2 14.8 0.0238241
19.2 15.2 -0.0222211
19.2 15.6 -0.0639551
19.2 16 -0.0785864
19.2 16.4 -0.0566359
19.2 16.8 -0.0103455
19.2 17.2 0.0347586
19.2 17.6 0.0579505
19.2 18 0.0567124
19.2 18.4 0.0451327
19.2 18.8 0.0386177
19.2 19.2 0.0367612
19.2 19.6 0.00647545
19.2 20 0
19.2 20.4 0
19.2 20.8 0
19.2 21.2 0
19.2 21.6 0
19.2 22 0.00144314
19.2 22.4 0.0706181
19.2 22.8 0.0736702
19.2 23.2 0.0527329
19.2 23.6 0.00849924
19.2 24 -0.0410905
19.2 24.4 -0.0719372
19.2 24.8 -0.0676553
19.2 25.2 -0.029256
19.2 25.6 0.0246026
19.2 26 0.0669699
19.2 26.4 0.00874212
19.2 26.8 0

19.6 0 0
19.6 0.4 0
19.6 0.8 0.00132128
19.6 1.2 -0.000359729
19.6 1.6 -0.00270401
19.6 2 -0.00434129
19.6 2.4 -0.00444588
19.6 2.8 -0.00331324
19.6 3.2 -0.002271
19.6 3.6 0
19.6 4 0
19.6 4.4 0
19.6 4.8 0
19.6 5.2 0
19.6 5.6 0
19.6 6 0
19.6 6.4 -0.00533339
19.6 6.8 -0.00472389
19.6 7.2 -0.00349542
19.6 7.6 -0.00221941
19.6 8 -0.000447753
19.6 8.4 0.00234641
19.6 8.8 0.00590455
19.6 9.2 0.00913018
19.6 9.6 0.0108468
19.6 10 0.0106966
19.6 10.4 0.00939469
19.6 10.8 0.00819076
19.6 11.2 0.0081015
19.6 11.6 0
19.6 12 0
19.6 12.4 0
19.6 12.8 0
19.6 13.2 0
19.6 13.6 0
19.6 14 0
19.6 14.4 0.00817653
19.6 14.8 0.00366
19.6 15.2 -0.00237428
19.6 15.6 -0.00778487
19.6 16 -0.009591
19.6 16.4 -0.0066145
19.6 16.8 -0.000540272
19.6 17.2 0.00524076
19.6 17.6 0.00800971
19.6 18 0.0074878
19.6 18.4 0.00559763
19.6 18.8 0.00444919
19.6 19.2 0.00405946
19.6 19.6 0
19.6 20 0
19.6 20.4 0
19.6 20.8 0
19.6 21.2 0
19.6 21.6 0
19.6 22 0
19.6 22.4 0.00866369
19.6 22.8 0.00912637
19.6 23.2 0.00652154
19.6 23.6 0.000916984
19.6 24 -0.00539336
19.6 24.4 -0.00930699
19.6 24.8 -0.00870315
19.6 25.2 -0.0037088
19.6 25.6 0.00326771
19.6 26 0.00874212
19.6 26.4 0
19.6 26.8 0

20 0 0
20 0.4 0
20 0.8 0
20 1.2 0
20 1.6 0
20 2 0
20 2.4 0
20 2.8 0
20 3.2 0
20 3.6 0
20 4 0
20 4.4 0
20 4.8 0
20 5.2 0
20 5.6 0
20 6 0
20 6.4 0
20 6.8 0
20 7.2 0
20 7.6 0
20 8 0
20 8.4 0
20 8.8 0
20 9.2 0
20 9.6 0
20 10 0
20 10.4 0
20 10.8 0
20 11.2 0
20 11.6 0
20 12 0
20 12.4 0
20 12.8 0
20 13.2 0
20 13.6 0
20 14 0
20 14.4 0
20 14.8 0
20 15.2 0
20 15.6 0
20 16 0
20 16.4 0
20 16.8 0
20 17.2 0
20 17.6 0
20 18 0
20 18.4 0
20 18.8 0
20 19.2 0
20 19.6 0
20 20 0
20 20.4 0
20 20.8 0
20 21.2 0
20 21.6 0
20 22 0
20 22.4 0
20 22.8 0
20 23.2 0
20 23.6 0
20 24 0
20 24.4 0
20 24.8 0
20 25.2 0
20 25.6 0
20 26 0
20 26.4 0
20 26.8 0

