0 0 0
0 0.4 0
0 0.8 0
0 1.2 0
0 1.6 0
0 2 0
0 2.4 0
0 2.8 0
0 3.2 0
0 3.6 0
0 4 0
0 4.4 0
0 4.8 0
0 5.2 0
0 5.6 0
0 6 0
0 6.4 0
0 6.8 0
0 7.2 0
0 7.6 0
0 8 0
0 8.4 0
0 8.8 0
0 9.2 0
0 9.6 0
0 10 0
0 10.4 0
0 10.8 0
0 11.2 0
0 11.6 0
0 12 0
0 12.4 0
0 12.8 0
0 13.2 0
0 13.6 0
0 14 0
0 14.4 0
0 14.8 0
0 15.2 0
0 15.6 0
0 16 0
0 16.4 0
0 16.8 0
0 17.2 0
0 17.6 0
0 18 0
0 18.4 0
0 18.8 0
0 19.2 0
0 19.6 0
0 20 0
0 20.4 0
0 20.8 0
0 21.2 0
0 21.6 0
0 22 0
0 22.4 0
0 22.8 0
0 23.2 0
0 23.6 0
0 24 0
0 24.4 0
0 24.8 0
0 25.2 0
0 25.6 0
0 26 0
0 26.4 0
0 26.8 0

0.4 0 0
0.4 0.4 0
0.4 0.8 0.00313733
0.4 1.2 0.00852148
0.4 1.6 0.0155018
0.4 2 0.0192457
0.4 2.4 0.0164088
0.4 2.8 0.00673798
0.4 3.2 -0.00696055
0.4 3.6 -0.0201388
0.4 4 -0.0281735
0.4 4.4 -0.0278014
0.4 4.8 -0.0186564
0.4 5.2 -0.00516346
0.4 5.6 0.00522165
0.4 6 0.00624295
0.4 6.4 -0.00318149
0.4 6.8 -0.0185047
0.4 7.2 -0.0326137
0.4 7.6 -0.0402362
0.4 8 -0.0407307
0.4 8.4 -0.037459
0.4 8.8 -0.0344142
0.4 9.2 -0.0329005
0.4 9.6 -0.0310086
0.4 10 -0.0263167
0.4 10.4 -0.0193976
0.4 10.8 -0.0147078
0.4 11.2 -0.0173499
0.4 11.6 -0.0277631
0.4 12 -0.0387488
0.4 12.4 -0.0383571
0.4 12.8 -0.0182633
0.4 13.2 0.0175047
0.4 13.6 0.0522208
0.4 14 0.066161
0.4 14.4 0.0497028
0.4 14.8 0.0096872
0.4 15.2 -0.0339632
0.4 15.6 -0.0594839
0.4 16 -0.0559169
0.4 16.4 -0.0295026
0.4 16.8 0.000274583
0.4 17.2 0.0128001
0.4 17.6 -0.000822162
0.4 18 -0.0321221
0.4 18.4 -0.0603713
0.4 18.8 -0.0652004
0.4 19.2 -0.0388971
0.4 19.6 0.00906008
0.4 20 0.0574933
0.4 20.4 0.0851165
0.4 20.8 0.0813763
0.4 21.2 0.0519746
0.4 21.6 0.0141774
0.4 22 -0.0137299
0.4 22.4 -0.0212539
0.4 22.8 -0.0096674
0.4 23.2 0.01022
0.4 23.6 0.0252442
0.4 24 0.0275581
0.4 24.4 0.0180248
0.4 24.8 0.00366709
0.4 25.2 -0.00824543
0.4 25.6 -0.0148263
0.4 26 -0.0177618
0.4 26.4 0
0.4 26.8 0

0.8 0 0
0.8 0.4 0.00313733
0.8 0.8 0.025051
0.8 1.2 0.0633242
0.8 1.6 0.112866
0.8 2 0.138957
0.8 2.4 0.117696
0.8 2.8 0.0474952
0.8 3.2 -0.0512772
0.8 3.6 -0.145873
0.8 4 -0.203152
0.8 4.4 -0.19981
0.8 4.8 -0.133375
0.8 5.2 -0.0359513
0.8 5.6 0.0385614
0.8 6 0.0450842
0.8 6.4 -0.0238615
0.8 6.8 -0.135025
0.8 7.2 -0.236836
0.8 7.6 -0.291375
0.8 8 -0.294452
0.8 8.4 -0.270736
0.8 8.8 -0.24912
0.8 9.2 -0.238697
0.8 9.6 -0.225223
0.8 10 -0.191004
0.8 10.4 -0.140399
0.8 10.8 -0.106078
0.8 11.2 -0.125262
0.8 11.6 -0.201032
0.8 12 -0.280886
0.8 12.4 -0.277962
0.8 12.8 -0.132003
0.8 13.2 0.127459
0.8 13.6 0.378912
0.8 14 0.47942
0.8 14.4 0.359597
0.8 14.8 0.0693876
0.8 15.2 -0.246727
0.8 15.6 -0.431285
0.8 16 -0.405273
0.8 16.4 -0.214155
0.8 16.8 0.00103045
0.8 17.2 0.0912895
0.8 17.6 -0.00743977
0.8 18 -0.233727
0.8 18.4 -0.437669
0.8 18.8 -0.472146
0.8 19.2 -0.281573
0.8 19.6 0.0654094
0.8 20 0.415722
0.8 20.4 0.615538
0.8 20.8 0.588581
0.8 21.2 0.375989
0.8 21.6 0.102488
0.8 22 -0.0997423
0.8 22.4 -0.15467
0.8 22.8 -0.0712299
0.8 23.2 0.0726385
0.8 23.6 0.181759
0.8 24 0.199185
0.8 24.4 0.130822
0.8 24.8 0.0271998
0.8 25.2 -0.0591656
0.8 25.6 -0.107205
0.8 26 -0.128802
0.8 26.4 -0.0177618
0.8 26.8 0

1.2 0 0
1.2 0.4 0.000425033
1.2 0.8 0.00448513
1.2 1.2 0.0373332
1.2 1.6 0.0809323
1.2 2 0.108359
1.2 2.4 0.100436
1.2 2.8 0.0538053
1.2 3.2 -0.0198952
1.2 3.6 -0.100579
1.2 4 -0.165356
1.2 4.4 -0.189393
1.2 4.8 -0.14996
1.2 5.2 -0.0633581
1.2 5.6 0.0238955
1.2 6 0.0627112
1.2 6.4 0.0372909
1.2 6.8 -0.0306945
1.2 7.2 -0.100076
1.2 7.6 -0.136745
1.2 8 -0.132461
1.2 8.4 -0.10397
1.2 8.8 -0.0749281
1.2 9.2 -0.0561131
1.2 9.6 -0.0406998
1.2 10 -0.0182687
1.2 10.4 0.00587374
1.2 10.8 0.00603887
1.2 11.2 -0.0448657
1.2 11.6 -0.144449
1.2 12 -0.243622
1.2 12.4 -0.262712
1.2 12.8 -0.141976
1.2 13.2 0.0908993
1.2 13.6 0.321336
1.2 14 0.418815
1.2 14.4 0.329274
1.2 14.8 0.0994741
1.2 15.2 -0.148549
1.2 15.6 -0.284535
1.2 16 -0.24361
1.2 16.4 -0.0633557
1.2 16.8 0.139296
1.2 17.2 0.238353
1.2 17.6 0.174193
1.2 18 -0.012151
1.2 18.4 -0.206006
1.2 18.8 -0.289641
1.2 19.2 -0.21155
1.2 19.6 -0.0124381
1.2 20 0.204492
1.2 20.4 0.332787
1.2 20.8 0.309774
1.2 21.2 0.164862
1.2 21.6 -0.0104964
1.2 22 -0.127991
1.2 22.4 -0.139405
1.2 22.8 -0.0549112
1.2 23.2 0.0656167
1.2 23.6 0.150977
1.2 24 0.162
1.2 24.4 0.110031
1.2 24.8 0.0399476
1.2 25.2 -0.00659277
1.2 25.6 -0.0184884
1.2 26 -0.0138973
1.2 26.4 -0.00186649
1.2 26.8 0

1.6 0 0
1.6 0.4 -0.00340901
1.6 0.8 -0.0244606
1.6 1.2 0.00263107
1.6 1.6 0.0406341
1.6 2 0.072619
1.6 2.4 0.0855693
1.6 2.8 0.0739029
1.6 3.2 0.0374771
1.6 3.6 -0.0223498
1.6 4 -0.10153
1.6 4.4 -0.177809
1.6 4.8 -0.178864
1.6 5.2 -0.101378
1.6 5.6 0.0128789
1.6 6 0.0957154
1.6 6.4 0.121254
1.6 6.8 0.0990256
1.6 7.2 0.0595578
1.6 7.6 0.0353795
1.6 8 0.0432159
1.6 8.4 0.0781159
1.6 8.8 0.122406
1.6 9.2 0.16049
1.6 9.6 0.18657
1.6 10 0.199558
1.6 10.4 0.192328
1.6 10.8 0.148851
1.6 11.2 0.056189
1.6 11.6 -0.0759905
1.6 12 -0.204722
1.6 12.4 -0.259811
1.6 12.8 -0.168287
1.6 13.2 0.0413671
1.6 13.6 0.25181
1.6 14 0.336463
1.6 14.4 0.274419
1.6 14.8 0.113173
1.6 15.2 -0.0541445
1.6 15.6 -0.133308
1.6 16 -0.078014
1.6 16.4 0.0851256
1.6 16.8 0.271598
1.6 17.2 0.386166
1.6 17.6 0.374656
1.6 18 0.250153
1.6 18.4 0.0792288
1.6 18.8 -0.0608882
1.6 19.2 -0.12588
1.6 19.6 -0.120396
1.6 20 -0.0785794
1.6 20.4 -0.0332275
1.6 20.8 -0.0468469
1.6 21.2 -0.10242
1.6 21.6 -0.144802
1.6 22 -0.149701
1.6 22.4 -0.10725
1.6 22.8 -0.0259683
1.6 23.2 0.059175
1.6 23.6 0.107893
1.6 24 0.104051
1.6 24.4 0.0672157
1.6 24.8 0.036505
1.6 25.2 0.0402363
1.6 25.6 0.0756038
1.6 26 0.11416
1.6 26.4 0.0158623
1.6 26.8 0

2 0 0
2 0.4 -0.0067698
2 0.8 -0.0497266
2 1.2 -0.0281549
2 1.6 0.00455318
2 2 0.0413621
2 2.4 0.0761746
2 2.8 0.103229
2 3.2 0.113442
2 3.6 0.0898856
2 4 0.00566197
2 4.4 -0.158103
2 4.8 -0.200214
2 5.2 -0.124675
2 5.6 0.0315339
2 6 0.138618
2 6.4 0.183484
2 6.8 0.174988
2 7.2 0.136522
2 7.6 0.101886
2 8 0.0990088
2 8.4 0.135998
2 8.8 0.20006
2 9.2 0.26777
2 9.6 0.317371
2 10 0.334216
2 10.4 0.309422
2 10.8 0.238251
2 11.2 0.123705
2 11.6 -0.0185081
2 12 -0.162379
2 12.4 -0.266239
2 12.8 -0.19793
2 13.2 0.00020151
2 13.6 0.192212
2 14 0.222924
2 14.4 0.161855
2 14.8 0.0567566
2 15.2 -0.0378564
2 15.6 -0.0725799
2 16 -0.0235641
2 16.4 0.0962162
2 16.8 0.242734
2 17.2 0.361075
2 17.6 0.409144
2 18 0.372926
2 18.4 0.266222
2 18.8 0.117556
2 19.2 -0.0455644
2 19.6 -0.202083
2 20 -0.3206
2 20.4 -0.309372
2 20.8 -0.30734
2 21.2 -0.289399
2 21.6 -0.205943
2 22 -0.114245
2 22.4 -0.0426713
2 22.8 0.0149559
2 23.2 0.0510787
2 23.6 0.0534533
2 24 0.0256136
2 24.4 -0.00672611
2 24.8 -0.0104626
2 25.2 0.0302072
2 25.6 0.09988
2 26 0.160973
2 26.4 0.02237
2 26.8 0

2.4 0 0
2.4 0.4 -0.00938755
2.4 0.8 -0.0690577
2.4 1.2 -0.0509195
2.4 1.6 -0.0218797
2.4 2 0.0178569
2.4 2.4 0.0680416
2.4 2.8 0.126096
2.4 3.2 0.183668
2.4 3.6 0.221706
2.4 4 0.187567
2.4 4.4 0.00444908
2.4 4.8 -0.0265401
2.4 5.2 0.00059724
2.4 5.6 0.123331
2.4 6 0.19163
2.4 6.4 0.193192
2.4 6.8 0.150436
2.4 7.2 0.0764026
2.4 7.6 0.00587028
2.4 8 -0.0222409
2.4 8.4 0.0114437
2.4 8.8 0.0962206
2.4 9.2 0.198744
2.4 9.6 0.280915
2.4 10 0.315821
2.4 10.4 0.294469
2.4 10.8 0.224482
2.4 11.2 0.125823
2.4 11.6 0.0223752
2.4 12 -0.091572
2.4 12.4 -0.0479687
2.4 12.8 -0.0270773
2.4 13.2 0.027603
2.4 13.6 0.206834
2.4 14 0.0830884
2.4 14.4 -0.00652428
2.4 14.8 -0.0677779
2.4 15.2 -0.101671
2.4 15.6 -0.110118
2.4 16 -0.0941141
2.4 16.4 -0.0516046
2.4 16.8 0.019383
2.4 17.2 0.113065
2.4 17.6 0.209583
2.4 18 0.276507
2.4 18.4 0.27965
2.4 18.8 0.197673
2.4 19.2 0.0308405
2.4 19.6 -0.202545
2.4 20 -0.475279
2.4 20.4 -0.107223
2.4 20.8 -0.0421553
2.4 21.2 -0.0608898
2.4 21.6 -0.149817
2.4 22 -0.00555231
2.4 22.4 0.0450166
2.4 22.8 0.0569548
2.4 23.2 0.0415462
2.4 23.6 0.000652778
2.4 24 -0.0531905
2.4 24.4 -0.0929618
2.4 24.8 -0.091177
2.4 25.2 -0.0403701
2.4 25.6 0.0370202
2.4 26 0.0994733
2.4 26.4 0.0138997
2.4 26.8 0

2.8 0 0
2.8 0.4 -0.0122577
2.8 0.8 -0.0897105
2.8 1.2 -0.070203
2.8 1.6 -0.0403839
2.8 2 0.000413617
2.8 2.4 0.0535895
2.8 2.8 0.120298
2.8 3.2 0.20238
2.8 3.6 0.316453
2.8 4 0.0678958
2.8 4.4 0
2.8 4.8 0
2.8 5.2 0
2.8 5.6 0.048819
2.8 6 0.23974
2.8 6.4 0.132312
2.8 6.8 0.032695
2.8 7.2 -0.0902735
2.8 7.6 -0.20325
2.8 8 -0.258058
2.8 8.4 -0.228085
2.8 8.8 -0.125386
2.8 9.2 0.00643626
2.8 9.6 0.116522
2.8 10 0.17093
2.8 10.4 0.164115
2.8 10.8 0.115466
2.8 11.2 0.06101
2.8 11.6 0.0542568
2.8 12 -0.00441993
2.8 12.4 0
2.8 12.8 0
2.8 13.2 0
2.8 13.6 0.0120763
2.8 14 -0.118947
2.8 14.4 -0.191134
2.8 14.8 -0.191168
2.8 15.2 -0.161941
2.8 15.6 -0.150164
2.8 16 -0.180436
2.8 16.4 -0.236891
2.8 16.8 -0.271818
2.8 17.2 -0.238033
2.8 17.6 -0.124212
2.8 18 0.0314976
2.8 18.4 0.159806
2.8 18.8 0.199148
2.8 19.2 0.127196
2.8 19.6 -0.0449322
2.8 20 -0.0707781
2.8 20.4 0
2.8 20.8 0
2.8 21.2 0
2.8 21.6 -0.000551151
2.8 22 0.150702
2.8 22.4 0.113991
2.8 22.8 0.0807039
2.8 23.2 0.035383
2.8 23.6 -0.027238
2.8 24 -0.0967057
2.8 24.4 -0.14836
2.8 24.8 -0.157884
2.8 25.2 -0.120227
2.8 25.6 -0.0578378
2.8 26 -0.0101642
2.8 26.4 -0.00124958
2.8 26.8 0

3.2 0 0
3.2 0.4 -0.0161851
3.2 0.8 -0.117797
3.2 1.2 -0.0903211
3.2 1.6 -0.0524824
3.2 2 -0.00969305
3.2 2.4 0.0344945
3.2 2.8 0.0786586
3.2 3.2 0.118657
3.2 3.6 0.058522
3.2 4 0
3.2 4.4 0
3.2 4.8 0
3.2 5.2 0
3.2 5.6 0
3.2 6 0.027405
3.2 6.4 -0.0307278
3.2 6.8 -0.123368
3.2 7.2 -0.26632
3.2 7.6 -0.399817
3.2 8 -0.464613
3.2 8.4 -0.431634
3.2 8.8 -0.317841
3.2 9.2 -0.175094
3.2 9.6 -0.0598641
3.2 10 -0.00392542
3.2 10.4 -0.00420746
3.2 10.8 -0.034352
3.2 11.2 -0.0650538
3.2 11.6 -0.00168314
3.2 12 0
3.2 12.4 0
3.2 12.8 0
3.2 13.2 0
3.2 13.6 0
3.2 14 -0.05626
3.2 14.4 -0.299993
3.2 14.8 -0.213434
3.2 15.2 -0.110243
3.2 15.6 -0.0681094
3.2 16 -0.133829
3.2 16.4 -0.283745
3.2 16.8 -0.432787
3.2 17.2 -0.485639
3.2 17.6 -0.396722
3.2 18 -0.199004
3.2 18.4 0.0181555
3.2 18.8 0.168165
3.2 19.2 0.225681
3.2 19.6 0.0253355
3.2 20 0
3.2 20.4 0
3.2 20.8 0
3.2 21.2 0
3.2 21.6 0
3.2 22 0.0333711
3.2 22.4 0.0917056
3.2 22.8 0.0735949
3.2 23.2 0.0427998
3.2 23.6 -0.00996631
3.2 24 -0.077629
3.2 24.4 -0.136478
3.2 24.8 -0.161193
3.2 25.2 -0.143768
3.2 25.6 -0.102045
3.2 26 -0.0702256
3.2 26.4 -0.00958214
3.2 26.8 0

3.6 0 0
3.6 0.4 -0.0202551
3.6 0.8 -0.14701
3.6 1.2 -0.106496
3.6 1.6 -0.0536573
3.6 2 -0.00437264
3.6 2.4 0.0294321
3.6 2.8 0.0454301
3.6 3.2 0.0514166
3.6 3.6 0.00726624
3.6 4 0
3.6 4.4 0
3.6 4.8 0
3.6 5.2 0
3.6 5.6 0
3.6 6 -0.0170164
3.6 6.4 -0.124594
3.6 6.8 -0.20735
3.6 7.2 -0.341179
3.6 7.6 -0.461647
3.6 8 -0.510185
3.6 8.4 -0.464255
3.6 8.8 -0.349497
3.6 9.2 -0.223113
3.6 9.6 -0.137813
3.6 10 -0.111721
3.6 10.4 -0.124124
3.6 10.8 -0.140156
3.6 11.2 -0.145914
3.6 11.6 -0.0200927
3.6 12 0
3.6 12.4 0
3.6 12.8 0
3.6 13.2 0
3.6 13.6 0
3.6 14 -0.0308176
3.6 14.4 -0.228454
3.6 14.8 -0.0854929
3.6 15.2 0.0888456
3.6 15.6 0.177379
3.6 16 0.106642
3.6 16.4 -0.102801
3.6 16.8 -0.344164
3.6 17.2 -0.487354
3.6 17.6 -0.457408
3.6 18 -0.276958
3.6 18.4 -0.0451987
3.6 18.8 0.132653
3.6 19.2 0.216473
3.6 19.6 0.0298833
3.6 20 0
3.6 20.4 0
3.6 20.8 0
3.6 21.2 0
3.6 21.6 0
3.6 22 0.00756197
3.6 22.4 0.0520944
3.6 22.8 0.0695479
3.6 23.2 0.0771793
3.6 23.6 0.0513636
3.6 24 -0.00419137
3.6 24.4 -0.0631072
3.6 24.8 -0.0951369
3.6 25.2 -0.0873052
3.6 25.6 -0.0532715
3.6 26 -0.0240169
3.6 26.4 -0.00325488
3.6 26.8 0

4 0 0
4 0.4 -0.0217247
4 0.8 -0.157618
4 1.2 -0.105081
4 1.6 -0.0366903
4 2 0.0211388
4 2.4 0.0469747
4 2.8 0.0351749
4 3.2 0.00361215
4 3.6 -0.0260962
4 4 0
4 4.4 0
4 4.8 0
4 5.2 0
4 5.6 0
4 6 -0.00451708
4 6.4 -0.104068
4 6.8 -0.172081
4 7.2 -0.273713
4 7.6 -0.352398
4 8 -0.362126
4 8.4 -0.295407
4 8.8 -0.190243
4 9.2 -0.106283
4 9.6 -0.0848465
4 10 -0.12013
4 10.4 -0.16375
4 10.8 -0.162722
4 11.2 -0.114139
4 11.6 0.0366934
4 12 0
4 12.4 0
4 12.8 0
4 13.2 0
4 13.6 0
4 14 -0.0266922
4 14.4 -0.081431
4 14.8 0.102921
4 15.2 0.340622
4 15.6 0.487382
4 16 0.446358
4 16.4 0.226226
4 16.8 -0.0618757
4 17.2 -0.270905
4 17.6 -0.306575
4 18 -0.180887
4 18.4 0.00382176
4 18.8 0.129972
4 19.2 0.153671
4 19.6 -0.0184051
4 20 0
4 20.4 0
4 20.8 0
4 21.2 0
4 21.6 0
4 22 -0.0354312
4 22.4 0.0138786
4 22.8 0.0804298
4 23.2 0.127263
4 23.6 0.121762
4 24 0.0728132
4 24.4 0.0158588
4 24.8 -0.0114631
4 25.2 0.00675566
4 25.6 0.0555017
4 26 0.100282
4 26.4 0.0138608
4 26.8 0

4.4 0 0
4.4 0.4 -0.0176291
4.4 0.8 -0.12807
4.4 1.2 -0.0733976
4.4 1.6 -0.000138782
4.4 2 0.0603583
4.4 2.4 0.0798527
4.4 2.8 0.0433823
4.4 3.2 -0.0498635
4.4 3.6 -0.201482
4.4 4 -0.0269669
4.4 4.4 0
4.4 4.8 0
4.4 5.2 0
4.4 5.6 0.00953561
4.4 6 0.0706179
4.4 6.4 0.0113296
4.4 6.8 -0.0537676
4.4 7.2 -0.118651
4.4 7.6 -0.145153
4.4 8 -0.10684
4.4 8.4 -0.0165276
4.4 8.8 0.0735732
4.4 9.2 0.102202
4.4 9.6 0.042402
4.4 10 -0.0732847
4.4 10.4 -0.164203
4.4 10.8 -0.144167
4.4 11.2 0.0363994
4.4 11.6 0.389633
4.4 12 0.0523364
4.4 12.4 0
4.4 12.8 0
4.4 13.2 0
4.4 13.6 -0.01572
4.4 14 -0.117983
4.4 14.4 -0.0230666
4.4 14.8 0.20231
4.4 15.2 0.483676
4.4 15.6 0.681902
4.4 16 0.689433
4.4 16.4 0.50034
4.4 16.8 0.216248
4.4 17.2 -0.0155362
4.4 17.6 -0.0920512
4.4 18 -0.0155529
4.4 18.4 0.113318
4.4 18.8 0.161207
4.4 19.2 0.0354654
4.4 19.6 -0.294031
4.4 20 -0.0395548
4.4 20.4 0
4.4 20.8 0
4.4 21.2 0
4.4 21.6 -0.0376334
4.4 22 -0.275332
4.4 22.4 -0.0502636
4.4 22.8 0.0972878
4.4 23.2 0.163575
4.4 23.6 0.150646
4.4 24 0.0887785
4.4 24.4 0.0284716
4.4 24.8 0.0144559
4.4 25.2 0.0606557
4.4 25.6 0.142852
4.4 26 0.214959
4.4 26.4 0.0296684
4.4 26.8 0

4.8 0 0
4.8 0.4 -0.00700951
4.8 0.8 -0.0512058
4.8 1.2 -0.0118076
4.8 1.6 0.0447426
4.8 2 0.0933952
4.8 2.4 0.1097
4.8 2.8 0.0783779
4.8 3.2 -0.00743442
4.8 3.6 -0.178248
4.8 4 -0.0239991
4.8 4.4 0
4.8 4.8 0
4.8 5.2 0
4.8 5.6 0.0158292
4.8 6 0.117354
4.8 6.4 0.111221
4.8 6.8 0.0492894
4.8 7.2 0.0100105
4.8 7.6 0.0272463
4.8 8 0.1089
4.8 8.4 0.222454
4.8 8.8 0.30176
4.8 9.2 0.28366
4.8 9.6 0.152068
4.8 10 -0.0414817
4.8 10.4 -0.197821
4.8 10.8 -0.218184
4.8 11.2 -0.0450288
4.8 11.6 0.35011
4.8 12 0.0471148
4.8 12.4 0
4.8 12.8 0
4.8 13.2 0
4.8 13.6 -0.0192141
4.8 14 -0.142843
4.8 14.4 -0.0660653
4.8 14.8 0.143103
4.8 15.2 0.41901
4.8 15.6 0.633845
4.8 16 0.679896
4.8 16.4 0.53846
4.8 16.8 0.293048
4.8 17.2 0.0790895
4.8 17.6 0.000394638
4.8 18 0.0666969
4.8 18.4 0.191964
4.8 18.8 0.252362
4.8 19.2 0.14928
4.8 19.6 -0.231924
4.8 20 -0.0312019
4.8 20.4 0
4.8 20.8 0
4.8 21.2 0
4.8 21.6 -0.0325839
4.8 22 -0.237576
4.8 22.4 0.0192053
4.8 22.8 0.145531
4.8 23.2 0.169156
4.8 23.6 0.10957
4.8 24 0.0131057
4.8 24.4 -0.0581168
4.8 24.8 -0.0565355
4.8 25.2 0.024367
4.8 25.6 0.145663
4.8 26 0.244851
4.8 26.4 0.0337897
4.8 26.8 0

5.2 0 0
5.2 0.4 0.00792326
5.2 0.8 0.05715
5.2 1.2 0.0619285
5.2 1.6 0.075129
5.2 2 0.0900876
5.2 2.4 0.0975931
5.2 2.8 0.0950534
5.2 3.2 0.106515
5.2 3.6 -0.0101403
5.2 4 0
5.2 4.4 0
5.2 4.8 0
5.2 5.2 0
5.2 5.6 0
5.2 6 0.0402791
5.2 6.4 0.18122
5.2 6.8 0.0501482
5.2 7.2 0.0159205
5.2 7.6 0.0611588
5.2 8 0.174998
5.2 8.4 0.311001
5.2 8.8 0.393266
5.2 9.2 0.356597
5.2 9.6 0.190495
5.2 10 -0.0468876
5.2 10.4 -0.257548
5.2 10.8 -0.36031
5.2 11.2 -0.346191
5.2 11.6 0.000864823
5.2 12 0
5.2 12.4 0
5.2 12.8 0
5.2 13.2 0
5.2 13.6 0
5.2 14 -0.0423992
5.2 14.4 -0.166029
5.2 14.8 -0.0240668
5.2 15.2 0.189518
5.2 15.6 0.369975
5.2 16 0.421619
5.2 16.4 0.317478
5.2 16.8 0.118859
5.2 17.2 -0.0590003
5.2 17.6 -0.116633
5.2 18 -0.0314753
5.2 18.4 0.134101
5.2 18.8 0.293141
5.2 19.2 0.454302
5.2 19.6 0.0301975
5.2 20 0
5.2 20.4 0
5.2 20.8 0
5.2 21.2 0
5.2 21.6 0
5.2 22 -0.00494607
5.2 22.4 0.20503
5.2 22.8 0.195473
5.2 23.2 0.134185
5.2 23.6 0.0129175
5.2 24 -0.121587
5.2 24.4 -0.203942
5.2 24.8 -0.189115
5.2 25.2 -0.0800522
5.2 25.6 0.0703719
5.2 26 0.185716
5.2 26.4 0.0256312
5.2 26.8 0

5.6 0 0
5.6 0.4 0.0226445
5.6 0.8 0.16427
5.6 1.2 0.121258
5.6 1.6 0.0706697
5.6 2 0.0313465
5.6 2.4 0.0103672
5.6 2.8 0.00208539
5.6 3.2 0.0139026
5.6 3.6 0
5.6 4 0
5.6 4.4 0
5.6 4.8 0
5.6 5.2 0
5.6 5.6 0
5.6 6 0
5.6 6.4 0.00648206
5.6 6.8 -0.13004
5.6 7.2 -0.115749
5.6 7.6 -0.0471809
5.6 8 0.0869216
5.6 8.4 0.24293
5.6 8.8 0.342404
5.6 9.2 0.320234
5.6 9.6 0.168759
5.6 10 -0.054087
5.6 10.4 -0.260181
5.6 10.8 -0.385778
5.6 11.2 -0.0984291
5.6 11.6 0
5.6 12 0
5.6 12.4 0
5.6 12.8 0
5.6 13.2 0
5.6 13.6 0
5.6 14 0
5.6 14.4 -0.044218
5.6 14.8 -0.153626
5.6 15.2 -0.0457074
5.6 15.6 0.0578803
5.6 16 0.0819192
5.6 16.4 -0.00517829
5.6 16.8 -0.167871
5.6 17.2 -0.316546
5.6 17.6 -0.360194
5.6 18 -0.266677
5.6 18.4 -0.0895672
5.6 18.8 0.059634
5.6 19.2 0.0694483
5.6 19.6 0
5.6 20 0
5.6 20.4 0
5.6 20.8 0
5.6 21.2 0
5.6 21.6 0
5.6 22 0
5.6 22.4 0.0495025
5.6 22.8 0.159053
5.6 23.2 0.0644876
5.6 23.6 -0.0840399
5.6 24 -0.231712
5.6 24.4 -0.313865
5.6 24.8 -0.29055
5.6 25.2 -0.171195
5.6 25.6 -0.0140466
5.6 26 0.100916
5.6 26.4 0.0139262
5.6 26.8 0

6 0 0
6 0.4 0.032596
6 0.8 0.237014
6 1.2 0.146007
6 1.6 0.0300329
6 2 -0.0636114
6 2.4 -0.111596
6 2.8 -0.126544
6 3.2 -0.0171324
6 3.6 0
6 4 0
6 4.4 0
6 4.8 0
6 5.2 0
6 5.6 0
6 6 0
6 6.4 -0.0366349
6 6.8 -0.266494
6 7.2 -0.253192
6 7.6 -0.192779
6 8 -0.0596982
6 8.4 0.105787
6 8.8 0.224516
6 9.2 0.233149
6 9.6 0.128254
6 10 -0.0324701
6 10.4 -0.172376
6 10.8 -0.250156
6 11.2 -0.0341229
6 11.6 0
6 12 0
6 12.4 0
6 12.8 0
6 13.2 0
6 13.6 0
6 14 0
6 14.4 -0.0208891
6 14.8 -0.154788
6 15.2 -0.137723
6 15.6 -0.117921
6 16 -0.127828
6 16.4 -0.203315
6 16.8 -0.339573
6 17.2 -0.476224
6 17.6 -0.529039
6 18 -0.450625
6 18.4 -0.277001
6 18.8 -0.125888
6 19.2 -0.0168976
6 19.6 0
6 20 0
6 20.4 0
6 20.8 0
6 21.2 0
6 21.6 0
6 22 0
6 22.4 0.014075
6 22.8 0.100038
6 23.2 0.0171994
6 23.6 -0.110173
6 24 -0.23386
6 24.4 -0.299648
6 24.8 -0.275427
6 25.2 -0.170772
6 25.6 -0.0360004
6 26 0.0608607
6 26.4 0.00839079
6 26.8 0

6.4 0 0
6.4 0.4 0.0353289
6.4 0.8 0.257404
6.4 1.2 0.131434
6.4 1.6 -0.0305391
6.4 2 -0.153779
6.4 2.4 -0.199897
6.4 2.8 -0.191964
6.4 3.2 -0.0227699
6.4 3.6 0
6.4 4 0
6.4 4.4 0
6.4 4.8 0
6.4 5.2 0
6.4 5.6 0
6.4 6 0
6.4 6.4 0.00249684
6.4 6.8 -0.240922
6.4 7.2 -0.28063
6.4 7.6 -0.262458
6.4 8 -0.151602
6.4 8.4 0.0071473
6.4 8.8 0.130212
6.4 9.2 0.156914
6.4 9.6 0.0920286
6.4 10 -0.000498229
6.4 10.4 -0.0486946
6.4 10.8 -0.0344977
6.4 11.2 0.0531131
6.4 11.6 0
6.4 12 0
6.4 12.4 0
6.4 12.8 0
6.4 13.2 0
6.4 13.6 0
6.4 14 0
6.4 14.4 0.0965101
6.4 14.8 0.0316402
6.4 15.2 -0.0489246
6.4 15.6 -0.0915163
6.4 16 -0.104147
6.4 16.4 -0.144167
6.4 16.8 -0.247362
6.4 17.2 -0.383563
6.4 17.6 -0.469116
6.4 18 -0.427886
6.4 18.4 -0.258949
6.4 18.8 -0.0676711
6.4 19.2 0.0936405
6.4 19.6 0
6.4 20 0
6.4 20.4 0
6.4 20.8 0
6.4 21.2 0
6.4 21.6 0
6.4 22 0
6.4 22.4 0.00250055
6.4 22.8 0.0612645
6.4 23.2 0.0251925
6.4 23.6 -0.039498
6.4 24 -0.107582
6.4 24.4 -0.145455
6.4 24.8 -0.130915
6.4 25.2 -0.0672548
6.4 25.6 0.0163059
6.4 26 0.0784389
6.4 26.4 0.0108066
6.4 26.8 0

6.8 0 0
6.8 0.4 0.0314505
6.8 0.8 0.229597
6.8 1.2 0.0878331
6.8 1.6 -0.0909789
6.8 2 -0.209136
6.8 2.4 -0.213164
6.8 2.8 -0.11936
6.8 3.2 0.0241684
6.8 3.6 0.0030683
6.8 4 0
6.8 4.4 0
6.8 4.8 0
6.8 5.2 0
6.8 5.6 0
6.8 6 0.0356404
6.8 6.4 0.264632
6.8 6.8 -0.0198447
6.8 7.2 -0.18605
6.8 7.6 -0.225097
6.8 8 -0.141541
6.8 8.4 -0.00100621
6.8 8.8 0.103502
6.8 9.2 0.114213
6.8 9.6 0.0481414
6.8 10 -0.0168487
6.8 10.4 0.00276952
6.8 10.8 0.146344
6.8 11.2 0.425235
6.8 11.6 0.0580417
6.8 12 0
6.8 12.4 0
6.8 12.8 0
6.8 13.2 0
6.8 13.6 0
6.8 14 0.091876
6.8 14.4 0.671262
6.8 14.8 0.279429
6.8 15.2 0.075579
6.8 15.6 0.0298825
6.8 16 0.0805469
6.8 16.4 0.121775
6.8 16.8 0.0710766
6.8 17.2 -0.0682708
6.8 17.6 -0.205029
6.8 18 -0.222614
6.8 18.4 -0.0586251
6.8 18.8 0.268047
6.8 19.2 0.751273
6.8 19.6 0.102505
6.8 20 0
6.8 20.4 0
6.8 20.8 0
6.8 21.2 0
6.8 21.6 0
6.8 22 -0.00632185
6.8 22.4 -0.0456203
6.8 22.8 0.020504
6.8 23.2 0.0626984
6.8 23.6 0.0827426
6.8 24 0.0836052
6.8 24.4 0.0750128
6.8 24.8 0.0686336
6.8 25.2 0.0716098
6.8 25.6 0.0832742
6.8 26 0.0974053
6.8 26.4 0.0134197
6.8 26.8 0

7.2 0 0
7.2 0.4 0.0242115
7.2 0.8 0.177042
7.2 1.2 0.0348802
7.2 1.6 -0.138686
7.2 2 -0.232248
7.2 2.4 -0.188854
7.2 2.8 -0.0423781
7.2 3.2 0.102559
7.2 3.6 0.0135776
7.2 4 0
7.2 4.4 0
7.2 4.8 0
7.2 5.2 0
7.2 5.6 0
7.2 6 0.0319837
7.2 6.4 0.235995
7.2 6.8 0.0497128
7.2 7.2 -0.108362
7.2 7.6 -0.148815
7.2 8 -0.0692852
7.2 8.4 0.0552391
7.2 8.8 0.126203
7.2 9.2 0.0906483
7.2 9.6 -0.0225123
7.2 10 -0.124255
7.2 10.4 -0.129654
7.2 10.8 -0.0195636
7.2 11.2 0.134593
7.2 11.6 0.0185865
7.2 12 0
7.2 12.4 0
7.2 12.8 0
7.2 13.2 0
7.2 13.6 0
7.2 14 0.0324417
7.2 14.4 0.236965
7.2 14.8 0.0619686
7.2 15.2 -0.0191884
7.2 15.6 0.064689
7.2 16 0.253987
7.2 16.4 0.412533
7.2 16.8 0.424545
7.2 17.2 0.277658
7.2 17.6 0.0749015
7.2 18 -0.0329136
7.2 18.4 0.0526526
7.2 18.8 0.313238
7.2 19.2 0.614771
7.2 19.6 0.0836931
7.2 20 0
7.2 20.4 0
7.2 20.8 0
7.2 21.2 0
7.2 21.6 0
7.2 22 -0.0129275
7.2 22.4 -0.0918905
7.2 22.8 -0.01542
7.2 23.2 0.083311
7.2 23.6 0.174788
7.2 24 0.233768
7.2 24.4 0.245657
7.2 24.8 0.211874
7.2 25.2 0.149371
7.2 25.6 0.084813
7.2 26 0.0454561
7.2 26.4 0.00625474
7.2 26.8 0

7.6 0 0
7.6 0.4 0.0180596
7.6 0.8 0.132078
7.6 1.2 -0.00481708
7.6 1.6 -0.166211
7.6 2 -0.23386
7.6 2.4 -0.150759
7.6 2.8 0.0376709
7.6 3.2 0.206503
7.6 3.6 0.0275141
7.6 4 0
7.6 4.4 0
7.6 4.8 0
7.6 5.2 0
7.6 5.6 0
7.6 6 0.0222005
7.6 6.4 0.162133
7.6 6.8 0.0285744
7.6 7.2 -0.0885377
7.6 7.6 -0.0997405
7.6 8 -0.00704473
7.6 8.4 0.108557
7.6 8.8 0.148454
7.6 9.2 0.0662298
7.6 9.6 -0.10089
7.6 10 -0.259601
7.6 10.4 -0.327026
7.6 10.8 -0.290942
7.6 11.2 -0.225512
7.6 11.6 -0.0304033
7.6 12 0
7.6 12.4 0
7.6 12.8 0
7.6 13.2 0
7.6 13.6 0
7.6 14 -0.0491441
7.6 14.4 -0.36018
7.6 14.8 -0.365666
7.6 15.2 -0.273666
7.6 15.6 -0.0257033
7.6 16 0.303655
7.6 16.4 0.559049
7.6 16.8 0.610735
7.6 17.2 0.444666
7.6 17.6 0.17653
7.6 18 -0.0207127
7.6 18.4 -0.0281393
7.6 18.8 0.140117
7.6 19.2 0.338593
7.6 19.6 0.0459129
7.6 20 0
7.6 20.4 0
7.6 20.8 0
7.6 21.2 0
7.6 21.6 0
7.6 22 -0.0224966
7.6 22.4 -0.159776
7.6 22.8 -0.0750388
7.6 23.2 0.0488835
7.6 23.6 0.176389
7.6 24 0.265827
7.6 24.4 0.285501
7.6 24.8 0.228036
7.6 25.2 0.115483
7.6 25.6 -0.00801625
7.6 26 -0.0928853
7.6 26.4 -0.0128257
7.6 26.8 0

8 0 0
8 0.4 0.0165799
8 0.8 0.120948
8 1.2 -0.0148581
8 1.6 -0.172149
8 2 -0.229116
8 2.4 -0.126519
8 2.8 0.0899324
8 3.2 0.290907
8 3.6 0.115411
8 4 0
8 4.4 0
8 4.8 0
8 5.2 0
8 5.6 0
8 6 0.0587069
8 6.4 0.0994455
8 6.8 -0.0211591
8 7.2 -0.114224
8 7.6 -0.104775
8 8 -0.00531326
8 8.4 0.102562
8 8.8 0.128201
8 9.2 0.0341882
8 9.6 -0.140432
8 10 -0.309607
8 10.4 -0.399852
8 10.8 -0.398808
8 11.2 -0.364092
8 11.6 -0.0428546
8 12 0
8 12.4 0
8 12.8 0
8 13.2 0
8 13.6 0
8 14 -0.161
8 14.4 -0.725512
8 14.8 -0.655253
8 15.2 -0.466333
8 15.6 -0.134089
8 16 0.245671
8 16.4 0.514015
8 16.8 0.549587
8 17.2 0.349761
8 17.6 0.0384551
8 18 -0.206646
8 18.4 -0.263308
8 18.8 -0.141844
8 19.2 0.016571
8 19.6 -0.00334749
8 20 0
8 20.4 0
8 20.8 0
8 21.2 0
8 21.6 0
8 22 -0.0396786
8 22.4 -0.194549
8 22.8 -0.131059
8 23.2 -0.0256784
8 23.6 0.093327
8 24 0.181271
8 24.4 0.199161
8 24.8 0.133387
8 25.2 0.00411843
8 25.6 -0.141452
8 26 -0.24819
8 26.4 -0.0342466
8 26.8 0

8.4 0 0
8.4 0.4 0.0207486
8.4 0.8 0.150994
8.4 1.2 0.0074246
8.4 1.6 -0.161326
8.4 2 -0.231512
8.4 2.4 -0.138297
8.4 2.8 0.0856509
8.4 3.2 0.342666
8.4 3.6 0.570787
8.4 4 0.1219
8.4 4.4 0
8.4 4.8 0
8.4 5.2 0
8.4 5.6 0.109367
8.4 6 0.32884
8.4 6.4 0.13511
8.4 6.8 -0.0384654
8.4 7.2 -0.144159
8.4 7.6 -0.145321
8.4 8 -0.0654983
8.4 8.4 0.0240232
8.4 8.8 0.0525653
8.4 9.2 -0.00413841
8.4 9.6 -0.112799
8.4 10 -0.210426
8.4 10.4 -0.247943
8.4 10.8 -0.215012
8.4 11.2 -0.124595
8.4 11.6 0.048823
8.4 12 0.0594813
8.4 12.4 0
8.4 12.8 0
8.4 13.2 0
8.4 13.6 -0.0190205
8.4 14 -0.462328
8.4 14.4 -0.590171
8.4 14.8 -0.583632
8.4 15.2 -0.417257
8.4 15.6 -0.126669
8.4 16 0.176789
8.4 16.4 0.353933
8.4 16.8 0.315618
8.4 17.2 0.0796427
8.4 17.6 -0.232378
8.4 18 -0.461329
8.4 18.4 -0.501849
8.4 18.8 -0.363466
8.4 19.2 -0.162017
8.4 19.6 -0.0458209
8.4 20 0.0230615
8.4 20.4 0
8.4 20.8 0
8.4 21.2 0
8.4 21.6 0.00637786
8.4 22 -0.086475
8.4 22.4 -0.139288
8.4 22.8 -0.138768
8.4 23.2 -0.0883237
8.4 23.6 -0.0119449
8.4 24 0.0512928
8.4 24.4 0.0647173
8.4 24.8 0.0120264
8.4 25.2 -0.0940645
8.4 25.6 -0.21691
8.4 26 -0.312026
8.4 26.4 -0.0430496
8.4 26.8 0

8.8 0 0
8.8 0.4 0.0284625
8.8 0.8 0.207072
8.8 1.2 0.0498428
8.8 1.6 -0.141882
8.8 2 -0.245358
8.8 2.4 -0.192472
8.8 2.8 -0.00847581
8.8 3.2 0.210586
8.8 3.6 0.358181
8.8 4 0.335731
8.8 4.4 0.0372325
8.8 4.8 -0.00932009
8.8 5.2 0.0708481
8.8 5.6 0.476721
8.8 6 0.333325
8.8 6.4 0.147082
8.8 6.8 -0.0286731
8.8 7.2 -0.144215
8.8 7.6 -0.176998
8.8 8 -0.146275
8.8 8.4 -0.096299
8.8 8.8 -0.0631059
8.8 9.2 -0.051699
8.8 9.6 -0.0401556
8.8 10 -0.00451432
8.8 10.4 0.0582884
8.8 10.8 0.130344
8.8 11.2 0.197121
8.8 11.6 0.273715
8.8 12 0.384509
8.8 12.4 0.0269429
8.8 12.8 -0.0397627
8.8 13.2 0.0206394
8.8 13.6 0.30905
8.8 14 -0.0417994
8.8 14.4 -0.223329
8.8 14.8 -0.248195
8.8 15.2 -0.14147
8.8 15.6 0.0308377
8.8 16 0.172376
8.8 16.4 0.194794
8.8 16.8 0.0623056
8.8 17.2 -0.184302
8.8 17.6 -0.442165
8.8 18 -0.596419
8.8 18.4 -0.580677
8.8 18.8 -0.412319
8.8 19.2 -0.17829
8.8 19.6 0.0287375
8.8 20 0.20438
8.8 20.4 0.02756
8.8 20.8 -0.00792881
8.8 21.2 0.0163831
8.8 21.6 0.136412
8.8 22 0.0285033
8.8 22.4 -0.0506553
8.8 22.8 -0.093633
8.8 23.2 -0.0963712
8.8 23.6 -0.0701429
8.8 24 -0.0390321
8.8 24.4 -0.02821
8.8 24.8 -0.0513684
8.8 25.2 -0.104736
8.8 25.6 -0.16993
8.8 26 -0.223539
8.8 26.4 -0.0308367
8.8 26.8 0

9.2 0 0
9.2 0.4 0.0356557
9.2 0.8 0.259579
9.2 1.2 0.0918102
9.2 1.6 -0.120132
9.2 2 -0.258406
9.2 2.4 -0.254878
9.2 2.8 -0.128572
9.2 3.2 0.032298
9.2 3.6 0.126153
9.2 4 0.089832
9.2 4.4 -0.0617144
9.2 4.8 -0.0697498
9.2 5.2 0.0475228
9.2 5.6 0.231317
9.2 6 0.220879
9.2 6.4 0.123489
9.2 6.8 0.00632834
9.2 7.2 -0.0907962
9.2 7.6 -0.154919
9.2 8 -0.191515
9.2 8.4 -0.205643
9.2 8.8 -0.187475
9.2 9.2 -0.116303
9.2 9.6 0.0179837
9.2 10 0.193399
9.2 10.4 0.355135
9.2 10.8 0.442029
9.2 11.2 0.423396
9.2 11.6 0.313281
9.2 12 0.130809
9.2 12.4 -0.197825
9.2 12.8 -0.298419
9.2 13.2 -0.170169
9.2 13.6 0.0609535
9.2 14 0.0477412
9.2 14.4 0.0419735
9.2 14.8 0.101236
9.2 15.2 0.191392
9.2 15.6 0.248456
9.2 16 0.222152
9.2 16.4 0.0994264
9.2 16.8 -0.0917709
9.2 17.2 -0.294278
9.2 17.6 -0.44281
9.2 18 -0.488482
9.2 18.4 -0.418705
9.2 18.8 -0.264389
9.2 19.2 -0.087543
9.2 19.6 0.0467836
9.2 20 0.0946143
9.2 20.4 -0.00513499
9.2 20.8 -0.0559997
9.2 21.2 -0.0171316
9.2 21.6 0.0704644
9.2 22 0.0666823
9.2 22.4 0.0284748
9.2 22.8 -0.0132943
9.2 23.2 -0.0413668
9.2 23.6 -0.0514623
9.2 24 -0.0486091
9.2 24.4 -0.0406541
9.2 24.8 -0.0332048
9.2 25.2 -0.028289
9.2 25.6 -0.0259423
9.2 26 -0.0260087
9.2 26.4 -0.00357419
9.2 26.8 0

9.6 0 0
9.6 0.4 0.0384011
9.6 0.8 0.279773
9.6 1.2 0.114371
9.6 1.6 -0.0990189
9.6 2 -0.25223
9.6 2.4 -0.281284
9.6 2.8 -0.200742
9.6 3.2 -0.0879337
9.6 3.6 -0.029926
9.6 4 -0.0661146
9.6 4.4 -0.151507
9.6 4.8 -0.157764
9.6 5.2 -0.0776541
9.6 5.6 0.0259459
9.6 6 0.075869
9.6 6.4 0.0821175
9.6 6.8 0.0615569
9.6 7.2 0.0161377
9.6 7.6 -0.0608435
9.6 8 -0.163774
9.6 8.4 -0.258123
9.6 8.8 -0.286284
9.6 9.2 -0.198365
9.6 9.6 0.00928964
9.6 10 0.275702
9.6 10.4 0.49508
9.6 10.8 0.568599
9.6 11.2 0.457325
9.6 11.6 0.200358
9.6 12 -0.115451
9.6 12.4 -0.398919
9.6 12.8 -0.498771
9.6 13.2 -0.41646
9.6 13.6 -0.276822
9.6 14 -0.133668
9.6 14.4 0.0606053
9.6 14.8 0.265371
9.6 15.2 0.393308
9.6 15.6 0.383849
9.6 16 0.244982
9.6 16.4 0.0448422
9.6 16.8 -0.131127
9.6 17.2 -0.22473
9.6 17.6 -0.22504
9.6 18 -0.158906
9.6 18.4 -0.0669466
9.6 18.8 0.0163867
9.6 19.2 0.068166
9.6 19.6 0.0727723
9.6 20 0.0200787
9.6 20.4 -0.0762181
9.6 20.8 -0.119968
9.6 21.2 -0.0739741
9.6 21.6 0.0208375
9.6 22 0.0756714
9.6 22.4 0.0879065
9.6 22.8 0.0734869
9.6 23.2 0.0470654
9.6 23.6 0.0193984
9.6 24 2.26099e-05
9.6 24.4 -0.00175433
9.6 24.8 0.0200762
9.6 25.2 0.0631241
9.6 25.6 0.114794
9.6 26 0.156799
9.6 26.4 0.0216642
9.6 26.8 0

10 0 0
10 0.4 0.0348557
10 0.8 0.254064
10 1.2 0.108903
10 1.6 -0.0787821
10 2 -0.215598
10 2.4 -0.246583
10 2.8 -0.185178
10 3.2 -0.0998094
10 3.6 -0.0674932
10 4 -0.122632
10 4.4 -0.22545
10 4.8 -0.249479
10 5.2 -0.203454
10 5.6 -0.159784
10 6 -0.0731783
10 6.4 0.028734
10 6.8 0.115436
10 7.2 0.144568
10 7.6 0.0817939
10 8 -0.0660132
10 8.4 -0.236042
10 8.8 -0.332464
10 9.2 -0.279074
10 9.6 -0.0709271
10 10 0.209908
10 10.4 0.429457
10 10.8 0.471094
10 11.2 0.298494
10 11.6 -0.0259637
10 12 -0.376981
10 12.4 -0.630458
10 12.8 -0.739904
10 13.2 -0.718155
10 13.6 -0.746694
10 14 -0.534742
10 14.4 -0.161561
10 14.8 0.192779
10 15.2 0.378708
10 15.6 0.345646
10 16 0.161388
10 16.4 -0.036297
10 16.8 -0.125317
10 17.2 -0.066671
10 17.6 0.0868535
10 18 0.237844
10 18.4 0.309817
10 18.8 0.285607
10 19.2 0.1988
10 19.6 0.0899204
10 20 -0.0326187
10 20.4 -0.150338
10 20.8 -0.192913
10 21.2 -0.131773
10 21.6 -0.00641959
10 22 0.0745063
10 22.4 0.117156
10 22.8 0.130491
10 23.2 0.118034
10 23.6 0.0857279
10 24 0.0481872
10 24.4 0.0267088
10 24.8 0.0389381
10 25.2 0.087081
10 25.6 0.15385
10 26 0.210778
10 26.4 0.0291327
10 26.8 0

10.4 0 0
10.4 0.4 0.025974
10.4 0.8 0.189343
10.4 1.2 0.0799525
10.4 1.6 -0.0582867
10.4 2 -0.151243
10.4 2.4 -0.157109
10.4 2.8 -0.0907996
10.4 3.2 -0.0128138
10.4 3.6 0.00779836
10.4 4 -0.0685352
10.4 4.4 -0.0396855
10.4 4.8 -0.0336971
10.4 5.2 -0.0693753
10.4 5.6 -0.305624
10.4 6 -0.198422
10.4 6.4 -0.032523
10.4 6.8 0.138717
10.4 7.2 0.242187
10.4 7.6 0.216462
10.4 8 0.0595602
10.4 8.4 -0.155379
10.4 8.8 -0.313382
10.4 9.2 -0.322788
10.4 9.6 -0.172736
10.4 10 0.0543988
10.4 10.4 0.22579
10.4 10.8 0.232512
10.4 11.2 0.0508392
10.4 11.6 -0.246798
10.4 12 -0.534791
10.4 12.4 -0.157353
10.4 12.8 -0.100303
10.4 13.2 -0.275017
10.4 13.6 -1.30677
10.4 14 -0.998276
10.4 14.4 -0.447186
10.4 14.8 0.00803953
10.4 15.2 0.21329
10.4 15.6 0.15704
10.4 16 -0.0359076
10.4 16.4 -0.181833
10.4 16.8 -0.151228
10.4 17.2 0.0571802
10.4 17.6 0.327778
10.4 18 0.512126
10.4 18.4 0.524862
10.4 18.8 0.389576
10.4 19.2 0.208814
10.4 19.6 0.0784795
10.4 20 -0.0344972
10.4 20.4 -0.0263558
10.4 20.8 -0.026814
10.4 21.2 -0.0123584
10.4 21.6 0.0364035
10.4 22 0.0790735
10.4 22.4 0.107913
10.4 22.8 0.130466
10.4 23.2 0.131053
10.4 23.6 0.101073
10.4 24 0.0507125
10.4 24.4 0.0058593
10.4 24.8 -0.00727666
10.4 25.2 0.020161
10.4 25.6 0.0724557
10.4 26 0.118556
10.4 26.4 0.0164244
10.4 26.8 0

10.8 0 0
10.8 0.4 0.0146138
10.8 0.8 0.106504
10.8 1.2 0.0405727
10.8 1.6 -0.0368906
10.8 2 -0.0739732
10.8 2.4 -0.0445047
10.8 2.8 0.0346172
10.8 3.2 0.11357
10.8 3.6 0.138616
10.8 4 0.00891651
10.8 4.4 0
10.8 4.8 0
10.8 5.2 0
10.8 5.6 -0.076887
10.8 6 -0.258688
10.8 6.4 -0.0864822
10.8 6.8 0.113105
10.8 7.2 0.263051
10.8 7.6 0.282048
10.8 8 0.153785
10.8 8.4 -0.0556873
10.8 8.8 -0.235383
10.8 9.2 -0.295903
10.8 9.6 -0.222963
10.8 10 -0.084217
10.8 10.4 0.014153
10.8 10.8 -0.00603252
10.8 11.2 -0.146793
10.8 11.6 -0.336995
10.8 12 -0.117892
10.8 12.4 0
10.8 12.8 0
10.8 13.2 0
10.8 13.6 -0.341841
10.8 14 -1.22213
10.8 14.4 -0.487622
10.8 14.8 -0.0684984
10.8 15.2 0.0544691
10.8 15.6 -0.0665816
10.8 16 -0.268575
10.8 16.4 -0.355878
10.8 16.8 -0.221434
10.8 17.2 0.0869552
10.8 17.6 0.403592
10.8 18 0.556937
10.8 18.4 0.48066
10.8 18.8 0.25204
10.8 19.2 0.0452586
10.8 19.6 0.0514449
10.8 20 0.00255782
10.8 20.4 0
10.8 20.8 0
10.8 21.2 0
10.8 21.6 0.016564
10.8 22 0.079383
10.8 22.4 0.0522991
10.8 22.8 0.0696906
10.8 23.2 0.0811892
10.8 23.6 0.0603797
10.8 24 0.00847385
10.8 24.4 -0.0499954
10.8 24.8 -0.084956
10.8 25.2 -0.0821426
10.8 25.6 -0.0531671
10.8 26 -0.0271471
10.8 26.4 -0.0036774
10.8 26.8 0

11.2 0 0
11.2 0.4 0.00368068
11.2 0.8 0.0268597
11.2 1.2 0.00315842
11.2 1.6 -0.0163487
11.2 2 -0.00296189
11.2 2.4 0.0531608
11.2 2.8 0.133583
11.2 3.2 0.201346
11.2 3.6 0.0453199
11.2 4 0
11.2 4.4 0
11.2 4.8 0
11.2 5.2 0
11.2 5.6 0
11.2 6 -0.0502922
11.2 6.4 -0.10916
11.2 6.8 0.0416033
11.2 7.2 0.193147
11.2 7.6 0.245595
11.2 8 0.171259
11.2 8.4 0.0193135
11.2 8.8 -0.123376
11.2 9.2 -0.190059
11.2 9.6 -0.172958
11.2 10 -0.120362
11.2 10.4 -0.0973961
11.2 10.8 -0.137876
11.2 11.2 -0.215174
11.2 11.6 -0.07468
11.2 12 0
11.2 12.4 0
11.2 12.8 0
11.2 13.2 0
11.2 13.6 0
11.2 14 -0.164651
11.2 14.4 -0.00349553
11.2 14.8 0.0777302
11.2 15.2 0.00808384
11.2 15.6 -0.209844
11.2 16 -0.42551
11.2 16.4 -0.467796
11.2 16.8 -0.273858
11.2 17.2 0.0606668
11.2 17.6 0.342323
11.2 18 0.407703
11.2 18.4 0.228557
11.2 18.8 -0.0749708
11.2 19.2 -0.314784
11.2 19.6 -0.034371
11.2 20 0
11.2 20.4 0
11.2 20.8 0
11.2 21.2 0
11.2 21.6 0
11.2 22 0.00236358
11.2 22.4 -0.0581635
11.2 22.8 -0.0254488
11.2 23.2 0.00227364
11.2 23.6 -0.000976719
11.2 24 -0.0388949
11.2 24.4 -0.0907359
11.2 24.8 -0.127153
11.2 25.2 -0.131895
11.2 25.6 -0.113341
11.2 26 -0.0975129
11.2 26.4 -0.0134046
11.2 26.8 0

11.6 0 0
11.6 0.4 -0.00538259
11.6 0.8 -0.0390005
11.6 1.2 -0.0277724
11.6 1.6 -0.00153293
11.6 2 0.046454
11.6 2.4 0.110881
11.6 2.8 0.17384
11.6 3.2 0.217395
11.6 3.6 0.0293156
11.6 4 0
11.6 4.4 0
11.6 4.8 0
11.6 5.2 0
11.6 5.6 0
11.6 6 -0.0240518
11.6 6.4 -0.174094
11.6 6.8 -0.0607853
11.6 7.2 0.0614445
11.6 7.6 0.121506
11.6 8 0.102747
11.6 8.4 0.0407367
11.6 8.8 -0.0134043
11.6 9.2 -0.0330044
11.6 9.6 -0.0304779
11.6 10 -0.0392333
11.6 10.4 -0.0810232
11.6 10.8 -0.145951
11.6 11.2 -0.201221
11.6 11.6 -0.0269823
11.6 12 0
11.6 12.4 0
11.6 12.8 0
11.6 13.2 0
11.6 13.6 0
11.6 14 0.0352943
11.6 14.4 0.263036
11.6 14.8 0.203921
11.6 15.2 0.0255195
11.6 15.6 -0.235143
11.6 16 -0.434499
11.6 16.4 -0.436856
11.6 16.8 -0.226228
11.6 17.2 0.0681866
11.6 17.6 0.253671
11.6 18 0.2037
11.6 18.4 -0.0577458
11.6 18.8 -0.380391
11.6 19.2 -0.603048
11.6 19.6 -0.0816681
11.6 20 0
11.6 20.4 0
11.6 20.8 0
11.6 21.2 0
11.6 21.6 0
11.6 22 -0.0185632
11.6 22.4 -0.1315
11.6 22.8 -0.0919779
11.6 23.2 -0.0528857
11.6 23.6 -0.0370944
11.6 24 -0.0506453
11.6 24.4 -0.0777771
11.6 24.8 -0.0935443
11.6 25.2 -0.0835636
11.6 25.6 -0.0552201
11.6 26 -0.0320274
11.6 26.4 -0.00440065
11.6 26.8 0

12 0 0
12 0.4 -0.0126819
12 0.8 -0.0919217
12 1.2 -0.055309
12 1.6 0.0016251
12 2 0.066867
12 2.4 0.121577
12 2.8 0.146808
12 3.2 0.14106
12 3.6 -0.0115348
12 4 0
12 4.4 0
12 4.8 0
12 5.2 0
12 5.6 0
12 6 -0.0271846
12 6.4 -0.171585
12 6.8 -0.113175
12 7.2 -0.0590221
12 7.6 -0.0333032
12 8 -0.022423
12 8.4 0.00470697
12 8.8 0.060846
12 9.2 0.12215
12 9.6 0.144349
12 10 0.101027
12 10.4 0.011873
12 10.8 -0.066112
12 11.2 -0.0877884
12 11.6 0.0325705
12 12 0
12 12.4 0
12 12.8 0
12 13.2 0
12 13.6 0
12 14 -0.00641027
12 14.4 0.247963
12 14.8 0.202797
12 15.2 0.047537
12 15.6 -0.163568
12 16 -0.297364
12 16.4 -0.252946
12 16.8 -0.0513574
12 17.2 0.165434
12 17.6 0.230357
12 18 0.0737089
12 18.4 -0.220168
12 18.8 -0.472246
12 19.2 -0.562148
12 19.6 0.000913396
12 20 0
12 20.4 0
12 20.8 0
12 21.2 0
12 21.6 0
12 22 -0.0160341
12 22.4 -0.121026
12 22.8 -0.0910872
12 23.2 -0.0545287
12 23.6 -0.028716
12 24 -0.0205477
12 24.4 -0.0197324
12 24.8 -0.00791235
12 25.2 0.0251327
12 25.6 0.0716666
12 26 0.110559
12 26.4 0.0152427
12 26.8 0

12.4 0 0
12.4 0.4 -0.0185461
12.4 0.8 -0.134483
12.4 1.2 -0.0821745
12.4 1.6 -0.00829369
12.4 2 0.0620133
12.4 2.4 0.0992953
12.4 2.8 0.0771684
12.4 3.2 -0.0231956
12.4 3.6 -0.227747
12.4 4 -0.0306075
12.4 4.4 0
12.4 4.8 0
12.4 5.2 0
12.4 5.6 -0.00357124
12.4 6 -0.0283593
12.4 6.4 -0.0422717
12.4 6.8 -0.0578046
12.4 7.2 -0.104716
12.4 7.6 -0.156008
12.4 8 -0.156575
12.4 8.4 -0.0702186
12.4 8.8 0.0818234
12.4 9.2 0.22393
12.4 9.6 0.274488
12.4 10 0.207015
12.4 10.4 0.078443
12.4 10.8 0.000108973
12.4 11.2 0.0707281
12.4 11.6 0.32934
12.4 12 0.0442238
12.4 12.4 0
12.4 12.8 0
12.4 13.2 0
12.4 13.6 -0.0395358
12.4 14 -0.305089
12.4 14.4 -0.0152254
12.4 14.8 0.0967849
12.4 15.2 0.0583326
12.4 15.6 -0.0443662
12.4 16 -0.0866154
12.4 16.4 0.0045044
12.4 16.8 0.185431
12.4 17.2 0.318631
12.4 17.6 0.274722
12.4 18 0.0414845
12.4 18.4 -0.242258
12.4 18.8 -0.356716
12.4 19.2 -0.119045
12.4 19.6 0.568939
12.4 20 0.0774296
12.4 20.4 0
12.4 20.8 0
12.4 21.2 0
12.4 21.6 0.000849485
12.4 22 0.0058889
12.4 22.4 -0.0341448
12.4 22.8 -0.0349734
12.4 23.2 -0.0166873
12.4 23.6 0.00437297
12.4 24 0.0199661
12.4 24.4 0.0346816
12.4 24.8 0.0599641
12.4 25.2 0.101976
12.4 25.6 0.153705
12.4 26 0.198095
12.4 26.4 0.027308
12.4 26.8 0

12.8 0 0
12.8 0.4 -0.0220384
12.8 0.8 -0.16001
12.8 1.2 -0.102289
12.8 1.6 -0.0240658
12.8 2 0.0451091
12.8 2.4 0.0745707
12.8 2.8 0.0417191
12.8 3.2 -0.0633129
12.8 3.6 -0.243071
12.8 4 -0.0327075
12.8 4.4 0
12.8 4.8 0
12.8 5.2 0
12.8 5.6 0.0103784
12.8 6 0.0743784
12.8 6.4 0.155924
12.8 6.8 0.0850585
12.8 7.2 -0.0676627
12.8 7.6 -0.215603
12.8 8 -0.260189
12.8 8.4 -0.154212
12.8 8.8 0.0557884
12.8 9.2 0.250236
12.8 9.6 0.31263
12.8 10 0.211382
12.8 10.4 0.0287181
12.8 10.8 -0.0861894
12.8 11.2 -0.00900318
12.8 11.6 0.289681
12.8 12 0.0388664
12.8 12.4 0
12.8 12.8 0
12.8 13.2 0
12.8 13.6 -0.0485033
12.8 14 -0.370096
12.8 14.4 -0.129196
12.8 14.8 0.0443766
12.8 15.2 0.0881515
12.8 15.6 0.0681937
12.8 16 0.0897179
12.8 16.4 0.203846
12.8 16.8 0.35707
12.8 17.2 0.425123
12.8 17.6 0.311436
12.8 18 0.0379366
12.8 18.4 -0.243303
12.8 18.8 -0.330234
12.8 19.2 -0.0780214
12.8 19.6 0.591177
12.8 20 0.0805982
12.8 20.4 0
12.8 20.8 0
12.8 21.2 0
12.8 21.6 0.00584292
12.8 22 0.0419521
12.8 22.4 0.0359506
12.8 22.8 0.0191211
12.8 23.2 0.017399
12.8 23.6 0.0247753
12.8 24 0.032766
12.8 24.4 0.0406313
12.8 24.8 0.0539941
12.8 25.2 0.0771489
12.8 25.6 0.106938
12.8 26 0.133711
12.8 26.4 0.0184362
12.8 26.8 0

13.2 0 0
13.2 0.4 -0.0208449
13.2 0.8 -0.151644
13.2 1.2 -0.100705
13.2 1.6 -0.0328248
13.2 2 0.0266856
13.2 2.4 0.0550163
13.2 2.8 0.042525
13.2 3.2 0.000918644
13.2 3.6 -0.0327018
13.2 4 0
13.2 4.4 0
13.2 4.8 0
13.2 5.2 0
13.2 5.6 0
13.2 6 0.0648898
13.2 6.4 0.403439
13.2 6.8 0.238663
13.2 7.2 0.00296311
13.2 7.6 -0.223366
13.2 8 -0.316441
13.2 8.4 -0.218636
13.2 8.8 0.00910037
13.2 9.2 0.218474
13.2 9.6 0.269116
13.2 10 0.12384
13.2 10.4 -0.12271
13.2 10.8 -0.30507
13.2 11.2 -0.298615
13.2 11.6 -0.00124768
13.2 12 0
13.2 12.4 0
13.2 12.8 0
13.2 13.2 0
13.2 13.6 0
13.2 14 -0.0610507
13.2 14.4 -0.0821789
13.2 14.8 0.0999461
13.2 15.2 0.140424
13.2 15.6 0.121848
13.2 16 0.139837
13.2 16.4 0.234994
13.2 16.8 0.355245
13.2 17.2 0.392435
13.2 17.6 0.270325
13.2 18 0.0149417
13.2 18.4 -0.251857
13.2 18.8 -0.403448
13.2 19.2 -0.442021
13.2 19.6 0.0211839
13.2 20 0
13.2 20.4 0
13.2 20.8 0
13.2 21.2 0
13.2 21.6 0
13.2 22 0.0174005
13.2 22.4 0.083127
13.2 22.8 0.0325117
13.2 23.2 0.0161037
13.2 23.6 0.0132956
13.2 24 0.0099813
13.2 24.4 -0.000521741
13.2 24.8 -0.0170706
13.2 25.2 -0.0346092
13.2 25.6 -0.04905
13.2 26 -0.0592796
13.2 26.4 -0.00816523
13.2 26.8 0

13.6 0 0
13.6 0.4 -0.0130262
13.6 0.8 -0.0950818
13.6 1.2 -0.0638082
13.6 1.6 -0.022722
13.6 2 0.0123911
13.6 2.4 0.0297067
13.6 2.8 0.0298662
13.6 3.2 0.00399525
13.6 3.6 0
13.6 4 0
13.6 4.4 0
13.6 4.8 0
13.6 5.2 0
13.6 5.6 0
13.6 6 0
13.6 6.4 0.0882474
13.6 6.8 0.250615
13.6 7.2 0.0339797
13.6 7.6 -0.211095
13.6 8 -0.32714
13.6 8.4 -0.244663
13.6 8.8 -0.0269423
13.6 9.2 0.169158
13.6 9.6 0.19669
13.6 10 0.0180103
13.6 10.4 -0.268828
13.6 10.8 -0.497003
13.6 11.2 -0.107103
13.6 11.6 0
13.6 12 0
13.6 12.4 0
13.6 12.8 0
13.6 13.2 0
13.6 13.6 0
13.6 14 0
13.6 14.4 0.0222807
13.6 14.8 0.26148
13.6 15.2 0.189077
13.6 15.6 0.0882411
13.6 16 0.0381273
13.6 16.4 0.0774399
13.6 16.8 0.164155
13.6 17.2 0.208158
13.6 17.6 0.144769
13.6 18 -0.0116323
13.6 18.4 -0.180114
13.6 18.8 -0.282164
13.6 19.2 -0.0964264
13.6 19.6 0
13.6 20 0
13.6 20.4 0
13.6 20.8 0
13.6 21.2 0
13.6 21.6 0
13.6 22 0
13.6 22.4 0.00828245
13.6 22.8 -0.02487
13.6 23.2 -0.0214786
13.6 23.6 -0.0150368
13.6 24 -0.0173497
13.6 24.4 -0.0390391
13.6 24.8 -0.0823011
13.6 25.2 -0.139992
13.6 25.6 -0.199295
13.6 26 -0.247011
13.6 26.4 -0.0340448
13.6 26.8 0

14 0 0
14 0.4 0.000471827
14 0.8 0.00300207
14 1.2 0.00600082
14 1.6 0.00904039
14 2 0.00737496
14 2.4 -0.000799965
14 2.8 -0.0107306
14 3.2 -0.0014365
14 3.6 0
14 4 0
14 4.4 0
14 4.8 0
14 5.2 0
14 5.6 0
14 6 0
14 6.4 0.0294936
14 6.8 0.219529
14 7.2 0.0324404
14 7.6 -0.189299
14 8 -0.298363
14 8.4 -0.227428
14 8.8 -0.034712
14 9.2 0.134141
14 9.6 0.1448
14 10 -0.0335143
14 10.4 -0.306852
14 10.8 -0.522824
14 11.2 -0.0705345
14 11.6 0
14 12 0
14 12.4 0
14 12.8 0
14 13.2 0
14 13.6 0
14 14 0
14 14.4 0.0445796
14 14.8 0.327937
14 15.2 0.172449
14 15.6 -0.0216496
14 16 -0.155818
14 16.4 -0.180517
14 16.8 -0.121609
14 17.2 -0.0491305
14 17.6 -0.0167197
14 18 -0.0233656
14 18.4 -0.0294239
14 18.8 -0.0117831
14 19.2 0.000164904
14 19.6 0
14 20 0
14 20.4 0
14 20.8 0
14 21.2 0
14 21.6 0
14 22 0
14 22.4 -0.00993891
14 22.8 -0.073554
14 23.2 -0.0513217
14 23.6 -0.023526
14 24 -0.00748461
14 24.4 -0.019695
14 24.8 -0.066621
14 25.2 -0.140374
14 25.6 -0.22127
14 26 -0.28595
14 26.4 -0.0394122
14 26.8 0

14.4 0 0
14.4 0.4 0.0146674
14.4 0.8 0.106426
14.4 1.2 0.0823296
14.4 1.6 0.0493411
14.4 2 0.0122972
14.4 2.4 -0.0230373
14.4 2.8 -0.0492368
14.4 3.2 -0.021065
14.4 3.6 0
14.4 4 0
14.4 4.4 0
14.4 4.8 0
14.4 5.2 0
14.4 5.6 0
14.4 6 0
14.4 6.4 0.0349543
14.4 6.8 0.153445
14.4 7.2 0.0127369
14.4 7.6 -0.156936
14.4 8 -0.238641
14.4 8.4 -0.177401
14.4 8.8 -0.0204377
14.4 9.2 0.114626
14.4 9.6 0.122674
14.4 10 -0.0137595
14.4 10.4 -0.211559
14.4 10.8 -0.35045
14.4 11.2 -0.0240317
14.4 11.6 0
14.4 12 0
14.4 12.4 0
14.4 12.8 0
14.4 13.2 0
14.4 13.6 0
14.4 14 0
14.4 14.4 0.0985154
14.4 14.8 0.309805
14.4 15.2 0.104686
14.4 15.6 -0.141693
14.4 16 -0.3223
14.4 16.4 -0.385513
14.4 16.8 -0.346292
14.4 17.2 -0.25464
14.4 17.6 -0.147496
14.4 18 -0.0245074
14.4 18.4 0.130161
14.4 18.8 0.293838
14.4 19.2 0.171283
14.4 19.6 0
14.4 20 0
14.4 20.4 0
14.4 20.8 0
14.4 21.2 0
14.4 21.6 0
14.4 22 0
14.4 22.4 -0.0204063
14.4 22.8 -0.0844159
14.4 23.2 -0.0478939
14.4 23.6 0.00314293
14.4 24 0.047816
14.4 24.4 0.0646032
14.4 24.8 0.0417777
14.4 25.2 -0.015215
14.4 25.6 -0.0845447
14.4 26 -0.137577
14.4 26.4 -0.0189543
14.4 26.8 0

14.8 0 0
14.8 0.4 0.0224002
14.8 0.8 0.162944
14.8 1.2 0.124038
14.8 1.6 0.0720402
14.8 2 0.0176136
14.8 2.4 -0.0307356
14.8 2.8 -0.0701826
14.8 3.2 -0.10825
14.8 3.6 -0.0144538
14.8 4 0
14.8 4.4 0
14.8 4.8 0
14.8 5.2 0
14.8 5.6 0
14.8 6 0.0143072
14.8 6.4 0.103229
14.8 6.8 0.0900779
14.8 7.2 0.00182642
14.8 7.6 -0.106922
14.8 8 -0.158463
14.8 8.4 -0.114571
14.8 8.8 -0.00693565
14.8 9.2 0.0860601
14.8 9.6 0.0990204
14.8 10 0.0312614
14.8 10.4 -0.0471156
14.8 10.8 -0.0346128
14.8 11.2 0.169182
14.8 11.6 0.0232154
14.8 12 0
14.8 12.4 0
14.8 12.8 0
14.8 13.2 0
14.8 13.6 0
14.8 14 0.0559201
14.8 14.4 0.409044
14.8 14.8 0.243537
14.8 15.2 0.0206733
14.8 15.6 -0.20078
14.8 16 -0.352547
14.8 16.4 -0.406435
14.8 16.8 -0.380248
14.8 17.2 -0.307712
14.8 17.6 -0.201976
14.8 18 -0.04439
14.8 18.4 0.192762
14.8 18.8 0.518994
14.8 19.2 0.95876
14.8 19.6 0.129936
14.8 20 0
14.8 20.4 0
14.8 20.8 0
14.8 21.2 0
14.8 21.6 0
14.8 22 -0.00903361
14.8 22.4 -0.0688122
14.8 22.8 -0.0579542
14.8 23.2 -0.0195279
14.8 23.6 0.0411357
14.8 24 0.107396
14.8 24.4 0.156661
14.8 24.8 0.172049
14.8 25.2 0.153173
14.8 25.6 0.118233
14.8 26 0.0950584
14.8 26.4 0.0131243
14.8 26.8 0

15.2 0 0
15.2 0.4 0.0187064
15.2 0.8 0.136199
15.2 1.2 0.100709
15.2 1.6 0.0544424
15.2 2 0.00997293
15.2 2.4 -0.0243392
15.2 2.8 -0.0476484
15.2 3.2 -0.0641097
15.2 3.6 -0.00857706
15.2 4 0
15.2 4.4 0
15.2 4.8 0
15.2 5.2 0
15.2 5.6 0
15.2 6 0.0103154
15.2 6.4 0.0747882
15.2 6.8 0.0613594
15.2 7.2 0.0171558
15.2 7.6 -0.0396145
15.2 8 -0.0713095
15.2 8.4 -0.0576114
15.2 8.8 -0.0132859
15.2 9.2 0.0259142
15.2 9.6 0.0365628
15.2 10 0.0312345
15.2 10.4 0.0516761
15.2 10.8 0.133326
15.2 11.2 0.259325
15.2 11.6 0.0352338
15.2 12 0
15.2 12.4 0
15.2 12.8 0
15.2 13.2 0
15.2 13.6 0
15.2 14 0.0172948
15.2 14.4 0.127863
15.2 14.8 0.0368103
15.2 15.2 -0.0803409
15.2 15.6 -0.174037
15.2 16 -0.215452
15.2 16.4 -0.211838
15.2 16.8 -0.194192
15.2 17.2 -0.185141
15.2 17.6 -0.172686
15.2 18 -0.113582
15.2 18.4 0.0327696
15.2 18.8 0.262829
15.2 19.2 0.502716
15.2 19.6 0.067656
15.2 20 0
15.2 20.4 0
15.2 20.8 0
15.2 21.2 0
15.2 21.6 0
15.2 22 -0.00106182
15.2 22.4 -0.00909772
15.2 22.8 -0.011071
15.2 23.2 0.00392005
15.2 23.6 0.046005
15.2 24 0.109354
15.2 24.4 0.174447
15.2 24.8 0.220167
15.2 25.2 0.237904
15.2 25.6 0.237707
15.2 26 0.241593
15.2 26.4 0.033335
15.2 26.8 0

15.6 0 0
15.6 0.4 0.00487413
15.6 0.8 0.0354277
15.6 1.2 0.0178744
15.6 1.6 -0.00361939
15.6 2 -0.017739
15.6 2.4 -0.0191786
15.6 2.8 -0.0117306
15.6 3.2 -0.00470825
15.6 3.6 -0.00062157
15.6 4 0
15.6 4.4 0
15.6 4.8 0
15.6 5.2 0
15.6 5.6 0
15.6 6 0.00547966
15.6 6.4 0.0407228
15.6 6.8 0.0440167
15.6 7.2 0.0401955
15.6 7.6 0.0259879
15.6 8 0.00670519
15.6 8.4 -0.0138865
15.6 8.8 -0.0362783
15.6 9.2 -0.0577677
15.6 9.6 -0.063714
15.6 10 -0.030347
15.6 10.4 0.0577104
15.6 10.8 0.18583
15.6 11.2 0.301347
15.6 11.6 0.0407039
15.6 12 0
15.6 12.4 0
15.6 12.8 0
15.6 13.2 0
15.6 13.6 0
15.6 14 -0.0285064
15.6 14.4 -0.205866
15.6 14.8 -0.191942
15.6 15.2 -0.154802
15.6 15.6 -0.0760266
15.6 16 0.0273246
15.6 16.4 0.10915
15.6 16.8 0.121685
15.6 17.2 0.0492966
15.6 17.6 -0.075096
15.6 18 -0.184619
15.6 18.4 -0.219976
15.6 18.8 -0.173039
15.6 19.2 -0.105808
15.6 19.6 -0.0151603
15.6 20 0
15.6 20.4 0
15.6 20.8 0
15.6 21.2 0
15.6 21.6 0
15.6 22 0.00879543
15.6 22.4 0.0649642
15.6 22.8 0.0289158
15.6 23.2 -0.00513534
15.6 23.6 -0.00982854
15.6 24 0.0225439
15.6 24.4 0.0778342
15.6 24.8 0.131611
15.6 25.2 0.166521
15.6 25.6 0.182758
15.6 26 0.194595
15.6 26.4 0.0268621
15.6 26.8 0

16 0 0
16 0.4 -0.011135
16 0.8 -0.081351
16 1.2 -0.0784537
16 1.6 -0.0725637
16 2 -0.0547763
16 2.4 -0.0235711
16 2.8 0.0125875
16 3.2 0.0396531
16 3.6 0.0156772
16 4 0
16 4.4 0
16 4.8 0
16 5.2 0
16 5.6 0
16 6 -0.0246652
16 6.4 -0.018199
16 6.8 0.00516424
16 7.2 0.0376433
16 7.6 0.0634979
16 8 0.063068
16 8.4 0.0234443
16 8.8 -0.0491856
16 9.2 -0.124587
16 9.6 -0.158565
16 10 -0.117477
16 10.4 -0.00397478
16 10.8 0.134719
16 11.2 0.230305
16 11.6 0.0198081
16 12 0
16 12.4 0
16 12.8 0
16 13.2 0
16 13.6 0
16 14 -0.0788022
16 14.4 -0.383862
16 14.8 -0.309159
16 15.2 -0.163296
16 15.6 0.0426771
16 16 0.252738
16 16.4 0.39168
16 16.8 0.401788
16 17.2 0.272876
16 17.6 0.0497473
16 18 -0.188982
16 18.4 -0.370662
16 18.8 -0.466875
16 19.2 -0.508838
16 19.6 -0.132116
16 20 0
16 20.4 0
16 20.8 0
16 21.2 0
16 21.6 0
16 22 0.0510815
16 22.4 0.121268
16 22.8 0.0420025
16 23.2 -0.0492187
16 23.6 -0.109787
16 24 -0.120443
16 24.4 -0.0907258
16 24.8 -0.047934
16 25.2 -0.0169596
16 25.6 -0.00563959
16 26 -0.00563885
16 26.4 -0.000744614
16 26.8 0

16.4 0 0
16.4 0.4 -0.0190486
16.4 0.8 -0.139133
16.4 1.2 -0.126719
16.4 1.6 -0.108436
16.4 2 -0.0767411
16.4 2.4 -0.032272
16.4 2.8 0.0144703
16.4 3.2 0.0504295
16.4 3.6 0.0746155
16.4 4 0.0012341
16.4 4.4 0
16.4 4.8 0
16.4 5.2 0
16.4 5.6 -0.0372024
16.4 6 -0.161417
16.4 6.4 -0.111892
16.4 6.8 -0.0724464
16.4 7.2 -0.0111982
16.4 7.6 0.0572726
16.4 8 0.0944656
16.4 8.4 0.0680823
16.4 8.8 -0.0202585
16.4 9.2 -0.127776
16.4 9.6 -0.191987
16.4 10 -0.170797
16.4 10.4 -0.0757488
16.4 10.8 0.0261412
16.4 11.2 0.0464226
16.4 11.6 -0.0829053
16.4 12 -0.0848642
16.4 12.4 0
16.4 12.8 0
16.4 13.2 0
16.4 13.6 0.047897
16.4 14 -0.191244
16.4 14.4 -0.281405
16.4 14.8 -0.254302
16.4 15.2 -0.10725
16.4 15.6 0.117933
16.4 16 0.342795
16.4 16.4 0.484828
16.4 16.8 0.492077
16.4 17.2 0.362415
16.4 17.6 0.139882
16.4 18 -0.10656
16.4 18.4 -0.311461
16.4 18.8 -0.435806
16.4 19.2 -0.476344
16.4 19.6 -0.460626
16.4 20 -0.0177047
16.4 20.4 0
16.4 20.8 0
16.4 21.2 0
16.4 21.6 0.0415154
16.4 22 0.257867
16.4 22.4 0.152757
16.4 22.8 0.0275663
16.4 23.2 -0.103133
16.4 23.6 -0.199614
16.4 24 -0.238297
16.4 24.4 -0.227379
16.4 24.8 -0.197486
16.4 25.2 -0.178572
16.4 25.6 -0.181986
16.4 26 -0.200266
16.4 26.4 -0.0275887
16.4 26.8 0

16.8 0 0
16.8 0.4 -0.0130138
16.8 0.8 -0.0951108
16.8 1.2 -0.0907097
16.8 1.6 -0.0830297
16.8 2 -0.0637415
16.8 2.4 -0.0334009
16.8 2.8 -0.00338125
16.8 3.2 0.0104225
16.8 3.6 -0.00486863
16.8 4 -0.0676508
16.8 4.4 -0.0243286
16.8 4.8 -0.00893968
16.8 5.2 -0.0178754
16.8 5.6 -0.113594
16.8 6 -0.152478
16.8 6.4 -0.176818
16.8 6.8 -0.166085
16.8 7.2 -0.0963922
16.8 7.6 0.0129363
16.8 8 0.105749
16.8 8.4 0.126527
16.8 8.8 0.0609703
16.8 9.2 -0.0503308
16.8 9.6 -0.137242
16.8 10 -0.149986
16.8 10.4 -0.0986649
16.8 10.8 -0.0527753
16.8 11.2 -0.0969943
16.8 11.6 -0.273255
16.8 12 -0.547057
16.8 12.4 -0.125278
16.8 12.8 -0.0110899
16.8 13.2 0.112853
16.8 13.6 0.540616
16.8 14 0.178325
16.8 14.4 -0.0298629
16.8 14.8 -0.0958897
16.8 15.2 -0.0317476
16.8 15.6 0.110574
16.8 16 0.255392
16.8 16.4 0.339622
16.8 16.8 0.337488
16.8 17.2 0.260659
16.8 17.6 0.141267
16.8 18 0.0141886
16.8 18.4 -0.0907617
16.8 18.8 -0.147626
16.8 19.2 -0.13014
16.8 19.6 -0.00231059
16.8 20 0.324163
16.8 20.4 0.0669304
16.8 20.8 -0.00360678
16.8 21.2 -0.00996866
16.8 21.6 0.050355
16.8 22 0.124953
16.8 22.4 0.0888576
16.8 22.8 -0.0132955
16.8 23.2 -0.134765
16.8 23.6 -0.224836
16.8 24 -0.256096
16.8 24.4 -0.238391
16.8 24.8 -0.206581
16.8 25.2 -0.19309
16.8 25.6 -0.207041
16.8 26 -0.23518
16.8 26.4 -0.0324216
16.8 26.8 0

17.2 0 0
17.2 0.4 0.00394197
17.2 0.8 0.0286646
17.2 1.2 0.0121074
17.2 1.6 -0.00711071
17.2 2 -0.0178816
17.2 2.4 -0.0183953
17.2 2.8 -0.0182024
17.2 3.2 -0.030696
17.2 3.6 -0.061616
17.2 4 -0.101152
17.2 4.4 -0.111157
17.2 4.8 -0.0641154
17.2 5.2 -0.0190283
17.2 5.6 -0.0464029
17.2 6 -0.120591
17.2 6.4 -0.207038
17.2 6.8 -0.243672
17.2 7.2 -0.18602
17.2 7.6 -0.0476739
17.2 8 0.103214
17.2 8.4 0.187684
17.2 8.8 0.168696
17.2 9.2 0.0748387
17.2 9.6 -0.0231724
17.2 10 -0.0672576
17.2 10.4 -0.0578976
17.2 10.8 -0.0550846
17.2 11.2 -0.129446
17.2 11.6 -0.293315
17.2 12 -0.451315
17.2 12.4 -0.380491
17.2 12.8 -0.0810431
17.2 13.2 0.286825
17.2 13.6 0.476554
17.2 14 0.34695
17.2 14.4 0.164016
17.2 14.8 0.0465722
17.2 15.2 0.0189557
17.2 15.6 0.0407942
17.2 16 0.0572224
17.2 16.4 0.0441246
17.2 16.8 0.0187362
17.2 17.2 0.0145275
17.2 17.6 0.0469001
17.2 18 0.100555
17.2 18.4 0.146899
17.2 18.8 0.173385
17.2 19.2 0.196438
17.2 19.6 0.242288
17.2 20 0.29382
17.2 20.4 0.161935
17.2 20.8 -0.0266064
17.2 21.2 -0.122055
17.2 21.6 -0.054708
17.2 22 0.0172235
17.2 22.4 0.0214896
17.2 22.8 -0.0392832
17.2 23.2 -0.120563
17.2 23.6 -0.169382
17.2 24 -0.160227
17.2 24.4 -0.109383
17.2 24.8 -0.0583098
17.2 25.2 -0.0402972
17.2 25.6 -0.0571917
17.2 26 -0.0835127
17.2 26.4 -0.0115285
17.2 26.8 0

17.6 0 0
17.6 0.4 0.0212661
17.6 0.8 0.155134
17.6 1.2 0.117599
17.6 1.6 0.0721473
17.6 2 0.0332435
17.6 2.4 0.00544139
17.6 2.8 -0.0189478
17.6 3.2 -0.0510361
17.6 3.6 -0.0912658
17.6 4 -0.119886
17.6 4.4 -0.101163
17.6 4.8 -0.030383
17.6 5.2 0.0454982
17.6 5.6 0.0632816
17.6 6 -0.0288953
17.6 6.4 -0.17179
17.6 6.8 -0.267259
17.6 7.2 -0.243348
17.6 7.6 -0.100436
17.6 8 0.0885289
17.6 8.4 0.225379
17.6 8.8 0.25042
17.6 9.2 0.177545
17.6 9.6 0.0763529
17.6 10 0.0147264
17.6 10.4 0.00601329
17.6 10.8 0.00150079
17.6 11.2 -0.0634342
17.6 11.6 -0.201869
17.6 12 -0.333813
17.6 12.4 -0.306372
17.6 12.8 -0.0501431
17.6 13.2 0.280232
17.6 13.6 0.451232
17.6 14 0.377023
17.6 14.4 0.221624
17.6 14.8 0.103863
17.6 15.2 0.0410684
17.6 15.6 -0.0156703
17.6 16 -0.1088
17.6 16.4 -0.222376
17.6 16.8 -0.289088
17.6 17.2 -0.245693
17.6 17.6 -0.0885649
17.6 18 0.117252
17.6 18.4 0.282067
17.6 18.8 0.352173
17.6 19.2 0.337425
17.6 19.6 0.283672
17.6 20 0.210571
17.6 20.4 0.0728276
17.6 20.8 -0.092293
17.6 21.2 -0.16893
17.6 21.6 -0.112822
17.6 22 -0.0325217
17.6 22.4 -0.00417638
17.6 22.8 -0.0326211
17.6 23.2 -0.0728813
17.6 23.6 -0.0723574
17.6 24 -0.0118993
17.6 24.4 0.0809325
17.6 24.8 0.155057
17.6 25.2 0.176403
17.6 25.6 0.153688
17.6 26 0.129323
17.6 26.4 0.0178125
17.6 26.8 0

18 0 0
18 0.4 0.0276615
18 0.8 0.201749
18 1.2 0.156114
18 1.6 0.101416
18 2 0.0544526
18 2.4 0.0208094
18 2.8 -0.00808042
18 3.2 -0.045273
18 3.6 -0.0924888
18 4 -0.127342
18 4.4 -0.0936041
18 4.8 0.00460948
18 5.2 0.126743
18 5.6 0.231466
18 6 0.128121
18 6.4 -0.0671362
18 6.8 -0.225045
18 7.2 -0.251874
18 7.6 -0.133429
18 8 0.0588036
18 8.4 0.21489
18 8.8 0.258235
18 9.2 0.191903
18 9.6 0.0870283
18 10 0.0236281
18 10.4 0.0293941
18 10.8 0.0630757
18 11.2 0.0537756
18 11.6 -0.0365687
18 12 -0.176286
18 12.4 -0.239436
18 12.8 -0.0241221
18 13.2 0.276963
18 13.6 0.389259
18 14 0.251405
18 14.4 0.108266
18 14.8 0.0545158
18 15.2 0.0567761
18 15.6 0.0205571
18 16 -0.110622
18 16.4 -0.295356
18 16.8 -0.419259
18 17.2 -0.382881
18 17.6 -0.18173
18 18 0.0850523
18 18.4 0.28297
18 18.8 0.332738
18 19.2 0.253548
18 19.6 0.130625
18 20 0.0389811
18 20.4 -0.0358833
18 20.8 -0.167056
18 21.2 -0.211778
18 21.6 -0.105646
18 22 -0.00936949
18 22.4 0.0180468
18 22.8 -0.00811858
18 23.2 -0.0328056
18 23.6 -0.00215244
18 24 0.0947847
18 24.4 0.216107
18 24.8 0.298409
18 25.2 0.30599
18 25.6 0.259332
18 26 0.220218
18 26.4 0.0303647
18 26.8 0

18.4 0 0
18.4 0.4 0.0188389
18.4 0.8 0.137155
18.4 1.2 0.100683
18.4 1.6 0.0589004
18.4 2 0.0293848
18.4 2.4 0.0164973
18.4 2.8 0.00772637
18.4 3.2 -0.0164092
18.4 3.6 -0.067374
18.4 4 -0.142126
18.4 4.4 -0.0318868
18.4 4.8 0.000390085
18.4 5.2 0.0800343
18.4 5.6 0.462201
18.4 6 0.303384
18.4 6.4 0.0591723
18.4 6.8 -0.148737
18.4 7.2 -0.227154
18.4 7.6 -0.151372
18.4 8 0.0133652
18.4 8.4 0.153143
18.4 8.8 0.18256
18.4 9.2 0.100594
18.4 9.6 -0.0153366
18.4 10 -0.0712549
18.4 10.4 -0.0265868
18.4 10.8 0.0800324
18.4 11.2 0.165952
18.4 11.6 0.162962
18.4 12 0.00933086
18.4 12.4 -0.0314357
18.4 12.8 -0.00359645
18.4 13.2 0.0814858
18.4 13.6 0.324131
18.4 14 -0.0361985
18.4 14.4 -0.168145
18.4 14.8 -0.0877026
18.4 15.2 0.0825567
18.4 15.6 0.172628
18.4 16 0.0863798
18.4 16.4 -0.127708
18.4 16.8 -0.316257
18.4 17.2 -0.340168
18.4 17.6 -0.180225
18.4 18 0.0513511
18.4 18.4 0.198592
18.4 18.8 0.176936
18.4 19.2 0.0265772
18.4 19.6 -0.127844
18.4 20 -0.145682
18.4 20.4 -0.0242429
18.4 20.8 -0.0227284
18.4 21.2 -0.0303148
18.4 21.6 -0.0113177
18.4 22 0.0787826
18.4 22.4 0.0645891
18.4 22.8 0.00454125
18.4 23.2 -0.0371841
18.4 23.6 -0.00596347
18.4 24 0.100916
18.4 24.4 0.226411
18.4 24.8 0.293539
18.4 25.2 0.263846
18.4 25.6 0.169232
18.4 26 0.0911216
18.4 26.4 0.0126082
18.4 26.8 0

18.8 0 0
18.8 0.4 0.00075522
18.8 0.8 0.00487291
18.8 1.2 -0.0123525
18.8 1.6 -0.0284757
18.8 2 -0.0259231
18.8 2.4 -0.00247944
18.8 2.8 0.0247879
18.8 3.2 0.0308642
18.8 3.6 -0.00138325
18.8 4 -0.0189905
18.8 4.4 0
18.8 4.8 0
18.8 5.2 0
18.8 5.6 0.113963
18.8 6 0.37576
18.8 6.4 0.118448
18.8 6.8 -0.0963802
18.8 7.2 -0.20391
18.8 7.6 -0.166698
18.8 8 -0.0386337
18.8 8.4 0.0678834
18.8 8.8 0.0644653
18.8 9.2 -0.048476
18.8 9.6 -0.183578
18.8 10 -0.232487
18.8 10.4 -0.145288
18.8 10.8 0.0367681
18.8 11.2 0.222392
18.8 11.6 0.370717
18.8 12 0.0514128
18.8 12.4 0
18.8 12.8 0
18.8 13.2 0
18.8 13.6 -0.0277943
18.8 14 -0.53099
18.8 14.4 -0.552782
18.8 14.8 -0.278394
18.8 15.2 0.11509
18.8 15.6 0.386452
18.8 16 0.392494
18.8 16.4 0.178275
18.8 16.8 -0.0715818
18.8 17.2 -0.179193
18.8 17.6 -0.103112
18.8 18 0.045671
18.8 18.4 0.106744
18.8 18.8 0.00432131
18.8 19.2 -0.198569
18.8 19.6 -0.377311
18.8 20 -0.0708171
18.8 20.4 0
18.8 20.8 0
18.8 21.2 0
18.8 21.6 0.0249073
18.8 22 0.192925
18.8 22.4 0.0909841
18.8 22.8 -0.0155751
18.8 23.2 -0.0883611
18.8 23.6 -0.0739198
18.8 24 0.0250828
18.8 24.4 0.138531
18.8 24.8 0.17629
18.8 25.2 0.0964111
18.8 25.6 -0.0591645
18.8 26 -0.190699
18.8 26.4 -0.0261954
18.8 26.8 0

19.2 0 0
19.2 0.4 -0.0141867
19.2 0.8 -0.104444
19.2 1.2 -0.106466
19.2 1.6 -0.10228
19.2 2 -0.073736
19.2 2.4 -0.0200056
19.2 2.8 0.0387307
19.2 3.2 0.0759882
19.2 3.6 0.0102648
19.2 4 0
19.2 4.4 0
19.2 4.8 0
19.2 5.2 0
19.2 5.6 0
19.2 6 0.0570159
19.2 6.4 0.0456353
19.2 6.8 -0.100781
19.2 7.2 -0.206077
19.2 7.6 -0.185987
19.2 8 -0.0780096
19.2 8.4 0.00616779
19.2 8.8 -0.024888
19.2 9.2 -0.167955
19.2 9.6 -0.324582
19.2 10 -0.373162
19.2 10.4 -0.259224
19.2 10.8 -0.0384728
19.2 11.2 0.15362
19.2 11.6 0.0709253
19.2 12 0
19.2 12.4 0
19.2 12.8 0
19.2 13.2 0
19.2 13.6 0
19.2 14 -0.190576
19.2 14.4 -0.873214
19.2 14.8 -0.434052
19.2 15.2 0.14332
19.2 15.6 0.56418
19.2 16 0.64702
19.2 16.4 0.433679
19.2 16.8 0.134806
19.2 17.2 -0.0389874
19.2 17.6 -0.0273828
19.2 18 0.0599595
19.2 18.4 0.0605159
19.2 18.8 -0.0874915
19.2 19.2 -0.278988
19.2 19.6 -0.0893066
19.2 20 0
19.2 20.4 0
19.2 20.8 0
19.2 21.2 0
19.2 21.6 0
19.2 22 0.0313619
19.2 22.4 0.0374088
19.2 22.8 -0.0611886
19.2 23.2 -0.148778
19.2 23.6 -0.146595
19.2 24 -0.0534295
19.2 24.4 0.0516073
19.2 24.8 0.0666761
19.2 25.2 -0.0542759
19.2 25.6 -0.261271
19.2 26 -0.438732
19.2 26.4 -0.0603512
19.2 26.8 0

19.6 0 0
19.6 0.4 0
19.6 0.8 -0.0141867
19.6 1.2 -0.0145138
19.6 1.6 -0.0139998
19.6 2 -0.0101268
19.6 2.4 -0.00276639
19.6 2.8 0.00530859
19.6 3.2 0.0104424
19.6 3.6 0
19.6 4 0
19.6 4.4 0
19.6 4.8 0
19.6 5.2 0
19.6 5.6 0
19.6 6 0
19.6 6.4 0.00622003
19.6 6.8 -0.0139164
19.6 7.2 -0.028385
19.6 7.6 -0.025598
19.6 8 -0.0107177
19.6 8.4 0.000893157
19.6 8.8 -0.00334477
19.6 9.2 -0.022995
19.6 9.6 -0.0445268
19.6 10 -0.0512212
19.6 10.4 -0.0355826
19.6 10.8 -0.00525741
19.6 11.2 0.0211395
19.6 11.6 0
19.6 12 0
19.6 12.4 0
19.6 12.8 0
19.6 13.2 0
19.6 13.6 0
19.6 14 0
19.6 14.4 -0.120359
19.6 14.8 -0.0598707
19.6 15.2 0.0196622
19.6 15.6 0.0776668
19.6 16 0.089164
19.6 16.4 0.0599134
19.6 16.8 0.0188891
19.6 17.2 -0.00496072
19.6 17.6 -0.00337296
19.6 18 0.00855119
19.6 18.4 0.0084769
19.6 18.8 -0.0120372
19.6 19.2 -0.038478
19.6 19.6 0
19.6 20 0
19.6 20.4 0
19.6 20.8 0
19.6 21.2 0
19.6 21.6 0
19.6 22 0
19.6 22.4 0.00513178
19.6 22.8 -0.00845812
19.6 23.2 -0.0205285
19.6 23.6 -0.0202231
19.6 24 -0.00737265
19.6 24.4 0.00712184
19.6 24.8 0.00922375
19.6 25.2 -0.00741673
19.6 25.6 -0.0359162
19.6 26 -0.0603512
19.6 26.4 0
19.6 26.8 0

20 0 0
20 0.4 0
20 0.8 0
20 1.2 0
20 1.6 0
20 2 0
20 2.4 0
20 2.8 0
20 3.2 0
20 3.6 0
20 4 0
20 4.4 0
20 4.8 0
20 5.2 0
20 5.6 0
20 6 0
20 6.4 0
20 6.8 0
20 7.2 0
20 7.6 0
20 8 0
20 8.4 0
20 8.8 0
20 9.2 0
20 9.6 0
20 10 0
20 10.4 0
20 10.8 0
20 11.2 0
20 11.6 0
20 12 0
20 12.4 0
20 12.8 0
20 13.2 0
20 13.6 0
20 14 0
20 14.4 0
20 14.8 0
20 15.2 0
20 15.6 0
20 16 0
20 16.4 0
20 16.8 0
20 17.2 0
20 17.6 0
20 18 0
20 18.4 0
20 18.8 0
20 19.2 0
20 19.6 0
20 20 0
20 20.4 0
20 20.8 0
20 21.2 0
20 21.6 0
20 22 0
20 22.4 0
20 22.8 0
20 23.2 0
20 23.6 0
20 24 0
20 24.4 0
20 24.8 0
20 25.2 0
20 25.6 0
20 26 0
20 26.4 0
20 26.8 0

