0 0 0
0 0.4 0
0 0.8 0
0 1.2 0
0 1.6 0
0 2 0
0 2.4 0
0 2.8 0
0 3.2 0
0 3.6 0
0 4 0
0 4.4 0
0 4.8 0
0 5.2 0
0 5.6 0
0 6 0
0 6.4 0
0 6.8 0
0 7.2 0
0 7.6 0
0 8 0
0 8.4 0
0 8.8 0
0 9.2 0
0 9.6 0
0 10 0
0 10.4 0
0 10.8 0
0 11.2 0
0 11.6 0
0 12 0
0 12.4 0
0 12.8 0
0 13.2 0
0 13.6 0
0 14 0
0 14.4 0
0 14.8 0
0 15.2 0
0 15.6 0
0 16 0
0 16.4 0
0 16.8 0
0 17.2 0
0 17.6 0
0 18 0
0 18.4 0
0 18.8 0
0 19.2 0
0 19.6 0
0 20 0
0 20.4 0
0 20.8 0
0 21.2 0
0 21.6 0
0 22 0
0 22.4 0
0 22.8 0
0 23.2 0
0 23.6 0
0 24 0
0 24.4 0
0 24.8 0
0 25.2 0
0 25.6 0
0 26 0
0 26.4 0
0 26.8 0

0.4 0 0
0.4 0.4 0
0.4 0.8 -0.0983221
0.4 1.2 -0.0658144
0.4 1.6 -0.02036
0.4 2 0.0244916
0.4 2.4 0.0540365
0.4 2.8 0.0578031
0.4 3.2 0.0346768
0.4 3.6 -0.00570605
0.4 4 -0.0471691
0.4 4.4 -0.074719
0.4 4.8 -0.0802878
0.4 5.2 -0.0632979
0.4 5.6 -0.0300276
0.4 6 0.00756044
0.4 6.4 0.0339253
0.4 6.8 0.0369993
0.4 7.2 0.016445
0.4 7.6 -0.014375
0.4 8 -0.0360681
0.4 8.4 -0.0358775
0.4 8.8 -0.0162907
0.4 9.2 0.0071613
0.4 9.6 0.0175453
0.4 10 0.00891684
0.4 10.4 -0.00998831
0.4 10.8 -0.0235853
0.4 11.2 -0.0224185
0.4 11.6 -0.0106848
0.4 12 -0.00179726
0.4 12.4 -0.00540705
0.4 12.8 -0.0173206
0.4 13.2 -0.0235192
0.4 13.6 -0.013192
0.4 14 0.0105112
0.4 14.4 0.031918
0.4 14.8 0.0359761
0.4 15.2 0.0210818
0.4 15.6 0.00108385
0.4 16 -0.00523081
0.4 16.4 0.0110104
0.4 16.8 0.0410829
0.4 17.2 0.0643298
0.4 17.6 0.063064
0.4 18 0.0358151
0.4 18.4 -0.000949713
0.4 18.8 -0.0238166
0.4 19.2 -0.0182757
0.4 19.6 0.0117713
0.4 20 0.0471145
0.4 20.4 0.0663074
0.4 20.8 0.0596417
0.4 21.2 0.0352875
0.4 21.6 0.012748
0.4 22 0.00853717
0.4 22.4 0.0247241
0.4 22.8 0.0486557
0.4 23.2 0.0621579
0.4 23.6 0.053763
0.4 24 0.0261138
0.4 24.4 -0.00610441
0.4 24.8 -0.0261402
0.4 25.2 -0.0262245
0.4 25.6 -0.0122095
0.4 26 0.00123585
0.4 26.4 0
0.4 26.8 0

0.8 0 0
0.8 0.4 -0.0983221
0.8 0.8 -0.713787
0.8 1.2 -0.477642
0.8 1.6 -0.147459
0.8 2 0.178278
0.8 2.4 0.392711
0.8 2.8 0.419833
0.8 3.2 0.251604
0.8 3.6 -0.0419023
0.8 4 -0.343138
0.8 4.4 -0.543138
0.8 4.8 -0.58336
0.8 5.2 -0.459694
0.8 5.6 -0.21788
0.8 6 0.0550273
0.8 6.4 0.246241
0.8 6.8 0.268193
0.8 7.2 0.11864
0.8 7.6 -0.105319
0.8 8 -0.262818
0.8 8.4 -0.261363
0.8 8.8 -0.119089
0.8 9.2 0.0512252
0.8 9.6 0.12666
0.8 10 0.0641251
0.8 10.4 -0.0729783
0.8 10.8 -0.17158
0.8 11.2 -0.163178
0.8 11.6 -0.0782249
0.8 12 -0.0139553
0.8 12.4 -0.0401589
0.8 12.8 -0.126181
0.8 13.2 -0.170349
0.8 13.6 -0.0945583
0.8 14 0.0778661
0.8 14.4 0.232907
0.8 14.8 0.261425
0.8 15.2 0.152268
0.8 15.6 0.00647364
0.8 16 -0.0392814
0.8 16.4 0.0792401
0.8 16.8 0.298293
0.8 17.2 0.467353
0.8 17.6 0.457856
0.8 18 0.259278
0.8 18.4 -0.00830918
0.8 18.8 -0.174453
0.8 19.2 -0.1336
0.8 19.6 0.0856816
0.8 20 0.343417
0.8 20.4 0.483419
0.8 20.8 0.434932
0.8 21.2 0.257414
0.8 21.6 0.0928925
0.8 22 0.061663
0.8 22.4 0.179004
0.8 22.8 0.353034
0.8 23.2 0.451534
0.8 23.6 0.390932
0.8 24 0.190246
0.8 24.4 -0.0438942
0.8 24.8 -0.189706
0.8 25.2 -0.190597
0.8 25.6 -0.0889943
0.8 26 0.00855662
0.8 26.4 0.00123585
0.8 26.8 0

1.2 0 0
1.2 0.4 -0.059851
1.2 0.8 -0.434535
1.2 1.2 -0.289896
1.2 1.6 -0.0848435
1.2 2 0.12111
1.2 2.4 0.258834
1.2 2.8 0.276864
1.2 3.2 0.171552
1.2 3.6 -0.00287094
1.2 4 -0.161397
1.2 4.4 -0.241372
1.2 4.8 -0.23406
1.2 5.2 -0.152984
1.2 5.6 -0.0227748
1.2 6 0.124894
1.2 6.4 0.227581
1.2 6.8 0.221456
1.2 7.2 0.0987965
1.2 7.6 -0.0712114
1.2 8 -0.182205
1.2 8.4 -0.165144
1.2 8.8 -0.0399556
1.2 9.2 0.0975008
1.2 9.6 0.146571
1.2 10 0.0776039
1.2 10.4 -0.0472843
1.2 10.8 -0.126049
1.2 11.2 -0.10144
1.2 11.6 -0.00992483
1.2 12 0.0480239
1.2 12.4 0.000227448
1.2 12.8 -0.112476
1.2 13.2 -0.182439
1.2 13.6 -0.128714
1.2 14 0.0262822
1.2 14.4 0.16809
1.2 14.8 0.191033
1.2 15.2 0.0840832
1.2 15.6 -0.0592015
1.2 16 -0.112175
1.2 16.4 -0.0135124
1.2 16.8 0.18289
1.2 17.2 0.344094
1.2 17.6 0.354331
1.2 18 0.199067
1.2 18.4 -0.0234975
1.2 18.8 -0.171224
1.2 19.2 -0.155455
1.2 19.6 0.00197507
1.2 20 0.189597
1.2 20.4 0.28457
1.2 20.8 0.230499
1.2 21.2 0.0804661
1.2 21.6 -0.044459
1.2 22 -0.0480715
1.2 22.4 0.0672731
1.2 22.8 0.215667
1.2 23.2 0.288458
1.2 23.6 0.226001
1.2 24 0.0570759
1.2 24.4 -0.119751
1.2 24.8 -0.201057
1.2 25.2 -0.147007
1.2 25.6 -0.00734197
1.2 26 0.112973
1.2 26.4 0.0155662
1.2 26.8 0

1.6 0 0
1.6 0.4 -0.0108932
1.6 0.8 -0.079168
1.6 1.2 -0.056618
1.6 1.6 -0.0189006
1.6 2 0.0275364
1.6 2.4 0.0628431
1.6 2.8 0.0652129
1.6 3.2 0.0349437
1.6 3.6 0.00898294
1.6 4 0.0404786
1.6 4.4 0.135695
1.6 4.8 0.213118
1.6 5.2 0.232455
1.6 5.6 0.195555
1.6 6 0.169558
1.6 6.4 0.162499
1.6 6.8 0.132377
1.6 7.2 0.0564027
1.6 7.6 -0.0358336
1.6 8 -0.0827594
1.6 8.4 -0.0438507
1.6 8.8 0.0598453
1.6 9.2 0.154103
1.6 9.6 0.16619
1.6 10 0.0839679
1.6 10.4 -0.0294983
1.6 10.8 -0.0822987
1.6 11.2 -0.0282564
1.6 11.6 0.0871935
1.6 12 0.149714
1.6 12.4 0.0634561
1.6 12.8 -0.0978663
1.6 13.2 -0.208948
1.6 13.6 -0.177828
1.6 14 -0.029247
1.6 14.4 0.104987
1.6 14.8 0.119643
1.6 15.2 0.00679209
1.6 15.6 -0.143084
1.6 16 -0.210389
1.6 16.4 -0.134997
1.6 16.8 0.0396732
1.6 17.2 0.199382
1.6 17.6 0.241098
1.6 18 0.144618
1.6 18.4 -0.0189776
1.6 18.8 -0.14271
1.6 19.2 -0.160372
1.6 19.6 -0.086653
1.6 20 0.00421318
1.6 20.4 0.0376579
1.6 20.8 -0.0300221
1.6 21.2 -0.152527
1.6 21.6 -0.2291
1.6 22 -0.186464
1.6 22.4 -0.0646622
1.6 22.8 0.0521909
1.6 23.2 0.0862202
1.6 23.6 0.0119709
1.6 24 -0.124763
1.6 24.4 -0.231804
1.6 24.8 -0.22746
1.6 25.2 -0.0945973
1.6 25.6 0.104096
1.6 26 0.261185
1.6 26.4 0.0359222
1.6 26.8 0

2 0 0
2 0.4 0.0275087
2 0.8 0.199567
2 1.2 0.11529
2 1.6 0.005714
2 2 -0.0869971
2 2.4 -0.140961
2 2.8 -0.158361
2 3.2 -0.143477
2 3.6 -0.0731714
2 4 0.107039
2 4.4 0.389372
2 4.8 0.532071
2 5.2 0.49104
2 5.6 0.261488
2 6 0.077449
2 6.4 0.00444812
2 6.8 -0.00936043
2 7.2 -0.0125339
2 7.6 -0.0164173
2 8 -0.000995171
2 8.4 0.0514093
2 8.8 0.125144
2 9.2 0.171968
2 9.6 0.147645
2 10 0.0547643
2 10.4 -0.0461279
2 10.8 -0.0734374
2 11.2 0.0132257
2 11.6 0.170015
2 12 0.270962
2 12.4 0.125529
2 12.8 -0.0870785
2 13.2 -0.233912
2 13.6 -0.20633
2 14 -0.0355277
2 14.4 0.0949239
2 14.8 0.0933909
2 15.2 -0.0336415
2 15.6 -0.193919
2 16 -0.274593
2 16.4 -0.220028
2 16.8 -0.0657231
2 17.2 0.0918207
2 17.6 0.165065
2 18 0.130945
2 18.4 0.0352957
2 18.8 -0.052405
2 19.2 -0.0933047
2 19.6 -0.100867
2 20 -0.11312
2 20.4 -0.132189
2 20.8 -0.215858
2 21.2 -0.324969
2 21.6 -0.371567
2 22 -0.264183
2 22.4 -0.129099
2 22.8 -0.0479689
2 23.2 -0.0613653
2 23.6 -0.156909
2 24 -0.271392
2 24.4 -0.320296
2 24.8 -0.244742
2 25.2 -0.0495467
2 25.6 0.192399
2 26 0.375101
2 26.4 0.0515916
2 26.8 0

2.4 0 0
2.4 0.4 0.0426234
2.4 0.8 0.309244
2.4 1.2 0.167353
2.4 1.6 -0.0215241
2.4 2 -0.184562
2.4 2.4 -0.278962
2.4 2.8 -0.30828
2.4 3.2 -0.301299
2.4 3.6 -0.261083
2.4 4 -0.0710062
2.4 4.4 0.0431273
2.4 4.8 0.0724185
2.4 5.2 0.0772367
2.4 5.6 0.0785814
2.4 6 -0.183974
2.4 6.4 -0.216969
2.4 6.8 -0.157841
2.4 7.2 -0.0740582
2.4 7.6 -0.00263066
2.4 8 0.0502994
2.4 8.4 0.0935876
2.4 8.8 0.126517
2.4 9.2 0.129454
2.4 9.6 0.0815852
2.4 10 -0.00978013
2.4 10.4 -0.0963171
2.4 10.8 -0.110533
2.4 11.2 -0.0099506
2.4 11.6 0.19131
2.4 12 0.433097
2.4 12.4 0.0762341
2.4 12.8 -0.0115361
2.4 13.2 -0.0591872
2.4 13.6 -0.200512
2.4 14 0.0510124
2.4 14.4 0.162467
2.4 14.8 0.126228
2.4 15.2 -0.0229525
2.4 15.6 -0.189734
2.4 16 -0.273617
2.4 16.4 -0.230855
2.4 16.8 -0.0963049
2.4 17.2 0.0500365
2.4 17.6 0.13988
2.4 18 0.156352
2.4 18.4 0.127995
2.4 18.8 0.0914463
2.4 19.2 0.0547027
2.4 19.6 -0.00716765
2.4 20 -0.126115
2.4 20.4 -0.0339498
2.4 20.8 -0.028848
2.4 21.2 -0.105157
2.4 21.6 -0.455022
2.4 22 -0.225966
2.4 22.4 -0.0735615
2.4 22.8 -0.0324278
2.4 23.2 -0.0952535
2.4 23.6 -0.216177
2.4 24 -0.321633
2.4 24.4 -0.339047
2.4 24.8 -0.231385
2.4 25.2 -0.0193386
2.4 25.6 0.223629
2.4 26 0.40274
2.4 26.4 0.0554252
2.4 26.8 0

2.8 0 0
2.8 0.4 0.035879
2.8 0.8 0.260208
2.8 1.2 0.116673
2.8 1.6 -0.0717495
2.8 2 -0.222208
2.8 2.4 -0.291067
2.8 2.8 -0.299864
2.8 3.2 -0.324194
2.8 3.6 -0.477618
2.8 4 -0.0750791
2.8 4.4 0
2.8 4.8 0
2.8 5.2 0
2.8 5.6 -0.0629759
2.8 6 -0.539366
2.8 6.4 -0.370786
2.8 6.8 -0.216341
2.8 7.2 -0.0687806
2.8 7.6 0.0366153
2.8 8 0.0847367
2.8 8.4 0.0896389
2.8 8.8 0.0735339
2.8 9.2 0.0447775
2.8 9.6 -0.00331927
2.8 10 -0.0729931
2.8 10.4 -0.142241
2.8 10.8 -0.166916
2.8 11.2 -0.106957
2.8 11.6 0.0507212
2.8 12 0.0656516
2.8 12.4 0
2.8 12.8 0
2.8 13.2 0
2.8 13.6 0.0103981
2.8 14 0.278094
2.8 14.4 0.277677
2.8 14.8 0.179594
2.8 15.2 0.00817494
2.8 15.6 -0.150633
2.8 16 -0.217933
2.8 16.4 -0.173235
2.8 16.8 -0.0585051
2.8 17.2 0.0595663
2.8 17.6 0.137993
2.8 18 0.177054
2.8 18.4 0.202224
2.8 18.8 0.226899
2.8 19.2 0.232668
2.8 19.6 0.180624
2.8 20 0.00810328
2.8 20.4 0
2.8 20.8 0
2.8 21.2 0
2.8 21.6 -0.0664639
2.8 22 -0.0351483
2.8 22.4 0.094818
2.8 22.8 0.0828082
2.8 23.2 -0.0236117
2.8 23.6 -0.163173
2.8 24 -0.265882
2.8 24.4 -0.276987
2.8 24.8 -0.179024
2.8 25.2 0.000213208
2.8 25.6 0.198025
2.8 26 0.341971
2.8 26.4 0.0471047
2.8 26.8 0

3.2 0 0
3.2 0.4 0.0194082
3.2 0.8 0.140532
3.2 1.2 0.0308091
3.2 1.6 -0.105337
3.2 2 -0.188731
3.2 2.4 -0.182237
3.2 2.8 -0.115624
3.2 3.2 -0.0624194
3.2 3.6 -0.0738202
3.2 4 0
3.2 4.4 0
3.2 4.8 0
3.2 5.2 0
3.2 5.6 0
3.2 6 -0.105464
3.2 6.4 -0.236325
3.2 6.8 -0.108473
3.2 7.2 0.0331697
3.2 7.6 0.117849
3.2 8 0.119984
3.2 8.4 0.0645094
3.2 8.8 -0.000253115
3.2 9.2 -0.0415213
3.2 9.6 -0.0613558
3.2 10 -0.0844863
3.2 10.4 -0.127198
3.2 10.8 -0.176927
3.2 11.2 -0.20574
3.2 11.6 -0.0210048
3.2 12 0
3.2 12.4 0
3.2 12.8 0
3.2 13.2 0
3.2 13.6 0
3.2 14 0.0797484
3.2 14.4 0.305846
3.2 14.8 0.175726
3.2 15.2 0.00626677
3.2 15.6 -0.11757
3.2 16 -0.143048
3.2 16.4 -0.0804049
3.2 16.8 0.0134455
3.2 17.2 0.0836106
3.2 17.6 0.116138
3.2 18 0.140058
3.2 18.4 0.190816
3.2 18.8 0.270998
3.2 19.2 0.343406
3.2 19.6 0.0708041
3.2 20 0
3.2 20.4 0
3.2 20.8 0
3.2 21.2 0
3.2 21.6 0
3.2 22 0.0348488
3.2 22.4 0.294614
3.2 22.8 0.215674
3.2 23.2 0.084812
3.2 23.6 -0.0534534
3.2 24 -0.14691
3.2 24.4 -0.162429
3.2 24.8 -0.0983925
3.2 25.2 0.0179293
3.2 25.6 0.143036
3.2 26 0.233269
3.2 26.4 0.0321589
3.2 26.8 0

3.6 0 0
3.6 0.4 0.00682524
3.6 0.8 0.049074
3.6 1.2 -0.0240838
3.6 1.6 -0.105193
3.6 2 -0.12464
3.6 2.4 -0.0520449
3.6 2.8 0.079666
3.6 3.2 0.192153
3.6 3.6 0.0259839
3.6 4 0
3.6 4.4 0
3.6 4.8 0
3.6 5.2 0
3.6 5.6 0
3.6 6 -0.00448095
3.6 6.4 -0.0343072
3.6 6.8 0.0647999
3.6 7.2 0.174674
3.6 7.6 0.213659
3.6 8 0.154644
3.6 8.4 0.0372056
3.6 8.8 -0.0650365
3.6 9.2 -0.098415
3.6 9.6 -0.0659253
3.6 10 -0.0205076
3.6 10.4 -0.0210223
3.6 10.8 -0.0830431
3.6 11.2 -0.160238
3.6 11.6 -0.021527
3.6 12 0
3.6 12.4 0
3.6 12.8 0
3.6 13.2 0
3.6 13.6 0
3.6 14 0.0297904
3.6 14.4 0.217397
3.6 14.8 0.0872767
3.6 15.2 -0.0522282
3.6 15.6 -0.114908
3.6 16 -0.0769465
3.6 16.4 0.0158328
3.6 16.8 0.0885143
3.6 17.2 0.0956454
3.6 17.6 0.0544349
3.6 18 0.0277134
3.6 18.4 0.0705174
3.6 18.8 0.18055
3.6 19.2 0.291811
3.6 19.6 0.0392711
3.6 20 0
3.6 20.4 0
3.6 20.8 0
3.6 21.2 0
3.6 21.6 0
3.6 22 0.0461134
3.6 22.4 0.340619
3.6 22.8 0.258579
3.6 23.2 0.144857
3.6 23.6 0.0360949
3.6 24 -0.032865
3.6 24.4 -0.0476083
3.6 24.8 -0.0169485
3.6 25.2 0.0369494
3.6 25.6 0.0911768
3.6 26 0.129659
3.6 26.4 0.0178694
3.6 26.8 0

4 0 0
4 0.4 0.0049244
4 0.8 0.0352504
4 1.2 -0.0217165
4 1.6 -0.0819715
4 2 -0.0859868
4 2.4 -0.00442155
4 2.8 0.139561
4 3.2 0.276472
4 3.6 0.084758
4 4 0
4 4.4 0
4 4.8 0
4 5.2 0
4 5.6 0
4 6 0.00393364
4 6.4 0.0888546
4 6.8 0.178038
4 7.2 0.267907
4 7.6 0.273983
4 8 0.171207
4 8.4 0.0110679
4 8.8 -0.11174
4 9.2 -0.125324
4 9.6 -0.0320056
4 10 0.0903066
4 10.4 0.14084
4 10.8 0.0688304
4 11.2 -0.0706048
4 11.6 -0.0823417
4 12 0
4 12.4 0
4 12.8 0
4 13.2 0
4 13.6 0
4 14 0.0466092
4 14.4 0.0868347
4 14.8 -0.0435366
4 15.2 -0.142177
4 15.6 -0.131644
4 16 -0.0228059
4 16.4 0.103617
4 16.8 0.156014
4 17.2 0.0978494
4 17.6 -0.0260537
4 18 -0.12074
4 18.4 -0.108868
4 18.8 0.0128909
4 19.2 0.160472
4 19.6 0.0706643
4 20 0
4 20.4 0
4 20.8 0
4 21.2 0
4 21.6 0
4 22 0.0180375
4 22.4 0.227702
4 22.8 0.183077
4 23.2 0.116895
4 23.6 0.0557782
4 24 0.0219842
4 24.4 0.0188737
4 24.8 0.0334566
4 25.2 0.0496515
4 25.6 0.0595543
4 26 0.0653557
4 26.4 0.00895708
4 26.8 0

4.4 0 0
4.4 0.4 0.0110606
4.4 0.8 0.0798919
4.4 1.2 0.0192533
4.4 1.6 -0.0554902
4.4 2 -0.0960079
4.4 2.4 -0.0689138
4.4 2.8 0.0289306
4.4 3.2 0.176386
4.4 3.6 0.346629
4.4 4 0.0472757
4.4 4.4 0
4.4 4.8 0
4.4 5.2 0
4.4 5.6 -0.00825689
4.4 6 -0.0601834
4.4 6.4 0.039786
4.4 6.8 0.159831
4.4 7.2 0.259531
4.4 7.6 0.267364
4.4 8 0.157277
4.4 8.4 -0.0166736
4.4 8.8 -0.147628
4.4 9.2 -0.146334
4.4 9.6 -0.00615994
4.4 10 0.184683
4.4 10.4 0.292427
4.4 10.8 0.214787
4.4 11.2 -0.0721614
4.4 11.6 -0.533895
4.4 12 -0.0729248
4.4 12.4 0
4.4 12.8 0
4.4 13.2 0
4.4 13.6 0.0347242
4.4 14 0.254903
4.4 14.4 0.0183155
4.4 14.8 -0.158071
4.4 15.2 -0.217076
4.4 15.6 -0.136839
4.4 16 0.03224
4.4 16.4 0.183801
4.4 16.8 0.218407
4.4 17.2 0.108875
4.4 17.6 -0.080712
4.4 18 -0.235432
4.4 18.4 -0.261848
4.4 18.8 -0.139117
4.4 19.2 0.0871733
4.4 19.6 0.359274
4.4 20 0.0491168
4.4 20.4 0
4.4 20.8 0
4.4 21.2 0
4.4 21.6 -0.0128172
4.4 22 -0.0973097
4.4 22.4 0.00905112
4.4 22.8 0.0366455
4.4 23.2 0.0273968
4.4 23.6 0.0105716
4.4 24 0.00617857
4.4 24.4 0.0171704
4.4 24.8 0.0333408
4.4 25.2 0.0431424
4.4 25.6 0.0439622
4.4 26 0.042374
4.4 26.4 0.00574028
4.4 26.8 0

4.8 0 0
4.8 0.4 0.016479
4.8 0.8 0.119479
4.8 1.2 0.0574278
4.8 1.6 -0.0336129
4.8 2 -0.123967
4.8 2.4 -0.18211
4.8 2.8 -0.182277
4.8 3.2 -0.0942912
4.8 3.6 0.20316
4.8 4 0.0277905
4.8 4.4 0
4.8 4.8 0
4.8 5.2 0
4.8 5.6 -0.0154411
4.8 6 -0.112692
4.8 6.4 -0.0614451
4.8 6.8 0.0500021
4.8 7.2 0.166582
4.8 7.6 0.205735
4.8 8 0.123503
4.8 8.4 -0.0402903
4.8 8.8 -0.178383
4.8 9.2 -0.186049
4.8 9.6 -0.0349485
4.8 10 0.200449
4.8 10.4 0.384214
4.8 10.8 0.395311
4.8 11.2 0.168186
4.8 11.6 -0.416218
4.8 12 -0.0569146
4.8 12.4 0
4.8 12.8 0
4.8 13.2 0
4.8 13.6 0.0240594
4.8 14 0.175997
4.8 14.4 -0.142867
4.8 14.8 -0.261112
4.8 15.2 -0.24524
4.8 15.6 -0.106064
4.8 16 0.0945613
4.8 16.4 0.250134
4.8 16.8 0.269541
4.8 17.2 0.136342
4.8 17.6 -0.0785561
4.8 18 -0.261688
4.8 18.4 -0.326645
4.8 18.8 -0.256108
4.8 19.2 -0.0745567
4.8 19.6 0.281827
4.8 20 0.0385308
4.8 20.4 0
4.8 20.8 0
4.8 21.2 0
4.8 21.6 -0.0220463
4.8 22 -0.164996
4.8 22.4 -0.132843
4.8 22.8 -0.0706104
4.8 23.2 -0.0458303
4.8 23.6 -0.0454573
4.8 24 -0.0458383
4.8 24.4 -0.0343501
4.8 24.8 -0.0125901
4.8 25.2 0.0109432
4.8 25.6 0.0290894
4.8 26 0.0396818
4.8 26.4 0.00535712
4.8 26.8 0

5.2 0 0
5.2 0.4 0.01252
5.2 0.8 0.0910883
5.2 1.2 0.0570469
5.2 1.6 -0.00818469
5.2 2 -0.106133
5.2 2.4 -0.221473
5.2 2.8 -0.334387
5.2 3.2 -0.473371
5.2 3.6 -0.0365396
5.2 4 0
5.2 4.4 0
5.2 4.8 0
5.2 5.2 0
5.2 5.6 0
5.2 6 -0.0386909
5.2 6.4 -0.169636
5.2 6.8 -0.0873575
5.2 7.2 0.0452842
5.2 7.6 0.132193
5.2 8 0.099582
5.2 8.4 -0.0410536
5.2 8.8 -0.19457
5.2 9.2 -0.244824
5.2 9.6 -0.134379
5.2 10 0.0965525
5.2 10.4 0.340532
5.2 10.8 0.510743
5.2 11.2 0.657769
5.2 11.6 0.0327464
5.2 12 0
5.2 12.4 0
5.2 12.8 0
5.2 13.2 0
5.2 13.6 0
5.2 14 -0.0323401
5.2 14.4 -0.417637
5.2 14.8 -0.293942
5.2 15.2 -0.189842
5.2 15.6 -0.0325804
5.2 16 0.149674
5.2 16.4 0.277544
5.2 16.8 0.282627
5.2 17.2 0.159476
5.2 17.6 -0.0271205
5.2 18 -0.185791
5.2 18.4 -0.261912
5.2 18.8 -0.279002
5.2 19.2 -0.348003
5.2 19.6 -0.00927694
5.2 20 0
5.2 20.4 0
5.2 20.8 0
5.2 21.2 0
5.2 21.6 0
5.2 22 -0.050743
5.2 22.4 -0.209568
5.2 22.8 -0.0614699
5.2 23.2 -0.0277451
5.2 23.6 -0.0474578
5.2 24 -0.078539
5.2 24.4 -0.0919985
5.2 24.8 -0.0766661
5.2 25.2 -0.0388515
5.2 25.6 0.00435413
5.2 26 0.0339913
5.2 26.4 0.00459837
5.2 26.8 0

5.6 0 0
5.6 0.4 -0.00415049
5.6 0.8 -0.0296065
5.6 1.2 0.00557454
5.6 1.6 0.0292905
5.6 2 -0.00101729
5.6 2.4 -0.0859674
5.6 2.8 -0.175426
5.6 3.2 -0.0881187
5.6 3.6 0
5.6 4 0
5.6 4.4 0
5.6 4.8 0
5.6 5.2 0
5.6 5.6 0
5.6 6 0
5.6 6.4 -0.0485029
5.6 6.8 -0.187549
5.6 7.2 -0.0465145
5.6 7.6 0.0897305
5.6 8 0.113001
5.6 8.4 0.000430794
5.6 8.8 -0.173555
5.6 9.2 -0.290263
5.6 9.6 -0.266304
5.6 10 -0.106278
5.6 10.4 0.106022
5.6 10.8 0.265382
5.6 11.2 0.126172
5.6 11.6 0
5.6 12 0
5.6 12.4 0
5.6 12.8 0
5.6 13.2 0
5.6 13.6 0
5.6 14 0
5.6 14.4 -0.0670267
5.6 14.8 -0.0799322
5.6 15.2 -0.0303947
5.6 15.6 0.0578429
5.6 16 0.162356
5.6 16.4 0.232277
5.6 16.8 0.224053
5.6 17.2 0.139293
5.6 17.6 0.0278809
5.6 18 -0.048828
5.6 18.4 -0.0661232
5.6 18.8 -0.0537966
5.6 19.2 -0.0551834
5.6 19.6 0
5.6 20 0
5.6 20.4 0
5.6 20.8 0
5.6 21.2 0
5.6 21.6 0
5.6 22 0
5.6 22.4 -0.00892248
5.6 22.8 0.147452
5.6 23.2 0.109293
5.6 23.6 0.0326066
5.6 24 -0.0541871
5.6 24.4 -0.11379
5.6 24.8 -0.12332
5.6 25.2 -0.0856737
5.6 25.6 -0.0273894
5.6 26 0.0158326
5.6 26.4 0.00213633
5.6 26.8 0

6 0 0
6 0.4 -0.0295633
6 0.8 -0.213878
6 1.2 -0.0824781
6 1.6 0.0702612
6 2 0.150761
6 2.4 0.131491
6 2.8 0.075276
6 3.2 0.0103797
6 3.6 0
6 4 0
6 4.4 0
6 4.8 0
6 5.2 0
6 5.6 0
6 6 0
6 6.4 -0.0331016
6 6.8 -0.246826
6 7.2 -0.0858995
6 7.6 0.0924845
6 8 0.165256
6 8.4 0.084437
6 8.8 -0.0989393
6 9.2 -0.274096
6 9.6 -0.343895
6 10 -0.283081
6 10.4 -0.147838
6 10.8 -0.0375094
6 11.2 -0.00474328
6 11.6 0
6 12 0
6 12.4 0
6 12.8 0
6 13.2 0
6 13.6 0
6 14 0
6 14.4 0.0193382
6 14.8 0.141062
6 15.2 0.1096
6 15.6 0.0912478
6 16 0.095192
6 16.4 0.101891
6 16.8 0.0875964
6 17.2 0.0537889
6 17.6 0.0315283
6 18 0.0528975
6 18.4 0.116671
6 18.8 0.181617
6 19.2 0.0247976
6 19.6 0
6 20 0
6 20.4 0
6 20.8 0
6 21.2 0
6 21.6 0
6 22 0
6 22.4 0.0443665
6 22.8 0.328221
6 23.2 0.260629
6 23.6 0.14971
6 24 0.0203148
6 24.4 -0.0837622
6 24.8 -0.127933
6 25.2 -0.108099
6 25.6 -0.0532083
6 26 -0.0086371
6 26.4 -0.00121639
6 26.8 0

6.4 0 0
6.4 0.4 -0.0541095
6.4 0.8 -0.392028
6.4 1.2 -0.168637
6.4 1.6 0.104446
6.4 2 0.279124
6.4 2.4 0.294664
6.4 2.8 0.224383
6.4 3.2 0.00854457
6.4 3.6 0
6.4 4 0
6.4 4.4 0
6.4 4.8 0
6.4 5.2 0
6.4 5.6 0
6.4 6 0
6.4 6.4 -0.0725332
6.4 6.8 -0.240969
6.4 7.2 -0.0720195
6.4 7.6 0.122487
6.4 8 0.22519
6.4 8.4 0.179582
6.4 8.8 0.0160105
6.4 9.2 -0.174401
6.4 9.6 -0.297906
6.4 10 -0.311865
6.4 10.4 -0.242938
6.4 10.8 -0.168194
6.4 11.2 -0.0109999
6.4 11.6 0
6.4 12 0
6.4 12.4 0
6.4 12.8 0
6.4 13.2 0
6.4 13.6 0
6.4 14 0
6.4 14.4 0.0757081
6.4 14.8 0.236839
6.4 15.2 0.129715
6.4 15.6 0.0212993
6.4 16 -0.0464304
6.4 16.4 -0.0726538
6.4 16.8 -0.0760086
6.4 17.2 -0.0642847
6.4 17.6 -0.0247645
6.4 18 0.0565
6.4 18.4 0.165695
6.4 18.8 0.256763
6.4 19.2 0.0518502
6.4 19.6 0
6.4 20 0
6.4 20.4 0
6.4 20.8 0
6.4 21.2 0
6.4 21.6 0
6.4 22 0
6.4 22.4 0.0366243
6.4 22.8 0.349349
6.4 23.2 0.316783
6.4 23.6 0.232119
6.4 24 0.106602
6.4 24.4 -0.0148559
6.4 24.8 -0.0877064
6.4 25.2 -0.0959431
6.4 25.6 -0.0613061
6.4 26 -0.0275622
6.4 26.4 -0.00383091
6.4 26.8 0

6.8 0 0
6.8 0.4 -0.0674184
6.8 0.8 -0.488751
6.8 1.2 -0.206185
6.8 1.6 0.13759
6.8 2 0.346351
6.8 2.4 0.323185
6.8 2.8 0.117693
6.8 3.2 -0.16306
6.8 3.6 -0.0221424
6.8 4 0
6.8 4.4 0
6.8 4.8 0
6.8 5.2 0
6.8 5.6 0
6.8 6 -0.0401895
6.8 6.4 -0.29373
6.8 6.8 -0.191211
6.8 7.2 -0.028906
6.8 7.6 0.141409
6.8 8 0.243166
6.8 8.4 0.232411
6.8 8.8 0.123326
6.8 9.2 -0.0233356
6.8 9.6 -0.136828
6.8 10 -0.173256
6.8 10.4 -0.131706
6.8 10.8 -0.0401127
6.8 11.2 0.0910192
6.8 11.6 0.0117589
6.8 12 0
6.8 12.4 0
6.8 12.8 0
6.8 13.2 0
6.8 13.6 0
6.8 14 0.0436376
6.8 14.4 0.328615
6.8 14.8 0.189592
6.8 15.2 0.0176657
6.8 15.6 -0.126217
6.8 16 -0.198121
6.8 16.4 -0.201601
6.8 16.8 -0.170066
6.8 17.2 -0.130415
6.8 17.6 -0.0825396
6.8 18 -0.0131307
6.8 18.4 0.0740075
6.8 18.8 0.141232
6.8 19.2 0.132524
6.8 19.6 0.0169405
6.8 20 0
6.8 20.4 0
6.8 20.8 0
6.8 21.2 0
6.8 21.6 0
6.8 22 -0.0106616
6.8 22.4 -0.0790928
6.8 22.8 0.125899
6.8 23.2 0.226059
6.8 23.6 0.235293
6.8 24 0.167623
6.8 24.4 0.0655315
6.8 24.8 -0.0190667
6.8 25.2 -0.0556096
6.8 25.6 -0.0501653
6.8 26 -0.0347713
6.8 26.4 -0.00483329
6.8 26.8 0

7.2 0 0
7.2 0.4 -0.0643876
7.2 0.8 -0.466917
7.2 1.2 -0.167939
7.2 1.6 0.188053
7.2 2 0.376613
7.2 2.4 0.288992
7.2 2.8 -0.000328293
7.2 3.2 -0.285278
7.2 3.6 -0.0388215
7.2 4 0
7.2 4.4 0
7.2 4.8 0
7.2 5.2 0
7.2 5.6 0
7.2 6 -0.0160412
7.2 6.4 -0.115923
7.2 6.8 -0.0603473
7.2 7.2 0.0255274
7.2 7.6 0.117283
7.2 8 0.182197
7.2 8.4 0.198419
7.2 8.8 0.166569
7.2 9.2 0.108221
7.2 9.6 0.0546622
7.2 10 0.0328148
7.2 10.4 0.054759
7.2 10.8 0.1141
7.2 11.2 0.186079
7.2 11.6 0.0250462
7.2 12 0
7.2 12.4 0
7.2 12.8 0
7.2 13.2 0
7.2 13.6 0
7.2 14 0.0162157
7.2 14.4 0.121993
7.2 14.8 -0.00655968
7.2 15.2 -0.166538
7.2 15.6 -0.269296
7.2 16 -0.271953
7.2 16.4 -0.198406
7.2 16.8 -0.111967
7.2 17.2 -0.0639331
7.2 17.6 -0.0599001
7.2 18 -0.0679387
7.2 18.4 -0.0581548
7.2 18.8 -0.0346443
7.2 19.2 -0.0280321
7.2 19.6 -0.00464479
7.2 20 0
7.2 20.4 0
7.2 20.8 0
7.2 21.2 0
7.2 21.6 0
7.2 22 -0.0406701
7.2 22.4 -0.300875
7.2 22.8 -0.11961
7.2 23.2 0.0659756
7.2 23.6 0.179027
7.2 24 0.193294
7.2 24.4 0.133783
7.2 24.8 0.0527598
7.2 25.2 -0.00575933
7.2 25.6 -0.0293939
7.2 26 -0.033536
7.2 26.4 -0.00463868
7.2 26.8 0

7.6 0 0
7.6 0.4 -0.0488324
7.6 0.8 -0.354123
7.6 1.2 -0.0708819
7.6 1.6 0.257435
7.6 2 0.396982
7.6 2.4 0.239716
7.6 2.8 -0.121169
7.6 3.2 -0.446424
7.6 3.6 -0.0608134
7.6 4 0
7.6 4.4 0
7.6 4.8 0
7.6 5.2 0
7.6 5.6 0
7.6 6 0.0114696
7.6 6.4 0.0862263
7.6 6.8 0.072264
7.6 7.2 0.0520938
7.6 7.6 0.0381352
7.6 8 0.0448856
7.6 8.4 0.0766107
7.6 8.8 0.122244
7.6 9.2 0.161793
7.6 9.6 0.180618
7.6 10 0.180901
7.6 10.4 0.180002
7.6 10.8 0.19552
7.6 11.2 0.22741
7.6 11.6 0.0311437
7.6 12 0
7.6 12.4 0
7.6 12.8 0
7.6 13.2 0
7.6 13.6 0
7.6 14 -0.0081831
7.6 14.4 -0.0639956
7.6 14.8 -0.174165
7.6 15.2 -0.29158
7.6 15.6 -0.317135
7.6 16 -0.218586
7.6 16.4 -0.0481309
7.6 16.8 0.0960828
7.6 17.2 0.137847
7.6 17.6 0.0719679
7.6 18 -0.0413192
7.6 18.4 -0.127205
7.6 18.8 -0.153529
7.6 19.2 -0.148729
7.6 19.6 -0.0206285
7.6 20 0
7.6 20.4 0
7.6 20.8 0
7.6 21.2 0
7.6 21.6 0
7.6 22 -0.0725097
7.6 22.4 -0.53639
7.6 22.8 -0.330824
7.6 23.2 -0.0801176
7.6 23.6 0.113734
7.6 24 0.196727
7.6 24.4 0.176938
7.6 24.8 0.104422
7.6 25.2 0.0322549
7.6 25.6 -0.0124836
7.6 26 -0.0312705
7.6 26.4 -0.00426596
7.6 26.8 0

8 0 0
8 0.4 -0.0316507
8 0.8 -0.2294
8 1.2 0.0288315
8 1.6 0.322954
8 2 0.422133
8 2.4 0.221524
8 2.8 -0.183095
8 3.2 -0.549869
8 3.6 -0.194395
8 4 0
8 4.4 0
8 4.8 0
8 5.2 0
8 5.6 0
8 6 0.0364671
8 6.4 0.191911
8 6.8 0.133761
8 7.2 0.031788
8 7.6 -0.0703109
8 8 -0.116351
8 8.4 -0.0781332
8 8.8 0.0239015
8 9.2 0.133894
8 9.6 0.197908
8 10 0.198722
8 10.4 0.162294
8 10.8 0.131802
8 11.2 0.130076
8 11.6 0.00882901
8 12 0
8 12.4 0
8 12.8 0
8 13.2 0
8 13.6 0
8 14 0.0791793
8 14.4 -0.0348492
8 14.8 -0.163526
8 15.2 -0.2657
8 15.6 -0.242549
8 16 -0.0749478
8 16.4 0.161882
8 16.8 0.342542
8 17.2 0.371738
8 17.6 0.245551
8 18 0.0506697
8 18.4 -0.0975416
8 18.8 -0.132301
8 19.2 -0.0832358
8 19.6 0.0631125
8 20 0
8 20.4 0
8 20.8 0
8 21.2 0
8 21.6 0
8 22 -0.138501
8 22.4 -0.595744
8 22.8 -0.388541
8 23.2 -0.124237
8 23.6 0.0919381
8 24 0.196247
8 24.4 0.189532
8 24.8 0.11995
8 25.2 0.0435018
8 25.6 -0.00781541
8 26 -0.0309663
8 26.4 -0.00415483
8 26.8 0

8.4 0 0
8.4 0.4 -0.0241242
8.4 0.8 -0.174667
8.4 1.2 0.0699657
8.4 1.6 0.351557
8.4 2 0.448988
8.4 2.4 0.258585
8.4 2.8 -0.140833
8.4 3.2 -0.558494
8.4 3.6 -0.875125
8.4 4 -0.156378
8.4 4.4 0
8.4 4.8 0
8.4 5.2 0
8.4 5.6 -0.0357484
8.4 6 0.0813723
8.4 6.4 0.145062
8.4 6.8 0.110664
8.4 7.2 -0.0110133
8.4 7.6 -0.150392
8.4 8 -0.221751
8.4 8.4 -0.180798
8.4 8.8 -0.0548985
8.4 9.2 0.0761872
8.4 9.6 0.135849
8.4 10 0.102536
8.4 10.4 0.0200235
8.4 10.8 -0.0419908
8.4 11.2 -0.0516347
8.4 11.6 -0.0681423
8.4 12 0.0451098
8.4 12.4 0
8.4 12.8 0
8.4 13.2 0
8.4 13.6 0.183924
8.4 14 0.606802
8.4 14.4 0.269383
8.4 14.8 0.0367688
8.4 15.2 -0.10726
8.4 15.6 -0.106364
8.4 16 0.050415
8.4 16.4 0.284583
8.4 16.8 0.462818
8.4 17.2 0.480375
8.4 17.6 0.331477
8.4 18 0.113347
8.4 18.4 -0.0356113
8.4 18.8 -0.0197275
8.4 19.2 0.176823
8.4 19.6 0.548437
8.4 20 0.144926
8.4 20.4 0
8.4 20.8 0
8.4 21.2 0
8.4 21.6 -0.0420012
8.4 22 -0.428555
8.4 22.4 -0.405109
8.4 22.8 -0.24689
8.4 23.2 -0.0378506
8.4 23.6 0.127298
8.4 24 0.193385
8.4 24.4 0.165567
8.4 24.8 0.0919321
8.4 25.2 0.023992
8.4 25.6 -0.0138817
8.4 26 -0.0270237
8.4 26.4 -0.00358283
8.4 26.8 0

8.8 0 0
8.8 0.4 -0.0306511
8.8 0.8 -0.221875
8.8 1.2 0.02677
8.8 1.6 0.323518
8.8 2 0.461534
8.8 2.4 0.340921
8.8 2.8 0.0298534
8.8 3.2 -0.289718
8.8 3.6 -0.438121
8.8 4 -0.269036
8.8 4.4 -0.00913934
8.8 4.8 0.0179026
8.8 5.2 -0.0555358
8.8 5.6 -0.336884
8.8 6 -0.098488
8.8 6.4 0.0454387
8.8 6.8 0.0664504
8.8 7.2 -0.0232919
8.8 7.6 -0.148041
8.8 8 -0.21283
8.8 8.4 -0.169492
8.8 8.8 -0.0509421
8.8 9.2 0.0530039
8.8 9.6 0.0624967
8.8 10 -0.0317081
8.8 10.4 -0.158139
8.8 10.8 -0.213736
8.8 11.2 -0.134827
8.8 11.6 0.0717532
8.8 12 0.405215
8.8 12.4 0.149867
8.8 12.8 0.0876973
8.8 13.2 0.170486
8.8 13.6 0.748106
8.8 14 0.648817
8.8 14.4 0.47154
8.8 14.8 0.263791
8.8 15.2 0.0766737
8.8 15.6 -0.0069695
8.8 16 0.0547311
8.8 16.4 0.211984
8.8 16.8 0.348326
8.8 17.2 0.361049
8.8 17.6 0.235309
8.8 18 0.0559126
8.8 18.4 -0.0516231
8.8 18.8 -0.00392104
8.8 19.2 0.189212
8.8 19.6 0.429904
8.8 20 0.522028
8.8 20.4 0.0416585
8.8 20.8 -0.0297959
8.8 21.2 0.0133953
8.8 21.6 0.119299
8.8 22 -0.0488592
8.8 22.4 -0.0647315
8.8 22.8 0.0145612
8.8 23.2 0.118779
8.8 23.6 0.179825
8.8 24 0.166327
8.8 24.4 0.0974569
8.8 24.8 0.0220555
8.8 25.2 -0.0194223
8.8 25.6 -0.0214244
8.8 26 -0.00899451
8.8 26.4 -0.00113944
8.8 26.8 0

9.2 0 0
9.2 0.4 -0.0458469
9.2 0.8 -0.332033
9.2 1.2 -0.0728133
9.2 1.6 0.247489
9.2 2 0.438707
9.2 2.4 0.405531
9.2 2.8 0.2029
9.2 3.2 -0.0113641
9.2 3.6 -0.0863787
9.2 4 0.0276368
9.2 4.4 0.204395
9.2 4.8 0.13133
9.2 5.2 -0.0674069
9.2 5.6 -0.211506
9.2 6 -0.118835
9.2 6.4 0.0105479
9.2 6.8 0.065421
9.2 7.2 0.0232649
9.2 7.6 -0.0584717
9.2 8 -0.0964749
9.2 8.4 -0.0508011
9.2 8.8 0.0407411
9.2 9.2 0.0901039
9.2 9.6 0.02862
9.2 10 -0.131894
9.2 10.4 -0.294572
9.2 10.8 -0.335461
9.2 11.2 -0.185451
9.2 11.6 0.123665
9.2 12 0.477801
9.2 12.4 0.701972
9.2 12.8 0.643765
9.2 13.2 0.510653
9.2 13.6 0.549117
9.2 14 0.611738
9.2 14.4 0.596569
9.2 14.8 0.448771
9.2 15.2 0.21436
9.2 15.6 0.00923168
9.2 16 -0.0749857
9.2 16.4 -0.038929
9.2 16.8 0.0341904
9.2 17.2 0.0519336
9.2 17.6 -0.0134017
9.2 18 -0.108172
9.2 18.4 -0.145939
9.2 18.8 -0.0811515
9.2 19.2 0.0504673
9.2 19.6 0.145278
9.2 20 0.0802162
9.2 20.4 -0.212764
9.2 20.8 -0.220315
9.2 21.2 -0.0192886
9.2 21.6 0.17515
9.2 22 0.218105
9.2 22.4 0.231198
9.2 22.8 0.242856
9.2 23.2 0.235828
9.2 23.6 0.184401
9.2 24 0.0892059
9.2 24.4 -0.0138641
9.2 24.8 -0.0759942
9.2 25.2 -0.0718907
9.2 25.6 -0.0201096
9.2 26 0.0295074
9.2 26.4 0.00407611
9.2 26.8 0

9.6 0 0
9.6 0.4 -0.0582142
9.6 0.8 -0.421761
9.6 1.2 -0.164273
9.6 1.6 0.159086
9.6 2 0.376837
9.6 2.4 0.399996
9.6 2.8 0.271361
9.6 3.2 0.124223
9.6 3.6 0.0823411
9.6 4 0.166188
9.6 4.4 0.252675
9.6 4.8 0.167483
9.6 5.2 -0.0133659
9.6 5.6 -0.125639
9.6 6 -0.0773471
9.6 6.4 0.0306243
9.6 6.8 0.0994368
9.6 7.2 0.0964596
9.6 7.6 0.0599507
9.6 8 0.0524519
9.6 8.4 0.0993368
9.6 8.8 0.159989
9.6 9.2 0.156176
9.6 9.6 0.037283
9.6 10 -0.166158
9.6 10.4 -0.34499
9.6 10.8 -0.373888
9.6 11.2 -0.194727
9.6 11.6 0.135369
9.6 12 0.460412
9.6 12.4 0.593854
9.6 12.8 0.474915
9.6 13.2 0.307861
9.6 13.6 0.346775
9.6 14 0.56109
9.6 14.4 0.685117
9.6 14.8 0.583341
9.6 15.2 0.29737
9.6 15.6 -0.0249405
9.6 16 -0.246159
9.6 16.4 -0.323319
9.6 16.8 -0.307186
9.6 17.2 -0.276418
9.6 17.6 -0.268385
9.6 18 -0.261585
9.6 18.4 -0.216836
9.6 18.8 -0.132483
9.6 19.2 -0.0646556
9.6 19.6 -0.0895037
9.6 20 -0.229722
9.6 20.4 -0.376709
9.6 20.8 -0.301195
9.6 21.2 -0.0314318
9.6 21.6 0.250263
9.6 22 0.36807
9.6 22.4 0.37522
9.6 22.8 0.324023
9.6 23.2 0.231486
9.6 23.6 0.103209
9.6 24 -0.0378395
9.6 24.4 -0.145503
9.6 24.8 -0.174549
9.6 25.2 -0.114479
9.6 25.6 -0.00499305
9.6 26 0.0832303
9.6 26.4 0.0113925
9.6 26.8 0

10 0 0
10 0.4 -0.0580335
10 0.8 -0.420529
10 1.2 -0.189797
10 1.6 0.0986369
10 2 0.294494
10 2.4 0.318429
10 2.8 0.206138
10 3.2 0.0750679
10 3.6 0.0420829
10 4 0.14552
10 4.4 0.277785
10 4.8 0.205838
10 5.2 0.0345699
10 5.6 -0.0652981
10 6 -0.024949
10 6.4 0.056974
10 6.8 0.116603
10 7.2 0.130775
10 7.6 0.124727
10 8 0.139412
10 8.4 0.185373
10 8.8 0.223084
10 9.2 0.18979
10 9.6 0.053704
10 10 -0.145361
10 10.4 -0.305012
10 10.8 -0.318157
10 11.2 -0.144306
10 11.6 0.155689
10 12 0.441929
10 12.4 0.523451
10 12.8 0.344662
10 13.2 0.146211
10 13.6 0.252898
10 14 0.620395
10 14.4 0.797394
10 14.8 0.6804
10 15.2 0.343909
10 15.6 -0.0422298
10 16 -0.327323
10 16.4 -0.457018
10 16.8 -0.469173
10 17.2 -0.428928
10 17.6 -0.369009
10 18 -0.282299
10 18.4 -0.162713
10 18.8 -0.0479106
10 19.2 -0.0164845
10 19.6 -0.135024
10 20 -0.379596
10 20.4 -0.523822
10 20.8 -0.393774
10 21.2 -0.0488424
10 21.6 0.322196
10 22 0.391699
10 22.4 0.333858
10 22.8 0.228457
10 23.2 0.0999177
10 23.6 -0.0422906
10 24 -0.173703
10 24.4 -0.251304
10 24.8 -0.236897
10 25.2 -0.129728
10 25.6 0.0205302
10 26 0.134717
10 26.4 0.0184619
10 26.8 0

10.4 0 0
10.4 0.4 -0.0439765
10.4 0.8 -0.318679
10.4 1.2 -0.137686
10.4 1.6 0.0829366
10.4 2 0.216757
10.4 2.4 0.197465
10.4 2.8 0.0567772
10.4 3.2 -0.101689
10.4 3.6 -0.163008
10.4 4 -0.0183809
10.4 4.4 0.0355752
10.4 4.8 0.0282514
10.4 5.2 -0.00315658
10.4 5.6 -0.0629909
10.4 6 0.00645398
10.4 6.4 0.044229
10.4 6.8 0.072078
10.4 7.2 0.0833841
10.4 7.6 0.0920013
10.4 8 0.118034
10.4 8.4 0.159715
10.4 8.8 0.184108
10.4 9.2 0.14906
10.4 9.6 0.0409435
10.4 10 -0.101799
10.4 10.4 -0.201576
10.4 10.8 -0.187233
10.4 11.2 -0.042119
10.4 11.6 0.187962
10.4 12 0.464753
10.4 12.4 0.135586
10.4 12.8 0.0477467
10.4 13.2 0.079621
10.4 13.6 0.420538
10.4 14 0.91655
10.4 14.4 0.932656
10.4 14.8 0.701895
10.4 15.2 0.337218
10.4 15.6 -0.0143131
10.4 16 -0.243627
10.4 16.4 -0.335585
10.4 16.8 -0.342891
10.4 17.2 -0.317153
10.4 17.6 -0.262928
10.4 18 -0.154103
10.4 18.4 0.0104082
10.4 18.8 0.169321
10.4 19.2 0.218517
10.4 19.6 0.0698675
10.4 20 -0.338316
10.4 20.4 -0.116645
10.4 20.8 -0.0531276
10.4 21.2 0.0625974
10.4 21.6 0.50954
10.4 22 0.314765
10.4 22.4 0.140114
10.4 22.8 0.0102426
10.4 23.2 -0.0909342
10.4 23.6 -0.180074
10.4 24 -0.252466
10.4 24.4 -0.279619
10.4 24.8 -0.231527
10.4 25.2 -0.108022
10.4 25.6 0.0468178
10.4 26 0.161961
10.4 26.4 0.0222539
10.4 26.8 0

10.8 0 0
10.8 0.4 -0.0236276
10.8 0.8 -0.171204
10.8 1.2 -0.0484583
10.8 1.6 0.0939361
10.8 2 0.155975
10.8 2.4 0.0872434
10.8 2.8 -0.0838065
10.8 3.2 -0.277825
10.8 3.6 -0.440253
10.8 4 -0.0622828
10.8 4.4 0
10.8 4.8 0
10.8 5.2 0
10.8 5.6 -0.00198492
10.8 6 0.0426493
10.8 6.4 -0.0257298
10.8 6.8 -0.0359694
10.8 7.2 -0.0272546
10.8 7.6 -0.00604642
10.8 8 0.026252
10.8 8.4 0.0583976
10.8 8.8 0.0697296
10.8 9.2 0.0448399
10.8 9.6 -0.0103247
10.8 10 -0.0642327
10.8 10.4 -0.0754904
10.8 10.8 -0.0209921
10.8 11.2 0.0787237
10.8 11.6 0.151585
10.8 12 0.0847635
10.8 12.4 0
10.8 12.8 0
10.8 13.2 0
10.8 13.6 0.260188
10.8 14 1.47283
10.8 14.4 0.897681
10.8 14.8 0.518756
10.8 15.2 0.209574
10.8 15.6 0.0221323
10.8 16 -0.0253481
10.8 16.4 0.00239563
10.8 16.8 0.0152319
10.8 17.2 -0.0192906
10.8 17.6 -0.0502747
10.8 18 0.00313202
10.8 18.4 0.167665
10.8 18.8 0.376143
10.8 19.2 0.513277
10.8 19.6 0.520818
10.8 20 0.024721
10.8 20.4 0
10.8 20.8 0
10.8 21.2 0
10.8 21.6 0.0784365
10.8 22 0.0701135
10.8 22.4 -0.153541
10.8 22.8 -0.231657
10.8 23.2 -0.241384
10.8 23.6 -0.231117
10.8 24 -0.221882
10.8 24.4 -0.203164
10.8 24.8 -0.150084
10.8 25.2 -0.0532964
10.8 25.6 0.0629903
10.8 26 0.150389
10.8 26.4 0.0207249
10.8 26.8 0

11.2 0 0
11.2 0.4 -0.00748387
11.2 0.8 -0.0542482
11.2 1.2 0.0177842
11.2 1.6 0.0945335
11.2 2 0.104544
11.2 2.4 0.0167759
11.2 2.8 -0.136631
11.2 3.2 -0.277157
11.2 3.6 -0.0977409
11.2 4 0
11.2 4.4 0
11.2 4.8 0
11.2 5.2 0
11.2 5.6 0
11.2 6 -0.0184994
11.2 6.4 -0.182809
11.2 6.8 -0.163838
11.2 7.2 -0.127434
11.2 7.6 -0.0791155
11.2 8 -0.0380364
11.2 8.4 -0.0233825
11.2 8.8 -0.0390535
11.2 9.2 -0.067758
11.2 9.6 -0.0788721
11.2 10 -0.0466897
11.2 10.4 0.0333227
11.2 10.8 0.139591
11.2 11.2 0.231827
11.2 11.6 0.0527427
11.2 12 0
11.2 12.4 0
11.2 12.8 0
11.2 13.2 0
11.2 13.6 0
11.2 14 0.227314
11.2 14.4 0.191252
11.2 14.8 0.0227133
11.2 15.2 -0.0693808
11.2 15.6 0.0163335
11.2 16 0.227314
11.2 16.4 0.407249
11.2 16.8 0.423881
11.2 17.2 0.273948
11.2 17.6 0.0859523
11.2 18 0.0186939
11.2 18.4 0.138632
11.2 18.8 0.372644
11.2 19.2 0.571977
11.2 19.6 0.14853
11.2 20 0
11.2 20.4 0
11.2 20.8 0
11.2 21.2 0
11.2 21.6 0
11.2 22 -0.0521134
11.2 22.4 -0.454229
11.2 22.8 -0.384088
11.2 23.2 -0.271301
11.2 23.6 -0.157818
11.2 24 -0.0803366
11.2 24.4 -0.0417445
11.2 24.8 -0.0176939
11.2 25.2 0.0162732
11.2 25.6 0.0627123
11.2 26 0.102287
11.2 26.4 0.0141309
11.2 26.8 0

11.6 0 0
11.6 0.4 -0.000996618
11.6 0.8 -0.00736406
11.6 1.2 0.0284393
11.6 1.6 0.0605473
11.6 2 0.0459324
11.6 2.4 -0.0280481
11.6 2.8 -0.131863
11.6 3.2 -0.21427
11.6 3.6 -0.0293501
11.6 4 0
11.6 4.4 0
11.6 4.8 0
11.6 5.2 0
11.6 5.6 0
11.6 6 -0.0334273
11.6 6.4 -0.248284
11.6 6.8 -0.207432
11.6 7.2 -0.131856
11.6 7.6 -0.043315
11.6 8 0.0109594
11.6 8.4 -0.00107695
11.6 8.8 -0.0668084
11.6 9.2 -0.131667
11.6 9.6 -0.135053
11.6 10 -0.0520912
11.6 10.4 0.0880887
11.6 10.8 0.224192
11.6 11.2 0.309525
11.6 11.6 0.0422441
11.6 12 0
11.6 12.4 0
11.6 12.8 0
11.6 13.2 0
11.6 13.6 0
11.6 14 -0.052969
11.6 14.4 -0.387987
11.6 14.8 -0.453943
11.6 15.2 -0.363044
11.6 15.6 -0.0239451
11.6 16 0.419502
11.6 16.4 0.714373
11.6 16.8 0.690927
11.6 17.2 0.386196
11.6 17.6 0.0143964
11.6 18 -0.187371
11.6 18.4 -0.120837
11.6 18.8 0.120888
11.6 19.2 0.340381
11.6 19.6 0.0469796
11.6 20 0
11.6 20.4 0
11.6 20.8 0
11.6 21.2 0
11.6 21.6 0
11.6 22 -0.0644431
11.6 22.4 -0.476617
11.6 22.8 -0.344311
11.6 23.2 -0.161144
11.6 23.6 0.00886294
11.6 24 0.112892
11.6 24.4 0.13893
11.6 24.8 0.113206
11.6 25.2 0.0741975
11.6 25.6 0.0472631
11.6 26 0.0376742
11.6 26.4 0.00520389
11.6 26.8 0

12 0 0
12 0.4 -0.000917057
12 0.8 -0.0069521
12 1.2 0.00290854
12 1.6 0.00437338
12 2 -0.0187418
12 2.4 -0.0617673
12 2.8 -0.0974075
12 3.2 -0.101902
12 3.6 0.0270353
12 4 0
12 4.4 0
12 4.8 0
12 5.2 0
12 5.6 0
12 6 0.00499627
12 6.4 -0.177826
12 6.8 -0.140767
12 7.2 -0.029822
12 7.6 0.105611
12 8 0.177733
12 8.4 0.133472
12 8.8 -0.000330147
12 9.2 -0.13121
12 9.6 -0.164583
12 10 -0.072644
12 10.4 0.0838518
12 10.8 0.200656
12 11.2 0.221674
12 11.6 -0.0328518
12 12 0
12 12.4 0
12 12.8 0
12 13.2 0
12 13.6 0
12 14 0.135699
12 14.4 -0.472241
12 14.8 -0.650756
12 15.2 -0.533859
12 15.6 -0.06401
12 16 0.504512
12 16.4 0.828514
12 16.8 0.718581
12 17.2 0.26127
12 17.6 -0.251309
12 18 -0.527079
12 18.4 -0.464401
12 18.8 -0.195296
12 19.2 0.035115
12 19.6 -0.00117139
12 20 0
12 20.4 0
12 20.8 0
12 21.2 0
12 21.6 0
12 22 -0.0347418
12 22.4 -0.292001
12 22.8 -0.165732
12 23.2 0.0161465
12 23.6 0.178801
12 24 0.263431
12 24.4 0.256326
12 24.8 0.185809
12 25.2 0.0968163
12 25.6 0.0245437
12 26 -0.0149136
12 26.4 -0.00210283
12 26.8 0

12.4 0 0
12.4 0.4 0.000998182
12.4 0.8 0.00681487
12.4 1.2 -0.00755167
12.4 1.6 -0.0348116
12.4 2 -0.068213
12.4 2.4 -0.0871697
12.4 2.8 -0.0582518
12.4 3.2 0.0563685
12.4 3.6 0.300417
12.4 4 0.0410457
12.4 4.4 0
12.4 4.8 0
12.4 5.2 0
12.4 5.6 0.0288712
12.4 6 0.212641
12.4 6.4 -0.0175748
12.4 6.8 -0.0430779
12.4 7.2 0.0941665
12.4 7.6 0.279827
12.4 8 0.374565
12.4 8.4 0.301428
12.4 8.8 0.0989857
12.4 9.2 -0.103706
12.4 9.6 -0.178361
12.4 10 -0.0914376
12.4 10.4 0.0655524
12.4 10.8 0.13198
12.4 11.2 -0.0246751
12.4 11.6 -0.461525
12.4 12 -0.0630294
12.4 12.4 0
12.4 12.8 0
12.4 13.2 0
12.4 13.6 0.200068
12.4 14 1.47245
12.4 14.4 0.1013
12.4 14.8 -0.571628
12.4 15.2 -0.57222
12.4 15.6 -0.0882452
12.4 16 0.488311
12.4 16.4 0.7552
12.4 16.8 0.536754
12.4 17.2 -0.0208671
12.4 17.6 -0.568356
12.4 18 -0.799109
12.4 18.4 -0.64839
12.4 18.8 -0.308762
12.4 19.2 -0.0599637
12.4 19.6 -0.0436934
12.4 20 -0.00670335
12.4 20.4 0
12.4 20.8 0
12.4 21.2 0
12.4 21.6 0.0046864
12.4 22 0.0346263
12.4 22.4 -0.0377627
12.4 22.8 0.0290069
12.4 23.2 0.153175
12.4 23.6 0.258557
12.4 24 0.294622
12.4 24.4 0.254343
12.4 24.8 0.167341
12.4 25.2 0.0744322
12.4 25.6 0.00424526
12.4 26 -0.0334321
12.4 26.4 -0.00469377
12.4 26.8 0

12.8 0 0
12.8 0.4 0.00986658
12.8 0.8 0.071118
12.8 1.2 0.0311925
12.8 1.6 -0.026891
12.8 2 -0.081241
12.8 2.4 -0.104689
12.8 2.8 -0.0698026
12.8 3.2 0.0489484
12.8 3.6 0.291082
12.8 4 0.0398009
12.8 4.4 0
12.8 4.8 0
12.8 5.2 0
12.8 5.6 0.0244483
12.8 6 0.181064
12.8 6.4 -0.069126
12.8 6.8 -0.0679267
12.8 7.2 0.123833
12.8 7.6 0.363979
12.8 8 0.48315
12.8 8.4 0.390935
12.8 8.8 0.138988
12.8 9.2 -0.112116
12.8 9.6 -0.204282
12.8 10 -0.0957185
12.8 10.4 0.103682
12.8 10.8 0.201252
12.8 11.2 0.0417578
12.8 11.6 -0.429387
12.8 12 -0.0586176
12.8 12.4 0
12.8 12.8 0
12.8 13.2 0
12.8 13.6 0.188923
12.8 14 1.3896
12.8 14.4 -0.0640478
12.8 14.8 -0.668788
12.8 15.2 -0.597187
12.8 15.6 -0.096226
12.8 16 0.420328
12.8 16.4 0.575499
12.8 16.8 0.258402
12.8 17.2 -0.317078
12.8 17.6 -0.772185
12.8 18 -0.831172
12.8 18.4 -0.506486
12.8 18.8 -0.0734715
12.8 19.2 0.147198
12.8 19.6 0.0584051
12.8 20 0.00710909
12.8 20.4 0
12.8 20.8 0
12.8 21.2 0
12.8 21.6 0.0127223
12.8 22 0.0942518
12.8 22.4 0.100732
12.8 22.8 0.131267
12.8 23.2 0.181999
12.8 23.6 0.211052
12.8 24 0.192927
12.8 24.4 0.134967
12.8 24.8 0.0666645
12.8 25.2 0.0161102
12.8 25.6 -0.00779532
12.8 26 -0.0146126
12.8 26.4 -0.0020719
12.8 26.8 0

13.2 0 0
13.2 0.4 0.0220727
13.2 0.8 0.159769
13.2 1.2 0.0999815
13.2 1.6 0.0193441
13.2 2 -0.05376
13.2 2.4 -0.0958712
13.2 2.8 -0.100091
13.2 3.2 -0.0871584
13.2 3.6 0.0279818
13.2 4 0
13.2 4.4 0
13.2 4.8 0
13.2 5.2 0
13.2 5.6 0
13.2 6 -0.0193656
13.2 6.4 -0.319057
13.2 6.8 -0.209199
13.2 7.2 0.0386237
13.2 7.6 0.312136
13.2 8 0.441699
13.2 8.4 0.337979
13.2 8.8 0.0649065
13.2 9.2 -0.19603
13.2 9.6 -0.267809
13.2 10 -0.101904
13.2 10.4 0.185183
13.2 10.8 0.395292
13.2 11.2 0.406718
13.2 11.6 -0.00306137
13.2 12 0
13.2 12.4 0
13.2 12.8 0
13.2 13.2 0
13.2 13.6 0
13.2 14 0.0549553
13.2 14.4 -0.988862
13.2 14.8 -0.876313
13.2 15.2 -0.5496
13.2 15.6 -0.0282663
13.2 16 0.377089
13.2 16.4 0.389985
13.2 16.8 -0.00124048
13.2 17.2 -0.519502
13.2 17.6 -0.78922
13.2 18 -0.601661
13.2 18.4 -0.067555
13.2 18.8 0.451143
13.2 19.2 0.575793
13.2 19.6 0.0857865
13.2 20 0
13.2 20.4 0
13.2 20.8 0
13.2 21.2 0
13.2 21.6 0
13.2 22 0.035941
13.2 22.4 0.172079
13.2 22.8 0.139802
13.2 23.2 0.118059
13.2 23.6 0.0768551
13.2 24 0.0158895
13.2 24.4 -0.0422061
13.2 24.8 -0.0694905
13.2 25.2 -0.0544447
13.2 25.6 -0.0122232
13.2 26 0.0243737
13.2 26.4 0.00338369
13.2 26.8 0

13.6 0 0
13.6 0.4 0.0273883
13.6 0.8 0.198543
13.6 1.2 0.135778
13.6 1.6 0.0562499
13.6 2 -0.0105838
13.6 2.4 -0.0469483
13.6 2.8 -0.0570623
13.6 3.2 -0.019597
13.6 3.6 0
13.6 4 0
13.6 4.4 0
13.6 4.8 0
13.6 5.2 0
13.6 5.6 0
13.6 6 0
13.6 6.4 -0.0835097
13.6 6.8 -0.290231
13.6 7.2 -0.0726418
13.6 7.6 0.176121
13.6 8 0.285755
13.6 8.4 0.172513
13.6 8.8 -0.0951468
13.6 9.2 -0.332929
13.6 9.6 -0.362279
13.6 10 -0.135519
13.6 10.4 0.226177
13.6 10.8 0.513075
13.6 11.2 0.125804
13.6 11.6 0
13.6 12 0
13.6 12.4 0
13.6 12.8 0
13.6 13.2 0
13.6 13.6 0
13.6 14 0
13.6 14.4 -0.212108
13.6 14.8 -0.573648
13.6 15.2 -0.245433
13.6 15.6 0.174398
13.6 16 0.40261
13.6 16.4 0.256545
13.6 16.8 -0.184383
13.6 17.2 -0.607262
13.6 17.6 -0.672478
13.6 18 -0.256431
13.6 18.4 0.446258
13.6 18.8 1.03499
13.6 19.2 0.219398
13.6 19.6 0
13.6 20 0
13.6 20.4 0
13.6 20.8 0
13.6 21.2 0
13.6 21.6 0
13.6 22 0
13.6 22.4 0.0343593
13.6 22.8 0.0819087
13.6 23.2 0.0263685
13.6 23.6 -0.0586625
13.6 24 -0.143612
13.6 24.4 -0.192361
13.6 24.8 -0.179953
13.6 25.2 -0.109188
13.6 25.6 -0.0137773
13.6 26 0.0569321
13.6 26.4 0.00795137
13.6 26.8 0

14 0 0
14 0.4 0.0178369
14 0.8 0.129516
14 1.2 0.0842589
14 1.6 0.0322107
14 2 0.00119697
14 2.4 0.0018116
14 2.8 0.0182633
14 3.2 0.00249052
14 3.6 0
14 4 0
14 4.4 0
14 4.8 0
14 5.2 0
14 5.6 0
14 6 0
14 6.4 -0.0405004
14 6.8 -0.296476
14 7.2 -0.136771
14 7.6 0.0461226
14 8 0.114679
14 8.4 -0.00175751
14 8.8 -0.241762
14 9.2 -0.439719
14 9.6 -0.43441
14 10 -0.184535
14 10.4 0.19278
14 10.8 0.492039
14 11.2 0.0674321
14 11.6 0
14 12 0
14 12.4 0
14 12.8 0
14 13.2 0
14 13.6 0
14 14 0
14 14.4 -0.00887079
14 14.8 -0.0621256
14 15.2 0.167232
14 15.6 0.417365
14 16 0.45011
14 16.4 0.166515
14 16.8 -0.293319
14 17.2 -0.619142
14 17.6 -0.53683
14 18 -0.00738992
14 18.4 0.7264
14 18.8 1.2921
14 19.2 0.175214
14 19.6 0
14 20 0
14 20.4 0
14 20.8 0
14 21.2 0
14 21.6 0
14 22 0
14 22.4 0.00792275
14 22.8 0.0576837
14 23.2 -0.0154449
14 23.6 -0.119477
14 24 -0.210807
14 24.4 -0.250251
14 24.8 -0.218455
14 25.2 -0.126748
14 25.6 -0.0151384
14 26 0.0644576
14 26.4 0.00900563
14 26.8 0

14.4 0 0
14.4 0.4 -0.00370392
14.4 0.8 -0.0265488
14.4 1.2 -0.0443067
14.4 1.6 -0.0585348
14.4 2 -0.0424527
14.4 2.4 0.00938527
14.4 2.8 0.0692566
14.4 3.2 0.0382896
14.4 3.6 0
14.4 4 0
14.4 4.4 0
14.4 4.8 0
14.4 5.2 0
14.4 5.6 0
14.4 6 0
14.4 6.4 -0.000826668
14.4 6.8 -0.184145
14.4 7.2 -0.110204
14.4 7.6 -0.00923753
14.4 8 0.0226514
14.4 8.4 -0.0760869
14.4 8.8 -0.266292
14.4 9.2 -0.421527
14.4 9.6 -0.412493
14.4 10 -0.203994
14.4 10.4 0.108628
14.4 10.8 0.353358
14.4 11.2 0.0652684
14.4 11.6 0
14.4 12 0
14.4 12.4 0
14.4 12.8 0
14.4 13.2 0
14.4 13.6 0
14.4 14 0
14.4 14.4 0.0592366
14.4 14.8 0.292104
14.4 15.2 0.430368
14.4 15.6 0.536703
14.4 16 0.432632
14.4 16.4 0.0854282
14.4 16.8 -0.341776
14.4 17.2 -0.581502
14.4 17.6 -0.443724
14.4 18 0.0369325
14.4 18.4 0.606511
14.4 18.8 0.968448
14.4 19.2 0.0655151
14.4 19.6 0
14.4 20 0
14.4 20.4 0
14.4 20.8 0
14.4 21.2 0
14.4 21.6 0
14.4 22 0
14.4 22.4 0.0460751
14.4 22.8 0.0910942
14.4 23.2 0.0111033
14.4 23.6 -0.0890269
14.4 24 -0.169377
14.4 24.4 -0.200726
14.4 24.8 -0.1729
14.4 25.2 -0.0991744
14.4 25.6 -0.0122759
14.4 26 0.0485901
14.4 26.4 0.00675346
14.4 26.8 0

14.8 0 0
14.8 0.4 -0.0231091
14.8 0.8 -0.167256
14.8 1.2 -0.167319
14.8 1.6 -0.159804
14.8 2 -0.115205
14.8 2.4 -0.0251873
14.8 2.8 0.0908856
14.8 3.2 0.211546
14.8 3.6 0.0288318
14.8 4 0
14.8 4.4 0
14.8 4.8 0
14.8 5.2 0
14.8 5.6 0
14.8 6 0.0243517
14.8 6.4 0.18064
14.8 6.8 0.00502526
14.8 7.2 -0.0319321
14.8 7.6 0.00711249
14.8 8 0.0373367
14.8 8.4 -0.00715948
14.8 8.8 -0.123286
14.8 9.2 -0.237273
14.8 9.6 -0.259259
14.8 10 -0.155031
14.8 10.4 0.0196288
14.8 10.8 0.149079
14.8 11.2 0.126176
14.8 11.6 0.0168765
14.8 12 0
14.8 12.4 0
14.8 12.8 0
14.8 13.2 0
14.8 13.6 0
14.8 14 0.0200559
14.8 14.4 0.152047
14.8 14.8 0.261887
14.8 15.2 0.393814
14.8 15.6 0.444824
14.8 16 0.312559
14.8 16.4 0.00958947
14.8 16.8 -0.315516
14.8 17.2 -0.466647
14.8 17.6 -0.343322
14.8 18 -0.0319415
14.8 18.4 0.224113
14.8 18.8 0.152747
14.8 19.2 -0.472588
14.8 19.6 -0.0653922
14.8 20 0
14.8 20.4 0
14.8 20.8 0
14.8 21.2 0
14.8 21.6 0
14.8 22 0.0336081
14.8 22.4 0.24717
14.8 22.8 0.145387
14.8 23.2 0.0603075
14.8 23.6 -0.0125435
14.8 24 -0.0616977
14.8 24.4 -0.0791686
14.8 24.8 -0.0662918
14.8 25.2 -0.0334677
14.8 25.6 0.00362102
14.8 26 0.0290608
14.8 26.4 0.00395917
14.8 26.8 0

15.2 0 0
15.2 0.4 -0.0246247
15.2 0.8 -0.178345
15.2 1.2 -0.185977
15.2 1.6 -0.191456
15.2 2 -0.160866
15.2 2.4 -0.0821786
15.2 2.8 0.0237827
15.2 3.2 0.11301
15.2 3.6 0.0154107
15.2 4 0
15.2 4.4 0
15.2 4.8 0
15.2 5.2 0
15.2 5.6 0
15.2 6 0.0127022
15.2 6.4 0.0944358
15.2 6.8 0.0101517
15.2 7.2 -0.0179766
15.2 7.6 0.0313267
15.2 8 0.111724
15.2 8.4 0.157443
15.2 8.8 0.134772
15.2 9.2 0.0627284
15.2 9.6 -0.00786011
15.2 10 -0.03894
15.2 10.4 -0.0348974
15.2 10.8 -0.0339039
15.2 11.2 -0.0629911
15.2 11.6 -0.00889635
15.2 12 0
15.2 12.4 0
15.2 12.8 0
15.2 13.2 0
15.2 13.6 0
15.2 14 -0.0120595
15.2 14.4 -0.0876517
15.2 14.8 0.0174946
15.2 15.2 0.144696
15.2 15.6 0.205537
15.2 16 0.14051
15.2 16.4 -0.0254329
15.2 16.8 -0.186914
15.2 17.2 -0.232775
15.2 17.6 -0.138448
15.2 18 -0.00382876
15.2 18.4 0.004923
15.2 18.8 -0.219615
15.2 19.2 -0.594089
15.2 19.6 -0.0812406
15.2 20 0
15.2 20.4 0
15.2 20.8 0
15.2 21.2 0
15.2 21.6 0
15.2 22 0.0175644
15.2 22.4 0.129451
15.2 22.8 0.0885551
15.2 23.2 0.0569412
15.2 23.6 0.0436792
15.2 24 0.0463415
15.2 24.4 0.0548766
15.2 24.8 0.0580885
15.2 25.2 0.0509439
15.2 25.6 0.0374814
15.2 26 0.0275543
15.2 26.4 0.00368818
15.2 26.8 0

15.6 0 0
15.6 0.4 -0.00382919
15.6 0.8 -0.0276897
15.6 1.2 -0.0658321
15.6 1.6 -0.112629
15.6 2 -0.129776
15.6 2.4 -0.0997856
15.6 2.8 -0.0383406
15.6 3.2 0.0142593
15.6 3.6 0.00193969
15.6 4 0
15.6 4.4 0
15.6 4.8 0
15.6 5.2 0
15.6 5.6 0
15.6 6 -0.00668526
15.6 6.4 -0.0488908
15.6 6.8 -0.0786196
15.6 7.2 -0.0672344
15.6 7.6 0.0240314
15.6 8 0.172024
15.6 8.4 0.312405
15.6 8.8 0.382109
15.6 9.2 0.354134
15.6 9.6 0.245084
15.6 10 0.0967915
15.6 10.4 -0.0496842
15.6 10.8 -0.168717
15.6 11.2 -0.247898
15.6 11.6 -0.0340257
15.6 12 0
15.6 12.4 0
15.6 12.8 0
15.6 13.2 0
15.6 13.6 0
15.6 14 -0.0459739
15.6 14.4 -0.341137
15.6 14.8 -0.247271
15.6 15.2 -0.128192
15.6 15.6 -0.0345636
15.6 16 0.00477179
15.6 16.4 0.00886098
15.6 16.8 0.0275888
15.6 17.2 0.0921377
15.6 17.6 0.170787
15.6 18 0.175972
15.6 18.4 0.0277416
15.6 18.8 -0.261592
15.6 19.2 -0.546867
15.6 19.6 -0.0740058
15.6 20 0
15.6 20.4 0
15.6 20.8 0
15.6 21.2 0
15.6 21.6 0
15.6 22 -0.00530162
15.6 22.4 -0.0384463
15.6 22.8 -0.0284519
15.6 23.2 0.0010227
15.6 23.6 0.0518814
15.6 24 0.109587
15.6 24.4 0.150579
15.6 24.8 0.156607
15.6 25.2 0.127014
15.6 25.6 0.0812125
15.6 26 0.0488842
15.6 26.4 0.00664584
15.6 26.8 0

16 0 0
16 0.4 0.0265315
16 0.8 0.192372
16 1.2 0.121889
16 1.6 0.034827
16 2 -0.0295986
16 2.4 -0.0497857
16 2.8 -0.0334251
16 3.2 -0.00963203
16 3.6 0.0111004
16 4 0
16 4.4 0
16 4.8 0
16 5.2 0
16 5.6 0
16 6 -0.0197059
16 6.4 -0.136345
16 6.8 -0.147067
16 7.2 -0.120226
16 7.6 -0.0145664
16 8 0.162503
16 8.4 0.354808
16 8.8 0.486475
16 9.2 0.500672
16 9.6 0.387553
16 10 0.18701
16 10.4 -0.0309885
16 10.8 -0.198375
16 11.2 -0.28094
16 11.6 -0.0267389
16 12 0
16 12.4 0
16 12.8 0
16 13.2 0
16 13.6 0
16 14 -0.0459876
16 14.4 -0.378398
16 14.8 -0.33029
16 15.2 -0.250958
16 15.6 -0.154152
16 16 -0.0448607
16 16.4 0.0854666
16 16.8 0.238387
16 17.2 0.383013
16 17.6 0.454267
16 18 0.387564
16 18.4 0.174586
16 18.8 -0.10195
16 19.2 -0.297175
16 19.6 -0.00609731
16 20 0
16 20.4 0
16 20.8 0
16 21.2 0
16 21.6 0
16 22 -0.0556508
16 22.4 -0.167545
16 22.8 -0.127535
16 23.2 -0.0612644
16 23.6 0.0281445
16 24 0.119999
16 24.4 0.184555
16 24.8 0.200035
16 25.2 0.167441
16 25.6 0.112773
16 26 0.0744809
16 26.4 0.0102615
16 26.8 0

16.4 0 0
16.4 0.4 0.0439182
16.4 0.8 0.318418
16.4 1.2 0.240211
16.4 1.6 0.146766
16.4 2 0.0717707
16.4 2.4 0.0349601
16.4 2.8 0.0337303
16.4 3.2 0.0530476
16.4 3.6 0.0926426
16.4 4 0.0282389
16.4 4.4 0
16.4 4.8 0
16.4 5.2 0
16.4 5.6 0.02551
16.4 6 -0.0108126
16.4 6.4 -0.0688389
16.4 6.8 -0.108595
16.4 7.2 -0.116374
16.4 7.6 -0.0597806
16.4 8 0.0701022
16.4 8.4 0.239068
16.4 8.8 0.380251
16.4 9.2 0.427247
16.4 9.6 0.351419
16.4 10 0.181614
16.4 10.4 -0.00553027
16.4 10.8 -0.120501
16.4 11.2 -0.0995779
16.4 11.6 0.0852241
16.4 12 0.0935407
16.4 12.4 0
16.4 12.8 0
16.4 13.2 0
16.4 13.6 0.0304844
16.4 14 0.03342
16.4 14.4 -0.127931
16.4 14.8 -0.180002
16.4 15.2 -0.179769
16.4 15.6 -0.135858
16.4 16 -0.0357009
16.4 16.4 0.126424
16.4 16.8 0.322149
16.4 17.2 0.48467
16.4 17.6 0.536308
16.4 18 0.439209
16.4 18.4 0.235043
16.4 18.8 0.0432885
16.4 19.2 0.00917586
16.4 19.6 0.242425
16.4 20 0.0874585
16.4 20.4 0
16.4 20.8 0
16.4 21.2 0
16.4 21.6 -0.0463758
16.4 22 -0.23906
16.4 22.4 -0.194206
16.4 22.8 -0.148228
16.4 23.2 -0.081251
16.4 23.6 0.00623829
16.4 24 0.0960803
16.4 24.4 0.161018
16.4 24.8 0.180634
16.4 25.2 0.155186
16.4 25.6 0.108322
16.4 26 0.0754441
16.4 26.4 0.01048
16.4 26.8 0

16.8 0 0
16.8 0.4 0.0324552
16.8 0.8 0.235331
16.8 1.2 0.186717
16.8 1.6 0.133844
16.8 2 0.0982462
16.8 2.4 0.090149
16.8 2.8 0.102358
16.8 3.2 0.117565
16.8 3.6 0.123143
16.8 4 0.115687
16.8 4.4 0.00271813
16.8 4.8 -0.0204209
16.8 5.2 0.0187654
16.8 5.6 0.196175
16.8 6 0.1309
16.8 6.4 0.0860414
16.8 6.8 0.0268901
16.8 7.2 -0.0424076
16.8 7.6 -0.0874027
16.8 8 -0.074201
16.8 8.4 0.000363063
16.8 8.8 0.0992072
16.8 9.2 0.164211
16.8 9.6 0.153923
16.8 10 0.0752209
16.8 10.4 -0.0134006
16.8 10.8 -0.0326297
16.8 11.2 0.0718266
16.8 11.6 0.299517
16.8 12 0.598292
16.8 12.4 0.105558
16.8 12.8 -0.00501719
16.8 13.2 0.0143487
16.8 13.6 0.194947
16.8 14 0.166922
16.8 14.4 0.114704
16.8 14.8 0.0550566
16.8 15.2 -0.0128793
16.8 15.6 -0.0590923
16.8 16 -0.039634
16.8 16.4 0.0629291
16.8 16.8 0.211893
16.8 17.2 0.327674
16.8 17.6 0.3364
16.8 18 0.225112
16.8 18.4 0.0631306
16.8 18.8 -0.0319116
16.8 19.2 0.029694
16.8 19.6 0.233193
16.8 20 0.401231
16.8 20.4 0.0710091
16.8 20.8 0.0016991
16.8 21.2 -0.0200172
16.8 21.6 -0.0998603
16.8 22 -0.127087
16.8 22.4 -0.112449
16.8 22.8 -0.0844342
16.8 23.2 -0.0441314
16.8 23.6 0.00791255
16.8 24 0.0620907
16.8 24.4 0.101629
16.8 24.8 0.112512
16.8 25.2 0.0938945
16.8 25.6 0.0609362
16.8 26 0.0374208
16.8 26.4 0.00525836
16.8 26.8 0

17.2 0 0
17.2 0.4 -0.00363435
17.2 0.8 -0.0262913
17.2 1.2 -0.0204277
17.2 1.6 -0.00407163
17.2 2 0.0302729
17.2 2.4 0.080359
17.2 2.8 0.130488
17.2 3.2 0.156301
17.2 3.6 0.135194
17.2 4 0.0532511
17.2 4.4 -0.0974444
17.2 4.8 -0.151256
17.2 5.2 -0.0591157
17.2 5.6 0.122082
17.2 6 0.209386
17.2 6.4 0.236443
17.2 6.8 0.188619
17.2 7.2 0.0678302
17.2 7.6 -0.08628
17.2 8 -0.211868
17.2 8.4 -0.26153
17.2 8.8 -0.231279
17.2 9.2 -0.160552
17.2 9.6 -0.100552
17.2 10 -0.0738991
17.2 10.4 -0.0563255
17.2 10.8 0.0026436
17.2 11.2 0.132224
17.2 11.6 0.297085
17.2 12 0.379995
17.2 12.4 0.170845
17.2 12.8 -0.0378233
17.2 13.2 -0.080749
17.2 13.6 0.0861049
17.2 14 0.217887
17.2 14.4 0.279253
17.2 14.8 0.24366
17.2 15.2 0.123635
17.2 15.6 -0.0176084
17.2 16 -0.103148
17.2 16.4 -0.097373
17.2 16.8 -0.0348448
17.2 17.2 0.00441328
17.2 17.6 -0.0426822
17.2 18 -0.166651
17.2 18.4 -0.282096
17.2 18.8 -0.285057
17.2 19.2 -0.136106
17.2 19.6 0.0884979
17.2 20 0.220945
17.2 20.4 0.127396
17.2 20.8 0.0122613
17.2 21.2 -0.048506
17.2 21.6 -0.0502764
17.2 22 -0.0300767
17.2 22.4 -0.00276716
17.2 22.8 0.0164311
17.2 23.2 0.0260245
17.2 23.6 0.0308819
17.2 24 0.0341178
17.2 24.4 0.0339802
17.2 24.8 0.0266824
17.2 25.2 0.0112904
17.2 25.6 -0.00755038
17.2 26 -0.0214952
17.2 26.4 -0.00292324
17.2 26.8 0

17.6 0 0
17.6 0.4 -0.0406977
17.6 0.8 -0.294985
17.6 1.2 -0.242047
17.6 1.6 -0.1687
17.6 2 -0.0768339
17.6 2.4 0.0240466
17.6 2.8 0.114023
17.6 3.2 0.165751
17.6 3.6 0.15207
17.6 4 0.0582152
17.6 4.4 -0.0918347
17.6 4.8 -0.157059
17.6 5.2 -0.0823723
17.6 5.6 0.0810547
17.6 6 0.225675
17.6 6.4 0.311003
17.6 6.8 0.295627
17.6 7.2 0.161451
17.6 7.6 -0.0581718
17.6 8 -0.284012
17.6 8.4 -0.431268
17.6 8.8 -0.457559
17.6 9.2 -0.383151
17.6 9.6 -0.268413
17.6 10 -0.166361
17.6 10.4 -0.0875281
17.6 10.8 -0.00590708
17.6 11.2 0.0989676
17.6 11.6 0.198012
17.6 12 0.207606
17.6 12.4 0.0511672
17.6 12.8 -0.128884
17.6 13.2 -0.161823
17.6 13.6 -0.00155583
17.6 14 0.206133
17.6 14.4 0.334171
17.6 14.8 0.312488
17.6 15.2 0.154577
17.6 15.6 -0.0522322
17.6 16 -0.20602
17.6 16.4 -0.260302
17.6 16.8 -0.25243
17.6 17.2 -0.26646
17.6 17.6 -0.357861
17.6 18 -0.498248
17.6 18.4 -0.587214
17.6 18.8 -0.526934
17.6 19.2 -0.307521
17.6 19.6 -0.0351089
17.6 20 0.129083
17.6 20.4 0.100311
17.6 20.8 0.0110701
17.6 21.2 -0.0328904
17.6 21.6 -0.00670918
17.6 22 0.0426019
17.6 22.4 0.0843115
17.6 22.8 0.100884
17.6 23.2 0.0889793
17.6 23.6 0.0565204
17.6 24 0.0168377
17.6 24.4 -0.0177873
17.6 24.8 -0.0404169
17.6 25.2 -0.0507696
17.6 25.6 -0.0537519
17.6 26 -0.0560396
17.6 26.4 -0.00777535
17.6 26.8 0

18 0 0
18 0.4 -0.0513594
18 0.8 -0.372245
18 1.2 -0.311649
18 1.6 -0.232467
18 2 -0.136351
18 2.4 -0.0296583
18 2.8 0.0735462
18 3.2 0.15099
18 3.6 0.174125
18 4 0.108845
18 4.4 -0.0829141
18 4.8 -0.173558
18 5.2 -0.118006
18 5.6 0.0227417
18 6 0.15789
18 6.4 0.267952
18 6.8 0.296713
18 7.2 0.199193
18 7.6 -0.0123079
18 8 -0.25892
18 8.4 -0.436215
18 8.8 -0.476741
18 9.2 -0.389112
18 9.6 -0.244023
18 10 -0.119951
18 10.4 -0.0509613
18 10.8 -0.0173173
18 11.2 0.0173662
18 11.6 0.0575774
18 12 0.0604915
18 12.4 -0.060626
18 12.8 -0.227039
18 13.2 -0.250081
18 13.6 -0.0651086
18 14 0.169622
18 14.4 0.303909
18 14.8 0.265979
18 15.2 0.0821438
18 15.6 -0.139317
18 16 -0.283127
18 16.4 -0.307754
18 16.8 -0.270369
18 17.2 -0.274364
18 17.6 -0.37902
18 18 -0.54245
18 18.4 -0.645099
18 18.8 -0.580199
18 19.2 -0.342793
18 19.6 -0.0475548
18 20 0.141917
18 20.4 0.10531
18 20.8 0.017813
18 21.2 -0.0181277
18 21.6 0.0288963
18 22 0.0796844
18 22.4 0.117996
18 22.8 0.131071
18 23.2 0.111797
18 23.6 0.0651425
18 24 0.00761708
18 24.4 -0.0399424
18 24.8 -0.0623253
18 25.2 -0.0576791
18 25.6 -0.0379707
18 26 -0.0222166
18 26.4 -0.00315855
18 26.8 0

18.4 0 0
18.4 0.4 -0.024444
18.4 0.8 -0.177031
18.4 1.2 -0.157994
18.4 1.6 -0.134813
18.4 2 -0.0997402
18.4 2.4 -0.0459991
18.4 2.8 0.0274612
18.4 3.2 0.11338
18.4 3.6 0.196649
18.4 4 0.243132
18.4 4.4 0.0220471
18.4 4.8 -0.023539
18.4 5.2 -0.0186216
18.4 5.6 -0.0133794
18.4 6 0.0314481
18.4 6.4 0.125472
18.4 6.8 0.198827
18.4 7.2 0.176755
18.4 7.6 0.0401883
18.4 8 -0.149099
18.4 8.4 -0.285309
18.4 8.8 -0.292238
18.4 9.2 -0.176898
18.4 9.6 -0.0221419
18.4 10 0.0751325
18.4 10.4 0.0717843
18.4 10.8 0.000208059
18.4 11.2 -0.0690081
18.4 11.6 -0.0842103
18.4 12 -0.00889511
18.4 12.4 -0.00911083
18.4 12.8 -0.030751
18.4 13.2 -0.0387706
18.4 13.6 -0.0297853
18.4 14 0.183789
18.4 14.4 0.254353
18.4 14.8 0.163229
18.4 15.2 -0.0402211
18.4 15.6 -0.229284
18.4 16 -0.285683
18.4 16.4 -0.188707
18.4 16.8 -0.0336623
18.4 17.2 0.0393682
18.4 17.6 -0.0465812
18.4 18 -0.24226
18.4 18.4 -0.405821
18.4 18.8 -0.408006
18.4 19.2 -0.228891
18.4 19.6 0.0322164
18.4 20 0.249793
18.4 20.4 0.0483973
18.4 20.8 0.00264439
18.4 21.2 0.00734425
18.4 21.6 0.0700338
18.4 22 0.0823021
18.4 22.4 0.0924039
18.4 22.8 0.0985064
18.4 23.2 0.085568
18.4 23.6 0.0491557
18.4 24 0.00186408
18.4 24.4 -0.0330576
18.4 24.8 -0.0358107
18.4 25.2 -0.0031884
18.4 25.6 0.0479322
18.4 26 0.0895701
18.4 26.4 0.0122965
18.4 26.8 0

18.8 0 0
18.8 0.4 0.0256683
18.8 0.8 0.186378
18.8 1.2 0.135722
18.8 1.6 0.0683038
18.8 2 0.00511738
18.8 2.4 -0.0310721
18.8 2.8 -0.023372
18.8 3.2 0.0359908
18.8 3.6 0.162231
18.8 4 0.0551598
18.8 4.4 0
18.8 4.8 0
18.8 5.2 0
18.8 5.6 -0.0177395
18.8 6 -0.108986
18.8 6.4 -0.0485672
18.8 6.8 0.0616904
18.8 7.2 0.124655
18.8 7.6 0.0886747
18.8 8 -0.00761966
18.8 8.4 -0.0668824
18.8 8.8 -0.0142029
18.8 9.2 0.13804
18.8 9.6 0.293631
18.8 10 0.342582
18.8 10.4 0.24265
18.8 10.8 0.0490761
18.8 11.2 -0.132436
18.8 11.6 -0.24646
18.8 12 -0.0351436
18.8 12.4 0
18.8 12.8 0
18.8 13.2 0
18.8 13.6 0.0378712
18.8 14 0.306998
18.8 14.4 0.231312
18.8 14.8 0.0644248
18.8 15.2 -0.156929
18.8 15.6 -0.293406
18.8 16 -0.227939
18.8 16.4 0.0330574
18.8 16.8 0.347972
18.8 17.2 0.53047
18.8 17.6 0.477943
18.8 18 0.24188
18.8 18.4 -0.0134295
18.8 18.8 -0.132858
18.8 19.2 -0.0792764
18.8 19.6 0.0529098
18.8 20 0.0417598
18.8 20.4 0
18.8 20.8 0
18.8 21.2 0
18.8 21.6 0.0168023
18.8 22 0.0557142
18.8 22.4 0.0231068
18.8 22.8 0.0260105
18.8 23.2 0.0296176
18.8 23.6 0.0179034
18.8 24 -0.00300712
18.8 24.4 -0.0106276
18.8 24.8 0.0171032
18.8 25.2 0.0841935
18.8 25.6 0.170417
18.8 26 0.24123
18.8 26.4 0.0333082
18.8 26.8 0

19.2 0 0
19.2 0.4 0.0678222
19.2 0.8 0.492086
19.2 1.2 0.383801
19.2 1.6 0.241901
19.2 2 0.0976468
19.2 2.4 -0.0155157
19.2 2.8 -0.0753864
19.2 3.2 -0.0866431
19.2 3.6 0.0101464
19.2 4 0
19.2 4.4 0
19.2 4.8 0
19.2 5.2 0
19.2 5.6 0
19.2 6 -0.037997
19.2 6.4 -0.166989
19.2 6.8 -0.0353068
19.2 7.2 0.0875775
19.2 7.6 0.123663
19.2 8 0.0952602
19.2 8.4 0.0951864
19.2 8.8 0.19764
19.2 9.2 0.383957
19.2 9.6 0.544775
19.2 10 0.558643
19.2 10.4 0.386587
19.2 10.8 0.110483
19.2 11.2 -0.11087
19.2 11.6 -0.0491683
19.2 12 0
19.2 12.4 0
19.2 12.8 0
19.2 13.2 0
19.2 13.6 0
19.2 14 0.0688535
19.2 14.4 0.186618
19.2 14.8 -0.00453668
19.2 15.2 -0.237732
19.2 15.6 -0.337387
19.2 16 -0.177675
19.2 16.4 0.216071
19.2 16.8 0.66308
19.2 17.2 0.935659
19.2 17.6 0.90705
19.2 18 0.63069
19.2 18.4 0.291712
19.2 18.8 0.0678958
19.2 19.2 0.00643894
19.2 19.6 0.00894595
19.2 20 0
19.2 20.4 0
19.2 20.8 0
19.2 21.2 0
19.2 21.6 0
19.2 22 -0.00127006
19.2 22.4 -0.0627582
19.2 22.8 -0.0410221
19.2 23.2 -0.0176687
19.2 23.6 -0.00757499
19.2 24 -0.00656354
19.2 24.4 0.00824862
19.2 24.8 0.060963
19.2 25.2 0.156233
19.2 25.6 0.271049
19.2 26 0.365712
19.2 26.4 0.0505654
19.2 26.8 0

19.6 0 0
19.6 0.4 0
19.6 0.8 0.0678222
19.6 1.2 0.0529092
19.6 1.6 0.0333629
19.6 2 0.0134818
19.6 2.4 -0.00212837
19.6 2.8 -0.0104
19.6 3.2 -0.0119675
19.6 3.6 0
19.6 4 0
19.6 4.4 0
19.6 4.8 0
19.6 5.2 0
19.6 5.6 0
19.6 6 0
19.6 6.4 -0.0230205
19.6 6.8 -0.00481747
19.6 7.2 0.0121534
19.6 7.6 0.0171153
19.6 8 0.0131553
19.6 8.4 0.0131066
19.6 8.8 0.0272332
19.6 9.2 0.0529572
19.6 9.6 0.0751773
19.6 10 0.077109
19.6 10.4 0.0533605
19.6 10.8 0.0152336
19.6 11.2 -0.0153387
19.6 11.6 0
19.6 12 0
19.6 12.4 0
19.6 12.8 0
19.6 13.2 0
19.6 13.6 0
19.6 14 0
19.6 14.4 0.0260922
19.6 14.8 -0.000431942
19.6 15.2 -0.0328066
19.6 15.6 -0.046721
19.6 16 -0.0247583
19.6 16.4 0.0295673
19.6 16.8 0.0912663
19.6 17.2 0.128887
19.6 17.6 0.124942
19.6 18 0.0868391
19.6 18.4 0.0401513
19.6 18.8 0.00939028
19.6 19.2 0.00101088
19.6 19.6 0
19.6 20 0
19.6 20.4 0
19.6 20.8 0
19.6 21.2 0
19.6 21.6 0
19.6 22 0
19.6 22.4 -0.00866034
19.6 22.8 -0.00562326
19.6 23.2 -0.00236679
19.6 23.6 -0.000977664
19.6 24 -0.000880291
19.6 24.4 0.00111308
19.6 24.8 0.00836656
19.6 25.2 0.0215432
19.6 25.6 0.0374467
19.6 26 0.0505654
19.6 26.4 0
19.6 26.8 0

20 0 0
20 0.4 0
20 0.8 0
20 1.2 0
20 1.6 0
20 2 0
20 2.4 0
20 2.8 0
20 3.2 0
20 3.6 0
20 4 0
20 4.4 0
20 4.8 0
20 5.2 0
20 5.6 0
20 6 0
20 6.4 0
20 6.8 0
20 7.2 0
20 7.6 0
20 8 0
20 8.4 0
20 8.8 0
20 9.2 0
20 9.6 0
20 10 0
20 10.4 0
20 10.8 0
20 11.2 0
20 11.6 0
20 12 0
20 12.4 0
20 12.8 0
20 13.2 0
20 13.6 0
20 14 0
20 14.4 0
20 14.8 0
20 15.2 0
20 15.6 0
20 16 0
20 16.4 0
20 16.8 0
20 17.2 0
20 17.6 0
20 18 0
20 18.4 0
20 18.8 0
20 19.2 0
20 19.6 0
20 20 0
20 20.4 0
20 20.8 0
20 21.2 0
20 21.6 0
20 22 0
20 22.4 0
20 22.8 0
20 23.2 0
20 23.6 0
20 24 0
20 24.4 0
20 24.8 0
20 25.2 0
20 25.6 0
20 26 0
20 26.4 0
20 26.8 0

