0 0 0
0 0.4 0
0 0.8 0
0 1.2 0
0 1.6 0
0 2 0
0 2.4 0
0 2.8 0
0 3.2 0
0 3.6 0
0 4 0
0 4.4 0
0 4.8 0
0 5.2 0
0 5.6 0
0 6 0
0 6.4 0
0 6.8 0
0 7.2 0
0 7.6 0
0 8 0
0 8.4 0
0 8.8 0
0 9.2 0
0 9.6 0
0 10 0
0 10.4 0
0 10.8 0
0 11.2 0
0 11.6 0
0 12 0
0 12.4 0
0 12.8 0
0 13.2 0
0 13.6 0
0 14 0
0 14.4 0
0 14.8 0
0 15.2 0
0 15.6 0
0 16 0
0 16.4 0
0 16.8 0
0 17.2 0
0 17.6 0
0 18 0
0 18.4 0
0 18.8 0
0 19.2 0
0 19.6 0
0 20 0
0 20.4 0
0 20.8 0
0 21.2 0
0 21.6 0
0 22 0
0 22.4 0
0 22.8 0
0 23.2 0
0 23.6 0
0 24 0
0 24.4 0
0 24.8 0
0 25.2 0
0 25.6 0
0 26 0
0 26.4 0
0 26.8 0

0.4 0 0
0.4 0.4 0
0.4 0.8 0
0.4 1.2 0
0.4 1.6 0
0.4 2 0
0.4 2.4 0
0.4 2.8 0
0.4 3.2 0
0.4 3.6 0
0.4 4 0
0.4 4.4 0
0.4 4.8 0
0.4 5.2 0
0.4 5.6 0
0.4 6 0
0.4 6.4 0
0.4 6.8 0
0.4 7.2 0
0.4 7.6 0
0.4 8 0
0.4 8.4 0
0.4 8.8 0
0.4 9.2 0
0.4 9.6 0
0.4 10 0
0.4 10.4 0
0.4 10.8 0
0.4 11.2 0
0.4 11.6 0
0.4 12 0
0.4 12.4 0
0.4 12.8 0
0.4 13.2 0
0.4 13.6 0
0.4 14 0
0.4 14.4 0
0.4 14.8 0
0.4 15.2 0
0.4 15.6 0
0.4 16 0
0.4 16.4 0
0.4 16.8 0
0.4 17.2 0
0.4 17.6 0
0.4 18 0
0.4 18.4 0
0.4 18.8 0
0.4 19.2 0
0.4 19.6 0
0.4 20 0
0.4 20.4 0
0.4 20.8 0
0.4 21.2 0
0.4 21.6 0
0.4 22 0
0.4 22.4 0
0.4 22.8 0
0.4 23.2 0
0.4 23.6 0
0.4 24 0
0.4 24.4 0
0.4 24.8 0
0.4 25.2 0
0.4 25.6 0
0.4 26 0
0.4 26.4 0
0.4 26.8 0

0.8 0 0
0.8 0.4 0
0.8 0.8 0
0.8 1.2 0
0.8 1.6 0
0.8 2 0
0.8 2.4 0
0.8 2.8 0
0.8 3.2 0
0.8 3.6 0
0.8 4 0
0.8 4.4 0
0.8 4.8 0
0.8 5.2 0
0.8 5.6 0
0.8 6 0
0.8 6.4 0
0.8 6.8 0
0.8 7.2 0
0.8 7.6 0
0.8 8 0
0.8 8.4 0
0.8 8.8 0
0.8 9.2 0
0.8 9.6 0
0.8 10 0
0.8 10.4 0
0.8 10.8 0
0.8 11.2 0
0.8 11.6 0
0.8 12 0
0.8 12.4 0
0.8 12.8 0
0.8 13.2 0
0.8 13.6 0
0.8 14 0
0.8 14.4 0
0.8 14.8 0
0.8 15.2 0
0.8 15.6 0
0.8 16 0
0.8 16.4 0
0.8 16.8 0
0.8 17.2 0
0.8 17.6 0
0.8 18 0
0.8 18.4 0
0.8 18.8 0
0.8 19.2 0
0.8 19.6 0
0.8 20 0
0.8 20.4 0
0.8 20.8 0
0.8 21.2 0
0.8 21.6 0
0.8 22 0
0.8 22.4 0
0.8 22.8 0
0.8 23.2 0
0.8 23.6 0
0.8 24 0
0.8 24.4 0
0.8 24.8 0
0.8 25.2 0
0.8 25.6 0
0.8 26 0
0.8 26.4 0
0.8 26.8 0

1.2 0 0
1.2 0.4 0
1.2 0.8 0
1.2 1.2 0
1.2 1.6 0
1.2 2 0
1.2 2.4 0
1.2 2.8 0
1.2 3.2 0
1.2 3.6 0
1.2 4 0
1.2 4.4 0
1.2 4.8 0
1.2 5.2 0
1.2 5.6 0
1.2 6 0
1.2 6.4 0
1.2 6.8 0
1.2 7.2 0
1.2 7.6 0
1.2 8 0
1.2 8.4 0
1.2 8.8 0
1.2 9.2 0
1.2 9.6 0
1.2 10 0
1.2 10.4 0
1.2 10.8 0
1.2 11.2 0
1.2 11.6 0
1.2 12 0
1.2 12.4 0
1.2 12.8 0
1.2 13.2 0
1.2 13.6 0
1.2 14 0
1.2 14.4 0
1.2 14.8 0
1.2 15.2 0
1.2 15.6 0
1.2 16 0
1.2 16.4 0
1.2 16.8 0
1.2 17.2 0
1.2 17.6 0
1.2 18 0
1.2 18.4 0
1.2 18.8 0
1.2 19.2 0
1.2 19.6 0
1.2 20 0
1.2 20.4 0
1.2 20.8 0
1.2 21.2 0
1.2 21.6 0
1.2 22 0
1.2 22.4 0
1.2 22.8 0
1.2 23.2 0
1.2 23.6 0
1.2 24 0
1.2 24.4 0
1.2 24.8 0
1.2 25.2 0
1.2 25.6 0
1.2 26 0
1.2 26.4 0
1.2 26.8 0

1.6 0 0
1.6 0.4 0
1.6 0.8 0
1.6 1.2 0
1.6 1.6 0
1.6 2 0
1.6 2.4 0
1.6 2.8 0
1.6 3.2 0
1.6 3.6 0
1.6 4 0
1.6 4.4 0
1.6 4.8 0
1.6 5.2 0
1.6 5.6 0
1.6 6 0
1.6 6.4 0
1.6 6.8 0
1.6 7.2 0
1.6 7.6 0
1.6 8 0
1.6 8.4 0
1.6 8.8 0
1.6 9.2 0
1.6 9.6 0
1.6 10 0
1.6 10.4 0
1.6 10.8 0
1.6 11.2 0
1.6 11.6 0
1.6 12 0
1.6 12.4 0
1.6 12.8 0
1.6 13.2 0
1.6 13.6 0
1.6 14 0
1.6 14.4 0
1.6 14.8 0
1.6 15.2 0
1.6 15.6 0
1.6 16 0
1.6 16.4 0
1.6 16.8 0
1.6 17.2 0
1.6 17.6 0
1.6 18 0
1.6 18.4 0
1.6 18.8 0
1.6 19.2 0
1.6 19.6 0
1.6 20 0
1.6 20.4 0
1.6 20.8 0
1.6 21.2 0
1.6 21.6 0
1.6 22 0
1.6 22.4 0
1.6 22.8 0
1.6 23.2 0
1.6 23.6 0
1.6 24 0
1.6 24.4 0
1.6 24.8 0
1.6 25.2 0
1.6 25.6 0
1.6 26 0
1.6 26.4 0
1.6 26.8 0

2 0 0
2 0.4 0
2 0.8 0
2 1.2 0
2 1.6 0
2 2 0
2 2.4 0
2 2.8 0
2 3.2 0
2 3.6 0
2 4 0
2 4.4 0
2 4.8 0
2 5.2 0
2 5.6 0
2 6 0
2 6.4 0
2 6.8 0
2 7.2 0
2 7.6 0
2 8 0
2 8.4 0
2 8.8 0
2 9.2 0
2 9.6 0
2 10 0
2 10.4 0
2 10.8 0
2 11.2 0
2 11.6 0
2 12 0
2 12.4 0
2 12.8 0
2 13.2 0
2 13.6 0
2 14 0
2 14.4 0
2 14.8 0
2 15.2 0
2 15.6 0
2 16 0
2 16.4 0
2 16.8 0
2 17.2 0
2 17.6 0
2 18 0
2 18.4 0
2 18.8 0
2 19.2 0
2 19.6 0
2 20 0
2 20.4 0
2 20.8 0
2 21.2 0
2 21.6 0
2 22 0
2 22.4 0
2 22.8 0
2 23.2 0
2 23.6 0
2 24 0
2 24.4 0
2 24.8 0
2 25.2 0
2 25.6 0
2 26 0
2 26.4 0
2 26.8 0

2.4 0 0
2.4 0.4 0
2.4 0.8 0
2.4 1.2 0
2.4 1.6 0
2.4 2 0
2.4 2.4 0
2.4 2.8 0
2.4 3.2 0
2.4 3.6 0
2.4 4 0
2.4 4.4 0
2.4 4.8 0
2.4 5.2 0
2.4 5.6 0
2.4 6 0
2.4 6.4 0
2.4 6.8 0
2.4 7.2 0
2.4 7.6 0
2.4 8 0
2.4 8.4 0
2.4 8.8 0
2.4 9.2 0
2.4 9.6 0
2.4 10 0
2.4 10.4 0
2.4 10.8 0
2.4 11.2 0
2.4 11.6 0
2.4 12 0
2.4 12.4 0
2.4 12.8 0
2.4 13.2 0
2.4 13.6 0
2.4 14 0
2.4 14.4 0
2.4 14.8 0
2.4 15.2 0
2.4 15.6 0
2.4 16 0
2.4 16.4 0
2.4 16.8 0
2.4 17.2 0
2.4 17.6 0
2.4 18 0
2.4 18.4 0
2.4 18.8 0
2.4 19.2 0
2.4 19.6 0
2.4 20 0
2.4 20.4 0
2.4 20.8 0
2.4 21.2 0
2.4 21.6 0
2.4 22 0
2.4 22.4 0
2.4 22.8 0
2.4 23.2 0
2.4 23.6 0
2.4 24 0
2.4 24.4 0
2.4 24.8 0
2.4 25.2 0
2.4 25.6 0
2.4 26 0
2.4 26.4 0
2.4 26.8 0

2.8 0 0
2.8 0.4 0
2.8 0.8 0
2.8 1.2 0
2.8 1.6 0
2.8 2 0
2.8 2.4 0
2.8 2.8 0
2.8 3.2 0
2.8 3.6 0
2.8 4 0
2.8 4.4 0
2.8 4.8 0
2.8 5.2 0
2.8 5.6 0
2.8 6 0
2.8 6.4 0
2.8 6.8 0
2.8 7.2 0
2.8 7.6 0
2.8 8 0
2.8 8.4 0
2.8 8.8 0
2.8 9.2 0
2.8 9.6 0
2.8 10 0
2.8 10.4 0
2.8 10.8 0
2.8 11.2 0
2.8 11.6 0
2.8 12 0
2.8 12.4 0
2.8 12.8 0
2.8 13.2 0
2.8 13.6 0
2.8 14 0
2.8 14.4 0
2.8 14.8 0
2.8 15.2 0
2.8 15.6 0
2.8 16 0
2.8 16.4 0
2.8 16.8 0
2.8 17.2 0
2.8 17.6 0
2.8 18 0
2.8 18.4 0
2.8 18.8 0
2.8 19.2 0
2.8 19.6 0
2.8 20 0
2.8 20.4 0
2.8 20.8 0
2.8 21.2 0
2.8 21.6 0
2.8 22 0
2.8 22.4 0
2.8 22.8 0
2.8 23.2 0
2.8 23.6 0
2.8 24 0
2.8 24.4 0
2.8 24.8 0
2.8 25.2 0
2.8 25.6 0
2.8 26 0
2.8 26.4 0
2.8 26.8 0

3.2 0 0
3.2 0.4 0
3.2 0.8 0
3.2 1.2 0
3.2 1.6 0
3.2 2 0
3.2 2.4 0
3.2 2.8 0
3.2 3.2 0
3.2 3.6 0
3.2 4 0
3.2 4.4 0
3.2 4.8 0
3.2 5.2 0
3.2 5.6 0
3.2 6 0
3.2 6.4 0
3.2 6.8 0
3.2 7.2 0
3.2 7.6 0
3.2 8 0
3.2 8.4 0
3.2 8.8 0
3.2 9.2 0
3.2 9.6 0
3.2 10 0
3.2 10.4 0
3.2 10.8 0
3.2 11.2 0
3.2 11.6 0
3.2 12 0
3.2 12.4 0
3.2 12.8 0
3.2 13.2 0
3.2 13.6 0
3.2 14 0
3.2 14.4 0
3.2 14.8 0
3.2 15.2 0
3.2 15.6 0
3.2 16 0
3.2 16.4 0
3.2 16.8 0
3.2 17.2 0
3.2 17.6 0
3.2 18 0
3.2 18.4 0
3.2 18.8 0
3.2 19.2 0
3.2 19.6 0
3.2 20 0
3.2 20.4 0
3.2 20.8 0
3.2 21.2 0
3.2 21.6 0
3.2 22 0
3.2 22.4 0
3.2 22.8 0
3.2 23.2 0
3.2 23.6 0
3.2 24 0
3.2 24.4 0
3.2 24.8 0
3.2 25.2 0
3.2 25.6 0
3.2 26 0
3.2 26.4 0
3.2 26.8 0

3.6 0 0
3.6 0.4 0
3.6 0.8 0
3.6 1.2 0
3.6 1.6 0
3.6 2 0
3.6 2.4 0
3.6 2.8 0
3.6 3.2 0
3.6 3.6 0
3.6 4 0
3.6 4.4 0
3.6 4.8 0
3.6 5.2 0
3.6 5.6 0
3.6 6 0
3.6 6.4 0
3.6 6.8 0
3.6 7.2 0
3.6 7.6 0
3.6 8 0
3.6 8.4 0
3.6 8.8 0
3.6 9.2 0
3.6 9.6 0
3.6 10 0
3.6 10.4 0
3.6 10.8 0
3.6 11.2 0
3.6 11.6 0
3.6 12 0
3.6 12.4 0
3.6 12.8 0
3.6 13.2 0
3.6 13.6 0
3.6 14 0
3.6 14.4 0
3.6 14.8 0
3.6 15.2 0
3.6 15.6 0
3.6 16 0
3.6 16.4 0
3.6 16.8 0
3.6 17.2 0
3.6 17.6 0
3.6 18 0
3.6 18.4 0
3.6 18.8 0
3.6 19.2 0
3.6 19.6 0
3.6 20 0
3.6 20.4 0
3.6 20.8 0
3.6 21.2 0
3.6 21.6 0
3.6 22 0
3.6 22.4 0
3.6 22.8 0
3.6 23.2 0
3.6 23.6 0
3.6 24 0
3.6 24.4 0
3.6 24.8 0
3.6 25.2 0
3.6 25.6 0
3.6 26 0
3.6 26.4 0
3.6 26.8 0

4 0 0
4 0.4 0
4 0.8 0
4 1.2 0
4 1.6 0
4 2 0
4 2.4 0
4 2.8 0
4 3.2 0
4 3.6 0
4 4 0
4 4.4 0
4 4.8 0
4 5.2 0
4 5.6 0
4 6 0
4 6.4 0
4 6.8 0
4 7.2 0
4 7.6 0
4 8 0
4 8.4 0
4 8.8 0
4 9.2 0
4 9.6 0
4 10 0
4 10.4 0
4 10.8 0
4 11.2 0
4 11.6 0
4 12 0
4 12.4 0
4 12.8 0
4 13.2 0
4 13.6 0
4 14 0
4 14.4 0
4 14.8 0
4 15.2 0
4 15.6 0
4 16 0
4 16.4 0
4 16.8 0
4 17.2 0
4 17.6 0
4 18 0
4 18.4 0
4 18.8 0
4 19.2 0
4 19.6 0
4 20 0
4 20.4 0
4 20.8 0
4 21.2 0
4 21.6 0
4 22 0
4 22.4 0
4 22.8 0
4 23.2 0
4 23.6 0
4 24 0
4 24.4 0
4 24.8 0
4 25.2 0
4 25.6 0
4 26 0
4 26.4 0
4 26.8 0

4.4 0 0
4.4 0.4 0
4.4 0.8 0
4.4 1.2 0
4.4 1.6 0
4.4 2 0
4.4 2.4 0
4.4 2.8 0
4.4 3.2 0
4.4 3.6 0
4.4 4 0
4.4 4.4 0
4.4 4.8 0
4.4 5.2 0
4.4 5.6 0
4.4 6 0
4.4 6.4 0
4.4 6.8 0
4.4 7.2 0
4.4 7.6 0
4.4 8 0
4.4 8.4 0
4.4 8.8 0
4.4 9.2 0
4.4 9.6 0
4.4 10 0
4.4 10.4 0
4.4 10.8 0
4.4 11.2 0
4.4 11.6 0
4.4 12 0
4.4 12.4 0
4.4 12.8 0
4.4 13.2 0
4.4 13.6 0
4.4 14 0
4.4 14.4 0
4.4 14.8 0
4.4 15.2 0
4.4 15.6 0
4.4 16 0
4.4 16.4 0
4.4 16.8 0
4.4 17.2 0
4.4 17.6 0
4.4 18 0
4.4 18.4 0
4.4 18.8 0
4.4 19.2 0
4.4 19.6 0
4.4 20 0
4.4 20.4 0
4.4 20.8 0
4.4 21.2 0
4.4 21.6 0
4.4 22 0
4.4 22.4 0
4.4 22.8 0
4.4 23.2 0
4.4 23.6 0
4.4 24 0
4.4 24.4 0
4.4 24.8 0
4.4 25.2 0
4.4 25.6 0
4.4 26 0
4.4 26.4 0
4.4 26.8 0

4.8 0 0
4.8 0.4 0
4.8 0.8 0
4.8 1.2 0
4.8 1.6 0
4.8 2 0
4.8 2.4 0
4.8 2.8 0
4.8 3.2 0
4.8 3.6 0
4.8 4 0
4.8 4.4 0
4.8 4.8 0
4.8 5.2 0
4.8 5.6 0
4.8 6 0
4.8 6.4 0
4.8 6.8 0
4.8 7.2 0
4.8 7.6 0
4.8 8 0
4.8 8.4 0
4.8 8.8 0
4.8 9.2 0
4.8 9.6 0
4.8 10 0
4.8 10.4 0
4.8 10.8 0
4.8 11.2 0
4.8 11.6 0
4.8 12 0
4.8 12.4 0
4.8 12.8 0
4.8 13.2 0
4.8 13.6 0
4.8 14 0
4.8 14.4 0
4.8 14.8 0
4.8 15.2 0
4.8 15.6 0
4.8 16 0
4.8 16.4 0
4.8 16.8 0
4.8 17.2 0
4.8 17.6 0
4.8 18 0
4.8 18.4 0
4.8 18.8 0
4.8 19.2 0
4.8 19.6 0
4.8 20 0
4.8 20.4 0
4.8 20.8 0
4.8 21.2 0
4.8 21.6 0
4.8 22 0
4.8 22.4 0
4.8 22.8 0
4.8 23.2 0
4.8 23.6 0
4.8 24 0
4.8 24.4 0
4.8 24.8 0
4.8 25.2 0
4.8 25.6 0
4.8 26 0
4.8 26.4 0
4.8 26.8 0

5.2 0 0
5.2 0.4 0
5.2 0.8 0
5.2 1.2 0
5.2 1.6 0
5.2 2 0
5.2 2.4 0
5.2 2.8 0
5.2 3.2 0
5.2 3.6 0
5.2 4 0
5.2 4.4 0
5.2 4.8 0
5.2 5.2 0
5.2 5.6 0
5.2 6 0
5.2 6.4 0
5.2 6.8 0
5.2 7.2 0
5.2 7.6 0
5.2 8 0
5.2 8.4 0
5.2 8.8 0
5.2 9.2 0
5.2 9.6 0
5.2 10 0
5.2 10.4 0
5.2 10.8 0
5.2 11.2 0
5.2 11.6 0
5.2 12 0
5.2 12.4 0
5.2 12.8 0
5.2 13.2 0
5.2 13.6 0
5.2 14 0
5.2 14.4 0
5.2 14.8 0
5.2 15.2 0
5.2 15.6 0
5.2 16 0
5.2 16.4 0
5.2 16.8 0
5.2 17.2 0
5.2 17.6 0
5.2 18 0
5.2 18.4 0
5.2 18.8 0
5.2 19.2 0
5.2 19.6 0
5.2 20 0
5.2 20.4 0
5.2 20.8 0
5.2 21.2 0
5.2 21.6 0
5.2 22 0
5.2 22.4 0
5.2 22.8 0
5.2 23.2 0
5.2 23.6 0
5.2 24 0
5.2 24.4 0
5.2 24.8 0
5.2 25.2 0
5.2 25.6 0
5.2 26 0
5.2 26.4 0
5.2 26.8 0

5.6 0 0
5.6 0.4 0
5.6 0.8 0
5.6 1.2 0
5.6 1.6 0
5.6 2 0
5.6 2.4 0
5.6 2.8 0
5.6 3.2 0
5.6 3.6 0
5.6 4 0
5.6 4.4 0
5.6 4.8 0
5.6 5.2 0
5.6 5.6 0
5.6 6 0
5.6 6.4 0
5.6 6.8 0
5.6 7.2 0
5.6 7.6 0
5.6 8 0
5.6 8.4 0
5.6 8.8 0
5.6 9.2 0
5.6 9.6 0
5.6 10 0
5.6 10.4 0
5.6 10.8 0
5.6 11.2 0
5.6 11.6 0
5.6 12 0
5.6 12.4 0
5.6 12.8 0
5.6 13.2 0
5.6 13.6 0
5.6 14 0
5.6 14.4 0
5.6 14.8 0
5.6 15.2 0
5.6 15.6 0
5.6 16 0
5.6 16.4 0
5.6 16.8 0
5.6 17.2 0
5.6 17.6 0
5.6 18 0
5.6 18.4 0
5.6 18.8 0
5.6 19.2 0
5.6 19.6 0
5.6 20 0
5.6 20.4 0
5.6 20.8 0
5.6 21.2 0
5.6 21.6 0
5.6 22 0
5.6 22.4 0
5.6 22.8 0
5.6 23.2 0
5.6 23.6 0
5.6 24 0
5.6 24.4 0
5.6 24.8 0
5.6 25.2 0
5.6 25.6 0
5.6 26 0
5.6 26.4 0
5.6 26.8 0

6 0 0
6 0.4 0
6 0.8 0
6 1.2 0
6 1.6 0
6 2 0
6 2.4 0
6 2.8 0
6 3.2 0
6 3.6 0
6 4 0
6 4.4 0
6 4.8 0
6 5.2 0
6 5.6 0
6 6 0
6 6.4 0
6 6.8 0
6 7.2 0
6 7.6 0
6 8 0
6 8.4 0
6 8.8 0
6 9.2 0
6 9.6 0
6 10 0
6 10.4 0
6 10.8 0
6 11.2 0
6 11.6 0
6 12 0
6 12.4 0
6 12.8 0
6 13.2 0
6 13.6 0
6 14 0
6 14.4 0
6 14.8 0
6 15.2 0
6 15.6 0
6 16 0
6 16.4 0
6 16.8 0
6 17.2 0
6 17.6 0
6 18 0
6 18.4 0
6 18.8 0
6 19.2 0
6 19.6 0
6 20 0
6 20.4 0
6 20.8 0
6 21.2 0
6 21.6 0
6 22 0
6 22.4 0
6 22.8 0
6 23.2 0
6 23.6 0
6 24 0
6 24.4 0
6 24.8 0
6 25.2 0
6 25.6 0
6 26 0
6 26.4 0
6 26.8 0

6.4 0 0
6.4 0.4 0
6.4 0.8 0
6.4 1.2 0
6.4 1.6 0
6.4 2 0
6.4 2.4 0
6.4 2.8 0
6.4 3.2 0
6.4 3.6 0
6.4 4 0
6.4 4.4 0
6.4 4.8 0
6.4 5.2 0
6.4 5.6 0
6.4 6 0
6.4 6.4 0
6.4 6.8 0
6.4 7.2 0
6.4 7.6 0
6.4 8 0
6.4 8.4 0
6.4 8.8 0
6.4 9.2 0
6.4 9.6 0
6.4 10 0
6.4 10.4 0
6.4 10.8 0
6.4 11.2 0
6.4 11.6 0
6.4 12 0
6.4 12.4 0
6.4 12.8 0
6.4 13.2 0
6.4 13.6 0
6.4 14 0
6.4 14.4 0
6.4 14.8 0
6.4 15.2 0
6.4 15.6 0
6.4 16 0
6.4 16.4 0
6.4 16.8 0
6.4 17.2 0
6.4 17.6 0
6.4 18 0
6.4 18.4 0
6.4 18.8 0
6.4 19.2 0
6.4 19.6 0
6.4 20 0
6.4 20.4 0
6.4 20.8 0
6.4 21.2 0
6.4 21.6 0
6.4 22 0
6.4 22.4 0
6.4 22.8 0
6.4 23.2 0
6.4 23.6 0
6.4 24 0
6.4 24.4 0
6.4 24.8 0
6.4 25.2 0
6.4 25.6 0
6.4 26 0
6.4 26.4 0
6.4 26.8 0

6.8 0 0
6.8 0.4 0
6.8 0.8 0
6.8 1.2 0
6.8 1.6 0
6.8 2 0
6.8 2.4 0
6.8 2.8 0
6.8 3.2 0
6.8 3.6 0
6.8 4 0
6.8 4.4 0
6.8 4.8 0
6.8 5.2 0
6.8 5.6 0
6.8 6 0
6.8 6.4 0
6.8 6.8 0
6.8 7.2 0
6.8 7.6 0
6.8 8 0
6.8 8.4 0
6.8 8.8 0
6.8 9.2 0
6.8 9.6 0
6.8 10 0
6.8 10.4 0
6.8 10.8 0
6.8 11.2 0
6.8 11.6 0
6.8 12 0
6.8 12.4 0
6.8 12.8 0
6.8 13.2 0
6.8 13.6 0
6.8 14 0
6.8 14.4 0
6.8 14.8 0
6.8 15.2 0
6.8 15.6 0
6.8 16 0
6.8 16.4 0
6.8 16.8 0
6.8 17.2 0
6.8 17.6 0
6.8 18 0
6.8 18.4 0
6.8 18.8 0
6.8 19.2 0
6.8 19.6 0
6.8 20 0
6.8 20.4 0
6.8 20.8 0
6.8 21.2 0
6.8 21.6 0
6.8 22 0
6.8 22.4 0
6.8 22.8 0
6.8 23.2 0
6.8 23.6 0
6.8 24 0
6.8 24.4 0
6.8 24.8 0
6.8 25.2 0
6.8 25.6 0
6.8 26 0
6.8 26.4 0
6.8 26.8 0

7.2 0 0
7.2 0.4 0
7.2 0.8 0
7.2 1.2 0
7.2 1.6 0
7.2 2 0
7.2 2.4 0
7.2 2.8 0
7.2 3.2 0
7.2 3.6 0
7.2 4 0
7.2 4.4 0
7.2 4.8 0
7.2 5.2 0
7.2 5.6 0
7.2 6 0
7.2 6.4 0
7.2 6.8 0
7.2 7.2 0
7.2 7.6 0
7.2 8 0
7.2 8.4 0
7.2 8.8 0
7.2 9.2 0
7.2 9.6 0
7.2 10 0
7.2 10.4 0
7.2 10.8 0
7.2 11.2 0
7.2 11.6 0
7.2 12 0
7.2 12.4 0
7.2 12.8 0
7.2 13.2 0
7.2 13.6 0
7.2 14 0
7.2 14.4 0
7.2 14.8 0
7.2 15.2 0
7.2 15.6 0
7.2 16 0
7.2 16.4 0
7.2 16.8 0
7.2 17.2 0
7.2 17.6 0
7.2 18 0
7.2 18.4 0
7.2 18.8 0
7.2 19.2 0
7.2 19.6 0
7.2 20 0
7.2 20.4 0
7.2 20.8 0
7.2 21.2 0
7.2 21.6 0
7.2 22 0
7.2 22.4 0
7.2 22.8 0
7.2 23.2 0
7.2 23.6 0
7.2 24 0
7.2 24.4 0
7.2 24.8 0
7.2 25.2 0
7.2 25.6 0
7.2 26 0
7.2 26.4 0
7.2 26.8 0

7.6 0 0
7.6 0.4 0
7.6 0.8 0
7.6 1.2 0
7.6 1.6 0
7.6 2 0
7.6 2.4 0
7.6 2.8 0
7.6 3.2 0
7.6 3.6 0
7.6 4 0
7.6 4.4 0
7.6 4.8 0
7.6 5.2 0
7.6 5.6 0
7.6 6 0
7.6 6.4 0
7.6 6.8 0
7.6 7.2 0
7.6 7.6 0
7.6 8 0
7.6 8.4 0
7.6 8.8 0
7.6 9.2 0
7.6 9.6 0
7.6 10 0
7.6 10.4 0
7.6 10.8 0
7.6 11.2 0
7.6 11.6 0
7.6 12 0
7.6 12.4 0
7.6 12.8 0
7.6 13.2 0
7.6 13.6 0
7.6 14 0
7.6 14.4 0
7.6 14.8 0
7.6 15.2 0
7.6 15.6 0
7.6 16 0
7.6 16.4 0
7.6 16.8 0
7.6 17.2 0
7.6 17.6 0
7.6 18 0
7.6 18.4 0
7.6 18.8 0
7.6 19.2 0
7.6 19.6 0
7.6 20 0
7.6 20.4 0
7.6 20.8 0
7.6 21.2 0
7.6 21.6 0
7.6 22 0
7.6 22.4 0
7.6 22.8 0
7.6 23.2 0
7.6 23.6 0
7.6 24 0
7.6 24.4 0
7.6 24.8 0
7.6 25.2 0
7.6 25.6 0
7.6 26 0
7.6 26.4 0
7.6 26.8 0

8 0 0
8 0.4 0
8 0.8 0
8 1.2 0
8 1.6 0
8 2 0
8 2.4 0
8 2.8 0
8 3.2 0
8 3.6 0
8 4 0
8 4.4 0
8 4.8 0
8 5.2 0
8 5.6 0
8 6 0
8 6.4 0
8 6.8 0
8 7.2 0
8 7.6 0
8 8 0
8 8.4 0
8 8.8 0
8 9.2 0
8 9.6 0
8 10 0
8 10.4 0
8 10.8 0
8 11.2 0
8 11.6 0
8 12 0
8 12.4 0
8 12.8 0
8 13.2 0
8 13.6 0
8 14 0
8 14.4 0
8 14.8 0
8 15.2 0
8 15.6 0
8 16 0
8 16.4 0
8 16.8 0
8 17.2 0
8 17.6 0
8 18 0
8 18.4 0
8 18.8 0
8 19.2 0
8 19.6 0
8 20 0
8 20.4 0
8 20.8 0
8 21.2 0
8 21.6 0
8 22 0
8 22.4 0
8 22.8 0
8 23.2 0
8 23.6 0
8 24 0
8 24.4 0
8 24.8 0
8 25.2 0
8 25.6 0
8 26 0
8 26.4 0
8 26.8 0

8.4 0 0
8.4 0.4 0
8.4 0.8 0
8.4 1.2 0
8.4 1.6 0
8.4 2 0
8.4 2.4 0
8.4 2.8 0
8.4 3.2 0
8.4 3.6 0
8.4 4 0
8.4 4.4 0
8.4 4.8 0
8.4 5.2 0
8.4 5.6 0
8.4 6 0
8.4 6.4 0
8.4 6.8 0
8.4 7.2 0
8.4 7.6 0
8.4 8 0
8.4 8.4 0
8.4 8.8 0
8.4 9.2 0
8.4 9.6 0
8.4 10 0
8.4 10.4 0
8.4 10.8 0
8.4 11.2 0
8.4 11.6 0
8.4 12 0
8.4 12.4 0
8.4 12.8 0
8.4 13.2 0
8.4 13.6 0
8.4 14 0
8.4 14.4 0
8.4 14.8 0
8.4 15.2 0
8.4 15.6 0
8.4 16 0
8.4 16.4 0
8.4 16.8 0
8.4 17.2 0
8.4 17.6 0
8.4 18 0
8.4 18.4 0
8.4 18.8 0
8.4 19.2 0
8.4 19.6 0
8.4 20 0
8.4 20.4 0
8.4 20.8 0
8.4 21.2 0
8.4 21.6 0
8.4 22 0
8.4 22.4 0
8.4 22.8 0
8.4 23.2 0
8.4 23.6 0
8.4 24 0
8.4 24.4 0
8.4 24.8 0
8.4 25.2 0
8.4 25.6 0
8.4 26 0
8.4 26.4 0
8.4 26.8 0

8.8 0 0
8.8 0.4 0
8.8 0.8 0
8.8 1.2 0
8.8 1.6 0
8.8 2 0
8.8 2.4 0
8.8 2.8 0
8.8 3.2 0
8.8 3.6 0
8.8 4 0
8.8 4.4 0
8.8 4.8 0
8.8 5.2 0
8.8 5.6 0
8.8 6 0
8.8 6.4 0
8.8 6.8 0
8.8 7.2 0
8.8 7.6 0
8.8 8 0
8.8 8.4 0
8.8 8.8 0
8.8 9.2 0
8.8 9.6 0
8.8 10 0
8.8 10.4 0
8.8 10.8 0
8.8 11.2 0
8.8 11.6 0
8.8 12 0
8.8 12.4 0
8.8 12.8 0
8.8 13.2 0
8.8 13.6 0
8.8 14 0
8.8 14.4 0
8.8 14.8 0
8.8 15.2 0
8.8 15.6 0
8.8 16 0
8.8 16.4 0
8.8 16.8 0
8.8 17.2 0
8.8 17.6 0
8.8 18 0
8.8 18.4 0
8.8 18.8 0
8.8 19.2 0
8.8 19.6 0
8.8 20 0
8.8 20.4 0
8.8 20.8 0
8.8 21.2 0
8.8 21.6 0
8.8 22 0
8.8 22.4 0
8.8 22.8 0
8.8 23.2 0
8.8 23.6 0
8.8 24 0
8.8 24.4 0
8.8 24.8 0
8.8 25.2 0
8.8 25.6 0
8.8 26 0
8.8 26.4 0
8.8 26.8 0

9.2 0 0
9.2 0.4 0
9.2 0.8 0
9.2 1.2 0
9.2 1.6 0
9.2 2 0
9.2 2.4 0
9.2 2.8 0
9.2 3.2 0
9.2 3.6 0
9.2 4 0
9.2 4.4 0
9.2 4.8 0
9.2 5.2 0
9.2 5.6 0
9.2 6 0
9.2 6.4 0
9.2 6.8 0
9.2 7.2 0
9.2 7.6 0
9.2 8 0
9.2 8.4 0
9.2 8.8 0
9.2 9.2 0
9.2 9.6 0
9.2 10 0
9.2 10.4 0
9.2 10.8 0
9.2 11.2 0
9.2 11.6 0
9.2 12 0
9.2 12.4 0
9.2 12.8 0
9.2 13.2 0
9.2 13.6 0
9.2 14 0
9.2 14.4 0
9.2 14.8 0
9.2 15.2 0
9.2 15.6 0
9.2 16 0
9.2 16.4 0
9.2 16.8 0
9.2 17.2 0
9.2 17.6 0
9.2 18 0
9.2 18.4 0
9.2 18.8 0
9.2 19.2 0
9.2 19.6 0
9.2 20 0
9.2 20.4 0
9.2 20.8 0
9.2 21.2 0
9.2 21.6 0
9.2 22 0
9.2 22.4 0
9.2 22.8 0
9.2 23.2 0
9.2 23.6 0
9.2 24 0
9.2 24.4 0
9.2 24.8 0
9.2 25.2 0
9.2 25.6 0
9.2 26 0
9.2 26.4 0
9.2 26.8 0

9.6 0 0
9.6 0.4 0
9.6 0.8 0
9.6 1.2 0
9.6 1.6 0
9.6 2 0
9.6 2.4 0
9.6 2.8 0
9.6 3.2 0
9.6 3.6 0
9.6 4 0
9.6 4.4 0
9.6 4.8 0
9.6 5.2 0
9.6 5.6 0
9.6 6 0
9.6 6.4 0
9.6 6.8 0
9.6 7.2 0
9.6 7.6 0
9.6 8 0
9.6 8.4 0
9.6 8.8 0
9.6 9.2 0
9.6 9.6 0
9.6 10 0
9.6 10.4 0
9.6 10.8 0
9.6 11.2 0
9.6 11.6 0
9.6 12 0
9.6 12.4 0
9.6 12.8 0
9.6 13.2 0
9.6 13.6 0
9.6 14 0
9.6 14.4 0
9.6 14.8 0
9.6 15.2 0
9.6 15.6 0
9.6 16 0
9.6 16.4 0
9.6 16.8 0
9.6 17.2 0
9.6 17.6 0
9.6 18 0
9.6 18.4 0
9.6 18.8 0
9.6 19.2 0
9.6 19.6 0
9.6 20 0
9.6 20.4 0
9.6 20.8 0
9.6 21.2 0
9.6 21.6 0
9.6 22 0
9.6 22.4 0
9.6 22.8 0
9.6 23.2 0
9.6 23.6 0
9.6 24 0
9.6 24.4 0
9.6 24.8 0
9.6 25.2 0
9.6 25.6 0
9.6 26 0
9.6 26.4 0
9.6 26.8 0

10 0 0
10 0.4 0
10 0.8 0
10 1.2 0
10 1.6 0
10 2 0
10 2.4 0
10 2.8 0
10 3.2 0
10 3.6 0
10 4 0
10 4.4 0
10 4.8 0
10 5.2 0
10 5.6 0
10 6 0
10 6.4 0
10 6.8 0
10 7.2 0
10 7.6 0
10 8 0
10 8.4 0
10 8.8 0
10 9.2 0
10 9.6 0
10 10 0
10 10.4 0
10 10.8 0
10 11.2 0
10 11.6 0
10 12 0
10 12.4 0
10 12.8 0
10 13.2 0
10 13.6 0
10 14 0
10 14.4 0
10 14.8 0
10 15.2 0
10 15.6 0
10 16 0
10 16.4 0
10 16.8 0
10 17.2 0
10 17.6 0
10 18 0
10 18.4 0
10 18.8 0
10 19.2 0
10 19.6 0
10 20 0
10 20.4 0
10 20.8 0
10 21.2 0
10 21.6 0
10 22 0
10 22.4 0
10 22.8 0
10 23.2 0
10 23.6 0
10 24 0
10 24.4 0
10 24.8 0
10 25.2 0
10 25.6 0
10 26 0
10 26.4 0
10 26.8 0

10.4 0 0
10.4 0.4 0
10.4 0.8 0
10.4 1.2 0
10.4 1.6 0
10.4 2 0
10.4 2.4 0
10.4 2.8 0
10.4 3.2 0
10.4 3.6 0
10.4 4 0
10.4 4.4 0
10.4 4.8 0
10.4 5.2 0
10.4 5.6 0
10.4 6 0
10.4 6.4 0
10.4 6.8 0
10.4 7.2 0
10.4 7.6 0
10.4 8 0
10.4 8.4 0
10.4 8.8 0
10.4 9.2 0
10.4 9.6 0
10.4 10 0
10.4 10.4 0
10.4 10.8 0
10.4 11.2 0
10.4 11.6 0
10.4 12 0
10.4 12.4 0
10.4 12.8 0
10.4 13.2 0
10.4 13.6 0
10.4 14 0
10.4 14.4 0
10.4 14.8 0
10.4 15.2 0
10.4 15.6 0
10.4 16 0
10.4 16.4 0
10.4 16.8 0
10.4 17.2 0
10.4 17.6 0
10.4 18 0
10.4 18.4 0
10.4 18.8 0
10.4 19.2 0
10.4 19.6 0
10.4 20 0
10.4 20.4 0
10.4 20.8 0
10.4 21.2 0
10.4 21.6 0
10.4 22 0
10.4 22.4 0
10.4 22.8 0
10.4 23.2 0
10.4 23.6 0
10.4 24 0
10.4 24.4 0
10.4 24.8 0
10.4 25.2 0
10.4 25.6 0
10.4 26 0
10.4 26.4 0
10.4 26.8 0

10.8 0 0
10.8 0.4 0
10.8 0.8 0
10.8 1.2 0
10.8 1.6 0
10.8 2 0
10.8 2.4 0
10.8 2.8 0
10.8 3.2 0
10.8 3.6 0
10.8 4 0
10.8 4.4 0
10.8 4.8 0
10.8 5.2 0
10.8 5.6 0
10.8 6 0
10.8 6.4 0
10.8 6.8 0
10.8 7.2 0
10.8 7.6 0
10.8 8 0
10.8 8.4 0
10.8 8.8 0
10.8 9.2 0
10.8 9.6 0
10.8 10 0
10.8 10.4 0
10.8 10.8 0
10.8 11.2 0
10.8 11.6 0
10.8 12 0
10.8 12.4 0
10.8 12.8 0
10.8 13.2 0
10.8 13.6 0
10.8 14 0
10.8 14.4 0
10.8 14.8 0
10.8 15.2 0
10.8 15.6 0
10.8 16 0
10.8 16.4 0
10.8 16.8 0
10.8 17.2 0
10.8 17.6 0
10.8 18 0
10.8 18.4 0
10.8 18.8 0
10.8 19.2 0
10.8 19.6 0
10.8 20 0
10.8 20.4 0
10.8 20.8 0
10.8 21.2 0
10.8 21.6 0
10.8 22 0
10.8 22.4 0
10.8 22.8 0
10.8 23.2 0
10.8 23.6 0
10.8 24 0
10.8 24.4 0
10.8 24.8 0
10.8 25.2 0
10.8 25.6 0
10.8 26 0
10.8 26.4 0
10.8 26.8 0

11.2 0 0
11.2 0.4 0
11.2 0.8 0
11.2 1.2 0
11.2 1.6 0
11.2 2 0
11.2 2.4 0
11.2 2.8 0
11.2 3.2 0
11.2 3.6 0
11.2 4 0
11.2 4.4 0
11.2 4.8 0
11.2 5.2 0
11.2 5.6 0
11.2 6 0
11.2 6.4 0
11.2 6.8 0
11.2 7.2 0
11.2 7.6 0
11.2 8 0
11.2 8.4 0
11.2 8.8 0
11.2 9.2 0
11.2 9.6 0
11.2 10 0
11.2 10.4 0
11.2 10.8 0
11.2 11.2 0
11.2 11.6 0
11.2 12 0
11.2 12.4 0
11.2 12.8 0
11.2 13.2 0
11.2 13.6 0
11.2 14 0
11.2 14.4 0
11.2 14.8 0
11.2 15.2 0
11.2 15.6 0
11.2 16 0
11.2 16.4 0
11.2 16.8 0
11.2 17.2 0
11.2 17.6 0
11.2 18 0
11.2 18.4 0
11.2 18.8 0
11.2 19.2 0
11.2 19.6 0
11.2 20 0
11.2 20.4 0
11.2 20.8 0
11.2 21.2 0
11.2 21.6 0
11.2 22 0
11.2 22.4 0
11.2 22.8 0
11.2 23.2 0
11.2 23.6 0
11.2 24 0
11.2 24.4 0
11.2 24.8 0
11.2 25.2 0
11.2 25.6 0
11.2 26 0
11.2 26.4 0
11.2 26.8 0

11.6 0 0
11.6 0.4 0
11.6 0.8 0
11.6 1.2 0
11.6 1.6 0
11.6 2 0
11.6 2.4 0
11.6 2.8 0
11.6 3.2 0
11.6 3.6 0
11.6 4 0
11.6 4.4 0
11.6 4.8 0
11.6 5.2 0
11.6 5.6 0
11.6 6 0
11.6 6.4 0
11.6 6.8 0
11.6 7.2 0
11.6 7.6 0
11.6 8 0
11.6 8.4 0
11.6 8.8 0
11.6 9.2 0
11.6 9.6 0
11.6 10 0
11.6 10.4 0
11.6 10.8 0
11.6 11.2 0
11.6 11.6 0
11.6 12 0
11.6 12.4 0
11.6 12.8 0
11.6 13.2 0
11.6 13.6 0
11.6 14 0
11.6 14.4 0
11.6 14.8 0
11.6 15.2 0
11.6 15.6 0
11.6 16 0
11.6 16.4 0
11.6 16.8 0
11.6 17.2 0
11.6 17.6 0
11.6 18 0
11.6 18.4 0
11.6 18.8 0
11.6 19.2 0
11.6 19.6 0
11.6 20 0
11.6 20.4 0
11.6 20.8 0
11.6 21.2 0
11.6 21.6 0
11.6 22 0
11.6 22.4 0
11.6 22.8 0
11.6 23.2 0
11.6 23.6 0
11.6 24 0
11.6 24.4 0
11.6 24.8 0
11.6 25.2 0
11.6 25.6 0
11.6 26 0
11.6 26.4 0
11.6 26.8 0

12 0 0
12 0.4 0
12 0.8 0
12 1.2 0
12 1.6 0
12 2 0
12 2.4 0
12 2.8 0
12 3.2 0
12 3.6 0
12 4 0
12 4.4 0
12 4.8 0
12 5.2 0
12 5.6 0
12 6 0
12 6.4 0
12 6.8 0
12 7.2 0
12 7.6 0
12 8 0
12 8.4 0
12 8.8 0
12 9.2 0
12 9.6 0
12 10 0
12 10.4 0
12 10.8 0
12 11.2 0
12 11.6 0
12 12 0
12 12.4 0
12 12.8 0
12 13.2 0
12 13.6 0
12 14 0
12 14.4 0
12 14.8 0
12 15.2 0
12 15.6 0
12 16 0
12 16.4 0
12 16.8 0
12 17.2 0
12 17.6 0
12 18 0
12 18.4 0
12 18.8 0
12 19.2 0
12 19.6 0
12 20 0
12 20.4 0
12 20.8 0
12 21.2 0
12 21.6 0
12 22 0
12 22.4 0
12 22.8 0
12 23.2 0
12 23.6 0
12 24 0
12 24.4 0
12 24.8 0
12 25.2 0
12 25.6 0
12 26 0
12 26.4 0
12 26.8 0

12.4 0 0
12.4 0.4 0
12.4 0.8 0
12.4 1.2 0
12.4 1.6 0
12.4 2 0
12.4 2.4 0
12.4 2.8 0
12.4 3.2 0
12.4 3.6 0
12.4 4 0
12.4 4.4 0
12.4 4.8 0
12.4 5.2 0
12.4 5.6 0
12.4 6 0
12.4 6.4 0
12.4 6.8 0
12.4 7.2 0
12.4 7.6 0
12.4 8 0
12.4 8.4 0
12.4 8.8 0
12.4 9.2 0
12.4 9.6 0
12.4 10 0
12.4 10.4 0
12.4 10.8 0
12.4 11.2 0
12.4 11.6 0
12.4 12 0
12.4 12.4 0
12.4 12.8 0
12.4 13.2 0
12.4 13.6 0
12.4 14 0
12.4 14.4 0
12.4 14.8 0
12.4 15.2 0
12.4 15.6 0
12.4 16 0
12.4 16.4 0
12.4 16.8 0
12.4 17.2 0
12.4 17.6 0
12.4 18 0
12.4 18.4 0
12.4 18.8 0
12.4 19.2 0
12.4 19.6 0
12.4 20 0
12.4 20.4 0
12.4 20.8 0
12.4 21.2 0
12.4 21.6 0
12.4 22 0
12.4 22.4 0
12.4 22.8 0
12.4 23.2 0
12.4 23.6 0
12.4 24 0
12.4 24.4 0
12.4 24.8 0
12.4 25.2 0
12.4 25.6 0
12.4 26 0
12.4 26.4 0
12.4 26.8 0

12.8 0 0
12.8 0.4 0
12.8 0.8 0
12.8 1.2 0
12.8 1.6 0
12.8 2 0
12.8 2.4 0
12.8 2.8 0
12.8 3.2 0
12.8 3.6 0
12.8 4 0
12.8 4.4 0
12.8 4.8 0
12.8 5.2 0
12.8 5.6 0
12.8 6 0
12.8 6.4 0
12.8 6.8 0
12.8 7.2 0
12.8 7.6 0
12.8 8 0
12.8 8.4 0
12.8 8.8 0
12.8 9.2 0
12.8 9.6 0
12.8 10 0
12.8 10.4 0
12.8 10.8 0
12.8 11.2 0
12.8 11.6 0
12.8 12 0
12.8 12.4 0
12.8 12.8 0
12.8 13.2 0
12.8 13.6 0
12.8 14 0
12.8 14.4 0
12.8 14.8 0
12.8 15.2 0
12.8 15.6 0
12.8 16 0
12.8 16.4 0
12.8 16.8 0
12.8 17.2 0
12.8 17.6 0
12.8 18 0
12.8 18.4 0
12.8 18.8 0
12.8 19.2 0
12.8 19.6 0
12.8 20 0
12.8 20.4 0
12.8 20.8 0
12.8 21.2 0
12.8 21.6 0
12.8 22 0
12.8 22.4 0
12.8 22.8 0
12.8 23.2 0
12.8 23.6 0
12.8 24 0
12.8 24.4 0
12.8 24.8 0
12.8 25.2 0
12.8 25.6 0
12.8 26 0
12.8 26.4 0
12.8 26.8 0

13.2 0 0
13.2 0.4 0
13.2 0.8 0
13.2 1.2 0
13.2 1.6 0
13.2 2 0
13.2 2.4 0
13.2 2.8 0
13.2 3.2 0
13.2 3.6 0
13.2 4 0
13.2 4.4 0
13.2 4.8 0
13.2 5.2 0
13.2 5.6 0
13.2 6 0
13.2 6.4 0
13.2 6.8 0
13.2 7.2 0
13.2 7.6 0
13.2 8 0
13.2 8.4 0
13.2 8.8 0
13.2 9.2 0
13.2 9.6 0
13.2 10 0
13.2 10.4 0
13.2 10.8 0
13.2 11.2 0
13.2 11.6 0
13.2 12 0
13.2 12.4 0
13.2 12.8 0
13.2 13.2 0
13.2 13.6 0
13.2 14 0
13.2 14.4 0
13.2 14.8 0
13.2 15.2 0
13.2 15.6 0
13.2 16 0
13.2 16.4 0
13.2 16.8 0
13.2 17.2 0
13.2 17.6 0
13.2 18 0
13.2 18.4 0
13.2 18.8 0
13.2 19.2 0
13.2 19.6 0
13.2 20 0
13.2 20.4 0
13.2 20.8 0
13.2 21.2 0
13.2 21.6 0
13.2 22 0
13.2 22.4 0
13.2 22.8 0
13.2 23.2 0
13.2 23.6 0
13.2 24 0
13.2 24.4 0
13.2 24.8 0
13.2 25.2 0
13.2 25.6 0
13.2 26 0
13.2 26.4 0
13.2 26.8 0

13.6 0 0
13.6 0.4 0
13.6 0.8 0
13.6 1.2 0
13.6 1.6 0
13.6 2 0
13.6 2.4 0
13.6 2.8 0
13.6 3.2 0
13.6 3.6 0
13.6 4 0
13.6 4.4 0
13.6 4.8 0
13.6 5.2 0
13.6 5.6 0
13.6 6 0
13.6 6.4 0
13.6 6.8 0
13.6 7.2 0
13.6 7.6 0
13.6 8 0
13.6 8.4 0
13.6 8.8 0
13.6 9.2 0
13.6 9.6 0
13.6 10 0
13.6 10.4 0
13.6 10.8 0
13.6 11.2 0
13.6 11.6 0
13.6 12 0
13.6 12.4 0
13.6 12.8 0
13.6 13.2 0
13.6 13.6 0
13.6 14 0
13.6 14.4 0
13.6 14.8 0
13.6 15.2 0
13.6 15.6 0
13.6 16 0
13.6 16.4 0
13.6 16.8 0
13.6 17.2 0
13.6 17.6 0
13.6 18 0
13.6 18.4 0
13.6 18.8 0
13.6 19.2 0
13.6 19.6 0
13.6 20 0
13.6 20.4 0
13.6 20.8 0
13.6 21.2 0
13.6 21.6 0
13.6 22 0
13.6 22.4 0
13.6 22.8 0
13.6 23.2 0
13.6 23.6 0
13.6 24 0
13.6 24.4 0
13.6 24.8 0
13.6 25.2 0
13.6 25.6 0
13.6 26 0
13.6 26.4 0
13.6 26.8 0

14 0 0
14 0.4 0
14 0.8 0
14 1.2 0
14 1.6 0
14 2 0
14 2.4 0
14 2.8 0
14 3.2 0
14 3.6 0
14 4 0
14 4.4 0
14 4.8 0
14 5.2 0
14 5.6 0
14 6 0
14 6.4 0
14 6.8 0
14 7.2 0
14 7.6 0
14 8 0
14 8.4 0
14 8.8 0
14 9.2 0
14 9.6 0
14 10 0
14 10.4 0
14 10.8 0
14 11.2 0
14 11.6 0
14 12 0
14 12.4 0
14 12.8 0
14 13.2 0
14 13.6 0
14 14 0
14 14.4 0
14 14.8 0
14 15.2 0
14 15.6 0
14 16 0
14 16.4 0
14 16.8 0
14 17.2 0
14 17.6 0
14 18 0
14 18.4 0
14 18.8 0
14 19.2 0
14 19.6 0
14 20 0
14 20.4 0
14 20.8 0
14 21.2 0
14 21.6 0
14 22 0
14 22.4 0
14 22.8 0
14 23.2 0
14 23.6 0
14 24 0
14 24.4 0
14 24.8 0
14 25.2 0
14 25.6 0
14 26 0
14 26.4 0
14 26.8 0

14.4 0 0
14.4 0.4 0
14.4 0.8 0
14.4 1.2 0
14.4 1.6 0
14.4 2 0
14.4 2.4 0
14.4 2.8 0
14.4 3.2 0
14.4 3.6 0
14.4 4 0
14.4 4.4 0
14.4 4.8 0
14.4 5.2 0
14.4 5.6 0
14.4 6 0
14.4 6.4 0
14.4 6.8 0
14.4 7.2 0
14.4 7.6 0
14.4 8 0
14.4 8.4 0
14.4 8.8 0
14.4 9.2 0
14.4 9.6 0
14.4 10 0
14.4 10.4 0
14.4 10.8 0
14.4 11.2 0
14.4 11.6 0
14.4 12 0
14.4 12.4 0
14.4 12.8 0
14.4 13.2 0
14.4 13.6 0
14.4 14 0
14.4 14.4 0
14.4 14.8 0
14.4 15.2 0
14.4 15.6 0
14.4 16 0
14.4 16.4 0
14.4 16.8 0
14.4 17.2 0
14.4 17.6 0
14.4 18 0
14.4 18.4 0
14.4 18.8 0
14.4 19.2 0
14.4 19.6 0
14.4 20 0
14.4 20.4 0
14.4 20.8 0
14.4 21.2 0
14.4 21.6 0
14.4 22 0
14.4 22.4 0
14.4 22.8 0
14.4 23.2 0
14.4 23.6 0
14.4 24 0
14.4 24.4 0
14.4 24.8 0
14.4 25.2 0
14.4 25.6 0
14.4 26 0
14.4 26.4 0
14.4 26.8 0

14.8 0 0
14.8 0.4 0
14.8 0.8 0
14.8 1.2 0
14.8 1.6 0
14.8 2 0
14.8 2.4 0
14.8 2.8 0
14.8 3.2 0
14.8 3.6 0
14.8 4 0
14.8 4.4 0
14.8 4.8 0
14.8 5.2 0
14.8 5.6 0
14.8 6 0
14.8 6.4 0
14.8 6.8 0
14.8 7.2 0
14.8 7.6 0
14.8 8 0
14.8 8.4 0
14.8 8.8 0
14.8 9.2 0
14.8 9.6 0
14.8 10 0
14.8 10.4 0
14.8 10.8 0
14.8 11.2 0
14.8 11.6 0
14.8 12 0
14.8 12.4 0
14.8 12.8 0
14.8 13.2 0
14.8 13.6 0
14.8 14 0
14.8 14.4 0
14.8 14.8 0
14.8 15.2 0
14.8 15.6 0
14.8 16 0
14.8 16.4 0
14.8 16.8 0
14.8 17.2 0
14.8 17.6 0
14.8 18 0
14.8 18.4 0
14.8 18.8 0
14.8 19.2 0
14.8 19.6 0
14.8 20 0
14.8 20.4 0
14.8 20.8 0
14.8 21.2 0
14.8 21.6 0
14.8 22 0
14.8 22.4 0
14.8 22.8 0
14.8 23.2 0
14.8 23.6 0
14.8 24 0
14.8 24.4 0
14.8 24.8 0
14.8 25.2 0
14.8 25.6 0
14.8 26 0
14.8 26.4 0
14.8 26.8 0

15.2 0 0
15.2 0.4 0
15.2 0.8 0
15.2 1.2 0
15.2 1.6 0
15.2 2 0
15.2 2.4 0
15.2 2.8 0
15.2 3.2 0
15.2 3.6 0
15.2 4 0
15.2 4.4 0
15.2 4.8 0
15.2 5.2 0
15.2 5.6 0
15.2 6 0
15.2 6.4 0
15.2 6.8 0
15.2 7.2 0
15.2 7.6 0
15.2 8 0
15.2 8.4 0
15.2 8.8 0
15.2 9.2 0
15.2 9.6 0
15.2 10 0
15.2 10.4 0
15.2 10.8 0
15.2 11.2 0
15.2 11.6 0
15.2 12 0
15.2 12.4 0
15.2 12.8 0
15.2 13.2 0
15.2 13.6 0
15.2 14 0
15.2 14.4 0
15.2 14.8 0
15.2 15.2 0
15.2 15.6 0
15.2 16 0
15.2 16.4 0
15.2 16.8 0
15.2 17.2 0
15.2 17.6 0
15.2 18 0
15.2 18.4 0
15.2 18.8 0
15.2 19.2 0
15.2 19.6 0
15.2 20 0
15.2 20.4 0
15.2 20.8 0
15.2 21.2 0
15.2 21.6 0
15.2 22 0
15.2 22.4 0
15.2 22.8 0
15.2 23.2 0
15.2 23.6 0
15.2 24 0
15.2 24.4 0
15.2 24.8 0
15.2 25.2 0
15.2 25.6 0
15.2 26 0
15.2 26.4 0
15.2 26.8 0

15.6 0 0
15.6 0.4 0
15.6 0.8 0
15.6 1.2 0
15.6 1.6 0
15.6 2 0
15.6 2.4 0
15.6 2.8 0
15.6 3.2 0
15.6 3.6 0
15.6 4 0
15.6 4.4 0
15.6 4.8 0
15.6 5.2 0
15.6 5.6 0
15.6 6 0
15.6 6.4 0
15.6 6.8 0
15.6 7.2 0
15.6 7.6 0
15.6 8 0
15.6 8.4 0
15.6 8.8 0
15.6 9.2 0
15.6 9.6 0
15.6 10 0
15.6 10.4 0
15.6 10.8 0
15.6 11.2 0
15.6 11.6 0
15.6 12 0
15.6 12.4 0
15.6 12.8 0
15.6 13.2 0
15.6 13.6 0
15.6 14 0
15.6 14.4 0
15.6 14.8 0
15.6 15.2 0
15.6 15.6 0
15.6 16 0
15.6 16.4 0
15.6 16.8 0
15.6 17.2 0
15.6 17.6 0
15.6 18 0
15.6 18.4 0
15.6 18.8 0
15.6 19.2 0
15.6 19.6 0
15.6 20 0
15.6 20.4 0
15.6 20.8 0
15.6 21.2 0
15.6 21.6 0
15.6 22 0
15.6 22.4 0
15.6 22.8 0
15.6 23.2 0
15.6 23.6 0
15.6 24 0
15.6 24.4 0
15.6 24.8 0
15.6 25.2 0
15.6 25.6 0
15.6 26 0
15.6 26.4 0
15.6 26.8 0

16 0 0
16 0.4 0
16 0.8 0
16 1.2 0
16 1.6 0
16 2 0
16 2.4 0
16 2.8 0
16 3.2 0
16 3.6 0
16 4 0
16 4.4 0
16 4.8 0
16 5.2 0
16 5.6 0
16 6 0
16 6.4 0
16 6.8 0
16 7.2 0
16 7.6 0
16 8 0
16 8.4 0
16 8.8 0
16 9.2 0
16 9.6 0
16 10 0
16 10.4 0
16 10.8 0
16 11.2 0
16 11.6 0
16 12 0
16 12.4 0
16 12.8 0
16 13.2 0
16 13.6 0
16 14 0
16 14.4 0
16 14.8 0
16 15.2 0
16 15.6 0
16 16 0
16 16.4 0
16 16.8 0
16 17.2 0
16 17.6 0
16 18 0
16 18.4 0
16 18.8 0
16 19.2 0
16 19.6 0
16 20 0
16 20.4 0
16 20.8 0
16 21.2 0
16 21.6 0
16 22 0
16 22.4 0
16 22.8 0
16 23.2 0
16 23.6 0
16 24 0
16 24.4 0
16 24.8 0
16 25.2 0
16 25.6 0
16 26 0
16 26.4 0
16 26.8 0

16.4 0 0
16.4 0.4 0
16.4 0.8 0
16.4 1.2 0
16.4 1.6 0
16.4 2 0
16.4 2.4 0
16.4 2.8 0
16.4 3.2 0
16.4 3.6 0
16.4 4 0
16.4 4.4 0
16.4 4.8 0
16.4 5.2 0
16.4 5.6 0
16.4 6 0
16.4 6.4 0
16.4 6.8 0
16.4 7.2 0
16.4 7.6 0
16.4 8 0
16.4 8.4 0
16.4 8.8 0
16.4 9.2 0
16.4 9.6 0
16.4 10 0
16.4 10.4 0
16.4 10.8 0
16.4 11.2 0
16.4 11.6 0
16.4 12 0
16.4 12.4 0
16.4 12.8 0
16.4 13.2 0
16.4 13.6 0
16.4 14 0
16.4 14.4 0
16.4 14.8 0
16.4 15.2 0
16.4 15.6 0
16.4 16 0
16.4 16.4 0
16.4 16.8 0
16.4 17.2 0
16.4 17.6 0
16.4 18 0
16.4 18.4 0
16.4 18.8 0
16.4 19.2 0
16.4 19.6 0
16.4 20 0
16.4 20.4 0
16.4 20.8 0
16.4 21.2 0
16.4 21.6 0
16.4 22 0
16.4 22.4 0
16.4 22.8 0
16.4 23.2 0
16.4 23.6 0
16.4 24 0
16.4 24.4 0
16.4 24.8 0
16.4 25.2 0
16.4 25.6 0
16.4 26 0
16.4 26.4 0
16.4 26.8 0

16.8 0 0
16.8 0.4 0
16.8 0.8 0
16.8 1.2 0
16.8 1.6 0
16.8 2 0
16.8 2.4 0
16.8 2.8 0
16.8 3.2 0
16.8 3.6 0
16.8 4 0
16.8 4.4 0
16.8 4.8 0
16.8 5.2 0
16.8 5.6 0
16.8 6 0
16.8 6.4 0
16.8 6.8 0
16.8 7.2 0
16.8 7.6 0
16.8 8 0
16.8 8.4 0
16.8 8.8 0
16.8 9.2 0
16.8 9.6 0
16.8 10 0
16.8 10.4 0
16.8 10.8 0
16.8 11.2 0
16.8 11.6 0
16.8 12 0
16.8 12.4 0
16.8 12.8 0
16.8 13.2 0
16.8 13.6 0
16.8 14 0
16.8 14.4 0
16.8 14.8 0
16.8 15.2 0
16.8 15.6 0
16.8 16 0
16.8 16.4 0
16.8 16.8 0
16.8 17.2 0
16.8 17.6 0
16.8 18 0
16.8 18.4 0
16.8 18.8 0
16.8 19.2 0
16.8 19.6 0
16.8 20 0
16.8 20.4 0
16.8 20.8 0
16.8 21.2 0
16.8 21.6 0
16.8 22 0
16.8 22.4 0
16.8 22.8 0
16.8 23.2 0
16.8 23.6 0
16.8 24 0
16.8 24.4 0
16.8 24.8 0
16.8 25.2 0
16.8 25.6 0
16.8 26 0
16.8 26.4 0
16.8 26.8 0

17.2 0 0
17.2 0.4 0
17.2 0.8 0
17.2 1.2 0
17.2 1.6 0
17.2 2 0
17.2 2.4 0
17.2 2.8 0
17.2 3.2 0
17.2 3.6 0
17.2 4 0
17.2 4.4 0
17.2 4.8 0
17.2 5.2 0
17.2 5.6 0
17.2 6 0
17.2 6.4 0
17.2 6.8 0
17.2 7.2 0
17.2 7.6 0
17.2 8 0
17.2 8.4 0
17.2 8.8 0
17.2 9.2 0
17.2 9.6 0
17.2 10 0
17.2 10.4 0
17.2 10.8 0
17.2 11.2 0
17.2 11.6 0
17.2 12 0
17.2 12.4 0
17.2 12.8 0
17.2 13.2 0
17.2 13.6 0
17.2 14 0
17.2 14.4 0
17.2 14.8 0
17.2 15.2 0
17.2 15.6 0
17.2 16 0
17.2 16.4 0
17.2 16.8 0
17.2 17.2 0
17.2 17.6 0
17.2 18 0
17.2 18.4 0
17.2 18.8 0
17.2 19.2 0
17.2 19.6 0
17.2 20 0
17.2 20.4 0
17.2 20.8 0
17.2 21.2 0
17.2 21.6 0
17.2 22 0
17.2 22.4 0
17.2 22.8 0
17.2 23.2 0
17.2 23.6 0
17.2 24 0
17.2 24.4 0
17.2 24.8 0
17.2 25.2 0
17.2 25.6 0
17.2 26 0
17.2 26.4 0
17.2 26.8 0

17.6 0 0
17.6 0.4 0
17.6 0.8 0
17.6 1.2 0
17.6 1.6 0
17.6 2 0
17.6 2.4 0
17.6 2.8 0
17.6 3.2 0
17.6 3.6 0
17.6 4 0
17.6 4.4 0
17.6 4.8 0
17.6 5.2 0
17.6 5.6 0
17.6 6 0
17.6 6.4 0
17.6 6.8 0
17.6 7.2 0
17.6 7.6 0
17.6 8 0
17.6 8.4 0
17.6 8.8 0
17.6 9.2 0
17.6 9.6 0
17.6 10 0
17.6 10.4 0
17.6 10.8 0
17.6 11.2 0
17.6 11.6 0
17.6 12 0
17.6 12.4 0
17.6 12.8 0
17.6 13.2 0
17.6 13.6 0
17.6 14 0
17.6 14.4 0
17.6 14.8 0
17.6 15.2 0
17.6 15.6 0
17.6 16 0
17.6 16.4 0
17.6 16.8 0
17.6 17.2 0
17.6 17.6 0
17.6 18 0
17.6 18.4 0
17.6 18.8 0
17.6 19.2 0
17.6 19.6 0
17.6 20 0
17.6 20.4 0
17.6 20.8 0
17.6 21.2 0
17.6 21.6 0
17.6 22 0
17.6 22.4 0
17.6 22.8 0
17.6 23.2 0
17.6 23.6 0
17.6 24 0
17.6 24.4 0
17.6 24.8 0
17.6 25.2 0
17.6 25.6 0
17.6 26 0
17.6 26.4 0
17.6 26.8 0

18 0 0
18 0.4 0
18 0.8 0
18 1.2 0
18 1.6 0
18 2 0
18 2.4 0
18 2.8 0
18 3.2 0
18 3.6 0
18 4 0
18 4.4 0
18 4.8 0
18 5.2 0
18 5.6 0
18 6 0
18 6.4 0
18 6.8 0
18 7.2 0
18 7.6 0
18 8 0
18 8.4 0
18 8.8 0
18 9.2 0
18 9.6 0
18 10 0
18 10.4 0
18 10.8 0
18 11.2 0
18 11.6 0
18 12 0
18 12.4 0
18 12.8 0
18 13.2 0
18 13.6 0
18 14 0
18 14.4 0
18 14.8 0
18 15.2 0
18 15.6 0
18 16 0
18 16.4 0
18 16.8 0
18 17.2 0
18 17.6 0
18 18 0
18 18.4 0
18 18.8 0
18 19.2 0
18 19.6 0
18 20 0
18 20.4 0
18 20.8 0
18 21.2 0
18 21.6 0
18 22 0
18 22.4 0
18 22.8 0
18 23.2 0
18 23.6 0
18 24 0
18 24.4 0
18 24.8 0
18 25.2 0
18 25.6 0
18 26 0
18 26.4 0
18 26.8 0

18.4 0 0
18.4 0.4 0
18.4 0.8 0
18.4 1.2 0
18.4 1.6 0
18.4 2 0
18.4 2.4 0
18.4 2.8 0
18.4 3.2 0
18.4 3.6 0
18.4 4 0
18.4 4.4 0
18.4 4.8 0
18.4 5.2 0
18.4 5.6 0
18.4 6 0
18.4 6.4 0
18.4 6.8 0
18.4 7.2 0
18.4 7.6 0
18.4 8 0
18.4 8.4 0
18.4 8.8 0
18.4 9.2 0
18.4 9.6 0
18.4 10 0
18.4 10.4 0
18.4 10.8 0
18.4 11.2 0
18.4 11.6 0
18.4 12 0
18.4 12.4 0
18.4 12.8 0
18.4 13.2 0
18.4 13.6 0
18.4 14 0
18.4 14.4 0
18.4 14.8 0
18.4 15.2 0
18.4 15.6 0
18.4 16 0
18.4 16.4 0
18.4 16.8 0
18.4 17.2 0
18.4 17.6 0
18.4 18 0
18.4 18.4 0
18.4 18.8 0
18.4 19.2 0
18.4 19.6 0
18.4 20 0
18.4 20.4 0
18.4 20.8 0
18.4 21.2 0
18.4 21.6 0
18.4 22 0
18.4 22.4 0
18.4 22.8 0
18.4 23.2 0
18.4 23.6 0
18.4 24 0
18.4 24.4 0
18.4 24.8 0
18.4 25.2 0
18.4 25.6 0
18.4 26 0
18.4 26.4 0
18.4 26.8 0

18.8 0 0
18.8 0.4 0
18.8 0.8 0
18.8 1.2 0
18.8 1.6 0
18.8 2 0
18.8 2.4 0
18.8 2.8 0
18.8 3.2 0
18.8 3.6 0
18.8 4 0
18.8 4.4 0
18.8 4.8 0
18.8 5.2 0
18.8 5.6 0
18.8 6 0
18.8 6.4 0
18.8 6.8 0
18.8 7.2 0
18.8 7.6 0
18.8 8 0
18.8 8.4 0
18.8 8.8 0
18.8 9.2 0
18.8 9.6 0
18.8 10 0
18.8 10.4 0
18.8 10.8 0
18.8 11.2 0
18.8 11.6 0
18.8 12 0
18.8 12.4 0
18.8 12.8 0
18.8 13.2 0
18.8 13.6 0
18.8 14 0
18.8 14.4 0
18.8 14.8 0
18.8 15.2 0
18.8 15.6 0
18.8 16 0
18.8 16.4 0
18.8 16.8 0
18.8 17.2 0
18.8 17.6 0
18.8 18 0
18.8 18.4 0
18.8 18.8 0
18.8 19.2 0
18.8 19.6 0
18.8 20 0
18.8 20.4 0
18.8 20.8 0
18.8 21.2 0
18.8 21.6 0
18.8 22 0
18.8 22.4 0
18.8 22.8 0
18.8 23.2 0
18.8 23.6 0
18.8 24 0
18.8 24.4 0
18.8 24.8 0
18.8 25.2 0
18.8 25.6 0
18.8 26 0
18.8 26.4 0
18.8 26.8 0

19.2 0 0
19.2 0.4 0
19.2 0.8 0
19.2 1.2 0
19.2 1.6 0
19.2 2 0
19.2 2.4 0
19.2 2.8 0
19.2 3.2 0
19.2 3.6 0
19.2 4 0
19.2 4.4 0
19.2 4.8 0
19.2 5.2 0
19.2 5.6 0
19.2 6 0
19.2 6.4 0
19.2 6.8 0
19.2 7.2 0
19.2 7.6 0
19.2 8 0
19.2 8.4 0
19.2 8.8 0
19.2 9.2 0
19.2 9.6 0
19.2 10 0
19.2 10.4 0
19.2 10.8 0
19.2 11.2 0
19.2 11.6 0
19.2 12 0
19.2 12.4 0
19.2 12.8 0
19.2 13.2 0
19.2 13.6 0
19.2 14 0
19.2 14.4 0
19.2 14.8 0
19.2 15.2 0
19.2 15.6 0
19.2 16 0
19.2 16.4 0
19.2 16.8 0
19.2 17.2 0
19.2 17.6 0
19.2 18 0
19.2 18.4 0
19.2 18.8 0
19.2 19.2 0
19.2 19.6 0
19.2 20 0
19.2 20.4 0
19.2 20.8 0
19.2 21.2 0
19.2 21.6 0
19.2 22 0
19.2 22.4 0
19.2 22.8 0
19.2 23.2 0
19.2 23.6 0
19.2 24 0
19.2 24.4 0
19.2 24.8 0
19.2 25.2 0
19.2 25.6 0
19.2 26 0
19.2 26.4 0
19.2 26.8 0

19.6 0 0
19.6 0.4 0
19.6 0.8 0
19.6 1.2 0
19.6 1.6 0
19.6 2 0
19.6 2.4 0
19.6 2.8 0
19.6 3.2 0
19.6 3.6 0
19.6 4 0
19.6 4.4 0
19.6 4.8 0
19.6 5.2 0
19.6 5.6 0
19.6 6 0
19.6 6.4 0
19.6 6.8 0
19.6 7.2 0
19.6 7.6 0
19.6 8 0
19.6 8.4 0
19.6 8.8 0
19.6 9.2 0
19.6 9.6 0
19.6 10 0
19.6 10.4 0
19.6 10.8 0
19.6 11.2 0
19.6 11.6 0
19.6 12 0
19.6 12.4 0
19.6 12.8 0
19.6 13.2 0
19.6 13.6 0
19.6 14 0
19.6 14.4 0
19.6 14.8 0
19.6 15.2 0
19.6 15.6 0
19.6 16 0
19.6 16.4 0
19.6 16.8 0
19.6 17.2 0
19.6 17.6 0
19.6 18 0
19.6 18.4 0
19.6 18.8 0
19.6 19.2 0
19.6 19.6 0
19.6 20 0
19.6 20.4 0
19.6 20.8 0
19.6 21.2 0
19.6 21.6 0
19.6 22 0
19.6 22.4 0
19.6 22.8 0
19.6 23.2 0
19.6 23.6 0
19.6 24 0
19.6 24.4 0
19.6 24.8 0
19.6 25.2 0
19.6 25.6 0
19.6 26 0
19.6 26.4 0
19.6 26.8 0

20 0 0
20 0.4 0
20 0.8 0
20 1.2 0
20 1.6 0
20 2 0
20 2.4 0
20 2.8 0
20 3.2 0
20 3.6 0
20 4 0
20 4.4 0
20 4.8 0
20 5.2 0
20 5.6 0
20 6 0
20 6.4 0
20 6.8 0
20 7.2 0
20 7.6 0
20 8 0
20 8.4 0
20 8.8 0
20 9.2 0
20 9.6 0
20 10 0
20 10.4 0
20 10.8 0
20 11.2 0
20 11.6 0
20 12 0
20 12.4 0
20 12.8 0
20 13.2 0
20 13.6 0
20 14 0
20 14.4 0
20 14.8 0
20 15.2 0
20 15.6 0
20 16 0
20 16.4 0
20 16.8 0
20 17.2 0
20 17.6 0
20 18 0
20 18.4 0
20 18.8 0
20 19.2 0
20 19.6 0
20 20 0
20 20.4 0
20 20.8 0
20 21.2 0
20 21.6 0
20 22 0
20 22.4 0
20 22.8 0
20 23.2 0
20 23.6 0
20 24 0
20 24.4 0
20 24.8 0
20 25.2 0
20 25.6 0
20 26 0
20 26.4 0
20 26.8 0

