0 0 0
0 0.4 0
0 0.8 0
0 1.2 0
0 1.6 0
0 2 0
0 2.4 0
0 2.8 0
0 3.2 0
0 3.6 0
0 4 0
0 4.4 0
0 4.8 0
0 5.2 0
0 5.6 0
0 6 0
0 6.4 0
0 6.8 0
0 7.2 0
0 7.6 0
0 8 0
0 8.4 0
0 8.8 0
0 9.2 0
0 9.6 0
0 10 0
0 10.4 0
0 10.8 0
0 11.2 0
0 11.6 0
0 12 0
0 12.4 0
0 12.8 0
0 13.2 0
0 13.6 0
0 14 0
0 14.4 0
0 14.8 0
0 15.2 0
0 15.6 0
0 16 0
0 16.4 0
0 16.8 0
0 17.2 0
0 17.6 0
0 18 0
0 18.4 0
0 18.8 0
0 19.2 0
0 19.6 0
0 20 0
0 20.4 0
0 20.8 0
0 21.2 0
0 21.6 0
0 22 0
0 22.4 0
0 22.8 0
0 23.2 0
0 23.6 0
0 24 0
0 24.4 0
0 24.8 0
0 25.2 0
0 25.6 0
0 26 0
0 26.4 0
0 26.8 0

0.4 0 0
0.4 0.4 0
0.4 0.8 -0.0969257
0.4 1.2 -0.0620218
0.4 1.6 -0.0134607
0.4 2 0.0330576
0.4 2.4 0.0613387
0.4 2.8 0.0608019
0.4 3.2 0.0315792
0.4 3.6 -0.014669
0.4 4 -0.0597086
0.4 4.4 -0.0870909
0.4 4.8 -0.0885902
0.4 5.2 -0.065596
0.4 5.6 -0.0277034
0.4 6 0.0103379
0.4 6.4 0.03251
0.4 6.8 0.0287629
0.4 7.2 0.00193138
0.4 7.6 -0.0322832
0.4 8 -0.0541938
0.4 8.4 -0.0525482
0.4 8.8 -0.0316074
0.4 9.2 -0.00748057
0.4 9.6 0.00374496
0.4 10 -0.00279474
0.4 10.4 -0.0186215
0.4 10.8 -0.0301307
0.4 11.2 -0.0301403
0.4 11.6 -0.0230405
0.4 12 -0.0190426
0.4 12.4 -0.0224779
0.4 12.8 -0.0254481
0.4 13.2 -0.0157291
0.4 13.6 0.0100485
0.4 14 0.0399556
0.4 14.4 0.054038
0.4 14.8 0.0402877
0.4 15.2 0.00596632
0.4 15.6 -0.0253884
0.4 16 -0.0301151
0.4 16.4 -0.00212013
0.4 16.8 0.0412056
0.4 17.2 0.0700255
0.4 17.6 0.0626978
0.4 18 0.0215196
0.4 18.4 -0.0278174
0.4 18.8 -0.0528339
0.4 19.2 -0.0355858
0.4 19.6 0.0158043
0.4 20 0.0727012
0.4 20.4 0.104189
0.4 20.8 0.0958571
0.4 21.2 0.0584174
0.4 21.6 0.019058
0.4 22 0.00242665
0.4 22.4 0.0152648
0.4 22.8 0.0443531
0.4 23.2 0.0667065
0.4 23.6 0.0649967
0.4 24 0.0383787
0.4 24.4 0.00191789
0.4 24.8 -0.024509
0.4 25.2 -0.0298942
0.4 25.6 -0.0188079
0.4 26 -0.006669
0.4 26.4 0
0.4 26.8 0

0.8 0 0
0.8 0.4 -0.0969257
0.8 0.8 -0.702638
0.8 1.2 -0.449459
0.8 1.6 -0.0972279
0.8 2 0.24012
0.8 2.4 0.445091
0.8 2.8 0.440972
0.8 3.2 0.228784
0.8 3.6 -0.106822
0.8 4 -0.433549
0.8 4.4 -0.632061
0.8 4.8 -0.642718
0.8 5.2 -0.475694
0.8 5.6 -0.200719
0.8 6 0.0750908
0.8 6.4 0.235621
0.8 6.8 0.2081
0.8 7.2 0.0132373
0.8 7.6 -0.234994
0.8 8 -0.393861
0.8 8.4 -0.381853
0.8 8.8 -0.229959
0.8 9.2 -0.055006
0.8 9.6 0.0264251
0.8 10 -0.0208808
0.8 10.4 -0.135462
0.8 10.8 -0.21879
0.8 11.2 -0.218926
0.8 11.6 -0.167693
0.8 12 -0.138962
0.8 12.4 -0.163864
0.8 12.8 -0.184929
0.8 13.2 -0.113625
0.8 13.6 0.0740735
0.8 14 0.291229
0.8 14.4 0.392943
0.8 14.8 0.292306
0.8 15.2 0.0424641
0.8 15.6 -0.185465
0.8 16 -0.219644
0.8 16.4 -0.0160669
0.8 16.8 0.298752
0.8 17.2 0.507981
0.8 17.6 0.454546
0.8 18 0.15526
0.8 18.4 -0.203089
0.8 18.8 -0.384577
0.8 19.2 -0.258911
0.8 19.6 0.114792
0.8 20 0.528431
0.8 20.4 0.75736
0.8 20.8 0.696875
0.8 21.2 0.424744
0.8 21.6 0.138504
0.8 22 0.0172733
0.8 22.4 0.110169
0.8 22.8 0.321333
0.8 23.2 0.48386
0.8 23.6 0.47182
0.8 24 0.278891
0.8 24.4 0.0143264
0.8 24.8 -0.177603
0.8 25.2 -0.21693
0.8 25.6 -0.136706
0.8 26 -0.0487668
0.8 26.4 -0.006669
0.8 26.8 0

1.2 0 0
1.2 0.4 -0.0596618
1.2 0.8 -0.432538
1.2 1.2 -0.27328
1.2 1.6 -0.0488271
1.2 2 0.169329
1.2 2.4 0.303536
1.2 2.8 0.30081
1.2 3.2 0.162697
1.2 3.6 -0.0476295
1.2 4 -0.234978
1.2 4.4 -0.325669
1.2 4.8 -0.300803
1.2 5.2 -0.18118
1.2 5.6 -0.0121439
1.2 6 0.15281
1.2 6.4 0.24417
1.2 6.8 0.207802
1.2 7.2 0.0542497
1.2 7.6 -0.132059
1.2 8 -0.241165
1.2 8.4 -0.211417
1.2 8.8 -0.0732954
1.2 9.2 0.0725238
1.2 9.6 0.128457
1.2 10 0.0694675
1.2 10.4 -0.0446682
1.2 10.8 -0.123365
1.2 11.2 -0.121406
1.2 11.6 -0.0742122
1.2 12 -0.0603953
1.2 12.4 -0.116688
1.2 12.8 -0.175666
1.2 13.2 -0.141984
1.2 13.6 0.0142932
1.2 14 0.212673
1.2 14.4 0.314629
1.2 14.8 0.2353
1.2 15.2 0.0179774
1.2 15.6 -0.185835
1.2 16 -0.220599
1.2 16.4 -0.0417017
1.2 16.8 0.244879
1.2 17.2 0.45018
1.2 17.6 0.431858
1.2 18 0.19366
1.2 18.4 -0.115179
1.2 18.8 -0.300122
1.2 19.2 -0.249608
1.2 19.6 -0.00356605
1.2 20 0.280607
1.2 20.4 0.432668
1.2 20.8 0.368365
1.2 21.2 0.153844
1.2 21.6 -0.0491344
1.2 22 -0.105033
1.2 22.4 0.00523369
1.2 22.8 0.191229
1.2 23.2 0.317656
1.2 23.6 0.293199
1.2 24 0.129168
1.2 24.4 -0.0707894
1.2 24.8 -0.183275
1.2 25.2 -0.149943
1.2 25.6 -0.0155716
1.2 26 0.106786
1.2 26.4 0.0147354
1.2 26.8 0

1.6 0 0
1.6 0.4 -0.01241
1.6 0.8 -0.090053
1.6 1.2 -0.0554482
1.6 1.6 -0.000811543
1.6 2 0.0598615
1.6 2.4 0.100924
1.6 2.8 0.0981029
1.6 3.2 0.0516215
1.6 3.6 -0.000970166
1.6 4 -0.00470785
1.6 4.4 0.0565605
1.6 4.8 0.133524
1.6 5.2 0.18734
1.6 5.6 0.201284
1.6 6 0.212157
1.6 6.4 0.216461
1.6 6.8 0.176448
1.6 7.2 0.0829034
1.6 7.6 -0.0200875
1.6 8 -0.0635211
1.6 8.4 -0.00909268
1.6 8.8 0.114324
1.6 9.2 0.225523
1.6 9.6 0.249224
1.6 10 0.17278
1.6 10.4 0.056095
1.6 10.8 -0.016049
1.6 11.2 -0.0032587
1.6 11.6 0.0533733
1.6 12 0.0586035
1.6 12.4 -0.0521744
1.6 12.8 -0.172759
1.6 13.2 -0.190537
1.6 13.6 -0.0657568
1.6 14 0.120486
1.6 14.4 0.227128
1.6 14.8 0.169999
1.6 15.2 -0.0172928
1.6 15.6 -0.202413
1.6 16 -0.245094
1.6 16.4 -0.0971238
1.6 16.8 0.16056
1.6 17.2 0.371217
1.6 17.6 0.407851
1.6 18 0.255928
1.6 18.4 0.0162977
1.6 18.8 -0.169816
1.6 19.2 -0.216391
1.6 19.6 -0.140224
1.6 20 -0.030751
1.6 20.4 0.0228731
1.6 20.8 -0.050879
1.6 21.2 -0.198106
1.6 21.6 -0.293549
1.6 22 -0.253089
1.6 22.4 -0.112393
1.6 22.8 0.0406273
1.6 23.2 0.112561
1.6 23.6 0.0599807
1.6 24 -0.0784511
1.6 24.4 -0.201894
1.6 24.8 -0.211211
1.6 25.2 -0.0766961
1.6 25.6 0.137746
1.6 26 0.31199
1.6 26.4 0.0429809
1.6 26.8 0

2 0 0
2 0.4 0.0244953
2 0.8 0.177437
2 1.2 0.102766
2 1.6 0.00773407
2 2 -0.0685861
2 2.4 -0.107062
2 2.8 -0.112422
2 3.2 -0.0929802
2 3.6 -0.0331724
2 4 0.109568
2 4.4 0.319009
2 4.8 0.442967
2 5.2 0.435554
2 5.6 0.275514
2 6 0.13914
2 6.4 0.0861007
2 6.8 0.068521
2 7.2 0.048218
2 7.6 0.0289281
2 8 0.0430594
2 8.4 0.111943
2 8.8 0.214171
2 9.2 0.291134
2 9.6 0.288886
2 10 0.203504
2 10.4 0.0915736
2 10.8 0.0325873
2 11.2 0.06829
2 11.6 0.161778
2 12 0.198696
2 12.4 0.00703992
2 12.8 -0.175165
2 13.2 -0.233822
2 13.6 -0.120789
2 14 0.0636834
2 14.4 0.166947
2 14.8 0.118666
2 15.2 -0.0505138
2 15.6 -0.226201
2 16 -0.285109
2 16.4 -0.177182
2 16.8 0.042291
2 17.2 0.252535
2 17.6 0.347141
2 18 0.296936
2 18.4 0.15376
2 18.8 -7.04976e-05
2 19.2 -0.113589
2 19.6 -0.190803
2 20 -0.255815
2 20.4 -0.269872
2 20.8 -0.352637
2 21.2 -0.453764
2 21.6 -0.463217
2 22 -0.315022
2 22.4 -0.148088
2 22.8 -0.0413124
2 23.2 -0.0386406
2 23.6 -0.133111
2 24 -0.260008
2 24.4 -0.323281
2 24.8 -0.249401
2 25.2 -0.0361083
2 25.6 0.236849
2 26 0.44674
2 26.4 0.0615469
2 26.8 0

2.4 0 0
2.4 0.4 0.0384459
2.4 0.8 0.278511
2.4 1.2 0.144691
2.4 1.6 -0.0312631
2.4 2 -0.176617
2.4 2.4 -0.24868
2.4 2.8 -0.252162
2.4 3.2 -0.219556
2.4 3.6 -0.162421
2.4 4 0.0124693
2.4 4.4 0.0451065
2.4 4.8 0.0606062
2.4 5.2 0.0775028
2.4 5.6 0.133468
2.4 6 -0.0986826
2.4 6.4 -0.13099
2.4 6.8 -0.0908892
2.4 7.2 -0.0400544
2.4 7.6 -1.34047e-05
2.4 8 0.0403913
2.4 8.4 0.0986914
2.4 8.8 0.169329
2.4 9.2 0.217918
2.4 9.6 0.206597
2.4 10 0.130781
2.4 10.4 0.0347294
2.4 10.8 -0.0106295
2.4 11.2 0.0460475
2.4 11.6 0.201259
2.4 12 0.392343
2.4 12.4 0.0548865
2.4 12.8 -0.0235869
2.4 13.2 -0.0469025
2.4 13.6 -0.108462
2.4 14 0.0879913
2.4 14.4 0.159575
2.4 14.8 0.096051
2.4 15.2 -0.0681721
2.4 15.6 -0.238771
2.4 16 -0.315459
2.4 16.4 -0.253864
2.4 16.8 -0.0876441
2.4 17.2 0.100321
2.4 17.6 0.233189
2.4 18 0.279366
2.4 18.4 0.252483
2.4 18.8 0.179389
2.4 19.2 0.068442
2.4 19.6 -0.0973043
2.4 20 -0.337634
2.4 20.4 -0.0816663
2.4 20.8 -0.047608
2.4 21.2 -0.132256
2.4 21.6 -0.521698
2.4 22 -0.228447
2.4 22.4 -0.053528
2.4 22.8 -0.00708449
2.4 23.2 -0.0767567
2.4 23.6 -0.215896
2.4 24 -0.345296
2.4 24.4 -0.380423
2.4 24.8 -0.271969
2.4 25.2 -0.0372988
2.4 25.6 0.240102
2.4 26 0.447009
2.4 26.4 0.0616112
2.4 26.8 0

2.8 0 0
2.8 0.4 0.0304237
2.8 0.8 0.220284
2.8 1.2 0.0854319
2.8 1.6 -0.0897187
2.8 2 -0.222013
2.8 2.4 -0.267214
2.8 2.8 -0.246331
2.8 3.2 -0.234126
2.8 3.6 -0.336783
2.8 4 -0.0448623
2.8 4.4 0
2.8 4.8 0
2.8 5.2 0
2.8 5.6 -0.0412491
2.8 6 -0.432673
2.8 6.4 -0.311919
2.8 6.8 -0.201788
2.8 7.2 -0.108961
2.8 7.6 -0.0538462
2.8 8 -0.0301056
2.8 8.4 -0.011877
2.8 8.8 0.0177332
2.8 9.2 0.0476364
2.8 9.6 0.0485362
2.8 10 0.00306963
2.8 10.4 -0.0691932
2.8 10.8 -0.115531
2.8 11.2 -0.0798123
2.8 11.6 0.0748671
2.8 12 0.0636858
2.8 12.4 0
2.8 12.8 0
2.8 13.2 0
2.8 13.6 0.0157734
2.8 14 0.225158
2.8 14.4 0.192602
2.8 14.8 0.0945279
2.8 15.2 -0.0639165
2.8 15.6 -0.217438
2.8 16 -0.298256
2.8 16.4 -0.278635
2.8 16.8 -0.179502
2.8 17.2 -0.0463419
2.8 17.6 0.082687
2.8 18 0.191105
2.8 18.4 0.27333
2.8 18.8 0.315545
2.8 19.2 0.289275
2.8 19.6 0.160628
2.8 20 -0.0233952
2.8 20.4 0
2.8 20.8 0
2.8 21.2 0
2.8 21.6 -0.0667083
2.8 22 0.0319198
2.8 22.4 0.145545
2.8 22.8 0.11873
2.8 23.2 -0.00787044
2.8 23.6 -0.17529
2.8 24 -0.308931
2.8 24.4 -0.343006
2.8 24.8 -0.249295
2.8 25.2 -0.053291
2.8 25.6 0.172281
2.8 26 0.337447
2.8 26.4 0.0465488
2.8 26.8 0

3.2 0 0
3.2 0.4 0.0122049
3.2 0.8 0.0881079
3.2 1.2 -0.00938496
3.2 1.6 -0.128701
3.2 2 -0.193057
3.2 2.4 -0.166884
3.2 2.8 -0.0806176
3.2 3.2 -0.00961139
3.2 3.6 -0.047775
3.2 4 0
3.2 4.4 0
3.2 4.8 0
3.2 5.2 0
3.2 5.6 0
3.2 6 -0.093267
3.2 6.4 -0.250001
3.2 6.8 -0.163361
3.2 7.2 -0.085364
3.2 7.6 -0.0600696
3.2 8 -0.0868025
3.2 8.4 -0.127568
3.2 8.8 -0.14172
3.2 9.2 -0.11943
3.2 9.6 -0.0880081
3.2 10 -0.0862299
3.2 10.4 -0.129077
3.2 10.8 -0.19221
3.2 11.2 -0.234692
3.2 11.6 -0.0217532
3.2 12 0
3.2 12.4 0
3.2 12.8 0
3.2 13.2 0
3.2 13.6 0
3.2 14 0.0547135
3.2 14.4 0.172338
3.2 14.8 0.0807317
3.2 15.2 -0.0427693
3.2 15.6 -0.147915
3.2 16 -0.202578
3.2 16.4 -0.206714
3.2 16.8 -0.179124
3.2 17.2 -0.13255
3.2 17.6 -0.0603868
3.2 18 0.0514526
3.2 18.4 0.198924
3.2 18.8 0.345813
3.2 19.2 0.443845
3.2 19.6 0.0820826
3.2 20 0
3.2 20.4 0
3.2 20.8 0
3.2 21.2 0
3.2 21.6 0
3.2 22 0.049702
3.2 22.4 0.335427
3.2 22.8 0.24842
3.2 23.2 0.103865
3.2 23.6 -0.0579042
3.2 24 -0.181445
3.2 24.4 -0.223183
3.2 24.8 -0.170126
3.2 25.2 -0.0460511
3.2 25.6 0.0976162
3.2 26 0.202015
3.2 26.4 0.0278949
3.2 26.8 0

3.6 0 0
3.6 0.4 -0.00218904
3.6 0.8 -0.0163507
3.6 1.2 -0.0714788
3.6 1.6 -0.129061
3.6 2 -0.126584
3.6 2.4 -0.0389369
3.6 2.8 0.0998843
3.6 3.2 0.215036
3.6 3.6 0.0292176
3.6 4 0
3.6 4.4 0
3.6 4.8 0
3.6 5.2 0
3.6 5.6 0
3.6 6 -0.0120537
3.6 6.4 -0.0897571
3.6 6.8 -0.0274843
3.6 7.2 0.0228298
3.6 7.6 0.00819731
3.6 8 -0.0724058
3.6 8.4 -0.169417
3.6 8.8 -0.220577
3.6 9.2 -0.19772
3.6 9.6 -0.127248
3.6 10 -0.070232
3.6 10.4 -0.0762648
3.6 10.8 -0.145424
3.6 11.2 -0.225176
3.6 11.6 -0.0304686
3.6 12 0
3.6 12.4 0
3.6 12.8 0
3.6 13.2 0
3.6 13.6 0
3.6 14 0.0160748
3.6 14.4 0.115727
3.6 14.8 0.0492346
3.6 15.2 -0.012691
3.6 15.6 -0.0359628
3.6 16 -0.0294854
3.6 16.4 -0.0299196
3.6 16.8 -0.0646529
3.6 17.2 -0.121243
3.6 17.6 -0.149138
3.6 18 -0.0955277
3.6 18.4 0.0503956
3.6 18.8 0.2396
3.6 19.2 0.388151
3.6 19.6 0.052569
3.6 20 0
3.6 20.4 0
3.6 20.8 0
3.6 21.2 0
3.6 21.6 0
3.6 22 0.0494788
3.6 22.4 0.363801
3.6 22.8 0.289527
3.6 23.2 0.179208
3.6 23.6 0.0589498
3.6 24 -0.0347227
3.6 24.4 -0.0756944
3.6 24.8 -0.0592874
3.6 25.2 -0.00190778
3.6 25.6 0.0674685
3.6 26 0.11897
3.6 26.4 0.0164206
3.6 26.8 0

4 0 0
4 0.4 -0.00474309
4 0.8 -0.0348962
4 1.2 -0.0684887
4 1.6 -0.0982982
4 2 -0.0765842
4 2.4 0.0164776
4 2.8 0.155217
4 3.2 0.278081
4 3.6 0.0731436
4 4 0
4 4.4 0
4 4.8 0
4 5.2 0
4 5.6 0
4 6 0.00192271
4 6.4 0.0425387
4 6.8 0.101456
4 7.2 0.146086
4 7.6 0.117174
4 8 0.0100314
4 8.4 -0.120387
4 8.8 -0.196411
4 9.2 -0.172611
4 9.6 -0.0697814
4 10 0.036857
4 10.4 0.0679584
4 10.8 -0.00358156
4 11.2 -0.121403
4 11.6 -0.0660122
4 12 0
4 12.4 0
4 12.8 0
4 13.2 0
4 13.6 0
4 14 0.0347303
4 14.4 0.0505948
4 14.8 0.00225612
4 15.2 0.00941818
4 15.6 0.0852533
4 16 0.175852
4 16.4 0.204293
4 16.8 0.128475
4 17.2 -0.0227196
4 17.6 -0.162485
4 18 -0.201247
4 18.4 -0.107172
4 18.8 0.0707322
4 19.2 0.228863
4 19.6 0.0624729
4 20 0
4 20.4 0
4 20.8 0
4 21.2 0
4 21.6 0
4 22 0.00226917
4 22.4 0.233878
4 22.8 0.21887
4 23.2 0.173536
4 23.6 0.109966
4 24 0.0543861
4 24.4 0.0259213
4 24.8 0.0283579
4 25.2 0.0526529
4 25.6 0.0842594
4 26 0.109984
4 26.4 0.0151248
4 26.8 0

4.4 0 0
4.4 0.4 0.00321524
4.4 0.8 0.0228959
4.4 1.2 -0.0134135
4.4 1.6 -0.055546
4.4 2 -0.0691476
4.4 2.4 -0.0333724
4.4 2.8 0.048237
4.4 3.2 0.154198
4.4 3.6 0.256962
4.4 4 0.0352742
4.4 4.4 0
4.4 4.8 0
4.4 5.2 0
4.4 5.6 -0.00401337
4.4 6 -0.0287564
4.4 6.4 0.0448293
4.4 6.8 0.135895
4.4 7.2 0.206737
4.4 7.6 0.202747
4.4 8 0.109732
4.4 8.4 -0.0240437
4.4 8.8 -0.114871
4.4 9.2 -0.100873
4.4 9.6 0.0127173
4.4 10 0.152057
4.4 10.4 0.219352
4.4 10.8 0.150627
4.4 11.2 -0.0559649
4.4 11.6 -0.360493
4.4 12 -0.0496329
4.4 12.4 0
4.4 12.8 0
4.4 13.2 0
4.4 13.6 0.0277278
4.4 14 0.202396
4.4 14.4 0.0080581
4.4 14.8 -0.0680367
4.4 15.2 -0.00180077
4.4 15.6 0.166625
4.4 16 0.339088
4.4 16.4 0.406455
4.4 16.8 0.314676
4.4 17.2 0.101941
4.4 17.6 -0.121661
4.4 18 -0.242357
4.4 18.4 -0.211414
4.4 18.8 -0.0673664
4.4 19.2 0.102962
4.4 19.6 0.228419
4.4 20 0.0315131
4.4 20.4 0
4.4 20.8 0
4.4 21.2 0
4.4 21.6 -0.0295658
4.4 22 -0.219845
4.4 22.4 -0.0133202
4.4 22.8 0.0799396
4.4 23.2 0.10019
4.4 23.6 0.0776106
4.4 24 0.0456835
4.4 24.4 0.0298554
4.4 24.8 0.0397718
4.4 25.2 0.070136
4.4 25.6 0.107534
4.4 26 0.138039
4.4 26.4 0.0189441
4.4 26.8 0

4.8 0 0
4.8 0.4 0.0133592
4.8 0.8 0.0966901
4.8 1.2 0.0521756
4.8 1.6 -0.0136998
4.8 2 -0.0824016
4.8 2.4 -0.133284
4.8 2.8 -0.147402
4.8 3.2 -0.0975978
4.8 3.6 0.123832
4.8 4 0.0171099
4.8 4.4 0
4.8 4.8 0
4.8 5.2 0
4.8 5.6 -0.00839624
4.8 6 -0.0604653
4.8 6.4 -0.011953
4.8 6.8 0.071946
4.8 7.2 0.171031
4.8 7.6 0.217867
4.8 8 0.171964
4.8 8.4 0.0587215
4.8 8.8 -0.0440966
4.8 9.2 -0.0597919
4.8 9.6 0.0327309
4.8 10 0.181994
4.8 10.4 0.296168
4.8 10.8 0.298211
4.8 11.2 0.148146
4.8 11.6 -0.260404
4.8 12 -0.0359467
4.8 12.4 0
4.8 12.8 0
4.8 13.2 0
4.8 13.6 0.0155081
4.8 14 0.112426
4.8 14.4 -0.172262
4.8 14.8 -0.197432
4.8 15.2 -0.0587711
4.8 15.6 0.176029
4.8 16 0.397116
4.8 16.4 0.489785
4.8 16.8 0.399942
4.8 17.2 0.171559
4.8 17.6 -0.0784026
4.8 18 -0.231991
4.8 18.4 -0.241223
4.8 18.8 -0.143799
4.8 19.2 -0.00812447
4.8 19.6 0.178612
4.8 20 0.024645
4.8 20.4 0
4.8 20.8 0
4.8 21.2 0
4.8 21.6 -0.0365476
4.8 22 -0.270728
4.8 22.4 -0.124299
4.8 22.8 -0.0058358
4.8 23.2 0.0294501
4.8 23.6 0.00330803
4.8 24 -0.0399977
4.8 24.4 -0.0602258
4.8 24.8 -0.0377501
4.8 25.2 0.0217796
4.8 25.6 0.0939202
4.8 26 0.14865
4.8 26.4 0.0203943
4.8 26.8 0

5.2 0 0
5.2 0.4 0.0160465
5.2 0.8 0.116523
5.2 1.2 0.084605
5.2 1.6 0.0252483
5.2 2 -0.0660463
5.2 2.4 -0.178038
5.2 2.8 -0.292082
5.2 3.2 -0.425967
5.2 3.6 -0.0410527
5.2 4 0
5.2 4.4 0
5.2 4.8 0
5.2 5.2 0
5.2 5.6 0
5.2 6 -0.0207641
5.2 6.4 -0.0889855
5.2 6.8 -0.0650487
5.2 7.2 0.0523759
5.2 7.6 0.1594
5.2 8 0.177479
5.2 8.4 0.0973412
5.2 8.8 -0.0195488
5.2 9.2 -0.0861396
5.2 9.6 -0.0496034
5.2 10 0.0756828
5.2 10.4 0.225913
5.2 10.8 0.350389
5.2 11.2 0.503699
5.2 11.6 0.0331311
5.2 12 0
5.2 12.4 0
5.2 12.8 0
5.2 13.2 0
5.2 13.6 0
5.2 14 -0.0512099
5.2 14.4 -0.491526
5.2 14.8 -0.304654
5.2 15.2 -0.10549
5.2 15.6 0.132079
5.2 16 0.33733
5.2 16.4 0.418839
5.2 16.8 0.335525
5.2 17.2 0.133223
5.2 17.6 -0.0790286
5.2 18 -0.199795
5.2 18.4 -0.202222
5.2 18.8 -0.14854
5.2 19.2 -0.145818
5.2 19.6 0.00416287
5.2 20 0
5.2 20.4 0
5.2 20.8 0
5.2 21.2 0
5.2 21.6 0
5.2 22 -0.0529438
5.2 22.4 -0.118322
5.2 22.8 0.0255153
5.2 23.2 0.0319754
5.2 23.6 -0.0417151
5.2 24 -0.132651
5.2 24.4 -0.182766
5.2 24.8 -0.160828
5.2 25.2 -0.0744715
5.2 25.6 0.0356711
5.2 26 0.116642
5.2 26.4 0.0160053
5.2 26.8 0

5.6 0 0
5.6 0.4 0.00592704
5.6 0.8 0.0435007
5.6 1.2 0.0595416
5.6 1.6 0.0607439
5.6 2 0.0129377
5.6 2.4 -0.0813561
5.6 2.8 -0.174498
5.6 3.2 -0.0819314
5.6 3.6 0
5.6 4 0
5.6 4.4 0
5.6 4.8 0
5.6 5.2 0
5.6 5.6 0
5.6 6 0
5.6 6.4 -0.0456154
5.6 6.8 -0.245423
5.6 7.2 -0.0980382
5.6 7.6 0.0687438
5.6 8 0.151668
5.6 8.4 0.108559
5.6 8.8 -0.0211794
5.6 9.2 -0.147725
5.6 9.6 -0.191206
5.6 10 -0.130345
5.6 10.4 -0.00977114
5.6 10.8 0.0936937
5.6 11.2 0.0823668
5.6 11.6 0
5.6 12 0
5.6 12.4 0
5.6 12.8 0
5.6 13.2 0
5.6 13.6 0
5.6 14 0
5.6 14.4 -0.0867051
5.6 14.8 -0.148302
5.6 15.2 -0.0507368
5.6 15.6 0.0835891
5.6 16 0.198809
5.6 16.4 0.229965
5.6 16.8 0.149335
5.6 17.2 -0.00157975
5.6 17.6 -0.132424
5.6 18 -0.167513
5.6 18.4 -0.105991
5.6 18.8 -0.0272564
5.6 19.2 -0.0242749
5.6 19.6 0
5.6 20 0
5.6 20.4 0
5.6 20.8 0
5.6 21.2 0
5.6 21.6 0
5.6 22 0
5.6 22.4 0.0131102
5.6 22.8 0.218237
5.6 23.2 0.137986
5.6 23.6 -0.00479195
5.6 24 -0.157305
5.6 24.4 -0.253476
5.6 24.8 -0.252617
5.6 25.2 -0.161879
5.6 25.6 -0.0336386
5.6 26 0.0607439
5.6 26.4 0.00833373
5.6 26.8 0

6 0 0
6 0.4 -0.0150567
6 0.8 -0.108397
6 1.2 -0.0174991
6 1.6 0.0836268
6 2 0.122452
6 2.4 0.0818247
6 2.8 0.0189583
6 3.2 0.00275518
6 3.6 0
6 4 0
6 4.4 0
6 4.8 0
6 5.2 0
6 5.6 0
6 6 0
6 6.4 -0.0494068
6 6.8 -0.365427
6 7.2 -0.198573
6 7.6 0.00668696
6 8 0.138692
6 8.4 0.131507
6 8.8 0.000986397
6 9.2 -0.170345
6 9.6 -0.286815
6 10 -0.297536
6 10.4 -0.224546
6 10.8 -0.14884
6 11.2 -0.0199302
6 11.6 0
6 12 0
6 12.4 0
6 12.8 0
6 13.2 0
6 13.6 0
6 14 0
6 14.4 0.0100417
6 14.8 0.072175
6 15.2 0.0483066
6 15.6 0.0387754
6 16 0.0383072
6 16.4 0.0114249
6 16.8 -0.0635402
6 17.2 -0.158126
6 17.6 -0.203928
6 18 -0.147633
6 18.4 -0.00661173
6 18.8 0.125592
6 19.2 0.0172782
6 19.6 0
6 20 0
6 20.4 0
6 20.8 0
6 21.2 0
6 21.6 0
6 22 0
6 22.4 0.0506299
6 22.8 0.372742
6 23.2 0.268286
6 23.6 0.100679
6 24 -0.0837669
6 24.4 -0.217118
6 24.8 -0.250512
6 25.2 -0.184096
6 25.6 -0.0692262
6 26 0.0184486
6 26.4 0.00251731
6 26.8 0

6.4 0 0
6.4 0.4 -0.0383867
6.4 0.8 -0.277473
6.4 1.2 -0.110143
6.4 1.6 0.09085
6.4 2 0.210687
6.4 2.4 0.205698
6.4 2.8 0.13895
6.4 3.2 -0.00158933
6.4 3.6 0
6.4 4 0
6.4 4.4 0
6.4 4.8 0
6.4 5.2 0
6.4 5.6 0
6.4 6 0
6.4 6.4 -0.0714221
6.4 6.8 -0.34819
6.4 7.2 -0.196917
6.4 7.6 0.00568817
6.4 8 0.157713
6.4 8.4 0.182773
6.4 8.8 0.0739535
6.4 9.2 -0.10456
6.4 9.6 -0.256956
6.4 10 -0.312079
6.4 10.4 -0.264616
6.4 10.8 -0.183547
6.4 11.2 0.0126374
6.4 11.6 0
6.4 12 0
6.4 12.4 0
6.4 12.8 0
6.4 13.2 0
6.4 13.6 0
6.4 14 0
6.4 14.4 0.118659
6.4 14.8 0.250922
6.4 15.2 0.107948
6.4 15.6 -0.0194361
6.4 16 -0.0927784
6.4 16.4 -0.136831
6.4 16.8 -0.186079
6.4 17.2 -0.235019
6.4 17.6 -0.233528
6.4 18 -0.13394
6.4 18.4 0.050461
6.4 18.8 0.226648
6.4 19.2 0.0935224
6.4 19.6 0
6.4 20 0
6.4 20.4 0
6.4 20.8 0
6.4 21.2 0
6.4 21.6 0
6.4 22 0
6.4 22.4 0.0377357
6.4 22.8 0.376614
6.4 23.2 0.328006
6.4 23.6 0.21453
6.4 24 0.0587273
6.4 24.4 -0.079592
6.4 24.8 -0.145971
6.4 25.2 -0.125873
6.4 25.6 -0.0540503
6.4 26 0.00734598
6.4 26.4 0.000978519
6.4 26.8 0

6.8 0 0
6.8 0.4 -0.053422
6.8 0.8 -0.386572
6.8 1.2 -0.167092
6.8 1.6 0.0971
6.8 2 0.253281
6.8 2.4 0.228323
6.8 2.8 0.0645756
6.8 3.2 -0.152304
6.8 3.6 -0.0207772
6.8 4 0
6.8 4.4 0
6.8 4.8 0
6.8 5.2 0
6.8 5.6 0
6.8 6 -0.0243283
6.8 6.4 -0.175958
6.8 6.8 -0.200039
6.8 7.2 -0.111706
6.8 7.6 0.0412227
6.8 8 0.180182
6.8 8.4 0.231956
6.8 8.8 0.16939
6.8 9.2 0.0274871
6.8 9.6 -0.115387
6.8 10 -0.180761
6.8 10.4 -0.130472
6.8 10.8 0.0250221
6.8 11.2 0.280267
6.8 11.6 0.0375896
6.8 12 0
6.8 12.4 0
6.8 12.8 0
6.8 13.2 0
6.8 13.6 0
6.8 14 0.0845265
6.8 14.4 0.627356
6.8 14.8 0.313944
6.8 15.2 0.0513049
6.8 15.6 -0.11292
6.8 16 -0.162283
6.8 16.4 -0.147386
6.8 16.8 -0.138447
6.8 17.2 -0.16077
6.8 17.6 -0.173794
6.8 18 -0.112195
6.8 18.4 0.0479059
6.8 18.8 0.260529
6.8 19.2 0.466872
6.8 19.6 0.0625592
6.8 20 0
6.8 20.4 0
6.8 20.8 0
6.8 21.2 0
6.8 21.6 0
6.8 22 -0.0134751
6.8 22.4 -0.0993953
6.8 22.8 0.135026
6.8 23.2 0.253951
6.8 23.6 0.27212
6.8 24 0.204832
6.8 24.4 0.0989191
6.8 24.8 0.0114798
6.8 25.2 -0.0237433
6.8 25.6 -0.0131095
6.8 26 0.00857852
6.8 26.4 0.00113974
6.8 26.8 0

7.2 0 0
7.2 0.4 -0.0536131
7.2 0.8 -0.388127
7.2 1.2 -0.152411
7.2 1.6 0.126321
7.2 2 0.273252
7.2 2.4 0.204934
7.2 2.8 -0.0191911
7.2 3.2 -0.239635
7.2 3.6 -0.0327786
7.2 4 0
7.2 4.4 0
7.2 4.8 0
7.2 5.2 0
7.2 5.6 0
7.2 6 -0.00180676
7.2 6.4 -0.0108944
7.2 6.8 -0.0382263
7.2 7.2 -0.0226947
7.2 7.6 0.0510592
7.2 8 0.15136
7.2 8.4 0.223004
7.2 8.8 0.22274
7.2 9.2 0.14856
7.2 9.6 0.0446328
7.2 10 -0.0224845
7.2 10.4 -0.00294842
7.2 10.8 0.105393
7.2 11.2 0.245979
7.2 11.6 0.0333179
7.2 12 0
7.2 12.4 0
7.2 12.8 0
7.2 13.2 0
7.2 13.6 0
7.2 14 0.0306536
7.2 14.4 0.227452
7.2 14.8 0.0210207
7.2 15.2 -0.175089
7.2 15.6 -0.240485
7.2 16 -0.158926
7.2 16.4 -0.0148152
7.2 16.8 0.076972
7.2 17.2 0.0596243
7.2 17.6 -0.0265649
7.2 18 -0.0825914
7.2 18.4 -0.0347104
7.2 18.8 0.104749
7.2 19.2 0.245567
7.2 19.6 0.0326033
7.2 20 0
7.2 20.4 0
7.2 20.8 0
7.2 21.2 0
7.2 21.6 0
7.2 22 -0.0464232
7.2 22.4 -0.34177
7.2 22.8 -0.126475
7.2 23.2 0.103063
7.2 23.6 0.256812
7.2 24 0.297338
7.2 24.4 0.243104
7.2 24.8 0.147052
7.2 25.2 0.0607245
7.2 25.6 0.0083521
7.2 26 -0.0133059
7.2 26.4 -0.0018551
7.2 26.8 0

7.6 0 0
7.6 0.4 -0.0407955
7.6 0.8 -0.295344
7.6 1.2 -0.0730236
7.6 1.6 0.183466
7.6 2 0.292914
7.6 2.4 0.172621
7.6 2.8 -0.104399
7.6 3.2 -0.354522
7.6 3.6 -0.0485692
7.6 4 0
7.6 4.4 0
7.6 4.8 0
7.6 5.2 0
7.6 5.6 0
7.6 6 0.0213491
7.6 6.4 0.158382
7.6 6.8 0.0849865
7.6 7.2 0.012681
7.6 7.6 -0.00625071
7.6 8 0.0417488
7.6 8.4 0.124916
7.6 8.8 0.188321
7.6 9.2 0.191264
7.6 9.6 0.135734
7.6 10 0.0653694
7.6 10.4 0.0344697
7.6 10.8 0.0660408
7.6 11.2 0.127048
7.6 11.6 0.0176128
7.6 12 0
7.6 12.4 0
7.6 12.8 0
7.6 13.2 0
7.6 13.6 0
7.6 14 -0.0300552
7.6 14.4 -0.224292
7.6 14.8 -0.336895
7.6 15.2 -0.413379
7.6 15.6 -0.328577
7.6 16 -0.083449
7.6 16.4 0.200674
7.6 16.8 0.367882
7.6 17.2 0.335755
7.6 17.6 0.150524
7.6 18 -0.0505269
7.6 18.4 -0.139737
7.6 18.8 -0.0911616
7.6 19.2 0.00195924
7.6 19.6 -0.000196499
7.6 20 0
7.6 20.4 0
7.6 20.8 0
7.6 21.2 0
7.6 21.6 0
7.6 22 -0.0825225
7.6 22.4 -0.607497
7.6 22.8 -0.364213
7.6 23.2 -0.058375
7.6 23.6 0.192247
7.6 24 0.315018
7.6 24.4 0.304003
7.6 24.8 0.205905
7.6 25.2 0.0836494
7.6 25.6 -0.0160511
7.6 26 -0.0726083
7.6 26.4 -0.00997378
7.6 26.8 0

8 0 0
8 0.4 -0.0242711
8 0.8 -0.175573
8 1.2 0.0222107
8 1.6 0.246337
8 2 0.320166
8 2.4 0.165215
8 2.8 -0.143075
8 3.2 -0.420404
8 3.6 -0.143034
8 4 0
8 4.4 0
8 4.8 0
8 5.2 0
8 5.6 0
8 6 0.0625948
8 6.4 0.236169
8 6.8 0.124341
8 7.2 -0.0190403
8 7.6 -0.11694
8 8 -0.118715
8 8.4 -0.032484
8 8.8 0.080949
8 9.2 0.149113
8 9.6 0.135394
8 10 0.0609297
8 10.4 -0.0156556
8 10.8 -0.0456965
8 11.2 -0.0319601
8 11.6 -0.0102428
8 12 0
8 12.4 0
8 12.8 0
8 13.2 0
8 13.6 0
8 14 0.00752782
8 14.4 -0.357732
8 14.8 -0.45513
8 15.2 -0.473249
8 15.6 -0.302212
8 16 0.0343777
8 16.4 0.390655
8 16.8 0.587122
8 17.2 0.527391
8 17.6 0.262678
8 18 -0.0413251
8 18.4 -0.214706
8 18.8 -0.195441
8 19.2 -0.0758604
8 19.6 0.061627
8 20 0
8 20.4 0
8 20.8 0
8 21.2 0
8 21.6 0
8 22 -0.156159
8 22.4 -0.682325
8 22.8 -0.446863
8 23.2 -0.13567
8 23.6 0.133478
8 24 0.276915
8 24.4 0.278181
8 24.8 0.179309
8 25.2 0.0453374
8 25.6 -0.0707697
8 26 -0.14142
8 26.4 -0.0193956
8 26.8 0

8.4 0 0
8.4 0.4 -0.0148907
8.4 0.8 -0.107469
8.4 1.2 0.073273
8.4 1.6 0.279761
8.4 2 0.345953
8.4 2.4 0.197036
8.4 2.8 -0.102717
8.4 3.2 -0.405989
8.4 3.6 -0.621102
8.4 4 -0.102128
8.4 4.4 0
8.4 4.8 0
8.4 5.2 0
8.4 5.6 0.012924
8.4 6 0.22772
8.4 6.4 0.205188
8.4 6.8 0.0935481
8.4 7.2 -0.075169
8.4 7.6 -0.215068
8.4 8 -0.250897
8.4 8.4 -0.170107
8.4 8.8 -0.0314992
8.4 9.2 0.074343
8.4 9.6 0.0856623
8.4 10 0.00888654
8.4 10.4 -0.0903085
8.4 10.8 -0.137683
8.4 11.2 -0.107074
8.4 11.6 -0.0464137
8.4 12 0.0715818
8.4 12.4 0
8.4 12.8 0
8.4 13.2 0
8.4 13.6 0.175459
8.4 14 0.401047
8.4 14.4 0.00671631
8.4 14.8 -0.222977
8.4 15.2 -0.292958
8.4 15.6 -0.162737
8.4 16 0.129082
8.4 16.4 0.442102
8.4 16.8 0.603261
8.4 17.2 0.515841
8.4 17.6 0.228036
8.4 18 -0.0919261
8.4 18.4 -0.258982
8.4 18.8 -0.181469
8.4 19.2 0.104707
8.4 19.6 0.528045
8.4 20 0.155192
8.4 20.4 0
8.4 20.8 0
8.4 21.2 0
8.4 21.6 -0.0391622
8.4 22 -0.467039
8.4 22.4 -0.467105
8.4 22.8 -0.308644
8.4 23.2 -0.0771626
8.4 23.6 0.121993
8.4 24 0.216207
8.4 24.4 0.194368
8.4 24.8 0.097286
8.4 25.2 -0.0178696
8.4 25.6 -0.110414
8.4 26 -0.165888
8.4 26.4 -0.0227417
8.4 26.8 0

8.8 0 0
8.8 0.4 -0.0179847
8.8 0.8 -0.12972
8.8 1.2 0.0489551
8.8 1.6 0.260375
8.8 2 0.352339
8.8 2.4 0.255266
8.8 2.8 0.0260799
8.8 3.2 -0.195999
8.8 3.6 -0.278715
8.8 4 -0.119622
8.8 4.4 0.00743001
8.8 4.8 0.013755
8.8 5.2 -0.0240066
8.8 5.6 -0.124723
8.8 6 0.0498607
8.8 6.4 0.110893
8.8 6.8 0.0536961
8.8 7.2 -0.0874807
8.8 7.6 -0.22681
8.8 8 -0.277942
8.8 8.4 -0.212341
8.8 8.8 -0.0790416
8.8 9.2 0.0300066
8.8 9.6 0.0446179
8.8 10 -0.0337231
8.8 10.4 -0.132205
8.8 10.8 -0.155729
8.8 11.2 -0.0471008
8.8 11.6 0.193555
8.8 12 0.576338
8.8 12.4 0.161858
8.8 12.8 0.0700012
8.8 13.2 0.179672
8.8 13.6 0.885646
8.8 14 0.630232
8.8 14.4 0.372142
8.8 14.8 0.153352
8.8 15.2 0.0137121
8.8 15.6 0.00676736
8.8 16 0.131445
8.8 16.4 0.298678
8.8 16.8 0.376072
8.8 17.2 0.27901
8.8 17.6 0.0385468
8.8 18 -0.209555
8.8 18.4 -0.310017
8.8 18.8 -0.18744
8.8 19.2 0.109882
8.8 19.6 0.442684
8.8 20 0.612986
8.8 20.4 0.0539271
8.8 20.8 -0.0333245
8.8 21.2 0.0206881
8.8 21.6 0.180009
8.8 22 -0.0361677
8.8 22.4 -0.087268
8.8 22.8 -0.0271094
8.8 23.2 0.0758938
8.8 23.6 0.148603
8.8 24 0.148962
8.8 24.4 0.0848989
8.8 24.8 -0.000803068
8.8 25.2 -0.0660385
8.8 25.6 -0.0970445
8.8 26 -0.108478
8.8 26.4 -0.0148636
8.8 26.8 0

9.2 0 0
9.2 0.4 -0.0299785
9.2 0.8 -0.216511
9.2 1.2 -0.0319563
9.2 1.6 0.194021
9.2 2 0.323698
9.2 2.4 0.292101
9.2 2.8 0.145678
9.2 3.2 0.00300503
9.2 3.6 -0.030236
9.2 4 0.0676183
9.2 4.4 0.176929
9.2 4.8 0.100288
9.2 5.2 -0.0462574
9.2 5.6 -0.108558
9.2 6 -0.0205308
9.2 6.4 0.065506
9.2 6.8 0.068236
9.2 7.2 -0.0171394
9.2 7.6 -0.127417
9.2 8 -0.181688
9.2 8.4 -0.142328
9.2 8.8 -0.042682
9.2 9.2 0.0383356
9.2 9.6 0.0366345
9.2 10 -0.0458261
9.2 10.4 -0.136511
9.2 10.8 -0.138742
9.2 11.2 0.0029883
9.2 11.6 0.26309
9.2 12 0.536026
9.2 12.4 0.613932
9.2 12.8 0.510956
9.2 13.2 0.434921
9.2 13.6 0.576224
9.2 14 0.632982
9.2 14.4 0.615247
9.2 14.8 0.493817
9.2 15.2 0.29952
9.2 15.6 0.1198
9.2 16 0.023873
9.2 16.4 0.0053181
9.2 16.8 -0.00666093
9.2 17.2 -0.0790263
9.2 17.6 -0.210488
9.2 18 -0.325541
9.2 18.4 -0.332314
9.2 18.8 -0.198791
9.2 19.2 0.0114876
9.2 19.6 0.166115
9.2 20 0.122311
9.2 20.4 -0.215048
9.2 20.8 -0.245237
9.2 21.2 -0.0269118
9.2 21.6 0.2065
9.2 22 0.247787
9.2 22.4 0.243853
9.2 22.8 0.236947
9.2 23.2 0.217412
9.2 23.6 0.161506
9.2 24 0.0675707
9.2 24.4 -0.0319538
9.2 24.8 -0.0907669
9.2 25.2 -0.0844756
9.2 25.6 -0.0316516
9.2 26 0.0179334
9.2 26.4 0.00248535
9.2 26.8 0

9.6 0 0
9.6 0.4 -0.0411241
9.6 0.8 -0.297251
9.6 1.2 -0.113375
9.6 1.6 0.115021
9.6 2 0.264592
9.6 2.4 0.274815
9.6 2.8 0.182023
9.6 3.2 0.085089
9.6 3.6 0.0690232
9.6 4 0.136762
9.6 4.4 0.185247
9.6 4.8 0.0972698
9.6 5.2 -0.0479224
9.6 5.6 -0.11409
9.6 6 -0.0435961
9.6 6.4 0.0671723
9.6 6.8 0.12683
9.6 7.2 0.103641
9.6 7.6 0.0328695
9.6 8 -0.0204425
9.6 8.4 -0.0155447
9.6 8.8 0.0325839
9.6 9.2 0.0678918
9.6 9.6 0.0414128
9.6 10 -0.0434605
9.6 10.4 -0.124649
9.6 10.8 -0.120855
9.6 11.2 0.00880717
9.6 11.6 0.22452
9.6 12 0.409041
9.6 12.4 0.416302
9.6 12.8 0.252941
9.6 13.2 0.122529
9.6 13.6 0.223577
9.6 14 0.50162
9.6 14.4 0.712083
9.6 14.8 0.701462
9.6 15.2 0.472402
9.6 15.6 0.145914
9.6 16 -0.137133
9.6 16.4 -0.303366
9.6 16.8 -0.365529
9.6 17.2 -0.37645
9.6 17.6 -0.368508
9.6 18 -0.332328
9.6 18.4 -0.246595
9.6 18.8 -0.125222
9.6 19.2 -0.0342985
9.6 19.6 -0.0571303
9.6 20 -0.220774
9.6 20.4 -0.410634
9.6 20.8 -0.354586
9.6 21.2 -0.0643529
9.6 21.6 0.259537
9.6 22 0.401756
9.6 22.4 0.414349
9.6 22.8 0.356734
9.6 23.2 0.252438
9.6 23.6 0.111833
9.6 24 -0.0378226
9.6 24.4 -0.146285
9.6 24.8 -0.165617
9.6 25.2 -0.0863897
9.6 25.6 0.0460855
9.6 26 0.153014
9.6 26.4 0.0210356
9.6 26.8 0

10 0 0
10 0.4 -0.0425208
10 0.8 -0.307461
10 1.2 -0.141336
10 1.6 0.063579
10 2 0.198532
10 2.4 0.208688
10 2.8 0.123717
10 3.2 0.0306563
10 3.6 0.0120434
10 4 0.0909421
10 4.4 0.17745
10 4.8 0.0948093
10 5.2 -0.0559757
10 5.6 -0.136409
10 6 -0.0575076
10 6.4 0.0697689
10 6.8 0.167978
10 7.2 0.195128
10 7.6 0.161112
10 8 0.110058
10 8.4 0.0803108
10 8.8 0.0751463
10 9.2 0.0655754
10 9.6 0.0221601
10 10 -0.05196
10 10.4 -0.113879
10 10.8 -0.108497
10 11.2 -0.011452
10 11.6 0.144137
10 12 0.27416
10 12.4 0.242871
10 12.8 0.0153733
10 13.2 -0.173398
10 13.6 -0.0794169
10 14 0.382404
10 14.4 0.725472
10 14.8 0.766193
10 15.2 0.51245
10 15.6 0.111567
10 16 -0.255483
10 16.4 -0.47319
10 16.8 -0.524931
10 17.2 -0.458615
10 17.6 -0.330358
10 18 -0.176451
10 18.4 -0.0248536
10 18.8 0.0792196
10 19.2 0.0719731
10 19.6 -0.0950026
10 20 -0.394112
10 20.4 -0.590729
10 20.8 -0.479627
10 21.2 -0.107486
10 21.6 0.31934
10 22 0.424858
10 22.4 0.385987
10 22.8 0.286536
10 23.2 0.152438
10 23.6 -0.00412679
10 24 -0.152263
10 24.4 -0.239414
10 24.8 -0.219565
10 25.2 -0.0909647
10 25.6 0.0890124
10 26 0.228523
10 26.4 0.0314258
10 26.8 0

10.4 0 0
10.4 0.4 -0.0324172
10.4 0.8 -0.234414
10.4 1.2 -0.102103
10.4 1.6 0.0569954
10.4 2 0.14945
10.4 2.4 0.127546
10.4 2.8 0.0163702
10.4 3.2 -0.107395
10.4 3.6 -0.159539
10.4 4 -0.0488825
10.4 4.4 0.0179137
10.4 4.8 0.0132549
10.4 5.2 -0.0340311
10.4 5.6 -0.199006
10.4 6 -0.0818603
10.4 6.4 0.0297539
10.4 6.8 0.133797
10.4 7.2 0.191168
10.4 7.6 0.188339
10.4 8 0.144535
10.4 8.4 0.0905674
10.4 8.8 0.0446252
10.4 9.2 0.00540998
10.4 9.6 -0.0359311
10.4 10 -0.0775903
10.4 10.4 -0.101087
10.4 10.8 -0.0837714
10.4 11.2 -0.0194914
10.4 11.6 0.0781176
10.4 12 0.226749
10.4 12.4 0.0655599
10.4 12.8 0.00310771
10.4 13.2 -0.0427753
10.4 13.6 -0.161029
10.4 14 0.472301
10.4 14.4 0.733632
10.4 14.8 0.705499
10.4 15.2 0.43212
10.4 15.6 0.0556132
10.4 16 -0.259634
10.4 16.4 -0.416483
10.4 16.8 -0.410205
10.4 17.2 -0.291687
10.4 17.6 -0.117058
10.4 18 0.0738204
10.4 18.4 0.244002
10.4 18.8 0.342691
10.4 19.2 0.31146
10.4 19.6 0.104791
10.4 20 -0.353669
10.4 20.4 -0.128375
10.4 20.8 -0.0650608
10.4 21.2 0.0570974
10.4 21.6 0.525743
10.4 22 0.349958
10.4 22.4 0.188142
10.4 22.8 0.0683111
10.4 23.2 -0.0326129
10.4 23.6 -0.135086
10.4 24 -0.229893
10.4 24.4 -0.27701
10.4 24.8 -0.234769
10.4 25.2 -0.0990514
10.4 25.6 0.0790599
10.4 26 0.214725
10.4 26.4 0.0295643
10.4 26.8 0

10.8 0 0
10.8 0.4 -0.0171242
10.8 0.8 -0.123807
10.8 1.2 -0.030401
10.8 1.6 0.077517
10.8 2 0.123051
10.8 2.4 0.0674406
10.8 2.8 -0.0684007
10.8 3.2 -0.227286
10.8 3.6 -0.378564
10.8 4 -0.0583143
10.8 4.4 0
10.8 4.8 0
10.8 5.2 0
10.8 5.6 -0.0362027
10.8 6 -0.0724773
10.8 6.4 -0.0642016
10.8 6.8 0.014365
10.8 7.2 0.0898289
10.8 7.6 0.119468
10.8 8 0.0947093
10.8 8.4 0.0336025
10.8 8.8 -0.0350005
10.8 9.2 -0.0868664
10.8 9.6 -0.10954
10.8 10 -0.10172
10.8 10.4 -0.0691796
10.8 10.8 -0.0236696
10.8 11.2 0.0134002
10.8 11.6 0.00160841
10.8 12 0.0322971
10.8 12.4 0
10.8 12.8 0
10.8 13.2 0
10.8 13.6 0.108052
10.8 14 0.928927
10.8 14.4 0.680663
10.8 14.8 0.488255
10.8 15.2 0.233823
10.8 15.6 -0.00752822
10.8 16 -0.144851
10.8 16.4 -0.156016
10.8 16.8 -0.0833074
10.8 17.2 0.0193904
10.8 17.6 0.129342
10.8 18 0.250992
10.8 18.4 0.381571
10.8 18.8 0.488311
10.8 19.2 0.53341
10.8 19.6 0.543713
10.8 20 0.02586
10.8 20.4 0
10.8 20.8 0
10.8 21.2 0
10.8 21.6 0.0858084
10.8 22 0.105444
10.8 22.4 -0.130266
10.8 22.8 -0.200634
10.8 23.2 -0.205252
10.8 23.6 -0.204244
10.8 24 -0.218121
10.8 24.4 -0.225409
10.8 24.8 -0.187886
10.8 25.2 -0.089853
10.8 25.6 0.0393279
10.8 26 0.13831
10.8 26.4 0.0190888
10.8 26.8 0

11.2 0 0
11.2 0.4 -0.00584557
11.2 0.8 -0.0422949
11.2 1.2 0.0191863
11.2 1.6 0.0872578
11.2 2 0.103221
11.2 2.4 0.0404281
11.2 2.8 -0.0771833
11.2 3.2 -0.187549
11.2 3.6 -0.0775707
11.2 4 0
11.2 4.4 0
11.2 4.8 0
11.2 5.2 0
11.2 5.6 0
11.2 6 -0.0408836
11.2 6.4 -0.231389
11.2 6.8 -0.145327
11.2 7.2 -0.0414815
11.2 7.6 0.0301846
11.2 8 0.0381635
11.2 8.4 -0.0147737
11.2 8.8 -0.0939754
11.2 9.2 -0.15233
11.2 9.6 -0.155854
11.2 10 -0.100257
11.2 10.4 -0.0100249
11.2 10.8 0.0782181
11.2 11.2 0.136067
11.2 11.6 0.0195079
11.2 12 0
11.2 12.4 0
11.2 12.8 0
11.2 13.2 0
11.2 13.6 0
11.2 14 0.154035
11.2 14.4 0.189696
11.2 14.8 0.0573247
11.2 15.2 -0.0658037
11.2 15.6 -0.0770159
11.2 16 0.0379138
11.2 16.4 0.199097
11.2 16.8 0.301984
11.2 17.2 0.300973
11.2 17.6 0.238289
11.2 18 0.200145
11.2 18.4 0.240358
11.2 18.8 0.339279
11.2 19.2 0.431885
11.2 19.6 0.133235
11.2 20 0
11.2 20.4 0
11.2 20.8 0
11.2 21.2 0
11.2 21.6 0
11.2 22 -0.0510598
11.2 22.4 -0.480113
11.2 22.8 -0.395421
11.2 23.2 -0.270294
11.2 23.6 -0.158242
11.2 24 -0.0976455
11.2 24.4 -0.0821194
11.2 24.8 -0.0742884
11.2 25.2 -0.042413
11.2 25.6 0.0122677
11.2 26 0.0588905
11.2 26.4 0.00816596
11.2 26.8 0

11.6 0 0
11.6 0.4 -0.00339269
11.6 0.8 -0.0247215
11.6 1.2 0.0160829
11.6 1.6 0.0598597
11.6 2 0.0666191
11.6 2.4 0.0212958
11.6 2.8 -0.0544882
11.6 3.2 -0.117521
11.6 3.6 -0.0163046
11.6 4 0
11.6 4.4 0
11.6 4.8 0
11.6 5.2 0
11.6 5.6 0
11.6 6 -0.04413
11.6 6.4 -0.325763
11.6 6.8 -0.234494
11.6 7.2 -0.104486
11.6 7.6 0.0107491
11.6 8 0.0567166
11.6 8.4 0.0170274
11.6 8.8 -0.0727476
11.6 9.2 -0.146375
11.6 9.6 -0.148595
11.6 10 -0.0695601
11.6 10.4 0.0520456
11.6 10.8 0.159234
11.6 11.2 0.219974
11.6 11.6 0.0302364
11.6 12 0
11.6 12.4 0
11.6 12.8 0
11.6 13.2 0
11.6 13.6 0
11.6 14 -0.0372609
11.6 14.4 -0.270925
11.6 14.8 -0.363196
11.6 15.2 -0.351678
11.6 15.6 -0.128616
11.6 16 0.226134
11.6 16.4 0.519941
11.6 16.8 0.590246
11.6 17.2 0.416536
11.6 17.6 0.127288
11.6 18 -0.096721
11.6 18.4 -0.146546
11.6 18.8 -0.0484001
11.6 19.2 0.0719987
11.6 19.6 0.0106334
11.6 20 0
11.6 20.4 0
11.6 20.8 0
11.6 21.2 0
11.6 21.6 0
11.6 22 -0.0727054
11.6 22.4 -0.535139
11.6 22.8 -0.385235
11.6 23.2 -0.184678
11.6 23.6 -0.00763875
11.6 24 0.0903471
11.6 24.4 0.10432
11.6 24.8 0.0715692
11.6 25.2 0.0370026
11.6 25.6 0.0226949
11.6 26 0.023422
11.6 26.4 0.00324492
11.6 26.8 0

12 0 0
12 0.4 -0.00656106
12 0.8 -0.0478621
12 1.2 -0.0217073
12 1.6 0.00509549
12 2 0.0110093
12 2.4 -0.0076652
12 2.8 -0.0320762
12 3.2 -0.0391253
12 3.6 0.0219013
12 4 0
12 4.4 0
12 4.8 0
12 5.2 0
12 5.6 0
12 6 -0.00710394
12 6.4 -0.254188
12 6.8 -0.191128
12 7.2 -0.0561016
12 7.6 0.0907912
12 8 0.167743
12 8.4 0.135576
12 8.8 0.0267333
12 9.2 -0.076843
12 9.6 -0.100348
12 10 -0.0276872
12 10.4 0.0891352
12 10.8 0.171238
12 11.2 0.182605
12 11.6 -0.0183566
12 12 0
12 12.4 0
12 12.8 0
12 13.2 0
12 13.6 0
12 14 0.132844
12 14.4 -0.361888
12 14.8 -0.5605
12 15.2 -0.512714
12 15.6 -0.136785
12 16 0.372162
12 16.4 0.715961
12 16.8 0.695714
12 17.2 0.3349
12 17.6 -0.148787
12 18 -0.494273
12 18.4 -0.562384
12 18.8 -0.405464
12 19.2 -0.215065
12 19.6 -0.000767191
12 20 0
12 20.4 0
12 20.8 0
12 21.2 0
12 21.6 0
12 22 -0.0418754
12 22.4 -0.345861
12 22.8 -0.206272
12 23.2 -0.00811982
12 23.6 0.166009
12 24 0.254292
12 24.4 0.247547
12 24.8 0.182293
12 25.2 0.108
12 25.6 0.0564425
12 26 0.034291
12 26.4 0.00468056
12 26.8 0

12.4 0 0
12.4 0.4 -0.00725564
12.4 0.8 -0.0530359
12.4 1.2 -0.0441234
12.4 1.6 -0.0385039
12.4 2 -0.0406098
12.4 2.4 -0.0429787
12.4 2.8 -0.023907
12.4 3.2 0.0460496
12.4 3.6 0.19906
12.4 4 0.0274237
12.4 4.4 0
12.4 4.8 0
12.4 5.2 0
12.4 5.6 0.0272815
12.4 6 0.20002
12.4 6.4 -0.0363796
12.4 6.8 -0.0688048
12.4 7.2 0.0475759
12.4 7.6 0.210382
12.4 8 0.304902
12.4 8.4 0.270166
12.4 8.8 0.135425
12.4 9.2 -0.00405221
12.4 9.6 -0.0561882
12.4 10 0.000685743
12.4 10.4 0.100466
12.4 10.8 0.132026
12.4 11.2 0.00679992
12.4 11.6 -0.314955
12.4 12 -0.0433478
12.4 12.4 0
12.4 12.8 0
12.4 13.2 0
12.4 13.6 0.182473
12.4 14 1.33667
12.4 14.4 0.094533
12.4 14.8 -0.528562
12.4 15.2 -0.546251
12.4 15.6 -0.107998
12.4 16 0.449769
12.4 16.4 0.757196
12.4 16.8 0.619287
12.4 17.2 0.120933
12.4 17.6 -0.446096
12.4 18 -0.780645
12.4 18.4 -0.756206
12.4 18.8 -0.467518
12.4 19.2 -0.112934
12.4 19.6 0.209508
12.4 20 0.0277554
12.4 20.4 0
12.4 20.8 0
12.4 21.2 0
12.4 21.6 0.00506516
12.4 22 0.0372484
12.4 22.4 -0.0529668
12.4 22.8 0.0134458
12.4 23.2 0.145751
12.4 23.6 0.260516
12.4 24 0.303499
12.4 24.4 0.269789
12.4 24.8 0.194018
12.4 25.2 0.119828
12.4 25.6 0.0726413
12.4 26 0.0547294
12.4 26.4 0.00746078
12.4 26.8 0

12.8 0 0
12.8 0.4 5.86144e-05
12.8 0.8 -9.37108e-05
12.8 1.2 -0.0143324
12.8 1.6 -0.0375997
12.8 2 -0.0611666
12.8 2.4 -0.0715016
12.8 2.8 -0.051241
12.8 3.2 0.0207686
12.8 3.6 0.182905
12.8 4 0.0252447
12.8 4.4 0
12.8 4.8 0
12.8 5.2 0
12.8 5.6 0.0290674
12.8 6 0.214166
12.8 6.4 0.000262798
12.8 6.8 -0.0300747
12.8 7.2 0.0937165
12.8 7.6 0.268034
12.8 8 0.367357
12.8 8.4 0.322294
12.8 8.8 0.163806
12.8 9.2 -0.000758518
12.8 9.6 -0.0651519
12.8 10 -0.00164012
12.8 10.4 0.116463
12.8 10.8 0.162897
12.8 11.2 0.0377527
12.8 11.6 -0.300466
12.8 12 -0.0413204
12.8 12.4 0
12.8 12.8 0
12.8 13.2 0
12.8 13.6 0.167337
12.8 14 1.22489
12.8 14.4 -0.121548
12.8 14.8 -0.649037
12.8 15.2 -0.557969
12.8 15.6 -0.065862
12.8 16 0.460227
12.8 16.4 0.66624
12.8 16.8 0.417284
12.8 17.2 -0.127859
12.8 17.6 -0.633604
12.8 18 -0.814278
12.8 18.4 -0.614773
12.8 18.8 -0.220446
12.8 19.2 0.112472
12.8 19.6 0.321503
12.8 20 0.0429788
12.8 20.4 0
12.8 20.8 0
12.8 21.2 0
12.8 21.6 0.0153227
12.8 22 0.112923
12.8 22.4 0.116734
12.8 22.8 0.13978
12.8 23.2 0.189738
12.8 23.6 0.22208
12.8 24 0.207516
12.8 24.4 0.15304
12.8 24.8 0.0906935
12.8 25.2 0.0504452
12.8 25.6 0.0397975
12.8 26 0.0448954
12.8 26.4 0.00613308
12.8 26.8 0

13.2 0 0
13.2 0.4 0.0127959
13.2 0.8 0.092281
13.2 1.2 0.055162
13.2 1.6 0.00473735
13.2 2 -0.0418898
13.2 2.4 -0.0713856
13.2 2.8 -0.081164
13.2 3.2 -0.0867503
13.2 3.6 0.0134281
13.2 4 0
13.2 4.4 0
13.2 4.8 0
13.2 5.2 0
13.2 5.6 0
13.2 6 0.00951385
13.2 6.4 -0.13951
13.2 6.8 -0.102987
13.2 7.2 0.0399521
13.2 7.6 0.212716
13.2 8 0.300879
13.2 8.4 0.240669
13.2 8.8 0.0689843
13.2 9.2 -0.0988077
13.2 9.6 -0.148031
13.2 10 -0.0467914
13.2 10.4 0.130572
13.2 10.8 0.259523
13.2 11.2 0.273822
13.2 11.6 -0.00361668
13.2 12 0
13.2 12.4 0
13.2 12.8 0
13.2 13.2 0
13.2 13.6 0
13.2 14 0.0277853
13.2 14.4 -1.02544
13.2 14.8 -0.831834
13.2 15.2 -0.487096
13.2 15.6 0.0259569
13.2 16 0.439348
13.2 16.4 0.494559
13.2 16.8 0.156877
13.2 17.2 -0.34486
13.2 17.6 -0.668901
13.2 18 -0.595014
13.2 18.4 -0.179635
13.2 18.8 0.2716
13.2 19.2 0.379074
13.2 19.6 0.095214
13.2 20 0
13.2 20.4 0
13.2 20.8 0
13.2 21.2 0
13.2 21.6 0
13.2 22 0.0436845
13.2 22.4 0.209075
13.2 22.8 0.15428
13.2 23.2 0.125216
13.2 23.6 0.082777
13.2 24 0.0203192
13.2 24.4 -0.0424267
13.2 24.8 -0.0770836
13.2 25.2 -0.0698416
13.2 25.6 -0.0340525
13.2 26 -0.00200757
13.2 26.4 -0.000250055
13.2 26.8 0

13.6 0 0
13.6 0.4 0.0215906
13.6 0.8 0.156227
13.6 1.2 0.107385
13.6 1.6 0.0461333
13.6 2 -0.00506541
13.6 2.4 -0.0337259
13.6 2.8 -0.0437712
13.6 3.2 -0.0178194
13.6 3.6 0
13.6 4 0
13.6 4.4 0
13.6 4.8 0
13.6 5.2 0
13.6 5.6 0
13.6 6 0
13.6 6.4 -0.0442348
13.6 6.8 -0.178698
13.6 7.2 -0.0575207
13.6 7.6 0.0821804
13.6 8 0.140153
13.6 8.4 0.0636347
13.6 8.8 -0.107144
13.6 9.2 -0.257643
13.6 9.6 -0.274756
13.6 10 -0.127498
13.6 10.4 0.10653
13.6 10.8 0.291888
13.6 11.2 0.0781401
13.6 11.6 0
13.6 12 0
13.6 12.4 0
13.6 12.8 0
13.6 13.2 0
13.6 13.6 0
13.6 14 0
13.6 14.4 -0.202191
13.6 14.8 -0.457278
13.6 15.2 -0.161291
13.6 15.6 0.213663
13.6 16 0.419559
13.6 16.4 0.291014
13.6 16.8 -0.111356
13.6 17.2 -0.514608
13.6 17.6 -0.608071
13.6 18 -0.261606
13.6 18.4 0.366093
13.6 18.8 0.909415
13.6 19.2 0.176484
13.6 19.6 0
13.6 20 0
13.6 20.4 0
13.6 20.8 0
13.6 21.2 0
13.6 21.6 0
13.6 22 0
13.6 22.4 0.0380438
13.6 22.8 0.0708409
13.6 23.2 0.0168117
13.6 23.6 -0.0653513
13.6 24 -0.151321
13.6 24.4 -0.209742
13.6 24.8 -0.216582
13.6 25.2 -0.171503
13.6 25.6 -0.102468
13.6 26 -0.0529977
13.6 26.4 -0.00720043
13.6 26.8 0

14 0 0
14 0.4 0.0180474
14 0.8 0.130852
14 1.2 0.086925
14 1.6 0.0362389
14 2 0.00447443
14 2.4 0.00145384
14 2.8 0.0134874
14 3.2 0.00185139
14 3.6 0
14 4 0
14 4.4 0
14 4.8 0
14 5.2 0
14 5.6 0
14 6 0
14 6.4 -0.0273746
14 6.8 -0.198776
14 7.2 -0.122335
14 7.6 -0.0381265
14 8 -0.0180955
14 8.4 -0.10298
14 8.8 -0.257218
14 9.2 -0.380023
14 9.6 -0.369959
14 10 -0.199451
14 10.4 0.0562212
14 10.8 0.259361
14 11.2 0.0360406
14 11.6 0
14 12 0
14 12.4 0
14 12.8 0
14 13.2 0
14 13.6 0
14 14 0
14 14.4 0.010968
14 14.8 0.0838199
14 15.2 0.243988
14 15.6 0.407732
14 16 0.380786
14 16.4 0.0861756
14 16.8 -0.347415
14 17.2 -0.641014
14 17.6 -0.544253
14 18 -0.0177876
14 18.4 0.713309
14 18.8 1.28686
14 19.2 0.175287
14 19.6 0
14 20 0
14 20.4 0
14 20.8 0
14 21.2 0
14 21.6 0
14 22 0
14 22.4 0.00349893
14 22.8 0.0249488
14 23.2 -0.0382805
14 23.6 -0.129948
14 24 -0.214148
14 24.4 -0.259011
14 24.8 -0.248101
14 25.2 -0.189215
14 25.6 -0.113609
14 26 -0.0628019
14 26.4 -0.00853487
14 26.8 0

14.4 0 0
14.4 0.4 0.00282381
14.4 0.8 0.0208147
14.4 1.2 -0.00766721
14.4 1.6 -0.0365764
14.4 2 -0.03698
14.4 2.4 -0.000866487
14.4 2.8 0.0473443
14.4 3.2 0.0289157
14.4 3.6 0
14.4 4 0
14.4 4.4 0
14.4 4.8 0
14.4 5.2 0
14.4 5.6 0
14.4 6 0
14.4 6.4 0.0147291
14.4 6.8 -0.115856
14.4 7.2 -0.104538
14.4 7.6 -0.0790721
14.4 8 -0.0835652
14.4 8.4 -0.155018
14.4 8.8 -0.275395
14.4 9.2 -0.370497
14.4 9.6 -0.357908
14.4 10 -0.210113
14.4 10.4 0.0144729
14.4 10.8 0.197394
14.4 11.2 0.0545737
14.4 11.6 0
14.4 12 0
14.4 12.4 0
14.4 12.8 0
14.4 13.2 0
14.4 13.6 0
14.4 14 0
14.4 14.4 0.103081
14.4 14.8 0.429981
14.4 15.2 0.476944
14.4 15.6 0.473656
14.4 16 0.289164
14.4 16.4 -0.0861296
14.4 16.8 -0.495922
14.4 17.2 -0.694814
14.4 17.6 -0.509396
14.4 18 0.026044
14.4 18.4 0.664424
14.4 18.8 1.09922
14.4 19.2 0.141745
14.4 19.6 0
14.4 20 0
14.4 20.4 0
14.4 20.8 0
14.4 21.2 0
14.4 21.6 0
14.4 22 0
14.4 22.4 0.0369936
14.4 22.8 0.0535263
14.4 23.2 -0.0102158
14.4 23.6 -0.0876292
14.4 24 -0.148099
14.4 24.4 -0.171977
14.4 24.8 -0.154303
14.4 25.2 -0.105953
14.4 25.6 -0.0499029
14.4 26 -0.0126375
14.4 26.4 -0.00168185
14.4 26.8 0

14.8 0 0
14.8 0.4 -0.0131402
14.8 0.8 -0.0947395
14.8 1.2 -0.112116
14.8 1.6 -0.127738
14.8 2 -0.107367
14.8 2.4 -0.0388653
14.8 2.8 0.0596467
14.8 3.2 0.163371
14.8 3.6 0.0223996
14.8 4 0
14.8 4.4 0
14.8 4.8 0
14.8 5.2 0
14.8 5.6 0
14.8 6 0.0307188
14.8 6.4 0.226581
14.8 6.8 0.0451163
14.8 7.2 -0.031116
14.8 7.6 -0.0404817
14.8 8 -0.0331884
14.8 8.4 -0.0581575
14.8 8.8 -0.126371
14.8 9.2 -0.198985
14.8 9.6 -0.215191
14.8 10 -0.141132
14.8 10.4 -0.00133293
14.8 10.8 0.133672
14.8 11.2 0.201469
14.8 11.6 0.0272084
14.8 12 0
14.8 12.4 0
14.8 12.8 0
14.8 13.2 0
14.8 13.6 0
14.8 14 0.0449424
14.8 14.4 0.334089
14.8 14.8 0.370277
14.8 15.2 0.403023
14.8 15.6 0.355461
14.8 16 0.155684
14.8 16.4 -0.171296
14.8 16.8 -0.484721
14.8 17.2 -0.603603
14.8 17.6 -0.433186
14.8 18 -0.0517097
14.8 18.4 0.30991
14.8 18.8 0.383721
14.8 19.2 -0.0458992
14.8 19.6 -0.00756534
14.8 20 0
14.8 20.4 0
14.8 20.8 0
14.8 21.2 0
14.8 21.6 0
14.8 22 0.0295876
14.8 22.4 0.216545
14.8 22.8 0.119596
14.8 23.2 0.0516184
14.8 23.6 0.00576454
14.8 24 -0.0138899
14.8 24.4 -0.0094503
14.8 24.8 0.0102759
14.8 25.2 0.0347022
14.8 25.6 0.0562354
14.8 26 0.0713654
14.8 26.4 0.00980051
14.8 26.8 0

15.2 0 0
15.2 0.4 -0.0162992
15.2 0.8 -0.11773
15.2 1.2 -0.14116
15.2 1.6 -0.167231
15.2 2 -0.15643
15.2 2.4 -0.0930059
15.2 2.8 0.00257906
15.2 3.2 0.0844786
15.2 3.6 0.0115934
15.2 4 0
15.2 4.4 0
15.2 4.8 0
15.2 5.2 0
15.2 5.6 0
15.2 6 0.0172926
15.2 6.4 0.127719
15.2 6.8 0.0374612
15.2 7.2 -0.0103512
15.2 7.6 0.0137183
15.2 8 0.0799747
15.2 8.4 0.131826
15.2 8.8 0.128844
15.2 9.2 0.0742811
15.2 9.6 0.00840858
15.2 10 -0.0250177
15.2 10.4 -0.0119045
15.2 10.8 0.0254329
15.2 11.2 0.0524192
15.2 11.6 0.00678395
15.2 12 0
15.2 12.4 0
15.2 12.8 0
15.2 13.2 0
15.2 13.6 0
15.2 14 -0.00436202
15.2 14.4 -0.0307464
15.2 14.8 0.0338728
15.2 15.2 0.108934
15.2 15.6 0.128086
15.2 16 0.0446075
15.2 16.4 -0.119705
15.2 16.8 -0.273349
15.2 17.2 -0.315156
15.2 17.6 -0.21532
15.2 18 -0.0543668
15.2 18.4 0.0194999
15.2 18.8 -0.102644
15.2 19.2 -0.370358
15.2 19.6 -0.0511309
15.2 20 0
15.2 20.4 0
15.2 20.8 0
15.2 21.2 0
15.2 21.6 0
15.2 22 0.017092
15.2 22.4 0.125402
15.2 22.8 0.0836262
15.2 23.2 0.0586801
15.2 23.6 0.0641494
15.2 24 0.0950046
15.2 24.4 0.132507
15.2 24.8 0.15607
15.2 25.2 0.156829
15.2 25.6 0.143274
15.2 26 0.135073
15.2 26.4 0.0185232
15.2 26.8 0

15.6 0 0
15.6 0.4 -0.00166025
15.6 0.8 -0.0119224
15.6 1.2 -0.0578742
15.6 1.6 -0.114232
15.6 2 -0.137672
15.6 2.4 -0.108319
15.6 2.8 -0.0435614
15.6 3.2 0.0121643
15.6 3.6 0.00166323
15.6 4 0
15.6 4.4 0
15.6 4.8 0
15.6 5.2 0
15.6 5.6 0
15.6 6 -0.00424575
15.6 6.4 -0.0307678
15.6 6.8 -0.059038
15.6 7.2 -0.049351
15.6 7.6 0.035592
15.6 8 0.175005
15.6 8.4 0.306216
15.6 8.8 0.365961
15.6 9.2 0.328411
15.6 9.6 0.216724
15.6 10 0.0832679
15.6 10.4 -0.0240021
15.6 10.8 -0.0860251
15.6 11.2 -0.113787
15.6 11.6 -0.0159097
15.6 12 0
15.6 12.4 0
15.6 12.8 0
15.6 13.2 0
15.6 13.6 0
15.6 14 -0.0586598
15.6 14.4 -0.432756
15.6 14.8 -0.332697
15.6 15.2 -0.197067
15.6 15.6 -0.0684068
15.6 16 0.0169586
15.6 16.4 0.0574212
15.6 16.8 0.0817575
15.6 17.2 0.114053
15.6 17.6 0.137399
15.6 18 0.0937839
15.6 18.4 -0.070134
15.6 18.8 -0.338606
15.6 19.2 -0.593955
15.6 19.6 -0.080752
15.6 20 0
15.6 20.4 0
15.6 20.8 0
15.6 21.2 0
15.6 21.6 0
15.6 22 -0.00138743
15.6 22.4 -0.00953521
15.6 22.8 -0.0155842
15.6 23.2 -0.00125586
15.6 23.6 0.047507
15.6 24 0.119627
15.6 24.4 0.185214
15.6 24.8 0.215183
15.6 25.2 0.201115
15.6 25.6 0.16254
15.6 26 0.135486
15.6 26.4 0.0186014
15.6 26.8 0

16 0 0
16 0.4 0.021576
16 0.8 0.156167
16 1.2 0.0869753
16 1.6 0.00252488
16 2 -0.0539696
16 2.4 -0.0602827
16 2.8 -0.0278213
16 3.2 0.00801574
16 3.6 0.0180762
16 4 0
16 4.4 0
16 4.8 0
16 5.2 0
16 5.6 0
16 6 -0.0306851
16 6.4 -0.144446
16 6.8 -0.144751
16 7.2 -0.103478
16 7.6 0.0137046
16 8 0.190562
16 8.4 0.365262
16 8.8 0.464578
16 9.2 0.445249
16 9.6 0.316977
16 10 0.134748
16 10.4 -0.0327613
16 10.8 -0.138403
16 11.2 -0.178446
16 11.6 -0.0179259
16 12 0
16 12.4 0
16 12.8 0
16 13.2 0
16 13.6 0
16 14 -0.0810576
16 14.4 -0.549232
16 14.8 -0.46788
16 15.2 -0.323642
16 15.6 -0.135157
16 16 0.0676101
16 16.4 0.259788
16 16.8 0.417197
16 17.2 0.504463
16 17.6 0.476401
16 18 0.303459
16 18.4 0.00962425
16 18.8 -0.309742
16 19.2 -0.523628
16 19.6 -0.064892
16 20 0
16 20.4 0
16 20.8 0
16 21.2 0
16 21.6 0
16 22 -0.0329181
16 22.4 -0.113575
16 22.8 -0.108849
16 23.2 -0.0831642
16 23.6 -0.020721
16 24 0.0663937
16 24.4 0.144184
16 24.8 0.178706
16 25.2 0.159894
16 25.6 0.110269
16 26 0.0719705
16 26.4 0.00992928
16 26.8 0

16.4 0 0
16.4 0.4 0.035441
16.4 0.8 0.256499
16.4 1.2 0.183815
16.4 1.6 0.0985129
16.4 2 0.0376181
16.4 2.4 0.0206052
16.4 2.8 0.0401686
16.4 3.2 0.075494
16.4 3.6 0.12585
16.4 4 0.0287871
16.4 4.4 0
16.4 4.8 0
16.4 5.2 0
16.4 5.6 0.00895256
16.4 6 -0.0826505
16.4 6.4 -0.11864
16.4 6.8 -0.140838
16.4 7.2 -0.121374
16.4 7.6 -0.0342902
16.4 8 0.112133
16.4 8.4 0.269356
16.4 8.8 0.371227
16.4 9.2 0.370369
16.4 9.6 0.265972
16.4 10 0.105593
16.4 10.4 -0.039251
16.4 10.8 -0.108872
16.4 11.2 -0.078917
16.4 11.6 0.0483271
16.4 12 0.0557722
16.4 12.4 0
16.4 12.8 0
16.4 13.2 0
16.4 13.6 0.0518023
16.4 14 -0.0516914
16.4 14.4 -0.253163
16.4 14.8 -0.293169
16.4 15.2 -0.22749
16.4 15.6 -0.0833815
16.4 16 0.116867
16.4 16.4 0.342181
16.4 16.8 0.541164
16.4 17.2 0.645947
16.4 17.6 0.598573
16.4 18 0.391783
16.4 18.4 0.0964419
16.4 18.8 -0.150651
16.4 19.2 -0.202816
16.4 19.6 0.0374275
16.4 20 0.0795821
16.4 20.4 0
16.4 20.8 0
16.4 21.2 0
16.4 21.6 -0.0279004
16.4 22 -0.124299
16.4 22.4 -0.126213
16.4 22.8 -0.135963
16.4 23.2 -0.127144
16.4 23.6 -0.0826105
16.4 24 -0.00996994
16.4 24.4 0.0598183
16.4 24.8 0.0927361
16.4 25.2 0.0757095
16.4 25.6 0.0273325
16.4 26 -0.0136831
16.4 26.4 -0.00179864
16.4 26.8 0

16.8 0 0
16.8 0.4 0.0266629
16.8 0.8 0.193003
16.8 1.2 0.146355
16.8 1.6 0.0968824
16.8 2 0.0698815
16.8 2.4 0.0752775
16.8 2.8 0.10086
16.8 3.2 0.122196
16.8 3.6 0.120986
16.8 4 0.0855803
16.8 4.4 -0.00810877
16.8 4.8 -0.0243996
16.8 5.2 0.0108091
16.8 5.6 0.14562
16.8 6 0.0630444
16.8 6.4 0.00735048
16.8 6.8 -0.0470259
16.8 7.2 -0.0852987
16.8 7.6 -0.0816376
16.8 8 -0.0271337
16.8 8.4 0.0566951
16.8 8.8 0.126332
16.8 9.2 0.141836
16.8 9.6 0.0928362
16.8 10 0.00849045
16.8 10.4 -0.0573171
16.8 10.8 -0.0561097
16.8 11.2 0.0286515
16.8 11.6 0.177906
16.8 12 0.354828
16.8 12.4 0.0498034
16.8 12.8 -0.00995291
16.8 13.2 0.0645757
16.8 13.6 0.435544
16.8 14 0.246273
16.8 14.4 0.101422
16.8 14.8 0.0123612
16.8 15.2 -0.0269993
16.8 15.6 -0.00988501
16.8 16 0.0740386
16.8 16.4 0.21406
16.8 16.8 0.362097
16.8 17.2 0.443661
16.8 17.6 0.399287
16.8 18 0.231401
16.8 18.4 0.022755
16.8 18.8 -0.0976467
16.8 19.2 -0.0282034
16.8 19.6 0.232148
16.8 20 0.545498
16.8 20.4 0.100799
16.8 20.8 9.39275e-05
16.8 21.2 -0.0244555
16.8 21.6 -0.077451
16.8 22 -0.0714878
16.8 22.4 -0.0729051
16.8 22.8 -0.0903594
16.8 23.2 -0.104107
16.8 23.6 -0.092141
16.8 24 -0.0518793
16.8 24.4 -0.00445998
16.8 24.8 0.0205811
16.8 25.2 0.00795915
16.8 25.6 -0.0312087
16.8 26 -0.0672454
16.8 26.4 -0.00917051
16.8 26.8 0

17.2 0 0
17.2 0.4 -0.00187981
17.2 0.8 -0.0135334
17.2 1.2 -0.0150397
17.2 1.6 -0.00722519
17.2 2 0.0223148
17.2 2.4 0.072176
17.2 2.8 0.122388
17.2 3.2 0.14264
17.2 3.6 0.107771
17.2 4 0.00823069
17.2 4.4 -0.146914
17.2 4.8 -0.17979
17.2 5.2 -0.0675849
17.2 5.6 0.101433
17.2 6 0.155722
17.2 6.4 0.144288
17.2 6.8 0.0801852
17.2 7.2 -0.0149749
17.2 7.6 -0.107496
17.2 8 -0.165958
17.2 8.4 -0.178007
17.2 8.8 -0.156212
17.2 9.2 -0.127253
17.2 9.6 -0.110877
17.2 10 -0.103835
17.2 10.4 -0.0820977
17.2 10.8 -0.0218751
17.2 11.2 0.074622
17.2 11.6 0.166547
17.2 12 0.179142
17.2 12.4 0.00151028
17.2 12.8 -0.0738911
17.2 13.2 0.0469004
17.2 13.6 0.298185
17.2 14 0.372305
17.2 14.4 0.352246
17.2 14.8 0.264394
17.2 15.2 0.132067
17.2 15.6 0.000550367
17.2 16 -0.0776834
17.2 16.4 -0.0777285
17.2 16.8 -0.0265016
17.2 17.2 0.0108875
17.2 17.6 -0.0218101
17.2 18 -0.121883
17.2 18.4 -0.216726
17.2 18.8 -0.207871
17.2 19.2 -0.0486949
17.2 19.6 0.196346
17.2 20 0.351695
17.2 20.4 0.199464
17.2 20.8 0.000420791
17.2 21.2 -0.102826
17.2 21.6 -0.0746079
17.2 22 -0.0224145
17.2 22.4 0.00681013
17.2 22.8 -0.00105578
17.2 23.2 -0.0276287
17.2 23.6 -0.044505
17.2 24 -0.0371943
17.2 24.4 -0.0147127
17.2 24.8 0.000733912
17.2 25.2 -0.00664499
17.2 25.6 -0.0330037
17.2 26 -0.058663
17.2 26.4 -0.00805409
17.2 26.8 0

17.6 0 0
17.6 0.4 -0.0312329
17.6 0.8 -0.225943
17.6 1.2 -0.189712
17.6 1.6 -0.136603
17.6 2 -0.0620302
17.6 2.4 0.0264583
17.6 2.8 0.105601
17.6 3.2 0.143034
17.6 3.6 0.111461
17.6 4 0.00485995
17.6 4.4 -0.136857
17.6 4.8 -0.170579
17.6 5.2 -0.0621242
17.6 5.6 0.109218
17.6 6 0.212808
17.6 6.4 0.234552
17.6 6.8 0.176683
17.6 7.2 0.0531615
17.6 7.6 -0.102866
17.6 8 -0.244603
17.6 8.4 -0.33095
17.6 8.8 -0.346112
17.6 9.2 -0.304121
17.6 9.6 -0.234441
17.6 10 -0.159791
17.6 10.4 -0.0848587
17.6 10.8 -0.00522812
17.6 11.2 0.0707242
17.6 11.6 0.108171
17.6 12 0.0590424
17.6 12.4 -0.0851815
17.6 12.8 -0.151198
17.6 13.2 -0.0371121
17.6 13.6 0.199266
17.6 14 0.373914
17.6 14.4 0.432822
17.6 14.8 0.358694
17.6 15.2 0.172877
17.6 15.6 -0.0592287
17.6 16 -0.254426
17.6 16.4 -0.359288
17.6 16.8 -0.381069
17.6 17.2 -0.375833
17.6 17.6 -0.397254
17.6 18 -0.446104
17.6 18.4 -0.461656
17.6 18.8 -0.370232
17.6 19.2 -0.15733
17.6 19.6 0.0911208
17.6 20 0.222805
17.6 20.4 0.132724
17.6 20.8 -0.0300035
17.6 21.2 -0.108078
17.6 21.6 -0.0569154
17.6 22 0.0281103
17.6 22.4 0.0824514
17.6 22.8 0.0863676
17.6 23.2 0.0565335
17.6 23.6 0.0243204
17.6 24 0.0115396
17.6 24.4 0.0182313
17.6 24.8 0.028597
17.6 25.2 0.0277306
17.6 25.6 0.0146491
17.6 26 0.00151339
17.6 26.4 0.000151266
17.6 26.8 0

18 0 0
18 0.4 -0.0390491
18 0.8 -0.282457
18 1.2 -0.242167
18 1.6 -0.187327
18 2 -0.112118
18 2.4 -0.0203949
18 2.8 0.0699549
18 3.2 0.130834
18 3.6 0.132964
18 4 0.0521738
18 4.4 -0.124572
18 4.8 -0.171507
18 5.2 -0.0616004
18 5.6 0.125749
18 6 0.214914
18 6.4 0.238072
18 6.8 0.196562
18 7.2 0.0870785
18 7.6 -0.0716867
18 8 -0.232767
18 8.4 -0.340583
18 8.8 -0.361836
18 9.2 -0.303702
18 9.6 -0.205301
18 10 -0.109441
18 10.4 -0.0378852
18 10.8 0.0107459
18 11.2 0.0413014
18 11.6 0.0413031
18 12 -0.0179624
18 12.4 -0.167186
18 12.8 -0.237774
18 13.2 -0.12682
18 13.6 0.10813
18 14 0.281514
18 14.4 0.352074
18 14.8 0.290254
18 15.2 0.107401
18 15.6 -0.130157
18 16 -0.332361
18 16.4 -0.439181
18 16.8 -0.456969
18 17.2 -0.444741
18 17.6 -0.459908
18 18 -0.50457
18 18.4 -0.519187
18 18.8 -0.432089
18 19.2 -0.229979
18 19.6 0.0105929
18 20 0.159261
18 20.4 0.089341
18 20.8 -0.0565338
18 21.2 -0.112378
18 21.6 -0.0181154
18 22 0.0755116
18 22.4 0.126033
18 22.8 0.127456
18 23.2 0.0972058
18 23.6 0.0641849
18 24 0.0498055
18 24.4 0.0562369
18 24.8 0.0704695
18 25.2 0.0784979
18 25.6 0.0774374
18 26 0.0757885
18 26.4 0.0103554
18 26.8 0

18.4 0 0
18.4 0.4 -0.0160597
18.4 0.8 -0.11599
18.4 1.2 -0.113185
18.4 1.6 -0.108603
18.4 2 -0.0866565
18.4 2.4 -0.0386619
18.4 2.8 0.0309019
18.4 3.2 0.106079
18.4 3.6 0.166667
18.4 4 0.179881
18.4 4.4 0.00785606
18.4 4.8 -0.0233656
18.4 5.2 0.0169978
18.4 5.6 0.192319
18.4 6 0.166462
18.4 6.4 0.15181
18.4 6.8 0.132625
18.4 7.2 0.075674
18.4 7.6 -0.0271833
18.4 8 -0.143141
18.4 8.4 -0.217152
18.4 8.8 -0.21099
18.4 9.2 -0.132125
18.4 9.6 -0.0289695
18.4 10 0.0434203
18.4 10.4 0.0599582
18.4 10.8 0.0358285
18.4 11.2 0.00484511
18.4 11.6 -0.0116858
18.4 12 -0.00474374
18.4 12.4 -0.0231014
18.4 12.8 -0.0323517
18.4 13.2 -0.00250593
18.4 13.6 0.114467
18.4 14 0.167684
18.4 14.4 0.179529
18.4 14.8 0.124184
18.4 15.2 -0.00345925
18.4 15.6 -0.152476
18.4 16 -0.247221
18.4 16.4 -0.245578
18.4 16.8 -0.17438
18.4 17.2 -0.112049
18.4 17.6 -0.126764
18.4 18 -0.219438
18.4 18.4 -0.317411
18.4 18.8 -0.329284
18.4 19.2 -0.217044
18.4 19.6 -0.0246852
18.4 20 0.184959
18.4 20.4 0.0376092
18.4 20.8 -0.00747084
18.4 21.2 -0.00614784
18.4 21.6 0.0649963
18.4 22 0.117368
18.4 22.4 0.121146
18.4 22.8 0.100524
18.4 23.2 0.0690101
18.4 23.6 0.0464937
18.4 24 0.0467707
18.4 24.4 0.0677047
18.4 24.8 0.0948216
18.4 25.2 0.114242
18.4 25.6 0.123252
18.4 26 0.130122
18.4 26.4 0.0179068
18.4 26.8 0

18.8 0 0
18.8 0.4 0.026004
18.8 0.8 0.188548
18.8 1.2 0.130231
18.8 1.6 0.0556291
18.8 2 -0.00641941
18.8 2.4 -0.0321739
18.8 2.8 -0.0123369
18.8 3.2 0.0497262
18.8 3.6 0.161616
18.8 4 0.0467082
18.8 4.4 0
18.8 4.8 0
18.8 5.2 0
18.8 5.6 0.0329794
18.8 6 0.0582418
18.8 6.4 0.00413923
18.8 6.8 0.0188009
18.8 7.2 0.0339011
18.8 7.6 0.0144849
18.8 8 -0.0248173
18.8 8.4 -0.0366789
18.8 8.8 0.0144898
18.8 9.2 0.116457
18.8 9.6 0.211931
18.8 10 0.239115
18.8 10.4 0.177986
18.8 10.8 0.0654343
18.8 11.2 -0.0334638
18.8 11.6 -0.0814763
18.8 12 -0.0122631
18.8 12.4 0
18.8 12.8 0
18.8 13.2 0
18.8 13.6 0.0255013
18.8 14 0.0706859
18.8 14.4 -0.0147003
18.8 14.8 -0.0594641
18.8 15.2 -0.105716
18.8 15.6 -0.121416
18.8 16 -0.0532652
18.8 16.4 0.112418
18.8 16.8 0.316099
18.8 17.2 0.450738
18.8 17.6 0.432046
18.8 18 0.262216
18.8 18.4 0.03407
18.8 18.8 -0.130929
18.8 19.2 -0.167652
18.8 19.6 -0.115008
18.8 20 0.0102446
18.8 20.4 0
18.8 20.8 0
18.8 21.2 0
18.8 21.6 0.0278859
18.8 22 0.141573
18.8 22.4 0.0635984
18.8 22.8 0.0190741
18.8 23.2 -0.00969622
18.8 23.6 -0.0149917
18.8 24 0.00815425
18.8 24.4 0.0510232
18.8 24.8 0.0955578
18.8 25.2 0.127103
18.8 25.6 0.14407
18.8 26 0.15636
18.8 26.4 0.0216518
18.8 26.8 0

19.2 0 0
19.2 0.4 0.0615087
19.2 0.8 0.445606
19.2 1.2 0.33642
19.2 1.6 0.196384
19.2 2 0.0648325
19.2 2.4 -0.0244178
19.2 2.8 -0.058149
19.2 3.2 -0.0528241
19.2 3.6 0.0147149
19.2 4 0
19.2 4.4 0
19.2 4.8 0
19.2 5.2 0
19.2 5.6 0
19.2 6 -0.012622
19.2 6.4 -0.146681
19.2 6.8 -0.0801602
19.2 7.2 -0.00413625
19.2 7.6 0.0408895
19.2 8 0.0605408
19.2 8.4 0.0979302
19.2 8.8 0.186563
19.2 9.2 0.309209
19.2 9.6 0.400321
19.2 10 0.392569
19.2 10.4 0.271219
19.2 10.8 0.0933595
19.2 11.2 -0.0425036
19.2 11.6 -0.0176038
19.2 12 0
19.2 12.4 0
19.2 12.8 0
19.2 13.2 0
19.2 13.6 0
19.2 14 -0.0159609
19.2 14.4 -0.201998
19.2 14.8 -0.197707
19.2 15.2 -0.173948
19.2 15.6 -0.0863016
19.2 16 0.110277
19.2 16.4 0.409076
19.2 16.8 0.723076
19.2 17.2 0.918308
19.2 17.6 0.894864
19.2 18 0.657376
19.2 18.4 0.318645
19.2 18.8 0.0289598
19.2 19.2 -0.117721
19.2 19.6 -0.0307982
19.2 20 0
19.2 20.4 0
19.2 20.8 0
19.2 21.2 0
19.2 21.6 0
19.2 22 0.0126865
19.2 22.4 -0.0461107
19.2 22.8 -0.0682546
19.2 23.2 -0.0838823
19.2 23.6 -0.0728168
19.2 24 -0.0303432
19.2 24.4 0.031215
19.2 24.8 0.0906353
19.2 25.2 0.132076
19.2 25.6 0.154771
19.2 26 0.170456
19.2 26.4 0.0237064
19.2 26.8 0

19.6 0 0
19.6 0.4 0
19.6 0.8 0.0615087
19.6 1.2 0.0464495
19.6 1.6 0.0271329
19.6 2 0.0089752
19.6 2.4 -0.00335938
19.6 2.8 -0.00803765
19.6 3.2 -0.00731992
19.6 3.6 0
19.6 4 0
19.6 4.4 0
19.6 4.8 0
19.6 5.2 0
19.6 5.6 0
19.6 6 0
19.6 6.4 -0.0202519
19.6 6.8 -0.0110117
19.6 7.2 -0.000478777
19.6 7.6 0.00572296
19.6 8 0.00838558
19.6 8.4 0.0135046
19.6 8.8 0.0257439
19.6 9.2 0.0427242
19.6 9.6 0.0553606
19.6 10 0.0543132
19.6 10.4 0.0375249
19.6 10.8 0.0128941
19.6 11.2 -0.00593097
19.6 11.6 0
19.6 12 0
19.6 12.4 0
19.6 12.8 0
19.6 13.2 0
19.6 13.6 0
19.6 14 0
19.6 14.4 -0.0274723
19.6 14.8 -0.0270776
19.6 15.2 -0.0240552
19.6 15.6 -0.012156
19.6 16 0.0149239
19.6 16.4 0.0562291
19.6 16.8 0.0996749
19.6 17.2 0.126678
19.6 17.6 0.123442
19.6 18 0.0906438
19.6 18.4 0.0439247
19.6 18.8 0.00403298
19.6 19.2 -0.016113
19.6 19.6 0
19.6 20 0
19.6 20.4 0
19.6 20.8 0
19.6 21.2 0
19.6 21.6 0
19.6 22 0
19.6 22.4 -0.00637659
19.6 22.8 -0.00938706
19.6 23.2 -0.0115044
19.6 23.6 -0.00997829
19.6 24 -0.00416152
19.6 24.4 0.00428242
19.6 24.8 0.0124715
19.6 25.2 0.0182417
19.6 25.6 0.0214641
19.6 26 0.0237064
19.6 26.4 0
19.6 26.8 0

20 0 0
20 0.4 0
20 0.8 0
20 1.2 0
20 1.6 0
20 2 0
20 2.4 0
20 2.8 0
20 3.2 0
20 3.6 0
20 4 0
20 4.4 0
20 4.8 0
20 5.2 0
20 5.6 0
20 6 0
20 6.4 0
20 6.8 0
20 7.2 0
20 7.6 0
20 8 0
20 8.4 0
20 8.8 0
20 9.2 0
20 9.6 0
20 10 0
20 10.4 0
20 10.8 0
20 11.2 0
20 11.6 0
20 12 0
20 12.4 0
20 12.8 0
20 13.2 0
20 13.6 0
20 14 0
20 14.4 0
20 14.8 0
20 15.2 0
20 15.6 0
20 16 0
20 16.4 0
20 16.8 0
20 17.2 0
20 17.6 0
20 18 0
20 18.4 0
20 18.8 0
20 19.2 0
20 19.6 0
20 20 0
20 20.4 0
20 20.8 0
20 21.2 0
20 21.6 0
20 22 0
20 22.4 0
20 22.8 0
20 23.2 0
20 23.6 0
20 24 0
20 24.4 0
20 24.8 0
20 25.2 0
20 25.6 0
20 26 0
20 26.4 0
20 26.8 0

