0 0 0
0 0.4 0
0 0.8 0
0 1.2 0
0 1.6 0
0 2 0
0 2.4 0
0 2.8 0
0 3.2 0
0 3.6 0
0 4 0
0 4.4 0
0 4.8 0
0 5.2 0
0 5.6 0
0 6 0
0 6.4 0
0 6.8 0
0 7.2 0
0 7.6 0
0 8 0
0 8.4 0
0 8.8 0
0 9.2 0
0 9.6 0
0 10 0
0 10.4 0
0 10.8 0
0 11.2 0
0 11.6 0
0 12 0
0 12.4 0
0 12.8 0
0 13.2 0
0 13.6 0
0 14 0
0 14.4 0
0 14.8 0
0 15.2 0
0 15.6 0
0 16 0
0 16.4 0
0 16.8 0
0 17.2 0
0 17.6 0
0 18 0
0 18.4 0
0 18.8 0
0 19.2 0
0 19.6 0
0 20 0
0 20.4 0
0 20.8 0
0 21.2 0
0 21.6 0
0 22 0
0 22.4 0
0 22.8 0
0 23.2 0
0 23.6 0
0 24 0
0 24.4 0
0 24.8 0
0 25.2 0
0 25.6 0
0 26 0
0 26.4 0
0 26.8 0

0.4 0 0
0.4 0.4 0
0.4 0.8 -0.00760998
0.4 1.2 -0.00226374
0.4 1.6 0.00461476
0.4 2 0.00921082
0.4 2.4 0.00895585
0.4 2.8 0.00394274
0.4 3.2 -0.00313851
0.4 3.6 -0.00850262
0.4 4 -0.00934209
0.4 4.4 -0.00528699
0.4 4.8 0.00152556
0.4 5.2 0.0076715
0.4 5.6 0.0104077
0.4 6 0.00890866
0.4 6.4 0.00391808
0.4 6.8 -0.00283348
0.4 7.2 -0.00920677
0.4 7.6 -0.0133351
0.4 8 -0.0142785
0.4 8.4 -0.0123388
0.4 8.8 -0.00881762
0.4 9.2 -0.00531441
0.4 9.6 -0.00295618
0.4 10 -0.00200203
0.4 10.4 -0.00201287
0.4 10.8 -0.00239667
0.4 11.2 -0.00289723
0.4 11.6 -0.00366179
0.4 12 -0.00484913
0.4 12.4 -0.00610386
0.4 12.8 -0.00640386
0.4 13.2 -0.00464388
0.4 13.6 -0.000473277
0.4 14 0.00522433
0.4 14.4 0.0106286
0.4 14.8 0.0138972
0.4 15.2 0.0142806
0.4 15.6 0.0126004
0.4 16 0.0106702
0.4 16.4 0.00999423
0.4 16.8 0.0106253
0.4 17.2 0.011015
0.4 17.6 0.00905483
0.4 18 0.00368498
0.4 18.4 -0.0040027
0.4 18.8 -0.0109862
0.4 19.2 -0.013844
0.4 19.6 -0.0107115
0.4 20 -0.00248594
0.4 20.4 0.00738394
0.4 20.8 0.0143115
0.4 21.2 0.0147571
0.4 21.6 0.00822702
0.4 22 -0.00239669
0.4 22.4 -0.012393
0.4 22.8 -0.0174788
0.4 23.2 -0.0158135
0.4 23.6 -0.00874042
0.4 24 6.49218e-05
0.4 24.4 0.00652177
0.4 24.8 0.00811648
0.4 25.2 0.00495428
0.4 25.6 -0.000537319
0.4 26 -0.00499797
0.4 26.4 0
0.4 26.8 0

0.8 0 0
0.8 0.4 -0.00760998
0.8 0.8 -0.0598599
0.8 1.2 -0.0176618
0.8 1.6 0.0362772
0.8 2 0.0717214
0.8 2.4 0.0686873
0.8 2.8 0.028542
0.8 3.2 -0.0269376
0.8 3.6 -0.0678802
0.8 4 -0.0727685
0.8 4.4 -0.0395555
0.8 4.8 0.0143725
0.8 5.2 0.0620931
0.8 5.6 0.0825183
0.8 6 0.0696965
0.8 6.4 0.0296855
0.8 6.8 -0.0239149
0.8 7.2 -0.0742154
0.8 7.6 -0.106282
0.8 8 -0.112486
0.8 8.4 -0.0953199
0.8 8.8 -0.0656279
0.8 9.2 -0.0368182
0.8 9.6 -0.0182795
0.8 10 -0.011873
0.8 10.4 -0.0133325
0.8 10.8 -0.0170782
0.8 11.2 -0.0206777
0.8 11.6 -0.0256271
0.8 12 -0.033953
0.8 12.4 -0.0434341
0.8 12.8 -0.0459557
0.8 13.2 -0.0323178
0.8 13.6 0.000592094
0.8 14 0.0455813
0.8 14.4 0.0875994
0.8 14.8 0.111696
0.8 15.2 0.112404
0.8 15.6 0.0973697
0.8 16 0.0819805
0.8 16.4 0.0782595
0.8 16.8 0.0856625
0.8 17.2 0.0905316
0.8 17.6 0.0752975
0.8 18 0.0317585
0.8 18.4 -0.0304826
0.8 18.8 -0.0866468
0.8 19.2 -0.10961
0.8 19.6 -0.0853238
0.8 20 -0.0215258
0.8 20.4 0.0548005
0.8 20.8 0.108638
0.8 21.2 0.113103
0.8 21.6 0.0641886
0.8 22 -0.0167485
0.8 22.4 -0.0941653
0.8 22.8 -0.135095
0.8 23.2 -0.124443
0.8 23.6 -0.0712938
0.8 24 -0.0032319
0.8 24.4 0.0480502
0.8 24.8 0.0622239
0.8 25.2 0.039178
0.8 25.6 -0.00266185
0.8 26 -0.0370337
0.8 26.4 -0.00499797
0.8 26.8 0

1.2 0 0
1.2 0.4 -0.00506702
1.2 0.8 -0.0398317
1.2 1.2 -0.00962369
1.2 1.6 0.0289085
1.2 2 0.0536619
1.2 2.4 0.0503728
1.2 2.8 0.0206868
1.2 3.2 -0.0190342
1.2 3.6 -0.0473674
1.2 4 -0.050058
1.2 4.4 -0.0273465
1.2 4.8 0.00774257
1.2 5.2 0.0356184
1.2 5.6 0.0440117
1.2 6 0.0354233
1.2 6.4 0.0151769
1.2 6.8 -0.0105512
1.2 7.2 -0.0337392
1.2 7.6 -0.0461416
1.2 8 -0.0431664
1.2 8.4 -0.02692
1.2 8.8 -0.00561758
1.2 9.2 0.0108685
1.2 9.6 0.0166149
1.2 10 0.0126485
1.2 10.4 0.00529715
1.2 10.8 0.00111964
1.2 11.2 0.00207753
1.2 11.6 0.00443031
1.2 12 0.00223771
1.2 12.4 -0.00668971
1.2 12.8 -0.0165779
1.2 13.2 -0.0186553
1.2 13.6 -0.00809017
1.2 14 0.0113566
1.2 14.4 0.0291968
1.2 14.8 0.0341891
1.2 15.2 0.0232685
1.2 15.6 0.00481846
1.2 16 -0.00658703
1.2 16.4 -0.000434822
1.2 16.8 0.0216173
1.2 17.2 0.0456572
1.2 17.6 0.0540225
1.2 18 0.0370397
1.2 18.4 0.000173265
1.2 18.8 -0.0384232
1.2 19.2 -0.0585755
1.2 19.6 -0.0499065
1.2 20 -0.0168748
1.2 20.4 0.025271
1.2 20.8 0.0561005
1.2 21.2 0.0578343
1.2 21.6 0.0274486
1.2 22 -0.0214513
1.2 22.4 -0.0673398
1.2 22.8 -0.0895375
1.2 23.2 -0.0782638
1.2 23.6 -0.0397051
1.2 24 0.00709922
1.2 24.4 0.0399658
1.2 24.8 0.0447205
1.2 25.2 0.0219806
1.2 25.6 -0.0138187
1.2 26 -0.0424103
1.2 26.4 -0.00552089
1.2 26.8 0

1.6 0 0
1.6 0.4 -0.00177373
1.6 0.8 -0.0141306
1.6 1.2 -0.000355757
1.6 1.6 0.017263
1.6 2 0.0277945
1.6 2.4 0.0246339
1.6 2.8 0.00953227
1.6 3.2 -0.00868073
1.6 3.6 -0.0199549
1.6 4 -0.0197408
1.6 4.4 -0.0116257
1.6 4.8 -0.00105183
1.6 5.2 -0.000223726
1.6 5.6 -0.0115192
1.6 6 -0.0141644
1.6 6.4 -0.00568671
1.6 6.8 0.007129
1.6 7.2 0.019389
1.6 7.6 0.030818
1.6 8 0.0429322
1.6 8.4 0.0550666
1.6 8.8 0.0631094
1.6 9.2 0.0621269
1.6 9.6 0.0507495
1.6 10 0.0336207
1.6 10.4 0.0195545
1.6 10.8 0.0162662
1.6 11.2 0.0251565
1.6 11.6 0.0396539
1.6 12 0.0482669
1.6 12.4 0.0415315
1.6 12.8 0.0233624
1.6 13.2 0.00230457
1.6 13.6 -0.014325
1.6 14 -0.0262075
1.6 14.4 -0.0371346
1.6 14.8 -0.0545271
1.6 15.2 -0.0791681
1.6 15.6 -0.102161
1.6 16 -0.110049
1.6 16.4 -0.0939134
1.6 16.8 -0.0561421
1.6 17.2 -0.0102002
1.6 17.6 0.0266533
1.6 18 0.0430103
1.6 18.4 0.0389704
1.6 18.8 0.0241065
1.6 19.2 0.00938724
1.6 19.6 -0.000633933
1.6 20 -0.00795371
1.6 20.4 -0.0109334
1.6 20.8 -0.00892631
1.6 21.2 -0.0101773
1.6 21.6 -0.0165136
1.6 22 -0.0230062
1.6 22.4 -0.0279076
1.6 22.8 -0.0263947
1.6 23.2 -0.0152023
1.6 23.6 0.00344581
1.6 24 0.0217091
1.6 24.4 0.0299201
1.6 24.8 0.022118
1.6 25.2 -7.91415e-06
1.6 25.6 -0.0273105
1.6 26 -0.0476386
1.6 26.4 -0.00594482
1.6 26.8 0

2 0 0
2 0.4 0.00116181
2 0.8 0.00844024
2 1.2 0.00524627
2 1.6 0.00125652
2 2 -0.00287008
2 2.4 -0.00589496
2 2.8 -0.00605056
2 3.2 -0.00211484
2 3.6 0.00491886
2 4 0.0102637
2 4.4 0.00400726
2 4.8 -0.00365908
2 5.2 -0.0260802
2 5.6 -0.0680461
2 6 -0.064485
2 6.4 -0.0265528
2 6.8 0.0199959
2 7.2 0.0585367
2 7.6 0.0836365
2 8 0.096767
2 8.4 0.100429
2 8.8 0.0948649
2 9.2 0.0791688
2 9.6 0.0550035
2 10 0.029066
2 10.4 0.0115283
2 10.8 0.0109461
2 11.2 0.0289443
2 11.6 0.0579838
2 12 0.0823777
2 12.4 0.0805896
2 12.8 0.0605495
2 13.2 0.030007
2 13.6 -0.0013011
2 14 -0.0332006
2 14.4 -0.0600593
2 14.8 -0.0896404
2 15.2 -0.121993
2 15.6 -0.148142
2 16 -0.155928
2 16.4 -0.137894
2 16.8 -0.0964358
2 17.2 -0.0431419
2 17.6 0.00712269
2 18 0.043524
2 18.4 0.0632006
2 18.8 0.0693186
2 19.2 0.0646633
2 19.6 0.0455112
2 20 0.00351918
2 20.4 -0.0401573
2 20.8 -0.0579397
2 21.2 -0.0587723
2 21.6 -0.0427051
2 22 -0.00768758
2 22.4 0.0222121
2 22.8 0.0392155
2 23.2 0.0431524
2 23.6 0.037691
2 24 0.0269389
2 24.4 0.0134089
2 24.8 -0.00176439
2 25.2 -0.0172637
2 25.6 -0.0305884
2 26 -0.038756
2 26.4 -0.00457443
2 26.8 0

2.4 0 0
2.4 0.4 0.00309318
2.4 0.8 0.0229199
2.4 1.2 0.00604968
2.4 1.6 -0.0154171
2.4 2 -0.0314922
2.4 2.4 -0.0347804
2.4 2.8 -0.023742
2.4 3.2 -0.00316739
2.4 3.6 0.0185562
2.4 4 0.0337333
2.4 4.4 0.00320764
2.4 4.8 0.000462716
2.4 5.2 -0.00946928
2.4 5.6 -0.120336
2.4 6 -0.101418
2.4 6.4 -0.0360818
2.4 6.8 0.02642
2.4 7.2 0.0681946
2.4 7.6 0.0871504
2.4 8 0.0894841
2.4 8.4 0.0821091
2.4 8.8 0.0681463
2.4 9.2 0.0476572
2.4 9.6 0.0218077
2.4 10 -0.0037933
2.4 10.4 -0.0198271
2.4 10.8 -0.0177767
2.4 11.2 0.00532726
2.4 11.6 0.045588
2.4 12 0.092161
2.4 12.4 0.0136003
2.4 12.8 0.00585672
2.4 13.2 0.00916042
2.4 13.6 0.0333891
2.4 14 -0.00182221
2.4 14.4 -0.0201113
2.4 14.8 -0.0444468
2.4 15.2 -0.0745661
2.4 15.6 -0.100829
2.4 16 -0.112244
2.4 16.4 -0.102801
2.4 16.8 -0.074517
2.4 17.2 -0.0360013
2.4 17.6 0.00234534
2.4 18 0.0334904
2.4 18.4 0.0560958
2.4 18.8 0.072524
2.4 19.2 0.08328
2.4 19.6 0.0783128
2.4 20 0.0149458
2.4 20.4 -0.00566559
2.4 20.8 -0.00524566
2.4 21.2 -0.00881354
2.4 21.6 -0.0412406
2.4 22 0.0302804
2.4 22.4 0.074852
2.4 22.8 0.0893221
2.4 23.2 0.0760299
2.4 23.6 0.0458203
2.4 24 0.0128976
2.4 24.4 -0.0117443
2.4 24.8 -0.0237119
2.4 25.2 -0.0245337
2.4 25.6 -0.0189023
2.4 26 -0.0121921
2.4 26.4 -0.00102716
2.4 26.8 0

2.8 0 0
2.8 0.4 0.00403747
2.8 0.8 0.0297687
2.8 1.2 0.00532102
2.8 1.6 -0.0257768
2.8 2 -0.0484751
2.8 2.4 -0.0523526
2.8 2.8 -0.0367648
2.8 3.2 -0.0108441
2.8 3.6 0.0127151
2.8 4 0.00321032
2.8 4.4 0
2.8 4.8 0
2.8 5.2 0
2.8 5.6 -0.0173757
2.8 6 -0.110123
2.8 6.4 -0.0163582
2.8 6.8 0.0340973
2.8 7.2 0.050848
2.8 7.6 0.0441644
2.8 8 0.0276919
2.8 8.4 0.0118005
2.8 8.8 -0.000711451
2.8 9.2 -0.0128465
2.8 9.6 -0.027698
2.8 10 -0.0437042
2.8 10.4 -0.0545248
2.8 10.8 -0.0532204
2.8 11.2 -0.0363715
2.8 11.6 -0.00100807
2.8 12 0.00639207
2.8 12.4 0
2.8 12.8 0
2.8 13.2 0
2.8 13.6 0.00823052
2.8 14 0.0360442
2.8 14.4 0.0585595
2.8 14.8 0.0516698
2.8 15.2 0.0299793
2.8 15.6 0.00635985
2.8 16 -0.00934751
2.8 16.4 -0.0131577
2.8 16.8 -0.00734869
2.8 17.2 0.00207744
2.8 17.6 0.00949441
2.8 18 0.0131855
2.8 18.4 0.0165808
2.8 18.8 0.0268318
2.8 19.2 0.0527284
2.8 19.6 0.108542
2.8 20 0.0070009
2.8 20.4 0
2.8 20.8 0
2.8 21.2 0
2.8 21.6 0.00259459
2.8 22 0.0911132
2.8 22.4 0.114672
2.8 22.8 0.107354
2.8 23.2 0.0712865
2.8 23.6 0.0223005
2.8 24 -0.019824
2.8 24.4 -0.0416069
2.8 24.8 -0.0404482
2.8 25.2 -0.0227551
2.8 25.6 0.00100577
2.8 26 0.0205361
2.8 26.4 0.00319103
2.8 26.8 0

3.2 0 0
3.2 0.4 0.00433547
3.2 0.8 0.0319908
3.2 1.2 0.00727348
3.2 1.6 -0.0238415
3.2 2 -0.0462472
3.2 2.4 -0.0499663
3.2 2.8 -0.0357205
3.2 3.2 -0.0157347
3.2 3.6 -5.80391e-05
3.2 4 0
3.2 4.4 0
3.2 4.8 0
3.2 5.2 0
3.2 5.6 0
3.2 6 -0.00488661
3.2 6.4 0.0571613
3.2 6.8 0.049127
3.2 7.2 0.0190877
3.2 7.6 -0.0209144
3.2 8 -0.0536971
3.2 8.4 -0.0692458
3.2 8.8 -0.0690067
3.2 9.2 -0.0621536
3.2 9.6 -0.0578463
3.2 10 -0.0592956
3.2 10.4 -0.063506
3.2 10.8 -0.0664351
3.2 11.2 -0.0701807
3.2 11.6 -0.00713537
3.2 12 0
3.2 12.4 0
3.2 12.8 0
3.2 13.2 0
3.2 13.6 0
3.2 14 0.0125704
3.2 14.4 0.14024
3.2 14.8 0.135365
3.2 15.2 0.117999
3.2 15.6 0.0980551
3.2 16 0.0821471
3.2 16.4 0.0709209
3.2 16.8 0.060311
3.2 17.2 0.0449558
3.2 17.6 0.0218126
3.2 18 -0.00738057
3.2 18.4 -0.0355088
3.2 18.8 -0.0519001
3.2 19.2 -0.0472595
3.2 19.6 0.00648827
3.2 20 0
3.2 20.4 0
3.2 20.8 0
3.2 21.2 0
3.2 21.6 0
3.2 22 0.0155261
3.2 22.4 0.114272
3.2 22.8 0.083352
3.2 23.2 0.0312879
3.2 23.6 -0.0226693
3.2 24 -0.0580015
3.2 24.4 -0.0649606
3.2 24.8 -0.0471635
3.2 25.2 -0.016203
3.2 25.6 0.0156272
3.2 26 0.0391703
3.2 26.4 0.00550037
3.2 26.8 0

3.6 0 0
3.6 0.4 0.0041227
3.6 0.8 0.0307182
3.6 1.2 0.0124742
3.6 1.6 -0.00971715
3.6 2 -0.0250818
3.6 2.4 -0.0266216
3.6 2.8 -0.0149177
3.6 3.2 0.00204116
3.6 3.6 0.00101421
3.6 4 0
3.6 4.4 0
3.6 4.8 0
3.6 5.2 0
3.6 5.6 0
3.6 6 0.00795511
3.6 6.4 0.0938161
3.6 6.8 0.046492
3.6 7.2 -0.0193466
3.6 7.6 -0.0794232
3.6 8 -0.113862
3.6 8.4 -0.116484
3.6 8.8 -0.0955918
3.6 9.2 -0.0669725
3.6 9.6 -0.0443102
3.6 10 -0.0330057
3.6 10.4 -0.0305917
3.6 10.8 -0.0325718
3.6 11.2 -0.0394543
3.6 11.6 -0.00445266
3.6 12 0
3.6 12.4 0
3.6 12.8 0
3.6 13.2 0
3.6 13.6 0
3.6 14 0.010705
3.6 14.4 0.151976
3.6 14.8 0.142343
3.6 15.2 0.124849
3.6 15.6 0.109697
3.6 16 0.10099
3.6 16.4 0.0958617
3.6 16.8 0.0874272
3.6 17.2 0.0687607
3.6 17.6 0.0359581
3.6 18 -0.00993725
3.6 18.4 -0.0616835
3.6 18.8 -0.10583
3.6 19.2 -0.125855
3.6 19.6 -0.00822207
3.6 20 0
3.6 20.4 0
3.6 20.8 0
3.6 21.2 0
3.6 21.6 0
3.6 22 0.0047581
3.6 22.4 0.0611574
3.6 22.8 0.0261827
3.6 23.2 -0.0247107
3.6 23.6 -0.066266
3.6 24 -0.0806943
3.6 24.4 -0.0669391
3.6 24.8 -0.0375595
3.6 25.2 -0.00769938
3.6 25.6 0.0142843
3.6 26 0.0278684
3.6 26.4 0.00391514
3.6 26.8 0

4 0 0
4 0.4 0.00312615
4 0.8 0.023513
4 1.2 0.016376
4 1.6 0.00901559
4 2 0.0048403
4 2.4 0.0060341
4 2.8 0.0125429
4 3.2 0.0226098
4 3.6 0.00477362
4 4 0
4 4.4 0
4 4.8 0
4 5.2 0
4 5.6 0
4 6 0.0179114
4 6.4 0.0893341
4 6.8 0.0220948
4 7.2 -0.0550487
4 7.6 -0.110623
4 8 -0.127572
4 8.4 -0.107444
4 8.8 -0.0660663
4 9.2 -0.023295
4 9.6 0.00710007
4 10 0.0221188
4 10.4 0.0273111
4 10.8 0.0302204
4 11.2 0.0333839
4 11.6 0.0154731
4 12 0
4 12.4 0
4 12.8 0
4 13.2 0
4 13.6 0
4 14 0.0130035
4 14.4 0.0883522
4 14.8 0.0663028
4 15.2 0.0440786
4 15.6 0.0335965
4 16 0.0374193
4 16.4 0.0500932
4 16.8 0.0624718
4 17.2 0.0655011
4 17.6 0.0520014
4 18 0.0179289
4 18.4 -0.0348063
4 18.8 -0.0943789
4 19.2 -0.137265
4 19.6 -0.0187811
4 20 0
4 20.4 0
4 20.8 0
4 21.2 0
4 21.6 0
4 22 -0.0047007
4 22.4 -0.00087939
4 22.8 -0.0302895
4 23.2 -0.0675697
4 23.6 -0.0845859
4 24 -0.0706661
4 24.4 -0.0372757
4 24.8 -0.00706962
4 25.2 0.00382401
4 25.6 -0.00335581
4 26 -0.0138254
4 26.4 -0.00157442
4 26.8 0

4.4 0 0
4.4 0.4 0.00100085
4.4 0.8 0.00718666
4.4 1.2 0.0128057
4.4 1.6 0.0219235
4.4 2 0.0294294
4.4 2.4 0.031908
4.4 2.8 0.0293256
4.4 3.2 0.0243948
4.4 3.6 0.0205146
4.4 4 -0.00120874
4.4 4.4 0
4.4 4.8 0
4.4 5.2 0
4.4 5.6 0.017048
4.4 6 0.118385
4.4 6.4 0.0602238
4.4 6.8 -0.0159139
4.4 7.2 -0.080388
4.4 7.6 -0.108856
4.4 8 -0.095098
4.4 8.4 -0.0513388
4.4 8.8 0.000700927
4.4 9.2 0.0417922
4.4 9.6 0.0635421
4.4 10 0.0695122
4.4 10.4 0.0702225
4.4 10.8 0.0768018
4.4 11.2 0.0994348
4.4 11.6 0.158758
4.4 12 0.0201772
4.4 12.4 0
4.4 12.8 0
4.4 13.2 0
4.4 13.6 0.012056
4.4 14 0.039344
4.4 14.4 0.00173209
4.4 14.8 -0.03913
4.4 15.2 -0.0687557
4.4 15.6 -0.0766667
4.4 16 -0.0620509
4.4 16.4 -0.0314229
4.4 16.8 0.00632817
4.4 17.2 0.0423806
4.4 17.6 0.0670434
4.4 18 0.0691347
4.4 18.4 0.0399418
4.4 18.8 -0.0183685
4.4 19.2 -0.0858392
4.4 19.6 -0.12736
4.4 20 -0.0197348
4.4 20.4 0
4.4 20.8 0
4.4 21.2 0
4.4 21.6 0.000632961
4.4 22 -0.0309448
4.4 22.4 -0.0281012
4.4 22.8 -0.0564641
4.4 23.2 -0.0787774
4.4 23.6 -0.0688199
4.4 24 -0.0268924
4.4 24.4 0.0209447
4.4 24.8 0.0420308
4.4 25.2 0.0213249
4.4 25.6 -0.0270457
4.4 26 -0.0695682
4.4 26.4 -0.00883797
4.4 26.8 0

4.8 0 0
4.8 0.4 -0.00209726
4.8 0.8 -0.0173549
4.8 1.2 -0.000324911
4.8 1.6 0.022925
4.8 2 0.0396578
4.8 2.4 0.0417475
4.8 2.8 0.029698
4.8 3.2 0.0105037
4.8 3.6 -0.00971062
4.8 4 -0.036651
4.8 4.4 -0.00305984
4.8 4.8 0.00329134
4.8 5.2 0.0121929
4.8 5.6 0.0938139
4.8 6 0.0655903
4.8 6.4 0.00282456
4.8 6.8 -0.0596945
4.8 7.2 -0.0923038
4.8 7.6 -0.0820238
4.8 8 -0.0369172
4.8 8.4 0.0206564
4.8 8.8 0.0670928
4.8 9.2 0.0891023
4.8 9.6 0.0879037
4.8 10 0.0751289
4.8 10.4 0.0642687
4.8 10.8 0.0633307
4.8 11.2 0.0722471
4.8 11.6 0.0824447
4.8 12 0.0610961
4.8 12.4 -0.000611908
4.8 12.8 -0.00760174
4.8 13.2 0.00159692
4.8 13.6 0.03588
4.8 14 -0.00710412
4.8 14.4 -0.0568853
4.8 14.8 -0.105478
4.8 15.2 -0.137835
4.8 15.6 -0.14527
4.8 16 -0.128817
4.8 16.4 -0.0943254
4.8 16.8 -0.0466573
4.8 17.2 0.0106273
4.8 17.6 0.0699993
4.8 18 0.115455
4.8 18.4 0.125976
4.8 18.8 0.0879801
4.8 19.2 0.00893261
4.8 19.6 -0.0803371
4.8 20 -0.143633
4.8 20.4 -0.0189396
4.8 20.8 -0.00366277
4.8 21.2 0.0076879
4.8 21.6 0.0689354
4.8 22 0.0275852
4.8 22.4 -0.010685
4.8 22.8 -0.0509456
4.8 23.2 -0.0648824
4.8 23.6 -0.033404
4.8 24 0.0310669
4.8 24.4 0.088587
4.8 24.8 0.0977183
4.8 25.2 0.0451017
4.8 25.6 -0.0428125
4.8 26 -0.115144
4.8 26.4 -0.0147549
4.8 26.8 0

5.2 0 0
5.2 0.4 -0.00526069
5.2 0.8 -0.0428802
5.2 1.2 -0.0180114
5.2 1.6 0.0143414
5.2 2 0.0361633
5.2 2.4 0.0367429
5.2 2.8 0.0185584
5.2 3.2 -0.00553058
5.2 3.6 -0.0208668
5.2 4 -0.0173086
5.2 4.4 0.0197124
5.2 4.8 0.057596
5.2 5.2 0.0711781
5.2 5.6 0.0566578
5.2 6 0.0067915
5.2 6.4 -0.0539206
5.2 6.8 -0.0924281
5.2 7.2 -0.088127
5.2 7.6 -0.0430334
5.2 8 0.0210768
5.2 8.4 0.0757118
5.2 8.8 0.1007
5.2 9.2 0.0928376
5.2 9.6 0.0643395
5.2 10 0.0334192
5.2 10.4 0.0133264
5.2 10.8 0.00603926
5.2 11.2 0.00296833
5.2 11.6 -0.0100342
5.2 12 -0.0481335
5.2 12.4 -0.113862
5.2 12.8 -0.117177
5.2 13.2 -0.0745698
5.2 13.6 -0.02055
5.2 14 -0.0234844
5.2 14.4 -0.0556573
5.2 14.8 -0.0935946
5.2 15.2 -0.119188
5.2 15.6 -0.12636
5.2 16 -0.119052
5.2 16.4 -0.101927
5.2 16.8 -0.0727808
5.2 17.2 -0.0243643
5.2 17.6 0.044992
5.2 18 0.120961
5.2 18.4 0.173723
5.2 18.8 0.172809
5.2 19.2 0.108322
5.2 19.6 0.00370019
5.2 20 -0.0903892
5.2 20.4 -0.115259
5.2 20.8 -0.0710954
5.2 21.2 0.0116867
5.2 21.6 0.0649825
5.2 22 0.0541168
5.2 22.4 0.00770763
5.2 22.8 -0.0408143
5.2 23.2 -0.0520616
5.2 23.6 -0.00767989
5.2 24 0.0721785
5.2 24.4 0.137763
5.2 24.8 0.141213
5.2 25.2 0.0698842
5.2 25.6 -0.0418554
5.2 26 -0.131786
5.2 26.4 -0.0169207
5.2 26.8 0

5.6 0 0
5.6 0.4 -0.00721743
5.6 0.8 -0.0589088
5.6 1.2 -0.0306585
5.6 1.6 0.00494678
5.6 2 0.0272972
5.6 2.4 0.025158
5.6 2.8 0.00341311
5.6 3.2 -0.0208993
5.6 3.6 -0.0295464
5.6 4 -0.0127379
5.6 4.4 0.027146
5.6 4.8 0.0612651
5.6 5.2 0.0631958
5.6 5.6 0.0262425
5.6 6 -0.0347356
5.6 6.4 -0.0865055
5.6 6.8 -0.0999796
5.6 7.2 -0.0667397
5.6 7.6 -0.00290858
5.6 8 0.060796
5.6 8.4 0.0961312
5.6 8.8 0.0913499
5.6 9.2 0.0548175
5.6 9.6 0.00752104
5.6 10 -0.0300408
5.6 10.4 -0.0487511
5.6 10.8 -0.0539193
5.6 11.2 -0.0597166
5.6 11.6 -0.0786774
5.6 12 -0.111384
5.6 12.4 -0.139475
5.6 12.8 -0.125432
5.6 13.2 -0.0730189
5.6 13.6 -0.0130757
5.6 14 0.00910488
5.6 14.4 -0.000196694
5.6 14.8 -0.0181514
5.6 15.2 -0.0290996
5.6 15.6 -0.0332
5.6 16 -0.0402764
5.6 16.4 -0.0556751
5.6 16.8 -0.0700547
5.6 17.2 -0.0624244
5.6 17.6 -0.0158669
5.6 18 0.065041
5.6 18.4 0.149175
5.6 18.8 0.192873
5.6 19.2 0.16636
5.6 19.6 0.0761777
5.6 20 -0.0311635
5.6 20.4 -0.0879906
5.6 20.8 -0.0608132
5.6 21.2 0.0178992
5.6 21.6 0.0783511
5.6 22 0.0699452
5.6 22.4 0.013146
5.6 22.8 -0.0465654
5.6 23.2 -0.0625708
5.6 23.6 -0.0153151
5.6 24 0.0722798
5.6 24.4 0.146293
5.6 24.8 0.155582
5.6 25.2 0.0864485
5.6 25.6 -0.0255108
5.6 26 -0.115628
5.6 26.4 -0.0148552
5.6 26.8 0

6 0 0
6 0.4 -0.00714221
6 0.8 -0.0584144
6 1.2 -0.0305412
6 1.6 0.00367923
6 2 0.0231301
6 2.4 0.0173452
6 2.8 -0.00683436
6 3.2 -0.0306363
6 3.6 -0.0362144
6 4 -0.0167441
6 4.4 0.0259885
6 4.8 0.0599211
6 5.2 0.0587006
6 5.6 0.0137601
6 6 -0.0476616
6 6.4 -0.0856733
6 6.8 -0.078973
6 7.2 -0.0314669
6 7.6 0.0311424
6 8 0.0765431
6 8.4 0.0835208
6 8.8 0.0518317
6 9.2 -0.000400144
6 9.6 -0.0487855
6 10 -0.0764851
6 10.4 -0.082148
6 10.8 -0.0785103
6 11.2 -0.0831793
6 11.6 -0.106011
6 12 -0.137865
6 12.4 -0.151866
6 12.8 -0.12604
6 13.2 -0.0621192
6 13.6 0.0202071
6 14 0.0575915
6 14.4 0.0619192
6 14.8 0.0616666
6 15.2 0.0687529
6 15.6 0.0740341
6 16 0.0586568
6 16.4 0.0128518
6 16.8 -0.0506645
6 17.2 -0.0992371
6 17.6 -0.0990975
6 18 -0.0390443
6 18.4 0.0573502
6 18.8 0.141147
6 19.2 0.165171
6 19.6 0.112436
6 20 0.00948198
6 20.4 -0.0640699
6 20.8 -0.0395831
6 21.2 0.0417831
6 21.6 0.105496
6 22 0.0768275
6 22.4 0.00147983
6 22.8 -0.0724455
6 23.2 -0.0987095
6 23.6 -0.0575347
6 24 0.029594
6 24.4 0.110643
6 24.8 0.135074
6 25.2 0.0869114
6 25.6 -0.00354064
6 26 -0.0781479
6 26.4 -0.0100557
6 26.8 0

6.4 0 0
6.4 0.4 -0.00529794
6.4 0.8 -0.0432593
6.4 1.2 -0.0175594
6.4 1.6 0.013378
6.4 2 0.0289816
6.4 2.4 0.0199407
6.4 2.8 -0.00569799
6.4 3.2 -0.0292509
6.4 3.6 -0.0361801
6.4 4 -0.0287102
6.4 4.4 -0.00017425
6.4 4.8 0.00406367
6.4 5.2 0.00825886
6.4 5.6 0.0186786
6.4 6 -0.0386455
6.4 6.4 -0.0597911
6.4 6.8 -0.0392096
6.4 7.2 0.00846804
6.4 7.6 0.0541539
6.4 8 0.0714191
6.4 8.4 0.0512093
6.4 8.8 0.00505577
6.4 9.2 -0.043739
6.4 9.6 -0.0742677
6.4 10 -0.0789272
6.4 10.4 -0.0658372
6.4 10.8 -0.0530949
6.4 11.2 -0.0590782
6.4 11.6 -0.0923853
6.4 12 -0.135956
6.4 12.4 -0.021234
6.4 12.8 -0.00927495
6.4 13.2 -0.0024345
6.4 13.6 0.0584178
6.4 14 0.0857021
6.4 14.4 0.0792126
6.4 14.8 0.0848595
6.4 15.2 0.108621
6.4 15.6 0.131228
6.4 16 0.123729
6.4 16.4 0.0684615
6.4 16.8 -0.0248913
6.4 17.2 -0.119317
6.4 17.6 -0.168805
6.4 18 -0.145292
6.4 18.4 -0.0576324
6.4 18.8 0.0504536
6.4 19.2 0.123498
6.4 19.6 0.122298
6.4 20 0.0247747
6.4 20.4 -0.00689252
6.4 20.8 -0.00193866
6.4 21.2 0.0163835
6.4 21.6 0.14856
6.4 22 0.0659662
6.4 22.4 -0.0253432
6.4 22.8 -0.105885
6.4 23.2 -0.140454
6.4 23.6 -0.110654
6.4 24 -0.0328299
6.4 24.4 0.0488193
6.4 24.8 0.0889699
6.4 25.2 0.0698548
6.4 25.6 0.0123638
6.4 26 -0.0383972
6.4 26.4 -0.00499295
6.4 26.8 0

6.8 0 0
6.8 0.4 -0.00298254
6.8 0.8 -0.0239432
6.8 1.2 9.45636e-05
6.8 1.6 0.0288598
6.8 2 0.0423813
6.8 2.4 0.0321936
6.8 2.8 0.00707536
6.8 3.2 -0.014117
6.8 3.6 -0.0179712
6.8 4 -0.0013671
6.8 4.4 0
6.8 4.8 0
6.8 5.2 0
6.8 5.6 0.00244789
6.8 6 -0.030487
6.8 6.4 -0.0281944
6.8 6.8 0.00179496
6.8 7.2 0.0407185
6.8 7.6 0.0622651
6.8 8 0.0512972
6.8 8.4 0.0131233
6.8 8.8 -0.0313277
6.8 9.2 -0.0594509
6.8 9.6 -0.0600953
6.8 10 -0.0381717
6.8 10.4 -0.0097724
6.8 10.8 0.00695903
6.8 11.2 -0.00231773
6.8 11.6 -0.052814
6.8 12 -0.0149562
6.8 12.4 0
6.8 12.8 0
6.8 13.2 0
6.8 13.6 0.00832369
6.8 14 0.0810167
6.8 14.4 0.0298564
6.8 14.8 0.0308092
6.8 15.2 0.0675201
6.8 15.6 0.112441
6.8 16 0.130304
6.8 16.4 0.0952279
6.8 16.8 0.00762965
6.8 17.2 -0.101439
6.8 17.6 -0.183674
6.8 18 -0.198933
6.8 18.4 -0.138441
6.8 18.8 -0.0309317
6.8 19.2 0.074961
6.8 19.6 0.147989
6.8 20 0.00958967
6.8 20.4 0
6.8 20.8 0
6.8 21.2 0
6.8 21.6 0.0103392
6.8 22 0.000789752
6.8 22.4 -0.0613705
6.8 22.8 -0.123919
6.8 23.2 -0.156642
6.8 23.6 -0.139481
6.8 24 -0.0799373
6.8 24.4 -0.0093495
6.8 24.8 0.0368682
6.8 25.2 0.0414955
6.8 25.6 0.0152728
6.8 26 -0.0123826
6.8 26.4 -0.00173613
6.8 26.8 0

7.2 0 0
7.2 0.4 -0.00174279
7.2 0.8 -0.0132305
7.2 1.2 0.0111615
7.2 1.6 0.0406451
7.2 2 0.0552657
7.2 2.4 0.0465923
7.2 2.8 0.0236445
7.2 3.2 0.00673209
7.2 3.6 0.00119987
7.2 4 0
7.2 4.4 0
7.2 4.8 0
7.2 5.2 0
7.2 5.6 0
7.2 6 -0.00256715
7.2 6.4 -0.00415996
7.2 6.8 0.0293384
7.2 7.2 0.056099
7.2 7.6 0.0542921
7.2 8 0.0217837
7.2 8.4 -0.0225771
7.2 8.8 -0.052375
7.2 9.2 -0.0510555
7.2 9.6 -0.0211875
7.2 10 0.0195921
7.2 10.4 0.0514724
7.2 10.8 0.0645275
7.2 11.2 0.0627149
7.2 11.6 -0.000205885
7.2 12 0
7.2 12.4 0
7.2 12.8 0
7.2 13.2 0
7.2 13.6 0
7.2 14 0.00148319
7.2 14.4 -0.0775296
7.2 14.8 -0.0659695
7.2 15.2 -0.0203728
7.2 15.6 0.0425377
7.2 16 0.0923643
7.2 16.4 0.0994514
7.2 16.8 0.0517234
7.2 17.2 -0.0354409
7.2 17.6 -0.123526
7.2 18 -0.169384
7.2 18.4 -0.149052
7.2 18.8 -0.0730506
7.2 19.2 0.0168584
7.2 19.6 0.0159841
7.2 20 0
7.2 20.4 0
7.2 20.8 0
7.2 21.2 0
7.2 21.6 0
7.2 22 -0.00790999
7.2 22.4 -0.0749696
7.2 22.8 -0.100775
7.2 23.2 -0.123551
7.2 23.6 -0.119109
7.2 24 -0.0855009
7.2 24.4 -0.0390783
7.2 24.8 -0.00203562
7.2 25.2 0.0121161
7.2 25.6 0.0060277
7.2 26 -0.00565548
7.2 26.4 -0.000989248
7.2 26.8 0

7.6 0 0
7.6 0.4 -0.002366
7.6 0.8 -0.0178021
7.6 1.2 0.0089044
7.6 1.6 0.0416705
7.6 2 0.0599033
7.6 2.4 0.0541694
7.6 2.8 0.0323957
7.6 3.2 0.0144686
7.6 3.6 0.00142982
7.6 4 0
7.6 4.4 0
7.6 4.8 0
7.6 5.2 0
7.6 5.6 0
7.6 6 -0.00193411
7.6 6.4 -0.000533986
7.6 6.8 0.0363257
7.6 7.2 0.0537256
7.6 7.6 0.0345321
7.6 8 -0.0109013
7.6 8.4 -0.0526249
7.6 8.8 -0.0625576
7.6 9.2 -0.0335359
7.6 9.6 0.017218
7.6 10 0.0614797
7.6 10.4 0.0796885
7.6 10.8 0.0730958
7.6 11.2 0.0613559
7.6 11.6 0.00506687
7.6 12 0
7.6 12.4 0
7.6 12.8 0
7.6 13.2 0
7.6 13.6 0
7.6 14 -0.00944299
7.6 14.4 -0.13131
7.6 14.8 -0.122254
7.6 15.2 -0.0869297
7.6 15.6 -0.0259367
7.6 16 0.0435045
7.6 16.4 0.0942948
7.6 16.8 0.10268
7.6 17.2 0.062603
7.6 17.6 -0.00724095
7.6 18 -0.0703492
7.6 18.4 -0.0921504
7.6 18.8 -0.0617137
7.6 19.2 -0.000563774
7.6 19.6 0.00380985
7.6 20 0
7.6 20.4 0
7.6 20.8 0
7.6 21.2 0
7.6 21.6 0
7.6 22 -0.00182877
7.6 22.4 -0.0173058
7.6 22.8 -0.0286093
7.6 23.2 -0.0445921
7.6 23.6 -0.0528643
7.6 24 -0.0483195
7.6 24.4 -0.034271
7.6 24.8 -0.0189189
7.6 25.2 -0.00955027
7.6 25.6 -0.00834267
7.6 26 -0.0123625
7.6 26.4 -0.0019657
7.6 26.8 0

8 0 0
8 0.4 -0.00435604
8 0.8 -0.0337941
8 1.2 -0.00435367
8 1.6 0.0320969
8 2 0.0542768
8 2.4 0.0512565
8 2.8 0.0288002
8 3.2 0.00546868
8 3.6 -0.00511749
8 4 0
8 4.4 0
8 4.8 0
8 5.2 0
8 5.6 0
8 6 -0.0159017
8 6.4 -0.01612
8 6.8 0.0290319
8 7.2 0.0433744
8 7.6 0.0137042
8 8 -0.0383669
8 8.4 -0.074413
8 8.8 -0.0672433
8 9.2 -0.0197957
8 9.6 0.0380074
8 10 0.0711032
8 10.4 0.0633039
8 10.8 0.0266737
8 11.2 -0.00759181
8 11.6 -0.0144531
8 12 0
8 12.4 0
8 12.8 0
8 13.2 0
8 13.6 0
8 14 0.00641005
8 14.4 -0.0736252
8 14.8 -0.0865056
8 15.2 -0.0858407
8 15.6 -0.0544443
8 16 0.0077065
8 16.4 0.0826287
8 16.8 0.13978
8 17.2 0.15175
8 17.6 0.112508
8 18 0.0447013
8 18.4 -0.012153
8 18.8 -0.0270514
8 19.2 0.000522632
8 19.6 0.00854512
8 20 0
8 20.4 0
8 20.8 0
8 21.2 0
8 21.6 0
8 22 0.00798561
8 22.4 0.0482047
8 22.8 0.0488743
8 23.2 0.0421036
8 23.6 0.0266154
8 24 0.00729991
8 24.4 -0.00910958
8 24.8 -0.0181785
8 25.2 -0.0200648
8 25.6 -0.0189481
8 26 -0.0201159
8 26.4 -0.00302647
8 26.8 0

8.4 0 0
8.4 0.4 -0.00627689
8.4 0.8 -0.0494885
8.4 1.2 -0.0190516
8.4 1.6 0.0186744
8.4 2 0.0426689
8.4 2.4 0.0410768
8.4 2.8 0.0166304
8.4 3.2 -0.019195
8.4 3.6 -0.0628659
8.4 4 -0.00923032
8.4 4.4 0
8.4 4.8 0
8.4 5.2 0
8.4 5.6 -0.023089
8.4 6 -0.147214
8.4 6.4 -0.0464587
8.4 6.8 0.0236814
8.4 7.2 0.0408193
8.4 7.6 0.00472644
8.4 8 -0.0518345
8.4 8.4 -0.0841964
8.4 8.8 -0.0672135
8.4 9.2 -0.012465
8.4 9.6 0.041314
8.4 10 0.0567803
8.4 10.4 0.0236884
8.4 10.8 -0.0378951
8.4 11.2 -0.101343
8.4 11.6 -0.176606
8.4 12 -0.0121106
8.4 12.4 0
8.4 12.8 0
8.4 13.2 0
8.4 13.6 0.0439872
8.4 14 0.201472
8.4 14.4 0.093176
8.4 14.8 0.0235418
8.4 15.2 -0.0249989
8.4 15.6 -0.0424264
8.4 16 -0.0147002
8.4 16.4 0.0549164
8.4 16.8 0.136938
8.4 17.2 0.188182
8.4 17.6 0.178969
8.4 18 0.114991
8.4 18.4 0.0357645
8.4 18.8 -0.0113855
8.4 19.2 -0.00319558
8.4 19.6 0.0475111
8.4 20 0.0121796
8.4 20.4 0
8.4 20.8 0
8.4 21.2 0
8.4 21.6 -0.00178175
8.4 22 0.0413041
8.4 22.4 0.0591443
8.4 22.8 0.0827589
8.4 23.2 0.09229
8.4 23.6 0.0792676
8.4 24 0.048365
8.4 24.4 0.0133404
8.4 24.8 -0.0117962
8.4 25.2 -0.0211305
8.4 25.6 -0.0194283
8.4 26 -0.0174459
8.4 26.4 -0.00266369
8.4 26.8 0

8.8 0 0
8.8 0.4 -0.00672969
8.8 0.8 -0.0533203
8.8 1.2 -0.0251995
8.8 1.6 0.00938064
8.8 2 0.0314844
8.8 2.4 0.0305799
8.8 2.8 0.00962493
8.8 3.2 -0.0188405
8.8 3.6 -0.0409873
8.8 4 -0.0405912
8.8 4.4 -0.000259703
8.8 4.8 0.00328323
8.8 5.2 -0.0109657
8.8 5.6 -0.139429
8.8 6 -0.106645
8.8 6.4 -0.02232
8.8 6.8 0.0460895
8.8 7.2 0.0582238
8.8 7.6 0.0143391
8.8 8 -0.0475363
8.8 8.4 -0.0798675
8.8 8.8 -0.0601058
8.8 9.2 -0.00604181
8.8 9.6 0.0390654
8.8 10 0.0399194
8.8 10.4 -0.00427254
8.8 10.8 -0.0599612
8.8 11.2 -0.0847089
8.8 11.6 -0.0532607
8.8 12 0.0602154
8.8 12.4 0.0420105
8.8 12.8 0.043441
8.8 13.2 0.0647862
8.8 13.6 0.361437
8.8 14 0.257629
8.8 14.4 0.18136
8.8 14.8 0.116051
8.8 15.2 0.0451626
8.8 15.6 -0.0166215
8.8 16 -0.0365173
8.8 16.4 0.00361122
8.8 16.8 0.0841451
8.8 17.2 0.154604
8.8 17.6 0.167079
8.8 18 0.111148
8.8 18.4 0.0228013
8.8 18.8 -0.0407398
8.8 19.2 -0.0421455
8.8 19.6 0.00967948
8.8 20 0.0657098
8.8 20.4 0.00928283
8.8 20.8 -0.00133382
8.8 21.2 -0.0115874
8.8 21.6 -0.0856567
8.8 22 -0.0310346
8.8 22.4 0.0174809
8.8 22.8 0.062261
8.8 23.2 0.0880065
8.8 23.6 0.0841113
8.8 24 0.0547313
8.8 24.4 0.0169643
8.8 24.8 -0.0099744
8.8 25.2 -0.0167357
8.8 25.6 -0.00863991
8.8 26 -0.000117086
8.8 26.4 -0.000337067
8.8 26.8 0

9.2 0 0
9.2 0.4 -0.00527687
9.2 0.8 -0.0415532
9.2 1.2 -0.0191266
9.2 1.6 0.00765823
9.2 2 0.0234671
9.2 2.4 0.0208037
9.2 2.8 0.00425456
9.2 3.2 -0.013064
9.2 3.6 -0.0173443
9.2 4 -7.60173e-05
9.2 4.4 0.0365296
9.2 4.8 0.0291269
9.2 5.2 -0.0179748
9.2 5.6 -0.0745974
9.2 6 -0.0500159
9.2 6.4 0.0227832
9.2 6.8 0.0827132
9.2 7.2 0.0866379
9.2 7.6 0.0352364
9.2 8 -0.0313298
9.2 8.4 -0.0650087
9.2 8.8 -0.0457483
9.2 9.2 0.00484614
9.2 9.6 0.0420002
9.2 10 0.0340574
9.2 10.4 -0.0111569
9.2 10.8 -0.0497499
9.2 11.2 -0.0313941
9.2 11.6 0.0696102
9.2 12 0.247704
9.2 12.4 0.474512
9.2 12.8 0.485956
9.2 13.2 0.350112
9.2 13.6 0.230141
9.2 14 0.176742
9.2 14.4 0.170019
9.2 14.8 0.153513
9.2 15.2 0.092259
9.2 15.6 0.00304975
9.2 16 -0.0621422
9.2 16.4 -0.0611991
9.2 16.8 0.00140462
9.2 17.2 0.0750179
9.2 17.6 0.100126
9.2 18 0.053657
9.2 18.4 -0.0329696
9.2 18.8 -0.0974529
9.2 19.2 -0.0943032
9.2 19.6 -0.0304818
9.2 20 0.0381512
9.2 20.4 0.0482498
9.2 20.8 0.00721302
9.2 21.2 -0.0511933
9.2 21.6 -0.0824578
9.2 22 -0.0682918
9.2 22.4 -0.031003
9.2 22.8 0.0133484
9.2 23.2 0.0448319
9.2 23.6 0.0497335
9.2 24 0.0298955
9.2 24.4 0.00173866
9.2 24.8 -0.0149476
9.2 25.2 -0.010449
9.2 25.6 0.00889375
9.2 26 0.0263897
9.2 26.4 0.00320167
9.2 26.8 0

9.6 0 0
9.6 0.4 -0.0026819
9.6 0.8 -0.0203576
9.6 1.2 -0.0052409
9.6 1.6 0.0113153
9.6 2 0.0178801
9.6 2.4 0.0103256
9.6 2.8 -0.00506894
9.6 3.2 -0.0155122
9.6 3.6 -0.00975037
9.6 4 0.0139786
9.6 4.4 0.0403942
9.6 4.8 0.0313582
9.6 5.2 -0.00922225
9.6 5.6 -0.0438312
9.6 6 -0.0166281
9.6 6.4 0.0516892
9.6 6.8 0.106118
9.6 7.2 0.105387
9.6 7.6 0.0511446
9.6 8 -0.0160509
9.6 8.4 -0.0489035
9.6 8.8 -0.0292148
9.6 9.2 0.0195922
9.6 9.6 0.0525631
9.6 10 0.0403833
9.6 10.4 -0.00497848
9.6 10.8 -0.0359613
9.6 11.2 -0.0022375
9.6 11.6 0.113585
9.6 12 0.27955
9.6 12.4 0.411603
9.6 12.8 0.358877
9.6 13.2 0.178057
9.6 13.6 0.0366323
9.6 14 0.0413944
9.6 14.4 0.115707
9.6 14.8 0.160309
9.6 15.2 0.121649
9.6 15.6 0.0186312
9.6 16 -0.0803519
9.6 16.4 -0.112845
9.6 16.8 -0.0694887
9.6 17.2 0.00139999
9.6 17.6 0.0336755
9.6 18 -0.00401108
9.6 18.4 -0.0836148
9.6 18.8 -0.139983
9.6 19.2 -0.122919
9.6 19.6 -0.0392197
9.6 20 0.0485528
9.6 20.4 0.0723747
9.6 20.8 0.0377728
9.6 21.2 -0.0209635
9.6 21.6 -0.0621452
9.6 22 -0.0736499
9.6 22.4 -0.0595016
9.6 22.8 -0.0305956
9.6 23.2 -0.0045241
9.6 23.6 0.00442935
9.6 24 -0.00470601
9.6 24.4 -0.0190258
9.6 24.8 -0.0216476
9.6 25.2 -0.00465652
9.6 25.6 0.024708
9.6 26 0.0492853
9.6 26.4 0.00623914
9.6 26.8 0

10 0 0
10 0.4 -0.000360383
10 0.8 -0.00134905
10 1.2 0.00783654
10 1.6 0.0159007
10 2 0.0141225
10 2.4 0.000603523
10 2.8 -0.017491
10 3.2 -0.027937
10 3.6 -0.0204739
10 4 0.0078005
10 4.4 0.0454825
10 4.8 0.0394439
10 5.2 -0.00371575
10 5.6 -0.0511361
10 6 -0.0243825
10 6.4 0.0439538
10 6.8 0.0984899
10 7.2 0.0996811
10 7.6 0.0494233
10 8 -0.0129055
10 8.4 -0.041453
10 8.8 -0.0187693
10 9.2 0.0318364
10 9.6 0.0657858
10 10 0.0535132
10 10.4 0.00551592
10 10.8 -0.0332515
10 11.2 -0.0152143
10 11.6 0.0769391
10 12 0.221388
10 12.4 0.364532
10 12.8 0.288709
10 13.2 0.0744145
10 13.6 -0.0904761
10 14 -0.0170007
10 14.4 0.112917
10 14.8 0.188206
10 15.2 0.155698
10 15.6 0.0406102
10 16 -0.0780521
10 16.4 -0.127311
10 16.8 -0.0918654
10 17.2 -0.020229
10 17.6 0.0172555
10 18 -0.0148832
10 18.4 -0.0894689
10 18.8 -0.138627
10 19.2 -0.108424
10 19.6 -0.00551419
10 20 0.096909
10 20.4 0.10078
10 20.8 0.0574386
10 21.2 0.000272868
10 21.6 -0.0277729
10 22 -0.0482272
10 22.4 -0.0553219
10 22.8 -0.0464622
10 23.2 -0.0318212
10 23.6 -0.0237971
10 24 -0.0258284
10 24.4 -0.0298041
10 24.8 -0.0234262
10 25.2 -0.00118066
10 25.6 0.0300008
10 26 0.0549453
10 26.4 0.00696938
10 26.8 0

10.4 0 0
10.4 0.4 0.000511763
10.4 0.8 0.00577602
10.4 1.2 0.0132621
10.4 1.6 0.0188615
10.4 2 0.0142681
10.4 2.4 -0.00233602
10.4 2.8 -0.0243799
10.4 3.2 -0.0410577
10.4 3.6 -0.0432453
10.4 4 -0.0201509
10.4 4.4 0.00292406
10.4 4.8 0.00401307
10.4 5.2 -0.00792759
10.4 5.6 -0.102833
10.4 6 -0.0671571
10.4 6.4 0.0061785
10.4 6.8 0.0645443
10.4 7.2 0.072345
10.4 7.6 0.0308594
10.4 8 -0.0234921
10.4 8.4 -0.0467929
10.4 8.8 -0.0207845
10.4 9.2 0.0338015
10.4 9.6 0.0738775
10.4 10 0.0676707
10.4 10.4 0.0193723
10.4 10.8 -0.0342754
10.4 11.2 -0.0521836
10.4 11.6 -0.0161199
10.4 12 0.0835222
10.4 12.4 0.0361077
10.4 12.8 0.0281005
10.4 13.2 0.0208682
10.4 13.6 -0.060064
10.4 14 0.112123
10.4 14.4 0.217773
10.4 14.8 0.256602
10.4 15.2 0.195365
10.4 15.6 0.063749
10.4 16 -0.0591834
10.4 16.4 -0.103653
10.4 16.8 -0.0595131
10.4 17.2 0.0197775
10.4 17.6 0.0610068
10.4 18 0.0284886
10.4 18.4 -0.0488052
10.4 18.8 -0.0999963
10.4 19.2 -0.0665925
10.4 19.6 0.0519344
10.4 20 0.183823
10.4 20.4 0.0249047
10.4 20.8 0.00291624
10.4 21.2 0.00123611
10.4 21.6 0.0141493
10.4 22 -0.00147479
10.4 22.4 -0.025163
10.4 22.8 -0.0331334
10.4 23.2 -0.0292819
10.4 23.6 -0.0241842
10.4 24 -0.0234237
10.4 24.4 -0.0237729
10.4 24.8 -0.0176937
10.4 25.2 -0.00146069
10.4 25.6 0.0201771
10.4 26 0.0367073
10.4 26.4 0.00452672
10.4 26.8 0

10.8 0 0
10.8 0.4 -0.000379996
10.8 0.8 -0.00158214
10.8 1.2 0.00964953
10.8 1.6 0.0208702
10.8 2 0.0217137
10.8 2.4 0.00835029
10.8 2.8 -0.0143343
10.8 3.2 -0.0380422
10.8 3.6 -0.0630285
10.8 4 -0.00592633
10.8 4.4 0
10.8 4.8 0
10.8 5.2 0
10.8 5.6 -0.0180666
10.8 6 -0.107568
10.8 6.4 -0.0308556
10.8 6.8 0.0276213
10.8 7.2 0.0414983
10.8 7.6 0.00917568
10.8 8 -0.0385728
10.8 8.4 -0.0605066
10.8 8.8 -0.0357608
10.8 9.2 0.0207529
10.8 9.6 0.0699923
10.8 10 0.0781081
10.8 10.4 0.0406073
10.8 10.8 -0.0175392
10.8 11.2 -0.0673902
10.8 11.6 -0.114653
10.8 12 -0.00442781
10.8 12.4 0
10.8 12.8 0
10.8 13.2 0
10.8 13.6 0.056433
10.8 14 0.480413
10.8 14.4 0.37171
10.8 14.8 0.311496
10.8 15.2 0.203178
10.8 15.6 0.0614887
10.8 16 -0.046365
10.8 16.4 -0.0656321
10.8 16.8 0.000120094
10.8 17.2 0.0900461
10.8 17.6 0.130916
10.8 18 0.0911493
10.8 18.4 0.00321402
10.8 18.8 -0.061452
10.8 19.2 -0.0430795
10.8 19.6 0.0769685
10.8 20 0.027144
10.8 20.4 0
10.8 20.8 0
10.8 21.2 0
10.8 21.6 0.00833433
10.8 22 0.0507819
10.8 22.4 0.0054121
10.8 22.8 -0.0105747
10.8 23.2 -0.0112
10.8 23.6 -0.0070563
10.8 24 -0.00508943
10.8 24.4 -0.00623662
10.8 24.8 -0.00724477
10.8 25.2 -0.00537684
10.8 25.6 -0.00167935
10.8 26 -2.21693e-05
10.8 26.4 -0.000353181
10.8 26.8 0

11.2 0 0
11.2 0.4 -0.00247007
11.2 0.8 -0.018748
11.2 1.2 0.000456609
11.2 1.6 0.0236881
11.2 2 0.0368028
11.2 2.4 0.0329808
11.2 2.8 0.0166261
11.2 3.2 0.000167201
11.2 3.6 -0.00468231
11.2 4 0
11.2 4.4 0
11.2 4.8 0
11.2 5.2 0
11.2 5.6 0
11.2 6 -0.0143639
11.2 6.4 -0.0352598
11.2 6.8 0.00922072
11.2 7.2 0.0256713
11.2 7.6 0.000716797
11.2 8 -0.0444124
11.2 8.4 -0.0722877
11.2 8.8 -0.0578905
11.2 9.2 -0.00680292
11.2 9.6 0.0497741
11.2 10 0.0783433
11.2 10.4 0.0666255
11.2 10.8 0.0301792
11.2 11.2 -0.000258192
11.2 11.6 -0.0087538
11.2 12 0
11.2 12.4 0
11.2 12.8 0
11.2 13.2 0
11.2 13.6 0
11.2 14 0.0748407
11.2 14.4 0.323094
11.2 14.8 0.252395
11.2 15.2 0.13642
11.2 15.6 0.0124654
11.2 16 -0.0589662
11.2 16.4 -0.0409564
11.2 16.8 0.0478048
11.2 17.2 0.142112
11.2 17.6 0.174794
11.2 18 0.123678
11.2 18.4 0.0253938
11.2 18.8 -0.0548461
11.2 19.2 -0.0758021
11.2 19.6 0.00517122
11.2 20 0
11.2 20.4 0
11.2 20.8 0
11.2 21.2 0
11.2 21.6 0
11.2 22 0.00487268
11.2 22.4 -0.00457366
11.2 22.8 -0.00440053
11.2 23.2 -0.000445372
11.2 23.6 0.00652138
11.2 24 0.0115651
11.2 24.4 0.0106944
11.2 24.8 0.00300365
11.2 25.2 -0.0098195
11.2 25.6 -0.0248789
11.2 26 -0.0388515
11.2 26.4 -0.00549664
11.2 26.8 0

11.6 0 0
11.6 0.4 -0.00477557
11.6 0.8 -0.0376184
11.6 1.2 -0.00939751
11.6 1.6 0.0272545
11.6 2 0.0538008
11.6 2.4 0.0600265
11.6 2.8 0.0495105
11.6 3.2 0.0363985
11.6 3.6 0.0026864
11.6 4 0
11.6 4.4 0
11.6 4.8 0
11.6 5.2 0
11.6 5.6 0
11.6 6 -0.00533162
11.6 6.4 -0.0406363
11.6 6.8 0.00461503
11.6 7.2 0.0288001
11.6 7.6 0.0127674
11.6 8 -0.0317057
11.6 8.4 -0.0717399
11.6 8.8 -0.0775644
11.6 9.2 -0.0428734
11.6 9.6 0.0127164
11.6 10 0.0593015
11.6 10.4 0.0777402
11.6 10.8 0.0709146
11.6 11.2 0.0587846
11.6 11.6 0.00465472
11.6 12 0
11.6 12.4 0
11.6 12.8 0
11.6 13.2 0
11.6 13.6 0
11.6 14 0.00995875
11.6 14.4 0.154313
11.6 14.8 0.107041
11.6 15.2 0.0185609
11.6 15.6 -0.0631167
11.6 16 -0.0878017
11.6 16.4 -0.0364091
11.6 16.8 0.0614968
11.6 17.2 0.144033
11.6 17.6 0.158421
11.6 18 0.0976755
11.6 18.4 0.00425435
11.6 18.8 -0.0636158
11.6 19.2 -0.0781658
11.6 19.6 -0.00456389
11.6 20 0
11.6 20.4 0
11.6 20.8 0
11.6 21.2 0
11.6 21.6 0
11.6 22 -0.0027561
11.6 22.4 -0.0183648
11.6 22.8 -0.0135685
11.6 23.2 -0.00904605
11.6 23.6 0.000595917
11.6 24 0.0119147
11.6 24.4 0.0172743
11.6 24.8 0.0105012
11.6 25.2 -0.00910848
11.6 25.6 -0.0359177
11.6 26 -0.0603121
11.6 26.4 -0.00834445
11.6 26.8 0

12 0 0
12 0.4 -0.00645009
12 0.8 -0.0512776
12 1.2 -0.0165477
12 1.6 0.0293516
12 2 0.0641801
12 2.4 0.0749454
12 2.8 0.0646576
12 3.2 0.0495328
12 3.6 0.00456368
12 4 0
12 4.4 0
12 4.8 0
12 5.2 0
12 5.6 0
12 6 -0.0120327
12 6.4 -0.0431522
12 6.8 0.0065572
12 7.2 0.0429522
12 7.6 0.0400736
12 8 -0.000809244
12 8.4 -0.053398
12 8.8 -0.0848055
12 9.2 -0.0766591
12 9.6 -0.0346435
12 10 0.0183638
12 10.4 0.058747
12 10.8 0.0758957
12 11.2 0.0748352
12 11.6 0.00277867
12 12 0
12 12.4 0
12 12.8 0
12 13.2 0
12 13.6 0
12 14 -0.00211964
12 14.4 0.000963928
12 14.8 -0.0247067
12 15.2 -0.0752475
12 15.6 -0.110385
12 16 -0.0973464
12 16.4 -0.0332334
12 16.8 0.0486935
12 17.2 0.0987761
12 17.6 0.0856772
12 18 0.0207859
12 18.4 -0.0479451
12 18.8 -0.0713313
12 19.2 -0.0410379
12 19.6 0.0198295
12 20 0
12 20.4 0
12 20.8 0
12 21.2 0
12 21.6 0
12 22 -7.39735e-05
12 22.4 -0.0242092
12 22.8 -0.0315962
12 23.2 -0.0367436
12 23.6 -0.0274525
12 24 -0.00682902
12 24.4 0.0123629
12 24.8 0.0169243
12 25.2 0.0018661
12 25.6 -0.0262394
12 26 -0.0530381
12 26.4 -0.00741338
12 26.8 0

12.4 0 0
12.4 0.4 -0.00710382
12.4 0.8 -0.0566367
12.4 1.2 -0.0200674
12.4 1.6 0.0277051
12.4 2 0.0624754
12.4 2.4 0.069878
12.4 2.8 0.05237
12.4 3.2 0.0245434
12.4 3.6 -0.000775325
12.4 4 -0.00278716
12.4 4.4 0
12.4 4.8 0
12.4 5.2 0
12.4 5.6 -0.0085685
12.4 6 -0.0903268
12.4 6.4 -0.0541639
12.4 6.8 0.0019752
12.4 7.2 0.0523849
12.4 7.6 0.0678237
12.4 8 0.0385747
12.4 8.4 -0.0188142
12.4 8.8 -0.072505
12.4 9.2 -0.0949867
12.4 9.6 -0.0780399
12.4 10 -0.0345595
12.4 10.4 0.0116203
12.4 10.8 0.0391735
12.4 11.2 0.0359228
12.4 11.6 -0.00853794
12.4 12 -0.012091
12.4 12.4 0
12.4 12.8 0
12.4 13.2 0
12.4 13.6 0.0102792
12.4 14 -0.0174678
12.4 14.4 -0.037207
12.4 14.8 -0.0595812
12.4 15.2 -0.0810868
12.4 15.6 -0.0841607
12.4 16 -0.0568129
12.4 16.4 -0.00777927
12.4 16.8 0.033716
12.4 17.2 0.0365127
12.4 17.6 -0.00732326
12.4 18 -0.0703401
12.4 18.4 -0.102747
12.4 18.8 -0.0635911
12.4 19.2 0.0551698
12.4 19.6 0.244809
12.4 20 0.0406649
12.4 20.4 0
12.4 20.8 0
12.4 21.2 0
12.4 21.6 0.0127372
12.4 22 0.0494118
12.4 22.4 -0.00423583
12.4 22.8 -0.0493861
12.4 23.2 -0.0736369
12.4 23.6 -0.0669356
12.4 24 -0.034845
12.4 24.4 0.00333206
12.4 24.8 0.026232
12.4 25.2 0.0234731
12.4 25.6 0.00146278
12.4 26 -0.021754
12.4 26.4 -0.00332258
12.4 26.8 0

12.8 0 0
12.8 0.4 -0.00680825
12.8 0.8 -0.0544003
12.8 1.2 -0.0205576
12.8 1.6 0.0223173
12.8 2 0.0503032
12.8 2.4 0.0498017
12.8 2.8 0.0245748
12.8 3.2 -0.00923774
12.8 3.6 -0.0361396
12.8 4 -0.0524299
12.8 4.4 -0.00440446
12.8 4.8 0.00188914
12.8 5.2 0.00118506
12.8 5.6 -0.0354619
12.8 6 -0.0715032
12.8 6.4 -0.0616503
12.8 6.8 -0.0146652
12.8 7.2 0.0437794
12.8 7.6 0.0800011
12.8 8 0.072432
12.8 8.4 0.0243623
12.8 8.8 -0.039157
12.8 9.2 -0.0870878
12.8 9.6 -0.100065
12.8 10 -0.0793962
12.8 10.4 -0.0436037
12.8 10.8 -0.0167306
12.8 11.2 -0.016731
12.8 11.6 -0.0499116
12.8 12 -0.107117
12.8 12.4 -0.0204627
12.8 12.8 -0.00713813
12.8 13.2 0.00944332
12.8 13.6 0.106588
12.8 14 0.0407457
12.8 14.4 0.0125662
12.8 14.8 0.00119029
12.8 15.2 -0.00014409
12.8 15.6 0.00928009
12.8 16 0.0272293
12.8 16.4 0.0414055
12.8 16.8 0.0328617
12.8 17.2 -0.00999694
12.8 17.6 -0.076657
12.8 18 -0.132503
12.8 18.4 -0.135565
12.8 18.8 -0.0634586
12.8 19.2 0.0677977
12.8 19.6 0.204573
12.8 20 0.252579
12.8 20.4 0.017082
12.8 20.8 -0.00573301
12.8 21.2 0.00714915
12.8 21.6 0.108656
12.8 22 0.0588783
12.8 22.4 -0.00741708
12.8 22.8 -0.0713633
12.8 23.2 -0.107579
12.8 23.6 -0.100453
12.8 24 -0.056016
12.8 24.4 0.000693535
12.8 24.8 0.0408507
12.8 25.2 0.0493622
12.8 25.6 0.0329586
12.8 26 0.0135676
12.8 26.4 0.00133406
12.8 26.8 0

13.2 0 0
13.2 0.4 -0.00590234
13.2 0.8 -0.047372
13.2 1.2 -0.018912
13.2 1.6 0.01569
13.2 2 0.0346536
13.2 2.4 0.0266958
13.2 2.8 -0.00221017
13.2 3.2 -0.033735
13.2 3.6 -0.0492309
13.2 4 -0.0387512
13.2 4.4 0.00219353
13.2 4.8 0.0394114
13.2 5.2 0.0419605
13.2 5.6 -0.00616549
13.2 6 -0.0559424
13.2 6.4 -0.072969
13.2 6.8 -0.0452485
13.2 7.2 0.01249
13.2 7.6 0.0674809
13.2 8 0.0887605
13.2 8.4 0.0649823
13.2 8.8 0.00929961
13.2 9.2 -0.0504431
13.2 9.6 -0.0888263
13.2 10 -0.0964341
13.2 10.4 -0.0825663
13.2 10.8 -0.0671008
13.2 11.2 -0.067572
13.2 11.6 -0.0886045
13.2 12 -0.116838
13.2 12.4 -0.121803
13.2 12.8 -0.0768748
13.2 13.2 -0.00350513
13.2 13.6 0.0654702
13.2 14 0.0756626
13.2 14.4 0.0819622
13.2 14.8 0.0925662
13.2 15.2 0.103794
13.2 15.6 0.110591
13.2 16 0.107015
13.2 16.4 0.0853564
13.2 16.8 0.0395865
13.2 17.2 -0.0268482
13.2 17.6 -0.0951747
13.2 18 -0.135201
13.2 18.4 -0.120812
13.2 18.8 -0.0491042
13.2 19.2 0.0500265
13.2 19.6 0.121671
13.2 20 0.106548
13.2 20.4 -0.0216027
13.2 20.8 -0.0721615
13.2 21.2 -0.0391081
13.2 21.6 0.0326114
13.2 22 0.0285313
13.2 22.4 -0.0229144
13.2 22.8 -0.0859669
13.2 23.2 -0.122866
13.2 23.6 -0.111341
13.2 24 -0.0568689
13.2 24.4 0.0113208
13.2 24.8 0.0590767
13.2 25.2 0.068848
13.2 25.6 0.0495394
13.2 26 0.0281808
13.2 26.4 0.00335361
13.2 26.8 0

13.6 0 0
13.6 0.4 -0.00475877
13.6 0.8 -0.0384974
13.6 1.2 -0.0157076
13.6 1.6 0.0110834
13.6 2 0.0231761
13.6 2.4 0.0118834
13.6 2.8 -0.0154902
13.6 3.2 -0.0406322
13.6 3.6 -0.0459121
13.6 4 -0.0239207
13.6 4.4 0.0202173
13.6 4.8 0.0604439
13.6 5.2 0.0671556
13.6 5.6 0.0292239
13.6 6 -0.0339293
13.6 6.4 -0.079426
13.6 6.8 -0.0788155
13.6 7.2 -0.032608
13.6 7.6 0.0328053
13.6 8 0.0821439
13.6 8.4 0.0914478
13.6 8.8 0.0596003
13.6 9.2 0.00551617
13.6 9.6 -0.0455209
13.6 10 -0.0768934
13.6 10.4 -0.0880331
13.6 10.8 -0.0909059
13.6 11.2 -0.0991718
13.6 11.6 -0.117128
13.6 12 -0.134369
13.6 12.4 -0.129304
13.6 12.8 -0.0859196
13.6 13.2 -0.0202815
13.6 13.6 0.039145
13.6 14 0.078822
13.6 14.4 0.111016
13.6 14.8 0.136777
13.6 15.2 0.150582
13.6 15.6 0.147263
13.6 16 0.124862
13.6 16.4 0.0847687
13.6 16.8 0.0320753
13.6 17.2 -0.0229886
13.6 17.6 -0.0649853
13.6 18 -0.077967
13.6 18.4 -0.0549843
13.6 18.8 -0.00700537
13.6 19.2 0.0367549
13.6 19.6 0.0416453
13.6 20 -0.00896188
13.6 20.4 -0.0869191
13.6 20.8 -0.114133
13.6 21.2 -0.0719965
13.6 21.6 -0.0033566
13.6 22 0.0124251
13.6 22.4 -0.0237062
13.6 22.8 -0.0780786
13.6 23.2 -0.109463
13.6 23.6 -0.0929658
13.6 24 -0.0344553
13.6 24.4 0.033984
13.6 24.8 0.0754886
13.6 25.2 0.0727773
13.6 25.6 0.0389484
13.6 26 0.00729174
13.6 26.4 0.000820618
13.6 26.8 0

14 0 0
14 0.4 -0.00361334
14 0.8 -0.0295429
14 1.2 -0.0112739
14 1.6 0.0102467
14 2 0.0195991
14 2.4 0.0101188
14 2.8 -0.0112482
14 3.2 -0.0288845
14 3.6 -0.0293465
14 4 -0.00938299
14 4.4 0.0302617
14 4.8 0.0739788
14 5.2 0.0927499
14 5.6 0.0750825
14 6 0.00222997
14 6.4 -0.0683313
14 6.8 -0.0976482
14 7.2 -0.0734464
14 7.6 -0.0116945
14 8 0.0546921
14 8.4 0.0946628
14 8.8 0.0943787
14 9.2 0.0608893
14 9.6 0.0137899
14 10 -0.028298
14 10.4 -0.057521
14 10.8 -0.0776696
14 11.2 -0.0973264
14 11.6 -0.12103
14 12 -0.143879
14 12.4 -0.149408
14 12.8 -0.112775
14 13.2 -0.0555136
14 13.6 -0.0140734
14 14 0.0269941
14 14.4 0.0654843
14 14.8 0.0922838
14 15.2 0.0998669
14 15.6 0.086488
14 16 0.057649
14 16.4 0.0238484
14 16.8 -0.00363325
14 17.2 -0.0163969
14 17.6 -0.011061
14 18 0.00945728
14 18.4 0.0350236
14 18.8 0.0489833
14 19.2 0.0328752
14 19.6 -0.0234214
14 20 -0.106322
14 20.4 -0.157591
14 20.8 -0.158872
14 21.2 -0.0926188
14 21.6 0.00471578
14 22 0.028301
14 22.4 -0.000130049
14 22.8 -0.0467663
14 23.2 -0.0724976
14 23.6 -0.0540301
14 24 0.00119576
14 24.4 0.0595767
14 24.8 0.0839461
14 25.2 0.0592709
14 25.6 0.00359065
14 26 -0.0437955
14 26.4 -0.00559975
14 26.8 0

14.4 0 0
14.4 0.4 -0.0024952
14.4 0.8 -0.0206693
14.4 1.2 -0.00594632
14.4 1.6 0.012239
14.4 2 0.0217727
14.4 2.4 0.017454
14.4 2.8 0.00461533
14.4 3.2 -0.00540259
14.4 3.6 -0.00524764
14.4 4 -0.00332201
14.4 4.4 0.00154471
14.4 4.8 0.00465378
14.4 5.2 0.0193564
14.4 5.6 0.133578
14.4 6 0.0486297
14.4 6.4 -0.0354501
14.4 6.8 -0.0888564
14.4 7.2 -0.0928116
14.4 7.6 -0.0506398
14.4 8 0.0140587
14.4 8.4 0.0709364
14.4 8.8 0.0985649
14.4 9.2 0.0927723
14.4 9.6 0.0641055
14.4 10 0.0280372
14.4 10.4 -0.00471867
14.4 10.8 -0.0320283
14.4 11.2 -0.0577665
14.4 11.6 -0.0872996
14.4 12 -0.126719
14.4 12.4 -0.021445
14.4 12.8 -0.01074
14.4 13.2 -0.0159255
14.4 13.6 -0.0905296
14.4 14 -0.0647751
14.4 14.4 -0.0334127
14.4 14.8 -0.0159496
14.4 15.2 -0.018323
14.4 15.6 -0.0369787
14.4 16 -0.0594852
14.4 16.4 -0.0695801
14.4 16.8 -0.0553171
14.4 17.2 -0.015733
14.4 17.6 0.0376648
14.4 18 0.0851312
14.4 18.4 0.10626
14.4 18.8 0.0874373
14.4 19.2 0.0262647
14.4 19.6 -0.0688084
14.4 20 -0.182911
14.4 20.4 -0.0307743
14.4 20.8 -0.0128241
14.4 21.2 -0.000535308
14.4 21.6 0.0741078
14.4 22 0.0674242
14.4 22.4 0.0340353
14.4 22.8 -0.00870917
14.4 23.2 -0.0311887
14.4 23.6 -0.0146006
14.4 24 0.032177
14.4 24.4 0.0759067
14.4 24.8 0.0810678
14.4 25.2 0.0353874
14.4 25.6 -0.0395575
14.4 26 -0.10094
14.4 26.4 -0.012833
14.4 26.8 0

14.8 0 0
14.8 0.4 -0.00126412
14.8 0.8 -0.0108187
14.8 1.2 -9.11197e-05
14.8 1.6 0.0141459
14.8 2 0.0233987
14.8 2.4 0.0239713
14.8 2.8 0.0194318
14.8 3.2 0.0176458
14.8 3.6 0.0259598
14.8 4 0.00310553
14.8 4.4 0
14.8 4.8 0
14.8 5.2 0
14.8 5.6 0.0202722
14.8 6 0.0768939
14.8 6.4 0.00882409
14.8 6.8 -0.0522226
14.8 7.2 -0.0831803
14.8 7.6 -0.0726835
14.8 8 -0.0294355
14.8 8.4 0.0245158
14.8 8.8 0.0669707
14.8 9.2 0.0861324
14.8 9.6 0.083055
14.8 10 0.0665955
14.8 10.4 0.0459652
14.8 10.8 0.0261866
14.8 11.2 0.00811121
14.8 11.6 -0.0103574
14.8 12 -0.0069656
14.8 12.4 0
14.8 12.8 0
14.8 13.2 0
14.8 13.6 -0.0213177
14.8 14 -0.14422
14.8 14.4 -0.117206
14.8 14.8 -0.111963
14.8 15.2 -0.122539
14.8 15.6 -0.140773
14.8 16 -0.151232
14.8 16.4 -0.136687
14.8 16.8 -0.0883164
14.8 17.2 -0.0133908
14.8 17.6 0.0651945
14.8 18 0.118329
14.8 18.4 0.124502
14.8 18.8 0.080754
14.8 19.2 0.00442691
14.8 19.6 -0.0785865
14.8 20 -0.0255966
14.8 20.4 0
14.8 20.8 0
14.8 21.2 0
14.8 21.6 0.0112586
14.8 22 0.0788659
14.8 22.4 0.0487736
14.8 22.8 0.0132291
14.8 23.2 -0.00657224
14.8 23.6 0.00582151
14.8 24 0.0428045
14.8 24.4 0.0742735
14.8 24.8 0.0678795
14.8 25.2 0.0132046
14.8 25.6 -0.0680301
14.8 26 -0.133971
14.8 26.4 -0.0170337
14.8 26.8 0

15.2 0 0
15.2 0.4 0.000255632
15.2 0.8 0.00126423
15.2 1.2 0.00603701
15.2 1.6 0.0131413
15.2 2 0.0183485
15.2 2.4 0.0200051
15.2 2.8 0.0199135
15.2 3.2 0.0209127
15.2 3.6 0.00456138
15.2 4 0
15.2 4.4 0
15.2 4.8 0
15.2 5.2 0
15.2 5.6 0
15.2 6 0.0125513
15.2 6.4 0.0529496
15.2 6.8 0.00175363
15.2 7.2 -0.0496123
15.2 7.6 -0.074432
15.2 8 -0.0652715
15.2 8.4 -0.0316453
15.2 8.8 0.00923086
15.2 9.2 0.0427709
15.2 9.6 0.0626676
15.2 10 0.0702358
15.2 10.4 0.0702164
15.2 10.8 0.0674373
15.2 11.2 0.0672633
15.2 11.6 0.00756702
15.2 12 0
15.2 12.4 0
15.2 12.8 0
15.2 13.2 0
15.2 13.6 0
15.2 14 -0.0188232
15.2 14.4 -0.112569
15.2 14.8 -0.124483
15.2 15.2 -0.138271
15.2 15.6 -0.151546
15.2 16 -0.152495
15.2 16.4 -0.127207
15.2 16.8 -0.0708536
15.2 17.2 0.00462781
15.2 17.6 0.0725588
15.2 18 0.103795
15.2 18.4 0.0831821
15.2 18.8 0.0210991
15.2 19.2 -0.0458134
15.2 19.6 -0.0131147
15.2 20 0
15.2 20.4 0
15.2 20.8 0
15.2 21.2 0
15.2 21.6 0
15.2 22 0.00712865
15.2 22.4 0.0328029
15.2 22.8 0.0117066
15.2 23.2 -0.0058289
15.2 23.6 0.000622996
15.2 24 0.0285834
15.2 24.4 0.0539631
15.2 24.8 0.048681
15.2 25.2 0.00253594
15.2 25.6 -0.0668425
15.2 26 -0.123862
15.2 26.4 -0.0157679
15.2 26.8 0

15.6 0 0
15.6 0.4 0.00209118
15.6 0.8 0.0157206
15.6 1.2 0.0122303
15.6 1.6 0.00836039
15.6 2 0.00486346
15.6 2.4 0.00311612
15.6 2.8 0.00424779
15.6 3.2 0.00736397
15.6 3.6 0.000663749
15.6 4 0
15.6 4.4 0
15.6 4.8 0
15.6 5.2 0
15.6 5.6 0
15.6 6 0.00838364
15.6 6.4 0.103865
15.6 6.8 0.0558426
15.6 7.2 -0.00807108
15.6 7.6 -0.0606825
15.6 8 -0.084854
15.6 8.4 -0.0786566
15.6 8.8 -0.051714
15.6 9.2 -0.0171918
15.6 9.6 0.0148864
15.6 10 0.039879
15.6 10.4 0.057056
15.6 10.8 0.0673707
15.6 11.2 0.0727026
15.6 11.6 0.00563657
15.6 12 0
15.6 12.4 0
15.6 12.8 0
15.6 13.2 0
15.6 13.6 0
15.6 14 -0.00103453
15.6 14.4 -0.0406753
15.6 14.8 -0.0503466
15.6 15.2 -0.0546316
15.6 15.6 -0.0582154
15.6 16 -0.0557399
15.6 16.4 -0.0379063
15.6 16.8 -0.00190559
15.6 17.2 0.0413532
15.6 17.6 0.0694779
15.6 18 0.060598
15.6 18.4 0.00846362
15.6 18.8 -0.0693133
15.6 19.2 -0.136861
15.6 19.6 -0.0118612
15.6 20 0
15.6 20.4 0
15.6 20.8 0
15.6 21.2 0
15.6 21.6 0
15.6 22 0.00159986
15.6 22.4 0.0242823
15.6 22.8 0.00437195
15.6 23.2 -0.0173725
15.6 23.6 -0.0204759
15.6 24 -0.00179613
15.6 24.4 0.0221321
15.6 24.8 0.0281686
15.6 25.2 0.0049617
15.6 25.6 -0.0373988
15.6 26 -0.0739198
15.6 26.4 -0.00942954
15.6 26.8 0

16 0 0
16 0.4 0.0039866
16 0.8 0.0306267
16 1.2 0.0179144
16 1.6 0.00115853
16 2 -0.0137149
16 2.4 -0.0215436
16 2.8 -0.0206423
16 3.2 -0.0146925
16 3.6 -0.00258442
16 4 0
16 4.4 0
16 4.8 0
16 5.2 0
16 5.6 0
16 6 0.00782525
16 6.4 0.110833
16 6.8 0.0769916
16 7.2 0.0189486
16 7.6 -0.041308
16 8 -0.0834505
16 8.4 -0.0983508
16 8.8 -0.0886991
16 9.2 -0.0637941
16 9.6 -0.0334554
16 10 -0.0047206
16 10.4 0.0181389
16 10.8 0.0322188
16 11.2 0.035544
16 11.6 -0.00203837
16 12 0
16 12.4 0
16 12.8 0
16 13.2 0
16 13.6 0
16 14 0.00220666
16 14.4 0.0404562
16 14.8 0.0530517
16 15.2 0.0698828
16 15.6 0.0791323
16 16 0.0804423
16 16.4 0.0799238
16 16.8 0.0814414
16 17.2 0.0799452
16 17.6 0.0625643
16 18 0.0179471
16 18.4 -0.0521725
16 18.8 -0.128363
16 19.2 -0.182669
16 19.6 -0.0195436
16 20 0
16 20.4 0
16 20.8 0
16 21.2 0
16 21.6 0
16 22 0.00657794
16 22.4 0.0299494
16 22.8 0.00630834
16 23.2 -0.023705
16 23.6 -0.0395761
16 24 -0.0324023
16 24.4 -0.0103577
16 24.8 0.00907959
16 25.2 0.0132449
16 25.6 0.0033991
16 26 -0.00797873
16 26.4 -0.00101412
16 26.8 0

16.4 0 0
16.4 0.4 0.00543397
16.4 0.8 0.0421909
16.4 1.2 0.0218698
16.4 1.6 -0.00599947
16.4 2 -0.0312046
16.4 2.4 -0.044859
16.4 2.8 -0.0435956
16.4 3.2 -0.0320245
16.4 3.6 -0.0223236
16.4 4 -0.00229895
16.4 4.4 0
16.4 4.8 0
16.4 5.2 0
16.4 5.6 -0.00670233
16.4 6 -0.00110497
16.4 6.4 0.0498852
16.4 6.8 0.0508361
16.4 7.2 0.0194246
16.4 7.6 -0.024217
16.4 8 -0.0614683
16.4 8.4 -0.0816619
16.4 8.8 -0.083683
16.4 9.2 -0.0726594
16.4 9.6 -0.0552159
16.4 10 -0.0366488
16.4 10.4 -0.0209795
16.4 10.8 -0.0126067
16.4 11.2 -0.0181661
16.4 11.6 -0.0501788
16.4 12 -0.00845725
16.4 12.4 0
16.4 12.8 0
16.4 13.2 0
16.4 13.6 -0.00892817
16.4 14 -0.00282823
16.4 14.4 0.0588192
16.4 14.8 0.110504
16.4 15.2 0.150379
16.4 15.6 0.170571
16.4 16 0.169382
16.4 16.4 0.152173
16.4 16.8 0.125775
16.4 17.2 0.0925665
16.4 17.6 0.0497611
16.4 18 -0.00492573
16.4 18.4 -0.0654372
16.4 18.8 -0.114001
16.4 19.2 -0.125495
16.4 19.6 -0.073379
16.4 20 0.00347915
16.4 20.4 0
16.4 20.8 0
16.4 21.2 0
16.4 21.6 0.00701385
16.4 22 0.0631014
16.4 22.4 0.051765
16.4 22.8 0.0246921
16.4 23.2 -0.0126395
16.4 23.6 -0.0418428
16.4 24 -0.0490648
16.4 24.4 -0.0340819
16.4 24.8 -0.00792011
16.4 25.2 0.0166841
16.4 25.6 0.0334575
16.4 26 0.0434127
16.4 26.4 0.00561842
16.4 26.8 0

16.8 0 0
16.8 0.4 0.00589925
16.8 0.8 0.0463461
16.8 1.2 0.0226416
16.8 1.6 -0.0108702
16.8 2 -0.0418978
16.8 2.4 -0.0590869
16.8 2.8 -0.0568123
16.8 3.2 -0.0380357
16.8 3.6 -0.0133409
16.8 4 0.00488848
16.8 4.4 0.00337714
16.8 4.8 0.00347335
16.8 5.2 -0.00608676
16.8 5.6 -0.082442
16.8 6 -0.051816
16.8 6.4 -0.0164695
16.8 6.8 0.00158425
16.8 7.2 0.000509627
16.8 7.6 -0.0118823
16.8 8 -0.0256969
16.8 8.4 -0.0348101
16.8 8.8 -0.0384993
16.8 9.2 -0.0391559
16.8 9.6 -0.0389735
16.8 10 -0.0384533
16.8 10.4 -0.0374167
16.8 10.8 -0.0369633
16.8 11.2 -0.0400469
16.8 11.6 -0.048456
16.8 12 -0.0504786
16.8 12.4 -0.00303896
16.8 12.8 0.00177687
16.8 13.2 -0.00665285
16.8 13.6 -0.0708653
16.8 14 -0.0192482
16.8 14.4 0.0386718
16.8 14.8 0.0940049
16.8 15.2 0.136968
16.8 15.6 0.158256
16.8 16 0.154991
16.8 16.4 0.132129
16.8 16.8 0.0986306
16.8 17.2 0.0620551
16.8 17.6 0.0260416
16.8 18 -0.00760183
16.8 18.4 -0.0345535
16.8 18.8 -0.0458588
16.8 19.2 -0.0307815
16.8 19.6 0.0166239
16.8 20 0.0878948
16.8 20.4 0.00821902
16.8 20.8 -0.00409475
16.8 21.2 -0.00121752
16.8 21.6 0.0325378
16.8 22 0.0606246
16.8 22.4 0.0703839
16.8 22.8 0.0530998
16.8 23.2 0.0155302
16.8 23.6 -0.0236242
16.8 24 -0.0461895
16.8 24.4 -0.0443814
16.8 24.8 -0.0224286
16.8 25.2 0.00882051
16.8 25.6 0.0387355
16.8 26 0.0602873
16.8 26.4 0.00791625
16.8 26.8 0

17.2 0 0
17.2 0.4 0.00512656
17.2 0.8 0.0409781
17.2 1.2 0.0195754
17.2 1.6 -0.0119919
17.2 2 -0.0426157
17.2 2.4 -0.0608599
17.2 2.8 -0.0592605
17.2 3.2 -0.0377399
17.2 3.6 -0.00395166
17.2 4 0.0306522
17.2 4.4 0.0581121
17.2 4.8 0.0427467
17.2 5.2 -0.0111552
17.2 5.6 -0.0722449
17.2 6 -0.0850909
17.2 6.4 -0.0703165
17.2 6.8 -0.0466526
17.2 7.2 -0.0238973
17.2 7.6 -0.00475735
17.2 8 0.0106267
17.2 8.4 0.0210681
17.2 8.8 0.0239644
17.2 9.2 0.0176218
17.2 9.6 0.00360683
17.2 10 -0.0132254
17.2 10.4 -0.0271832
17.2 10.8 -0.0346882
17.2 11.2 -0.0352502
17.2 11.6 -0.0292069
17.2 12 -0.0132494
17.2 12.4 0.0178482
17.2 12.8 0.0236864
17.2 13.2 0.00215343
17.2 13.6 -0.0347714
17.2 14 -0.0323216
17.2 14.4 -0.0109334
17.2 14.8 0.0173268
17.2 15.2 0.0417573
17.2 15.6 0.0535951
17.2 16 0.0496527
17.2 16.4 0.0337479
17.2 16.8 0.0142466
17.2 17.2 -0.000490348
17.2 17.6 -0.00556341
17.2 18 2.74833e-07
17.2 18.4 0.014973
17.2 18.8 0.0372414
17.2 19.2 0.0626872
17.2 19.6 0.0817163
17.2 20 0.0743612
17.2 20.4 0.00376496
17.2 20.8 -0.0565691
17.2 21.2 -0.0575339
17.2 21.6 0.00127319
17.2 22 0.0552997
17.2 22.4 0.0855406
17.2 22.8 0.0820365
17.2 23.2 0.0499505
17.2 23.6 0.00658509
17.2 24 -0.0282723
17.2 24.4 -0.0418683
17.2 24.8 -0.0325823
17.2 25.2 -0.00785307
17.2 25.6 0.0209995
17.2 26 0.0433602
17.2 26.4 0.00590939
17.2 26.8 0

17.6 0 0
17.6 0.4 0.00331697
17.6 0.8 0.0273403
17.6 1.2 0.0136612
17.6 1.6 -0.0085238
17.6 2 -0.0328421
17.6 2.4 -0.0506399
17.6 2.8 -0.0536586
17.6 3.2 -0.0379777
17.6 3.6 -0.00670073
17.6 4 0.0304933
17.6 4.4 0.0580644
17.6 4.8 0.0444741
17.6 5.2 -0.00691409
17.6 5.6 -0.0649684
17.6 6 -0.0945712
17.6 6.4 -0.0940138
17.6 6.8 -0.072851
17.6 7.2 -0.040326
17.6 7.6 -0.00324566
17.6 8 0.0321521
17.6 8.4 0.0588844
17.6 8.8 0.0706161
17.6 9.2 0.0647976
17.6 9.6 0.0447793
17.6 10 0.0188528
17.6 10.4 -0.00343123
17.6 10.8 -0.0152752
17.6 11.2 -0.0144942
17.6 11.6 -0.00259318
17.6 12 0.0170263
17.6 12.4 0.0377498
17.6 12.8 0.0413598
17.6 13.2 0.0223353
17.6 13.6 -0.0100321
17.6 14 -0.0387473
17.6 14.4 -0.0575939
17.6 14.8 -0.0667367
17.6 15.2 -0.0699205
17.6 15.6 -0.0717098
17.6 16 -0.0744142
17.6 16.4 -0.0763582
17.6 16.8 -0.0727036
17.6 17.2 -0.0582895
17.6 17.6 -0.0306434
17.6 18 0.00847926
17.6 18.4 0.0532747
17.6 18.8 0.094767
17.6 19.2 0.121411
17.6 19.6 0.119866
17.6 20 0.0786165
17.6 20.4 0.000992768
17.6 20.8 -0.0597596
17.6 21.2 -0.0597598
17.6 21.6 -0.0026852
17.6 22 0.056502
17.6 22.4 0.0933958
17.6 22.8 0.0981777
17.6 23.2 0.0735994
17.6 23.6 0.0329495
17.6 24 -0.00640251
17.6 24.4 -0.0308186
17.6 24.8 -0.0352764
17.6 25.2 -0.0235253
17.6 25.6 -0.00471252
17.6 26 0.0110284
17.6 26.4 0.00185045
17.6 26.8 0

18 0 0
18 0.4 0.0010421
18 0.8 0.00957975
18 1.2 0.00728807
18 1.6 -0.00017318
18 2 -0.0140052
18 2.4 -0.0307398
18 2.8 -0.0424436
18 3.2 -0.0410674
18 3.6 -0.0234326
18 4 0.00843492
18 4.4 0.0520497
18 4.8 0.0495052
18 5.2 0.0066324
18 5.6 -0.0438222
18 6 -0.0723567
18 6.4 -0.077808
18 6.8 -0.0657893
18 7.2 -0.0409413
18 7.6 -0.00736408
18 8 0.02895
18 8.4 0.0595298
18 8.8 0.0760658
18 9.2 0.0745797
18 9.6 0.0579298
18 10 0.034636
18 10.4 0.0147264
18 10.8 0.00534695
18 11.2 0.00865237
18 11.6 0.0222894
18 12 0.0405812
18 12.4 0.0574655
18 12.8 0.0631956
18 13.2 0.050723
18 13.6 0.0279155
18 14 -0.0179706
18 14.4 -0.0635241
18 14.8 -0.100088
18 15.2 -0.124202
18 15.6 -0.135389
18 16 -0.134861
18 16.4 -0.123954
18 16.8 -0.103155
18 17.2 -0.0724263
18 17.6 -0.0325142
18 18 0.0137139
18 18.4 0.0606182
18 18.8 0.0998982
18 19.2 0.121243
18 19.6 0.113647
18 20 0.0686081
18 20.4 -0.00830033
18 20.8 -0.0638421
18 21.2 -0.0543597
18 21.6 0.0169877
18 22 0.0622055
18 22.4 0.0860222
18 22.8 0.0887291
18 23.2 0.0714174
18 23.6 0.0409186
18 24 0.00817168
18 24.4 -0.0166605
18 24.8 -0.0283671
18 25.2 -0.0279351
18 25.6 -0.0208821
18 26 -0.0140883
18 26.4 -0.00144722
18 26.8 0

18.4 0 0
18.4 0.4 -0.00105988
18.4 0.8 -0.00739367
18.4 1.2 0.0028474
18.4 1.6 0.0122442
18.4 2 0.0107857
18.4 2.4 -0.00431089
18.4 2.8 -0.0260991
18.4 3.2 -0.043188
18.4 3.6 -0.048546
18.4 4 -0.0402972
18.4 4.4 -0.000105938
18.4 4.8 0.00420378
18.4 5.2 0.00178731
18.4 5.6 -0.0174705
18.4 6 -0.0264057
18.4 6.4 -0.0281436
18.4 6.8 -0.0290316
18.4 7.2 -0.0261412
18.4 7.6 -0.0155258
18.4 8 0.00267564
18.4 8.4 0.0229372
18.4 8.8 0.0374078
18.4 9.2 0.0409239
18.4 9.6 0.0342248
18.4 10 0.0231964
18.4 10.4 0.01505
18.4 10.8 0.0144516
18.4 11.2 0.0222029
18.4 11.6 0.0362996
18.4 12 0.0497638
18.4 12.4 0.00853402
18.4 12.8 0.00553485
18.4 13.2 0.0136324
18.4 13.6 0.0826129
18.4 14 0.0282601
18.4 14.4 -0.0202544
18.4 14.8 -0.0616233
18.4 15.2 -0.0899817
18.4 15.6 -0.101162
18.4 16 -0.0957376
18.4 16.4 -0.0783254
18.4 16.8 -0.0548531
18.4 17.2 -0.0300267
18.4 17.6 -0.00633112
18.4 18 0.0154709
18.4 18.4 0.0351438
18.4 18.8 0.0518611
18.4 19.2 0.0635385
18.4 19.6 0.0660995
18.4 20 0.0479315
18.4 20.4 -0.000351073
18.4 20.8 -0.00505928
18.4 21.2 0.00368621
18.4 21.6 0.0760535
18.4 22 0.0673341
18.4 22.4 0.0561482
18.4 22.8 0.0485867
18.4 23.2 0.0391871
18.4 23.6 0.0257275
18.4 24 0.0102067
18.4 24.4 -0.00364379
18.4 24.8 -0.0130691
18.4 25.2 -0.0176723
18.4 25.6 -0.0191216
18.4 26 -0.019785
18.4 26.4 -0.00242327
18.4 26.8 0

18.8 0 0
18.8 0.4 -0.00258957
18.8 0.8 -0.0201942
18.8 1.2 0.00119457
18.8 1.6 0.0260564
18.8 2 0.0363517
18.8 2.4 0.0238589
18.8 2.8 -0.0047501
18.8 3.2 -0.0347352
18.8 3.6 -0.0607545
18.8 4 -0.00829299
18.8 4.4 0
18.8 4.8 0
18.8 5.2 0
18.8 5.6 0.00266358
18.8 6 0.0248903
18.8 6.4 0.0355786
18.8 6.8 0.020937
18.8 7.2 -0.0036608
18.8 7.6 -0.0242872
18.8 8 -0.0331714
18.8 8.4 -0.0308781
18.8 8.8 -0.0233577
18.8 9.2 -0.0164119
18.8 9.6 -0.0118195
18.8 10 -0.00751039
18.8 10.4 -0.000752974
18.8 10.8 0.00891321
18.8 11.2 0.0200979
18.8 11.6 0.0356409
18.8 12 0.00631138
18.8 12.4 0
18.8 12.8 0
18.8 13.2 0
18.8 13.6 0.0135656
18.8 14 0.0599094
18.8 14.4 0.0407033
18.8 14.8 0.0176985
18.8 15.2 0.00073826
18.8 15.6 -0.00223347
18.8 16 0.00881069
18.8 16.4 0.026549
18.8 16.8 0.0409187
18.8 17.2 0.0442429
18.8 17.6 0.0342621
18.8 18 0.0143842
18.8 18.4 -0.00804926
18.8 18.8 -0.0242042
18.8 19.2 -0.0254343
18.8 19.6 -0.00119452
18.8 20 -5.84152e-05
18.8 20.4 0
18.8 20.8 0
18.8 21.2 0
18.8 21.6 0.0114434
18.8 22 0.0484465
18.8 22.4 -0.00182323
18.8 22.8 -0.0142241
18.8 23.2 -0.0114232
18.8 23.6 -0.0037348
18.8 24 0.00314143
18.8 24.4 0.00643468
18.8 24.8 0.00551504
18.8 25.2 0.00118842
18.8 25.6 -0.00485456
18.8 26 -0.0104696
18.8 26.4 -0.00154728
18.8 26.8 0

19.2 0 0
19.2 0.4 -0.00347386
19.2 0.8 -0.0277805
19.2 1.2 0.00130517
19.2 1.6 0.0369502
19.2 2 0.0555446
19.2 2.4 0.045689
19.2 2.8 0.0160026
19.2 3.2 -0.00975002
19.2 3.6 -0.00483693
19.2 4 0
19.2 4.4 0
19.2 4.8 0
19.2 5.2 0
19.2 5.6 0
19.2 6 0.00952742
19.2 6.4 0.0922
19.2 6.8 0.0613946
19.2 7.2 0.0146993
19.2 7.6 -0.0300036
19.2 8 -0.059991
19.2 8.4 -0.0723364
19.2 8.8 -0.0714731
19.2 9.2 -0.0634038
19.2 9.6 -0.0514977
19.2 10 -0.0364539
19.2 10.4 -0.0192872
19.2 10.8 -0.00415408
19.2 11.2 0.00102438
19.2 11.6 0.00130512
19.2 12 0
19.2 12.4 0
19.2 12.8 0
19.2 13.2 0
19.2 13.6 0
19.2 14 0.00930042
19.2 14.4 0.0802813
19.2 14.8 0.0807631
19.2 15.2 0.0781911
19.2 15.6 0.0845431
19.2 16 0.100221
19.2 16.4 0.116097
19.2 16.8 0.119931
19.2 17.2 0.10312
19.2 17.6 0.064637
19.2 18 0.0113612
19.2 18.4 -0.0442764
19.2 18.8 -0.0882072
19.2 19.2 -0.109838
19.2 19.6 -0.00936213
19.2 20 0
19.2 20.4 0
19.2 20.8 0
19.2 21.2 0
19.2 21.6 0
19.2 22 -0.00281874
19.2 22.4 -0.0833909
19.2 22.8 -0.0739118
19.2 23.2 -0.0545554
19.2 23.6 -0.0285564
19.2 24 -0.0035148
19.2 24.4 0.0138626
19.2 24.8 0.0203705
19.2 25.2 0.0169321
19.2 25.6 0.00777146
19.2 26 -0.0013679
19.2 26.4 -0.000620789
19.2 26.8 0

19.6 0 0
19.6 0.4 0
19.6 0.8 -0.00347386
19.6 1.2 0.000178632
19.6 1.6 0.00466957
19.6 2 0.00703375
19.6 2.4 0.00583107
19.6 2.8 0.00213335
19.6 3.2 -0.00107746
19.6 3.6 0
19.6 4 0
19.6 4.4 0
19.6 4.8 0
19.6 5.2 0
19.6 5.6 0
19.6 6 0
19.6 6.4 0.0115785
19.6 6.8 0.0077707
19.6 7.2 0.00198304
19.6 7.6 -0.00356283
19.6 8 -0.00733056
19.6 8.4 -0.00898871
19.6 8.8 -0.00906731
19.6 9.2 -0.00824533
19.6 9.6 -0.00687487
19.6 10 -0.00502297
19.6 10.4 -0.00285119
19.6 10.8 -0.000933722
19.6 11.2 -0.000294343
19.6 11.6 0
19.6 12 0
19.6 12.4 0
19.6 12.8 0
19.6 13.2 0
19.6 13.6 0
19.6 14 0
19.6 14.4 0.00941721
19.6 14.8 0.00971036
19.6 15.2 0.00970784
19.6 15.6 0.0107669
19.6 16 0.0127823
19.6 16.4 0.0145742
19.6 16.8 0.0147293
19.6 17.2 0.012369
19.6 17.6 0.00750812
19.6 18 0.00100456
19.6 18.4 -0.00571762
19.6 18.8 -0.0110432
19.6 19.2 -0.0136746
19.6 19.6 0
19.6 20 0
19.6 20.4 0
19.6 20.8 0
19.6 21.2 0
19.6 21.6 0
19.6 22 0
19.6 22.4 -0.0106712
19.6 22.8 -0.00953326
19.6 23.2 -0.0070255
19.6 23.6 -0.00354803
19.6 24 -0.000151308
19.6 24.4 0.00218167
19.6 24.8 0.00294813
19.6 25.2 0.00226777
19.6 25.6 0.000783278
19.6 26 -0.000620789
19.6 26.4 0
19.6 26.8 0

20 0 0
20 0.4 0
20 0.8 0
20 1.2 0
20 1.6 0
20 2 0
20 2.4 0
20 2.8 0
20 3.2 0
20 3.6 0
20 4 0
20 4.4 0
20 4.8 0
20 5.2 0
20 5.6 0
20 6 0
20 6.4 0
20 6.8 0
20 7.2 0
20 7.6 0
20 8 0
20 8.4 0
20 8.8 0
20 9.2 0
20 9.6 0
20 10 0
20 10.4 0
20 10.8 0
20 11.2 0
20 11.6 0
20 12 0
20 12.4 0
20 12.8 0
20 13.2 0
20 13.6 0
20 14 0
20 14.4 0
20 14.8 0
20 15.2 0
20 15.6 0
20 16 0
20 16.4 0
20 16.8 0
20 17.2 0
20 17.6 0
20 18 0
20 18.4 0
20 18.8 0
20 19.2 0
20 19.6 0
20 20 0
20 20.4 0
20 20.8 0
20 21.2 0
20 21.6 0
20 22 0
20 22.4 0
20 22.8 0
20 23.2 0
20 23.6 0
20 24 0
20 24.4 0
20 24.8 0
20 25.2 0
20 25.6 0
20 26 0
20 26.4 0
20 26.8 0

