0 0 0
0 0.4 0
0 0.8 0
0 1.2 0
0 1.6 0
0 2 0
0 2.4 0
0 2.8 0
0 3.2 0
0 3.6 0
0 4 0
0 4.4 0
0 4.8 0
0 5.2 0
0 5.6 0
0 6 0
0 6.4 0
0 6.8 0
0 7.2 0
0 7.6 0
0 8 0
0 8.4 0
0 8.8 0
0 9.2 0
0 9.6 0
0 10 0
0 10.4 0
0 10.8 0
0 11.2 0
0 11.6 0
0 12 0
0 12.4 0
0 12.8 0
0 13.2 0
0 13.6 0
0 14 0
0 14.4 0
0 14.8 0
0 15.2 0
0 15.6 0
0 16 0
0 16.4 0
0 16.8 0
0 17.2 0
0 17.6 0
0 18 0
0 18.4 0
0 18.8 0
0 19.2 0
0 19.6 0
0 20 0
0 20.4 0
0 20.8 0
0 21.2 0
0 21.6 0
0 22 0
0 22.4 0
0 22.8 0
0 23.2 0
0 23.6 0
0 24 0
0 24.4 0
0 24.8 0
0 25.2 0
0 25.6 0
0 26 0
0 26.4 0
0 26.8 0

0.4 0 0
0.4 0.4 0
0.4 0.8 0.00760998
0.4 1.2 0.00226373
0.4 1.6 -0.00461475
0.4 2 -0.00921079
0.4 2.4 -0.00895585
0.4 2.8 -0.00394274
0.4 3.2 0.00313851
0.4 3.6 0.00850264
0.4 4 0.00934208
0.4 4.4 0.00528697
0.4 4.8 -0.00152554
0.4 5.2 -0.0076715
0.4 5.6 -0.0104077
0.4 6 -0.00890866
0.4 6.4 -0.00391812
0.4 6.8 0.00283349
0.4 7.2 0.00920673
0.4 7.6 0.0133351
0.4 8 0.0142783
0.4 8.4 0.0123388
0.4 8.8 0.0088176
0.4 9.2 0.00531439
0.4 9.6 0.00295611
0.4 10 0.00200201
0.4 10.4 0.00201288
0.4 10.8 0.00239667
0.4 11.2 0.00289724
0.4 11.6 0.00366183
0.4 12 0.00484918
0.4 12.4 0.00610384
0.4 12.8 0.00640385
0.4 13.2 0.00464389
0.4 13.6 0.000473234
0.4 14 -0.00522435
0.4 14.4 -0.0106286
0.4 14.8 -0.0138972
0.4 15.2 -0.0142806
0.4 15.6 -0.0126004
0.4 16 -0.0106701
0.4 16.4 -0.00999421
0.4 16.8 -0.0106252
0.4 17.2 -0.011015
0.4 17.6 -0.00905466
0.4 18 -0.00368495
0.4 18.4 0.00400276
0.4 18.8 0.0109862
0.4 19.2 0.0138441
0.4 19.6 0.0107115
0.4 20 0.00248596
0.4 20.4 -0.00738396
0.4 20.8 -0.0143116
0.4 21.2 -0.0147571
0.4 21.6 -0.008227
0.4 22 0.00239668
0.4 22.4 0.0123931
0.4 22.8 0.0174788
0.4 23.2 0.0158135
0.4 23.6 0.00874042
0.4 24 -6.4916e-05
0.4 24.4 -0.00652176
0.4 24.8 -0.00811647
0.4 25.2 -0.0049543
0.4 25.6 0.000537336
0.4 26 0.00499797
0.4 26.4 0
0.4 26.8 0

0.8 0 0
0.8 0.4 0.00760998
0.8 0.8 0.0598599
0.8 1.2 0.0176617
0.8 1.6 -0.0362772
0.8 2 -0.0717213
0.8 2.4 -0.0686873
0.8 2.8 -0.028542
0.8 3.2 0.0269376
0.8 3.6 0.0678802
0.8 4 0.0727684
0.8 4.4 0.0395555
0.8 4.8 -0.0143725
0.8 5.2 -0.0620931
0.8 5.6 -0.0825183
0.8 6 -0.0696965
0.8 6.4 -0.0296855
0.8 6.8 0.0239149
0.8 7.2 0.0742154
0.8 7.6 0.106282
0.8 8 0.112486
0.8 8.4 0.0953199
0.8 8.8 0.065628
0.8 9.2 0.0368182
0.8 9.6 0.0182795
0.8 10 0.011873
0.8 10.4 0.0133325
0.8 10.8 0.0170782
0.8 11.2 0.0206776
0.8 11.6 0.0256272
0.8 12 0.0339531
0.8 12.4 0.043434
0.8 12.8 0.0459557
0.8 13.2 0.0323179
0.8 13.6 -0.00059213
0.8 14 -0.0455814
0.8 14.4 -0.0875994
0.8 14.8 -0.111696
0.8 15.2 -0.112404
0.8 15.6 -0.0973698
0.8 16 -0.0819805
0.8 16.4 -0.0782595
0.8 16.8 -0.0856625
0.8 17.2 -0.0905316
0.8 17.6 -0.0752974
0.8 18 -0.0317586
0.8 18.4 0.0304827
0.8 18.8 0.0866468
0.8 19.2 0.10961
0.8 19.6 0.0853238
0.8 20 0.0215258
0.8 20.4 -0.0548005
0.8 20.8 -0.108638
0.8 21.2 -0.113103
0.8 21.6 -0.0641886
0.8 22 0.0167485
0.8 22.4 0.0941654
0.8 22.8 0.135095
0.8 23.2 0.124443
0.8 23.6 0.0712938
0.8 24 0.00323191
0.8 24.4 -0.0480502
0.8 24.8 -0.0622239
0.8 25.2 -0.0391781
0.8 25.6 0.00266181
0.8 26 0.0370337
0.8 26.4 0.00499797
0.8 26.8 0

1.2 0 0
1.2 0.4 0.00506701
1.2 0.8 0.0398317
1.2 1.2 0.00962379
1.2 1.6 -0.0289086
1.2 2 -0.0536621
1.2 2.4 -0.0503728
1.2 2.8 -0.0206868
1.2 3.2 0.0190342
1.2 3.6 0.0473672
1.2 4 0.050058
1.2 4.4 0.0273467
1.2 4.8 -0.00774279
1.2 5.2 -0.0356184
1.2 5.6 -0.0440115
1.2 6 -0.0354233
1.2 6.4 -0.0151766
1.2 6.8 0.0105512
1.2 7.2 0.0337395
1.2 7.6 0.0461419
1.2 8 0.0431677
1.2 8.4 0.0269201
1.2 8.8 0.00561778
1.2 9.2 -0.0108684
1.2 9.6 -0.0166143
1.2 10 -0.0126482
1.2 10.4 -0.00529719
1.2 10.8 -0.00111959
1.2 11.2 -0.00207764
1.2 11.6 -0.00443063
1.2 12 -0.0022382
1.2 12.4 0.00668986
1.2 12.8 0.016578
1.2 13.2 0.0186553
1.2 13.6 0.00809055
1.2 14 -0.0113565
1.2 14.4 -0.0291966
1.2 14.8 -0.0341891
1.2 15.2 -0.0232685
1.2 15.6 -0.00481872
1.2 16 0.00658644
1.2 16.4 0.00043467
1.2 16.8 -0.0216176
1.2 17.2 -0.0456573
1.2 17.6 -0.0540239
1.2 18 -0.03704
1.2 18.4 -0.000173677
1.2 18.8 0.0384233
1.2 19.2 0.0585751
1.2 19.6 0.0499064
1.2 20 0.0168747
1.2 20.4 -0.0252709
1.2 20.8 -0.0561003
1.2 21.2 -0.0578343
1.2 21.6 -0.0274487
1.2 22 0.0214513
1.2 22.4 0.0673396
1.2 22.8 0.0895374
1.2 23.2 0.0782638
1.2 23.6 0.039705
1.2 24 -0.00709925
1.2 24.4 -0.0399659
1.2 24.8 -0.0447206
1.2 25.2 -0.0219804
1.2 25.6 0.0138186
1.2 26 0.0424102
1.2 26.4 0.0055209
1.2 26.8 0

1.6 0 0
1.6 0.4 0.00177371
1.6 0.8 0.0141306
1.6 1.2 0.000355906
1.6 1.6 -0.0172629
1.6 2 -0.0277945
1.6 2.4 -0.0246336
1.6 2.8 -0.00953235
1.6 3.2 0.0086809
1.6 3.6 0.0199549
1.6 4 0.0197408
1.6 4.4 0.0116259
1.6 4.8 0.0010517
1.6 5.2 0.000223759
1.6 5.6 0.0115191
1.6 6 0.014164
1.6 6.4 0.00568667
1.6 6.8 -0.00712957
1.6 7.2 -0.0193892
1.6 7.6 -0.0308197
1.6 8 -0.0429326
1.6 8.4 -0.0550681
1.6 8.8 -0.0631098
1.6 9.2 -0.0621277
1.6 9.6 -0.0507498
1.6 10 -0.0336215
1.6 10.4 -0.0195546
1.6 10.8 -0.016266
1.6 11.2 -0.0251563
1.6 11.6 -0.0396533
1.6 12 -0.0482669
1.6 12.4 -0.041531
1.6 12.8 -0.0233626
1.6 13.2 -0.00230508
1.6 13.6 0.0143251
1.6 14 0.0262068
1.6 14.4 0.0371347
1.6 14.8 0.0545267
1.6 15.2 0.0791686
1.6 15.6 0.102161
1.6 16 0.11005
1.6 16.4 0.0939138
1.6 16.8 0.0561429
1.6 17.2 0.0102014
1.6 17.6 -0.0266525
1.6 18 -0.0430088
1.6 18.4 -0.0389698
1.6 18.8 -0.024106
1.6 19.2 -0.00938699
1.6 19.6 0.000634282
1.6 20 0.00795379
1.6 20.4 0.0109333
1.6 20.8 0.00892622
1.6 21.2 0.0101772
1.6 21.6 0.0165137
1.6 22 0.0230065
1.6 22.4 0.0279076
1.6 22.8 0.0263949
1.6 23.2 0.0152025
1.6 23.6 -0.00344595
1.6 24 -0.0217089
1.6 24.4 -0.0299201
1.6 24.8 -0.0221181
1.6 25.2 8.10483e-06
1.6 25.6 0.0273104
1.6 26 0.0476386
1.6 26.4 0.00594483
1.6 26.8 0

2 0 0
2 0.4 -0.00116178
2 0.8 -0.0084402
2 1.2 -0.00524656
2 1.6 -0.00125667
2 2 0.00286993
2 2.4 0.00589491
2 2.8 0.00605021
2 3.2 0.00211487
2 3.6 -0.00491886
2 4 -0.0102638
2 4.4 -0.00400729
2 4.8 0.00365901
2 5.2 0.0260804
2 5.6 0.0680464
2 6 0.064485
2 6.4 0.0265536
2 6.8 -0.0199959
2 7.2 -0.0585345
2 7.6 -0.0836364
2 8 -0.0967647
2 8.4 -0.100429
2 8.8 -0.0948624
2 9.2 -0.0791688
2 9.6 -0.0550023
2 10 -0.0290659
2 10.4 -0.0115276
2 10.8 -0.0109463
2 11.2 -0.0289449
2 11.6 -0.0579838
2 12 -0.0823784
2 12.4 -0.0805896
2 12.8 -0.0605495
2 13.2 -0.0300069
2 13.6 0.00130185
2 14 0.0332005
2 14.4 0.0600599
2 14.8 0.0896403
2 15.2 0.121993
2 15.6 0.148142
2 16 0.155926
2 16.4 0.137894
2 16.8 0.0964332
2 17.2 0.0431417
2 17.6 -0.00712524
2 18 -0.0435241
2 18.4 -0.063203
2 18.8 -0.0693188
2 19.2 -0.0646641
2 19.6 -0.0455113
2 20 -0.00351934
2 20.4 0.0401572
2 20.8 0.0579398
2 21.2 0.0587724
2 21.6 0.0427051
2 22 0.00768751
2 22.4 -0.0222124
2 22.8 -0.0392155
2 23.2 -0.0431526
2 23.6 -0.0376911
2 24 -0.0269389
2 24.4 -0.0134088
2 24.8 0.00176414
2 25.2 0.0172636
2 25.6 0.0305883
2 26 0.038756
2 26.4 0.00457444
2 26.8 0

2.4 0 0
2.4 0.4 -0.00309318
2.4 0.8 -0.0229199
2.4 1.2 -0.00604969
2.4 1.6 0.0154174
2.4 2 0.0314923
2.4 2.4 0.0347807
2.4 2.8 0.0237421
2.4 3.2 0.00316753
2.4 3.6 -0.0185561
2.4 4 -0.0337333
2.4 4.4 -0.00320763
2.4 4.8 -0.000462717
2.4 5.2 0.00946929
2.4 5.6 0.120336
2.4 6 0.101417
2.4 6.4 0.0360818
2.4 6.8 -0.0264223
2.4 7.2 -0.0681947
2.4 7.6 -0.0871532
2.4 8 -0.0894842
2.4 8.4 -0.0821122
2.4 8.8 -0.0681464
2.4 9.2 -0.04766
2.4 9.6 -0.0218077
2.4 10 0.00379212
2.4 10.4 0.0198273
2.4 10.8 0.0177762
2.4 11.2 -0.00532721
2.4 11.6 -0.0455874
2.4 12 -0.0921609
2.4 12.4 -0.0136003
2.4 12.8 -0.00585671
2.4 13.2 -0.00916044
2.4 13.6 -0.0333891
2.4 14 0.00182141
2.4 14.4 0.0201116
2.4 14.8 0.0444471
2.4 15.2 0.0745663
2.4 15.6 0.10083
2.4 16 0.112245
2.4 16.4 0.102804
2.4 16.8 0.0745176
2.4 17.2 0.0360043
2.4 17.6 -0.00234482
2.4 18 -0.0334877
2.4 18.4 -0.0560954
2.4 18.8 -0.0725218
2.4 19.2 -0.0832797
2.4 19.6 -0.0783122
2.4 20 -0.0149457
2.4 20.4 0.00566559
2.4 20.8 0.00524567
2.4 21.2 0.00881355
2.4 21.6 0.0412406
2.4 22 -0.0302804
2.4 22.4 -0.074852
2.4 22.8 -0.0893217
2.4 23.2 -0.0760299
2.4 23.6 -0.0458199
2.4 24 -0.0128977
2.4 24.4 0.0117445
2.4 24.8 0.0237119
2.4 25.2 0.024534
2.4 25.6 0.0189024
2.4 26 0.0121921
2.4 26.4 0.00102715
2.4 26.8 0

2.8 0 0
2.8 0.4 -0.00403747
2.8 0.8 -0.0297687
2.8 1.2 -0.00532105
2.8 1.6 0.0257769
2.8 2 0.0484747
2.8 2.4 0.0523524
2.8 2.8 0.0367648
2.8 3.2 0.0108438
2.8 3.6 -0.0127152
2.8 4 -0.00321032
2.8 4.4 0
2.8 4.8 0
2.8 5.2 0
2.8 5.6 0.0173757
2.8 6 0.110123
2.8 6.4 0.0163604
2.8 6.8 -0.0340973
2.8 7.2 -0.0508451
2.8 7.6 -0.0441643
2.8 8 -0.0276884
2.8 8.4 -0.0118004
2.8 8.8 0.000714739
2.8 9.2 0.0128466
2.8 9.6 0.0277007
2.8 10 0.0437042
2.8 10.4 0.0545255
2.8 10.8 0.0532206
2.8 11.2 0.0363718
2.8 11.6 0.00100799
2.8 12 -0.0063921
2.8 12.4 0
2.8 12.8 0
2.8 13.2 0
2.8 13.6 -0.00823049
2.8 14 -0.0360442
2.8 14.4 -0.0585597
2.8 14.8 -0.0516702
2.8 15.2 -0.0299802
2.8 15.6 -0.00635997
2.8 16 0.00934465
2.8 16.4 0.0131574
2.8 16.8 0.00734508
2.8 17.2 -0.0020777
2.8 17.6 -0.00949823
2.8 18 -0.0131857
2.8 18.4 -0.0165839
2.8 18.8 -0.026832
2.8 19.2 -0.0527307
2.8 19.6 -0.108542
2.8 20 -0.00700085
2.8 20.4 0
2.8 20.8 0
2.8 21.2 0
2.8 21.6 -0.00259459
2.8 22 -0.0911133
2.8 22.4 -0.114672
2.8 22.8 -0.107354
2.8 23.2 -0.0712869
2.8 23.6 -0.0223003
2.8 24 0.0198235
2.8 24.4 0.0416069
2.8 24.8 0.040448
2.8 25.2 0.022755
2.8 25.6 -0.00100586
2.8 26 -0.0205361
2.8 26.4 -0.00319102
2.8 26.8 0

3.2 0 0
3.2 0.4 -0.00433547
3.2 0.8 -0.0319908
3.2 1.2 -0.00727343
3.2 1.6 0.0238416
3.2 2 0.0462472
3.2 2.4 0.0499665
3.2 2.8 0.035721
3.2 3.2 0.0157347
3.2 3.6 5.80292e-05
3.2 4 0
3.2 4.4 0
3.2 4.8 0
3.2 5.2 0
3.2 5.6 0
3.2 6 0.00488659
3.2 6.4 -0.0571614
3.2 6.8 -0.0491299
3.2 7.2 -0.0190877
3.2 7.6 0.0209105
3.2 8 0.0536972
3.2 8.4 0.0692419
3.2 8.8 0.0690067
3.2 9.2 0.0621502
3.2 9.6 0.0578464
3.2 10 0.0592932
3.2 10.4 0.0635057
3.2 10.8 0.0664342
3.2 11.2 0.0701806
3.2 11.6 0.00713538
3.2 12 0
3.2 12.4 0
3.2 12.8 0
3.2 13.2 0
3.2 13.6 0
3.2 14 -0.0125704
3.2 14.4 -0.14024
3.2 14.8 -0.135364
3.2 15.2 -0.117999
3.2 15.6 -0.0980527
3.2 16 -0.0821467
3.2 16.4 -0.0709175
3.2 16.8 -0.0603106
3.2 17.2 -0.0449519
3.2 17.6 -0.0218122
3.2 18 0.00738441
3.2 18.4 0.0355091
3.2 18.8 0.051903
3.2 19.2 0.0472596
3.2 19.6 -0.00648826
3.2 20 0
3.2 20.4 0
3.2 20.8 0
3.2 21.2 0
3.2 21.6 0
3.2 22 -0.0155261
3.2 22.4 -0.114271
3.2 22.8 -0.0833519
3.2 23.2 -0.0312881
3.2 23.6 0.02267
3.2 24 0.0580013
3.2 24.4 0.0649611
3.2 24.8 0.0471635
3.2 25.2 0.0162032
3.2 25.6 -0.0156272
3.2 26 -0.0391703
3.2 26.4 -0.00550037
3.2 26.8 0

3.6 0 0
3.6 0.4 -0.0041227
3.6 0.8 -0.0307182
3.6 1.2 -0.0124742
3.6 1.6 0.00971705
3.6 2 0.025082
3.6 2.4 0.0266212
3.6 2.8 0.0149176
3.6 3.2 -0.00204111
3.6 3.6 -0.00101421
3.6 4 0
3.6 4.4 0
3.6 4.8 0
3.6 5.2 0
3.6 5.6 0
3.6 6 -0.00795509
3.6 6.4 -0.093816
3.6 6.8 -0.046492
3.6 7.2 0.0193504
3.6 7.6 0.0794232
3.6 8 0.113866
3.6 8.4 0.116485
3.6 8.8 0.0955957
3.6 9.2 0.0669725
3.6 9.6 0.0443131
3.6 10 0.0330061
3.6 10.4 0.0305943
3.6 10.8 0.0325721
3.6 11.2 0.0394543
3.6 11.6 0.00445265
3.6 12 0
3.6 12.4 0
3.6 12.8 0
3.6 13.2 0
3.6 13.6 0
3.6 14 -0.010705
3.6 14.4 -0.151976
3.6 14.8 -0.142344
3.6 15.2 -0.124852
3.6 15.6 -0.109697
3.6 16 -0.100993
3.6 16.4 -0.0958619
3.6 16.8 -0.0874314
3.6 17.2 -0.068761
3.6 17.6 -0.0359624
3.6 18 0.00993717
3.6 18.4 0.0616795
3.6 18.8 0.10583
3.6 19.2 0.125855
3.6 19.6 0.00822205
3.6 20 0
3.6 20.4 0
3.6 20.8 0
3.6 21.2 0
3.6 21.6 0
3.6 22 -0.00475811
3.6 22.4 -0.0611575
3.6 22.8 -0.0261824
3.6 23.2 0.0247104
3.6 23.6 0.066266
3.6 24 0.0806937
3.6 24.4 0.0669392
3.6 24.8 0.037559
3.6 25.2 0.00769948
3.6 25.6 -0.0142843
3.6 26 -0.0278684
3.6 26.4 -0.00391514
3.6 26.8 0

4 0 0
4 0.4 -0.00312616
4 0.8 -0.023513
4 1.2 -0.0163759
4 1.6 -0.00901586
4 2 -0.00483986
4 2.4 -0.00603439
4 2.8 -0.012543
4 3.2 -0.0226097
4 3.6 -0.00477362
4 4 0
4 4.4 0
4 4.8 0
4 5.2 0
4 5.6 0
4 6 -0.0179114
4 6.4 -0.0893342
4 6.8 -0.0220956
4 7.2 0.0550486
4 7.6 0.110619
4 8 0.127572
4 8.4 0.10744
4 8.8 0.0660661
4 9.2 0.0232918
4 9.6 -0.00710054
4 10 -0.0221219
4 10.4 -0.0273117
4 10.8 -0.030222
4 11.2 -0.0333841
4 11.6 -0.0154731
4 12 0
4 12.4 0
4 12.8 0
4 13.2 0
4 13.6 0
4 14 -0.0130035
4 14.4 -0.0883521
4 14.8 -0.0663011
4 15.2 -0.0440781
4 15.6 -0.0335931
4 16 -0.0374186
4 16.4 -0.0500895
4 16.8 -0.0624713
4 17.2 -0.065497
4 17.6 -0.0520011
4 18 -0.0179248
4 18.4 0.0348065
4 18.8 0.0943797
4 19.2 0.137266
4 19.6 0.0187811
4 20 0
4 20.4 0
4 20.8 0
4 21.2 0
4 21.6 0
4 22 0.0047007
4 22.4 0.000879301
4 22.8 0.0302897
4 23.2 0.0675696
4 23.6 0.0845862
4 24 0.0706661
4 24.4 0.0372763
4 24.8 0.00706942
4 25.2 -0.00382374
4 25.6 0.00335573
4 26 0.0138254
4 26.4 0.00157443
4 26.8 0

4.4 0 0
4.4 0.4 -0.0010009
4.4 0.8 -0.00718663
4.4 1.2 -0.0128053
4.4 1.6 -0.0219239
4.4 2 -0.0294291
4.4 2.4 -0.0319079
4.4 2.8 -0.0293254
4.4 3.2 -0.0243948
4.4 3.6 -0.0205147
4.4 4 0.00120873
4.4 4.4 0
4.4 4.8 0
4.4 5.2 0
4.4 5.6 -0.017048
4.4 6 -0.118385
4.4 6.4 -0.0602231
4.4 6.8 0.0159141
4.4 7.2 0.0803889
4.4 7.6 0.108856
4.4 8 0.0951018
4.4 8.4 0.0513389
4.4 8.8 -0.000697454
4.4 9.2 -0.0417916
4.4 9.6 -0.0635385
4.4 10 -0.0695117
4.4 10.4 -0.0702203
4.4 10.8 -0.0768013
4.4 11.2 -0.099433
4.4 11.6 -0.158758
4.4 12 -0.0201772
4.4 12.4 0
4.4 12.8 0
4.4 13.2 0
4.4 13.6 -0.012056
4.4 14 -0.0393441
4.4 14.4 -0.00173392
4.4 14.8 0.0391295
4.4 15.2 0.0687533
4.4 15.6 0.076666
4.4 16 0.062047
4.4 16.4 0.0314221
4.4 16.8 -0.00633194
4.4 17.2 -0.042381
4.4 17.6 -0.0670473
4.4 18 -0.0691351
4.4 18.4 -0.0399425
4.4 18.8 0.0183682
4.4 19.2 0.0858383
4.4 19.6 0.127359
4.4 20 0.0197348
4.4 20.4 0
4.4 20.8 0
4.4 21.2 0
4.4 21.6 -0.000632949
4.4 22 0.0309448
4.4 22.4 0.0281012
4.4 22.8 0.056464
4.4 23.2 0.0787773
4.4 23.6 0.0688198
4.4 24 0.0268923
4.4 24.4 -0.0209448
4.4 24.8 -0.0420311
4.4 25.2 -0.0213247
4.4 25.6 0.0270455
4.4 26 0.0695683
4.4 26.4 0.008838
4.4 26.8 0

4.8 0 0
4.8 0.4 0.00209724
4.8 0.8 0.0173548
4.8 1.2 0.000325052
4.8 1.6 -0.0229253
4.8 2 -0.039658
4.8 2.4 -0.0417477
4.8 2.8 -0.0296981
4.8 3.2 -0.0105039
4.8 3.6 0.00971069
4.8 4 0.036651
4.8 4.4 0.00305985
4.8 4.8 -0.00329135
4.8 5.2 -0.0121929
4.8 5.6 -0.093814
4.8 6 -0.0655909
4.8 6.4 -0.00282472
4.8 6.8 0.0596937
4.8 7.2 0.0923034
4.8 7.6 0.0820231
4.8 8 0.036917
4.8 8.4 -0.0206597
4.8 8.8 -0.0670931
4.8 9.2 -0.0891061
4.8 9.6 -0.0879042
4.8 10 -0.0751317
4.8 10.4 -0.0642689
4.8 10.8 -0.0633332
4.8 11.2 -0.0722473
4.8 11.6 -0.0824467
4.8 12 -0.0610961
4.8 12.4 0.000611901
4.8 12.8 0.00760175
4.8 13.2 -0.00159692
4.8 13.6 -0.0358799
4.8 14 0.00710633
4.8 14.4 0.0568854
4.8 14.8 0.105481
4.8 15.2 0.137835
4.8 15.6 0.145274
4.8 16 0.128817
4.8 16.4 0.0943296
4.8 16.8 0.0466575
4.8 17.2 -0.0106234
4.8 17.6 -0.0699992
4.8 18 -0.115454
4.8 18.4 -0.125976
4.8 18.8 -0.0879788
4.8 19.2 -0.00893247
4.8 19.6 0.0803378
4.8 20 0.143634
4.8 20.4 0.0189396
4.8 20.8 0.00366278
4.8 21.2 -0.0076879
4.8 21.6 -0.0689354
4.8 22 -0.0275855
4.8 22.4 0.0106851
4.8 22.8 0.0509458
4.8 23.2 0.0648825
4.8 23.6 0.0334042
4.8 24 -0.0310669
4.8 24.4 -0.0885871
4.8 24.8 -0.0977184
4.8 25.2 -0.0451014
4.8 25.6 0.0428123
4.8 26 0.115144
4.8 26.4 0.0147549
4.8 26.8 0

5.2 0 0
5.2 0.4 0.00526069
5.2 0.8 0.0428802
5.2 1.2 0.0180115
5.2 1.6 -0.014341
5.2 2 -0.036163
5.2 2.4 -0.0367427
5.2 2.8 -0.0185582
5.2 3.2 0.00553057
5.2 3.6 0.020867
5.2 4 0.0173084
5.2 4.4 -0.0197124
5.2 4.8 -0.0575961
5.2 5.2 -0.0711782
5.2 5.6 -0.0566575
5.2 6 -0.00679132
5.2 6.4 0.0539213
5.2 6.8 0.0924284
5.2 7.2 0.0881278
5.2 7.6 0.0430335
5.2 8 -0.0210763
5.2 8.4 -0.0757115
5.2 8.8 -0.100696
5.2 9.2 -0.0928372
5.2 9.6 -0.0643365
5.2 10 -0.0334189
5.2 10.4 -0.0133236
5.2 10.8 -0.00603904
5.2 11.2 -0.00296572
5.2 11.6 0.0100344
5.2 12 0.0481355
5.2 12.4 0.113863
5.2 12.8 0.117177
5.2 13.2 0.0745697
5.2 13.6 0.020548
5.2 14 0.023484
5.2 14.4 0.0556545
5.2 14.8 0.0935942
5.2 15.2 0.119185
5.2 15.6 0.126359
5.2 16 0.119049
5.2 16.4 0.101926
5.2 16.8 0.0727771
5.2 17.2 0.0243638
5.2 17.6 -0.0449924
5.2 18 -0.120962
5.2 18.4 -0.173724
5.2 18.8 -0.17281
5.2 19.2 -0.108322
5.2 19.6 -0.00370053
5.2 20 0.0903889
5.2 20.4 0.115259
5.2 20.8 0.0710955
5.2 21.2 -0.0116866
5.2 21.6 -0.0649822
5.2 22 -0.0541168
5.2 22.4 -0.0077074
5.2 22.8 0.040814
5.2 23.2 0.0520617
5.2 23.6 0.00767964
5.2 24 -0.0721784
5.2 24.4 -0.137763
5.2 24.8 -0.141213
5.2 25.2 -0.0698843
5.2 25.6 0.0418554
5.2 26 0.131786
5.2 26.4 0.0169207
5.2 26.8 0

5.6 0 0
5.6 0.4 0.0072175
5.6 0.8 0.0589087
5.6 1.2 0.0306579
5.6 1.6 -0.00494679
5.6 2 -0.0272977
5.6 2.4 -0.0251583
5.6 2.8 -0.00341323
5.6 3.2 0.0208991
5.6 3.6 0.0295465
5.6 4 0.0127377
5.6 4.4 -0.0271459
5.6 4.8 -0.0612649
5.6 5.2 -0.0631959
5.6 5.6 -0.0262425
5.6 6 0.0347352
5.6 6.4 0.0865052
5.6 6.8 0.0999789
5.6 7.2 0.0667395
5.6 7.6 0.00290803
5.6 8 -0.0607964
5.6 8.4 -0.0961321
5.6 8.8 -0.0913503
5.6 9.2 -0.0548207
5.6 9.6 -0.00752112
5.6 10 0.0300376
5.6 10.4 0.0487511
5.6 10.8 0.0539161
5.6 11.2 0.0597164
5.6 11.6 0.0786748
5.6 12 0.111384
5.6 12.4 0.139473
5.6 12.8 0.125431
5.6 13.2 0.0730209
5.6 13.6 0.0130759
5.6 14 -0.00910191
5.6 14.4 0.000196764
5.6 14.8 0.0181552
5.6 15.2 0.0290995
5.6 15.6 0.0332039
5.6 16 0.0402761
5.6 16.4 0.0556787
5.6 16.8 0.0700546
5.6 17.2 0.0624255
5.6 17.6 0.0158668
5.6 18 -0.0650397
5.6 18.4 -0.149176
5.6 18.8 -0.192872
5.6 19.2 -0.16636
5.6 19.6 -0.0761769
5.6 20 0.0311635
5.6 20.4 0.0879908
5.6 20.8 0.060813
5.6 21.2 -0.0178994
5.6 21.6 -0.0783512
5.6 22 -0.0699453
5.6 22.4 -0.0131459
5.6 22.8 0.0465652
5.6 23.2 0.0625709
5.6 23.6 0.0153151
5.6 24 -0.0722799
5.6 24.4 -0.146293
5.6 24.8 -0.155582
5.6 25.2 -0.0864488
5.6 25.6 0.025511
5.6 26 0.115628
5.6 26.4 0.0148551
5.6 26.8 0

6 0 0
6 0.4 0.00714221
6 0.8 0.0584144
6 1.2 0.0305411
6 1.6 -0.00367862
6 2 -0.0231301
6 2.4 -0.0173449
6 2.8 0.00683473
6 3.2 0.0306364
6 3.6 0.0362146
6 4 0.0167441
6 4.4 -0.0259885
6 4.8 -0.0599211
6 5.2 -0.0587008
6 5.6 -0.0137599
6 6 0.0476618
6 6.4 0.0856737
6 6.8 0.0789732
6 7.2 0.0314672
6 7.6 -0.0311419
6 8 -0.0765424
6 8.4 -0.0835203
6 8.8 -0.0518317
6 9.2 0.000400307
6 9.6 0.0487886
6 10 0.076485
6 10.4 0.0821513
6 10.8 0.0785104
6 11.2 0.0831825
6 11.6 0.106012
6 12 0.137868
6 12.4 0.151866
6 12.8 0.12604
6 13.2 0.0621191
6 13.6 -0.0202099
6 14 -0.0575917
6 14.4 -0.0619228
6 14.8 -0.0616669
6 15.2 -0.0687565
6 15.6 -0.074034
6 16 -0.05866
6 16.4 -0.0128518
6 16.8 0.0506645
6 17.2 0.0992369
6 17.6 0.0990965
6 18 0.0390439
6 18.4 -0.0573507
6 18.8 -0.141147
6 19.2 -0.165172
6 19.6 -0.112436
6 20 -0.00948237
6 20.4 0.06407
6 20.8 0.039583
6 21.2 -0.0417829
6 21.6 -0.105496
6 22 -0.0768276
6 22.4 -0.00147953
6 22.8 0.0724452
6 23.2 0.09871
6 23.6 0.0575343
6 24 -0.0295937
6 24.4 -0.110644
6 24.8 -0.135073
6 25.2 -0.0869116
6 25.6 0.00354096
6 26 0.0781478
6 26.4 0.0100556
6 26.8 0

6.4 0 0
6.4 0.4 0.00529794
6.4 0.8 0.0432593
6.4 1.2 0.0175594
6.4 1.6 -0.0133781
6.4 2 -0.0289821
6.4 2.4 -0.0199408
6.4 2.8 0.00569762
6.4 3.2 0.0292505
6.4 3.6 0.03618
6.4 4 0.0287102
6.4 4.4 0.000174251
6.4 4.8 -0.00406367
6.4 5.2 -0.00825886
6.4 5.6 -0.0186786
6.4 6 0.0386453
6.4 6.4 0.059791
6.4 6.8 0.0392094
6.4 7.2 -0.00846834
6.4 7.6 -0.0541546
6.4 8 -0.0714195
6.4 8.4 -0.0512094
6.4 8.8 -0.00505588
6.4 9.2 0.0437389
6.4 9.6 0.0742677
6.4 10 0.0789241
6.4 10.4 0.0658373
6.4 10.8 0.0530915
6.4 11.2 0.0590779
6.4 11.6 0.0923822
6.4 12 0.135956
6.4 12.4 0.021234
6.4 12.8 0.00927495
6.4 13.2 0.00243454
6.4 13.6 -0.0584177
6.4 14 -0.0856987
6.4 14.4 -0.0792123
6.4 14.8 -0.0848557
6.4 15.2 -0.108622
6.4 15.6 -0.131225
6.4 16 -0.123729
6.4 16.4 -0.0684612
6.4 16.8 0.024891
6.4 17.2 0.119317
6.4 17.6 0.168805
6.4 18 0.145293
6.4 18.4 0.0576325
6.4 18.8 -0.0504531
6.4 19.2 -0.123498
6.4 19.6 -0.122298
6.4 20 -0.0247747
6.4 20.4 0.00689254
6.4 20.8 0.00193865
6.4 21.2 -0.0163835
6.4 21.6 -0.14856
6.4 22 -0.0659665
6.4 22.4 0.0253434
6.4 22.8 0.105884
6.4 23.2 0.140454
6.4 23.6 0.110653
6.4 24 0.0328303
6.4 24.4 -0.0488199
6.4 24.8 -0.0889695
6.4 25.2 -0.0698551
6.4 25.6 -0.0123637
6.4 26 0.0383972
6.4 26.4 0.00499295
6.4 26.8 0

6.8 0 0
6.8 0.4 0.00298254
6.8 0.8 0.0239432
6.8 1.2 -9.45111e-05
6.8 1.6 -0.0288599
6.8 2 -0.0423812
6.8 2.4 -0.0321931
6.8 2.8 -0.00707527
6.8 3.2 0.0141174
6.8 3.6 0.0179713
6.8 4 0.00136709
6.8 4.4 0
6.8 4.8 0
6.8 5.2 0
6.8 5.6 -0.00244788
6.8 6 0.0304869
6.8 6.4 0.0281945
6.8 6.8 -0.00179482
6.8 7.2 -0.040718
6.8 7.6 -0.0622648
6.8 8 -0.0512971
6.8 8.4 -0.0131232
6.8 8.8 0.0313279
6.8 9.2 0.0594509
6.8 9.6 0.0600955
6.8 10 0.0381716
6.8 10.4 0.00977553
6.8 10.8 -0.00695906
6.8 11.2 0.00232115
6.8 11.6 0.0528141
6.8 12 0.0149562
6.8 12.4 0
6.8 12.8 0
6.8 13.2 0
6.8 13.6 -0.0083237
6.8 14 -0.0810169
6.8 14.4 -0.0298601
6.8 14.8 -0.0308093
6.8 15.2 -0.0675234
6.8 15.6 -0.112441
6.8 16 -0.130304
6.8 16.4 -0.0952278
6.8 16.8 -0.00763013
6.8 17.2 0.101439
6.8 17.6 0.183674
6.8 18 0.198933
6.8 18.4 0.138441
6.8 18.8 0.0309315
6.8 19.2 -0.0749613
6.8 19.6 -0.147989
6.8 20 -0.00958968
6.8 20.4 0
6.8 20.8 0
6.8 21.2 0
6.8 21.6 -0.0103392
6.8 22 -0.000789707
6.8 22.4 0.0613709
6.8 22.8 0.123919
6.8 23.2 0.156642
6.8 23.6 0.139481
6.8 24 0.079938
6.8 24.4 0.00934906
6.8 24.8 -0.0368678
6.8 25.2 -0.0414956
6.8 25.6 -0.0152728
6.8 26 0.0123827
6.8 26.4 0.00173613
6.8 26.8 0

7.2 0 0
7.2 0.4 0.00174279
7.2 0.8 0.0132305
7.2 1.2 -0.0111614
7.2 1.6 -0.0406451
7.2 2 -0.0552656
7.2 2.4 -0.0465924
7.2 2.8 -0.0236451
7.2 3.2 -0.00673197
7.2 3.6 -0.00119987
7.2 4 0
7.2 4.4 0
7.2 4.8 0
7.2 5.2 0
7.2 5.6 0
7.2 6 0.00256715
7.2 6.4 0.00415982
7.2 6.8 -0.0293384
7.2 7.2 -0.0560993
7.2 7.6 -0.0542916
7.2 8 -0.0217841
7.2 8.4 0.0225775
7.2 8.8 0.0523747
7.2 9.2 0.0510558
7.2 9.6 0.0211874
7.2 10 -0.019592
7.2 10.4 -0.0514724
7.2 10.8 -0.0645304
7.2 11.2 -0.0627149
7.2 11.6 0.000205831
7.2 12 0
7.2 12.4 0
7.2 12.8 0
7.2 13.2 0
7.2 13.6 0
7.2 14 -0.00148313
7.2 14.4 0.0775296
7.2 14.8 0.0659726
7.2 15.2 0.0203729
7.2 15.6 -0.0425378
7.2 16 -0.0923643
7.2 16.4 -0.0994514
7.2 16.8 -0.0517229
7.2 17.2 0.0354405
7.2 17.6 0.123526
7.2 18 0.169384
7.2 18.4 0.149053
7.2 18.8 0.0730506
7.2 19.2 -0.0168583
7.2 19.6 -0.0159841
7.2 20 0
7.2 20.4 0
7.2 20.8 0
7.2 21.2 0
7.2 21.6 0
7.2 22 0.00790999
7.2 22.4 0.0749696
7.2 22.8 0.100774
7.2 23.2 0.123552
7.2 23.6 0.119108
7.2 24 0.0855013
7.2 24.4 0.0390776
7.2 24.8 0.00203588
7.2 25.2 -0.0121161
7.2 25.6 -0.00602753
7.2 26 0.00565545
7.2 26.4 0.000989227
7.2 26.8 0

7.6 0 0
7.6 0.4 0.002366
7.6 0.8 0.0178021
7.6 1.2 -0.00890439
7.6 1.6 -0.0416705
7.6 2 -0.0599033
7.6 2.4 -0.0541693
7.6 2.8 -0.0323958
7.6 3.2 -0.0144686
7.6 3.6 -0.00142983
7.6 4 0
7.6 4.4 0
7.6 4.8 0
7.6 5.2 0
7.6 5.6 0
7.6 6 0.00193411
7.6 6.4 0.000534117
7.6 6.8 -0.0363254
7.6 7.2 -0.0537264
7.6 7.6 -0.0345316
7.6 8 0.0109007
7.6 8.4 0.0526253
7.6 8.8 0.0625571
7.6 9.2 0.0335362
7.6 9.6 -0.0172184
7.6 10 -0.0614796
7.6 10.4 -0.0796887
7.6 10.8 -0.0730958
7.6 11.2 -0.0613558
7.6 11.6 -0.00506686
7.6 12 0
7.6 12.4 0
7.6 12.8 0
7.6 13.2 0
7.6 13.6 0
7.6 14 0.00944298
7.6 14.4 0.13131
7.6 14.8 0.122254
7.6 15.2 0.0869299
7.6 15.6 0.0259368
7.6 16 -0.0435046
7.6 16.4 -0.094295
7.6 16.8 -0.10268
7.6 17.2 -0.0626032
7.6 17.6 0.00724144
7.6 18 0.0703489
7.6 18.4 0.0921512
7.6 18.8 0.0617136
7.6 19.2 0.000563635
7.6 19.6 -0.00380986
7.6 20 0
7.6 20.4 0
7.6 20.8 0
7.6 21.2 0
7.6 21.6 0
7.6 22 0.00182878
7.6 22.4 0.0173059
7.6 22.8 0.0286092
7.6 23.2 0.0445928
7.6 23.6 0.0528639
7.6 24 0.0483202
7.6 24.4 0.0342706
7.6 24.8 0.0189195
7.6 25.2 0.0095498
7.6 25.6 0.00834281
7.6 26 0.0123625
7.6 26.4 0.00196569
7.6 26.8 0

8 0 0
8 0.4 0.00435604
8 0.8 0.0337941
8 1.2 0.00435361
8 1.6 -0.0320969
8 2 -0.0542769
8 2.4 -0.0512563
8 2.8 -0.0287996
8 3.2 -0.0054686
8 3.6 0.00511749
8 4 0
8 4.4 0
8 4.8 0
8 5.2 0
8 5.6 0
8 6 0.0159017
8 6.4 0.0161199
8 6.8 -0.0290313
8 7.2 -0.0433746
8 7.6 -0.0137037
8 8 0.0383667
8 8.4 0.0744133
8 8.8 0.0672432
8 9.2 0.0197959
8 9.6 -0.0380075
8 10 -0.071103
8 10.4 -0.0633038
8 10.8 -0.0266708
8 11.2 0.00759184
8 11.6 0.0144531
8 12 0
8 12.4 0
8 12.8 0
8 13.2 0
8 13.6 0
8 14 -0.00641003
8 14.4 0.0736252
8 14.8 0.0865023
8 15.2 0.0858407
8 15.6 0.0544441
8 16 -0.00770593
8 16.4 -0.0826291
8 16.8 -0.139779
8 17.2 -0.15175
8 17.6 -0.112507
8 18 -0.0447022
8 18.4 0.0121532
8 18.8 0.0270506
8 19.2 -0.000522536
8 19.6 -0.00854509
8 20 0
8 20.4 0
8 20.8 0
8 21.2 0
8 21.6 0
8 22 -0.00798561
8 22.4 -0.0482047
8 22.8 -0.0488746
8 23.2 -0.0421034
8 23.6 -0.026616
8 24 -0.00729968
8 24.4 0.00910924
8 24.8 0.0181787
8 25.2 0.0200644
8 25.6 0.0189483
8 26 0.0201159
8 26.4 0.00302645
8 26.8 0

8.4 0 0
8.4 0.4 0.00627689
8.4 0.8 0.0494885
8.4 1.2 0.0190517
8.4 1.6 -0.0186743
8.4 2 -0.0426689
8.4 2.4 -0.0410776
8.4 2.8 -0.0166305
8.4 3.2 0.0191945
8.4 3.6 0.0628659
8.4 4 0.00923032
8.4 4.4 0
8.4 4.8 0
8.4 5.2 0
8.4 5.6 0.023089
8.4 6 0.147214
8.4 6.4 0.0464582
8.4 6.8 -0.0236816
8.4 7.2 -0.0408196
8.4 7.6 -0.00472669
8.4 8 0.0518344
8.4 8.4 0.0841963
8.4 8.8 0.0672134
8.4 9.2 0.012465
8.4 9.6 -0.0413141
8.4 10 -0.0567802
8.4 10.4 -0.0236915
8.4 10.8 0.0378954
8.4 11.2 0.10134
8.4 11.6 0.176606
8.4 12 0.0121106
8.4 12.4 0
8.4 12.8 0
8.4 13.2 0
8.4 13.6 -0.0439872
8.4 14 -0.201472
8.4 14.4 -0.0931728
8.4 14.8 -0.0235418
8.4 15.2 0.0250018
8.4 15.6 0.0424263
8.4 16 0.0146997
8.4 16.4 -0.0549162
8.4 16.8 -0.136938
8.4 17.2 -0.188182
8.4 17.6 -0.178969
8.4 18 -0.114991
8.4 18.4 -0.0357644
8.4 18.8 0.0113857
8.4 19.2 0.00319597
8.4 19.6 -0.0475111
8.4 20 -0.0121796
8.4 20.4 0
8.4 20.8 0
8.4 21.2 0
8.4 21.6 0.00178175
8.4 22 -0.0413041
8.4 22.4 -0.059144
8.4 22.8 -0.0827591
8.4 23.2 -0.0922899
8.4 23.6 -0.0792674
8.4 24 -0.0483649
8.4 24.4 -0.0133405
8.4 24.8 0.0117964
8.4 25.2 0.0211305
8.4 25.6 0.0194285
8.4 26 0.0174459
8.4 26.4 0.00266366
8.4 26.8 0

8.8 0 0
8.8 0.4 0.00672969
8.8 0.8 0.0533203
8.8 1.2 0.0251994
8.8 1.6 -0.00938059
8.8 2 -0.0314838
8.8 2.4 -0.0305798
8.8 2.8 -0.00962442
8.8 3.2 0.0188406
8.8 3.6 0.0409876
8.8 4 0.0405913
8.8 4.4 0.000259697
8.8 4.8 -0.00328323
8.8 5.2 0.0109657
8.8 5.6 0.139429
8.8 6 0.106645
8.8 6.4 0.0223201
8.8 6.8 -0.0460891
8.8 7.2 -0.0582237
8.8 7.6 -0.0143388
8.8 8 0.0475365
8.8 8.4 0.0798679
8.8 8.8 0.0601058
8.8 9.2 0.00604221
8.8 9.6 -0.0390655
8.8 10 -0.0399162
8.8 10.4 0.00427234
8.8 10.8 0.0599644
8.8 11.2 0.0847087
8.8 11.6 0.0532639
8.8 12 -0.0602153
8.8 12.4 -0.0420106
8.8 12.8 -0.043441
8.8 13.2 -0.0647862
8.8 13.6 -0.361437
8.8 14 -0.257632
8.8 14.4 -0.18136
8.8 14.8 -0.116054
8.8 15.2 -0.045162
8.8 15.6 0.0166181
8.8 16 0.0365179
8.8 16.4 -0.00361191
8.8 16.8 -0.0841446
8.8 17.2 -0.154604
8.8 17.6 -0.167079
8.8 18 -0.111149
8.8 18.4 -0.022801
8.8 18.8 0.0407393
8.8 19.2 0.0421457
8.8 19.6 -0.00967979
8.8 20 -0.0657098
8.8 20.4 -0.00928284
8.8 20.8 0.00133383
8.8 21.2 0.0115874
8.8 21.6 0.0856567
8.8 22 0.0310343
8.8 22.4 -0.0174808
8.8 22.8 -0.062261
8.8 23.2 -0.0880066
8.8 23.6 -0.0841112
8.8 24 -0.0547315
8.8 24.4 -0.0169645
8.8 24.8 0.00997428
8.8 25.2 0.0167356
8.8 25.6 0.0086398
8.8 26 0.000117077
8.8 26.4 0.000337087
8.8 26.8 0

9.2 0 0
9.2 0.4 0.00527688
9.2 0.8 0.0415532
9.2 1.2 0.0191265
9.2 1.6 -0.00765879
9.2 2 -0.0234672
9.2 2.4 -0.0208041
9.2 2.8 -0.00425462
9.2 3.2 0.0130637
9.2 3.6 0.0173443
9.2 4 7.57621e-05
9.2 4.4 -0.0365296
9.2 4.8 -0.0291269
9.2 5.2 0.0179748
9.2 5.6 0.0745973
9.2 6 0.0500159
9.2 6.4 -0.0227834
9.2 6.8 -0.0827134
9.2 7.2 -0.0866382
9.2 7.6 -0.0352366
9.2 8 0.0313295
9.2 8.4 0.0650086
9.2 8.8 0.0457478
9.2 9.2 -0.00484608
9.2 9.6 -0.0420032
9.2 10 -0.0340574
9.2 10.4 0.0111538
9.2 10.8 0.0497499
9.2 11.2 0.0313911
9.2 11.6 -0.0696103
9.2 12 -0.247707
9.2 12.4 -0.474512
9.2 12.8 -0.485956
9.2 13.2 -0.350111
9.2 13.6 -0.230138
9.2 14 -0.176742
9.2 14.4 -0.170016
9.2 14.8 -0.153513
9.2 15.2 -0.0922563
9.2 15.6 -0.00304969
9.2 16 0.0621451
9.2 16.4 0.0611994
9.2 16.8 -0.00140453
9.2 17.2 -0.0750174
9.2 17.6 -0.100126
9.2 18 -0.0536568
9.2 18.4 0.0329695
9.2 18.8 0.0974531
9.2 19.2 0.0943032
9.2 19.6 0.0304818
9.2 20 -0.0381512
9.2 20.4 -0.0482499
9.2 20.8 -0.00721297
9.2 21.2 0.0511933
9.2 21.6 0.0824581
9.2 22 0.0682917
9.2 22.4 0.0310031
9.2 22.8 -0.0133484
9.2 23.2 -0.0448321
9.2 23.6 -0.0497335
9.2 24 -0.0298956
9.2 24.4 -0.00173844
9.2 24.8 0.0149477
9.2 25.2 0.0104492
9.2 25.6 -0.00889378
9.2 26 -0.0263897
9.2 26.4 -0.00320167
9.2 26.8 0

9.6 0 0
9.6 0.4 0.00268183
9.6 0.8 0.0203577
9.6 1.2 0.00524156
9.6 1.6 -0.0113153
9.6 2 -0.0178797
9.6 2.4 -0.0103256
9.6 2.8 0.00506918
9.6 3.2 0.0155123
9.6 3.6 0.00975066
9.6 4 -0.0139786
9.6 4.4 -0.0403939
9.6 4.8 -0.0313582
9.6 5.2 0.00922192
9.6 5.6 0.0438313
9.6 6 0.016628
9.6 6.4 -0.0516891
9.6 6.8 -0.106118
9.6 7.2 -0.105387
9.6 7.6 -0.0511441
9.6 8 0.016051
9.6 8.4 0.0489042
9.6 8.8 0.0292147
9.6 9.2 -0.0195886
9.6 9.6 -0.0525635
9.6 10 -0.0403798
9.6 10.4 0.00497831
9.6 10.8 0.0359646
9.6 11.2 0.00223757
9.6 11.6 -0.113582
9.6 12 -0.27955
9.6 12.4 -0.4116
9.6 12.8 -0.358877
9.6 13.2 -0.178061
9.6 13.6 -0.0366326
9.6 14 -0.0413973
9.6 14.4 -0.115706
9.6 14.8 -0.160312
9.6 15.2 -0.121648
9.6 15.6 -0.0186349
9.6 16 0.0803528
9.6 16.4 0.112841
9.6 16.8 0.0694892
9.6 17.2 -0.00140103
9.6 17.6 -0.0336749
9.6 18 0.00401045
9.6 18.4 0.0836152
9.6 18.8 0.139983
9.6 19.2 0.122919
9.6 19.6 0.0392198
9.6 20 -0.0485528
9.6 20.4 -0.0723745
9.6 20.8 -0.0377729
9.6 21.2 0.0209632
9.6 21.6 0.0621454
9.6 22 0.0736497
9.6 22.4 0.0595016
9.6 22.8 0.0305959
9.6 23.2 0.00452395
9.6 23.6 -0.00442906
9.6 24 0.00470578
9.6 24.4 0.0190261
9.6 24.8 0.0216472
9.6 25.2 0.00465667
9.6 25.6 -0.0247081
9.6 26 -0.0492853
9.6 26.4 -0.00623913
9.6 26.8 0

10 0 0
10 0.4 0.000360382
10 0.8 0.00134904
10 1.2 -0.00783663
10 1.6 -0.0159012
10 2 -0.0141225
10 2.4 -0.000603805
10 2.8 0.0174909
10 3.2 0.0279368
10 3.6 0.0204738
10 4 -0.00780086
10 4.4 -0.0454825
10 4.8 -0.0394439
10 5.2 0.00371568
10 5.6 0.0511365
10 6 0.0243824
10 6.4 -0.0439535
10 6.8 -0.0984902
10 7.2 -0.0996811
10 7.6 -0.0494235
10 8 0.0129051
10 8.4 0.0414528
10 8.8 0.0187662
10 9.2 -0.0318364
10 9.6 -0.0657889
10 10 -0.0535131
10 10.4 -0.00551906
10 10.8 0.0332514
10 11.2 0.0152113
10 11.6 -0.0769392
10 12 -0.221391
10 12.4 -0.364532
10 12.8 -0.288709
10 13.2 -0.0744144
10 13.6 0.090479
10 14 0.0170008
10 14.4 -0.112914
10 14.8 -0.188206
10 15.2 -0.155695
10 15.6 -0.0406106
10 16 0.0780555
10 16.4 0.127312
10 16.8 0.0918689
10 17.2 0.0202289
10 17.6 -0.0172552
10 18 0.014883
10 18.4 0.0894688
10 18.8 0.138627
10 19.2 0.108424
10 19.6 0.00551424
10 20 -0.0969094
10 20.4 -0.10078
10 20.8 -0.0574385
10 21.2 -0.000273019
10 21.6 0.0277731
10 22 0.0482272
10 22.4 0.0553217
10 22.8 0.0464624
10 23.2 0.0318208
10 23.6 0.0237976
10 24 0.0258279
10 24.4 0.0298046
10 24.8 0.0234255
10 25.2 0.00118109
10 25.6 -0.030001
10 26 -0.0549453
10 26.4 -0.00696936
10 26.8 0

10.4 0 0
10.4 0.4 -0.000511748
10.4 0.8 -0.00577603
10.4 1.2 -0.0132622
10.4 1.6 -0.0188614
10.4 2 -0.0142678
10.4 2.4 0.00233616
10.4 2.8 0.0243801
10.4 3.2 0.0410578
10.4 3.6 0.0432455
10.4 4 0.0201509
10.4 4.4 -0.00292406
10.4 4.8 -0.00401306
10.4 5.2 0.00792758
10.4 5.6 0.102833
10.4 6 0.0671567
10.4 6.4 -0.00617843
10.4 6.8 -0.0645446
10.4 7.2 -0.072345
10.4 7.6 -0.0308592
10.4 8 0.023492
10.4 8.4 0.0467961
10.4 8.8 0.0207843
10.4 9.2 -0.0337983
10.4 9.6 -0.0738777
10.4 10 -0.0676674
10.4 10.4 -0.0193724
10.4 10.8 0.0342784
10.4 11.2 0.0521838
10.4 11.6 0.0161227
10.4 12 -0.0835221
10.4 12.4 -0.0361077
10.4 12.8 -0.0281005
10.4 13.2 -0.0208682
10.4 13.6 0.0600639
10.4 14 -0.112126
10.4 14.4 -0.217773
10.4 14.8 -0.256605
10.4 15.2 -0.195365
10.4 15.6 -0.0637527
10.4 16 0.0591839
10.4 16.4 0.103649
10.4 16.8 0.0595137
10.4 17.2 -0.0197812
10.4 17.6 -0.0610061
10.4 18 -0.0284888
10.4 18.4 0.0488056
10.4 18.8 0.0999965
10.4 19.2 0.0665926
10.4 19.6 -0.0519339
10.4 20 -0.183823
10.4 20.4 -0.0249047
10.4 20.8 -0.00291624
10.4 21.2 -0.0012361
10.4 21.6 -0.0141494
10.4 22 0.00147494
10.4 22.4 0.025163
10.4 22.8 0.0331335
10.4 23.2 0.0292818
10.4 23.6 0.0241845
10.4 24 0.0234235
10.4 24.4 0.0237735
10.4 24.8 0.0176937
10.4 25.2 0.00146113
10.4 25.6 -0.0201773
10.4 26 -0.0367073
10.4 26.4 -0.0045267
10.4 26.8 0

10.8 0 0
10.8 0.4 0.000379996
10.8 0.8 0.00158213
10.8 1.2 -0.00964951
10.8 1.6 -0.0208699
10.8 2 -0.0217139
10.8 2.4 -0.00835062
10.8 2.8 0.0143342
10.8 3.2 0.0380419
10.8 3.6 0.0630284
10.8 4 0.00592634
10.8 4.4 0
10.8 4.8 0
10.8 5.2 0
10.8 5.6 0.0180666
10.8 6 0.107568
10.8 6.4 0.030856
10.8 6.8 -0.0276213
10.8 7.2 -0.0414979
10.8 7.6 -0.00917588
10.8 8 0.0385702
10.8 8.4 0.0605065
10.8 8.8 0.0357578
10.8 9.2 -0.0207531
10.8 9.6 -0.0699952
10.8 10 -0.0781085
10.8 10.4 -0.04061
10.8 10.8 0.017539
10.8 11.2 0.0673872
10.8 11.6 0.114653
10.8 12 0.00442782
10.8 12.4 0
10.8 12.8 0
10.8 13.2 0
10.8 13.6 -0.056433
10.8 14 -0.480412
10.8 14.4 -0.371707
10.8 14.8 -0.311496
10.8 15.2 -0.203175
10.8 15.6 -0.0614881
10.8 16 0.0463677
10.8 16.4 0.0656325
10.8 16.8 -0.000117232
10.8 17.2 -0.0900458
10.8 17.6 -0.130913
10.8 18 -0.0911489
10.8 18.4 -0.00321462
10.8 18.8 0.0614519
10.8 19.2 0.043079
10.8 19.6 -0.0769684
10.8 20 -0.027144
10.8 20.4 0
10.8 20.8 0
10.8 21.2 0
10.8 21.6 -0.00833435
10.8 22 -0.0507819
10.8 22.4 -0.00541209
10.8 22.8 0.0105746
10.8 23.2 0.0111998
10.8 23.6 0.00705632
10.8 24 0.00508898
10.8 24.4 0.00623664
10.8 24.8 0.00724431
10.8 25.2 0.00537684
10.8 25.6 0.00167902
10.8 26 2.22239e-05
10.8 26.4 0.000353222
10.8 26.8 0

11.2 0 0
11.2 0.4 0.00247008
11.2 0.8 0.018748
11.2 1.2 -0.000456741
11.2 1.6 -0.0236881
11.2 2 -0.0368031
11.2 2.4 -0.0329807
11.2 2.8 -0.0166257
11.2 3.2 -0.000167147
11.2 3.6 0.0046823
11.2 4 0
11.2 4.4 0
11.2 4.8 0
11.2 5.2 0
11.2 5.6 0
11.2 6 0.0143639
11.2 6.4 0.0352599
11.2 6.8 -0.00922143
11.2 7.2 -0.0256712
11.2 7.6 -0.000714435
11.2 8 0.0444125
11.2 8.4 0.0722902
11.2 8.8 0.0578906
11.2 9.2 0.00680568
11.2 9.6 -0.049774
11.2 10 -0.0783406
11.2 10.4 -0.0666254
11.2 10.8 -0.0301764
11.2 11.2 0.000258173
11.2 11.6 0.00875381
11.2 12 0
11.2 12.4 0
11.2 12.8 0
11.2 13.2 0
11.2 13.6 0
11.2 14 -0.0748407
11.2 14.4 -0.323094
11.2 14.8 -0.252398
11.2 15.2 -0.13642
11.2 15.6 -0.0124684
11.2 16 0.0589665
11.2 16.4 0.0409532
11.2 16.8 -0.0478046
11.2 17.2 -0.142115
11.2 17.6 -0.174794
11.2 18 -0.12368
11.2 18.4 -0.0253937
11.2 18.8 0.0548467
11.2 19.2 0.075802
11.2 19.6 -0.00517121
11.2 20 0
11.2 20.4 0
11.2 20.8 0
11.2 21.2 0
11.2 21.6 0
11.2 22 -0.00487269
11.2 22.4 0.00457367
11.2 22.8 0.00440057
11.2 23.2 0.000445403
11.2 23.6 -0.00652104
11.2 24 -0.0115651
11.2 24.4 -0.010694
11.2 24.8 -0.00300364
11.2 25.2 0.00981985
11.2 25.6 0.024879
11.2 26 0.0388515
11.2 26.4 0.00549663
11.2 26.8 0

11.6 0 0
11.6 0.4 0.00477557
11.6 0.8 0.0376184
11.6 1.2 0.00939753
11.6 1.6 -0.0272544
11.6 2 -0.0538007
11.6 2.4 -0.0600264
11.6 2.8 -0.0495106
11.6 3.2 -0.0363985
11.6 3.6 -0.0026864
11.6 4 0
11.6 4.4 0
11.6 4.8 0
11.6 5.2 0
11.6 5.6 0
11.6 6 0.00533164
11.6 6.4 0.0406364
11.6 6.8 -0.0046153
11.6 7.2 -0.0288018
11.6 7.6 -0.0127678
11.6 8 0.0317039
11.6 8.4 0.0717395
11.6 8.8 0.0775623
11.6 9.2 0.042873
11.6 9.6 -0.0127187
11.6 10 -0.0593017
11.6 10.4 -0.0777428
11.6 10.8 -0.0709147
11.6 11.2 -0.0587846
11.6 11.6 -0.0046547
11.6 12 0
11.6 12.4 0
11.6 12.8 0
11.6 13.2 0
11.6 13.6 0
11.6 14 -0.00995879
11.6 14.4 -0.154313
11.6 14.8 -0.10704
11.6 15.2 -0.0185584
11.6 15.6 0.0631171
11.6 16 0.0878037
11.6 16.4 0.0364099
11.6 16.8 -0.0614949
11.6 17.2 -0.144032
11.6 17.6 -0.158419
11.6 18 -0.0976749
11.6 18.4 -0.00425254
11.6 18.8 0.0636163
11.6 19.2 0.0781657
11.6 19.6 0.00456386
11.6 20 0
11.6 20.4 0
11.6 20.8 0
11.6 21.2 0
11.6 21.6 0
11.6 22 0.0027561
11.6 22.4 0.0183648
11.6 22.8 0.0135685
11.6 23.2 0.0090458
11.6 23.6 -0.000596061
11.6 24 -0.0119151
11.6 24.4 -0.0172744
11.6 24.8 -0.0105016
11.6 25.2 0.00910839
11.6 25.6 0.0359176
11.6 26 0.0603121
11.6 26.4 0.00834445
11.6 26.8 0

12 0 0
12 0.4 0.00645008
12 0.8 0.0512776
12 1.2 0.0165477
12 1.6 -0.0293516
12 2 -0.0641802
12 2.4 -0.0749454
12 2.8 -0.0646583
12 3.2 -0.0495329
12 3.6 -0.00456369
12 4 0
12 4.4 0
12 4.8 0
12 5.2 0
12 5.6 0
12 6 0.0120327
12 6.4 0.0431522
12 6.8 -0.00655439
12 7.2 -0.0429525
12 7.6 -0.0400716
12 8 0.000809038
12 8.4 0.0534002
12 8.8 0.0848055
12 9.2 0.0766616
12 9.6 0.0346435
12 10 -0.0183612
12 10.4 -0.0587469
12 10.8 -0.0758957
12 11.2 -0.0748353
12 11.6 -0.0027787
12 12 0
12 12.4 0
12 12.8 0
12 13.2 0
12 13.6 0
12 14 0.00211967
12 14.4 -0.000963845
12 14.8 0.0247067
12 15.2 0.0752472
12 15.6 0.110382
12 16 0.0973465
12 16.4 0.0332307
12 16.8 -0.0486937
12 17.2 -0.0987786
12 17.6 -0.0856771
12 18 -0.0207882
12 18.4 0.0479451
12 18.8 0.0713282
12 19.2 0.0410379
12 19.6 -0.0198295
12 20 0
12 20.4 0
12 20.8 0
12 21.2 0
12 21.6 0
12 22 7.396e-05
12 22.4 0.0242093
12 22.8 0.0315963
12 23.2 0.0367438
12 23.6 0.0274527
12 24 0.00682944
12 24.4 -0.0123627
12 24.8 -0.0169239
12 25.2 -0.0018662
12 25.6 0.0262394
12 26 0.0530381
12 26.4 0.00741337
12 26.8 0

12.4 0 0
12.4 0.4 0.00710382
12.4 0.8 0.0566367
12.4 1.2 0.0200673
12.4 1.6 -0.0277051
12.4 2 -0.0624755
12.4 2.4 -0.0698774
12.4 2.8 -0.0523699
12.4 3.2 -0.0245427
12.4 3.6 0.000775368
12.4 4 0.00278716
12.4 4.4 0
12.4 4.8 0
12.4 5.2 0
12.4 5.6 0.0085685
12.4 6 0.0903268
12.4 6.4 0.0541613
12.4 6.8 -0.00197493
12.4 7.2 -0.0523875
12.4 7.6 -0.0678235
12.4 8 -0.0385766
12.4 8.4 0.0188143
12.4 8.8 0.0725029
12.4 9.2 0.0949866
12.4 9.6 0.0780377
12.4 10 0.0345594
12.4 10.4 -0.01162
12.4 10.8 -0.0391735
12.4 11.2 -0.0359222
12.4 11.6 0.00853801
12.4 12 0.012091
12.4 12.4 0
12.4 12.8 0
12.4 13.2 0
12.4 13.6 -0.0102792
12.4 14 0.0174677
12.4 14.4 0.0372064
12.4 14.8 0.0595813
12.4 15.2 0.0810862
12.4 15.6 0.0841611
12.4 16 0.0568149
12.4 16.4 0.00777953
12.4 16.8 -0.0337138
12.4 17.2 -0.0365125
12.4 17.6 0.00732519
12.4 18 0.0703402
12.4 18.4 0.102749
12.4 18.8 0.063591
12.4 19.2 -0.055167
12.4 19.6 -0.244809
12.4 20 -0.0406649
12.4 20.4 0
12.4 20.8 0
12.4 21.2 0
12.4 21.6 -0.0127372
12.4 22 -0.0494117
12.4 22.4 0.00423578
12.4 22.8 0.0493859
12.4 23.2 0.0736368
12.4 23.6 0.0669352
12.4 24 0.034845
12.4 24.4 -0.0033327
12.4 24.8 -0.0262318
12.4 25.2 -0.0234733
12.4 25.6 -0.00146261
12.4 26 0.021754
12.4 26.4 0.00332257
12.4 26.8 0

12.8 0 0
12.8 0.4 0.00680825
12.8 0.8 0.0544003
12.8 1.2 0.0205576
12.8 1.6 -0.0223173
12.8 2 -0.0503036
12.8 2.4 -0.0498019
12.8 2.8 -0.0245753
12.8 3.2 0.00923751
12.8 3.6 0.036139
12.8 4 0.0524299
12.8 4.4 0.00440445
12.8 4.8 -0.00188916
12.8 5.2 -0.00118505
12.8 5.6 0.035462
12.8 6 0.071505
12.8 6.4 0.0616502
12.8 6.8 0.0146676
12.8 7.2 -0.0437798
12.8 7.6 -0.0799984
12.8 8 -0.0724324
12.8 8.4 -0.0243604
12.8 8.8 0.0391568
12.8 9.2 0.08709
12.8 9.6 0.100065
12.8 10 0.0793958
12.8 10.4 0.0436035
12.8 10.8 0.0167302
12.8 11.2 0.0167308
12.8 11.6 0.049911
12.8 12 0.107117
12.8 12.4 0.0204627
12.8 12.8 0.00713814
12.8 13.2 -0.00944329
12.8 13.6 -0.106588
12.8 14 -0.0407448
12.8 14.4 -0.0125661
12.8 14.8 -0.00118964
12.8 15.2 0.00014429
12.8 15.6 -0.00927943
12.8 16 -0.0272296
12.8 16.4 -0.0414074
12.8 16.8 -0.0328617
12.8 17.2 0.00999497
12.8 17.6 0.0766569
12.8 18 0.132501
12.8 18.4 0.135565
12.8 18.8 0.063456
12.8 19.2 -0.0677977
12.8 19.6 -0.204574
12.8 20 -0.252579
12.8 20.4 -0.017082
12.8 20.8 0.00573302
12.8 21.2 -0.00714914
12.8 21.6 -0.108656
12.8 22 -0.058878
12.8 22.4 0.00741711
12.8 22.8 0.0713633
12.8 23.2 0.107579
12.8 23.6 0.100453
12.8 24 0.0560165
12.8 24.4 -0.00069384
12.8 24.8 -0.0408504
12.8 25.2 -0.0493625
12.8 25.6 -0.0329584
12.8 26 -0.0135676
12.8 26.4 -0.00133407
12.8 26.8 0

13.2 0 0
13.2 0.4 0.00590235
13.2 0.8 0.047372
13.2 1.2 0.018912
13.2 1.6 -0.0156896
13.2 2 -0.0346534
13.2 2.4 -0.0266954
13.2 2.8 0.00221038
13.2 3.2 0.0337355
13.2 3.6 0.0492312
13.2 4 0.0387517
13.2 4.4 -0.00219345
13.2 4.8 -0.0394113
13.2 5.2 -0.0419606
13.2 5.6 0.00616459
13.2 6 0.0559425
13.2 6.4 0.0729674
13.2 6.8 0.0452486
13.2 7.2 -0.0124921
13.2 7.6 -0.0674807
13.2 8 -0.0887626
13.2 8.4 -0.0649825
13.2 8.8 -0.00930113
13.2 9.2 0.0504428
13.2 9.6 0.0888272
13.2 10 0.0964341
13.2 10.4 0.0825673
13.2 10.8 0.0671008
13.2 11.2 0.0675728
13.2 11.6 0.0886045
13.2 12 0.116839
13.2 12.4 0.121803
13.2 12.8 0.0768749
13.2 13.2 0.00350495
13.2 13.6 -0.0654708
13.2 14 -0.0756628
13.2 14.4 -0.0819632
13.2 14.8 -0.0925663
13.2 15.2 -0.103795
13.2 15.6 -0.110591
13.2 16 -0.107016
13.2 16.4 -0.0853559
13.2 16.8 -0.0395851
13.2 17.2 0.0268487
13.2 17.6 0.0951771
13.2 18 0.135201
13.2 18.4 0.120814
13.2 18.8 0.0491041
13.2 19.2 -0.0500249
13.2 19.6 -0.121671
13.2 20 -0.106547
13.2 20.4 0.0216027
13.2 20.8 0.0721613
13.2 21.2 0.0391081
13.2 21.6 -0.0326119
13.2 22 -0.0285314
13.2 22.4 0.0229141
13.2 22.8 0.0859668
13.2 23.2 0.122866
13.2 23.6 0.111341
13.2 24 0.0568691
13.2 24.4 -0.011321
13.2 24.8 -0.0590765
13.2 25.2 -0.0688483
13.2 25.6 -0.0495393
13.2 26 -0.0281808
13.2 26.4 -0.00335362
13.2 26.8 0

13.6 0 0
13.6 0.4 0.00475882
13.6 0.8 0.0384973
13.6 1.2 0.0157072
13.6 1.6 -0.0110835
13.6 2 -0.0231766
13.6 2.4 -0.0118836
13.6 2.8 0.0154898
13.6 3.2 0.040632
13.6 3.6 0.0459117
13.6 4 0.0239205
13.6 4.4 -0.0202175
13.6 4.8 -0.0604437
13.6 5.2 -0.0671554
13.6 5.6 -0.0292239
13.6 6 0.0339301
13.6 6.4 0.0794257
13.6 6.8 0.0788169
13.6 7.2 0.0326078
13.6 7.6 -0.0328033
13.6 8 -0.0821442
13.6 8.4 -0.0914454
13.6 8.8 -0.0596004
13.6 9.2 -0.00551711
13.6 9.6 0.0455209
13.6 10 0.0768923
13.6 10.4 0.088033
13.6 10.8 0.0909049
13.6 11.2 0.0991717
13.6 11.6 0.117127
13.6 12 0.134369
13.6 12.4 0.129304
13.6 12.8 0.0859195
13.6 13.2 0.0202816
13.6 13.6 -0.0391449
13.6 14 -0.0788212
13.6 14.4 -0.111016
13.6 14.8 -0.136776
13.6 15.2 -0.150582
13.6 15.6 -0.147262
13.6 16 -0.124862
13.6 16.4 -0.0847673
13.6 16.8 -0.032076
13.6 17.2 0.0229864
13.6 17.6 0.0649851
13.6 18 0.077965
13.6 18.4 0.0549842
13.6 18.8 0.00700406
13.6 19.2 -0.0367547
13.6 19.6 -0.0416461
13.6 20 0.00896192
13.6 20.4 0.0869187
13.6 20.8 0.114133
13.6 21.2 0.0719971
13.6 21.6 0.00335663
13.6 22 -0.0124247
13.6 22.4 0.0237064
13.6 22.8 0.0780786
13.6 23.2 0.109464
13.6 23.6 0.0929653
13.6 24 0.0344558
13.6 24.4 -0.0339845
13.6 24.8 -0.0754881
13.6 25.2 -0.0727776
13.6 25.6 -0.0389482
13.6 26 -0.00729176
13.6 26.4 -0.000820638
13.6 26.8 0

14 0 0
14 0.4 0.00361332
14 0.8 0.0295429
14 1.2 0.011274
14 1.6 -0.0102462
14 2 -0.0195989
14 2.4 -0.0101183
14 2.8 0.0112484
14 3.2 0.0288848
14 3.6 0.0293468
14 4 0.00938313
14 4.4 -0.0302617
14 4.8 -0.0739789
14 5.2 -0.0927499
14 5.6 -0.0750825
14 6 -0.00222993
14 6.4 0.0683309
14 6.8 0.0976482
14 7.2 0.0734453
14 7.6 0.0116944
14 8 -0.0546941
14 8.4 -0.0946627
14 8.8 -0.0943784
14 9.2 -0.0608894
14 9.6 -0.0137884
14 10 0.0282978
14 10.4 0.0575224
14 10.8 0.0776695
14 11.2 0.0973273
14 11.6 0.12103
14 12 0.14388
14 12.4 0.149408
14 12.8 0.112775
14 13.2 0.0555136
14 13.6 0.0140733
14 14 -0.0269943
14 14.4 -0.0654854
14 14.8 -0.092284
14 15.2 -0.0998684
14 15.6 -0.0864879
14 16 -0.0576504
14 16.4 -0.0238482
14 16.8 0.00363304
14 17.2 0.016397
14 17.6 0.0110631
14 18 -0.00945713
14 18.4 -0.0350224
14 18.8 -0.0489833
14 19.2 -0.0328747
14 19.6 0.0234212
14 20 0.106323
14 20.4 0.157591
14 20.8 0.158872
14 21.2 0.0926189
14 21.6 -0.00471628
14 22 -0.0283011
14 22.4 0.000129742
14 22.8 0.0467661
14 23.2 0.0724978
14 23.6 0.0540298
14 24 -0.00119533
14 24.4 -0.0595771
14 24.8 -0.0839459
14 25.2 -0.0592711
14 25.6 -0.0035905
14 26 0.0437955
14 26.4 0.00559973
14 26.8 0

14.4 0 0
14.4 0.4 0.0024952
14.4 0.8 0.0206693
14.4 1.2 0.00594634
14.4 1.6 -0.0122393
14.4 2 -0.0217732
14.4 2.4 -0.0174543
14.4 2.8 -0.00461565
14.4 3.2 0.00540228
14.4 3.6 0.00524753
14.4 4 0.00332205
14.4 4.4 -0.0015447
14.4 4.8 -0.00465379
14.4 5.2 -0.0193564
14.4 5.6 -0.133578
14.4 6 -0.0486299
14.4 6.4 0.0354501
14.4 6.8 0.0888569
14.4 7.2 0.0928114
14.4 7.6 0.0506411
14.4 8 -0.014059
14.4 8.4 -0.0709368
14.4 8.8 -0.0985652
14.4 9.2 -0.0927726
14.4 9.6 -0.0641059
14.4 10 -0.0280385
14.4 10.4 0.00471858
14.4 10.8 0.0320272
14.4 11.2 0.0577664
14.4 11.6 0.0872991
14.4 12 0.126719
14.4 12.4 0.021445
14.4 12.8 0.01074
14.4 13.2 0.0159255
14.4 13.6 0.0905296
14.4 14 0.0647757
14.4 14.4 0.0334128
14.4 14.8 0.0159512
14.4 15.2 0.0183228
14.4 15.6 0.0369805
14.4 16 0.0594849
14.4 16.4 0.0695809
14.4 16.8 0.0553169
14.4 17.2 0.0157339
14.4 17.6 -0.0376652
14.4 18 -0.0851321
14.4 18.4 -0.10626
14.4 18.8 -0.0874375
14.4 19.2 -0.0262648
14.4 19.6 0.0688085
14.4 20 0.182911
14.4 20.4 0.0307743
14.4 20.8 0.0128241
14.4 21.2 0.000535308
14.4 21.6 -0.0741079
14.4 22 -0.0674237
14.4 22.4 -0.0340351
14.4 22.8 0.00870924
14.4 23.2 0.0311887
14.4 23.6 0.0146005
14.4 24 -0.0321769
14.4 24.4 -0.0759068
14.4 24.8 -0.0810677
14.4 25.2 -0.0353874
14.4 25.6 0.0395575
14.4 26 0.10094
14.4 26.4 0.012833
14.4 26.8 0

14.8 0 0
14.8 0.4 0.00126411
14.8 0.8 0.0108187
14.8 1.2 9.12119e-05
14.8 1.6 -0.0141459
14.8 2 -0.0233984
14.8 2.4 -0.023971
14.8 2.8 -0.0194314
14.8 3.2 -0.0176456
14.8 3.6 -0.0259598
14.8 4 -0.00310553
14.8 4.4 0
14.8 4.8 0
14.8 5.2 0
14.8 5.6 -0.0202722
14.8 6 -0.0768938
14.8 6.4 -0.00882372
14.8 6.8 0.0522227
14.8 7.2 0.0831801
14.8 7.6 0.0726836
14.8 8 0.0294372
14.8 8.4 -0.0245156
14.8 8.8 -0.0669696
14.8 9.2 -0.0861322
14.8 9.6 -0.0830542
14.8 10 -0.0665952
14.8 10.4 -0.045964
14.8 10.8 -0.0261864
14.8 11.2 -0.00811045
14.8 11.6 0.0103574
14.8 12 0.0069656
14.8 12.4 0
14.8 12.8 0
14.8 13.2 0
14.8 13.6 0.0213177
14.8 14 0.14422
14.8 14.4 0.117206
14.8 14.8 0.111963
14.8 15.2 0.122538
14.8 15.6 0.140773
14.8 16 0.151231
14.8 16.4 0.136686
14.8 16.8 0.0883157
14.8 17.2 0.0133902
14.8 17.6 -0.0651959
14.8 18 -0.11833
14.8 18.4 -0.124501
14.8 18.8 -0.0807542
14.8 19.2 -0.00442711
14.8 19.6 0.0785864
14.8 20 0.0255966
14.8 20.4 0
14.8 20.8 0
14.8 21.2 0
14.8 21.6 -0.0112586
14.8 22 -0.078866
14.8 22.4 -0.0487737
14.8 22.8 -0.0132293
14.8 23.2 0.00657226
14.8 23.6 -0.00582179
14.8 24 -0.0428044
14.8 24.4 -0.0742737
14.8 24.8 -0.0678793
14.8 25.2 -0.0132048
14.8 25.6 0.06803
14.8 26 0.133971
14.8 26.4 0.0170337
14.8 26.8 0

15.2 0 0
15.2 0.4 -0.000255623
15.2 0.8 -0.0012642
15.2 1.2 -0.00603706
15.2 1.6 -0.0131414
15.2 2 -0.0183485
15.2 2.4 -0.0200054
15.2 2.8 -0.0199138
15.2 3.2 -0.0209126
15.2 3.6 -0.00456138
15.2 4 0
15.2 4.4 0
15.2 4.8 0
15.2 5.2 0
15.2 5.6 0
15.2 6 -0.0125513
15.2 6.4 -0.0529498
15.2 6.8 -0.00175385
15.2 7.2 0.049612
15.2 7.6 0.0744299
15.2 8 0.0652711
15.2 8.4 0.031644
15.2 8.8 -0.00923144
15.2 9.2 -0.0427716
15.2 9.6 -0.0626682
15.2 10 -0.0702361
15.2 10.4 -0.0702168
15.2 10.8 -0.0674382
15.2 11.2 -0.0672634
15.2 11.6 -0.00756704
15.2 12 0
15.2 12.4 0
15.2 12.8 0
15.2 13.2 0
15.2 13.6 0
15.2 14 0.0188232
15.2 14.4 0.112569
15.2 14.8 0.124485
15.2 15.2 0.138271
15.2 15.6 0.151547
15.2 16 0.152495
15.2 16.4 0.127209
15.2 16.8 0.0708538
15.2 17.2 -0.00462587
15.2 17.6 -0.0725586
15.2 18 -0.103793
15.2 18.4 -0.0831822
15.2 18.8 -0.0210987
15.2 19.2 0.0458135
15.2 19.6 0.0131148
15.2 20 0
15.2 20.4 0
15.2 20.8 0
15.2 21.2 0
15.2 21.6 0
15.2 22 -0.00712866
15.2 22.4 -0.0328029
15.2 22.8 -0.0117065
15.2 23.2 0.00582894
15.2 23.6 -0.0006228
15.2 24 -0.0285833
15.2 24.4 -0.053963
15.2 24.8 -0.0486811
15.2 25.2 -0.00253595
15.2 25.6 0.0668425
15.2 26 0.123862
15.2 26.4 0.0157679
15.2 26.8 0

15.6 0 0
15.6 0.4 -0.00209119
15.6 0.8 -0.0157206
15.6 1.2 -0.0122302
15.6 1.6 -0.00836042
15.6 2 -0.00486324
15.6 2.4 -0.00311627
15.6 2.8 -0.00424775
15.6 3.2 -0.00736393
15.6 3.6 -0.00066375
15.6 4 0
15.6 4.4 0
15.6 4.8 0
15.6 5.2 0
15.6 5.6 0
15.6 6 -0.00838363
15.6 6.4 -0.103865
15.6 6.8 -0.0558425
15.6 7.2 0.00807406
15.6 7.6 0.0606825
15.6 8 0.0848566
15.6 8.4 0.0786566
15.6 8.8 0.0517159
15.6 9.2 0.017192
15.6 9.6 -0.0148856
15.6 10 -0.0398787
15.6 10.4 -0.0570559
15.6 10.8 -0.0673705
15.6 11.2 -0.0727025
15.6 11.6 -0.00563657
15.6 12 0
15.6 12.4 0
15.6 12.8 0
15.6 13.2 0
15.6 13.6 0
15.6 14 0.00103452
15.6 14.4 0.0406752
15.6 14.8 0.0503464
15.6 15.2 0.0546318
15.6 15.6 0.0582148
15.6 16 0.0557393
15.6 16.4 0.0379056
15.6 16.8 0.00190392
15.6 17.2 -0.0413538
15.6 17.6 -0.0694803
15.6 18 -0.0605985
15.6 18.4 -0.00846641
15.6 18.8 0.0693132
15.6 19.2 0.136861
15.6 19.6 0.0118612
15.6 20 0
15.6 20.4 0
15.6 20.8 0
15.6 21.2 0
15.6 21.6 0
15.6 22 -0.00159986
15.6 22.4 -0.0242823
15.6 22.8 -0.00437194
15.6 23.2 0.0173723
15.6 23.6 0.0204758
15.6 24 0.00179598
15.6 24.4 -0.0221322
15.6 24.8 -0.0281687
15.6 25.2 -0.00496171
15.6 25.6 0.0373988
15.6 26 0.0739198
15.6 26.4 0.00942953
15.6 26.8 0

16 0 0
16 0.4 -0.0039866
16 0.8 -0.0306267
16 1.2 -0.0179144
16 1.6 -0.00115862
16 2 0.013715
16 2.4 0.0215438
16 2.8 0.0206426
16 3.2 0.0146924
16 3.6 0.00258442
16 4 0
16 4.4 0
16 4.8 0
16 5.2 0
16 5.6 0
16 6 -0.00782527
16 6.4 -0.110833
16 6.8 -0.0769942
16 7.2 -0.018949
16 7.6 0.041305
16 8 0.0834502
16 8.4 0.0983482
16 8.8 0.0886987
16 9.2 0.0637925
16 9.6 0.0334549
16 10 0.00472035
16 10.4 -0.0181394
16 10.8 -0.0322182
16 11.2 -0.0355442
16 11.6 0.00203839
16 12 0
16 12.4 0
16 12.8 0
16 13.2 0
16 13.6 0
16 14 -0.00220669
16 14.4 -0.040456
16 14.8 -0.0530525
16 15.2 -0.0698823
16 15.6 -0.079132
16 16 -0.0804419
16 16.4 -0.0799219
16 16.8 -0.0814409
16 17.2 -0.0799423
16 17.6 -0.0625639
16 18 -0.017944
16 18.4 0.052173
16 18.8 0.128366
16 19.2 0.182669
16 19.6 0.0195436
16 20 0
16 20.4 0
16 20.8 0
16 21.2 0
16 21.6 0
16 22 -0.00657791
16 22.4 -0.0299494
16 22.8 -0.00630819
16 23.2 0.0237049
16 23.6 0.0395766
16 24 0.0324022
16 24.4 0.0103581
16 24.8 -0.00907973
16 25.2 -0.0132448
16 25.6 -0.0033992
16 26 0.00797874
16 26.4 0.00101413
16 26.8 0

16.4 0 0
16.4 0.4 -0.00543398
16.4 0.8 -0.0421909
16.4 1.2 -0.0218698
16.4 1.6 0.00599932
16.4 2 0.0312044
16.4 2.4 0.0448587
16.4 2.8 0.0435956
16.4 3.2 0.0320242
16.4 3.6 0.0223236
16.4 4 0.00229895
16.4 4.4 0
16.4 4.8 0
16.4 5.2 0
16.4 5.6 0.00670233
16.4 6 0.00110507
16.4 6.4 -0.0498829
16.4 6.8 -0.0508362
16.4 7.2 -0.0194213
16.4 7.6 0.0242169
16.4 8 0.0614722
16.4 8.4 0.0816616
16.4 8.8 0.0836862
16.4 9.2 0.0726594
16.4 9.6 0.0552176
16.4 10 0.0366487
16.4 10.4 0.0209795
16.4 10.8 0.0126068
16.4 11.2 0.0181646
16.4 11.6 0.050179
16.4 12 0.00845723
16.4 12.4 0
16.4 12.8 0
16.4 13.2 0
16.4 13.6 0.00892819
16.4 14 0.00282806
16.4 14.4 -0.0588176
16.4 14.8 -0.110505
16.4 15.2 -0.150379
16.4 15.6 -0.170571
16.4 16 -0.169383
16.4 16.4 -0.152174
16.4 16.8 -0.125778
16.4 17.2 -0.0925667
16.4 17.6 -0.0497647
16.4 18 0.0049255
16.4 18.4 0.065434
16.4 18.8 0.114001
16.4 19.2 0.125492
16.4 19.6 0.0733789
16.4 20 -0.00347915
16.4 20.4 0
16.4 20.8 0
16.4 21.2 0
16.4 21.6 -0.00701385
16.4 22 -0.0631015
16.4 22.4 -0.0517654
16.4 22.8 -0.0246921
16.4 23.2 0.0126392
16.4 23.6 0.041843
16.4 24 0.0490643
16.4 24.4 0.034082
16.4 24.8 0.00791982
16.4 25.2 -0.016684
16.4 25.6 -0.0334576
16.4 26 -0.0434127
16.4 26.4 -0.00561841
16.4 26.8 0

16.8 0 0
16.8 0.4 -0.00589926
16.8 0.8 -0.0463461
16.8 1.2 -0.0226415
16.8 1.6 0.0108705
16.8 2 0.0418981
16.8 2.4 0.0590871
16.8 2.8 0.0568125
16.8 3.2 0.0380358
16.8 3.6 0.0133411
16.8 4 -0.00488849
16.8 4.4 -0.00337714
16.8 4.8 -0.00347335
16.8 5.2 0.00608676
16.8 5.6 0.0824419
16.8 6 0.0518148
16.8 6.4 0.0164693
16.8 6.8 -0.00158687
16.8 7.2 -0.000509824
16.8 7.6 0.0118789
16.8 8 0.0256967
16.8 8.4 0.0348065
16.8 8.8 0.038499
16.8 9.2 0.0391534
16.8 9.6 0.0389732
16.8 10 0.0384524
16.8 10.4 0.0374165
16.8 10.8 0.0369643
16.8 11.2 0.0400467
16.8 11.6 0.0484586
16.8 12 0.0504784
16.8 12.4 0.00303894
16.8 12.8 -0.00177686
16.8 13.2 0.00665286
16.8 13.6 0.0708655
16.8 14 0.0192455
16.8 14.4 -0.0386714
16.8 14.8 -0.0940061
16.8 15.2 -0.136967
16.8 15.6 -0.158255
16.8 16 -0.154991
16.8 16.4 -0.132127
16.8 16.8 -0.09863
16.8 17.2 -0.0620516
16.8 17.6 -0.0260412
16.8 18 0.00760532
16.8 18.4 0.034554
16.8 18.8 0.0458613
16.8 19.2 0.030782
16.8 19.6 -0.0166227
16.8 20 -0.0878947
16.8 20.4 -0.00821903
16.8 20.8 0.00409478
16.8 21.2 0.00121752
16.8 21.6 -0.0325378
16.8 22 -0.0606243
16.8 22.4 -0.0703839
16.8 22.8 -0.0530992
16.8 23.2 -0.0155304
16.8 23.6 0.0236246
16.8 24 0.0461892
16.8 24.4 0.0443819
16.8 24.8 0.0224283
16.8 25.2 -0.00882018
16.8 25.6 -0.0387356
16.8 26 -0.0602873
16.8 26.4 -0.00791625
16.8 26.8 0

17.2 0 0
17.2 0.4 -0.00512652
17.2 0.8 -0.0409781
17.2 1.2 -0.0195758
17.2 1.6 0.0119916
17.2 2 0.0426154
17.2 2.4 0.0608596
17.2 2.8 0.0592603
17.2 3.2 0.0377397
17.2 3.6 0.00395154
17.2 4 -0.0306521
17.2 4.4 -0.0581122
17.2 4.8 -0.0427467
17.2 5.2 0.0111554
17.2 5.6 0.0722451
17.2 6 0.085091
17.2 6.4 0.0703182
17.2 6.8 0.0466526
17.2 7.2 0.0239004
17.2 7.6 0.00475735
17.2 8 -0.0106231
17.2 8.4 -0.0210681
17.2 8.8 -0.0239609
17.2 9.2 -0.0176219
17.2 9.6 -0.00360465
17.2 10 0.0132254
17.2 10.4 0.0271834
17.2 10.8 0.0346882
17.2 11.2 0.0352482
17.2 11.6 0.029207
17.2 12 0.0132464
17.2 12.4 -0.0178482
17.2 12.8 -0.0236864
17.2 13.2 -0.00215344
17.2 13.6 0.0347745
17.2 14 0.0323213
17.2 14.4 0.0109355
17.2 14.8 -0.0173269
17.2 15.2 -0.0417573
17.2 15.6 -0.0535954
17.2 16 -0.0496547
17.2 16.4 -0.033748
17.2 16.8 -0.0142498
17.2 17.2 0.000489961
17.2 17.6 0.00555984
17.2 18 -6.38412e-07
17.2 18.4 -0.0149761
17.2 18.8 -0.0372417
17.2 19.2 -0.0626889
17.2 19.6 -0.0817165
17.2 20 -0.0743615
17.2 20.4 -0.00376523
17.2 20.8 0.0565692
17.2 21.2 0.0575338
17.2 21.6 -0.00127328
17.2 22 -0.0552997
17.2 22.4 -0.085541
17.2 22.8 -0.0820365
17.2 23.2 -0.049951
17.2 23.6 -0.00658497
17.2 24 0.0282721
17.2 24.4 0.0418685
17.2 24.8 0.0325819
17.2 25.2 0.00785315
17.2 25.6 -0.0209997
17.2 26 -0.0433602
17.2 26.4 -0.00590936
17.2 26.8 0

17.6 0 0
17.6 0.4 -0.003317
17.6 0.8 -0.0273403
17.6 1.2 -0.0136609
17.6 1.6 0.00852418
17.6 2 0.0328425
17.6 2.4 0.0506402
17.6 2.8 0.0536588
17.6 3.2 0.0379779
17.6 3.6 0.00670066
17.6 4 -0.0304931
17.6 4.4 -0.0580646
17.6 4.8 -0.0444742
17.6 5.2 0.00691443
17.6 5.6 0.0649682
17.6 6 0.0945706
17.6 6.4 0.0940136
17.6 6.8 0.0728492
17.6 7.2 0.0403257
17.6 7.6 0.00324278
17.6 8 -0.0321525
17.6 8.4 -0.0588874
17.6 8.8 -0.0706164
17.6 9.2 -0.0648002
17.6 9.6 -0.0447793
17.6 10 -0.018854
17.6 10.4 0.00343123
17.6 10.8 0.0152762
17.6 11.2 0.014494
17.6 11.6 0.00259577
17.6 12 -0.0170264
17.6 12.4 -0.0377464
17.6 12.8 -0.0413598
17.6 13.2 -0.0223388
17.6 13.6 0.0100325
17.6 14 0.0387445
17.6 14.4 0.0575943
17.6 14.8 0.0667355
17.6 15.2 0.0699208
17.6 15.6 0.0717107
17.6 16 0.0744147
17.6 16.4 0.0763605
17.6 16.8 0.0727041
17.6 17.2 0.0582922
17.6 17.6 0.0306442
17.6 18 -0.00847648
17.6 18.4 -0.053274
17.6 18.8 -0.0947653
17.6 19.2 -0.12141
17.6 19.6 -0.119865
17.6 20 -0.0786159
17.6 20.4 -0.000993048
17.6 20.8 0.0597596
17.6 21.2 0.0597598
17.6 21.6 0.00268522
17.6 22 -0.0565018
17.6 22.4 -0.0933958
17.6 22.8 -0.0981772
17.6 23.2 -0.0735996
17.6 23.6 -0.032949
17.6 24 0.00640217
17.6 24.4 0.0308189
17.6 24.8 0.0352762
17.6 25.2 0.0235256
17.6 25.6 0.0047125
17.6 26 -0.0110284
17.6 26.4 -0.00185045
17.6 26.8 0

18 0 0
18 0.4 -0.0010421
18 0.8 -0.00957976
18 1.2 -0.00728805
18 1.6 0.000172847
18 2 0.0140048
18 2.4 0.0307395
18 2.8 0.0424434
18 3.2 0.0410674
18 3.6 0.0234324
18 4 -0.0084347
18 4.4 -0.0520496
18 4.8 -0.0495052
18 5.2 -0.0066324
18 5.6 0.0438223
18 6 0.0723567
18 6.4 0.0778089
18 6.8 0.0657894
18 7.2 0.0409433
18 7.6 0.00736438
18 8 -0.0289473
18 8.4 -0.0595298
18 8.8 -0.0760632
18 9.2 -0.0745797
18 9.6 -0.0579279
18 10 -0.0346362
18 10.4 -0.0147263
18 10.8 -0.00534695
18 11.2 -0.00865377
18 11.6 -0.0222894
18 12 -0.040584
18 12.4 -0.0574653
18 12.8 -0.0631956
18 13.2 -0.0507231
18 13.6 -0.0279127
18 14 0.0179705
18 14.4 0.0635255
18 14.8 0.100088
18 15.2 0.124202
18 15.6 0.135389
18 16 0.134859
18 16.4 0.123954
18 16.8 0.103152
18 17.2 0.0724263
18 17.6 0.0325116
18 18 -0.0137144
18 18.4 -0.0606202
18 18.8 -0.0998985
18 19.2 -0.121244
18 19.6 -0.113648
18 20 -0.0686083
18 20.4 0.00830028
18 20.8 0.0638422
18 21.2 0.0543596
18 21.6 -0.0169878
18 22 -0.0622056
18 22.4 -0.0860224
18 22.8 -0.0887291
18 23.2 -0.0714177
18 23.6 -0.0409185
18 24 -0.00817206
18 24.4 0.0166607
18 24.8 0.0283671
18 25.2 0.0279352
18 25.6 0.0208819
18 26 0.0140883
18 26.4 0.00144724
18 26.8 0

18.4 0 0
18.4 0.4 0.00105987
18.4 0.8 0.00739368
18.4 1.2 -0.00284733
18.4 1.6 -0.0122441
18.4 2 -0.0107855
18.4 2.4 0.0043113
18.4 2.8 0.0260992
18.4 3.2 0.0431883
18.4 3.6 0.0485459
18.4 4 0.0402972
18.4 4.4 0.000105939
18.4 4.8 -0.00420378
18.4 5.2 -0.00178734
18.4 5.6 0.0174706
18.4 6 0.0264055
18.4 6.4 0.0281434
18.4 6.8 0.0290309
18.4 7.2 0.0261406
18.4 7.6 0.0155246
18.4 8 -0.00267608
18.4 8.4 -0.0229388
18.4 8.8 -0.0374082
18.4 9.2 -0.0409252
18.4 9.6 -0.0342251
18.4 10 -0.0231969
18.4 10.4 -0.0150499
18.4 10.8 -0.0144511
18.4 11.2 -0.0222029
18.4 11.6 -0.0362979
18.4 12 -0.0497638
18.4 12.4 -0.00853402
18.4 12.8 -0.00553484
18.4 13.2 -0.0136324
18.4 13.6 -0.0826129
18.4 14 -0.0282618
18.4 14.4 0.0202546
18.4 14.8 0.0616227
18.4 15.2 0.0899819
18.4 15.6 0.101163
18.4 16 0.0957381
18.4 16.4 0.0783265
18.4 16.8 0.0548538
18.4 17.2 0.030028
18.4 17.6 0.00633169
18.4 18 -0.0154699
18.4 18.4 -0.035143
18.4 18.8 -0.0518604
18.4 19.2 -0.063538
18.4 19.6 -0.0660992
18.4 20 -0.0479315
18.4 20.4 0.000351093
18.4 20.8 0.00505928
18.4 21.2 -0.00368621
18.4 21.6 -0.0760535
18.4 22 -0.067334
18.4 22.4 -0.0561482
18.4 22.8 -0.0485866
18.4 23.2 -0.0391871
18.4 23.6 -0.0257273
18.4 24 -0.0102067
18.4 24.4 0.00364402
18.4 24.8 0.013069
18.4 25.2 0.0176721
18.4 25.6 0.0191215
18.4 26 0.0197849
18.4 26.4 0.00242328
18.4 26.8 0

18.8 0 0
18.8 0.4 0.00258958
18.8 0.8 0.0201942
18.8 1.2 -0.00119465
18.8 1.6 -0.0260565
18.8 2 -0.0363517
18.8 2.4 -0.0238591
18.8 2.8 0.00474972
18.8 3.2 0.0347352
18.8 3.6 0.0607545
18.8 4 0.00829299
18.8 4.4 0
18.8 4.8 0
18.8 5.2 0
18.8 5.6 -0.00266358
18.8 6 -0.0248903
18.8 6.4 -0.0355784
18.8 6.8 -0.0209367
18.8 7.2 0.00366137
18.8 7.6 0.0242873
18.8 8 0.0331723
18.8 8.4 0.0308783
18.8 8.8 0.0233586
18.8 9.2 0.016412
18.8 9.6 0.0118199
18.8 10 0.00751043
18.8 10.4 0.00075312
18.8 10.8 -0.00891329
18.8 11.2 -0.0200985
18.8 11.6 -0.0356409
18.8 12 -0.00631137
18.8 12.4 0
18.8 12.8 0
18.8 13.2 0
18.8 13.6 -0.0135656
18.8 14 -0.0599094
18.8 14.4 -0.0407027
18.8 14.8 -0.0176985
18.8 15.2 -0.000738293
18.8 15.6 0.00223352
18.8 16 -0.00881118
18.8 16.4 -0.0265491
18.8 16.8 -0.0409196
18.8 17.2 -0.0442431
18.8 17.6 -0.0342629
18.8 18 -0.0143841
18.8 18.4 0.00804868
18.8 18.8 0.0242038
18.8 19.2 0.0254339
18.8 19.6 0.00119459
18.8 20 5.84101e-05
18.8 20.4 0
18.8 20.8 0
18.8 21.2 0
18.8 21.6 -0.0114434
18.8 22 -0.0484466
18.8 22.4 0.00182327
18.8 22.8 0.0142241
18.8 23.2 0.0114231
18.8 23.6 0.00373478
18.8 24 -0.00314151
18.8 24.4 -0.00643471
18.8 24.8 -0.00551515
18.8 25.2 -0.00118832
18.8 25.6 0.00485479
18.8 26 0.0104696
18.8 26.4 0.00154725
18.8 26.8 0

19.2 0 0
19.2 0.4 0.00347386
19.2 0.8 0.0277805
19.2 1.2 -0.00130515
19.2 1.6 -0.0369502
19.2 2 -0.0555446
19.2 2.4 -0.0456891
19.2 2.8 -0.0160026
19.2 3.2 0.00975
19.2 3.6 0.00483694
19.2 4 0
19.2 4.4 0
19.2 4.8 0
19.2 5.2 0
19.2 5.6 0
19.2 6 -0.00952742
19.2 6.4 -0.0921999
19.2 6.8 -0.0613946
19.2 7.2 -0.0146992
19.2 7.6 0.0300036
19.2 8 0.0599909
19.2 8.4 0.0723364
19.2 8.8 0.0714731
19.2 9.2 0.0634038
19.2 9.6 0.0514977
19.2 10 0.036454
19.2 10.4 0.0192872
19.2 10.8 0.00415407
19.2 11.2 -0.00102437
19.2 11.6 -0.00130515
19.2 12 0
19.2 12.4 0
19.2 12.8 0
19.2 13.2 0
19.2 13.6 0
19.2 14 -0.00930039
19.2 14.4 -0.0802813
19.2 14.8 -0.0807632
19.2 15.2 -0.0781911
19.2 15.6 -0.0845432
19.2 16 -0.100221
19.2 16.4 -0.116097
19.2 16.8 -0.119931
19.2 17.2 -0.10312
19.2 17.6 -0.064637
19.2 18 -0.0113612
19.2 18.4 0.0442764
19.2 18.8 0.0882072
19.2 19.2 0.109838
19.2 19.6 0.00936214
19.2 20 0
19.2 20.4 0
19.2 20.8 0
19.2 21.2 0
19.2 21.6 0
19.2 22 0.00281873
19.2 22.4 0.0833909
19.2 22.8 0.0739118
19.2 23.2 0.0545554
19.2 23.6 0.0285564
19.2 24 0.0035148
19.2 24.4 -0.0138626
19.2 24.8 -0.0203705
19.2 25.2 -0.0169321
19.2 25.6 -0.00777149
19.2 26 0.00136792
19.2 26.4 0.00062079
19.2 26.8 0

19.6 0 0
19.6 0.4 0
19.6 0.8 0.00347386
19.6 1.2 -0.000178624
19.6 1.6 -0.00466956
19.6 2 -0.00703375
19.6 2.4 -0.00583105
19.6 2.8 -0.0021333
19.6 3.2 0.00107746
19.6 3.6 0
19.6 4 0
19.6 4.4 0
19.6 4.8 0
19.6 5.2 0
19.6 5.6 0
19.6 6 0
19.6 6.4 -0.0115785
19.6 6.8 -0.00777074
19.6 7.2 -0.00198309
19.6 7.6 0.00356282
19.6 8 0.00733047
19.6 8.4 0.00898869
19.6 8.8 0.00906721
19.6 9.2 0.00824532
19.6 9.6 0.00687481
19.6 10 0.00502297
19.6 10.4 0.00285116
19.6 10.8 0.000933731
19.6 11.2 0.000294397
19.6 11.6 0
19.6 12 0
19.6 12.4 0
19.6 12.8 0
19.6 13.2 0
19.6 13.6 0
19.6 14 0
19.6 14.4 -0.00941726
19.6 14.8 -0.00971035
19.6 15.2 -0.00970783
19.6 15.6 -0.0107669
19.6 16 -0.0127822
19.6 16.4 -0.0145742
19.6 16.8 -0.0147292
19.6 17.2 -0.012369
19.6 17.6 -0.00750803
19.6 18 -0.00100457
19.6 18.4 0.00571767
19.6 18.8 0.0110432
19.6 19.2 0.0136746
19.6 19.6 0
19.6 20 0
19.6 20.4 0
19.6 20.8 0
19.6 21.2 0
19.6 21.6 0
19.6 22 0
19.6 22.4 0.0106712
19.6 22.8 0.00953326
19.6 23.2 0.00702551
19.6 23.6 0.00354803
19.6 24 0.000151319
19.6 24.4 -0.00218167
19.6 24.8 -0.00294811
19.6 25.2 -0.00226778
19.6 25.6 -0.000783308
19.6 26 0.00062079
19.6 26.4 0
19.6 26.8 0

20 0 0
20 0.4 0
20 0.8 0
20 1.2 0
20 1.6 0
20 2 0
20 2.4 0
20 2.8 0
20 3.2 0
20 3.6 0
20 4 0
20 4.4 0
20 4.8 0
20 5.2 0
20 5.6 0
20 6 0
20 6.4 0
20 6.8 0
20 7.2 0
20 7.6 0
20 8 0
20 8.4 0
20 8.8 0
20 9.2 0
20 9.6 0
20 10 0
20 10.4 0
20 10.8 0
20 11.2 0
20 11.6 0
20 12 0
20 12.4 0
20 12.8 0
20 13.2 0
20 13.6 0
20 14 0
20 14.4 0
20 14.8 0
20 15.2 0
20 15.6 0
20 16 0
20 16.4 0
20 16.8 0
20 17.2 0
20 17.6 0
20 18 0
20 18.4 0
20 18.8 0
20 19.2 0
20 19.6 0
20 20 0
20 20.4 0
20 20.8 0
20 21.2 0
20 21.6 0
20 22 0
20 22.4 0
20 22.8 0
20 23.2 0
20 23.6 0
20 24 0
20 24.4 0
20 24.8 0
20 25.2 0
20 25.6 0
20 26 0
20 26.4 0
20 26.8 0

