0 0 0
0 0.4 0
0 0.8 0
0 1.2 0
0 1.6 0
0 2 0
0 2.4 0
0 2.8 0
0 3.2 0
0 3.6 0
0 4 0
0 4.4 0
0 4.8 0
0 5.2 0
0 5.6 0
0 6 0
0 6.4 0
0 6.8 0
0 7.2 0
0 7.6 0
0 8 0
0 8.4 0
0 8.8 0
0 9.2 0
0 9.6 0
0 10 0
0 10.4 0
0 10.8 0
0 11.2 0
0 11.6 0
0 12 0
0 12.4 0
0 12.8 0
0 13.2 0
0 13.6 0
0 14 0
0 14.4 0
0 14.8 0
0 15.2 0
0 15.6 0
0 16 0
0 16.4 0
0 16.8 0
0 17.2 0
0 17.6 0
0 18 0
0 18.4 0
0 18.8 0
0 19.2 0
0 19.6 0
0 20 0
0 20.4 0
0 20.8 0
0 21.2 0
0 21.6 0
0 22 0
0 22.4 0
0 22.8 0
0 23.2 0
0 23.6 0
0 24 0
0 24.4 0
0 24.8 0
0 25.2 0
0 25.6 0
0 26 0
0 26.4 0
0 26.8 0

0.4 0 0
0.4 0.4 0
0.4 0.8 0.00423675
0.4 1.2 0.000917993
0.4 1.6 -0.00251621
0.4 2 -0.00339984
0.4 2.4 -0.000825336
0.4 2.8 0.00365016
0.4 3.2 0.00706911
0.4 3.6 0.00709595
0.4 4 0.00350734
0.4 4.4 -0.00186194
0.4 4.8 -0.00646032
0.4 5.2 -0.00840809
0.4 5.6 -0.00733604
0.4 6 -0.00406395
0.4 6.4 0.000500793
0.4 6.8 0.00542496
0.4 7.2 0.00937121
0.4 7.6 0.0107079
0.4 8 0.00835555
0.4 8.4 0.00276213
0.4 8.8 -0.00391557
0.4 9.2 -0.00883062
0.4 9.6 -0.0101173
0.4 10 -0.00804992
0.4 10.4 -0.00479363
0.4 10.8 -0.00286122
0.4 11.2 -0.00338175
0.4 11.6 -0.00547381
0.4 12 -0.00721012
0.4 12.4 -0.00743071
0.4 12.8 -0.00688081
0.4 13.2 -0.00737343
0.4 13.6 -0.00994138
0.4 14 -0.0135201
0.4 14.4 -0.0153665
0.4 14.8 -0.0133691
0.4 15.2 -0.00812382
0.4 15.6 -0.00288868
0.4 16 -0.00132612
0.4 16.4 -0.00472488
0.4 16.8 -0.0108452
0.4 17.2 -0.0153277
0.4 17.6 -0.0146725
0.4 18 -0.00860877
0.4 18.4 -0.000142543
0.4 18.8 0.00665951
0.4 19.2 0.00939528
0.4 19.6 0.0084886
0.4 20 0.00604662
0.4 20.4 0.0036498
0.4 20.8 0.00134234
0.4 21.2 -0.00117852
0.4 21.6 -0.00333881
0.4 22 -0.00364143
0.4 22.4 -0.000947612
0.4 22.8 0.00407324
0.4 23.2 0.00893171
0.4 23.6 0.0108777
0.4 24 0.0088152
0.4 24.4 0.00405529
0.4 24.8 -0.000686937
0.4 25.2 -0.00324966
0.4 25.6 -0.00340142
0.4 26 -0.00261025
0.4 26.4 0
0.4 26.8 0

0.8 0 0
0.8 0.4 0.00423675
0.8 0.8 0.031345
0.8 1.2 0.00653166
0.8 1.6 -0.0185756
0.8 2 -0.0238408
0.8 2.4 -0.00294619
0.8 2.8 0.0314445
0.8 3.2 0.0563416
0.8 3.6 0.0542924
0.8 4 0.0246622
0.8 4.4 -0.0174248
0.8 4.8 -0.0520572
0.8 5.2 -0.065348
0.8 5.6 -0.0554455
0.8 6 -0.0293862
0.8 6.4 0.00574205
0.8 6.8 0.0430579
0.8 7.2 0.0725559
0.8 7.6 0.0817146
0.8 8 0.0621259
0.8 8.4 0.0173159
0.8 8.8 -0.0356709
0.8 9.2 -0.0742857
0.8 9.6 -0.0837851
0.8 10 -0.0665164
0.8 10.4 -0.0399567
0.8 10.8 -0.0243547
0.8 11.2 -0.0288128
0.8 11.6 -0.0462027
0.8 12 -0.0608693
0.8 12.4 -0.0631994
0.8 12.8 -0.0588402
0.8 13.2 -0.0621147
0.8 13.6 -0.0813002
0.8 14 -0.108086
0.8 14.4 -0.120864
0.8 14.8 -0.103187
0.8 15.2 -0.0602345
0.8 15.6 -0.0182376
0.8 16 -0.0063066
0.8 16.4 -0.034319
0.8 16.8 -0.0839808
0.8 17.2 -0.120383
0.8 17.6 -0.115867
0.8 18 -0.0686708
0.8 18.4 -0.00285528
0.8 18.8 0.0496819
0.8 19.2 0.0707915
0.8 19.6 0.0647195
0.8 20 0.0482762
0.8 20.4 0.0328966
0.8 20.8 0.0170019
0.8 21.2 -0.00337448
0.8 21.6 -0.0237588
0.8 22 -0.0307196
0.8 22.4 -0.0129705
0.8 22.8 0.0258384
0.8 23.2 0.066177
0.8 23.6 0.0850424
0.8 24 0.0719404
0.8 24.4 0.0358399
0.8 24.8 -0.00217206
0.8 25.2 -0.0244154
0.8 25.6 -0.0279754
0.8 26 -0.0234073
0.8 26.4 -0.00261025
0.8 26.8 0

1.2 0 0
1.2 0.4 0.00276097
1.2 0.8 0.020381
1.2 1.2 -1.74662e-05
1.2 1.6 -0.0211412
1.2 2 -0.0258948
1.2 2.4 -0.00894758
1.2 2.8 0.0191299
1.2 3.2 0.0397004
1.2 3.6 0.0397355
1.2 4 0.0206612
1.2 4.4 -0.00456324
1.2 4.8 -0.0230085
1.2 5.2 -0.0275026
1.2 5.6 -0.0213807
1.2 6 -0.0143391
1.2 6.4 -0.00699785
1.2 6.8 0.00378301
1.2 7.2 0.0166744
1.2 7.6 0.0238187
1.2 8 0.0165563
1.2 8.4 -0.00615039
1.2 8.8 -0.0342506
1.2 9.2 -0.0520463
1.2 9.6 -0.0492032
1.2 10 -0.0289581
1.2 10.4 -0.00666224
1.2 10.8 0.000989661
1.2 11.2 -0.0117004
1.2 11.6 -0.034946
1.2 12 -0.050748
1.2 12.4 -0.0474391
1.2 12.8 -0.0317195
1.2 13.2 -0.0202409
1.2 13.6 -0.0251264
1.2 14 -0.0426837
1.2 14.4 -0.0523626
1.2 14.8 -0.0366278
1.2 15.2 0.00181056
1.2 15.6 0.0399945
1.2 16 0.051465
1.2 16.4 0.0266674
1.2 16.8 -0.0187598
1.2 17.2 -0.0544207
1.2 17.6 -0.0566897
1.2 18 -0.0251971
1.2 18.4 0.0180417
1.2 18.8 0.0458944
1.2 19.2 0.0462211
1.2 19.6 0.0290177
1.2 20 0.0146773
1.2 20.4 0.0127415
1.2 20.8 0.0126199
1.2 21.2 0.00340677
1.2 21.6 -0.0139519
1.2 22 -0.0256344
1.2 22.4 -0.0171394
1.2 22.8 0.0112087
1.2 23.2 0.0429734
1.2 23.6 0.0577431
1.2 24 0.0465187
1.2 24.4 0.0181599
1.2 24.8 -0.00797515
1.2 25.2 -0.0169985
1.2 25.6 -0.00898589
1.2 26 0.00311971
1.2 26.4 0.000668571
1.2 26.8 0

1.6 0 0
1.6 0.4 0.00140964
1.6 0.8 0.0107496
1.6 1.2 -0.00560578
1.6 1.6 -0.0237337
1.6 2 -0.0294102
1.6 2.4 -0.0180211
1.6 2.8 0.0022632
1.6 3.2 0.0175322
1.6 3.6 0.0198376
1.6 4 0.0139147
1.6 4.4 0.0117192
1.6 4.8 0.0148772
1.6 5.2 0.0234861
1.6 5.6 0.027945
1.6 6 0.00816107
1.6 6.4 -0.0238717
1.6 6.8 -0.048949
1.6 7.2 -0.0565758
1.6 7.6 -0.0495536
1.6 8 -0.0383688
1.6 8.4 -0.0311075
1.6 8.8 -0.0270749
1.6 9.2 -0.0189777
1.6 9.6 -0.00145063
1.6 10 0.0215927
1.6 10.4 0.0375217
1.6 10.8 0.0338435
1.6 11.2 0.00883725
1.6 11.6 -0.0243648
1.6 12 -0.0437905
1.6 12.4 -0.0319069
1.6 12.8 0.000614172
1.6 13.2 0.0328611
1.6 13.6 0.0464051
1.6 14 0.0358865
1.6 14.4 0.0246312
1.6 14.8 0.0346286
1.6 15.2 0.0668948
1.6 15.6 0.101619
1.6 16 0.114232
1.6 16.4 0.0946664
1.6 16.8 0.0553436
1.6 17.2 0.0219133
1.6 17.6 0.0137857
1.6 18 0.0294054
1.6 18.4 0.0477881
1.6 18.8 0.0455592
1.6 19.2 0.016785
1.6 19.6 -0.0199029
1.6 20 -0.0346911
1.6 20.4 -0.016565
1.6 20.8 0.00507183
1.6 21.2 0.0104366
1.6 21.6 -0.00375223
1.6 22 -0.0218839
1.6 22.4 -0.0235692
1.6 22.8 -0.00648116
1.6 23.2 0.0149474
1.6 23.6 0.0228589
1.6 24 0.0110443
1.6 24.4 -0.00981878
1.6 24.8 -0.0208099
1.6 25.2 -0.0102397
1.6 25.6 0.0166104
1.6 26 0.0414023
1.6 26.4 0.00538328
1.6 26.8 0

2 0 0
2 0.4 0.00100529
2 0.8 0.00869221
2 1.2 -0.00427201
2 1.6 -0.019846
2 2 -0.0265847
2 2.4 -0.0208398
2 2.8 -0.00914766
2 3.2 -0.0018529
2 3.6 -0.00268871
2 4 -0.00207453
2 4.4 0.0189633
2 4.8 0.0403994
2 5.2 0.0637362
2 5.6 0.0815366
2 6 0.0356164
2 6.4 -0.0333631
2 6.8 -0.0884774
2 7.2 -0.110549
2 7.6 -0.100462
2 8 -0.0721907
2 8.4 -0.040786
2 8.8 -0.013385
2 9.2 0.0112081
2 9.6 0.0356796
2 10 0.0570142
2 10.4 0.0657424
2 10.8 0.0527491
2 11.2 0.0181991
2 11.6 -0.024743
2 12 -0.053095
2 12.4 -0.0323865
2 12.8 0.0137081
2 13.2 0.0629533
2 13.6 0.09361
2 14 0.0787864
2 14.4 0.0568612
2 14.8 0.0571751
2 15.2 0.0829247
2 15.6 0.115481
2 16 0.13088
2 16.4 0.118169
2 16.8 0.0871417
2 17.2 0.0599689
2 17.6 0.0531079
2 18 0.0633573
2 18.4 0.0692167
2 18.8 0.0475407
2 19.2 -0.00578278
2 19.6 -0.0653339
2 20 -0.0843419
2 20.4 -0.0360602
2 20.8 0.00498738
2 21.2 0.019914
2 21.6 0.00243913
2 22 -0.0269447
2 22.4 -0.0360509
2 22.8 -0.0248377
2 23.2 -0.009324
2 23.6 -0.00661648
2 24 -0.0202804
2 24.4 -0.036696
2 24.8 -0.0358259
2 25.2 -0.00811878
2 25.6 0.0360469
2 26 0.0723561
2 26.4 0.00910662
2 26.8 0

2.4 0 0
2.4 0.4 0.00161487
2.4 0.8 0.0144817
2.4 1.2 0.00434918
2.4 1.6 -0.00833565
2.4 2 -0.0146307
2.4 2.4 -0.0122288
2.4 2.8 -0.00738367
2.4 3.2 -0.00935945
2.4 3.6 -0.0214801
2.4 4 -0.0327762
2.4 4.4 -0.00168051
2.4 4.8 0.0028011
2.4 5.2 0.0166635
2.4 5.6 0.14004
2.4 6 0.0603399
2.4 6.4 -0.0329077
2.4 6.8 -0.0984938
2.4 7.2 -0.120411
2.4 7.6 -0.103417
2.4 8 -0.0657617
2.4 8.4 -0.0266254
2.4 8.8 0.00387282
2.4 9.2 0.0259953
2.4 9.6 0.0438242
2.4 10 0.0574251
2.4 10.4 0.0606413
2.4 10.8 0.0461654
2.4 11.2 0.0128925
2.4 11.6 -0.0324848
2.4 12 -0.0854667
2.4 12.4 -0.0113818
2.4 12.8 -0.000273511
2.4 13.2 0.0100397
2.4 13.6 0.104284
2.4 14 0.061339
2.4 14.4 0.0192703
2.4 14.8 0.0104107
2.4 15.2 0.0329814
2.4 15.6 0.066068
2.4 16 0.0851697
2.4 16.4 0.0787937
2.4 16.8 0.0556787
2.4 17.2 0.0370519
2.4 17.6 0.0391575
2.4 18 0.0588495
2.4 18.4 0.0733203
2.4 18.8 0.0551085
2.4 19.2 -0.00711317
2.4 19.6 -0.093058
2.4 20 -0.132559
2.4 20.4 -0.0108894
2.4 20.8 0.00148453
2.4 21.2 0.00338526
2.4 21.6 0.000876162
2.4 22 -0.0492813
2.4 22.4 -0.0559596
2.4 22.8 -0.0394313
2.4 23.2 -0.0209449
2.4 23.6 -0.0187008
2.4 24 -0.0345592
2.4 24.4 -0.0515981
2.4 24.8 -0.0471181
2.4 25.2 -0.0115779
2.4 25.6 0.0415797
2.4 26 0.0835753
2.4 26.4 0.010298
2.4 26.8 0

2.8 0 0
2.8 0.4 0.00245849
2.8 0.8 0.0217631
2.8 1.2 0.0140299
2.8 1.6 0.00478972
2.8 2 0.00130994
2.8 2.4 0.00474177
2.8 2.8 0.00841994
2.8 3.2 0.00246915
2.8 3.6 -0.0214516
2.8 4 -0.00458267
2.8 4.4 0
2.8 4.8 0
2.8 5.2 0
2.8 5.6 0.0178025
2.8 6 0.0559521
2.8 6.4 -0.0351227
2.8 6.8 -0.0807847
2.8 7.2 -0.084408
2.8 7.6 -0.0577296
2.8 8 -0.0213245
2.8 8.4 0.00644243
2.8 8.8 0.0185744
2.8 9.2 0.0198637
2.8 9.6 0.0193785
2.8 10 0.0216107
2.8 10.4 0.0232764
2.8 10.8 0.0177787
2.8 11.2 0.00287576
2.8 11.6 -0.0163107
2.8 12 -0.00867974
2.8 12.4 0
2.8 12.8 0
2.8 13.2 0
2.8 13.6 0.00485052
2.8 14 -0.0121058
2.8 14.4 -0.0723017
2.8 14.8 -0.0782771
2.8 15.2 -0.0506613
2.8 15.6 -0.0136795
2.8 16 0.00838877
2.8 16.4 0.0046014
2.8 16.8 -0.0156374
2.8 17.2 -0.0293998
2.8 17.6 -0.0172875
2.8 18 0.0208457
2.8 18.4 0.062649
2.8 18.8 0.0749255
2.8 19.2 0.030671
2.8 19.6 -0.0890558
2.8 20 -0.0174142
2.8 20.4 0
2.8 20.8 0
2.8 21.2 0
2.8 21.6 -0.007827
2.8 22 -0.102135
2.8 22.4 -0.0771888
2.8 22.8 -0.0429282
2.8 23.2 -0.0135462
2.8 23.6 -0.00744866
2.8 24 -0.0258735
2.8 24.4 -0.048949
2.8 24.8 -0.0502598
2.8 25.2 -0.0180363
2.8 25.6 0.0339568
2.8 26 0.0749208
2.8 26.4 0.00901852
2.8 26.8 0

3.2 0 0
3.2 0.4 0.00258087
3.2 0.8 0.0228875
3.2 1.2 0.016693
3.2 1.6 0.010323
3.2 2 0.0108225
3.2 2.4 0.0191241
3.2 2.8 0.0288179
3.2 3.2 0.0325831
3.2 3.6 0.000811647
3.2 4 0
3.2 4.4 0
3.2 4.8 0
3.2 5.2 0
3.2 5.6 0
3.2 6 0.00104457
3.2 6.4 -0.0560189
3.2 6.8 -0.0468556
3.2 7.2 -0.0205848
3.2 7.6 0.0139625
3.2 8 0.0390574
3.2 8.4 0.0421796
3.2 8.8 0.0239333
3.2 9.2 -0.00348112
3.2 9.6 -0.025174
3.2 10 -0.0330886
3.2 10.4 -0.0293547
3.2 10.8 -0.0213933
3.2 11.2 -0.0124052
3.2 11.6 -0.000529389
3.2 12 0
3.2 12.4 0
3.2 12.8 0
3.2 13.2 0
3.2 13.6 0
3.2 14 -0.0160751
3.2 14.4 -0.174199
3.2 14.8 -0.148384
3.2 15.2 -0.107483
3.2 15.6 -0.0657915
3.2 16 -0.0436992
3.2 16.4 -0.0507224
3.2 16.8 -0.076438
3.2 17.2 -0.0952233
3.2 17.6 -0.0822577
3.2 18 -0.0305062
3.2 18.4 0.0427663
3.2 18.8 0.105228
3.2 19.2 0.131236
3.2 19.6 0.00163503
3.2 20 0
3.2 20.4 0
3.2 20.8 0
3.2 21.2 0
3.2 21.6 0
3.2 22 -0.0157259
3.2 22.4 -0.0704659
3.2 22.8 -0.0266624
3.2 23.2 0.0127636
3.2 23.6 0.0231858
3.2 24 0.00117356
3.2 24.4 -0.0316816
3.2 24.8 -0.0451114
3.2 25.2 -0.0237719
3.2 25.6 0.0203198
3.2 26 0.0563609
3.2 26.4 0.00662373
3.2 26.8 0

3.6 0 0
3.6 0.4 0.00175118
3.6 0.8 0.016029
3.6 1.2 0.00932991
3.6 1.6 0.00291915
3.6 2 0.00532971
3.6 2.4 0.018073
3.6 2.8 0.0337044
3.6 3.2 0.0416964
3.6 3.6 0.00277579
3.6 4 0
3.6 4.4 0
3.6 4.8 0
3.6 5.2 0
3.6 5.6 0
3.6 6 -0.00424051
3.6 6.4 -0.0352702
3.6 6.8 0.00217995
3.6 7.2 0.0453567
3.6 7.6 0.0779841
3.6 8 0.08501
3.6 8.4 0.0614115
3.6 8.8 0.0159433
3.6 9.2 -0.0331083
3.6 9.6 -0.0677691
3.6 10 -0.0795653
3.6 10.4 -0.0722156
3.6 10.8 -0.0564617
3.6 11.2 -0.0410603
3.6 11.6 -0.00199175
3.6 12 0
3.6 12.4 0
3.6 12.8 0
3.6 13.2 0
3.6 13.6 0
3.6 14 -0.0143087
3.6 14.4 -0.167281
3.6 14.8 -0.134297
3.6 15.2 -0.0912067
3.6 15.6 -0.0510328
3.6 16 -0.0330142
3.6 16.4 -0.0473475
3.6 16.8 -0.0849217
3.6 17.2 -0.119407
3.6 17.6 -0.121168
3.6 18 -0.0748065
3.6 18.4 0.0104764
3.6 18.8 0.104329
3.6 19.2 0.170991
3.6 19.6 0.0140419
3.6 20 0
3.6 20.4 0
3.6 20.8 0
3.6 21.2 0
3.6 21.6 0
3.6 22 -0.00422281
3.6 22.4 -0.0445859
3.6 22.8 0.00115545
3.6 23.2 0.046405
3.6 23.6 0.0590699
3.6 24 0.0325937
3.6 24.4 -0.0105197
3.6 24.8 -0.0367105
3.6 25.2 -0.0270815
3.6 25.6 0.00864284
3.6 26 0.0403651
3.6 26.4 0.00474509
3.6 26.8 0

4 0 0
4 0.4 0.00080735
4 0.8 0.00790804
4 1.2 -0.00265056
4 1.6 -0.0140758
4 2 -0.0145445
4 2.4 -0.000701861
4 2.8 0.019104
4 3.2 0.0303669
4 3.6 0.00185914
4 4 0
4 4.4 0
4 4.8 0
4 5.2 0
4 5.6 0
4 6 -0.00837311
4 6.4 -0.00599496
4 6.8 0.0405908
4 7.2 0.0834892
4 7.6 0.104142
4 8 0.0929153
4 8.4 0.052228
4 8.8 -0.00389826
4 9.2 -0.0558386
4 9.6 -0.0875584
4 10 -0.0939303
4 10.4 -0.0818785
4 10.8 -0.0649872
4 11.2 -0.0555271
4 11.6 -0.0114791
4 12 0
4 12.4 0
4 12.8 0
4 13.2 0
4 13.6 0
4 14 0.00164602
4 14.4 -0.0644269
4 14.8 -0.0456718
4 15.2 -0.0144874
4 15.6 0.017647
4 16 0.0308896
4 16.4 0.0117661
4 16.8 -0.0356849
4 17.2 -0.0888629
4 17.6 -0.117007
4 18 -0.0975449
4 18.4 -0.029279
4 18.8 0.0647015
4 19.2 0.145002
4 19.6 0.0244332
4 20 0
4 20.4 0
4 20.8 0
4 21.2 0
4 21.6 0
4 22 -0.00538851
4 22.4 -0.0238822
4 22.8 0.0225392
4 23.2 0.0704674
4 23.6 0.0828708
4 24 0.0519849
4 24.4 0.00148565
4 24.8 -0.0327195
4 25.2 -0.0294546
4 25.6 0.00287625
4 26 0.0342872
4 26.4 0.00428459
4 26.8 0

4.4 0 0
4.4 0.4 0.00106527
4.4 0.8 0.00911351
4.4 1.2 -0.00901932
4.4 1.6 -0.0306772
4.4 2 -0.0393433
4.4 2.4 -0.0284485
4.4 2.8 -0.00600724
4.4 3.2 0.0113433
4.4 3.6 0.00980632
4.4 4 0.00127337
4.4 4.4 0
4.4 4.8 0
4.4 5.2 0
4.4 5.6 -0.0128148
4.4 6 -0.0570567
4.4 6.4 0.000824786
4.4 6.8 0.0489465
4.4 7.2 0.078456
4.4 7.6 0.0817114
4.4 8 0.0584753
4.4 8.4 0.0170606
4.4 8.8 -0.0280881
4.4 9.2 -0.0618911
4.4 9.6 -0.0750879
4.4 10 -0.0682408
4.4 10.4 -0.0508173
4.4 10.8 -0.0359711
4.4 11.2 -0.0350543
4.4 11.6 -0.0580796
4.4 12 -0.00470419
4.4 12.4 0
4.4 12.8 0
4.4 13.2 0
4.4 13.6 0.0159586
4.4 14 0.126247
4.4 14.4 0.0656586
4.4 14.8 0.0492886
4.4 15.2 0.0608523
4.4 15.6 0.0839957
4.4 16 0.0975425
4.4 16.4 0.0838472
4.4 16.8 0.0390337
4.4 17.2 -0.0229221
4.4 17.6 -0.0757397
4.4 18 -0.0935577
4.4 18.4 -0.0642181
4.4 18.8 0.00362206
4.4 19.2 0.082847
4.4 19.6 0.139142
4.4 20 0.0233101
4.4 20.4 0
4.4 20.8 0
4.4 21.2 0
4.4 21.6 -0.0105432
4.4 22 -0.0652319
4.4 22.4 -0.0316142
4.4 22.8 0.0257419
4.4 23.2 0.0749259
4.4 23.6 0.0845731
4.4 24 0.0499494
4.4 24.4 -0.00334881
4.4 24.8 -0.0383804
4.4 25.2 -0.0337141
4.4 25.6 0.00184842
4.4 26 0.0373479
4.4 26.4 0.00503624
4.4 26.8 0

4.8 0 0
4.8 0.4 0.00319647
4.8 0.8 0.0251895
4.8 1.2 -0.00281545
4.8 1.6 -0.037604
4.8 2 -0.0576143
4.8 2.4 -0.0525472
4.8 2.8 -0.0294481
4.8 3.2 -0.00623275
4.8 3.6 0.00312518
4.8 4 0.00431456
4.8 4.4 -0.00477028
4.8 4.8 -0.00803343
4.8 5.2 -0.0135869
4.8 5.6 -0.0704444
4.8 6 -0.0321739
4.8 6.4 0.0098755
4.8 6.8 0.0359692
4.8 7.2 0.0402843
4.8 7.6 0.0254065
4.8 8 -0.000679002
4.8 8.4 -0.0276003
4.8 8.8 -0.0456309
4.8 9.2 -0.0486862
4.8 9.6 -0.0365933
4.8 10 -0.015273
4.8 10.4 0.00602886
4.8 10.8 0.0195826
4.8 11.2 0.0237701
4.8 11.6 0.0263611
4.8 12 0.052908
4.8 12.4 0.015555
4.8 12.8 0.0132558
4.8 13.2 0.0183804
4.8 13.6 0.132092
4.8 14 0.127214
4.8 14.4 0.0920952
4.8 14.8 0.0704852
4.8 15.2 0.0725221
4.8 15.6 0.0923651
4.8 16 0.113777
4.8 16.4 0.118005
4.8 16.8 0.0935021
4.8 17.2 0.0426662
4.8 17.6 -0.0182781
4.8 18 -0.0663034
4.8 18.4 -0.0818537
4.8 18.8 -0.0574052
4.8 19.2 -0.000703846
4.8 19.6 0.0684271
4.8 20 0.126506
4.8 20.4 0.0219761
4.8 20.8 0.0112802
4.8 21.2 -0.000740488
4.8 21.6 -0.0797264
4.8 22 -0.0682195
4.8 22.4 -0.0324336
4.8 22.8 0.0220382
4.8 23.2 0.0645141
4.8 23.6 0.067569
4.8 24 0.0297477
4.8 24.4 -0.0222066
4.8 24.8 -0.0522333
4.8 25.2 -0.0407144
4.8 25.6 0.00183159
4.8 26 0.0430735
4.8 26.4 0.00604478
4.8 26.8 0

5.2 0 0
5.2 0.4 0.00647572
5.2 0.8 0.0506034
5.2 1.2 0.0135015
5.2 1.6 -0.0329668
5.2 2 -0.0631535
5.2 2.4 -0.0637505
5.2 2.8 -0.0413776
5.2 3.2 -0.0166853
5.2 3.6 -0.00993358
5.2 4 -0.029691
5.2 4.4 -0.0799098
5.2 4.8 -0.10205
5.2 5.2 -0.082332
5.2 5.6 -0.0412996
5.2 6 -0.00179649
5.2 6.4 0.0194332
5.2 6.8 0.0156473
5.2 7.2 -0.00675411
5.2 7.6 -0.0345301
5.2 8 -0.0547285
5.2 8.4 -0.0593727
5.2 8.8 -0.0469055
5.2 9.2 -0.0213255
5.2 9.6 0.00981322
5.2 10 0.0380706
5.2 10.4 0.0573171
5.2 10.8 0.0667042
5.2 11.2 0.0719369
5.2 11.6 0.0837687
5.2 12 0.113717
5.2 12.4 0.16192
5.2 12.8 0.161897
5.2 13.2 0.128696
5.2 13.6 0.0976289
5.2 14 0.0692712
5.2 14.4 0.0374171
5.2 14.8 0.0157729
5.2 15.2 0.0139015
5.2 15.6 0.0328307
5.2 16 0.0637901
5.2 16.4 0.0911037
5.2 16.8 0.0989582
5.2 17.2 0.0787771
5.2 17.6 0.0334288
5.2 18 -0.0234978
5.2 18.4 -0.0724835
5.2 18.8 -0.0946597
5.2 19.2 -0.0781254
5.2 19.6 -0.0229403
5.2 20 0.0552781
5.2 20.4 0.12294
5.2 20.8 0.146162
5.2 21.2 0.0924072
5.2 21.6 -0.00607325
5.2 22 -0.0382971
5.2 22.4 -0.0216622
5.2 22.8 0.0190713
5.2 23.2 0.0495185
5.2 23.6 0.0445663
5.2 24 0.00503497
5.2 24.4 -0.042834
5.2 24.8 -0.0658431
5.2 25.2 -0.0474825
5.2 25.6 9.33832e-05
5.2 26 0.0444003
5.2 26.4 0.00631967
5.2 26.8 0

5.6 0 0
5.6 0.4 0.00907146
5.6 0.8 0.0709517
5.6 1.2 0.0289654
5.6 1.6 -0.0232426
5.6 2 -0.0578709
5.6 2.4 -0.0600076
5.6 2.8 -0.0361706
5.6 3.2 -0.00890211
5.6 3.6 -0.00198856
5.6 4 -0.026227
5.6 4.4 -0.0708317
5.6 4.8 -0.0861946
5.6 5.2 -0.0559049
5.6 5.6 -0.000835402
5.6 6 0.0336442
5.6 6.4 0.0323207
5.6 6.8 0.00189433
5.6 7.2 -0.0387731
5.6 7.6 -0.0695275
5.6 8 -0.0777251
5.6 8.4 -0.0616793
5.6 8.8 -0.0286386
5.6 9.2 0.0100754
5.6 9.6 0.0438568
5.6 10 0.0661141
5.6 10.4 0.0760344
5.6 10.8 0.0788705
5.6 11.2 0.0841188
5.6 11.6 0.100691
5.6 12 0.128898
5.6 12.4 0.151223
5.6 12.8 0.134221
5.6 13.2 0.0817333
5.6 13.6 0.0196192
5.6 14 -0.0203444
5.6 14.4 -0.0461327
5.6 14.8 -0.0625354
5.6 15.2 -0.0663195
5.6 15.6 -0.052301
5.6 16 -0.0203756
5.6 16.4 0.0213617
5.6 16.8 0.0586796
5.6 17.2 0.0766754
5.6 17.6 0.0656771
5.6 18 0.0253967
5.6 18.4 -0.0335072
5.6 18.8 -0.0907529
5.6 19.2 -0.121125
5.6 19.6 -0.10292
5.6 20 -0.0303797
5.6 20.4 0.0682169
5.6 20.8 0.115774
5.6 21.2 0.0829763
5.6 21.6 0.00768418
5.6 22 -0.0265137
5.6 22.4 -0.0157108
5.6 22.8 0.0165401
5.6 23.2 0.0385908
5.6 23.6 0.0294897
5.6 24 -0.00815628
5.6 24.4 -0.0503126
5.6 24.8 -0.0682082
5.6 25.2 -0.0485725
5.6 25.6 -0.00341726
5.6 26 0.0376116
5.6 26.4 0.00538045
5.6 26.8 0

6 0 0
6 0.4 0.00925973
6 0.8 0.0725194
6 1.2 0.0317986
6 1.6 -0.0180219
6 2 -0.0493245
6 2.4 -0.0471882
6 2.8 -0.0180276
6 3.2 0.0153908
6 3.6 0.0278851
6 4 0.0041156
6 4.4 -0.0563116
6 4.8 -0.0738864
6 5.2 -0.0351919
6 5.6 0.0423552
6 6 0.0677238
6 6.4 0.04522
6 6.8 -0.00155178
6 7.2 -0.0457868
6 7.6 -0.06763
6 8 -0.0608606
6 8.4 -0.0324669
6 8.8 0.00369602
6 9.2 0.0345394
6 9.6 0.0526526
6 10 0.0574792
6 10.4 0.0541531
6 10.8 0.0515645
6 11.2 0.0598149
6 11.6 0.0858125
6 12 0.125016
6 12.4 0.148591
6 12.8 0.118697
6 13.2 0.0417192
6 13.6 -0.0620355
6 14 -0.0926044
6 14.4 -0.0953705
6 14.8 -0.0975393
6 15.2 -0.102299
6 15.6 -0.100799
6 16 -0.0835864
6 16.4 -0.0479595
6 16.8 -0.000308438
6 17.2 0.0456682
6 17.6 0.0732419
6 18 0.0683716
6 18.4 0.0261675
6 18.8 -0.0435851
6 19.2 -0.114812
6 19.6 -0.149465
6 20 -0.107231
6 20.4 0.0245859
6 20.8 0.0864568
6 21.2 0.0563219
6 21.6 -0.0270015
6 22 -0.0424627
6 22.4 -0.0202708
6 22.8 0.0144451
6 23.2 0.0363377
6 23.6 0.030176
6 24 -0.000477372
6 24.4 -0.0356904
6 24.8 -0.0523788
6 25.2 -0.0398348
6 25.6 -0.00707697
6 26 0.0230902
6 26.4 0.00335163
6 26.8 0

6.4 0 0
6.4 0.4 0.00670023
6.4 0.8 0.0524192
6.4 1.2 0.0183346
6.4 1.6 -0.0224567
6.4 2 -0.0446909
6.4 2.4 -0.0348645
6.4 2.8 0.000976217
6.4 3.2 0.042298
6.4 3.6 0.0673479
6.4 4 0.0601886
6.4 4.4 0.000315769
6.4 4.8 -0.00617731
6.4 5.2 0.00229056
6.4 5.6 0.0917987
6.4 6 0.0910607
6.4 6.4 0.0462742
6.4 6.8 -0.00394732
6.4 7.2 -0.0355238
6.4 7.6 -0.0376827
6.4 8 -0.015571
6.4 8.4 0.0150017
6.4 8.8 0.0377498
6.4 9.2 0.0441334
6.4 9.6 0.0353801
6.4 10 0.019144
6.4 10.4 0.00478148
6.4 10.8 0.00065437
6.4 11.2 0.0141318
6.4 11.6 0.0525285
6.4 12 0.119741
6.4 12.4 0.0238247
6.4 12.8 0.0105135
6.4 13.2 -0.00706359
6.4 13.6 -0.147386
6.4 14 -0.117891
6.4 14.4 -0.0733823
6.4 14.8 -0.054095
6.4 15.2 -0.0596722
6.4 15.6 -0.0763306
6.4 16 -0.0873931
6.4 16.4 -0.0799547
6.4 16.8 -0.048923
6.4 17.2 0.000934497
6.4 17.6 0.0547392
6.4 18 0.0904027
6.4 18.4 0.0862656
6.4 18.8 0.0321435
6.4 19.2 -0.0615505
6.4 19.6 -0.160317
6.4 20 -0.189562
6.4 20.4 -0.0103644
6.4 20.8 0.00662347
6.4 21.2 -0.00777347
6.4 21.6 -0.115592
6.4 22 -0.0716035
6.4 22.4 -0.0268437
6.4 22.8 0.01501
6.4 23.2 0.0416227
6.4 23.6 0.0441281
6.4 24 0.025242
6.4 24.4 -0.00154366
6.4 24.8 -0.0201653
6.4 25.2 -0.0218009
6.4 25.6 -0.00976922
6.4 26 0.00364005
6.4 26.4 0.000704991
6.4 26.8 0

6.8 0 0
6.8 0.4 0.00280195
6.8 0.8 0.0215967
6.8 1.2 -0.00360979
6.8 1.6 -0.0330782
6.8 2 -0.0454878
6.8 2.4 -0.0298893
6.8 2.8 0.00786601
6.8 3.2 0.0508067
6.8 3.6 0.0881778
6.8 4 0.0109455
6.8 4.4 0
6.8 4.8 0
6.8 5.2 0
6.8 5.6 0.0122947
6.8 6 0.0867706
6.8 6.4 0.017812
6.8 6.8 -0.0201219
6.8 7.2 -0.0250276
6.8 7.6 -0.000876087
6.8 8 0.0347459
6.8 8.4 0.0596437
6.8 8.8 0.0599043
6.8 9.2 0.0364659
6.8 9.6 0.00187361
6.8 10 -0.0288502
6.8 10.4 -0.0460919
6.8 10.8 -0.0474719
6.8 11.2 -0.0332436
6.8 11.6 0.00426195
6.8 12 0.0121145
6.8 12.4 0
6.8 12.8 0
6.8 13.2 0
6.8 13.6 -0.0182354
6.8 14 -0.0817103
6.8 14.4 0.0164736
6.8 14.8 0.04753
6.8 15.2 0.0383159
6.8 15.6 0.00523149
6.8 16 -0.0352698
6.8 16.4 -0.0663661
6.8 16.8 -0.0729835
6.8 17.2 -0.0461872
6.8 17.6 0.0105324
6.8 18 0.0772474
6.8 18.4 0.121648
6.8 18.8 0.112293
6.8 19.2 0.0320052
6.8 19.6 -0.130827
6.8 20 -0.0250616
6.8 20.4 0
6.8 20.8 0
6.8 21.2 0
6.8 21.6 -0.0146777
6.8 22 -0.057922
6.8 22.4 -0.0172731
6.8 22.8 0.0190376
6.8 23.2 0.0467613
6.8 23.6 0.0592272
6.8 24 0.0550962
6.8 24.4 0.0388986
6.8 24.8 0.0182151
6.8 25.2 -4.20801e-06
6.8 25.6 -0.0119767
6.8 26 -0.0174229
6.8 26.4 -0.00204574
6.8 26.8 0

7.2 0 0
7.2 0.4 -0.000160916
7.2 0.8 -0.00204962
7.2 1.2 -0.0197792
7.2 1.6 -0.0402259
7.2 2 -0.0467287
7.2 2.4 -0.0314807
7.2 2.8 -0.00129283
7.2 3.2 0.0247345
7.2 3.6 0.00784886
7.2 4 0
7.2 4.4 0
7.2 4.8 0
7.2 5.2 0
7.2 5.6 0
7.2 6 0.00283015
7.2 6.4 -0.0550292
7.2 6.8 -0.0543833
7.2 7.2 -0.0253081
7.2 7.6 0.0241739
7.2 8 0.0686625
7.2 8.4 0.0837539
7.2 8.8 0.0617444
7.2 9.2 0.0150959
7.2 9.6 -0.0331678
7.2 10 -0.064128
7.2 10.4 -0.0725469
7.2 10.8 -0.0665615
7.2 11.2 -0.0607619
7.2 11.6 -0.0040122
7.2 12 0
7.2 12.4 0
7.2 12.8 0
7.2 13.2 0
7.2 13.6 0
7.2 14 0.00389147
7.2 14.4 0.140349
7.2 14.8 0.139577
7.2 15.2 0.123304
7.2 15.6 0.086989
7.2 16 0.0338204
7.2 16.4 -0.0259791
7.2 16.8 -0.0741079
7.2 17.2 -0.0882139
7.2 17.6 -0.0536265
7.2 18 0.0231712
7.2 18.4 0.110923
7.2 18.8 0.167741
7.2 19.2 0.17012
7.2 19.6 -0.000611391
7.2 20 0
7.2 20.4 0
7.2 20.8 0
7.2 21.2 0
7.2 21.6 0
7.2 22 -0.00217066
7.2 22.4 0.00402878
7.2 22.8 0.0171372
7.2 23.2 0.039366
7.2 23.6 0.0599802
7.2 24 0.0716729
7.2 24.4 0.0688383
7.2 24.8 0.0495765
7.2 25.2 0.018209
7.2 25.6 -0.0148348
7.2 26 -0.0369421
7.2 26.4 -0.00447715
7.2 26.8 0

7.6 0 0
7.6 0.4 -0.000595527
7.6 0.8 -0.00585861
7.6 1.2 -0.0195629
7.6 1.6 -0.0355047
7.6 2 -0.0413864
7.6 2.4 -0.0315634
7.6 2.8 -0.0113547
7.6 3.2 0.004807
7.6 3.6 3.80756e-05
7.6 4 0
7.6 4.4 0
7.6 4.8 0
7.6 5.2 0
7.6 5.6 0
7.6 6 -0.00641637
7.6 6.4 -0.0951558
7.6 6.8 -0.0791087
7.6 7.2 -0.0308721
7.6 7.6 0.0318894
7.6 8 0.0772476
7.6 8.4 0.0812342
7.6 8.8 0.0437879
7.6 9.2 -0.0122917
7.6 9.6 -0.0572617
7.6 10 -0.073014
7.6 10.4 -0.061717
7.6 10.8 -0.0406575
7.6 11.2 -0.0299221
7.6 11.6 -0.00323632
7.6 12 0
7.6 12.4 0
7.6 12.8 0
7.6 13.2 0
7.6 13.6 0
7.6 14 0.0117026
7.6 14.4 0.134756
7.6 14.8 0.12917
7.6 15.2 0.12571
7.6 15.6 0.111964
7.6 16 0.0767958
7.6 16.4 0.0159929
7.6 16.8 -0.0581358
7.6 17.2 -0.115245
7.6 17.6 -0.121066
7.6 18 -0.060989
7.6 18.4 0.044191
7.6 18.8 0.145478
7.6 19.2 0.194963
7.6 19.6 0.0131792
7.6 20 0
7.6 20.4 0
7.6 20.8 0
7.6 21.2 0
7.6 21.6 0
7.6 22 -0.000449824
7.6 22.4 -0.0117353
7.6 22.8 -0.00577622
7.6 23.2 0.0113652
7.6 23.6 0.0376446
7.6 24 0.0642735
7.6 24.4 0.0771475
7.6 24.8 0.0649425
7.6 25.2 0.0281461
7.6 25.6 -0.0182682
7.6 26 -0.0517071
7.6 26.4 -0.00623646
7.6 26.8 0

8 0 0
8 0.4 0.00131258
8 0.8 0.008866
8 1.2 -0.00373785
8 1.6 -0.0187555
8 2 -0.0276601
8 2.4 -0.0259021
8 2.8 -0.0156636
8 3.2 -0.00516069
8 3.6 0.00174022
8 4 0
8 4.4 0
8 4.8 0
8 5.2 0
8 5.6 0
8 6 0.000386456
8 6.4 -0.0909408
8 6.8 -0.08051
8 7.2 -0.0332459
8 7.6 0.0273317
8 8 0.065214
8 8.4 0.0585763
8 8.8 0.0145018
8 9.2 -0.03717
8 9.6 -0.0651025
8 10 -0.0567237
8 10.4 -0.0233553
8 10.8 0.0117011
8 11.2 0.0310291
8 11.6 0.0123011
8 12 0
8 12.4 0
8 12.8 0
8 13.2 0
8 13.6 0
8 14 -0.0208863
8 14.4 0.00174841
8 14.8 0.0131006
8 15.2 0.0380611
8 15.6 0.0667293
8 16 0.0778094
8 16.4 0.0482485
8 16.8 -0.0250202
8 17.2 -0.112632
8 17.6 -0.16473
8 18 -0.142966
8 18.4 -0.0501943
8 18.8 0.0657182
8 19.2 0.139175
8 19.6 0.0130778
8 20 0
8 20.4 0
8 20.8 0
8 21.2 0
8 21.6 0
8 22 -0.00269647
8 22.4 -0.0309278
8 22.8 -0.034544
8 23.2 -0.0280536
8 23.6 -0.00223902
8 24 0.0352892
8 24.4 0.0640154
8 24.8 0.0638762
8 25.2 0.030266
8 25.6 -0.020263
8 26 -0.0587313
8 26.4 -0.00704251
8 26.8 0

8.4 0 0
8.4 0.4 0.0037655
8.4 0.8 0.0280643
8.4 1.2 0.0161298
8.4 1.6 0.00161397
8.4 2 -0.0104565
8.4 2.4 -0.0163151
8.4 2.8 -0.0145245
8.4 3.2 -0.00528224
8.4 3.6 0.0140928
8.4 4 0.00311566
8.4 4.4 0
8.4 4.8 0
8.4 5.2 0
8.4 5.6 0.0171053
8.4 6 0.0487609
8.4 6.4 -0.0404572
8.4 6.8 -0.0601351
8.4 7.2 -0.0284403
8.4 7.6 0.0196715
8.4 8 0.0452154
8.4 8.4 0.0295182
8.4 8.8 -0.0144445
8.4 9.2 -0.0533639
8.4 9.6 -0.0588482
8.4 10 -0.0274402
8.4 10.4 0.0192911
8.4 10.8 0.0541318
8.4 11.2 0.0695
8.4 11.6 0.0970774
8.4 12 -0.00238142
8.4 12.4 0
8.4 12.8 0
8.4 13.2 0
8.4 13.6 -0.0382116
8.4 14 -0.273491
8.4 14.4 -0.167266
8.4 14.8 -0.125912
8.4 15.2 -0.0806808
8.4 15.6 -0.0131253
8.4 16 0.053486
8.4 16.4 0.0760573
8.4 16.8 0.0287594
8.4 17.2 -0.0696663
8.4 17.6 -0.161331
8.4 18 -0.186444
8.4 18.4 -0.126066
8.4 18.8 -0.0181089
8.4 19.2 0.066316
8.4 19.6 0.0685378
8.4 20 0.00367657
8.4 20.4 0
8.4 20.8 0
8.4 21.2 0
8.4 21.6 0.00875309
8.4 22 0.0172551
8.4 22.4 -0.0154562
8.4 22.8 -0.0479112
8.4 23.2 -0.0618782
8.4 23.6 -0.0444584
8.4 24 -0.00231305
8.4 24.4 0.0394774
8.4 24.8 0.0533775
8.4 25.2 0.028997
8.4 25.6 -0.0182684
8.4 26 -0.056684
8.4 26.4 -0.00681035
8.4 26.8 0

8.8 0 0
8.8 0.4 0.00465655
8.8 0.8 0.0351418
8.8 1.2 0.0261144
8.8 1.6 0.0149765
8.8 2 0.00308365
8.8 2.4 -0.00735427
8.8 2.8 -0.0133341
8.8 3.2 -0.012336
8.8 3.6 -0.00451222
8.8 4 0.0016957
8.8 4.4 0.000472408
8.8 4.8 0.00145706
8.8 5.2 0.0152347
8.8 5.6 0.120432
8.8 6 0.0488115
8.8 6.4 -0.0206956
8.8 6.8 -0.0431742
8.8 7.2 -0.0201683
8.8 7.6 0.0163826
8.8 8 0.0301204
8.8 8.4 0.00732372
8.8 8.8 -0.0339214
8.8 9.2 -0.0590772
8.8 9.6 -0.044968
8.8 10 0.00148518
8.8 10.4 0.0479252
8.8 10.8 0.060582
8.8 11.2 0.0277334
8.8 11.6 -0.0412864
8.8 12 -0.16647
8.8 12.4 -0.0355296
8.8 12.8 -0.0143464
8.8 13.2 -0.0169865
8.8 13.6 -0.127174
8.8 14 -0.142617
8.8 14.4 -0.151658
8.8 14.8 -0.170223
8.8 15.2 -0.153317
8.8 15.6 -0.076946
8.8 16 0.0310043
8.8 16.4 0.10683
8.8 16.8 0.098346
8.8 17.2 0.00679293
8.8 17.6 -0.109867
8.8 18 -0.176331
8.8 18.4 -0.153229
8.8 18.8 -0.0643528
8.8 19.2 0.0228576
8.8 19.6 0.0499754
8.8 20 0.0191014
8.8 20.4 -0.0064479
8.8 20.8 -0.00695958
8.8 21.2 0.00624269
8.8 21.6 0.0993335
8.8 22 0.0560576
8.8 22.4 0.00651859
8.8 22.8 -0.0466894
8.8 23.2 -0.08017
8.8 23.6 -0.0746048
8.8 24 -0.0333716
8.8 24.4 0.016674
8.8 24.8 0.0427231
8.8 25.2 0.0290535
8.8 25.6 -0.0116458
8.8 26 -0.047507
8.8 26.4 -0.00580601
8.8 26.8 0

9.2 0 0
9.2 0.4 0.00304536
9.2 0.8 0.0226123
9.2 1.2 0.0196948
9.2 1.6 0.0161242
9.2 2 0.00956036
9.2 2.4 -8.86612e-07
9.2 2.8 -0.00934674
9.2 3.2 -0.0141293
9.2 3.6 -0.0123604
9.2 4 -0.00613664
9.2 4.4 0.00410749
9.2 4.8 0.030115
9.2 5.2 0.0589668
9.2 5.6 0.0720256
9.2 6 0.0287259
9.2 6.4 -0.0190206
9.2 6.8 -0.0319065
9.2 7.2 -0.00840992
9.2 7.6 0.0222829
9.2 8 0.0275856
9.2 8.4 -0.00107129
9.2 8.8 -0.0411455
9.2 9.2 -0.0573567
9.2 9.6 -0.0310346
9.2 10 0.022668
9.2 10.4 0.0635345
9.2 10.8 0.0546935
9.2 11.2 -0.0111433
9.2 11.6 -0.107836
9.2 12 -0.193509
9.2 12.4 -0.202751
9.2 12.8 -0.0698914
9.2 13.2 0.0843547
9.2 13.6 0.107883
9.2 14 0.0707212
9.2 14.4 -0.0167355
9.2 14.8 -0.115588
9.2 15.2 -0.157381
9.2 15.6 -0.102525
9.2 16 0.0216147
9.2 16.4 0.135457
9.2 16.8 0.163285
9.2 17.2 0.0878301
9.2 17.6 -0.0379164
9.2 18 -0.130259
9.2 18.4 -0.135506
9.2 18.8 -0.0662235
9.2 19.2 0.0132191
9.2 19.6 0.0391201
9.2 20 -0.00324917
9.2 20.4 -0.081146
9.2 20.8 -0.100926
9.2 21.2 -0.0470404
9.2 21.6 0.038896
9.2 22 0.0541807
9.2 22.4 0.0210966
9.2 22.8 -0.0356928
9.2 23.2 -0.0805421
9.2 23.6 -0.0852708
9.2 24 -0.0480842
9.2 24.4 0.00489843
9.2 24.8 0.0381685
9.2 25.2 0.0322296
9.2 25.6 -0.00293984
9.2 26 -0.0364446
9.2 26.4 -0.00463338
9.2 26.8 0

9.6 0 0
9.6 0.4 -0.00025277
9.6 0.8 -0.00319604
9.6 1.2 0.00160759
9.6 1.6 0.00793059
9.6 2 0.0104067
9.6 2.4 0.00684319
9.6 2.8 -0.000193757
9.6 3.2 -0.00578834
9.6 3.6 -0.00688797
9.6 4 -0.00368531
9.6 4.4 0.00578074
9.6 4.8 0.0273383
9.6 5.2 0.0473542
9.6 5.6 0.0461691
9.6 6 0.01182
9.6 6.4 -0.0213106
9.6 6.8 -0.0224684
9.6 7.2 0.00682326
9.6 7.6 0.0370211
9.6 8 0.0374832
9.6 8.4 0.00322274
9.6 8.8 -0.039727
9.6 9.2 -0.054684
9.6 9.6 -0.0246043
9.6 10 0.0315981
9.6 10.4 0.0701606
9.6 10.8 0.0534655
9.6 11.2 -0.0218229
9.6 11.6 -0.119072
9.6 12 -0.177654
9.6 12.4 -0.131569
9.6 12.8 0.0364658
9.6 13.2 0.225735
9.6 13.6 0.323482
9.6 14 0.287523
9.6 14.4 0.148417
9.6 14.8 -0.0203386
9.6 15.2 -0.12319
9.6 15.6 -0.103274
9.6 16 0.015889
9.6 16.4 0.14586
9.6 16.8 0.195762
9.6 17.2 0.135352
9.6 17.6 0.0124385
9.6 18 -0.0865717
9.6 18.4 -0.101719
9.6 18.8 -0.0409202
9.6 19.2 0.0318002
9.6 19.6 0.0496649
9.6 20 -0.00438629
9.6 20.4 -0.0851021
9.6 20.8 -0.112081
9.6 21.2 -0.0638068
9.6 21.6 0.0174398
9.6 22 0.0546097
9.6 22.4 0.0355952
9.6 22.8 -0.018064
9.6 23.2 -0.0669381
9.6 23.6 -0.0778717
9.6 24 -0.0452464
9.6 24.4 0.00634711
9.6 24.8 0.0407869
9.6 25.2 0.0369471
9.6 25.6 0.00337433
9.6 26 -0.0297187
9.6 26.4 -0.00396635
9.6 26.8 0

10 0 0
10 0.4 -0.00331314
10 0.8 -0.0271804
10 1.2 -0.0164351
10 1.6 -0.00222389
10 2 0.00866864
10 2.4 0.0128427
10 2.8 0.0120974
10 3.2 0.0107544
10 3.6 0.0104215
10 4 0.00709008
10 4.4 0.00294917
10 4.8 0.0189167
10 5.2 0.0382327
10 5.6 0.039296
10 6 0.00582797
10 6.4 -0.0217905
10 6.8 -0.0147833
10 7.2 0.0213946
10 7.6 0.0545385
10 8 0.0533724
10 8.4 0.0139387
10 8.8 -0.03581
10 9.2 -0.0571041
10 9.6 -0.0310779
10 10 0.0247322
10 10.4 0.0673686
10 10.8 0.0591232
10 11.2 -0.00513998
10 11.6 -0.0940699
10 12 -0.156967
10 12.4 -0.116316
10 12.8 0.074188
10 13.2 0.311272
10 13.6 0.497763
10 14 0.440486
10 14.4 0.256932
10 14.8 0.0418994
10 15.2 -0.0994874
10 15.6 -0.105523
10 16 0.000623811
10 16.4 0.127468
10 16.8 0.180138
10 17.2 0.125638
10 17.6 0.0108253
10 18 -0.0781833
10 18.4 -0.0826454
10 18.8 -0.0132795
10 19.2 0.0623087
10 19.6 0.0745988
10 20 0.00628756
10 20.4 -0.09133
10 20.8 -0.120253
10 21.2 -0.0678377
10 21.6 0.0242085
10 22 0.0638488
10 22.4 0.0483806
10 22.8 -0.00181877
10 23.2 -0.0490574
10 23.6 -0.0606609
10 24 -0.030541
10 24.4 0.0174892
10 24.8 0.0480068
10 25.2 0.040448
10 25.6 0.00385921
10 26 -0.0311045
10 26.4 -0.00417406
10 26.8 0

10.4 0 0
10.4 0.4 -0.00442491
10.4 0.8 -0.0358813
10.4 1.2 -0.0242313
10.4 1.6 -0.00858757
10.4 2 0.00515041
10.4 2.4 0.01411
10.4 2.8 0.020066
10.4 3.2 0.0270097
10.4 3.6 0.0350575
10.4 4 0.0267071
10.4 4.4 0.00150125
10.4 4.8 0.000496352
10.4 5.2 0.00859123
10.4 5.6 0.057719
10.4 6 0.00974823
10.4 6.4 -0.0237964
10.4 6.8 -0.014129
10.4 7.2 0.0279752
10.4 7.6 0.0663804
10.4 8 0.0672734
10.4 8.4 0.0250657
10.4 8.8 -0.0326863
10.4 9.2 -0.0654956
10.4 9.6 -0.050251
10.4 10 0.00132567
10.4 10.4 0.0513193
10.4 10.8 0.0635273
10.4 11.2 0.0282556
10.4 11.6 -0.0394983
10.4 12 -0.147293
10.4 12.4 -0.0266796
10.4 12.8 -0.000708024
10.4 13.2 0.0663582
10.4 13.6 0.67542
10.4 14 0.473701
10.4 14.4 0.243349
10.4 14.8 0.0210726
10.4 15.2 -0.11559
10.4 15.6 -0.119858
10.4 16 -0.0212661
10.4 16.4 0.0903213
10.4 16.8 0.127537
10.4 17.2 0.0662596
10.4 17.6 -0.0414295
10.4 18 -0.110657
10.4 18.4 -0.0895677
10.4 18.8 0.0023256
10.4 19.2 0.0909177
10.4 19.6 0.10433
10.4 20 0.0233019
10.4 20.4 -0.0102321
10.4 20.8 -0.00925979
10.4 21.2 -0.000606936
10.4 21.6 0.0630812
10.4 22 0.0733927
10.4 22.4 0.0489508
10.4 22.8 0.0020394
10.4 23.2 -0.0376648
10.4 23.6 -0.0432069
10.4 24 -0.011534
10.4 24.4 0.033102
10.4 24.8 0.0567968
10.4 25.2 0.0414372
10.4 25.6 -0.00155649
10.4 26 -0.0398717
10.4 26.4 -0.00512216
10.4 26.8 0

10.8 0 0
10.8 0.4 -0.00311582
10.8 0.8 -0.025579
10.8 1.2 -0.0192604
10.8 1.6 -0.0105522
10.8 2 -0.00216814
10.8 2.4 0.00516861
10.8 2.8 0.0138218
10.8 3.2 0.0289719
10.8 3.6 0.061452
10.8 4 0.007602
10.8 4.4 0
10.8 4.8 0
10.8 5.2 0
10.8 5.6 0.00874084
10.8 6 0.00999042
10.8 6.4 -0.0371538
10.8 6.8 -0.0264415
10.8 7.2 0.0212335
10.8 7.6 0.0669618
10.8 8 0.0745675
10.8 8.4 0.0349139
10.8 8.8 -0.0277813
10.8 9.2 -0.0733728
10.8 9.6 -0.0742415
10.8 10 -0.0337107
10.8 10.4 0.0189044
10.8 10.8 0.0523679
10.8 11.2 0.0591617
10.8 11.6 0.068725
10.8 12 -0.00468994
10.8 12.4 0
10.8 12.8 0
10.8 13.2 0
10.8 13.6 0.0518884
10.8 14 0.216104
10.8 14.4 0.0610682
10.8 14.8 -0.0852073
10.8 15.2 -0.159695
10.8 15.6 -0.128768
10.8 16 -0.0272211
10.8 16.4 0.0627522
10.8 16.8 0.0712271
10.8 17.2 -0.00777302
10.8 17.6 -0.11234
10.8 18 -0.159739
10.8 18.4 -0.108928
10.8 18.8 0.00854511
10.8 19.2 0.112136
10.8 19.6 0.132603
10.8 20 0.00536422
10.8 20.4 0
10.8 20.8 0
10.8 21.2 0
10.8 21.6 0.00670969
10.8 22 0.0553035
10.8 22.4 0.0241121
10.8 22.8 -0.0130882
10.8 23.2 -0.0376668
10.8 23.6 -0.0303919
10.8 24 0.00710073
10.8 24.4 0.0496467
10.8 24.8 0.0656506
10.8 25.2 0.0408365
10.8 25.6 -0.00981083
10.8 26 -0.0517174
10.8 26.4 -0.00632129
10.8 26.8 0

11.2 0 0
11.2 0.4 -0.000236588
11.2 0.8 -0.00297445
11.2 1.2 -0.00660981
11.2 1.6 -0.0111905
11.2 2 -0.0146481
11.2 2.4 -0.0149928
11.2 2.8 -0.0112294
11.2 3.2 -0.00510559
11.2 3.6 0.00505087
11.2 4 0
11.2 4.4 0
11.2 4.8 0
11.2 5.2 0
11.2 5.6 0
11.2 6 -0.00122577
11.2 6.4 -0.0700267
11.2 6.8 -0.0495594
11.2 7.2 0.00346859
11.2 7.6 0.0569212
11.2 8 0.075487
11.2 8.4 0.0457302
11.2 8.8 -0.0146988
11.2 9.2 -0.0696821
11.2 9.6 -0.0893263
11.2 10 -0.0685778
11.2 10.4 -0.0269322
11.2 10.8 0.00888068
11.2 11.2 0.0244576
11.2 11.6 0.00856984
11.2 12 0
11.2 12.4 0
11.2 12.8 0
11.2 13.2 0
11.2 13.6 0
11.2 14 -0.0134475
11.2 14.4 -0.179557
11.2 14.8 -0.193758
11.2 15.2 -0.178152
11.2 15.6 -0.0992327
11.2 16 0.00683126
11.2 16.4 0.0701124
11.2 16.8 0.0434789
11.2 17.2 -0.0574245
11.2 17.6 -0.160946
11.2 18 -0.18932
11.2 18.4 -0.115197
11.2 18.8 0.0173956
11.2 19.2 0.123031
11.2 19.6 0.0172427
11.2 20 0
11.2 20.4 0
11.2 20.8 0
11.2 21.2 0
11.2 21.6 0
11.2 22 0.00116589
11.2 22.4 -0.02449
11.2 22.8 -0.040057
11.2 23.2 -0.0435149
11.2 23.6 -0.0199775
11.2 24 0.0248888
11.2 24.4 0.0656557
11.2 24.8 0.0739732
11.2 25.2 0.0401189
11.2 25.6 -0.0173002
11.2 26 -0.0619616
11.2 26.4 -0.00731046
11.2 26.8 0

11.6 0 0
11.6 0.4 0.0027863
11.6 0.8 0.0207109
11.6 1.2 0.0060381
11.6 1.6 -0.0131298
11.6 2 -0.0291314
11.6 2.4 -0.0368015
11.6 2.8 -0.0362633
11.6 3.2 -0.033878
11.6 3.6 -0.00300915
11.6 4 0
11.6 4.4 0
11.6 4.8 0
11.6 5.2 0
11.6 5.6 0
11.6 6 -0.00459364
11.6 6.4 -0.07993
11.6 6.8 -0.0635753
11.6 7.2 -0.0147084
11.6 7.6 0.0414109
11.6 8 0.0720362
11.6 8.4 0.0590516
11.6 8.8 0.010529
11.6 9.2 -0.0458958
11.6 9.6 -0.0820312
11.6 10 -0.0863847
11.6 10.4 -0.0680834
11.6 10.8 -0.0468143
11.6 11.2 -0.0387553
11.6 11.6 -0.003782
11.6 12 0
11.6 12.4 0
11.6 12.8 0
11.6 13.2 0
11.6 13.6 0
11.6 14 -0.0176344
11.6 14.4 -0.215835
11.6 14.8 -0.188909
11.6 15.2 -0.122918
11.6 15.6 -0.0186809
11.6 16 0.0784923
11.6 16.4 0.110068
11.6 16.8 0.0507327
11.6 17.2 -0.0658221
11.6 17.6 -0.163914
11.6 18 -0.176099
11.6 18.4 -0.0907078
11.6 18.8 0.0392051
11.6 19.2 0.133594
11.6 19.6 0.0105715
11.6 20 0
11.6 20.4 0
11.6 20.8 0
11.6 21.2 0
11.6 21.6 0
11.6 22 -0.00325776
11.6 22.4 -0.0536196
11.6 22.8 -0.0563182
11.6 23.2 -0.0424422
11.6 23.6 -0.00613381
11.6 24 0.0427005
11.6 24.4 0.0794478
11.6 24.8 0.0799383
11.6 25.2 0.0389343
11.6 25.6 -0.022584
11.6 26 -0.0683702
11.6 26.4 -0.00794843
11.6 26.8 0

12 0 0
12 0.4 0.00487135
12 0.8 0.0370124
12 1.2 0.0136686
12 1.6 -0.0163412
12 2 -0.0398907
12 2.4 -0.0486872
12 2.8 -0.0436621
12 3.2 -0.0355331
12 3.6 -0.000740047
12 4 0
12 4.4 0
12 4.8 0
12 5.2 0
12 5.6 0
12 6 0.00359758
12 6.4 -0.0579564
12 6.8 -0.0579312
12 7.2 -0.0259805
12 7.6 0.0235462
12 8 0.0630655
12 8.4 0.0707181
12 8.8 0.0434156
12 9.2 -0.00343525
12 9.6 -0.0477445
12 10 -0.0747055
12 10.4 -0.0834049
12 10.8 -0.083313
12 11.2 -0.0856447
12 11.6 -0.0126906
12 12 0
12 12.4 0
12 12.8 0
12 13.2 0
12 13.6 0
12 14 -0.00170976
12 14.4 -0.114355
12 14.8 -0.0903539
12 15.2 -0.0193986
12 15.6 0.0763569
12 16 0.147377
12 16.4 0.147174
12 16.8 0.0678816
12 17.2 -0.0472092
12 17.6 -0.127784
12 18 -0.12335
12 18.4 -0.0394734
12 18.8 0.0651081
12 19.2 0.122909
12 19.6 -0.000512656
12 20 0
12 20.4 0
12 20.8 0
12 21.2 0
12 21.6 0
12 22 -0.00867823
12 22.4 -0.0590602
12 22.8 -0.0518923
12 23.2 -0.0275359
12 23.6 0.0131595
12 24 0.0585025
12 24.4 0.0868935
12 24.8 0.0793884
12 25.2 0.0344947
12 25.6 -0.0267948
12 26 -0.0712451
12 26.4 -0.0083491
12 26.8 0

12.4 0 0
12.4 0.4 0.00574829
12.4 0.8 0.0438899
12.4 1.2 0.0158575
12.4 1.6 -0.0190416
12.4 2 -0.0432306
12.4 2.4 -0.0459741
12.4 2.8 -0.0281825
12.4 3.2 0.00130062
12.4 3.6 0.0388755
12.4 4 0.00828459
12.4 4.4 0
12.4 4.8 0
12.4 5.2 0
12.4 5.6 0.0128385
12.4 6 0.0720753
12.4 6.4 -0.00112258
12.4 6.8 -0.0351935
12.4 7.2 -0.0315681
12.4 7.6 0.00142606
12.4 8 0.0432124
12.4 8.4 0.0707163
12.4 8.8 0.0705267
12.4 9.2 0.0442181
12.4 9.6 0.0043371
12.4 10 -0.0346584
12.4 10.4 -0.0637717
12.4 10.8 -0.0810864
12.4 11.2 -0.0880746
12.4 11.6 -0.0828062
12.4 12 -0.00256048
12.4 12.4 0
12.4 12.8 0
12.4 13.2 0
12.4 13.6 0.00525417
12.4 14 0.0842009
12.4 14.4 0.0152537
12.4 14.8 0.0127322
12.4 15.2 0.0592022
12.4 15.6 0.122989
12.4 16 0.159756
12.4 16.4 0.137023
12.4 16.8 0.0588613
12.4 17.2 -0.031615
12.4 17.6 -0.0787501
12.4 18 -0.0538822
12.4 18.4 0.0205564
12.4 18.8 0.0816869
12.4 19.2 0.0641874
12.4 19.6 -0.0707387
12.4 20 -0.0276338
12.4 20.4 0
12.4 20.8 0
12.4 21.2 0
12.4 21.6 -0.00941597
12.4 22 -0.0620364
12.4 22.4 -0.0468238
12.4 22.8 -0.0285412
12.4 23.2 -0.00169591
12.4 23.6 0.0330998
12.4 24 0.0663647
12.4 24.4 0.0821285
12.4 24.8 0.0675658
12.4 25.2 0.0237209
12.4 25.6 -0.0313393
12.4 26 -0.0708466
12.4 26.4 -0.00851227
12.4 26.8 0

12.8 0 0
12.8 0.4 0.00579307
12.8 0.8 0.0443801
12.8 1.2 0.0150408
12.8 1.6 -0.0200777
12.8 2 -0.0406023
12.8 2.4 -0.0352798
12.8 2.8 -0.00786661
12.8 3.2 0.0270928
12.8 3.6 0.0551514
12.8 4 0.0681804
12.8 4.4 0.00177738
12.8 4.8 -0.0067349
12.8 5.2 0.00186814
12.8 5.6 0.0811173
12.8 6 0.0721244
12.8 6.4 0.0269809
12.8 6.8 -0.0179424
12.8 7.2 -0.0395167
12.8 7.6 -0.0283293
12.8 8 0.00786611
12.8 8.4 0.0494765
12.8 8.8 0.0763114
12.8 9.2 0.0774437
12.8 9.6 0.0544961
12.8 10 0.0181769
12.8 10.4 -0.018236
12.8 10.8 -0.0441199
12.8 11.2 -0.0528774
12.8 11.6 -0.0387399
12.8 12 0.0109777
12.8 12.4 0.006762
12.8 12.8 0.00136225
12.8 13.2 -0.00226423
12.8 13.6 0.0197276
12.8 14 0.0551804
12.8 14.4 0.0390531
12.8 14.8 0.035063
12.8 15.2 0.055411
12.8 15.6 0.0837108
12.8 16 0.0920497
12.8 16.4 0.0634489
12.8 16.8 0.00844704
12.8 17.2 -0.0379913
12.8 17.6 -0.040404
12.8 18 0.00814195
12.8 18.4 0.074455
12.8 18.8 0.102903
12.8 19.2 0.0526787
12.8 19.6 -0.069667
12.8 20 -0.19253
12.8 20.4 -0.0189768
12.8 20.8 0.00457755
12.8 21.2 0.00112491
12.8 21.6 -0.0310169
12.8 22 -0.0222589
12.8 22.4 -0.00944167
12.8 22.8 0.00625152
12.8 23.2 0.0248836
12.8 23.6 0.0447135
12.8 24 0.0598371
12.8 24.4 0.06136
12.8 24.8 0.0428738
12.8 25.2 0.00660665
12.8 25.6 -0.0350207
12.8 26 -0.0648026
12.8 26.4 -0.00801276
12.8 26.8 0

13.2 0 0
13.2 0.4 0.00551936
13.2 0.8 0.0425303
13.2 1.2 0.0134752
13.2 1.6 -0.0201489
13.2 2 -0.0365191
13.2 2.4 -0.0250549
13.2 2.8 0.00671806
13.2 3.2 0.0379282
13.2 3.6 0.0463934
13.2 4 0.0177453
13.2 4.4 -0.056598
13.2 4.8 -0.088157
13.2 5.2 -0.0515521
13.2 5.6 0.032572
13.2 6 0.0622495
13.2 6.4 0.0405033
13.2 6.8 -0.0074004
13.2 7.2 -0.0496805
13.2 7.6 -0.0622794
13.2 8 -0.0392758
13.2 8.4 0.00669039
13.2 8.8 0.053413
13.2 9.2 0.0814172
13.2 9.6 0.0826543
13.2 10 0.0620104
13.2 10.4 0.0325444
13.2 10.8 0.00822833
13.2 11.2 -0.00186946
13.2 11.6 0.00401702
13.2 12 0.0196311
13.2 12.4 0.0220024
13.2 12.8 -0.00237629
13.2 13.2 -0.0230198
13.2 13.6 -0.0113677
13.2 14 0.00120878
13.2 14.4 -0.00643374
13.2 14.8 -0.0164503
13.2 15.2 -0.0185626
13.2 15.6 -0.0171408
13.2 16 -0.0235136
13.2 16.4 -0.0420013
13.2 16.8 -0.0609702
13.2 17.2 -0.0580977
13.2 17.6 -0.0184148
13.2 18 0.0481355
13.2 18.4 0.105591
13.2 18.8 0.112754
13.2 19.2 0.0544286
13.2 19.6 -0.0380097
13.2 20 -0.0909857
13.2 20.4 -0.0206969
13.2 20.8 0.0466109
13.2 21.2 0.0680687
13.2 21.6 0.0358485
13.2 22 0.0255343
13.2 22.4 0.0269038
13.2 22.8 0.0328709
13.2 23.2 0.0384426
13.2 23.6 0.040578
13.2 24 0.0372766
13.2 24.4 0.0270602
13.2 24.8 0.00976208
13.2 25.2 -0.0121636
13.2 25.6 -0.0335576
13.2 26 -0.0485674
13.2 26.4 -0.0061273
13.2 26.8 0

13.6 0 0
13.6 0.4 0.00516807
13.6 0.8 0.0401481
13.6 1.2 0.0114073
13.6 1.6 -0.0214536
13.6 2 -0.0358002
13.6 2.4 -0.0215645
13.6 2.8 0.0114407
13.6 3.2 0.0391898
13.6 3.6 0.0377379
13.6 4 -0.00294677
13.6 4.4 -0.0688814
13.6 4.8 -0.0976963
13.6 5.2 -0.0625487
13.6 5.6 0.0115159
13.6 6 0.0569577
13.6 6.4 0.0494757
13.6 6.8 0.00151811
13.6 7.2 -0.0551713
13.6 7.6 -0.0889626
13.6 8 -0.0837935
13.6 8.4 -0.0444659
13.6 8.8 0.00928081
13.6 9.2 0.0550263
13.6 9.6 0.0788606
13.6 10 0.0800642
13.6 10.4 0.0682668
13.6 10.8 0.0560194
13.6 11.2 0.0511457
13.6 11.6 0.0520386
13.6 12 0.0470103
13.6 12.4 0.0202495
13.6 12.8 -0.0191037
13.6 13.2 -0.0507728
13.6 13.6 -0.0596828
13.6 14 -0.0588831
13.6 14.4 -0.0663164
13.6 14.8 -0.0810002
13.6 15.2 -0.0961722
13.6 15.6 -0.108173
13.6 16 -0.116331
13.6 16.4 -0.117558
13.6 16.8 -0.10326
13.6 17.2 -0.0642162
13.6 17.6 -0.00151863
13.6 18 0.0658663
13.6 18.4 0.106606
13.6 18.8 0.0963226
13.6 19.2 0.0391545
13.6 19.6 -0.0257957
13.6 20 -0.0446176
13.6 20.4 0.0056249
13.6 20.8 0.0634794
13.6 21.2 0.0829345
13.6 21.6 0.0590109
13.6 22 0.0405451
13.6 22.4 0.034715
13.6 22.8 0.0345944
13.6 23.2 0.0316466
13.6 23.6 0.0214971
13.6 24 0.00553585
13.6 24.4 -0.0108575
13.6 24.8 -0.02198
13.6 25.2 -0.0252515
13.6 25.6 -0.0226569
13.6 26 -0.0195244
13.6 26.4 -0.00243587
13.6 26.8 0

14 0 0
14 0.4 0.00466172
14 0.8 0.0365017
14 1.2 0.00770531
14 1.6 -0.02574
14 2 -0.0407421
14 2.4 -0.0270034
14 2.8 0.00569989
14 3.2 0.0337278
14 3.6 0.0343077
14 4 -0.00255368
14 4.4 -0.0759624
14 4.8 -0.109558
14 5.2 -0.0771641
14 5.6 0.00112311
14 6 0.0544956
14 6.4 0.0552857
14 6.8 0.0115931
14 7.2 -0.0488102
14 7.6 -0.0946536
14 8 -0.106091
14 8.4 -0.0818451
14 8.8 -0.0360563
14 9.2 0.0118179
14 9.6 0.047489
14 10 0.0671854
14 10.4 0.076211
14 10.8 0.0829751
14 11.2 0.0923625
14 11.6 0.100914
14 12 0.0932008
14 12.4 0.0407439
14 12.8 -0.0170345
14 13.2 -0.0640451
14 13.6 -0.0827373
14 14 -0.0782442
14 14.4 -0.078895
14 14.8 -0.090855
14 15.2 -0.108376
14 15.6 -0.122808
14 16 -0.12694
14 16.4 -0.115338
14 16.8 -0.0843557
14 17.2 -0.0349321
14 17.6 0.0229965
14 18 0.0698105
14 18.4 0.0839941
14 18.8 0.0567531
14 19.2 0.00412466
14 19.6 -0.0350784
14 20 -0.0217068
14 20.4 0.0397359
14 20.8 0.0924112
14 21.2 0.094769
14 21.6 0.0385011
14 22 0.011421
14 22.4 0.00717348
14 22.8 0.0113905
14 23.2 0.0107243
14 23.6 -0.00138662
14 24 -0.0215216
14 24.4 -0.0387266
14 24.8 -0.041865
14 25.2 -0.0274124
14 25.6 -0.00261775
14 26 0.0182037
14 26.4 0.00252167
14 26.8 0

14.4 0 0
14.4 0.4 0.00385374
14.4 0.8 0.0303831
14.4 1.2 0.00203142
14.4 1.6 -0.0319866
14.4 2 -0.0489395
14.4 2.4 -0.0381019
14.4 2.8 -0.0074867
14.4 3.2 0.0227417
14.4 3.6 0.03538
14.4 4 0.0284946
14.4 4.4 -0.00373967
14.4 4.8 -0.00886509
14.4 5.2 -0.00966752
14.4 5.6 0.000405144
14.4 6 0.0512526
14.4 6.4 0.0533218
14.4 6.8 0.0200348
14.4 7.2 -0.0292323
14.4 7.6 -0.0719552
14.4 8 -0.092047
14.4 8.4 -0.0857629
14.4 8.8 -0.0603703
14.4 9.2 -0.0275713
14.4 9.6 0.00353744
14.4 10 0.029932
14.4 10.4 0.0536029
14.4 10.8 0.078077
14.4 11.2 0.105681
14.4 11.6 0.136651
14.4 12 0.162476
14.4 12.4 0.0191953
14.4 12.8 0.00108333
14.4 13.2 -0.00547555
14.4 13.6 -0.0598553
14.4 14 -0.0295585
14.4 14.4 -0.0168377
14.4 14.8 -0.021869
14.4 15.2 -0.0365032
14.4 15.6 -0.0495767
14.4 16 -0.0519607
14.4 16.4 -0.0392671
14.4 16.8 -0.0124667
14.4 17.2 0.0220664
14.4 17.6 0.0529047
14.4 18 0.0661555
14.4 18.4 0.0518393
14.4 18.8 0.012215
14.4 19.2 -0.0334823
14.4 19.6 -0.0527321
14.4 20 -0.00771868
14.4 20.4 0.0089072
14.4 20.8 0.00938852
14.4 21.2 0.00436352
14.4 21.6 -0.0355925
14.4 22 -0.0513064
14.4 22.4 -0.0388616
14.4 22.8 -0.0190983
14.4 23.2 -0.00730256
14.4 23.6 -0.0122274
14.4 24 -0.0301208
14.4 24.4 -0.0462563
14.4 24.8 -0.0446619
14.4 25.2 -0.0195694
14.4 25.6 0.0194874
14.4 26 0.0527722
14.4 26.4 0.00713405
14.4 26.8 0

14.8 0 0
14.8 0.4 0.00277341
14.8 0.8 0.0220905
14.8 1.2 -0.00376499
14.8 1.6 -0.0358339
14.8 2 -0.0534619
14.8 2.4 -0.0465641
14.8 2.8 -0.0214559
14.8 3.2 0.0054901
14.8 3.6 0.0228672
14.8 4 0.00302063
14.8 4.4 0
14.8 4.8 0
14.8 5.2 0
14.8 5.6 -0.00124372
14.8 6 0.0429066
14.8 6.4 0.0344997
14.8 6.8 0.0191927
14.8 7.2 -0.00310687
14.8 7.6 -0.0256856
14.8 8 -0.0423411
14.8 8.4 -0.0507196
14.8 8.8 -0.0516787
14.8 9.2 -0.0466172
14.8 9.6 -0.0355394
14.8 10 -0.0174002
14.8 10.4 0.00796451
14.8 10.8 0.0387108
14.8 11.2 0.0737001
14.8 11.6 0.1242
14.8 12 0.0220777
14.8 12.4 0
14.8 12.8 0
14.8 13.2 0
14.8 13.6 0.00579545
14.8 14 0.0768153
14.8 14.4 0.090715
14.8 14.8 0.086174
14.8 15.2 0.0716292
14.8 15.6 0.0571825
14.8 16 0.0505395
14.8 16.4 0.0536404
14.8 16.8 0.0626461
14.8 17.2 0.0702956
14.8 17.6 0.0688708
14.8 18 0.0530359
14.8 18.4 0.0225791
14.8 18.8 -0.0156915
14.8 19.2 -0.049168
14.8 19.6 -0.0667788
14.8 20 0.000148113
14.8 20.4 0
14.8 20.8 0
14.8 21.2 0
14.8 21.6 -0.0127545
14.8 22 -0.108384
14.8 22.4 -0.0691701
14.8 22.8 -0.0327222
14.8 23.2 -0.00634036
14.8 23.6 -0.00116206
14.8 24 -0.0154055
14.8 24.4 -0.0328424
14.8 24.8 -0.0336692
14.8 25.2 -0.00884396
14.8 25.6 0.0327811
14.8 26 0.06985
14.8 26.4 0.00944519
14.8 26.8 0

15.2 0 0
15.2 0.4 0.00162336
15.2 0.8 0.0133512
15.2 1.2 -0.00665485
15.2 1.6 -0.0319632
15.2 2 -0.0462997
15.2 2.4 -0.0421225
15.2 2.8 -0.0253124
15.2 3.2 -0.0108626
15.2 3.6 -0.000117649
15.2 4 0
15.2 4.4 0
15.2 4.8 0
15.2 5.2 0
15.2 5.6 0
15.2 6 -0.000613795
15.2 6.4 -0.0139146
15.2 6.8 0.00273862
15.2 7.2 0.0187687
15.2 7.6 0.028049
15.2 8 0.0255428
15.2 8.4 0.00979793
15.2 8.8 -0.015305
15.2 9.2 -0.0410864
15.2 9.6 -0.0574485
15.2 10 -0.0577721
15.2 10.4 -0.0427255
15.2 10.8 -0.020939
15.2 11.2 -0.00718071
15.2 11.6 0.00677643
15.2 12 0
15.2 12.4 0
15.2 12.8 0
15.2 13.2 0
15.2 13.6 0
15.2 14 0.0216698
15.2 14.4 0.168712
15.2 14.8 0.154783
15.2 15.2 0.135462
15.2 15.6 0.116076
15.2 16 0.101779
15.2 16.4 0.0925545
15.2 16.8 0.0838181
15.2 17.2 0.0703285
15.2 17.6 0.0499829
15.2 18 0.0252103
15.2 18.4 0.00179378
15.2 18.8 -0.0136437
15.2 19.2 -0.0160107
15.2 19.6 -0.00312759
15.2 20 0
15.2 20.4 0
15.2 20.8 0
15.2 21.2 0
15.2 21.6 0
15.2 22 -0.0130273
15.2 22.4 -0.051745
15.2 22.8 -0.0184501
15.2 23.2 0.0150895
15.2 23.6 0.0271062
15.2 24 0.0140566
15.2 24.4 -0.00863936
15.2 24.8 -0.0187822
15.2 25.2 -0.0039391
15.2 25.6 0.0295926
15.2 26 0.0617085
15.2 26.4 0.00838159
15.2 26.8 0

15.6 0 0
15.6 0.4 0.000558887
15.6 0.8 0.00544351
15.6 1.2 -0.00518045
15.6 1.6 -0.0183054
15.6 2 -0.0240911
15.6 2.4 -0.0190255
15.6 2.8 -0.00820528
15.6 3.2 -0.000783266
15.6 3.6 -0.000198769
15.6 4 0
15.6 4.4 0
15.6 4.8 0
15.6 5.2 0
15.6 5.6 0
15.6 6 -0.00613902
15.6 6.4 -0.0604319
15.6 6.8 -0.01928
15.6 7.2 0.029518
15.6 7.6 0.0691049
15.6 8 0.0842383
15.6 8.4 0.0686715
15.6 8.8 0.0285976
15.6 9.2 -0.0200192
15.6 9.6 -0.0590869
15.6 10 -0.0770346
15.6 10.4 -0.0739378
15.6 10.8 -0.0607771
15.6 11.2 -0.0539997
15.6 11.6 -0.00508731
15.6 12 0
15.6 12.4 0
15.6 12.8 0
15.6 13.2 0
15.6 13.6 0
15.6 14 0.0100715
15.6 14.4 0.137187
15.6 14.8 0.125132
15.6 15.2 0.103356
15.6 15.6 0.0799753
15.6 16 0.0606122
15.6 16.4 0.0451965
15.6 16.8 0.0299859
15.6 17.2 0.0124761
15.6 17.6 -0.00497607
15.6 18 -0.0155866
15.6 18.4 -0.0122845
15.6 18.8 0.00732573
15.6 19.2 0.0385217
15.6 19.6 0.00531277
15.6 20 0
15.6 20.4 0
15.6 20.8 0
15.6 21.2 0
15.6 21.6 0
15.6 22 -0.00266316
15.6 22.4 -0.0323087
15.6 22.8 0.00175056
15.6 23.2 0.0391572
15.6 23.6 0.0543271
15.6 24 0.0402429
15.6 24.4 0.0109901
15.6 24.8 -0.0103108
15.6 25.2 -0.00887611
15.6 25.6 0.0117518
15.6 26 0.0339632
15.6 26.4 0.004652
15.6 26.8 0

16 0 0
16 0.4 -0.000488812
16 0.8 -0.00230201
16 1.2 -0.00136574
16 1.6 0.0011969
16 2 0.00758795
16 2.4 0.0161565
16 2.8 0.0220726
16 3.2 0.0226572
16 3.6 0.00356333
16 4 0
16 4.4 0
16 4.8 0
16 5.2 0
16 5.6 0
16 6 -0.0100032
16 6.4 -0.0796979
16 6.8 -0.034506
16 7.2 0.0263476
16 7.6 0.0813263
16 8 0.108706
16 8.4 0.0981289
16 8.8 0.0557086
16 9.2 0.000342124
16 9.6 -0.0464069
16 10 -0.0709409
16 10.4 -0.0728685
16 10.8 -0.0625469
16 11.2 -0.0536475
16 11.6 -0.00205751
16 12 0
16 12.4 0
16 12.8 0
16 13.2 0
16 13.6 0
16 14 -0.00505597
16 14.4 0.0288399
16 14.8 0.0198235
16 15.2 -0.00240011
16 15.6 -0.0261561
16 16 -0.0443026
16 16.4 -0.0561785
16 16.8 -0.0644731
16 17.2 -0.0700084
16 17.6 -0.068772
16 18 -0.0536876
16 18.4 -0.0200398
16 18.8 0.0292561
16 19.2 0.08245
16 19.6 0.0189655
16 20 0
16 20.4 0
16 20.8 0
16 21.2 0
16 21.6 0
16 22 -0.00868052
16 22.4 -0.0274113
16 22.8 0.00823972
16 23.2 0.0461703
16 23.6 0.0614839
16 24 0.0466279
16 24.4 0.0145002
16 24.8 -0.0126202
16 25.2 -0.0197379
16 25.6 -0.00898413
16 26 0.0042099
16 26.4 0.000568619
16 26.8 0

16.4 0 0
16.4 0.4 -0.00171826
16.4 0.8 -0.0117197
16.4 1.2 0.000419306
16.4 1.6 0.018372
16.4 2 0.0369196
16.4 2.4 0.0488459
16.4 2.8 0.0480473
16.4 3.2 0.0347165
16.4 3.6 0.0192447
16.4 4 -0.00200981
16.4 4.4 0
16.4 4.8 0
16.4 5.2 0
16.4 5.6 0.00507894
16.4 6 -0.0362263
16.4 6.4 -0.0568535
16.4 6.8 -0.0367657
16.4 7.2 0.00981491
16.4 7.6 0.0594232
16.4 8 0.0882637
16.4 8.4 0.0838522
16.4 8.8 0.050659
16.4 9.2 0.00617243
16.4 9.6 -0.029852
16.4 10 -0.0460281
16.4 10.4 -0.0433632
16.4 10.8 -0.0305673
16.4 11.2 -0.0133942
16.4 11.6 0.0188924
16.4 12 0.0048156
16.4 12.4 0
16.4 12.8 0
16.4 13.2 0
16.4 13.6 -0.00580499
16.4 14 -0.092662
16.4 14.4 -0.0715732
16.4 14.8 -0.0815315
16.4 15.2 -0.103386
16.4 15.6 -0.123461
16.4 16 -0.134692
16.4 16.4 -0.136615
16.4 16.8 -0.131685
16.4 17.2 -0.120564
16.4 17.6 -0.100159
16.4 18 -0.0660108
16.4 18.4 -0.0173162
16.4 18.8 0.0392718
16.4 19.2 0.0904827
16.4 19.6 0.123256
16.4 20 0.00701006
16.4 20.4 0
16.4 20.8 0
16.4 21.2 0
16.4 21.6 -0.00805955
16.4 22 -0.073821
16.4 22.4 -0.0420175
16.4 22.8 -0.00498601
16.4 23.2 0.0284171
16.4 23.6 0.0412057
16.4 24 0.0281186
16.4 24.4 0.000643243
16.4 24.8 -0.021971
16.4 25.2 -0.0272028
16.4 25.6 -0.0177972
16.4 26 -0.00806063
16.4 26.4 -0.00127929
16.4 26.8 0

16.8 0 0
16.8 0.4 -0.00314895
16.8 0.8 -0.0231943
16.8 1.2 -0.00302646
16.8 1.6 0.0259606
16.8 2 0.0531705
16.8 2.4 0.0669764
16.8 2.8 0.0593695
16.8 3.2 0.0306804
16.8 3.6 -0.00998837
16.8 4 -0.0541147
16.8 4.4 -0.00954777
16.8 4.8 -0.00244821
16.8 5.2 0.010538
16.8 5.6 0.0869216
16.8 6 0.0191675
16.8 6.4 -0.0238948
16.8 6.8 -0.0344327
16.8 7.2 -0.0168002
16.8 7.6 0.0122363
16.8 8 0.0326652
16.8 8.4 0.0328663
16.8 8.8 0.0154663
16.8 9.2 -0.00623846
16.8 9.6 -0.0182712
16.8 10 -0.0151643
16.8 10.4 -0.00211898
16.8 10.8 0.0108725
16.8 11.2 0.018122
16.8 11.6 0.0224365
16.8 12 0.022886
16.8 12.4 0.000547196
16.8 12.8 -0.00186036
16.8 13.2 0.000287824
16.8 13.6 -0.0148976
16.8 14 -0.063145
16.8 14.4 -0.0844179
16.8 14.8 -0.105862
16.8 15.2 -0.126146
16.8 15.6 -0.138808
16.8 16 -0.14077
16.8 16.4 -0.133387
16.8 16.8 -0.119433
16.8 17.2 -0.0998888
16.8 17.6 -0.0734761
16.8 18 -0.0392682
16.8 18.4 -0.00015034
16.8 18.8 0.0357306
16.8 19.2 0.0564545
16.8 19.6 0.0477485
16.8 20 -0.0152099
16.8 20.4 -0.00261972
16.8 20.8 0.00495063
16.8 21.2 0.00420547
16.8 21.6 -0.0174582
16.8 22 -0.0421909
16.8 22.4 -0.0410733
16.8 22.8 -0.0244782
16.8 23.2 -0.00563738
16.8 23.6 0.00173172
16.8 24 -0.00643297
16.8 24.4 -0.0215877
16.8 24.8 -0.029827
16.8 25.2 -0.0233453
16.8 25.6 -0.00693288
16.8 26 0.00562909
16.8 26.4 0.000279719
16.8 26.8 0

17.2 0 0
17.2 0.4 -0.00439792
17.2 0.8 -0.0337099
17.2 1.2 -0.0108328
17.2 1.6 0.021972
17.2 2 0.0523414
17.2 2.4 0.0669828
17.2 2.8 0.0569341
17.2 3.2 0.0227674
17.2 3.6 -0.0237279
17.2 4 -0.0628502
17.2 4.4 -0.0687709
17.2 4.8 -0.0237111
17.2 5.2 0.0416519
17.2 5.6 0.0765726
17.2 6 0.0470109
17.2 6.4 0.00113435
17.2 6.8 -0.03242
17.2 7.2 -0.0436963
17.2 7.6 -0.0389602
17.2 8 -0.0312928
17.2 8.4 -0.0293109
17.2 8.8 -0.0314409
17.2 9.2 -0.0290072
17.2 9.6 -0.0148872
17.2 10 0.00936813
17.2 10.4 0.0335158
17.2 10.8 0.0456595
17.2 11.2 0.0407302
17.2 11.6 0.0231801
17.2 12 0.000429246
17.2 12.4 -0.024354
17.2 12.8 -0.0205975
17.2 13.2 -0.000992373
17.2 13.6 0.0029905
17.2 14 -0.014785
17.2 14.4 -0.033137
17.2 14.8 -0.0490112
17.2 15.2 -0.0585494
17.2 15.6 -0.0595622
17.2 16 -0.0534163
17.2 16.4 -0.0433343
17.2 16.8 -0.0314419
17.2 17.2 -0.0176287
17.2 17.6 -0.00128363
17.2 18 0.0157748
17.2 18.4 0.028121
17.2 18.8 0.0290266
17.2 19.2 0.0152236
17.2 19.6 -0.00880658
17.2 20 -0.0275213
17.2 20.4 0.0033044
17.2 20.8 0.0567076
17.2 21.2 0.0723927
17.2 21.6 0.0278051
17.2 22 -0.0120246
17.2 22.4 -0.0357308
17.2 22.8 -0.0432291
17.2 23.2 -0.041589
17.2 23.6 -0.0394279
17.2 24 -0.0399583
17.2 24.4 -0.0388405
17.2 24.8 -0.028888
17.2 25.2 -0.00773218
17.2 25.6 0.018025
17.2 26 0.0359131
17.2 26.4 0.00409599
17.2 26.8 0

17.6 0 0
17.6 0.4 -0.00480087
17.6 0.8 -0.0377622
17.6 1.2 -0.0183087
17.6 1.6 0.010178
17.6 2 0.0377568
17.6 2.4 0.0527266
17.6 2.8 0.0461401
17.6 3.2 0.0171991
17.6 3.6 -0.0239162
17.6 4 -0.0579691
17.6 4.4 -0.0615436
17.6 4.8 -0.0178658
17.6 5.2 0.0454738
17.6 5.6 0.0817165
17.6 6 0.0636123
17.6 6.4 0.0169141
17.6 6.8 -0.0288704
17.6 7.2 -0.0578379
17.6 7.6 -0.0697668
17.6 8 -0.0724312
17.6 8.4 -0.0714511
17.6 8.8 -0.0652454
17.6 9.2 -0.0480554
17.6 9.6 -0.0175892
17.6 10 0.0195997
17.6 10.4 0.0498694
17.6 10.8 0.0604754
17.6 11.2 0.0478438
17.6 11.6 0.0198285
17.6 12 -0.00932014
17.6 12.4 -0.0251153
17.6 12.8 -0.0140184
17.6 13.2 0.0145941
17.6 13.6 0.0372516
17.6 14 0.0417412
17.6 14.4 0.0389323
17.6 14.8 0.0392843
17.6 15.2 0.0468932
17.6 15.6 0.0588927
17.6 16 0.0690966
17.6 16.4 0.0733186
17.6 16.8 0.0723463
17.6 17.2 0.0702263
17.6 17.6 0.0692708
17.6 18 0.0660758
17.6 18.4 0.0524921
17.6 18.8 0.0220171
17.6 19.2 -0.0220151
17.6 19.6 -0.06181
17.6 20 -0.0683371
17.6 20.4 -0.0182906
17.6 20.8 0.0458391
17.6 21.2 0.0726555
17.6 21.6 0.0466221
17.6 22 0.00569901
17.6 22.4 -0.0307212
17.6 22.8 -0.0545124
17.6 23.2 -0.0647459
17.6 23.6 -0.0643841
17.6 24 -0.0562345
17.6 24.4 -0.0407514
17.6 24.8 -0.0174075
17.6 25.2 0.0118827
17.6 25.6 0.040793
17.6 26 0.0604308
17.6 26.4 0.00731179
17.6 26.8 0

18 0 0
18 0.4 -0.00385016
18 0.8 -0.0309683
18 1.2 -0.0202873
18 1.6 -0.00308337
18 2 0.0167066
18 2.4 0.0317195
18 2.8 0.0336852
18 3.2 0.0185927
18 3.6 -0.00950865
18 4 -0.039886
18 4.4 -0.0568825
18 4.8 -0.0183086
18 5.2 0.0458869
18 5.6 0.0866225
18 6 0.066811
18 6.4 0.0208986
18 6.8 -0.0232858
18 7.2 -0.0520019
18 7.6 -0.0656175
18 8 -0.071125
18 8.4 -0.0728403
18 8.8 -0.0682851
18 9.2 -0.0517766
18 9.6 -0.0219472
18 10 0.0136283
18 10.4 0.0410512
18 10.8 0.0484055
18 11.2 0.033542
18 11.6 0.00547022
18 12 -0.021088
18 12.4 -0.0310544
18 12.8 -0.0148633
18 13.2 0.0213601
18 13.6 0.0559143
18 14 0.0683583
18 14.4 0.0744501
18 14.8 0.0891043
18 15.2 0.112754
18 15.6 0.134993
18 16 0.144139
18 16.4 0.136211
18 16.8 0.117489
18 17.2 0.0990225
18 17.6 0.0872122
18 18 0.0777118
18 18.4 0.0578316
18 18.8 0.0166779
18 19.2 -0.0432214
18 19.6 -0.0998036
18 20 -0.11332
18 20.4 -0.0374778
18 20.8 0.041883
18 21.2 0.0741857
18 21.6 0.0446562
18 22 0.00931967
18 22.4 -0.025645
18 22.8 -0.0528433
18 23.2 -0.0658143
18 23.6 -0.0630059
18 24 -0.0475601
18 24.4 -0.0246747
18 24.8 0.00076022
18 25.2 0.0249515
18 25.6 0.0448968
18 26 0.0581403
18 26.4 0.00720194
18 26.8 0

18.4 0 0
18.4 0.4 -0.00164094
18.4 0.8 -0.0138347
18.4 1.2 -0.0150547
18.4 1.6 -0.0131685
18.4 2 -0.00411646
18.4 2.4 0.0105406
18.4 2.8 0.0235904
18.4 3.2 0.0274036
18.4 3.6 0.0193928
18.4 4 -0.00319423
18.4 4.4 -0.00429045
18.4 4.8 -0.0022172
18.4 5.2 0.00971787
18.4 5.6 0.0948151
18.4 6 0.0517711
18.4 6.4 0.00840079
18.4 6.8 -0.019994
18.4 7.2 -0.0303079
18.4 7.6 -0.0299643
18.4 8 -0.0295804
18.4 8.4 -0.0341124
18.4 8.8 -0.0395935
18.4 9.2 -0.0377613
18.4 9.6 -0.0243644
18.4 10 -0.00412161
18.4 10.4 0.011808
18.4 10.8 0.0138452
18.4 11.2 0.0010146
18.4 11.6 -0.0189442
18.4 12 -0.037452
18.4 12.4 -0.00675102
18.4 12.8 -0.00225567
18.4 13.2 0.00190504
18.4 13.6 0.0459494
18.4 14 0.0422637
18.4 14.4 0.0395707
18.4 14.8 0.0592174
18.4 15.2 0.0932233
18.4 15.6 0.121157
18.4 16 0.125521
18.4 16.4 0.103611
18.4 16.8 0.0690562
18.4 17.2 0.0419396
18.4 17.6 0.0342437
18.4 18 0.040863
18.4 18.4 0.0426934
18.4 18.8 0.0198218
18.4 19.2 -0.0343842
18.4 19.6 -0.107282
18.4 20 -0.164799
18.4 20.4 -0.014447
18.4 20.8 0.00409343
18.4 21.2 0.00531623
18.4 21.6 0.0108873
18.4 22 -0.000768051
18.4 22.4 -0.0178773
18.4 22.8 -0.0366758
18.4 23.2 -0.044944
18.4 23.6 -0.0373667
18.4 24 -0.0179652
18.4 24.4 0.00385504
18.4 24.8 0.0194863
18.4 25.2 0.025659
18.4 25.6 0.0251545
18.4 26 0.0239412
18.4 26.4 0.00306035
18.4 26.8 0

18.8 0 0
18.8 0.4 0.00102714
18.8 0.8 0.00728434
18.8 1.2 -0.00585526
18.8 1.6 -0.0193145
18.8 2 -0.0211617
18.8 2.4 -0.00749464
18.8 2.8 0.015125
18.8 3.2 0.0362442
18.8 3.6 0.0551012
18.8 4 0.00550751
18.8 4.4 0
18.8 4.8 0
18.8 5.2 0
18.8 5.6 0.00660158
18.8 6 0.0051024
18.8 6.4 -0.0247326
18.8 6.8 -0.0250137
18.8 7.2 -0.00566359
18.8 7.6 0.0177197
18.8 8 0.0295085
18.8 8.4 0.0232667
18.8 8.8 0.00471722
18.8 9.2 -0.013968
18.8 9.6 -0.0237552
18.8 10 -0.0246716
18.8 10.4 -0.0238429
18.8 10.8 -0.0278843
18.8 11.2 -0.0363073
18.8 11.6 -0.0416313
18.8 12 -0.0070331
18.8 12.4 0
18.8 12.8 0
18.8 13.2 0
18.8 13.6 -0.0013939
18.8 14 -0.0247891
18.8 14.4 -0.0532505
18.8 14.8 -0.0334843
18.8 15.2 0.00728726
18.8 15.6 0.0381782
18.8 16 0.0370084
18.8 16.4 0.0032191
18.8 16.8 -0.0418409
18.8 17.2 -0.0689425
18.8 17.6 -0.0603874
18.8 18 -0.0218442
18.8 18.4 0.021265
18.8 18.8 0.039818
18.8 19.2 0.016638
18.8 19.6 -0.0557932
18.8 20 -0.0158248
18.8 20.4 0
18.8 20.8 0
18.8 21.2 0
18.8 21.6 -0.00260495
18.8 22 -0.012943
18.8 22.4 -0.00127417
18.8 22.8 -0.00951541
18.8 23.2 -0.0122088
18.8 23.6 -0.000928971
18.8 24 0.0188241
18.8 24.4 0.0341065
18.8 24.8 0.0339927
18.8 25.2 0.016963
18.8 25.6 -0.00792748
18.8 26 -0.0264497
18.8 26.4 -0.00316205
18.8 26.8 0

19.2 0 0
19.2 0.4 0.00301055
19.2 0.8 0.0230908
19.2 1.2 0.00119263
19.2 1.6 -0.0234683
19.2 2 -0.0331634
19.2 2.4 -0.0205832
19.2 2.8 0.00622771
19.2 3.2 0.0290316
19.2 3.6 0.007079
19.2 4 0
19.2 4.4 0
19.2 4.8 0
19.2 5.2 0
19.2 5.6 0
19.2 6 -0.00666058
19.2 6.4 -0.0693777
19.2 6.8 -0.0372238
19.2 7.2 0.00918199
19.2 7.6 0.0528459
19.2 8 0.0751277
19.2 8.4 0.0685004
19.2 8.8 0.0402379
19.2 9.2 0.00591222
19.2 9.6 -0.0214576
19.2 10 -0.0382846
19.2 10.4 -0.0488419
19.2 10.8 -0.0577116
19.2 11.2 -0.063222
19.2 11.6 -0.0078082
19.2 12 0
19.2 12.4 0
19.2 12.8 0
19.2 13.2 0
19.2 13.6 0
19.2 14 -0.0151578
19.2 14.4 -0.158519
19.2 14.8 -0.124535
19.2 15.2 -0.0752813
19.2 15.6 -0.0414683
19.2 16 -0.046386
19.2 16.4 -0.0881346
19.2 16.8 -0.139205
19.2 17.2 -0.163347
19.2 17.6 -0.138551
19.2 18 -0.0708808
19.2 18.4 0.0100791
19.2 18.8 0.071375
19.2 19.2 0.100205
19.2 19.6 0.00519899
19.2 20 0
19.2 20.4 0
19.2 20.8 0
19.2 21.2 0
19.2 21.6 0
19.2 22 0.00207173
19.2 22.4 0.0333683
19.2 22.8 0.0184959
19.2 23.2 0.0152968
19.2 23.6 0.02711
19.2 24 0.0454734
19.2 24.4 0.0546507
19.2 24.8 0.0422539
19.2 25.2 0.00814122
19.2 25.6 -0.0342931
19.2 26 -0.0652641
19.2 26.4 -0.007968
19.2 26.8 0

19.6 0 0
19.6 0.4 0
19.6 0.8 0.00301055
19.6 1.2 0.000136936
19.6 1.6 -0.00311881
19.6 2 -0.00442979
19.6 2.4 -0.00282535
19.6 2.8 0.00065283
19.6 3.2 0.00361458
19.6 3.6 0
19.6 4 0
19.6 4.4 0
19.6 4.8 0
19.6 5.2 0
19.6 5.6 0
19.6 6 0
19.6 6.4 -0.00910455
19.6 6.8 -0.00496571
19.6 7.2 0.00102276
19.6 7.6 0.0066626
19.6 8 0.00958922
19.6 8.4 0.00886278
19.6 8.8 0.00540239
19.6 9.2 0.00115209
19.6 9.6 -0.00227398
19.6 10 -0.00443264
19.6 10.4 -0.00583934
19.6 10.8 -0.00702599
19.6 11.2 -0.0077346
19.6 11.6 0
19.6 12 0
19.6 12.4 0
19.6 12.8 0
19.6 13.2 0
19.6 13.6 0
19.6 14 0
19.6 14.4 -0.0199196
19.6 14.8 -0.015769
19.6 15.2 -0.00973126
19.6 15.6 -0.00564131
19.6 16 -0.00634859
19.6 16.4 -0.0115591
19.6 16.8 -0.0178274
19.6 17.2 -0.0206644
19.6 17.6 -0.0173729
19.6 18 -0.00874075
19.6 18.4 0.00153186
19.6 18.8 0.00932164
19.6 19.2 0.0129921
19.6 19.6 0
19.6 20 0
19.6 20.4 0
19.6 20.8 0
19.6 21.2 0
19.6 21.6 0
19.6 22 0
19.6 22.4 0.00464343
19.6 22.8 0.00276137
19.6 23.2 0.00223924
19.6 23.6 0.00350709
19.6 24 0.00558205
19.6 24.4 0.00658609
19.6 24.8 0.00502675
19.6 25.2 0.000880424
19.6 25.6 -0.0042443
19.6 26 -0.007968
19.6 26.4 0
19.6 26.8 0

20 0 0
20 0.4 0
20 0.8 0
20 1.2 0
20 1.6 0
20 2 0
20 2.4 0
20 2.8 0
20 3.2 0
20 3.6 0
20 4 0
20 4.4 0
20 4.8 0
20 5.2 0
20 5.6 0
20 6 0
20 6.4 0
20 6.8 0
20 7.2 0
20 7.6 0
20 8 0
20 8.4 0
20 8.8 0
20 9.2 0
20 9.6 0
20 10 0
20 10.4 0
20 10.8 0
20 11.2 0
20 11.6 0
20 12 0
20 12.4 0
20 12.8 0
20 13.2 0
20 13.6 0
20 14 0
20 14.4 0
20 14.8 0
20 15.2 0
20 15.6 0
20 16 0
20 16.4 0
20 16.8 0
20 17.2 0
20 17.6 0
20 18 0
20 18.4 0
20 18.8 0
20 19.2 0
20 19.6 0
20 20 0
20 20.4 0
20 20.8 0
20 21.2 0
20 21.6 0
20 22 0
20 22.4 0
20 22.8 0
20 23.2 0
20 23.6 0
20 24 0
20 24.4 0
20 24.8 0
20 25.2 0
20 25.6 0
20 26 0
20 26.4 0
20 26.8 0

