0 0 0
0 0.4 0
0 0.8 0
0 1.2 0
0 1.6 0
0 2 0
0 2.4 0
0 2.8 0
0 3.2 0
0 3.6 0
0 4 0
0 4.4 0
0 4.8 0
0 5.2 0
0 5.6 0
0 6 0
0 6.4 0
0 6.8 0
0 7.2 0
0 7.6 0
0 8 0
0 8.4 0
0 8.8 0
0 9.2 0
0 9.6 0
0 10 0
0 10.4 0
0 10.8 0
0 11.2 0
0 11.6 0
0 12 0
0 12.4 0
0 12.8 0
0 13.2 0
0 13.6 0
0 14 0
0 14.4 0
0 14.8 0
0 15.2 0
0 15.6 0
0 16 0
0 16.4 0
0 16.8 0
0 17.2 0
0 17.6 0
0 18 0
0 18.4 0
0 18.8 0
0 19.2 0
0 19.6 0
0 20 0
0 20.4 0
0 20.8 0
0 21.2 0
0 21.6 0
0 22 0
0 22.4 0
0 22.8 0
0 23.2 0
0 23.6 0
0 24 0
0 24.4 0
0 24.8 0
0 25.2 0
0 25.6 0
0 26 0
0 26.4 0
0 26.8 0

0.4 0 0
0.4 0.4 0
0.4 0.8 0.00657444
0.4 1.2 0.00176573
0.4 1.6 -0.00395737
0.4 2 -0.00699839
0.4 2.4 -0.00542815
0.4 2.8 -0.000162367
0.4 3.2 0.00566479
0.4 3.6 0.00865656
0.4 4 0.00713093
0.4 4.4 0.00190074
0.4 4.8 -0.00443183
0.4 5.2 -0.00892349
0.4 5.6 -0.00984704
0.4 6 -0.00719925
0.4 6.4 -0.00189649
0.4 6.8 0.00458308
0.4 7.2 0.01031
0.4 7.6 0.0133428
0.4 8 0.0125609
0.4 8.4 0.00838037
0.4 8.8 0.00272041
0.4 9.2 -0.00195134
0.4 9.6 -0.00397413
0.4 10 -0.0033563
0.4 10.4 -0.0015432
0.4 10.8 -0.000257804
0.4 11.2 -0.000268895
0.4 11.6 -0.00100559
0.4 12 -0.00131028
0.4 12.4 -0.000736333
0.4 12.8 -0.000264696
0.4 13.2 -0.0015148
0.4 13.6 -0.00525437
0.4 14 -0.0104024
0.4 14.4 -0.0144262
0.4 14.8 -0.0151317
0.4 15.2 -0.0124335
0.4 15.6 -0.0085958
0.4 16 -0.0066574
0.4 16.4 -0.00816849
0.4 16.8 -0.0119152
0.4 17.2 -0.0146191
0.4 17.6 -0.0131676
0.4 18 -0.00682253
0.4 18.4 0.00214226
0.4 18.8 0.00979264
0.4 19.2 0.0128969
0.4 19.6 0.0106552
0.4 20 0.00473524
0.4 20.4 -0.0020723
0.4 20.8 -0.00719736
0.4 21.2 -0.00884358
0.4 21.6 -0.00641858
0.4 22 -0.000690786
0.4 22.4 0.00635173
0.4 22.8 0.0119605
0.4 23.2 0.0137325
0.4 23.6 0.0108872
0.4 24 0.00485604
0.4 24.4 -0.00136879
0.4 24.8 -0.00488552
0.4 25.2 -0.00455284
0.4 25.6 -0.00158943
0.4 26 0.00132508
0.4 26.4 0
0.4 26.8 0

0.8 0 0
0.8 0.4 0.00657444
0.8 0.8 0.0506149
0.8 1.2 0.0134264
0.8 1.6 -0.030441
0.8 2 -0.053033
0.8 2.4 -0.0397536
0.8 2.8 0.00161078
0.8 3.2 0.0462165
0.8 3.6 0.0678007
0.8 4 0.0540699
0.8 4.4 0.0122816
0.8 4.8 -0.0368656
0.8 5.2 -0.0707245
0.8 5.6 -0.0765641
0.8 6 -0.0549868
0.8 6.4 -0.0132876
0.8 6.8 0.0371671
0.8 7.2 0.0814519
0.8 7.6 0.10433
0.8 8 0.0969023
0.8 8.4 0.0625081
0.8 8.8 0.0166249
0.8 9.2 -0.0207929
0.8 9.6 -0.0363529
0.8 10 -0.0303248
0.8 10.4 -0.0147753
0.8 10.8 -0.00403816
0.8 11.2 -0.00451468
0.8 11.6 -0.0114186
0.8 12 -0.0149374
0.8 12.4 -0.0109689
0.8 12.8 -0.00715036
0.8 13.2 -0.016536
0.8 13.6 -0.0454467
0.8 14 -0.0852787
0.8 14.4 -0.115688
0.8 14.8 -0.119251
0.8 15.2 -0.0958071
0.8 15.6 -0.0641572
0.8 16 -0.0489956
0.8 16.4 -0.0624763
0.8 16.8 -0.0941449
0.8 17.2 -0.117049
0.8 17.6 -0.106088
0.8 18 -0.055734
0.8 18.4 0.015332
0.8 18.8 0.0756568
0.8 19.2 0.100115
0.8 19.6 0.0832677
0.8 20 0.0387372
0.8 20.4 -0.0121558
0.8 20.8 -0.050854
0.8 21.2 -0.0646404
0.8 21.6 -0.0488071
0.8 22 -0.00775339
0.8 22.4 0.0450597
0.8 22.8 0.0893115
0.8 23.2 0.105786
0.8 23.6 0.0867601
0.8 24 0.0417174
0.8 24.4 -0.00677619
0.8 24.8 -0.035737
0.8 25.2 -0.0352917
0.8 25.6 -0.014048
0.8 26 0.00756209
0.8 26.4 0.00132508
0.8 26.8 0

1.2 0 0
1.2 0.4 0.00434421
1.2 0.8 0.0334156
1.2 1.2 0.00533102
1.2 1.6 -0.0277757
1.2 2 -0.0441506
1.2 2.4 -0.0329203
1.2 2.8 -0.000863988
1.2 3.2 0.0325953
1.2 3.6 0.0483384
1.2 4 0.0392459
1.2 4.4 0.0126439
1.2 4.8 -0.0170656
1.2 5.2 -0.0350296
1.2 5.6 -0.0362897
1.2 6 -0.0276161
1.2 6.4 -0.0123057
1.2 6.8 0.00795498
1.2 7.2 0.0279778
1.2 7.6 0.0388249
1.2 8 0.0331441
1.2 8.4 0.0115263
1.2 8.8 -0.0158899
1.2 9.2 -0.0349151
1.2 9.6 -0.0365262
1.2 10 -0.02309
1.2 10.4 -0.00663692
1.2 10.8 -7.21033e-05
1.2 11.2 -0.00764614
1.2 11.6 -0.0218522
1.2 12 -0.0294047
1.2 12.4 -0.0226143
1.2 12.8 -0.00840287
1.2 13.2 -0.00087985
1.2 13.6 -0.00945463
1.2 14 -0.0299901
1.2 14.4 -0.0452621
1.2 14.8 -0.0393005
1.2 15.2 -0.0119084
1.2 15.6 0.0195213
1.2 16 0.0322159
1.2 16.4 0.0150406
1.2 16.8 -0.022408
1.2 17.2 -0.0555391
1.2 17.6 -0.0614414
1.2 18 -0.0345388
1.2 18.4 0.00991588
1.2 18.8 0.0467927
1.2 19.2 0.0581574
1.2 19.6 0.0437997
1.2 20 0.0175098
1.2 20.4 -0.00695327
1.2 20.8 -0.0241299
1.2 21.2 -0.0302052
1.2 21.6 -0.0229752
1.2 22 -0.00232143
1.2 22.4 0.0278592
1.2 22.8 0.0559099
1.2 23.2 0.0672816
1.2 23.6 0.0540796
1.2 24 0.0218761
1.2 24.4 -0.0121014
1.2 24.8 -0.029244
1.2 25.2 -0.0216318
1.2 25.6 0.00268179
1.2 26 0.0252672
1.2 26.4 0.00343492
1.2 26.8 0

1.6 0 0
1.6 0.4 0.00176661
1.6 0.8 0.0138075
1.6 1.2 -0.00291336
1.6 1.6 -0.0227515
1.6 2 -0.0317461
1.6 2.4 -0.0236718
1.6 2.8 -0.0040341
1.6 3.2 0.0145472
1.6 3.6 0.0220835
1.6 4 0.0186774
1.6 4.4 0.0129558
1.6 4.8 0.00883987
1.6 5.2 0.0131577
1.6 5.6 0.0219011
1.6 6 0.0123892
1.6 6.4 -0.010092
1.6 6.8 -0.0311216
1.6 7.2 -0.0421573
1.6 7.6 -0.0446037
1.6 8 -0.0451186
1.6 8.4 -0.0478238
1.6 8.8 -0.0500486
1.6 9.2 -0.04501
1.6 9.6 -0.0289689
1.6 10 -0.00667511
1.6 10.4 0.00997111
1.6 10.8 0.0097546
1.6 11.2 -0.00905653
1.6 11.6 -0.035528
1.6 12 -0.0510879
1.6 12.4 -0.0407554
1.6 12.8 -0.0126243
1.6 13.2 0.0169577
1.6 13.6 0.0337025
1.6 14 0.0344598
1.6 14.4 0.0342775
1.6 14.8 0.0494779
1.6 15.2 0.0810589
1.6 15.6 0.11309
1.6 16 0.124467
1.6 16.4 0.104655
1.6 16.8 0.06187
1.6 17.2 0.0178228
1.6 17.6 -0.00714105
1.6 18 -0.00754906
1.6 18.4 0.00489349
1.6 18.8 0.0119061
1.6 19.2 0.00410547
1.6 19.6 -0.0106929
1.6 20 -0.0148383
1.6 20.4 -0.00312503
1.6 20.8 0.00776843
1.6 21.2 0.0114396
1.6 21.6 0.00708211
1.6 22 0.00062245
1.6 22.4 0.00240762
1.6 22.8 0.0110511
1.6 23.2 0.0167319
1.6 23.6 0.0107735
1.6 24 -0.00591842
1.6 24.4 -0.0220533
1.6 24.8 -0.0238231
1.6 25.2 -0.00567795
1.6 25.6 0.0243743
1.6 26 0.0494139
1.6 26.4 0.00628661
1.6 26.8 0

2 0 0
2 0.4 -8.68661e-05
2 0.8 0.000139838
2 1.2 -0.00528225
2 1.6 -0.0117111
2 2 -0.0131606
2 2.4 -0.00829384
2 2.8 -0.00171878
2 3.2 0.000145043
2 3.6 -0.00422183
2 4 -0.00684752
2 4.4 0.00829997
2 4.8 0.0244506
2 5.2 0.0498444
2 5.6 0.0830128
2 6 0.0555519
2 6.4 -0.00377825
2 6.8 -0.0601983
2 7.2 -0.0938342
2 7.6 -0.102167
2 8 -0.0937631
2 8.4 -0.0783689
2 8.8 -0.060073
2 9.2 -0.0377156
2 9.6 -0.0107233
2 10 0.0155099
2 10.4 0.0300869
2 10.8 0.0231988
2 11.2 -0.00596278
2 11.6 -0.04591
2 12 -0.0751814
2 12.4 -0.062697
2 12.8 -0.025995
2 13.2 0.0182838
2 13.6 0.0526714
2 14 0.0621482
2 14.4 0.0648854
2 14.8 0.0814766
2 15.2 0.11372
2 15.6 0.1463
2 16 0.159165
2 16.4 0.142105
2 16.8 0.101876
2 17.2 0.0572225
2 17.6 0.0255181
2 18 0.0110069
2 18.4 0.00333692
2 18.8 -0.0120856
2 19.2 -0.0390958
2 19.6 -0.0615142
2 20 -0.0487598
2 20.4 0.00227377
2 20.8 0.0349219
2 21.2 0.0436676
2 21.6 0.0250535
2 22 -0.010687
2 22.4 -0.0323332
2 22.8 -0.0355468
2 23.2 -0.0291223
2 23.6 -0.0245888
2 24 -0.0262048
2 24.4 -0.0278061
2 24.8 -0.0189031
2 25.2 0.00507495
2 25.6 0.0369797
2 26 0.0616625
2 26.4 0.00759242
2 26.8 0

2.4 0 0
2.4 0.4 -0.000820396
2.4 0.8 -0.00468285
2.4 1.2 -0.000943744
2.4 1.6 0.00392985
2.4 2 0.00935756
2.4 2.4 0.0125152
2.4 2.8 0.00907865
2.4 3.2 -0.00343642
2.4 3.6 -0.0222182
2.4 4 -0.03691
2.4 4.4 -0.00271271
2.4 4.8 0.00129771
2.4 5.2 0.0145026
2.4 5.6 0.144498
2.4 6 0.0897679
2.4 6.4 0.00176175
2.4 6.8 -0.0693236
2.4 7.2 -0.104668
2.4 7.6 -0.105759
2.4 8 -0.0861547
2.4 8.4 -0.0603445
2.4 8.8 -0.0356688
2.4 9.2 -0.0120225
2.4 9.6 0.0122183
2.4 10 0.0339732
2.4 10.4 0.0446566
2.4 10.8 0.0354847
2.4 11.2 0.00419868
2.4 11.6 -0.0433276
2.4 12 -0.0985759
2.4 12.4 -0.0138641
2.4 12.8 -0.00340202
2.4 13.2 0.00048796
2.4 13.6 0.0393439
2.4 14 0.0350524
2.4 14.4 0.0218549
2.4 14.8 0.0304447
2.4 15.2 0.0596842
2.4 15.6 0.0926223
2.4 16 0.109556
2.4 16.4 0.10078
2.4 16.8 0.0722529
2.4 17.2 0.0405437
2.4 17.6 0.020429
2.4 18 0.0140753
2.4 18.4 0.0095586
2.4 18.8 -0.00966302
2.4 19.2 -0.0501647
2.4 19.6 -0.0951025
2.4 20 -0.0818591
2.4 20.4 -0.00289898
2.4 20.8 0.00373497
2.4 21.2 0.00676982
2.4 21.6 0.0233731
2.4 22 -0.0441538
2.4 22.4 -0.0725949
2.4 22.8 -0.071453
2.4 23.2 -0.0538169
2.4 23.6 -0.0358063
2.4 24 -0.0263365
2.4 24.4 -0.0221168
2.4 24.8 -0.0129894
2.4 25.2 0.00719014
2.4 25.6 0.033565
2.4 26 0.0531469
2.4 26.4 0.00628501
2.4 26.8 0

2.8 0 0
2.8 0.4 -0.000876268
2.8 0.8 -0.00444279
2.8 1.2 0.00483306
2.8 1.6 0.0169632
2.8 2 0.0276286
2.8 2.4 0.0316845
2.8 2.8 0.0250758
2.8 3.2 0.00738785
2.8 3.6 -0.0189611
2.8 4 -0.00432478
2.8 4.4 0
2.8 4.8 0
2.8 5.2 0
2.8 5.6 0.0195225
2.8 6 0.0921647
2.8 6.4 -0.0104118
2.8 6.8 -0.063755
2.8 7.2 -0.0750594
2.8 7.6 -0.0565472
2.8 8 -0.0272003
2.8 8.4 -0.00297388
2.8 8.8 0.0107043
2.8 9.2 0.0181524
2.8 9.6 0.0261267
2.8 10 0.0362468
2.8 10.4 0.0431772
2.8 10.8 0.0394012
2.8 11.2 0.0217811
2.8 11.6 -0.00849241
2.8 12 -0.00836422
2.8 12.4 0
2.8 12.8 0
2.8 13.2 0
2.8 13.6 -0.00187575
2.8 14 -0.0267211
2.8 14.4 -0.0726236
2.8 14.8 -0.0721148
2.8 15.2 -0.0447537
2.8 15.6 -0.0111207
2.8 16 0.00984078
2.8 16.4 0.00985592
2.8 16.8 -0.00460222
2.8 17.2 -0.0174682
2.8 17.6 -0.0148655
2.8 18 0.0042515
2.8 18.4 0.0255635
2.8 18.8 0.0266903
2.8 19.2 -0.0122429
2.8 19.6 -0.109658
2.8 20 -0.0135494
2.8 20.4 0
2.8 20.8 0
2.8 21.2 0
2.8 21.6 -0.00578354
2.8 22 -0.107244
2.8 22.4 -0.106475
2.8 22.8 -0.0834003
2.8 23.2 -0.0470784
2.8 23.6 -0.0165095
2.8 24 -0.00335759
2.8 24.4 -0.00407462
2.8 24.8 -0.0054453
2.8 25.2 0.00261875
2.8 25.6 0.0182863
2.8 26 0.0301812
2.8 26.4 0.00323402
2.8 26.8 0

3.2 0 0
3.2 0.4 -0.000973728
3.2 0.8 -0.005052
3.2 1.2 0.00522745
3.2 1.6 0.0189599
3.2 2 0.0316716
3.2 2.4 0.0383422
3.2 2.8 0.0358166
3.2 3.2 0.0268143
3.2 3.6 0.000482646
3.2 4 0
3.2 4.4 0
3.2 4.8 0
3.2 5.2 0
3.2 5.6 0
3.2 6 0.00329154
3.2 6.4 -0.0628102
3.2 6.8 -0.0532683
3.2 7.2 -0.0220163
3.2 7.6 0.0193532
3.2 8 0.0514752
3.2 8.4 0.0618348
3.2 8.8 0.051578
3.2 9.2 0.0325594
3.2 9.6 0.0181319
3.2 10 0.0145425
3.2 10.4 0.0189528
3.2 10.8 0.0249956
3.2 11.2 0.0320631
3.2 11.6 0.00366605
3.2 12 0
3.2 12.4 0
3.2 12.8 0
3.2 13.2 0
3.2 13.6 0
3.2 14 -0.0158971
3.2 14.4 -0.174501
3.2 14.8 -0.157468
3.2 15.2 -0.125134
3.2 15.6 -0.0909258
3.2 16 -0.0698396
3.2 16.4 -0.0675047
3.2 16.8 -0.0758901
3.2 17.2 -0.0777911
3.2 17.6 -0.0577549
3.2 18 -0.0128311
3.2 18.4 0.0434391
3.2 18.8 0.087202
3.2 19.2 0.0990575
3.2 19.6 -0.00269333
3.2 20 0
3.2 20.4 0
3.2 20.8 0
3.2 21.2 0
3.2 21.6 0
3.2 22 -0.0173436
3.2 22.4 -0.102522
3.2 22.8 -0.0610535
3.2 23.2 -0.0102801
3.2 23.6 0.0254477
3.2 24 0.0328397
3.2 24.4 0.0184686
3.2 24.8 0.0011389
3.2 25.2 -0.00420023
3.2 25.6 0.00260422
3.2 26 0.00954007
3.2 26.4 0.000623418
3.2 26.8 0

3.6 0 0
3.6 0.4 -0.00131609
3.6 0.8 -0.00815185
3.6 1.2 -0.00174498
3.6 1.6 0.00701227
3.6 2 0.0168773
3.6 2.4 0.0248034
3.6 2.8 0.0269833
3.6 3.2 0.022007
3.6 3.6 0.000977604
3.6 4 0
3.6 4.4 0
3.6 4.8 0
3.6 5.2 0
3.6 5.6 0
3.6 6 -0.00676806
3.6 6.4 -0.0716374
3.6 6.8 -0.0245914
3.6 7.2 0.0359095
3.6 7.6 0.0873542
3.6 8 0.110368
3.6 8.4 0.0987246
3.6 8.8 0.061899
3.6 9.2 0.018793
3.6 9.6 -0.0130171
3.6 10 -0.025839
3.6 10.4 -0.0230983
3.6 10.8 -0.013258
3.6 11.2 -0.000891216
3.6 11.6 0.0013657
3.6 12 0
3.6 12.4 0
3.6 12.8 0
3.6 13.2 0
3.6 13.6 0
3.6 14 -0.0138816
3.6 14.4 -0.177174
3.6 14.8 -0.153524
3.6 15.2 -0.119904
3.6 15.6 -0.0891979
3.6 16 -0.074369
3.6 16.4 -0.0794749
3.6 16.8 -0.0956489
3.6 17.2 -0.104425
3.6 17.6 -0.0872011
3.6 18 -0.0359995
3.6 18.4 0.0400431
3.6 18.8 0.116629
3.6 19.2 0.164737
3.6 19.6 0.0123556
3.6 20 0
3.6 20.4 0
3.6 20.8 0
3.6 21.2 0
3.6 21.6 0
3.6 22 -0.00498402
3.6 22.4 -0.0586831
3.6 22.8 -0.013889
3.6 23.2 0.0394661
3.6 23.6 0.0695561
3.6 24 0.0628702
3.6 24.4 0.0313105
3.6 24.8 0.000470997
3.6 25.2 -0.0107563
3.6 25.6 -0.00313082
3.6 26 0.00693511
3.6 26.4 0.000460592
3.6 26.8 0

4 0 0
4 0.4 -0.00128688
4 0.8 -0.00866009
4 1.2 -0.0105586
4 1.6 -0.0128149
4 2 -0.0107575
4 2.4 -0.00373824
4 2.8 0.00364094
4 3.2 0.0043049
4 3.6 -0.00161742
4 4 0
4 4.4 0
4 4.8 0
4 5.2 0
4 5.6 0
4 6 -0.0145868
4 6.4 -0.0529037
4 6.8 0.0102645
4 7.2 0.0768826
4 7.6 0.119184
4 8 0.122361
4 8.4 0.0886093
4 8.8 0.0345006
4 9.2 -0.018062
4 9.6 -0.0525315
4 10 -0.0644037
4 10.4 -0.0605957
4 10.8 -0.0528366
4 11.2 -0.0493418
4 11.6 -0.0149574
4 12 0
4 12.4 0
4 12.8 0
4 13.2 0
4 13.6 0
4 14 -0.00630291
4 14.4 -0.084786
4 14.8 -0.0621406
4 15.2 -0.0325016
4 15.6 -0.00884919
4 16 -0.00362363
4 16.4 -0.0212674
4 16.8 -0.0544727
4 17.2 -0.085663
4 17.6 -0.0937923
4 18 -0.0640808
4 18.4 0.0030677
4 18.8 0.0882833
4 19.2 0.156646
4 19.6 0.0239821
4 20 0
4 20.4 0
4 20.8 0
4 21.2 0
4 21.6 0
4 22 -0.000381698
4 22.4 -0.0127657
4 22.8 0.0293179
4 23.2 0.0766048
4 23.6 0.0929314
4 24 0.0680663
4 24.4 0.0215107
4 24.8 -0.0142346
4 25.2 -0.0184682
4 25.6 0.00345856
4 26 0.0267005
4 26.4 0.0032515
4 26.8 0

4.4 0 0
4.4 0.4 3.57379e-05
4.4 0.8 0.0010693
4.4 1.2 -0.0121119
4.4 1.6 -0.0291914
4.4 2 -0.0381659
4.4 2.4 -0.0334952
4.4 2.8 -0.0196083
4.4 3.2 -0.0072428
4.4 3.6 -0.00594268
4.4 4 0.00137747
4.4 4.4 0
4.4 4.8 0
4.4 5.2 0
4.4 5.6 -0.0165726
4.4 6 -0.0973627
4.4 6.4 -0.0329643
4.4 6.8 0.0359949
4.4 7.2 0.0881517
4.4 7.6 0.105757
4.4 8 0.0852284
4.4 8.4 0.0379589
4.4 8.8 -0.0159747
4.4 9.2 -0.0575398
4.4 9.6 -0.0769322
4.4 10 -0.0764471
4.4 10.4 -0.0671712
4.4 10.8 -0.0625843
4.4 11.2 -0.0746357
4.4 11.6 -0.120336
4.4 12 -0.0138081
4.4 12.4 0
4.4 12.8 0
4.4 13.2 0
4.4 13.6 0.00216576
4.4 14 0.0482278
4.4 14.4 0.0354763
4.4 14.8 0.0490686
4.4 15.2 0.0719261
4.4 15.6 0.0891606
4.4 16 0.0885653
4.4 16.4 0.0639698
4.4 16.8 0.0181476
4.4 17.2 -0.0362406
4.4 17.6 -0.0792409
4.4 18 -0.0902879
4.4 18.4 -0.0578047
4.4 18.8 0.0122036
4.4 19.2 0.0936139
4.4 19.6 0.147897
4.4 20 0.0238882
4.4 20.4 0
4.4 20.8 0
4.4 21.2 0
4.4 21.6 -0.00620229
4.4 22 -0.0190279
4.4 22.4 -0.00194989
4.4 22.8 0.0456209
4.4 23.2 0.0852989
4.4 23.6 0.0851267
4.4 24 0.0426441
4.4 24.4 -0.013482
4.4 24.8 -0.0446244
4.4 25.2 -0.0305443
4.4 25.6 0.0160351
4.4 26 0.059334
4.4 26.4 0.0076996
4.4 26.8 0

4.8 0 0
4.8 0.4 0.00293782
4.8 0.8 0.0236103
4.8 1.2 -0.00138226
4.8 1.6 -0.0335911
4.8 2 -0.0539821
4.8 2.4 -0.0523296
4.8 2.8 -0.0328238
4.8 3.2 -0.00928801
4.8 3.6 0.00712298
4.8 4 0.0227342
4.8 4.4 -0.000949222
4.8 4.8 -0.00628477
4.8 5.2 -0.0143067
4.8 5.6 -0.0911564
4.8 6 -0.0542545
4.8 6.4 0.00391299
4.8 6.8 0.0530896
4.8 7.2 0.0735807
4.8 7.6 0.0596194
4.8 8 0.0201103
4.8 8.4 -0.0267823
4.8 8.8 -0.0625571
4.8 9.2 -0.0764687
4.8 9.6 -0.0690909
4.8 10 -0.0501703
4.8 10.4 -0.0323208
4.8 10.8 -0.0242788
4.8 11.2 -0.0269026
4.8 11.6 -0.031124
4.8 12 -0.00454402
4.8 12.4 0.00897195
4.8 12.8 0.0115751
4.8 13.2 0.00931411
4.8 13.6 0.0533938
4.8 14 0.0745411
4.8 14.4 0.0826779
4.8 14.8 0.097653
4.8 15.2 0.116739
4.8 15.6 0.131879
4.8 16 0.13463
4.8 16.4 0.117837
4.8 16.8 0.077783
4.8 17.2 0.0177829
4.8 17.6 -0.0489898
4.8 18 -0.100868
4.8 18.4 -0.115337
4.8 18.8 -0.0806827
4.8 19.2 -0.00534777
4.8 19.6 0.0825574
4.8 20 0.149916
4.8 20.4 0.0227065
4.8 20.8 0.00829274
4.8 21.2 -0.0046774
4.8 21.6 -0.082501
4.8 22 -0.0531673
4.8 22.4 -0.0120696
4.8 22.8 0.0405031
4.8 23.2 0.0718096
4.8 23.6 0.0560357
4.8 24 -0.000732135
4.8 24.4 -0.0614862
4.8 24.8 -0.0832168
4.8 25.2 -0.0476247
4.8 25.6 0.0247755
4.8 26 0.0878042
4.8 26.4 0.0115429
4.8 26.8 0

5.2 0 0
5.2 0.4 0.00651323
5.2 0.8 0.0518795
5.2 1.2 0.0174883
5.2 1.6 -0.0262535
5.2 2 -0.0551167
5.2 2.4 -0.0557694
5.2 2.8 -0.033262
5.2 3.2 -0.00619005
5.2 3.6 0.00606751
5.2 4 -0.00687132
5.2 4.4 -0.0552862
5.2 4.8 -0.0885967
5.2 5.2 -0.0851917
5.2 5.6 -0.0543629
5.2 6 -0.00476603
5.2 6.4 0.0407077
5.2 6.8 0.0599774
5.2 7.2 0.0451583
5.2 7.6 0.00471926
5.2 8 -0.0420685
5.2 8.4 -0.0749659
5.2 8.8 -0.0819129
5.2 9.2 -0.0633554
5.2 9.6 -0.0302585
5.2 10 0.00258162
5.2 10.4 0.0244138
5.2 10.8 0.0336665
5.2 11.2 0.0382748
5.2 11.6 0.0520566
5.2 12 0.0898197
5.2 12.4 0.153048
5.2 12.8 0.154875
5.2 13.2 0.112804
5.2 13.6 0.0655848
5.2 14 0.0514755
5.2 14.4 0.0516523
5.2 14.8 0.0606942
5.2 15.2 0.0738584
5.2 15.6 0.0883435
5.2 16 0.101469
5.2 16.4 0.107123
5.2 16.8 0.0953055
5.2 17.2 0.0572385
5.2 17.6 -0.00641771
5.2 18 -0.0801694
5.2 18.4 -0.136634
5.2 18.8 -0.148434
5.2 19.2 -0.10347
5.2 19.6 -0.0147844
5.2 20 0.08084
5.2 20.4 0.132191
5.2 20.8 0.120569
5.2 21.2 0.0447965
5.2 21.6 -0.0394335
5.2 22 -0.0512859
5.2 22.4 -0.0162992
5.2 22.8 0.033234
5.2 23.2 0.0563727
5.2 23.6 0.0289945
5.2 24 -0.0372616
5.2 24.4 -0.100224
5.2 24.8 -0.114907
5.2 25.2 -0.0651336
5.2 25.6 0.0232803
5.2 26 0.0977763
5.2 26.4 0.0128974
5.2 26.8 0

5.6 0 0
5.6 0.4 0.0090397
5.6 0.8 0.0720671
5.6 1.2 0.0330883
5.6 1.6 -0.0156438
5.6 2 -0.0472654
5.6 2.4 -0.0472634
5.6 2.8 -0.0219676
5.6 3.2 0.00665795
5.6 3.6 0.015293
5.6 4 -0.00748588
5.6 4.4 -0.054374
5.6 4.8 -0.0818339
5.6 5.2 -0.0660954
5.6 5.6 -0.015027
5.6 6 0.0379487
5.6 6.4 0.0659435
5.6 6.8 0.0565365
5.6 7.2 0.01552
5.6 7.6 -0.0369706
5.6 8 -0.0768738
5.6 8.4 -0.0875783
5.6 8.8 -0.0665892
5.6 9.2 -0.0248313
5.6 9.6 0.0201644
5.6 10 0.0533609
5.6 10.4 0.0692506
5.6 10.8 0.0736923
5.6 11.2 0.0798227
5.6 11.6 0.0995422
5.6 12 0.133347
5.6 12.4 0.161326
5.6 12.8 0.144096
5.6 13.2 0.0858806
5.6 13.6 0.0181442
5.6 14 -0.0163432
5.6 14.4 -0.0254925
5.6 14.8 -0.0246308
5.6 15.2 -0.0206552
5.6 15.6 -0.010599
5.6 16 0.0110446
5.6 16.4 0.0427536
5.6 16.8 0.0714429
5.6 17.2 0.0771951
5.6 17.6 0.0452541
5.6 18 -0.0220006
5.6 18.4 -0.101381
5.6 18.8 -0.157401
5.6 19.2 -0.159542
5.6 19.6 -0.0993926
5.6 20 0.000434932
5.6 20.4 0.086688
5.6 20.8 0.0979986
5.6 21.2 0.0361157
5.6 21.6 -0.0392172
5.6 22 -0.0535303
5.6 22.4 -0.0160143
5.6 22.8 0.035021
5.6 23.2 0.0561403
5.6 23.6 0.0248647
5.6 24 -0.0446388
5.6 24.4 -0.109108
5.6 24.8 -0.124194
5.6 25.2 -0.0749314
5.6 25.6 0.012261
5.6 26 0.0850418
5.6 26.4 0.0112299
5.6 26.8 0

6 0 0
6 0.4 0.00910239
6 0.8 0.0726628
6 1.2 0.034596
6 1.6 -0.0120427
6 2 -0.0402094
6 2.4 -0.0358126
6 2.8 -0.00621174
6 3.2 0.0255436
6 3.6 0.0355725
6 4 0.0115768
6 4.4 -0.0456732
6 4.8 -0.0742576
6 5.2 -0.0521065
6 5.6 0.0158685
6 6 0.0640341
6 6.4 0.0726396
6 6.8 0.0429657
6 7.2 -0.00794728
6 7.6 -0.0548143
6 8 -0.0762533
6 8.4 -0.0643678
6 8.8 -0.0267135
6 9.2 0.0193905
6 9.6 0.0562951
6 10 0.0743449
6 10.4 0.0756423
6 10.8 0.0721862
6 11.2 0.079356
6 11.6 0.106454
6 12 0.145888
6 12.4 0.166741
6 12.8 0.135818
6 13.2 0.0576261
6 13.6 -0.045641
6 14 -0.0833525
6 14.4 -0.0872893
6 14.8 -0.0883529
6 15.2 -0.0949272
6 15.6 -0.0970256
6 16 -0.0789402
6 16.4 -0.0337485
6 16.8 0.027946
6 17.2 0.0804155
6 17.6 0.0956409
6 18 0.0596109
6 18.4 -0.0173049
6 18.8 -0.102519
6 19.2 -0.155379
6 19.6 -0.145344
6 20 -0.0647701
6 20.4 0.0492003
6 20.8 0.0699469
6 21.2 0.00806848
6 21.6 -0.073531
6 22 -0.0662011
6 22.4 -0.0120709
6 22.8 0.0482207
6 23.2 0.0749457
6 23.6 0.0486759
6 24 -0.0166881
6 24.4 -0.0812089
6 24.8 -0.104028
6 25.2 -0.0703387
6 25.6 -0.00196254
6 26 0.0561829
6 26.4 0.00744051
6 26.8 0

6.4 0 0
6.4 0.4 0.00665848
6.4 0.8 0.0530976
6.4 1.2 0.0199196
6.4 1.6 -0.0198868
6.4 2 -0.0408858
6.4 2.4 -0.0304146
6.4 2.8 0.00370308
6.4 3.2 0.0397066
6.4 3.6 0.0574532
6.4 4 0.0493351
6.4 4.4 0.000271939
6.4 4.8 -0.00568331
6.4 5.2 -0.00331215
6.4 5.6 0.0405786
6.4 6 0.0719821
6.4 6.4 0.0588619
6.4 6.8 0.0195695
6.4 7.2 -0.0244137
6.4 7.6 -0.0509653
6.4 8 -0.0482763
6.4 8.4 -0.0200933
6.4 8.8 0.0181433
6.4 9.2 0.0487659
6.4 9.6 0.0608494
6.4 10 0.0544244
6.4 10.4 0.0391902
6.4 10.8 0.0298279
6.4 11.2 0.0406284
6.4 11.6 0.080421
6.4 12 0.141901
6.4 12.4 0.0250057
6.4 12.8 0.0109818
6.4 13.2 -0.00256894
6.4 13.6 -0.114213
6.4 14 -0.112986
6.4 14.4 -0.0846837
6.4 14.8 -0.0771133
6.4 15.2 -0.0933957
6.4 15.6 -0.115185
6.4 16 -0.117163
6.4 16.4 -0.0823652
6.4 16.8 -0.0133359
6.4 17.2 0.066734
6.4 17.6 0.124058
6.4 18 0.130801
6.4 18.4 0.0798576
6.4 18.8 -0.0101616
6.4 19.2 -0.102694
6.4 19.6 -0.15684
6.4 20 -0.118948
6.4 20.4 -0.00192673
6.4 20.8 0.00475163
6.4 21.2 -0.0134061
6.4 21.6 -0.146593
6.4 22 -0.0763451
6.4 22.4 -0.00083266
6.4 22.8 0.0670916
6.4 23.2 0.101045
6.4 23.6 0.0858973
6.4 24 0.0322273
6.4 24.4 -0.0279496
6.4 24.8 -0.0605656
6.4 25.2 -0.050865
6.4 25.6 -0.012283
6.4 26 0.0233289
6.4 26.4 0.00316214
6.4 26.8 0

6.8 0 0
6.8 0.4 0.00321015
6.8 0.8 0.0252728
6.8 1.2 -0.00205575
6.8 1.6 -0.0343728
6.8 2 -0.0487637
6.8 2.4 -0.0344527
6.8 2.8 0.000438751
6.8 3.2 0.0360308
6.8 3.6 0.0589082
6.8 4 0.00683298
6.8 4.4 0
6.8 4.8 0
6.8 5.2 0
6.8 5.6 0.00546456
6.8 6 0.0650731
6.8 6.4 0.0255313
6.8 6.8 -0.0121629
6.8 7.2 -0.0364867
6.8 7.6 -0.0350403
6.8 8 -0.00918605
6.8 8.4 0.0258174
6.8 8.8 0.0506294
6.8 9.2 0.0532303
6.8 9.6 0.0343895
6.8 10 0.00517351
6.8 10.4 -0.0201551
6.8 10.8 -0.0302067
6.8 11.2 -0.0171621
6.8 11.6 0.0316747
6.8 12 0.0150231
6.8 12.4 0
6.8 12.8 0
6.8 13.2 0
6.8 13.6 -0.0147392
6.8 14 -0.0903067
6.8 14.4 -0.00742727
6.8 14.8 0.00927896
6.8 15.2 -0.0162076
6.8 15.6 -0.0594973
6.8 16 -0.0918853
6.8 16.4 -0.0896787
6.8 16.8 -0.0447361
6.8 17.2 0.0306616
6.8 17.6 0.107778
6.8 18 0.153268
6.8 18.4 0.144339
6.8 18.8 0.0794833
6.8 19.2 -0.0238383
6.8 19.6 -0.154731
6.8 20 -0.01923
6.8 20.4 0
6.8 20.8 0
6.8 21.2 0
6.8 21.6 -0.0138833
6.8 22 -0.0325826
6.8 22.4 0.024472
6.8 22.8 0.0793352
6.8 23.2 0.11288
6.8 23.6 0.110275
6.8 24 0.0749382
6.8 24.4 0.0267758
6.8 24.8 -0.0103518
6.8 25.2 -0.0230304
6.8 25.6 -0.0151224
6.8 26 -0.00279709
6.8 26.4 -0.00017182
6.8 26.8 0

7.2 0 0
7.2 0.4 0.000877886
7.2 0.8 0.00620491
7.2 1.2 -0.0171709
7.2 1.6 -0.04488
7.2 2 -0.0566028
7.2 2.4 -0.0433272
7.2 2.8 -0.01384
7.2 3.2 0.0099906
7.2 3.6 0.00368989
7.2 4 0
7.2 4.4 0
7.2 4.8 0
7.2 5.2 0
7.2 5.6 0
7.2 6 0.00299528
7.2 6.4 -0.0282303
7.2 6.8 -0.0464618
7.2 7.2 -0.0451779
7.2 7.6 -0.0167135
7.2 8 0.0260153
7.2 8.4 0.05901
7.2 8.8 0.063331
7.2 9.2 0.036712
7.2 9.6 -0.00664891
7.2 10 -0.0464604
7.2 10.4 -0.0688258
7.2 10.8 -0.0727496
7.2 11.2 -0.0685245
7.2 11.6 -0.00211234
7.2 12 0
7.2 12.4 0
7.2 12.8 0
7.2 13.2 0
7.2 13.6 0
7.2 14 0.00133649
7.2 14.4 0.120914
7.2 14.8 0.11407
7.2 15.2 0.0797351
7.2 15.6 0.0246675
7.2 16 -0.0324888
7.2 16.4 -0.0696096
7.2 16.8 -0.0698305
7.2 17.2 -0.0292879
7.2 17.6 0.0387915
7.2 18 0.106859
7.2 18.4 0.144276
7.2 18.8 0.133629
7.2 19.2 0.0850539
7.2 19.6 -0.00920981
7.2 20 0
7.2 20.4 0
7.2 20.8 0
7.2 21.2 0
7.2 21.6 0
7.2 22 0.0031851
7.2 22.4 0.0438408
7.2 22.8 0.0654362
7.2 23.2 0.0904123
7.2 23.6 0.0993869
7.2 24 0.0872249
7.2 24.4 0.0598892
7.2 24.8 0.0286425
7.2 25.2 0.00338133
7.2 25.6 -0.0115779
7.2 26 -0.0173628
7.2 26.4 -0.00193564
7.2 26.8 0

7.6 0 0
7.6 0.4 0.000982537
7.6 0.8 0.00662816
7.6 1.2 -0.0157981
7.6 1.6 -0.0428289
7.6 2 -0.0562115
7.6 2.4 -0.0475778
7.6 2.8 -0.0242796
7.6 3.2 -0.0053618
7.6 3.6 -0.000772364
7.6 4 0
7.6 4.4 0
7.6 4.8 0
7.6 5.2 0
7.6 5.6 0
7.6 6 -0.00248747
7.6 6.4 -0.0525112
7.6 6.8 -0.0640611
7.6 7.2 -0.0469488
7.6 7.6 -0.00146639
7.6 8 0.0489182
7.6 8.4 0.0742864
7.6 8.8 0.0590165
7.6 9.2 0.0117899
7.6 9.6 -0.041334
7.6 10 -0.0746381
7.6 10.4 -0.0784749
7.6 10.8 -0.063128
7.6 11.2 -0.0506554
7.6 11.6 -0.00460793
7.6 12 0
7.6 12.4 0
7.6 12.8 0
7.6 13.2 0
7.6 13.6 0
7.6 14 0.0117349
7.6 14.4 0.147655
7.6 14.8 0.13953
7.6 15.2 0.118007
7.6 15.6 0.0765286
7.6 16 0.0184764
7.6 16.4 -0.0434547
7.6 16.8 -0.0892447
7.6 17.2 -0.0986986
7.6 17.6 -0.0631672
7.6 18 0.00519423
7.6 18.4 0.0756648
7.6 18.8 0.114983
7.6 19.2 0.108509
7.6 19.6 0.00519962
7.6 20 0
7.6 20.4 0
7.6 20.8 0
7.6 21.2 0
7.6 21.6 0
7.6 22 0.000765256
7.6 22.4 0.00309142
7.6 22.8 0.0126714
7.6 23.2 0.031054
7.6 23.6 0.0502287
7.6 24 0.0624843
7.6 24.4 0.0618327
7.6 24.8 0.0465397
7.6 25.2 0.0209199
7.6 25.6 -0.00550828
7.6 26 -0.0218346
7.6 26.4 -0.00237009
7.6 26.8 0

8 0 0
8 0.4 0.00314586
8 0.8 0.0236746
8 1.2 0.000341675
8 1.6 -0.028221
8 2 -0.0454718
8 2.4 -0.0428199
8 2.8 -0.024675
8 3.2 -0.00589888
8 3.6 0.00380574
8 4 0
8 4.4 0
8 4.8 0
8 5.2 0
8 5.6 0
8 6 0.00903924
8 6.4 -0.0415225
8 6.8 -0.0607909
8 7.2 -0.0425211
8 7.6 0.00756305
8 8 0.0574832
8 8.4 0.0738042
8 8.8 0.0453651
8 9.2 -0.00964117
8 9.6 -0.0572217
8 10 -0.0709378
8 10.4 -0.0480923
8 10.8 -0.00830774
8 11.2 0.021433
8 11.6 0.0148475
8 12 0
8 12.4 0
8 12.8 0
8 13.2 0
8 13.6 0
8 14 -0.0151483
8 14.4 0.0418293
8 14.8 0.0552756
8 15.2 0.0687605
8 15.6 0.0672454
8 16 0.0389042
8 16.4 -0.0190808
8 16.8 -0.0914571
8 17.2 -0.146722
8 17.6 -0.153856
8 18 -0.104148
8 18.4 -0.0211114
8 18.8 0.0514824
8 19.2 0.0769466
8 19.6 0.00251542
8 20 0
8 20.4 0
8 20.8 0
8 21.2 0
8 21.6 0
8 22 -0.00592811
8 22.4 -0.0439152
8 22.8 -0.0462937
8 23.2 -0.0389344
8 23.6 -0.0160127
8 24 0.0155328
8 24.4 0.0405814
8 24.8 0.0455369
8 25.2 0.0279314
8 25.6 -0.000729712
8 26 -0.0214299
8 26.4 -0.00222874
8 26.8 0

8.4 0 0
8.4 0.4 0.00557311
8.4 0.8 0.0430385
8.4 1.2 0.0195242
8.4 1.6 -0.00946763
8.4 2 -0.0294823
8.4 2.4 -0.0318507
8.4 2.8 -0.0172896
8.4 3.2 0.00772054
8.4 3.6 0.0427089
8.4 4 0.0068515
8.4 4.4 0
8.4 4.8 0
8.4 5.2 0
8.4 5.6 0.0223062
8.4 6 0.108758
8.4 6.4 0.0033303
8.4 6.8 -0.0465147
8.4 7.2 -0.0384364
8.4 7.6 0.00829378
8.4 8 0.0538581
8.4 8.4 0.0631066
8.4 8.8 0.0292838
8.4 9.2 -0.0226974
8.4 9.6 -0.0555866
8.4 10 -0.0467391
8.4 10.4 -0.00244171
8.4 10.8 0.0510709
8.4 11.2 0.0948094
8.4 11.6 0.151883
8.4 12 0.00539927
8.4 12.4 0
8.4 12.8 0
8.4 13.2 0
8.4 13.6 -0.0456169
8.4 14 -0.263585
8.4 14.4 -0.144533
8.4 14.8 -0.0829406
8.4 15.2 -0.0308997
8.4 15.6 0.0162612
8.4 16 0.0378415
8.4 16.4 0.0117326
8.4 16.8 -0.0600335
8.4 17.2 -0.143095
8.4 17.6 -0.188851
8.4 18 -0.167283
8.4 18.4 -0.0898084
8.4 18.8 -0.00373113
8.4 19.2 0.0385767
8.4 19.6 0.0116689
8.4 20 -0.00471885
8.4 20.4 0
8.4 20.8 0
8.4 21.2 0
8.4 21.6 0.00584639
8.4 22 -0.0133462
8.4 22.4 -0.0414
8.4 22.8 -0.0725164
8.4 23.2 -0.0855572
8.4 23.6 -0.0686626
8.4 24 -0.0281245
8.4 24.4 0.0145049
8.4 24.8 0.0361685
8.4 25.2 0.0278186
8.4 25.6 0.000643742
8.4 26 -0.0217755
8.4 26.4 -0.00230123
8.4 26.8 0

8.8 0 0
8.8 0.4 0.00631889
8.8 0.8 0.0490928
8.8 1.2 0.028477
8.8 1.6 0.00310545
8.8 2 -0.0157606
8.8 2.4 -0.0210519
8.8 2.8 -0.0127408
8.8 3.2 0.00360967
8.8 3.6 0.0202425
8.8 4 0.0234675
8.8 4.4 0.000406287
8.8 4.8 -0.00101345
8.8 5.2 0.0145401
8.8 5.6 0.144212
8.8 6 0.0862718
8.8 6.4 0.000901466
8.8 6.8 -0.0495373
8.8 7.2 -0.0435043
8.8 7.6 0.00113455
8.8 8 0.0430963
8.8 8.4 0.0483883
8.8 8.8 0.0145314
8.8 9.2 -0.0294314
8.8 9.6 -0.0466348
8.8 10 -0.0213277
8.8 10.4 0.0289679
8.8 10.8 0.0668979
8.8 11.2 0.0624009
8.8 11.6 0.00664669
8.8 12 -0.125801
8.8 12.4 -0.0430315
8.8 12.8 -0.0320696
8.8 13.2 -0.0453804
8.8 13.6 -0.271159
8.8 14 -0.222121
8.8 14.4 -0.184811
8.8 14.8 -0.158871
8.8 15.2 -0.110148
8.8 15.6 -0.0334794
8.8 16 0.0374714
8.8 16.4 0.0572806
8.8 16.8 0.00788081
8.8 17.2 -0.0820301
8.8 17.6 -0.153694
8.8 18 -0.15954
8.8 18.4 -0.0976896
8.8 18.8 -0.0131049
8.8 19.2 0.036074
8.8 19.6 0.0223621
8.8 20 -0.0258657
8.8 20.4 -0.00872989
8.8 20.8 -0.00312206
8.8 21.2 0.00989497
8.8 21.6 0.102662
8.8 22 0.0483324
8.8 22.4 -0.00608365
8.8 22.8 -0.0604626
8.8 23.2 -0.093331
8.8 23.6 -0.0880806
8.8 24 -0.0488934
8.8 24.4 -0.000160907
8.8 24.8 0.029245
8.8 25.2 0.0254112
8.8 25.6 -0.00166813
8.8 26 -0.0262994
8.8 26.4 -0.00303504
8.8 26.8 0

9.2 0 0
9.2 0.4 0.00461848
9.2 0.8 0.0356092
9.2 1.2 0.0215443
9.2 1.6 0.00469756
9.2 2 -0.00771763
9.2 2.4 -0.0115462
9.2 2.8 -0.00754813
9.2 3.2 -0.000591531
9.2 3.6 0.00276586
9.2 4 -0.00336366
9.2 4.4 -0.0179929
9.2 4.8 0.00054842
9.2 5.2 0.0426994
9.2 5.6 0.0813698
9.2 6 0.0436984
9.2 6.4 -0.0231995
9.2 6.8 -0.0636092
9.2 7.2 -0.0527479
9.2 7.6 -0.00718892
9.2 8 0.032695
9.2 8.4 0.0354822
9.2 8.8 0.00255352
9.2 9.2 -0.0345203
9.2 9.6 -0.0405329
9.2 10 -0.00632108
9.2 10.4 0.0414489
9.2 10.8 0.0579614
9.2 11.2 0.0112369
9.2 11.6 -0.0984754
9.2 12 -0.244856
9.2 12.4 -0.375852
9.2 12.8 -0.308472
9.2 13.2 -0.147484
9.2 13.6 -0.0678472
9.2 14 -0.0588369
9.2 14.4 -0.10364
9.2 14.8 -0.14934
9.2 15.2 -0.138538
9.2 15.6 -0.0585888
9.2 16 0.0464834
9.2 16.4 0.109137
9.2 16.8 0.0898381
9.2 17.2 0.00711077
9.2 17.6 -0.0766068
9.2 18 -0.102065
9.2 18.4 -0.0569029
9.2 18.8 0.0173313
9.2 19.2 0.0596707
9.2 19.6 0.0386263
9.2 20 -0.0229754
9.2 20.4 -0.0718093
9.2 20.8 -0.0600129
9.2 21.2 0.00230472
9.2 21.6 0.0673464
9.2 22 0.0679672
9.2 22.4 0.0289128
9.2 22.8 -0.0272158
9.2 23.2 -0.0695774
9.2 23.6 -0.0749219
9.2 24 -0.0432756
9.2 24.4 0.00175343
9.2 24.8 0.029477
9.2 25.2 0.0236847
9.2 25.6 -0.00656735
9.2 26 -0.0348704
9.2 26.4 -0.00434811
9.2 26.8 0

9.6 0 0
9.6 0.4 0.00134798
9.6 0.8 0.00952395
9.6 1.2 0.00380142
9.6 1.6 -0.00187843
9.6 2 -0.00414683
9.6 2.4 -0.00193262
9.6 2.8 0.00270595
9.6 3.2 0.00539636
9.6 3.6 0.00158878
9.6 4 -0.00980271
9.6 4.4 -0.0192088
9.6 4.8 -0.00223085
9.6 5.2 0.0313973
9.6 5.6 0.0499463
9.6 6 0.0157874
9.6 6.4 -0.0405119
9.6 6.8 -0.0713596
9.6 7.2 -0.0546987
9.6 7.6 -0.00783722
9.6 8 0.0297093
9.6 8.4 0.0289287
9.6 8.8 -0.00583368
9.6 9.2 -0.0412185
9.6 9.6 -0.0428244
9.6 10 -0.00487347
9.6 10.4 0.0416993
9.6 10.8 0.0496299
9.6 11.2 -0.0108689
9.6 11.6 -0.129114
9.6 12 -0.253729
9.6 12.4 -0.301437
9.6 12.8 -0.178925
9.6 13.2 0.0264585
9.6 13.6 0.159189
9.6 14 0.13659
9.6 14.4 0.0181527
9.6 14.8 -0.100254
9.6 15.2 -0.135875
9.6 15.6 -0.0676549
9.6 16 0.0534095
9.6 16.4 0.143569
9.6 16.8 0.147203
9.6 17.2 0.074336
9.6 17.6 -0.0117857
9.6 18 -0.0458191
9.6 18.4 -0.0100471
9.6 18.8 0.0549747
9.6 19.2 0.0858626
9.6 19.6 0.0493271
9.6 20 -0.029379
9.6 20.4 -0.087393
9.6 20.8 -0.0831623
9.6 21.2 -0.0237764
9.6 21.6 0.0441663
9.6 22 0.0711789
9.6 22.4 0.0527747
9.6 22.8 0.0069547
9.6 23.2 -0.0346371
9.6 23.6 -0.0456735
9.6 24 -0.0224981
9.6 24.4 0.0140811
9.6 24.8 0.0346486
9.6 25.2 0.0230886
9.6 25.6 -0.0118392
9.6 26 -0.0438439
9.6 26.4 -0.00566363
9.6 26.8 0

10 0 0
10 0.4 -0.00163865
10 0.8 -0.0143353
10 1.2 -0.0134698
10 1.6 -0.0100591
10 2 -0.00302665
10 2.4 0.00679177
10 2.8 0.0164203
10 3.2 0.0214718
10 3.6 0.0171456
10 4 -0.000394479
10 4.4 -0.0236042
10 4.8 -0.0113917
10 5.2 0.0232796
10 5.6 0.0501863
10 6 0.0167656
10 6.4 -0.0364854
10 6.8 -0.0628618
10 7.2 -0.0434463
10 7.6 0.00283866
10 8 0.0367806
10 8.4 0.0307399
10 8.8 -0.00945852
10 9.2 -0.0493585
10 9.6 -0.0537571
10 10 -0.0159726
10 10.4 0.0343238
10 10.8 0.0512638
10 11.2 0.00558947
10 11.6 -0.094903
10 12 -0.209972
10 12.4 -0.266851
10 12.8 -0.11905
10 13.2 0.131446
10 13.6 0.326449
10 14 0.253886
10 14.4 0.0799238
10 14.8 -0.0811939
10 15.2 -0.141615
10 15.6 -0.0810974
10 16 0.043664
10 16.4 0.141392
10 16.8 0.150953
10 17.2 0.0809506
10 17.6 -0.00356715
10 18 -0.0351287
10 18.4 0.00378774
10 18.8 0.0695629
10 19.2 0.09475
10 19.6 0.0444594
10 20 -0.0502912
10 20.4 -0.106613
10 20.8 -0.0986113
10 21.2 -0.0377985
10 21.6 0.0288473
10 22 0.0621976
10 22.4 0.0575505
10 22.8 0.0247752
10 23.2 -0.00956558
10 23.6 -0.020458
10 24 -0.00261544
10 24.4 0.0262456
10 24.8 0.039642
10 25.2 0.023102
10 25.6 -0.0145077
10 26 -0.047754
10 26.4 -0.00618413
10 26.8 0

10.4 0 0
10.4 0.4 -0.00273963
10.4 0.8 -0.0231181
10.4 1.2 -0.0208074
10.4 1.6 -0.0152331
10.4 2 -0.00505939
10.4 2.4 0.00912683
10.4 2.8 0.024666
10.4 3.2 0.0377746
10.4 3.6 0.0434551
10.4 4 0.0260042
10.4 4.4 -0.000789606
10.4 4.8 -0.00195163
10.4 5.2 0.00916725
10.4 5.6 0.0890995
10.4 6 0.0426792
10.4 6.4 -0.0166349
10.4 6.8 -0.0436601
10.4 7.2 -0.0246233
10.4 7.6 0.0197135
10.4 8 0.0503712
10.4 8.4 0.0398802
10.4 8.8 -0.00660472
10.4 9.2 -0.0551039
10.4 9.6 -0.0688859
10.4 10 -0.0368168
10.4 10.4 0.0177295
10.4 10.8 0.054278
10.4 11.2 0.0446406
10.4 11.6 -0.0129729
10.4 12 -0.128093
10.4 12.4 -0.0348443
10.4 12.8 -0.0159875
10.4 13.2 0.0252451
10.4 13.6 0.408163
10.4 14 0.20066
10.4 14.4 0.0141935
10.4 14.8 -0.130711
10.4 15.2 -0.172567
10.4 15.6 -0.101896
10.4 16 0.0210424
10.4 16.4 0.107645
10.4 16.8 0.103805
10.4 17.2 0.0257933
10.4 17.6 -0.056848
10.4 18 -0.0772213
10.4 18.4 -0.0226214
10.4 18.8 0.0567836
10.4 19.2 0.0874116
10.4 19.6 0.0290771
10.4 20 -0.0890824
10.4 20.4 -0.0194995
10.4 20.8 -0.00675719
10.4 21.2 -0.00102278
10.4 21.6 0.0271551
10.4 22 0.0415484
10.4 22.4 0.04113
10.4 22.8 0.0195196
10.4 23.2 -0.00465215
10.4 23.6 -0.0105565
10.4 24 0.00659834
10.4 24.4 0.0315635
10.4 24.8 0.0413392
10.4 25.2 0.0238067
10.4 25.6 -0.0120612
10.4 26 -0.0424981
10.4 26.4 -0.00535473
10.4 26.8 0

10.8 0 0
10.8 0.4 -0.00151827
10.8 0.8 -0.0133173
10.8 1.2 -0.0160438
10.8 1.6 -0.0174379
10.8 2 -0.0132534
10.8 2.4 -0.00176618
10.8 2.8 0.0156254
10.8 3.2 0.0371896
10.8 3.6 0.0690815
10.8 4 0.00750766
10.8 4.4 0
10.8 4.8 0
10.8 5.2 0
10.8 5.6 0.014877
10.8 6 0.0652403
10.8 6.4 -0.00349534
10.8 6.8 -0.0300026
10.8 7.2 -0.0112464
10.8 7.6 0.0320686
10.8 8 0.0627868
10.8 8.4 0.052954
10.8 8.8 0.00442658
10.8 9.2 -0.0522362
10.8 9.6 -0.0800455
10.8 10 -0.062055
10.8 10.4 -0.0120456
10.8 10.8 0.0387953
10.8 11.2 0.0702297
10.8 11.6 0.101767
10.8 12 -0.000145474
10.8 12.4 0
10.8 12.8 0
10.8 13.2 0
10.8 13.6 -0.00252208
10.8 14 -0.14668
10.8 14.4 -0.172392
10.8 14.8 -0.220153
10.8 15.2 -0.201378
10.8 15.6 -0.105584
10.8 16 0.0106261
10.8 16.4 0.0712484
10.8 16.8 0.0394635
10.8 17.2 -0.054285
10.8 17.6 -0.134995
10.8 18 -0.139232
10.8 18.4 -0.0622333
10.8 18.8 0.0388456
10.8 19.2 0.0861388
10.8 19.6 0.0308746
10.8 20 -0.0120869
10.8 20.4 0
10.8 20.8 0
10.8 21.2 0
10.8 21.6 -0.0009016
10.8 22 0.00250927
10.8 22.4 0.0103776
10.8 22.8 -0.00139484
10.8 23.2 -0.0146882
10.8 23.6 -0.0129503
10.8 24 0.00676454
10.8 24.4 0.0310129
10.8 24.8 0.0404536
10.8 25.2 0.0256465
10.8 25.6 -0.00451264
10.8 26 -0.0286887
10.8 26.4 -0.00331205
10.8 26.8 0

11.2 0 0
11.2 0.4 0.0012395
11.2 0.8 0.00875366
11.2 1.2 -0.00392166
11.2 1.6 -0.0193562
11.2 2 -0.0285534
11.2 2.4 -0.0266233
11.2 2.8 -0.0154582
11.2 3.2 -0.00292623
11.2 3.6 0.0054015
11.2 4 0
11.2 4.4 0
11.2 4.8 0
11.2 5.2 0
11.2 5.6 0
11.2 6 0.00729111
11.2 6.4 -0.0192942
11.2 6.8 -0.0326202
11.2 7.2 -0.0123215
11.2 7.6 0.0311923
11.2 8 0.0665394
11.2 8.4 0.0654967
11.2 8.8 0.0239698
11.2 9.2 -0.0348935
11.2 9.6 -0.0771947
11.2 10 -0.0815335
11.2 10.4 -0.0519204
11.2 10.8 -0.0118184
11.2 11.2 0.0137162
11.2 11.6 0.0096139
11.2 12 0
11.2 12.4 0
11.2 12.8 0
11.2 13.2 0
11.2 13.6 0
11.2 14 -0.0489962
11.2 14.4 -0.27895
11.2 14.8 -0.247598
11.2 15.2 -0.174574
11.2 15.6 -0.0619897
11.2 16 0.0365146
11.2 16.4 0.061636
11.2 16.8 -0.00240084
11.2 17.2 -0.110736
11.2 17.6 -0.186322
11.2 18 -0.173703
11.2 18.4 -0.0780221
11.2 18.8 0.0400903
11.2 19.2 0.110344
11.2 19.6 0.00669921
11.2 20 0
11.2 20.4 0
11.2 20.8 0
11.2 21.2 0
11.2 21.6 0
11.2 22 -0.00205712
11.2 22.4 -0.0110527
11.2 22.8 -0.0197876
11.2 23.2 -0.0239019
11.2 23.6 -0.0147053
11.2 24 0.00739403
11.2 24.4 0.0305016
11.2 24.8 0.0393851
11.2 25.2 0.0277138
11.2 25.6 0.00420589
11.2 26 -0.0128251
11.2 26.4 -0.0010066
11.2 26.8 0

11.6 0 0
11.6 0.4 0.00419652
11.6 0.8 0.0323703
11.6 1.2 0.00856612
11.6 1.6 -0.0224114
11.6 2 -0.0460238
11.6 2.4 -0.0537352
11.6 2.8 -0.0476008
11.6 3.2 -0.0390005
11.6 3.6 -0.00316079
11.6 4 0
11.6 4.4 0
11.6 4.8 0
11.6 5.2 0
11.6 5.6 0
11.6 6 0.000409548
11.6 6.4 -0.0218063
11.6 6.8 -0.0378428
11.6 7.2 -0.0241465
11.6 7.6 0.0158958
11.6 8 0.0575709
11.6 8.4 0.0725837
11.6 8.8 0.0488864
11.6 9.2 -0.00167746
11.6 9.6 -0.0525825
11.6 10 -0.0808499
11.6 10.4 -0.0809273
11.6 10.8 -0.0653346
11.6 11.2 -0.0541305
11.6 11.6 -0.00468202
11.6 12 0
11.6 12.4 0
11.6 12.8 0
11.6 13.2 0
11.6 13.6 0
11.6 14 -0.0153131
11.6 14.4 -0.205416
11.6 14.8 -0.16424
11.6 15.2 -0.0785132
11.6 15.6 0.0246603
11.6 16 0.092288
11.6 16.4 0.0812887
11.6 16.8 -0.00597154
11.6 17.2 -0.11646
11.6 17.6 -0.178881
11.6 18 -0.151933
11.6 18.4 -0.0526986
11.6 18.8 0.0570614
11.6 19.2 0.117518
11.6 19.6 0.00839947
11.6 20 0
11.6 20.4 0
11.6 20.8 0
11.6 21.2 0
11.6 21.6 0
11.6 22 -0.000278404
11.6 22.4 -0.0195649
11.6 22.8 -0.0237243
11.6 23.2 -0.0185338
11.6 23.6 -0.0037346
11.6 24 0.0170845
11.6 24.4 0.0345038
11.6 24.8 0.0385344
11.6 25.2 0.0266618
11.6 25.6 0.00739955
11.6 26 -0.00447188
11.6 26.4 0.000219783
11.6 26.8 0

12 0 0
12 0.4 0.00628293
12 0.8 0.0489972
12 1.2 0.0167687
12 1.6 -0.0253576
12 2 -0.0577551
12 2.4 -0.068611
12 2.8 -0.0601137
12 3.2 -0.0472081
12 3.6 -0.00294335
12 4 0
12 4.4 0
12 4.8 0
12 5.2 0
12 5.6 0
12 6 0.00867413
12 6.4 -0.00821567
12 6.8 -0.0357875
12 7.2 -0.0382548
12 7.6 -0.00917054
12 8 0.0354478
12 8.4 0.0688809
12 8.8 0.0711573
12 9.2 0.0406378
12 9.6 -0.00727063
12 10 -0.051648
12 10.4 -0.0788886
12 10.8 -0.0883541
12 11.2 -0.0890597
12 11.6 -0.0085848
12 12 0
12 12.4 0
12 12.8 0
12 13.2 0
12 13.6 0
12 14 0.00022746
12 14.4 -0.0639974
12 14.8 -0.0364316
12 15.2 0.0309941
12 15.6 0.103632
12 16 0.135811
12 16.4 0.100116
12 16.8 0.0106487
12 17.2 -0.0810179
12 17.6 -0.118462
12 18 -0.0799916
12 18.4 0.00470152
12 18.8 0.0757173
12 19.2 0.0909837
12 19.6 -0.0112891
12 20 0
12 20.4 0
12 20.8 0
12 21.2 0
12 21.6 0
12 22 -0.00477501
12 22.4 -0.0193408
12 22.8 -0.0112633
12 23.2 0.00510983
12 23.6 0.0225382
12 24 0.0362561
12 24.4 0.0413615
12 24.8 0.0346649
12 25.2 0.0181077
12 25.6 -0.000308275
12 26 -0.0101041
12 26.4 -0.000519282
12 26.8 0

12.4 0 0
12.4 0.4 0.00713238
12.4 0.8 0.0557881
12.4 1.2 0.0199368
12.4 1.6 -0.0259424
12.4 2 -0.0586624
12.4 2.4 -0.0642923
12.4 2.8 -0.0447033
12.4 3.2 -0.0128979
12.4 3.6 0.0220045
12.4 4 0.00614436
12.4 4.4 0
12.4 4.8 0
12.4 5.2 0
12.4 5.6 0.01188
12.4 6 0.0901264
12.4 6.4 0.0294347
12.4 6.8 -0.020627
12.4 7.2 -0.0465915
12.4 7.6 -0.0368478
12.4 8 0.00257214
12.4 8.4 0.0496858
12.4 8.8 0.0793752
12.4 9.2 0.0772531
12.4 9.6 0.0457143
12.4 10 -5.4448e-05
12.4 10.4 -0.0418396
12.4 10.8 -0.066739
12.4 11.2 -0.0688137
12.4 11.6 -0.0412158
12.4 12 0.00528904
12.4 12.4 0
12.4 12.8 0
12.4 13.2 0
12.4 13.6 -0.00278869
12.4 14 0.0564218
12.4 14.4 0.0291139
12.4 14.8 0.0401307
12.4 15.2 0.0778548
12.4 15.6 0.114959
12.4 16 0.120189
12.4 16.4 0.080359
12.4 16.8 0.0139564
12.4 17.2 -0.0378082
12.4 17.6 -0.0396369
12.4 18 0.00913322
12.4 18.4 0.0684291
12.4 18.8 0.0806231
12.4 19.2 0.00500543
12.4 19.6 -0.175116
12.4 20 -0.0379029
12.4 20.4 0
12.4 20.8 0
12.4 21.2 0
12.4 21.6 -0.0122941
12.4 22 -0.0618491
12.4 22.4 -0.0236348
12.4 22.8 0.011568
12.4 23.2 0.0399242
12.4 23.6 0.0555155
12.4 24 0.0561671
12.4 24.4 0.0437289
12.4 24.8 0.0229385
12.4 25.2 0.000137586
12.4 25.6 -0.0182039
12.4 26 -0.0272443
12.4 26.4 -0.00288005
12.4 26.8 0

12.8 0 0
12.8 0.4 0.00699321
12.8 0.8 0.054819
12.8 1.2 0.0197556
12.8 1.6 -0.0235274
12.8 2 -0.0504493
12.8 2.4 -0.0472166
12.8 2.8 -0.0180043
12.8 3.2 0.0201619
12.8 3.6 0.0506619
12.8 4 0.0669337
12.8 4.4 0.00343066
12.8 4.8 -0.00478598
12.8 5.2 0.000379091
12.8 5.6 0.0646966
12.8 6 0.0797083
12.8 6.4 0.0491866
12.8 6.8 -0.00181749
12.8 7.2 -0.046226
12.8 7.6 -0.0601176
12.8 8 -0.0358317
12.8 8.4 0.0139386
12.8 8.8 0.0640798
12.8 9.2 0.0913093
12.8 9.6 0.0857742
12.8 10 0.054149
12.8 10.4 0.0140777
12.8 10.8 -0.0151996
12.8 11.2 -0.0200598
12.8 11.6 0.00620039
12.8 12 0.0655378
12.8 12.4 0.0151086
12.8 12.8 0.00471735
12.8 13.2 -0.0064972
12.8 13.6 -0.0482039
12.8 14 0.00801003
12.8 14.4 0.0146992
12.8 14.8 0.0187974
12.8 15.2 0.0308312
12.8 15.6 0.0413057
12.8 16 0.0359733
12.8 16.4 0.0122316
12.8 16.8 -0.0135486
12.8 17.2 -0.0155375
12.8 17.6 0.0201194
12.8 18 0.0780511
12.8 18.4 0.116553
12.8 18.8 0.0923226
12.8 19.2 -0.00839026
12.8 19.6 -0.152193
12.8 20 -0.247017
12.8 20.4 -0.0200111
12.8 20.8 0.00572193
12.8 21.2 -0.0033432
12.8 21.6 -0.0775127
12.8 22 -0.0450273
12.8 22.4 -0.00112351
12.8 22.8 0.0430731
12.8 23.2 0.0735112
12.8 23.6 0.0805613
12.8 24 0.0642935
12.8 24.4 0.0336673
12.8 24.8 0.00112262
12.8 25.2 -0.0237276
12.8 25.6 -0.0377257
12.8 26 -0.0434922
12.8 26.4 -0.00518709
12.8 26.8 0

13.2 0 0
13.2 0.4 0.00633856
13.2 0.8 0.049892
13.2 1.2 0.0179736
13.2 1.6 -0.0198886
13.2 2 -0.0394979
13.2 2.4 -0.0287189
13.2 2.8 0.00495477
13.2 3.2 0.0397708
13.2 3.6 0.0530675
13.2 4 0.0313539
13.2 4.4 -0.0326269
13.2 4.8 -0.0707951
13.2 5.2 -0.0518956
13.2 5.6 0.0214968
13.2 6 0.0655915
13.2 6.4 0.0629712
13.2 6.8 0.0210043
13.2 7.2 -0.0345032
13.2 7.6 -0.0720113
13.2 8 -0.0710557
13.2 8.4 -0.0323491
13.2 8.8 0.0244799
13.2 9.2 0.0731776
13.2 9.6 0.0951648
13.2 10 0.0879305
13.2 10.4 0.0638815
13.2 10.8 0.0418047
13.2 11.2 0.0364615
13.2 11.6 0.0514011
13.2 12 0.075734
13.2 12.4 0.0798058
13.2 12.8 0.0413436
13.2 13.2 -0.0108297
13.2 13.6 -0.042641
13.2 14 -0.0413188
13.2 14.4 -0.0490553
13.2 14.8 -0.0604998
13.2 15.2 -0.0679024
13.2 15.6 -0.0708862
13.2 16 -0.0724379
13.2 16.4 -0.0706791
13.2 16.8 -0.0558033
13.2 17.2 -0.0173427
13.2 17.6 0.0425994
13.2 18 0.101744
13.2 18.4 0.125645
13.2 18.8 0.0898244
13.2 19.2 0.00244432
13.2 19.6 -0.0886164
13.2 20 -0.109622
13.2 20.4 0.000502678
13.2 20.8 0.0659137
13.2 21.2 0.0594786
13.2 21.6 0.00179577
13.2 22 -0.00166327
13.2 22.4 0.0276467
13.2 22.8 0.0659501
13.2 23.2 0.0895196
13.2 23.6 0.084309
13.2 24 0.052247
13.2 24.4 0.00873486
13.2 24.8 -0.0273675
13.2 25.2 -0.0449579
13.2 25.6 -0.0461152
13.2 26 -0.042592
13.2 26.4 -0.00526152
13.2 26.8 0

13.6 0 0
13.6 0.4 0.00550903
13.6 0.8 0.0436449
13.6 1.2 0.0150472
13.6 1.6 -0.0180566
13.6 2 -0.0327298
13.6 2.4 -0.0185622
13.6 2.8 0.014945
13.6 3.2 0.0442979
13.6 3.6 0.0464216
13.6 4 0.0116397
13.6 4.4 -0.0494466
13.6 4.8 -0.0877612
13.6 5.2 -0.0719798
13.6 5.6 -0.00982718
13.6 6 0.0504396
13.6 6.4 0.071535
13.6 6.8 0.044583
13.6 7.2 -0.0125219
13.6 7.6 -0.0675752
13.6 8 -0.0920887
13.6 8.4 -0.0754259
13.6 8.8 -0.0279258
13.6 9.2 0.0274755
13.6 9.6 0.069026
13.6 10 0.0871047
13.6 10.4 0.0867396
13.6 10.8 0.0815379
13.6 11.2 0.0834198
13.6 11.6 0.0938811
13.6 12 0.100658
13.6 12.4 0.0829966
13.6 12.8 0.03708
13.6 13.2 -0.0169222
13.6 13.6 -0.0548454
13.6 14 -0.0764215
13.6 14.4 -0.0984121
13.6 14.8 -0.120858
13.6 15.2 -0.136938
13.6 15.6 -0.141756
13.6 16 -0.133851
13.6 16.4 -0.112282
13.6 16.8 -0.0751044
13.6 17.2 -0.02288
13.6 17.6 0.0352218
13.6 18 0.0798207
13.6 18.4 0.0896763
13.6 18.8 0.0573415
13.6 19.2 0.0013318
13.6 19.6 -0.0374282
13.6 20 -0.0197874
13.6 20.4 0.0513572
13.6 20.8 0.0985672
13.6 21.2 0.085981
13.6 21.6 0.0346114
13.6 22 0.0156059
13.6 22.4 0.0324213
13.6 22.8 0.0625289
13.6 23.2 0.07831
13.6 23.6 0.063522
13.6 24 0.0221933
13.6 24.4 -0.0248854
13.6 24.8 -0.0540911
13.6 25.2 -0.0544021
13.6 25.6 -0.0341885
13.6 26 -0.0148819
13.6 26.4 -0.0018072
13.6 26.8 0

14 0 0
14 0.4 0.00459232
14 0.8 0.036652
14 1.2 0.0105326
14 1.6 -0.0199707
14 2 -0.0334869
14 2.4 -0.0206008
14 2.8 0.00940542
14 3.2 0.0347477
14 3.6 0.0353254
14 4 0.00379045
14 4.4 -0.0589499
14 4.8 -0.101855
14 5.2 -0.0942952
14 5.6 -0.0410453
14 6 0.0290052
14 6.4 0.0686011
14 6.8 0.0606245
14 7.2 0.0136712
14 7.6 -0.0460384
14 8 -0.0892284
14 8.4 -0.0979538
14 8.8 -0.072385
14 9.2 -0.027232
14 9.6 0.018702
14 10 0.0529898
14 10.4 0.0742155
14 10.8 0.0891512
14 11.2 0.105269
14 11.6 0.123169
14 12 0.131569
14 12.4 0.105527
14 12.8 0.053132
14 13.2 -0.00473453
14 13.6 -0.0381046
14 14 -0.0584028
14 14.4 -0.0801237
14 14.8 -0.101635
14 15.2 -0.115566
14 15.6 -0.116151
14 16 -0.10244
14 16.4 -0.0772433
14 16.8 -0.044799
14 17.2 -0.0102872
14 17.6 0.018901
14 18 0.033493
14 18.4 0.0271774
14 18.8 0.00431163
14 19.2 -0.0159541
14 19.6 -0.00646924
14 20 0.0469592
14 20.4 0.109508
14 20.8 0.139451
14 21.2 0.103992
14 21.6 0.0187487
14 22 -0.00936773
14 22.4 0.00405283
14 22.8 0.0322747
14 23.2 0.0461846
14 23.6 0.029215
14 24 -0.0126069
14 24.4 -0.0545541
14 24.8 -0.0698195
14 25.2 -0.0481055
14 25.6 -0.00344525
14 26 0.034407
14 26.4 0.00450704
14 26.8 0

14.4 0 0
14.4 0.4 0.0035234
14.4 0.8 0.0283319
14.4 1.2 0.00442733
14.4 1.6 -0.0245433
14.4 2 -0.0392427
14.4 2.4 -0.0308312
14.4 2.8 -0.0067165
14.4 3.2 0.0156189
14.4 3.6 0.0225463
14.4 4 0.0176569
14.4 4.4 -0.0029326
14.4 4.8 -0.00750241
14.4 5.2 -0.016107
14.4 5.6 -0.0739052
14.4 6 0.00145654
14.4 6.4 0.0492646
14.4 6.8 0.0604309
14.4 7.2 0.0352835
14.4 7.6 -0.0118286
14.4 8 -0.058885
14.4 8.4 -0.0869625
14.4 8.8 -0.0882031
14.4 9.2 -0.0667866
14.4 9.6 -0.0336132
14.4 10 0.00105133
14.4 10.4 0.0323658
14.4 10.8 0.0611041
14.4 11.2 0.0907067
14.4 11.6 0.124284
14.4 12 0.160491
14.4 12.4 0.0225537
14.4 12.8 0.00656143
14.4 13.2 0.00579927
14.4 13.6 0.0170229
14.4 14 0.019543
14.4 14.4 0.00919846
14.4 14.8 -0.00328526
14.4 15.2 -0.010089
14.4 15.6 -0.00699111
14.4 16 0.00417638
14.4 16.4 0.0168239
14.4 16.8 0.0237811
14.4 17.2 0.0209785
14.4 17.6 0.00845838
14.4 18 -0.0105311
14.4 18.4 -0.0302009
14.4 18.8 -0.0417459
14.4 19.2 -0.033157
14.4 19.6 0.00892067
14.4 20 0.0972243
14.4 20.4 0.0220215
14.4 20.8 0.0123271
14.4 21.2 0.00271864
14.4 21.6 -0.0608791
14.4 22 -0.06589
14.4 22.4 -0.0404547
14.4 22.8 -0.00576533
14.4 23.2 0.0132558
14.4 23.6 0.00131689
14.4 24 -0.0345727
14.4 24.4 -0.0677958
14.4 24.8 -0.0697748
14.4 25.2 -0.0304991
14.4 25.6 0.0327674
14.4 26 0.0853036
14.4 26.4 0.0110809
14.4 26.8 0

14.8 0 0
14.8 0.4 0.00224066
14.8 0.8 0.0182632
14.8 1.2 -0.00203885
14.8 1.6 -0.0277368
14.8 2 -0.0426545
14.8 2.4 -0.0391439
14.8 2.8 -0.022691
14.8 3.2 -0.0067456
14.8 3.6 -0.00171627
14.8 4 -4.71148e-05
14.8 4.4 0
14.8 4.8 0
14.8 5.2 0
14.8 5.6 -0.0119404
14.8 6 -0.0188615
14.8 6.4 0.0142483
14.8 6.8 0.0396327
14.8 7.2 0.0444369
14.8 7.6 0.0260824
14.8 8 -0.007161
14.8 8.4 -0.0417519
14.8 8.8 -0.0658444
14.8 9.2 -0.07367
14.8 9.6 -0.0658142
14.8 10 -0.0466138
14.8 10.4 -0.0210888
14.8 10.8 0.00695041
14.8 11.2 0.0363987
14.8 11.6 0.0746737
14.8 12 0.0161178
14.8 12.4 0
14.8 12.8 0
14.8 13.2 0
14.8 13.6 0.0150467
14.8 14 0.122665
14.8 14.4 0.115388
14.8 14.8 0.109958
14.8 15.2 0.107755
14.8 15.6 0.109857
14.8 16 0.111973
14.8 16.4 0.105623
14.8 16.8 0.0837762
14.8 17.2 0.0464418
14.8 17.6 0.00203856
14.8 18 -0.036236
14.8 18.4 -0.0565625
14.8 18.8 -0.0535235
14.8 19.2 -0.0297424
14.8 19.6 0.00655275
14.8 20 0.0142873
14.8 20.4 0
14.8 20.8 0
14.8 21.2 0
14.8 21.6 -0.0133263
14.8 22 -0.103916
14.8 22.4 -0.0654541
14.8 22.8 -0.0255011
14.8 23.2 0.000128649
14.8 23.6 -0.00387559
14.8 24 -0.0323038
14.8 24.4 -0.0594448
14.8 24.8 -0.0563549
14.8 25.2 -0.012236
14.8 25.6 0.0559462
14.8 26 0.113112
14.8 26.4 0.0146946
14.8 26.8 0

15.2 0 0
15.2 0.4 0.000759025
15.2 0.8 0.00670776
15.2 1.2 -0.00704338
15.2 1.6 -0.025031
15.2 2 -0.0358769
15.2 2.4 -0.0344781
15.2 2.8 -0.0250987
15.2 3.2 -0.0176339
15.2 3.6 -0.00259667
15.2 4 0
15.2 4.4 0
15.2 4.8 0
15.2 5.2 0
15.2 5.6 0
15.2 6 -0.00730604
15.2 6.4 -0.0371069
15.2 6.8 0.000546878
15.2 7.2 0.0379482
15.2 7.6 0.0568714
15.2 8 0.0503977
15.2 8.4 0.0229981
15.2 8.8 -0.0136168
15.2 9.2 -0.0465382
15.2 9.6 -0.0666597
15.2 10 -0.0710396
15.2 10.4 -0.0626781
15.2 10.8 -0.0490451
15.2 11.2 -0.0413133
15.2 11.6 -0.000438735
15.2 12 0
15.2 12.4 0
15.2 12.8 0
15.2 13.2 0
15.2 13.6 0
15.2 14 0.0224719
15.2 14.4 0.156099
15.2 14.8 0.154981
15.2 15.2 0.151911
15.2 15.6 0.14852
15.2 16 0.141112
15.2 16.4 0.12196
15.2 16.8 0.085837
15.2 17.2 0.036463
15.2 17.6 -0.0125281
15.2 18 -0.0436096
15.2 18.4 -0.0451666
15.2 18.8 -0.0192809
15.2 19.2 0.0165393
15.2 19.6 0.00554244
15.2 20 0
15.2 20.4 0
15.2 20.8 0
15.2 21.2 0
15.2 21.6 0
15.2 22 -0.0111857
15.2 22.4 -0.0469205
15.2 22.8 -0.0167356
15.2 23.2 0.0116089
15.2 23.6 0.0146969
15.2 24 -0.0080618
15.2 24.4 -0.034742
15.2 24.8 -0.0374392
15.2 25.2 -0.0035937
15.2 25.6 0.0535175
15.2 26 0.102984
15.2 26.4 0.0134019
15.2 26.8 0

15.6 0 0
15.6 0.4 -0.000850359
15.6 0.8 -0.00570335
15.6 1.2 -0.00966223
15.6 1.6 -0.0147985
15.6 2 -0.0160686
15.6 2.4 -0.0122879
15.6 2.8 -0.00691094
15.6 3.2 -0.00452137
15.6 3.6 -0.000478662
15.6 4 0
15.6 4.4 0
15.6 4.8 0
15.6 5.2 0
15.6 5.6 0
15.6 6 -0.00805949
15.6 6.4 -0.091178
15.6 6.8 -0.0416895
15.6 7.2 0.0208618
15.6 7.6 0.0720269
15.6 8 0.0938404
15.6 8.4 0.0817612
15.6 8.8 0.0445706
15.6 9.2 -0.00156884
15.6 9.6 -0.0410514
15.6 10 -0.0648822
15.6 10.4 -0.0726955
15.6 10.8 -0.0711167
15.6 11.2 -0.0703145
15.6 11.6 -0.00595131
15.6 12 0
15.6 12.4 0
15.6 12.8 0
15.6 13.2 0
15.6 13.6 0
15.6 14 0.0061634
15.6 14.4 0.0987063
15.6 14.8 0.0973833
15.6 15.2 0.0876755
15.6 15.6 0.07669
15.6 16 0.064569
15.6 16.4 0.0461181
15.6 16.8 0.0176966
15.6 17.2 -0.016026
15.6 17.6 -0.0413209
15.6 18 -0.0422796
15.6 18.4 -0.0115164
15.6 18.8 0.0425311
15.6 19.2 0.0973301
15.6 19.6 0.00953088
15.6 20 0
15.6 20.4 0
15.6 20.8 0
15.6 21.2 0
15.6 21.6 0
15.6 22 -0.0023658
15.6 22.4 -0.0314056
15.6 22.8 -0.00145481
15.6 23.2 0.0313716
15.6 23.6 0.0415125
15.6 24 0.02333
15.6 24.4 -0.00618341
15.6 24.8 -0.0213543
15.6 25.2 -0.00767945
15.6 25.6 0.0272766
15.6 26 0.0598705
15.6 26.4 0.00781466
15.6 26.8 0

16 0 0
16 0.4 -0.00248367
16 0.8 -0.0182741
16 1.2 -0.0106996
16 1.6 2.12886e-05
16 2 0.0118224
16 2.4 0.0209219
16 2.8 0.0237054
16 3.2 0.0207275
16 3.6 0.00341175
16 4 0
16 4.4 0
16 4.8 0
16 5.2 0
16 5.6 0
16 6 -0.00989402
16 6.4 -0.105737
16 6.8 -0.0618783
16 7.2 0.004106
16 7.6 0.0680553
16 8 0.106639
16 8.4 0.109037
16 8.8 0.0801401
16 9.2 0.035592
16 9.6 -0.00718751
16 10 -0.0367501
16 10.4 -0.0505053
16 10.8 -0.0525915
16 11.2 -0.0494974
16 11.6 -1.06166e-05
16 12 0
16 12.4 0
16 12.8 0
16 13.2 0
16 13.6 0
16 14 -0.00403046
16 14.4 -0.00644663
16 14.8 -0.0184391
16 15.2 -0.0401138
16 15.6 -0.0584292
16 16 -0.0692281
16 16.4 -0.0755293
16 16.8 -0.0809761
16 17.2 -0.0832159
16 17.6 -0.0728859
16 18 -0.039752
16 18.4 0.0178325
16 18.8 0.0874741
16 19.2 0.14713
16 19.6 0.0213709
16 20 0
16 20.4 0
16 20.8 0
16 21.2 0
16 21.6 0
16 22 -0.00846781
16 22.4 -0.0318328
16 22.8 0.00107162
16 23.2 0.038778
16 23.6 0.0560841
16 24 0.0438585
16 24.4 0.0137951
16 24.8 -0.0120424
16 25.2 -0.018304
16 25.6 -0.00687216
16 26 0.00676419
16 26.4 0.000878352
16 26.8 0

16.4 0 0
16.4 0.4 -0.00396919
16.4 0.8 -0.0299181
16.4 1.2 -0.0119041
16.4 1.6 0.013525
16.4 2 0.0378062
16.4 2.4 0.0520019
16.4 2.8 0.050858
16.4 3.2 0.037038
16.4 3.6 0.0230687
16.4 4 0.000160464
16.4 4.4 0
16.4 4.8 0
16.4 5.2 0
16.4 5.6 0.00653812
16.4 6 -0.019491
16.4 6.4 -0.0592339
16.4 6.8 -0.0486156
16.4 7.2 -0.00533105
16.4 7.6 0.0464168
16.4 8 0.0830967
16.4 8.4 0.0918532
16.4 8.8 0.0745556
16.4 9.2 0.043748
16.4 9.6 0.014077
16.4 10 -0.00520543
16.4 10.4 -0.0124212
16.4 10.8 -0.00996763
16.4 11.2 0.0026485
16.4 11.6 0.0383316
16.4 12 0.00736587
16.4 12.4 0
16.4 12.8 0
16.4 13.2 0
16.4 13.6 0.00173323
16.4 14 -0.0498539
16.4 14.4 -0.0723632
16.4 14.8 -0.106571
16.4 15.2 -0.140831
16.4 15.6 -0.163175
16.4 16 -0.16875
16.4 16.4 -0.160265
16.4 16.8 -0.142882
16.4 17.2 -0.118278
16.4 17.6 -0.0832019
16.4 18 -0.0338995
16.4 18.4 0.0267026
16.4 18.8 0.0850604
16.4 19.2 0.119857
16.4 19.6 0.109124
16.4 20 0.0019595
16.4 20.4 0
16.4 20.8 0
16.4 21.2 0
16.4 21.6 -0.00836511
16.4 22 -0.0759862
16.4 22.4 -0.0520452
16.4 22.8 -0.0164701
16.4 23.2 0.0227849
16.4 23.6 0.0460885
16.4 24 0.0428334
16.4 24.4 0.019271
16.4 24.8 -0.00779789
16.4 25.2 -0.0243554
16.4 25.6 -0.0284444
16.4 26 -0.0285656
16.4 26.4 -0.00382792
16.4 26.8 0

16.8 0 0
16.8 0.4 -0.00502139
16.8 0.8 -0.038592
16.8 1.2 -0.0142446
16.8 1.6 0.0204395
16.8 2 0.0527593
16.8 2.4 0.0699598
16.8 2.8 0.0644765
16.8 3.2 0.0381345
16.8 3.6 0.00186102
16.8 4 -0.0327443
16.8 4.4 -0.00717279
16.8 4.8 -0.00328622
16.8 5.2 0.00922605
16.8 5.6 0.0939898
16.8 6 0.0393917
16.8 6.4 -0.00412048
16.8 6.8 -0.0199896
16.8 7.2 -0.00960585
16.8 7.6 0.0133829
16.8 8 0.0323888
16.8 8.4 0.037556
16.8 8.8 0.0299491
16.8 9.2 0.0182665
16.8 9.6 0.0114892
16.8 10 0.0129234
16.8 10.4 0.019589
16.8 10.8 0.0265464
16.8 11.2 0.0322814
16.8 11.6 0.0393426
16.8 12 0.0407143
16.8 12.4 0.00199018
16.8 12.8 -0.00201851
16.8 13.2 0.00385178
16.8 13.6 0.0310597
16.8 14 -0.0243607
16.8 14.4 -0.0683097
16.8 14.8 -0.110917
16.8 15.2 -0.146017
16.8 15.6 -0.164856
16.8 16 -0.164136
16.8 16.4 -0.147348
16.8 16.8 -0.121017
16.8 17.2 -0.0898697
16.8 17.6 -0.0552285
16.8 18 -0.017571
16.8 18.4 0.0190919
16.8 18.8 0.0452808
16.8 19.2 0.048412
16.8 19.6 0.0172743
16.8 20 -0.0572188
16.8 20.4 -0.00601504
16.8 20.8 0.0050198
16.8 21.2 0.00300953
16.8 21.6 -0.0277457
16.8 22 -0.0570586
16.8 22.4 -0.0618541
16.8 22.8 -0.0430527
16.8 23.2 -0.0117471
16.8 23.6 0.0140714
16.8 24 0.0220633
16.8 24.4 0.0126499
16.8 24.8 -0.00410577
16.8 25.2 -0.0178504
16.8 25.6 -0.025344
16.8 26 -0.030333
16.8 26.4 -0.00423796
16.8 26.8 0

17.2 0 0
17.2 0.4 -0.00528569
17.2 0.8 -0.0414487
17.2 1.2 -0.0168753
17.2 1.6 0.0188483
17.2 2 0.0526973
17.2 2.4 0.070947
17.2 2.8 0.0644832
17.2 3.2 0.0335786
17.2 3.6 -0.0109749
17.2 4 -0.0518904
17.2 4.4 -0.0704147
17.2 4.8 -0.0368813
17.2 5.2 0.0293057
17.2 5.6 0.0825882
17.2 6 0.0733108
17.2 6.4 0.0396536
17.2 6.8 0.00789814
17.2 7.2 -0.0109859
17.2 7.6 -0.0189817
17.2 8 -0.0232617
17.2 8.4 -0.0279589
17.2 8.8 -0.0307461
17.2 9.2 -0.0258777
17.2 9.6 -0.0102621
17.2 10 0.012538
17.2 10.4 0.0336861
17.2 10.8 0.0445894
17.2 11.2 0.0421659
17.2 11.6 0.0290725
17.2 12 0.00759043
17.2 12.4 -0.0234205
17.2 12.8 -0.0245757
17.2 13.2 -0.00174568
17.2 13.6 0.0209567
17.2 14 0.00973214
17.2 14.4 -0.0123227
17.2 14.8 -0.0368146
17.2 15.2 -0.0556676
17.2 15.6 -0.0627971
17.2 16 -0.0572013
17.2 16.4 -0.0427767
17.2 16.8 -0.0253577
17.2 17.2 -0.00951026
17.2 17.6 0.00237239
17.2 18 0.00875496
17.2 18.4 0.00729431
17.2 18.8 -0.00455835
17.2 19.2 -0.026342
17.2 19.6 -0.0502362
17.2 20 -0.0565414
17.2 20.4 -0.000255542
17.2 20.8 0.0628639
17.2 21.2 0.0721038
17.2 21.6 0.0147246
17.2 22 -0.0373621
17.2 22.4 -0.0673003
17.2 22.8 -0.0695171
17.2 23.2 -0.0508005
17.2 23.6 -0.0255353
17.2 24 -0.00648544
17.2 24.4 0.00168017
17.2 24.8 0.00204975
17.2 25.2 6.69906e-05
17.2 25.6 -0.00165092
17.2 26 -0.00413282
17.2 26.4 -0.00100634
17.2 26.8 0

17.6 0 0
17.6 0.4 -0.00450508
17.6 0.8 -0.0361292
17.6 1.2 -0.0177418
17.6 1.6 0.0103787
17.6 2 0.0391797
17.6 2.4 0.057364
17.6 2.8 0.0553845
17.6 3.2 0.0306207
17.6 3.6 -0.00955343
17.6 4 -0.049093
17.6 4.4 -0.066377
17.6 4.8 -0.034596
17.6 5.2 0.0290726
17.6 5.6 0.0814041
17.6 6 0.0877843
17.6 6.4 0.0615606
17.6 6.8 0.0244062
17.6 7.2 -0.00971792
17.6 7.6 -0.036918
17.6 8 -0.0580387
17.6 8.4 -0.0723324
17.6 8.8 -0.0753969
17.6 9.2 -0.0626301
17.6 9.6 -0.0346115
17.6 10 0.000413634
17.6 10.4 0.0295798
17.6 10.8 0.0420383
17.6 11.2 0.034595
17.6 11.6 0.0124435
17.6 12 -0.0146211
17.6 12.4 -0.0348868
17.6 12.8 -0.0307326
17.6 13.2 -0.00429683
17.6 13.6 0.0262405
17.6 14 0.0446676
17.6 14.4 0.053568
17.6 14.8 0.0588379
17.6 15.2 0.0648265
17.6 15.6 0.0724804
17.6 16 0.0796421
17.6 16.4 0.0830665
17.6 16.8 0.080496
17.6 17.2 0.0713231
17.6 17.6 0.0554475
17.6 18 0.0319657
17.6 18.4 -0.000434831
17.6 18.8 -0.0403717
17.6 19.2 -0.0795956
17.6 19.6 -0.100821
17.6 20 -0.0815532
17.6 20.4 -0.0107011
17.6 20.8 0.058603
17.6 21.2 0.0734844
17.6 21.6 0.0273635
17.6 22 -0.0281939
17.6 22.4 -0.0688798
17.6 22.8 -0.0847368
17.6 23.2 -0.0767759
17.6 23.6 -0.0540159
17.6 24 -0.0276546
17.6 24.4 -0.00551194
17.6 24.8 0.00991665
17.6 25.2 0.0196503
17.6 25.6 0.0252537
17.6 26 0.0274163
17.6 26.4 0.00303081
17.6 26.8 0

18 0 0
18 0.4 -0.002715
18 0.8 -0.0225025
18 1.2 -0.0153031
18 1.6 -0.00161519
18 2 0.0170438
18 2.4 0.034662
18 2.8 0.0422484
18 3.2 0.0331086
18 3.6 0.00772731
18 4 -0.0268164
18 4.4 -0.0604528
18 4.8 -0.0376338
18 5.2 0.0217845
18 5.6 0.0723919
18 6 0.0772321
18 6.4 0.0547788
18 6.8 0.0235874
18 7.2 -0.00613712
18 7.6 -0.0323288
18 8 -0.0555361
18 8.4 -0.0734605
18 8.8 -0.0801072
18 9.2 -0.0701229
18 9.6 -0.0443273
18 10 -0.0116587
18 10.4 0.0146095
18 10.8 0.0238956
18 11.2 0.0138124
18 11.6 -0.00933407
18 12 -0.0342242
18 12.4 -0.0491249
18 12.8 -0.0433194
18 13.2 -0.0162951
18 13.6 0.0155386
18 14 0.0479091
18 14.4 0.0765697
18 14.8 0.104994
18 15.2 0.1315
18 15.6 0.150051
18 16 0.154832
18 16.4 0.144381
18 16.8 0.122446
18 17.2 0.0951478
18 17.6 0.0664412
18 18 0.0355169
18 18.4 -0.00154793
18 18.8 -0.0461833
18 19.2 -0.0912719
18 19.6 -0.118456
18 20 -0.100963
18 20.4 -0.0161922
18 20.8 0.058673
18 21.2 0.0713373
18 21.6 0.0153553
18 22 -0.0293494
18 22.4 -0.0619703
18 22.8 -0.0785668
18 23.2 -0.0761579
18 23.6 -0.0576737
18 24 -0.0309291
18 24.4 -0.00444766
18 24.8 0.0161642
18 25.2 0.0293498
18 25.6 0.0365043
18 26 0.0400838
18 26.4 0.00479994
18 26.8 0

18.4 0 0
18.4 0.4 -0.000322467
18.4 0.8 -0.0035745
18.4 1.2 -0.00993489
18.4 1.6 -0.014103
18.4 2 -0.00826993
18.4 2.4 0.00824191
18.4 2.8 0.0275758
18.4 3.2 0.0391753
18.4 3.6 0.0377034
18.4 4 0.0205906
18.4 4.4 -0.00232224
18.4 4.8 -0.00356337
18.4 5.2 0.00440111
18.4 5.6 0.0623138
18.4 6 0.0433845
18.4 6.4 0.0202807
18.4 6.8 0.00501496
18.4 7.2 -0.0023121
18.4 7.6 -0.00801349
18.4 8 -0.0179004
18.4 8.4 -0.0316611
18.4 8.8 -0.0427322
18.4 9.2 -0.0436679
18.4 9.6 -0.0325145
18.4 10 -0.0151607
18.4 10.4 -0.00179925
18.4 10.8 -0.00033629
18.4 11.2 -0.0117586
18.4 11.6 -0.0306576
18.4 12 -0.0484011
18.4 12.4 -0.00848257
18.4 12.8 -0.00432341
18.4 13.2 -0.00650817
18.4 13.6 -0.0203467
18.4 14 0.00777121
18.4 14.4 0.0332005
18.4 14.8 0.0670618
18.4 15.2 0.101671
18.4 15.6 0.123379
18.4 16 0.122789
18.4 16.4 0.100968
18.4 16.8 0.0687641
18.4 17.2 0.0399396
18.4 17.6 0.0225169
18.4 18 0.0140925
18.4 18.4 0.0041894
18.4 18.8 -0.0177797
18.4 19.2 -0.0543432
18.4 19.6 -0.0962191
18.4 20 -0.118056
18.4 20.4 -0.00782265
18.4 20.8 0.00507936
18.4 21.2 0.000904589
18.4 21.6 -0.0361645
18.4 22 -0.0377943
18.4 22.4 -0.0410811
18.4 22.8 -0.0473172
18.4 23.2 -0.0466892
18.4 23.6 -0.0350145
18.4 24 -0.0156341
18.4 24.4 0.00416173
18.4 24.8 0.018067
18.4 25.2 0.0240471
18.4 25.6 0.0245714
18.4 26 0.0242662
18.4 26.4 0.00304318
18.4 26.8 0

18.8 0 0
18.8 0.4 0.00200712
18.8 0.8 0.0152494
18.8 1.2 -0.00391235
18.8 1.6 -0.0251789
18.8 2 -0.0319175
18.8 2.4 -0.0174
18.8 2.8 0.0110299
18.8 3.2 0.0393905
18.8 3.6 0.0642951
18.8 4 0.0076587
18.8 4.4 0
18.8 4.8 0
18.8 5.2 0
18.8 5.6 0.00218543
18.8 6 -0.0109814
18.8 6.4 -0.03347
18.8 6.8 -0.0255008
18.8 7.2 -0.0011112
18.8 7.6 0.0233119
18.8 8 0.0347852
18.8 8.4 0.0300479
18.8 8.8 0.0155809
18.8 9.2 0.00135615
18.8 9.6 -0.00662338
18.8 10 -0.00952369
18.8 10.4 -0.012814
18.8 10.8 -0.0204211
18.8 11.2 -0.0313027
18.8 11.6 -0.0428829
18.8 12 -0.00740563
18.8 12.4 0
18.8 12.8 0
18.8 13.2 0
18.8 13.6 -0.00830191
18.8 14 -0.0470041
18.8 14.4 -0.0521404
18.8 14.8 -0.0284043
18.8 15.2 0.00363415
18.8 15.6 0.0224268
18.8 16 0.0156479
18.8 16.4 -0.012947
18.8 16.8 -0.0459288
18.8 17.2 -0.062813
18.8 17.6 -0.0525272
18.8 18 -0.0201051
18.8 18.4 0.0162677
18.8 18.8 0.0355298
18.8 19.2 0.023348
18.8 19.6 -0.0303
18.8 20 -0.00874971
18.8 20.4 0
18.8 20.8 0
18.8 21.2 0
18.8 21.6 -0.00779622
18.8 22 -0.0340686
18.8 22.4 0.000304829
18.8 22.8 0.00261314
18.8 23.2 -0.000436005
18.8 23.6 0.00155711
18.8 24 0.00870314
18.8 24.4 0.0153566
18.8 24.8 0.0158038
18.8 25.2 0.00875415
18.8 25.6 -0.00170527
18.8 26 -0.00886828
18.8 26.4 -0.000896141
18.8 26.8 0

19.2 0 0
19.2 0.4 0.00359858
19.2 0.8 0.0282314
19.2 1.2 -6.24571e-05
19.2 1.6 -0.0335297
19.2 2 -0.0492292
19.2 2.4 -0.0367783
19.2 2.8 -0.00542464
19.2 3.2 0.0215221
19.2 3.6 0.00661284
19.2 4 0
19.2 4.4 0
19.2 4.8 0
19.2 5.2 0
19.2 5.6 0
19.2 6 -0.00898365
19.2 6.4 -0.0896689
19.2 6.8 -0.0547291
19.2 7.2 -0.00306185
19.2 7.6 0.045978
19.2 8 0.0749852
19.2 8.4 0.0781585
19.2 8.8 0.0619949
19.2 9.2 0.0384674
19.2 9.6 0.016671
19.2 10 -0.00101595
19.2 10.4 -0.0164017
19.2 10.8 -0.0297222
19.2 11.2 -0.0356541
19.2 11.6 -0.00505752
19.2 12 0
19.2 12.4 0
19.2 12.8 0
19.2 13.2 0
19.2 13.6 0
19.2 14 -0.0135733
19.2 14.4 -0.132524
19.2 14.8 -0.113932
19.2 15.2 -0.0851707
19.2 15.6 -0.069931
19.2 16 -0.0813606
19.2 16.4 -0.11334
19.2 16.8 -0.14381
19.2 17.2 -0.147878
19.2 17.6 -0.112761
19.2 18 -0.0456409
19.2 18.4 0.030165
19.2 18.8 0.0885614
19.2 19.2 0.116565
19.2 19.6 0.00808081
19.2 20 0
19.2 20.4 0
19.2 20.8 0
19.2 21.2 0
19.2 21.6 0
19.2 22 0.00271402
19.2 22.4 0.0647964
19.2 22.8 0.0512824
19.2 23.2 0.038765
19.2 23.6 0.0308925
19.2 24 0.0271864
19.2 24.4 0.0226357
19.2 24.8 0.0121444
19.2 25.2 -0.00487861
19.2 25.6 -0.0233441
19.2 26 -0.0354597
19.2 26.4 -0.00407739
19.2 26.8 0

19.6 0 0
19.6 0.4 0
19.6 0.8 0.00359858
19.6 1.2 -2.31422e-05
19.6 1.6 -0.00432222
19.6 2 -0.00636178
19.6 2.4 -0.00480394
19.6 2.8 -0.000821631
19.6 3.2 0.0026039
19.6 3.6 0
19.6 4 0
19.6 4.4 0
19.6 4.8 0
19.6 5.2 0
19.6 5.6 0
19.6 6 0
19.6 6.4 -0.0114782
19.6 6.8 -0.00706817
19.6 7.2 -0.00053294
19.6 7.6 0.0056747
19.6 8 0.00938972
19.6 8.4 0.00990685
19.6 8.8 0.00803002
19.6 9.2 0.00521519
19.6 9.6 0.00255326
19.6 10 0.000327603
19.6 10.4 -0.00165829
19.6 10.8 -0.00338095
19.6 11.2 -0.00412901
19.6 11.6 0
19.6 12 0
19.6 12.4 0
19.6 12.8 0
19.6 13.2 0
19.6 13.6 0
19.6 14 0
19.6 14.4 -0.0162807
19.6 14.8 -0.01414
19.6 15.2 -0.0107879
19.6 15.6 -0.00910588
19.6 16 -0.0106168
19.6 16.4 -0.0145029
19.6 16.8 -0.0180675
19.6 17.2 -0.0183322
19.6 17.6 -0.0138079
19.6 18 -0.00540827
19.6 18.4 0.0040232
19.6 18.8 0.0113016
19.6 19.2 0.0147989
19.6 19.6 0
19.6 20 0
19.6 20.4 0
19.6 20.8 0
19.6 21.2 0
19.6 21.6 0
19.6 22 0
19.6 22.4 0.00849898
19.6 22.8 0.00682301
19.6 23.2 0.00514155
19.6 23.6 0.0039153
19.6 24 0.00318178
19.6 24.4 0.00244428
19.6 24.8 0.00115356
19.6 25.2 -0.000769914
19.6 25.6 -0.0027901
19.6 26 -0.00407739
19.6 26.4 0
19.6 26.8 0

20 0 0
20 0.4 0
20 0.8 0
20 1.2 0
20 1.6 0
20 2 0
20 2.4 0
20 2.8 0
20 3.2 0
20 3.6 0
20 4 0
20 4.4 0
20 4.8 0
20 5.2 0
20 5.6 0
20 6 0
20 6.4 0
20 6.8 0
20 7.2 0
20 7.6 0
20 8 0
20 8.4 0
20 8.8 0
20 9.2 0
20 9.6 0
20 10 0
20 10.4 0
20 10.8 0
20 11.2 0
20 11.6 0
20 12 0
20 12.4 0
20 12.8 0
20 13.2 0
20 13.6 0
20 14 0
20 14.4 0
20 14.8 0
20 15.2 0
20 15.6 0
20 16 0
20 16.4 0
20 16.8 0
20 17.2 0
20 17.6 0
20 18 0
20 18.4 0
20 18.8 0
20 19.2 0
20 19.6 0
20 20 0
20 20.4 0
20 20.8 0
20 21.2 0
20 21.6 0
20 22 0
20 22.4 0
20 22.8 0
20 23.2 0
20 23.6 0
20 24 0
20 24.4 0
20 24.8 0
20 25.2 0
20 25.6 0
20 26 0
20 26.4 0
20 26.8 0

