0 0 0
0 0.4 0
0 0.8 0
0 1.2 0
0 1.6 0
0 2 0
0 2.4 0
0 2.8 0
0 3.2 0
0 3.6 0
0 4 0
0 4.4 0
0 4.8 0
0 5.2 0
0 5.6 0
0 6 0
0 6.4 0
0 6.8 0
0 7.2 0
0 7.6 0
0 8 0
0 8.4 0
0 8.8 0
0 9.2 0
0 9.6 0
0 10 0
0 10.4 0
0 10.8 0
0 11.2 0
0 11.6 0
0 12 0
0 12.4 0
0 12.8 0
0 13.2 0
0 13.6 0
0 14 0
0 14.4 0
0 14.8 0
0 15.2 0
0 15.6 0
0 16 0
0 16.4 0
0 16.8 0
0 17.2 0
0 17.6 0
0 18 0
0 18.4 0
0 18.8 0
0 19.2 0
0 19.6 0
0 20 0
0 20.4 0
0 20.8 0
0 21.2 0
0 21.6 0
0 22 0
0 22.4 0
0 22.8 0
0 23.2 0
0 23.6 0
0 24 0
0 24.4 0
0 24.8 0
0 25.2 0
0 25.6 0
0 26 0
0 26.4 0
0 26.8 0

0.4 0 0
0.4 0.4 0
0.4 0.8 0.00525273
0.4 1.2 0.00190484
0.4 1.6 -0.00323829
0.4 2 -0.00808586
0.4 2.4 -0.0103424
0.4 2.8 -0.00856668
0.4 3.2 -0.00315545
0.4 3.6 0.00350665
0.4 4 0.00814205
0.4 4.4 0.00845471
0.4 4.8 0.00455798
0.4 5.2 -0.00115812
0.4 5.6 -0.0056421
0.4 6 -0.00704497
0.4 6.4 -0.00538656
0.4 6.8 -0.00189167
0.4 7.2 0.00210945
0.4 7.6 0.0059207
0.4 8 0.00944944
0.4 8.4 0.0126241
0.4 8.8 0.014911
0.4 9.2 0.0154576
0.4 9.6 0.0138036
0.4 10 0.0105464
0.4 10.4 0.00730364
0.4 10.8 0.00584982
0.4 11.2 0.00699454
0.4 11.6 0.01004
0.4 12 0.0132569
0.4 12.4 0.0150421
0.4 12.8 0.0148663
0.4 13.2 0.0131643
0.4 13.6 0.0105315
0.4 14 0.00700545
0.4 14.4 0.00211294
0.4 14.8 -0.00396037
0.4 15.2 -0.00968378
0.4 15.6 -0.0128238
0.4 16 -0.0119794
0.4 16.4 -0.00773772
0.4 16.8 -0.00240428
0.4 17.2 0.00159222
0.4 17.6 0.00338134
0.4 18 0.00401368
0.4 18.4 0.00513383
0.4 18.8 0.00704005
0.4 19.2 0.00786791
0.4 19.6 0.00486837
0.4 20 -0.00294671
0.4 20.4 -0.0128574
0.4 20.8 -0.0191885
0.4 21.2 -0.0172233
0.4 21.6 -0.00692012
0.4 22 0.00663006
0.4 22.4 0.0164015
0.4 22.8 0.0177224
0.4 23.2 0.0107874
0.4 23.6 2.14618e-05
0.4 24 -0.00889616
0.4 24.4 -0.0121878
0.4 24.8 -0.00943415
0.4 25.2 -0.00292822
0.4 25.6 0.00407144
0.4 26 0.00884262
0.4 26.4 0
0.4 26.8 0

0.8 0 0
0.8 0.4 0.00525273
0.8 0.8 0.0432991
0.8 1.2 0.0154922
0.8 1.6 -0.0266613
0.8 2 -0.0655943
0.8 2.4 -0.0827054
0.8 2.8 -0.0670358
0.8 3.2 -0.0227509
0.8 3.6 0.0303529
0.8 4 0.0660786
0.8 4.4 0.0667498
0.8 4.8 0.034135
0.8 5.2 -0.0120808
0.8 5.6 -0.0474531
0.8 6 -0.057524
0.8 6.4 -0.0427592
0.8 6.8 -0.0132365
0.8 7.2 0.0199892
0.8 7.6 0.0508168
0.8 8 0.0781419
0.8 8.4 0.101546
0.8 8.8 0.117508
0.8 9.2 0.120197
0.8 9.6 0.106579
0.8 10 0.0813217
0.8 10.4 0.0565821
0.8 10.8 0.0456508
0.8 11.2 0.0545974
0.8 11.6 0.0781593
0.8 12 0.103208
0.8 12.4 0.117361
0.8 12.8 0.116146
0.8 13.2 0.102414
0.8 13.6 0.0805618
0.8 14 0.0512467
0.8 14.4 0.0116289
0.8 14.8 -0.036096
0.8 15.2 -0.079931
0.8 15.6 -0.10318
0.8 16 -0.0959214
0.8 16.4 -0.063269
0.8 16.8 -0.0228386
0.8 17.2 0.00749213
0.8 17.6 0.0219729
0.8 18 0.0290686
0.8 18.4 0.0408665
0.8 18.8 0.0583649
0.8 19.2 0.0658903
0.8 19.6 0.0416775
0.8 20 -0.0214339
0.8 20.4 -0.101232
0.8 20.8 -0.152471
0.8 21.2 -0.137663
0.8 21.6 -0.0562831
0.8 22 0.0516046
0.8 22.4 0.130393
0.8 22.8 0.142623
0.8 23.2 0.0890003
0.8 23.6 0.00385943
0.8 24 -0.0679102
0.8 24.4 -0.0957575
0.8 24.8 -0.0754198
0.8 25.2 -0.0244388
0.8 25.6 0.0312946
0.8 26 0.0695875
0.8 26.4 0.00884262
0.8 26.8 0

1.2 0 0
1.2 0.4 0.00355751
1.2 0.8 0.0292883
1.2 1.2 0.012018
1.2 1.6 -0.0149071
1.2 2 -0.0410206
1.2 2.4 -0.0538663
1.2 2.8 -0.0449259
1.2 3.2 -0.0159652
1.2 3.6 0.0193307
1.2 4 0.0417601
1.2 4.4 0.0386637
1.2 4.8 0.0133537
1.2 5.2 -0.0169128
1.2 5.6 -0.033501
1.2 6 -0.0298331
1.2 6.4 -0.0119274
1.2 6.8 0.00937415
1.2 7.2 0.0253977
1.2 7.6 0.033719
1.2 8 0.0372713
1.2 8.4 0.039719
1.2 8.8 0.0412556
1.2 9.2 0.0384935
1.2 9.6 0.0284847
1.2 10 0.0131858
1.2 10.4 5.6799e-05
1.2 10.8 -0.00238583
1.2 11.2 0.00910977
1.2 11.6 0.0294215
1.2 12 0.0479576
1.2 12.4 0.055781
1.2 12.8 0.0523918
1.2 13.2 0.0435036
1.2 13.6 0.0352147
1.2 14 0.0285222
1.2 14.4 0.0159548
1.2 14.8 -0.00600537
1.2 15.2 -0.030826
1.2 15.6 -0.046003
1.2 16 -0.0432511
1.2 16.4 -0.0261252
1.2 16.8 -0.00819654
1.2 17.2 -0.00251282
1.2 17.6 -0.0106753
1.2 18 -0.0209907
1.2 18.4 -0.0182578
1.2 18.8 0.00201857
1.2 19.2 0.0268214
1.2 19.6 0.0332146
1.2 20 0.00636533
1.2 20.4 -0.0442539
1.2 20.8 -0.0825761
1.2 21.2 -0.0755249
1.2 21.6 -0.0202759
1.2 22 0.0523837
1.2 22.4 0.101111
1.2 22.8 0.100443
1.2 23.2 0.05462
1.2 23.6 -0.00823162
1.2 24 -0.0553713
1.2 24.4 -0.0679964
1.2 24.8 -0.0477904
1.2 25.2 -0.0104109
1.2 25.6 0.0262176
1.2 26 0.0497651
1.2 26.4 0.00621587
1.2 26.8 0

1.6 0 0
1.6 0.4 0.000802165
1.6 0.8 0.00687095
1.6 1.2 0.0060494
1.6 1.6 0.00220704
1.6 2 -0.00524897
1.6 2.4 -0.0126969
1.6 2.8 -0.0141497
1.6 3.2 -0.00670756
1.6 3.6 0.00504577
1.6 4 0.0107017
1.6 4.4 0.00277785
1.6 4.8 -0.0135656
1.6 5.2 -0.0232072
1.6 5.6 -0.0135808
1.6 6 0.0095017
1.6 6.4 0.0309629
1.6 6.8 0.0400593
1.6 7.2 0.0323981
1.6 7.6 0.0111241
1.6 8 -0.0151668
1.6 8.4 -0.0375594
1.6 8.8 -0.0516212
1.6 9.2 -0.0584933
1.6 9.6 -0.061833
1.6 10 -0.0635171
1.6 10.4 -0.0619058
1.6 10.8 -0.0541271
1.6 11.2 -0.0402069
1.6 11.6 -0.0250828
1.6 12 -0.0163974
1.6 12.4 -0.019882
1.6 12.8 -0.0297466
1.6 13.2 -0.0357348
1.6 13.6 -0.0285421
1.6 14 -0.00320627
1.6 14.4 0.0216749
1.6 14.8 0.0333656
1.6 15.2 0.0318262
1.6 15.6 0.0257739
1.6 16 0.0229968
1.6 16.4 0.0224417
1.6 16.8 0.0146644
1.6 17.2 -0.00919394
1.6 17.6 -0.0470219
1.6 18 -0.0830384
1.6 18.4 -0.0963833
1.6 18.8 -0.0756196
1.6 19.2 -0.0284907
1.6 19.6 0.0206934
1.6 20 0.0446092
1.6 20.4 0.0301987
1.6 20.8 0.00605909
1.6 21.2 0.00225434
1.6 21.6 0.0243444
1.6 22 0.0505721
1.6 22.4 0.0583695
1.6 22.8 0.0393949
1.6 23.2 0.0040096
1.6 23.6 -0.0271558
1.6 24 -0.0381152
1.6 24.4 -0.027491
1.6 24.8 -0.00677085
1.6 25.2 0.0102496
1.6 25.6 0.0174453
1.6 26 0.0180021
1.6 26.4 0.00202979
1.6 26.8 0

2 0 0
2 0.4 -0.00245405
2 0.8 -0.019217
2 1.2 -0.00226997
2 1.6 0.0182792
2 2 0.0301636
2 2.4 0.0281907
2 2.8 0.0166926
2 3.2 0.00449006
2 3.6 -0.00344501
2 4 -0.0107241
2 4.4 -0.0239603
2 4.8 -0.0358366
2 5.2 -0.0312148
2 5.6 0.00331552
2 6 0.0447951
2 6.4 0.0664739
2 6.8 0.0635429
2 7.2 0.0375551
2 7.6 -0.00383066
2 8 -0.0484758
2 8.4 -0.0844474
2 8.8 -0.10491
2 9.2 -0.10993
2 9.6 -0.104268
2 10 -0.0932589
2 10.4 -0.080118
2 10.8 -0.0663987
2 11.2 -0.054292
2 11.6 -0.0475616
2 12 -0.0496283
2 12.4 -0.0681071
2 12.8 -0.0892121
2 13.2 -0.100371
2 13.6 -0.0919875
2 14 -0.0373859
2 14.4 0.0180315
2 14.8 0.0546047
2 15.2 0.0691987
2 15.6 0.0692494
2 16 0.063559
2 16.4 0.0537818
2 16.8 0.0331118
2 17.2 -0.00617184
2 17.6 -0.0619897
2 18 -0.117631
2 18.4 -0.148027
2 18.8 -0.13398
2 19.2 -0.074851
2 19.6 0.00858233
2 20 0.0799535
2 20.4 0.0861356
2 20.8 0.0672622
2 21.2 0.0533738
2 21.6 0.0508133
2 22 0.036531
2 22.4 0.0083528
2 22.8 -0.0240633
2 23.2 -0.0444862
2 23.6 -0.0403834
2 24 -0.0133118
2 24.4 0.0199753
2 24.8 0.038026
2 25.2 0.0296462
2 25.6 0.0020962
2 26 -0.0240281
2 26.4 -0.0034024
2 26.8 0

2.4 0 0
2.4 0.4 -0.005472
2.4 0.8 -0.0430624
2.4 1.2 -0.011893
2.4 1.6 0.0275604
2.4 2 0.0539008
2.4 2.4 0.0555992
2.4 2.8 0.0369895
2.4 3.2 0.0133091
2.4 3.6 -0.00165912
2.4 4 -0.00928846
2.4 4.4 -0.00231935
2.4 4.8 -0.0033781
2.4 5.2 -0.00485553
2.4 5.6 0.0100172
2.4 6 0.0661265
2.4 6.4 0.0779009
2.4 6.8 0.0655487
2.4 7.2 0.0353738
2.4 7.6 -0.00525783
2.4 8 -0.0458232
2.4 8.4 -0.0757629
2.4 8.8 -0.0888499
2.4 9.2 -0.0854228
2.4 9.6 -0.071018
2.4 10 -0.0526949
2.4 10.4 -0.0359173
2.4 10.8 -0.0239982
2.4 11.2 -0.0195355
2.4 11.6 -0.0243625
2.4 12 -0.0294561
2.4 12.4 -0.00557753
2.4 12.8 -0.0070297
2.4 13.2 -0.0214626
2.4 13.6 -0.14592
2.4 14 -0.0590668
2.4 14.4 0.00580814
2.4 14.8 0.0450135
2.4 15.2 0.060001
2.4 15.6 0.0596642
2.4 16 0.0547967
2.4 16.4 0.0493974
2.4 16.8 0.0372424
2.4 17.2 0.00784101
2.4 17.6 -0.0420821
2.4 18 -0.100611
2.4 18.4 -0.143271
2.4 18.8 -0.145545
2.4 19.2 -0.0967353
2.4 19.6 -0.00459655
2.4 20 0.113922
2.4 20.4 0.0179542
2.4 20.8 0.0050567
2.4 21.2 0.00760504
2.4 21.6 0.0505501
2.4 22 0.0115223
2.4 22.4 -0.0373793
2.4 22.8 -0.0719515
2.4 23.2 -0.0738629
2.4 23.6 -0.0384362
2.4 24 0.0184762
2.4 24.4 0.0662429
2.4 24.8 0.0766863
2.4 25.2 0.042171
2.4 25.6 -0.018009
2.4 26 -0.0683721
2.4 26.4 -0.00901719
2.4 26.8 0

2.8 0 0
2.8 0.4 -0.00749313
2.8 0.8 -0.058884
2.8 1.2 -0.0206651
2.8 1.6 0.0273535
2.8 2 0.0591375
2.8 2.4 0.0605408
2.8 2.8 0.037425
2.8 3.2 0.0110532
2.8 3.6 0.0055961
2.8 4 0.000579465
2.8 4.4 0
2.8 4.8 0
2.8 5.2 0
2.8 5.6 0.00386466
2.8 6 0.0813692
2.8 6.4 0.055521
2.8 6.8 0.0382661
2.8 7.2 0.0210016
2.8 7.6 0.00265744
2.8 8 -0.0132067
2.8 8.4 -0.0211574
2.8 8.8 -0.0176873
2.8 9.2 -0.00384446
2.8 9.6 0.0151604
2.8 10 0.0328876
2.8 10.4 0.0447148
2.8 10.8 0.048586
2.8 11.2 0.0424787
2.8 11.6 0.0175677
2.8 12 0.000708957
2.8 12.4 0
2.8 12.8 0
2.8 13.2 0
2.8 13.6 -0.0151138
2.8 14 -0.0328406
2.8 14.4 -0.000720769
2.8 14.8 0.0138459
2.8 15.2 0.0132777
2.8 15.6 0.00574885
2.8 16 0.00326744
2.8 16.4 0.011806
2.8 16.8 0.0248011
2.8 17.2 0.0268093
2.8 17.6 0.00544826
2.8 18 -0.0372878
2.8 18.4 -0.0833249
2.8 18.8 -0.108384
2.8 19.2 -0.0964222
2.8 19.6 -0.0462933
2.8 20 0.00868424
2.8 20.4 0
2.8 20.8 0
2.8 21.2 0
2.8 21.6 0.0045916
2.8 22 -0.0114818
2.8 22.4 -0.0658054
2.8 22.8 -0.0909396
2.8 23.2 -0.0753466
2.8 23.6 -0.0203596
2.8 24 0.0505936
2.8 24.4 0.100832
2.8 24.8 0.100698
2.8 25.2 0.0464115
2.8 25.6 -0.0352109
2.8 26 -0.100529
2.8 26.4 -0.0129977
2.8 26.8 0

3.2 0 0
3.2 0.4 -0.00798711
3.2 0.8 -0.0627794
3.2 1.2 -0.0257629
3.2 1.6 0.0194069
3.2 2 0.0468468
3.2 2.4 0.0431829
3.2 2.8 0.0157248
3.2 3.2 -0.0129622
3.2 3.6 -0.000739273
3.2 4 0
3.2 4.4 0
3.2 4.8 0
3.2 5.2 0
3.2 5.6 0
3.2 6 0.00504893
3.2 6.4 -0.0152601
3.2 6.8 -0.0144048
3.2 7.2 -0.00321724
3.2 7.6 0.0121174
3.2 8 0.0279018
3.2 8.4 0.0441685
3.2 8.8 0.0621166
3.2 9.2 0.0809854
3.2 9.6 0.0973071
3.2 10 0.107029
3.2 10.4 0.108545
3.2 10.8 0.104237
3.2 11.2 0.0999191
3.2 11.6 0.00942705
3.2 12 0
3.2 12.4 0
3.2 12.8 0
3.2 13.2 0
3.2 13.6 0
3.2 14 0.0004001
3.2 14.4 -0.00067749
3.2 14.8 -0.0204133
3.2 15.2 -0.0396594
3.2 15.6 -0.0564812
3.2 16 -0.0587365
3.2 16.4 -0.0377145
3.2 16.8 0.00123146
3.2 17.2 0.0391642
3.2 17.6 0.0550579
3.2 18 0.0397096
3.2 18.4 0.00151247
3.2 18.8 -0.0405101
3.2 19.2 -0.0723045
3.2 19.6 -0.00972578
3.2 20 0
3.2 20.4 0
3.2 20.8 0
3.2 21.2 0
3.2 21.6 0
3.2 22 -0.00363483
3.2 22.4 -0.0720284
3.2 22.8 -0.0772758
3.2 23.2 -0.0517789
3.2 23.6 0.00508238
3.2 24 0.0711531
3.2 24.4 0.112686
3.2 24.8 0.103923
3.2 25.2 0.0439767
3.2 25.6 -0.0398066
3.2 26 -0.105206
3.2 26.4 -0.0134826
3.2 26.8 0

3.6 0 0
3.6 0.4 -0.00689211
3.6 0.8 -0.0543339
3.6 1.2 -0.024885
3.6 1.6 0.00919794
3.6 2 0.0259468
3.6 2.4 0.0151236
3.6 2.8 -0.0151023
3.6 3.2 -0.0442416
3.6 3.6 -0.00404049
3.6 4 0
3.6 4.4 0
3.6 4.8 0
3.6 5.2 0
3.6 5.6 0
3.6 6 -0.00567934
3.6 6.4 -0.0817165
3.6 6.8 -0.0601545
3.6 7.2 -0.021232
3.6 7.6 0.021055
3.6 8 0.0569739
3.6 8.4 0.0838423
3.6 8.8 0.103258
3.6 9.2 0.116622
3.6 9.6 0.123023
3.6 10 0.120723
3.6 10.4 0.110363
3.6 10.8 0.097078
3.6 11.2 0.090259
3.6 11.6 0.00754412
3.6 12 0
3.6 12.4 0
3.6 12.8 0
3.6 13.2 0
3.6 13.6 0
3.6 14 0.000959859
3.6 14.4 -0.0222296
3.6 14.8 -0.0432025
3.6 15.2 -0.0644779
3.6 15.6 -0.085757
3.6 16 -0.0929176
3.6 16.4 -0.0721901
3.6 16.8 -0.0240981
3.6 17.2 0.0336634
3.6 17.6 0.076329
3.6 18 0.087198
3.6 18.4 0.0664417
3.6 18.8 0.0276385
3.6 19.2 -0.0140526
3.6 19.6 -0.00378919
3.6 20 0
3.6 20.4 0
3.6 20.8 0
3.6 21.2 0
3.6 21.6 0
3.6 22 -0.00171044
3.6 22.4 -0.0316761
3.6 22.8 -0.0338047
3.6 23.2 -0.0155913
3.6 23.6 0.0235625
3.6 24 0.0680305
3.6 24.4 0.0939914
3.6 24.8 0.0835464
3.6 25.2 0.0366824
3.6 25.6 -0.0264551
3.6 26 -0.0751165
3.6 26.4 -0.0096272
3.6 26.8 0

4 0 0
4 0.4 -0.0047056
4 0.8 -0.0372283
4 1.2 -0.01777
4 1.6 0.00283356
4 2 0.0085087
4 2.4 -0.00682253
4 2.8 -0.0347448
4 3.2 -0.0585609
4 3.6 -0.00781175
4 4 0
4 4.4 0
4 4.8 0
4 5.2 0
4 5.6 0
4 6 -0.013962
4 6.4 -0.105403
4 6.8 -0.0681426
4 7.2 -0.0148446
4 7.6 0.0338028
4 8 0.0661644
4 8.4 0.0817519
4 8.8 0.0862816
4 9.2 0.0848871
4 9.6 0.0787048
4 10 0.0663486
4 10.4 0.0478222
4 10.8 0.027303
4 11.2 0.013898
4 11.6 -0.00781557
4 12 0
4 12.4 0
4 12.8 0
4 13.2 0
4 13.6 0
4 14 -0.0178611
4 14.4 -0.0457465
4 14.8 -0.0370064
4 15.2 -0.0404778
4 15.6 -0.0595413
4 16 -0.0775507
4 16.4 -0.0742314
4 16.8 -0.0422162
4 17.2 0.00718426
4 17.6 0.052162
4 18 0.0751879
4 18.4 0.0726818
4 18.8 0.0529871
4 19.2 0.0261655
4 19.6 -0.00101356
4 20 0
4 20.4 0
4 20.8 0
4 21.2 0
4 21.6 0
4 22 0.0112502
4 22.4 0.0249788
4 22.8 0.0152312
4 23.2 0.0137906
4 23.6 0.0226061
4 24 0.0361343
4 24.4 0.0449964
4 24.8 0.0415351
4 25.2 0.0246861
4 25.6 0.00130839
4 26 -0.0170473
4 26.4 -0.00232132
4 26.8 0

4.4 0 0
4.4 0.4 -0.00231332
4.4 0.8 -0.0180751
4.4 1.2 -0.00694915
4.4 1.6 0.00333904
4.4 2 0.00264543
4.4 2.4 -0.0113401
4.4 2.8 -0.0305612
4.4 3.2 -0.0417632
4.4 3.6 -0.0353876
4.4 4 0.000233896
4.4 4.4 0
4.4 4.8 0
4.4 5.2 0
4.4 5.6 -0.00844367
4.4 6 -0.0905669
4.4 6.4 -0.0759227
4.4 6.8 -0.0291023
4.4 7.2 0.0217862
4.4 7.6 0.0540299
4.4 8 0.0601099
4.4 8.4 0.0469579
4.4 8.8 0.0272139
4.4 9.2 0.00977711
4.4 9.6 -0.00414777
4.4 10 -0.0184395
4.4 10.4 -0.0367488
4.4 10.8 -0.0597991
4.4 11.2 -0.0889388
4.4 11.6 -0.139888
4.4 12 -0.0204564
4.4 12.4 0
4.4 12.8 0
4.4 13.2 0
4.4 13.6 -0.0309921
4.4 14 -0.175309
4.4 14.4 -0.0678185
4.4 14.8 -0.000494222
4.4 15.2 0.0248846
4.4 15.6 0.0116061
4.4 16 -0.0201663
4.4 16.4 -0.0446635
4.4 16.8 -0.0469247
4.4 17.2 -0.0299256
4.4 17.6 -0.00786206
4.4 18 0.0073481
4.4 18.4 0.0144115
4.4 18.8 0.0192831
4.4 19.2 0.0241927
4.4 19.6 0.0196724
4.4 20 0.00129882
4.4 20.4 0
4.4 20.8 0
4.4 21.2 0
4.4 21.6 0.0097539
4.4 22 0.103819
4.4 22.4 0.0666559
4.4 22.8 0.0446677
4.4 23.2 0.0233079
4.4 23.6 0.00124397
4.4 24 -0.0164151
4.4 24.4 -0.0227688
4.4 24.8 -0.0140312
4.4 25.2 0.00712236
4.4 25.6 0.0318771
4.4 26 0.0494023
4.4 26.4 0.00598452
4.4 26.8 0

4.8 0 0
4.8 0.4 -0.000581232
4.8 0.8 -0.00354836
4.8 1.2 0.0032206
4.8 1.6 0.009017
4.8 2 0.00816185
4.8 2.4 0.000488943
4.8 2.8 -0.00758475
4.8 3.2 -0.00686513
4.8 3.6 0.00898377
4.8 4 0.0413885
4.8 4.4 0.00858584
4.8 4.8 0.0039292
4.8 5.2 -0.00161743
4.8 5.6 -0.0465397
4.8 6 -0.049616
4.8 6.4 -0.0133977
4.8 6.8 0.0384687
4.8 7.2 0.0748167
4.8 7.6 0.0768756
4.8 8 0.046714
4.8 8.4 0.00184234
4.8 8.8 -0.0380324
4.8 9.2 -0.0624226
4.8 9.6 -0.0730208
4.8 10 -0.0784112
4.8 10.4 -0.0861706
4.8 10.8 -0.0985546
4.8 11.2 -0.113861
4.8 11.6 -0.129168
4.8 12 -0.129094
4.8 12.4 -0.014792
4.8 12.8 -0.0037766
4.8 13.2 -0.0203717
4.8 13.6 -0.176834
4.8 14 -0.118356
4.8 14.4 -0.0211604
4.8 14.8 0.061044
4.8 15.2 0.0993548
4.8 15.6 0.0887842
4.8 16 0.0468551
4.8 16.4 -0.000383239
4.8 16.8 -0.0353214
4.8 17.2 -0.0559182
4.8 17.6 -0.0690096
4.8 18 -0.0776669
4.8 18.4 -0.0752363
4.8 18.8 -0.0523043
4.8 19.2 -0.0104349
4.8 19.6 0.0317516
4.8 20 0.0526017
4.8 20.4 0.0016412
4.8 20.8 -0.00671284
4.8 21.2 -0.00884616
4.8 21.6 -0.00623463
4.8 22 0.0338213
4.8 22.4 0.0457577
4.8 22.8 0.0414899
4.8 23.2 0.0163929
4.8 23.6 -0.0259148
4.8 24 -0.0684875
4.8 24.4 -0.0882596
4.8 24.8 -0.0696195
4.8 25.2 -0.0155265
4.8 25.6 0.0515547
4.8 26 0.100509
4.8 26.4 0.0123542
4.8 26.8 0

5.2 0 0
5.2 0.4 8.4264e-05
5.2 0.8 0.00286734
5.2 1.2 0.00895834
5.2 1.6 0.0150834
5.2 2 0.0180586
5.2 2.4 0.0179329
5.2 2.8 0.0182356
5.2 3.2 0.0235818
5.2 3.6 0.0359541
5.2 4 0.0512745
5.2 4.4 0.0553288
5.2 4.8 0.0302286
5.2 5.2 -0.00642568
5.2 5.6 -0.0293514
5.2 6 -0.00667238
5.2 6.4 0.0478047
5.2 6.8 0.0996087
5.2 7.2 0.116647
5.2 7.6 0.0881918
5.2 8 0.0284461
5.2 8.4 -0.0350384
5.2 8.8 -0.0786654
5.2 9.2 -0.0944411
5.2 9.6 -0.0900433
5.2 10 -0.0797437
5.2 10.4 -0.0739349
5.2 10.8 -0.074235
5.2 11.2 -0.0756383
5.2 11.6 -0.0712563
5.2 12 -0.053695
5.2 12.4 -0.0199363
5.2 12.8 -0.0157796
5.2 13.2 -0.0357095
5.2 13.6 -0.0720035
5.2 14 -0.0399867
5.2 14.4 0.0319864
5.2 14.8 0.100938
5.2 15.2 0.134724
5.2 15.6 0.124737
5.2 16 0.0846659
5.2 16.4 0.0359969
5.2 16.8 -0.00820189
5.2 17.2 -0.0483952
5.2 17.6 -0.0895329
5.2 18 -0.127339
5.2 18.4 -0.144146
5.2 18.8 -0.12083
5.2 19.2 -0.0569495
5.2 19.6 0.0183262
5.2 20 0.0574354
5.2 20.4 0.0207858
5.2 20.8 -0.0575074
5.2 21.2 -0.10698
5.2 21.6 -0.0749586
5.2 22 -0.0291854
5.2 22.4 0.012051
5.2 22.8 0.0318234
5.2 23.2 0.0154013
5.2 23.6 -0.0349896
5.2 24 -0.0950401
5.2 24.4 -0.128954
5.2 24.8 -0.110247
5.2 25.2 -0.0396617
5.2 25.6 0.0520995
5.2 26 0.119935
5.2 26.4 0.01478
5.2 26.8 0

5.6 0 0
5.6 0.4 -7.14783e-05
5.6 0.8 0.00250629
5.6 1.2 0.00926514
5.6 1.6 0.0170741
5.6 2 0.0238319
5.6 2.4 0.0286361
5.6 2.8 0.0319145
5.6 3.2 0.0349631
5.6 3.6 0.0388323
5.6 4 0.042111
5.6 4.4 0.0369811
5.6 4.8 0.0097983
5.6 5.2 -0.022899
5.6 5.6 -0.0318884
5.6 6 0.00967045
5.6 6.4 0.0755499
5.6 6.8 0.122778
5.6 7.2 0.121996
5.6 7.6 0.0731544
5.6 8 0.00191369
5.6 8.4 -0.0581943
5.6 8.8 -0.0852729
5.6 9.2 -0.0784317
5.6 9.6 -0.0532354
5.6 10 -0.0286538
5.6 10.4 -0.0152428
5.6 10.8 -0.0116343
5.6 11.2 -0.00965348
5.6 11.6 -0.00258213
5.6 12 0.0099963
5.6 12.4 0.0226999
5.6 12.8 0.0221894
5.6 13.2 0.00931978
5.6 13.6 -0.00331408
5.6 14 0.00899082
5.6 14.4 0.046378
5.6 14.8 0.0851698
5.6 15.2 0.102606
5.6 15.6 0.0937007
5.6 16 0.0705995
5.6 16.4 0.0480639
5.6 16.8 0.0286771
5.6 17.2 0.00116649
5.6 17.6 -0.0458914
5.6 18 -0.106501
5.6 18.4 -0.152512
5.6 18.8 -0.149756
5.6 19.2 -0.0863232
5.6 19.6 0.0079281
5.6 20 0.0692399
5.6 20.4 0.0415056
5.6 20.8 -0.0399416
5.6 21.2 -0.105296
5.6 21.6 -0.105386
5.6 22 -0.0607066
5.6 22.4 -0.000681952
5.6 22.8 0.041526
5.6 23.2 0.0394337
5.6 23.6 -0.0103921
5.6 24 -0.0819752
5.6 24.4 -0.132112
5.6 24.8 -0.125799
5.6 25.2 -0.0592271
5.6 25.6 0.0352288
5.6 26 0.106575
5.6 26.4 0.0131436
5.6 26.8 0

6 0 0
6 0.4 -0.000353545
6 0.8 0.000322154
6 1.2 0.00628556
6 1.6 0.013434
6 2 0.0204817
6 2.4 0.025559
6 2.8 0.0265499
6 3.2 0.0228121
6 3.6 0.0172734
6 4 0.016764
6 4.4 0.0239044
6 4.8 -0.000833913
6 5.2 -0.0380066
6 5.6 -0.0595138
6 6 -0.00829074
6 6.4 0.0616128
6 6.8 0.10003
6 7.2 0.0850253
6 7.6 0.028796
6 8 -0.0345871
6 8.4 -0.0716818
6 8.8 -0.0683291
6 9.2 -0.0340404
6 9.6 0.00818194
6 10 0.0378962
6 10.4 0.0482837
6 10.8 0.0463362
6 11.2 0.0439079
6 11.6 0.0463816
6 12 0.0468991
6 12.4 0.0407833
6 12.8 0.0384723
6 13.2 0.0357422
6 13.6 0.0368376
6 14 0.020789
6 14.4 0.0181586
6 14.8 0.0206423
6 15.2 0.0165651
6 15.6 0.00848011
6 16 0.0104426
6 16.4 0.0319336
6 16.8 0.063486
6 17.2 0.0780784
6 17.6 0.0503307
6 18 -0.0196841
6 18.4 -0.097682
6 18.8 -0.132422
6 19.2 -0.0911529
6 19.6 0.00926024
6 20 0.095407
6 20.4 0.055308
6 20.8 -0.0370975
6 21.2 -0.108425
6 21.6 -0.10455
6 22 -0.0533397
6 22.4 0.0184255
6 22.8 0.0758929
6 23.2 0.0867511
6 23.6 0.0415685
6 24 -0.0364257
6 24.4 -0.10228
6 24.8 -0.116055
6 25.2 -0.068542
6 25.6 0.0114921
6 26 0.0743586
6 26.4 0.00918761
6 26.8 0

6.4 0 0
6.4 0.4 -9.38095e-05
6.4 0.8 0.00152428
6.4 1.2 0.0035616
6.4 1.6 0.00577456
6.4 2 0.00855145
6.4 2.4 0.00999876
6.4 2.8 0.00612907
6.4 3.2 -0.00582271
6.4 3.6 -0.022232
6.4 4 -0.0243876
6.4 4.4 -9.84824e-05
6.4 4.8 0.00111
6.4 5.2 -0.0125892
6.4 5.6 -0.11509
6.4 6 -0.0428705
6.4 6.4 0.0282841
6.4 6.8 0.0528409
6.4 7.2 0.0249643
6.4 7.6 -0.0298461
6.4 8 -0.0734872
6.4 8.4 -0.0788587
6.4 8.8 -0.0440543
6.4 9.2 0.0104082
6.4 9.6 0.0572303
6.4 10 0.0792766
6.4 10.4 0.0773162
6.4 10.8 0.0655539
6.4 11.2 0.0595374
6.4 11.6 0.062674
6.4 12 0.0497936
6.4 12.4 0.00265374
6.4 12.8 0.00105214
6.4 13.2 0.0100994
6.4 13.6 0.0745407
6.4 14 0.0110227
6.4 14.4 -0.0253942
6.4 14.8 -0.0517231
6.4 15.2 -0.0757764
6.4 15.6 -0.0873085
6.4 16 -0.0668941
6.4 16.4 -0.00541542
6.4 16.8 0.0799619
6.4 17.2 0.147851
6.4 17.6 0.155757
6.4 18 0.0907736
6.4 18.4 -0.0143991
6.4 18.8 -0.0950582
6.4 19.2 -0.0924492
6.4 19.6 0.00781338
6.4 20 0.158669
6.4 20.4 0.0189592
6.4 20.8 -0.004206
6.4 21.2 -0.0126564
6.4 21.6 -0.0696592
6.4 22 -0.010655
6.4 22.4 0.0584462
6.4 22.8 0.117026
6.4 23.2 0.13352
6.4 23.6 0.0938552
6.4 24 0.0156963
6.4 24.4 -0.059333
6.4 24.8 -0.0907783
6.4 25.2 -0.0653065
6.4 25.6 -0.00564813
6.4 26 0.0442405
6.4 26.4 0.00552112
6.4 26.8 0

6.8 0 0
6.8 0.4 0.000917214
6.8 0.8 0.00825996
6.8 1.2 0.00349187
6.8 1.6 -0.00290936
6.8 2 -0.00736078
6.8 2.4 -0.0102555
6.8 2.8 -0.0166888
6.8 3.2 -0.0332031
6.8 3.6 -0.0657681
6.8 4 -0.00924078
6.8 4.4 0
6.8 4.8 0
6.8 5.2 0
6.8 5.6 -0.0153472
6.8 6 -0.048754
6.8 6.4 0.0173458
6.8 6.8 0.0178837
6.8 7.2 -0.0257475
6.8 7.6 -0.0767672
6.8 8 -0.0987124
6.8 8.4 -0.0760083
6.8 8.8 -0.0208392
6.8 9.2 0.0376682
6.8 9.6 0.0730641
6.8 10 0.0764495
6.8 10.4 0.0582778
6.8 10.8 0.0387942
6.8 11.2 0.0361337
6.8 11.6 0.061596
6.8 12 0.00653558
6.8 12.4 0
6.8 12.8 0
6.8 13.2 0
6.8 13.6 0.00785596
6.8 14 -0.0193159
6.8 14.4 -0.0537039
6.8 14.8 -0.0859484
6.8 15.2 -0.122512
6.8 15.6 -0.145443
6.8 16 -0.127216
6.8 16.4 -0.052381
6.8 16.8 0.0634695
6.8 17.2 0.172679
6.8 17.6 0.218506
6.8 18 0.170819
6.8 18.4 0.0509859
6.8 18.8 -0.0737214
6.8 19.2 -0.12548
6.8 19.6 -0.0537119
6.8 20 0.0131035
6.8 20.4 0
6.8 20.8 0
6.8 21.2 0
6.8 21.6 0.00178483
6.8 22 0.0569372
6.8 22.4 0.0938008
6.8 22.8 0.135487
6.8 23.2 0.148568
6.8 23.6 0.114703
6.8 24 0.044584
6.8 24.4 -0.02724
6.8 24.8 -0.064189
6.8 25.2 -0.0517398
6.8 25.6 -0.0070682
6.8 26 0.0328638
6.8 26.4 0.00421065
6.8 26.8 0

7.2 0 0
7.2 0.4 0.00233414
7.2 0.8 0.0185478
7.2 1.2 0.00586108
7.2 1.6 -0.0104578
7.2 2 -0.0221865
7.2 2.4 -0.026619
7.2 2.8 -0.0281914
7.2 3.2 -0.0331292
7.2 3.6 -0.00934508
7.2 4 0
7.2 4.4 0
7.2 4.8 0
7.2 5.2 0
7.2 5.6 0
7.2 6 0.000371038
7.2 6.4 0.0602166
7.2 6.8 0.0177989
7.2 7.2 -0.0446462
7.2 7.6 -0.0918751
7.2 8 -0.0958264
7.2 8.4 -0.0556008
7.2 8.8 0.00356625
7.2 9.2 0.0485692
7.2 9.6 0.0595883
7.2 10 0.039697
7.2 10.4 0.00836188
7.2 10.8 -0.013903
7.2 11.2 -0.0174422
7.2 11.6 0.00426893
7.2 12 0
7.2 12.4 0
7.2 12.8 0
7.2 13.2 0
7.2 13.6 0
7.2 14 -0.00574098
7.2 14.4 -0.0436714
7.2 14.8 -0.0573142
7.2 15.2 -0.0978996
7.2 15.6 -0.140033
7.2 16 -0.148997
7.2 16.4 -0.0980348
7.2 16.8 0.00960987
7.2 17.2 0.132408
7.2 17.6 0.20766
7.2 18 0.188048
7.2 18.4 0.0749426
7.2 18.8 -0.0766488
7.2 19.2 -0.191142
7.2 19.6 -0.0193204
7.2 20 0
7.2 20.4 0
7.2 20.8 0
7.2 21.2 0
7.2 21.6 0
7.2 22 0.0120343
7.2 22.4 0.0894568
7.2 22.8 0.108527
7.2 23.2 0.1147
7.2 23.6 0.0885465
7.2 24 0.034945
7.2 24.4 -0.0201085
7.2 24.8 -0.0470381
7.2 25.2 -0.0333175
7.2 25.6 0.00731842
7.2 26 0.0439944
7.2 26.4 0.00571072
7.2 26.8 0

7.6 0 0
7.6 0.4 0.00354588
7.6 0.8 0.0280575
7.6 1.2 0.00845931
7.6 1.6 -0.0164576
7.6 2 -0.0333117
7.6 2.4 -0.0359847
7.6 2.8 -0.0290421
7.6 3.2 -0.022849
7.6 3.6 -0.00182104
7.6 4 0
7.6 4.4 0
7.6 4.8 0
7.6 5.2 0
7.6 5.6 0
7.6 6 0.00882817
7.6 6.4 0.0958216
7.6 6.8 0.0338113
7.6 7.2 -0.0361226
7.6 7.6 -0.0749503
7.6 8 -0.0636539
7.6 8.4 -0.0156119
7.6 8.8 0.0342202
7.6 9.2 0.0541103
7.6 9.6 0.0357913
7.6 10 -0.00364997
7.6 10.4 -0.0376529
7.6 10.8 -0.0504915
7.6 11.2 -0.0465875
7.6 11.6 -0.00308196
7.6 12 0
7.6 12.4 0
7.6 12.8 0
7.6 13.2 0
7.6 13.6 0
7.6 14 7.26505e-05
7.6 14.4 0.0289853
7.6 14.8 0.0232779
7.6 15.2 -0.0173102
7.6 15.6 -0.0796216
7.6 16 -0.131045
7.6 16.4 -0.133576
7.6 16.8 -0.0699038
7.6 17.2 0.0371804
7.6 17.6 0.130096
7.6 18 0.148713
7.6 18.4 0.0707187
7.6 18.8 -0.0685224
7.6 19.2 -0.19426
7.6 19.6 -0.01793
7.6 20 0
7.6 20.4 0
7.6 20.8 0
7.6 21.2 0
7.6 21.6 0
7.6 22 0.00273026
7.6 22.4 0.0333153
7.6 22.8 0.0414514
7.6 23.2 0.0442401
7.6 23.6 0.0282762
7.6 24 -0.00402011
7.6 24.4 -0.0344122
7.6 24.8 -0.041351
7.6 25.2 -0.0162371
7.6 25.6 0.0286714
7.6 26 0.0671229
7.6 26.4 0.00868765
7.6 26.8 0

8 0 0
8 0.4 0.00411931
8 0.8 0.0332745
8 1.2 0.00916679
8 1.6 -0.0212688
8 2 -0.040022
8 2.4 -0.0380137
8 2.8 -0.0202496
8 3.2 -0.00165864
8 3.6 0.00464119
8 4 0
8 4.4 0
8 4.8 0
8 5.2 0
8 5.6 0
8 6 0.0194426
8 6.4 0.111042
8 6.8 0.0443078
8 7.2 -0.0208411
8 7.6 -0.0444206
8 8 -0.0173712
8 8.4 0.0342151
8 8.8 0.0693492
8 9.2 0.0618549
8 9.6 0.017708
8 10 -0.0319405
8 10.4 -0.0555833
8 10.8 -0.0449627
8 11.2 -0.0215623
8 11.6 0.00572169
8 12 0
8 12.4 0
8 12.8 0
8 13.2 0
8 13.6 0
8 14 0.0128931
8 14.4 0.0900607
8 14.8 0.0947701
8 15.2 0.0689805
8 15.6 0.00116165
8 16 -0.0874192
8 16.4 -0.151285
8 16.8 -0.149282
8 17.2 -0.0765967
8 17.6 0.0244346
8 18 0.0872243
8 18.4 0.0653488
8 18.8 -0.0319857
8 19.2 -0.139827
8 19.6 -0.0237334
8 20 0
8 20.4 0
8 20.8 0
8 21.2 0
8 21.6 0
8 22 -0.00726142
8 22.4 -0.0291825
8 22.8 -0.0264013
8 23.2 -0.0244487
8 23.6 -0.0309499
8 24 -0.044392
8 24.4 -0.0526559
8 24.8 -0.041208
8 25.2 -0.00524564
8 25.6 0.0438909
8 26 0.0838154
8 26.4 0.0108165
8 26.8 0

8.4 0 0
8.4 0.4 0.00406166
8.4 0.8 0.0336468
8.4 1.2 0.00762722
8.4 1.6 -0.0249005
8.4 2 -0.0427507
8.4 2.4 -0.0349069
8.4 2.8 -0.0062133
8.4 3.2 0.029218
8.4 3.6 0.0642998
8.4 4 0.00839435
8.4 4.4 0
8.4 4.8 0
8.4 5.2 0
8.4 5.6 0.0116862
8.4 6 0.134812
8.4 6.4 0.0983903
8.4 6.8 0.0306049
8.4 7.2 -0.0224606
8.4 7.6 -0.0255653
8.4 8 0.0194212
8.4 8.4 0.075473
8.4 8.8 0.0982583
8.4 9.2 0.0689075
8.4 9.6 0.00733049
8.4 10 -0.0433637
8.4 10.4 -0.0488301
8.4 10.8 -0.00687738
8.4 11.2 0.056873
8.4 11.6 0.123147
8.4 12 0.0174831
8.4 12.4 0
8.4 12.8 0
8.4 13.2 0
8.4 13.6 -0.0166395
8.4 14 0.0222603
8.4 14.4 0.0510778
8.4 14.8 0.0965562
8.4 15.2 0.111854
8.4 15.6 0.0660301
8.4 16 -0.0351552
8.4 16.4 -0.144537
8.4 16.8 -0.199518
8.4 17.2 -0.164993
8.4 17.6 -0.0618395
8.4 18 0.043052
8.4 18.4 0.0814683
8.4 18.8 0.0323063
8.4 19.2 -0.0623312
8.4 19.6 -0.127783
8.4 20 -0.0188643
8.4 20.4 0
8.4 20.8 0
8.4 21.2 0
8.4 21.6 -0.00653128
8.4 22 -0.0687605
8.4 22.4 -0.0582955
8.4 22.8 -0.0552875
8.4 23.2 -0.0532056
8.4 23.6 -0.0543867
8.4 24 -0.0579972
8.4 24.4 -0.0561127
8.4 24.8 -0.038668
8.4 25.2 -0.00264765
8.4 25.6 0.0424951
8.4 26 0.0784387
8.4 26.4 0.0101319
8.4 26.8 0

8.8 0 0
8.8 0.4 0.00373524
8.8 0.8 0.0313475
8.8 1.2 0.00530884
8.8 1.6 -0.026674
8.8 2 -0.0423441
8.8 2.4 -0.0307782
8.8 2.8 0.00133196
8.8 3.2 0.0358298
8.8 3.6 0.0556226
8.8 4 0.0489207
8.8 4.4 -0.000148564
8.8 4.8 -0.00555118
8.8 5.2 -0.00156072
8.8 5.6 0.0534338
8.8 6 0.0841722
8.8 6.4 0.0485282
8.8 6.8 -0.0142986
8.8 7.2 -0.0524356
8.8 7.6 -0.0342632
8.8 8 0.0291564
8.8 8.4 0.0922694
8.8 8.8 0.108872
8.8 9.2 0.0666112
8.8 9.6 -0.00374572
8.8 10 -0.0512639
8.8 10.4 -0.0425975
8.8 10.8 0.0141884
8.8 11.2 0.0778969
8.8 11.6 0.107701
8.8 12 0.0913831
8.8 12.4 -0.0168567
8.8 12.8 -0.0398236
8.8 13.2 -0.0638006
8.8 13.6 -0.323531
8.8 14 -0.178641
8.8 14.4 -0.0744946
8.8 14.8 0.02551
8.8 15.2 0.0970003
8.8 15.6 0.0976727
8.8 16 0.0145319
8.8 16.4 -0.111333
8.8 16.8 -0.203273
8.8 17.2 -0.19958
8.8 17.6 -0.0984777
8.8 18 0.0377315
8.8 18.4 0.124797
8.8 18.8 0.115155
8.8 19.2 0.029697
8.8 19.6 -0.0620454
8.8 20 -0.10104
8.8 20.4 -0.0051276
8.8 20.8 0.00862283
8.8 21.2 0.00820661
8.8 21.6 0.00747863
8.8 22 -0.0173581
8.8 22.4 -0.0283169
8.8 22.8 -0.0309488
8.8 23.2 -0.0295723
8.8 23.6 -0.0302803
8.8 24 -0.0348772
8.8 24.4 -0.0378281
8.8 24.8 -0.0302852
8.8 25.2 -0.00818438
8.8 25.6 0.0224196
8.8 26 0.047653
8.8 26.4 0.00622633
8.8 26.8 0

9.2 0 0
9.2 0.4 0.00353479
9.2 0.8 0.0292037
9.2 1.2 0.00415573
9.2 1.6 -0.0256738
9.2 2 -0.0388234
9.2 2.4 -0.0259409
9.2 2.8 0.00404139
9.2 3.2 0.0304198
9.2 3.6 0.0339884
9.2 4 0.00623143
9.2 4.4 -0.0496591
9.2 4.8 -0.0664356
9.2 5.2 -0.0365526
9.2 5.6 0.0209958
9.2 6 0.0336429
9.2 6.4 -0.00938959
9.2 6.8 -0.0712352
9.2 7.2 -0.0996258
9.2 7.6 -0.066222
9.2 8 0.011482
9.2 8.4 0.0821358
9.2 8.8 0.0981927
9.2 9.2 0.0513136
9.2 9.6 -0.0213387
9.2 10 -0.065137
9.2 10.4 -0.049622
9.2 10.8 0.00734367
9.2 11.2 0.0502911
9.2 11.6 0.0210335
9.2 12 -0.115373
9.2 12.4 -0.388956
9.2 12.8 -0.536086
9.2 13.2 -0.520937
9.2 13.6 -0.394865
9.2 14 -0.291115
9.2 14.4 -0.195275
9.2 14.8 -0.0758399
9.2 15.2 0.0423358
9.2 15.6 0.0987217
9.2 16 0.0558753
9.2 16.4 -0.0591434
9.2 16.8 -0.165037
9.2 17.2 -0.181376
9.2 17.6 -0.0869389
9.2 18 0.0633498
9.2 18.4 0.176619
9.2 18.8 0.187745
9.2 19.2 0.104375
9.2 19.6 -0.00110996
9.2 20 -0.0443246
9.2 20.4 0.0209795
9.2 20.8 0.091932
9.2 21.2 0.110877
9.2 21.6 0.0639272
9.2 22 0.0309778
9.2 22.4 0.0175635
9.2 22.8 0.0190477
9.2 23.2 0.0246377
9.2 23.6 0.0232541
9.2 24 0.0108052
9.2 24.4 -0.0070665
9.2 24.8 -0.0195292
9.2 25.2 -0.0191998
9.2 25.6 -0.00815048
9.2 26 0.00353716
9.2 26.4 0.000640961
9.2 26.8 0

9.6 0 0
9.6 0.4 0.00359705
9.6 0.8 0.0285816
9.6 1.2 0.0049277
9.6 1.6 -0.0220406
9.6 2 -0.0327029
9.6 2.4 -0.019719
9.6 2.8 0.00651462
9.6 3.2 0.0251318
9.6 3.6 0.0190465
9.6 4 -0.0137457
9.6 4.4 -0.0561514
9.6 4.8 -0.0664413
9.6 5.2 -0.0358542
9.6 5.6 0.00848754
9.6 6 0.00891486
9.6 6.4 -0.0431448
9.6 6.8 -0.109858
9.6 7.2 -0.138239
9.6 7.6 -0.100797
9.6 8 -0.017468
9.6 8.4 0.0577589
9.6 8.8 0.0761573
9.6 9.2 0.0302529
9.6 9.6 -0.0409408
9.6 10 -0.0819553
9.6 10.4 -0.0639525
9.6 10.8 -0.00862253
9.6 11.2 0.024613
9.6 11.6 -0.022566
9.6 12 -0.17094
9.6 12.4 -0.381692
9.6 12.8 -0.483978
9.6 13.2 -0.447769
9.6 13.6 -0.369162
9.6 14 -0.339141
9.6 14.4 -0.2927
9.6 14.8 -0.179563
9.6 15.2 -0.0285041
9.6 15.6 0.0800418
9.6 16 0.0843081
9.6 16.4 -0.00514422
9.6 16.8 -0.109111
9.6 17.2 -0.137097
9.6 17.6 -0.0544311
9.6 18 0.0915735
9.6 18.4 0.205985
9.6 18.8 0.215476
9.6 19.2 0.121477
9.6 19.6 -0.000758692
9.6 20 -0.0561581
9.6 20.4 -0.00514767
9.6 20.8 0.0649787
9.6 21.2 0.0899479
9.6 21.6 0.060054
9.6 22 0.0372302
9.6 22.4 0.0386021
9.6 22.8 0.0562161
9.6 23.2 0.0725795
9.6 23.6 0.0723484
9.6 24 0.0511147
9.6 24.4 0.0173776
9.6 24.8 -0.0137928
9.6 25.2 -0.0311406
9.6 25.6 -0.0341847
9.6 26 -0.031739
9.6 26.4 -0.00381373
9.6 26.8 0

10 0 0
10 0.4 0.00376253
10 0.8 0.0288626
10 1.2 0.0066631
10 1.6 -0.017604
10 2 -0.0262791
10 2.4 -0.0135953
10 2.8 0.00971352
10 3.2 0.0240825
10 3.6 0.0151089
10 4 -0.0168172
10 4.4 -0.0596649
10 4.8 -0.0681025
10 5.2 -0.0335992
10 5.6 0.0244696
10 6 0.0245765
10 6.4 -0.033019
10 6.8 -0.108032
10 7.2 -0.145695
10 7.6 -0.116168
10 8 -0.0372794
10 8.4 0.0377523
10 8.8 0.0592149
10 9.2 0.0174048
10 9.6 -0.0509556
10 10 -0.091462
10 10.4 -0.0742467
10 10.8 -0.0176592
10 11.2 0.0241119
10 11.6 -0.00187155
10 12 -0.1191
10 12.4 -0.338248
10 12.8 -0.434202
10 13.2 -0.404065
10 13.6 -0.384942
10 14 -0.419286
10 14.4 -0.397738
10 14.8 -0.276589
10 15.2 -0.0946649
10 15.6 0.0548828
10 16 0.0967055
10 16.4 0.0312867
10 16.8 -0.0655837
10 17.2 -0.100413
10 17.6 -0.0323426
10 18 0.0967423
10 18.4 0.194211
10 18.8 0.186145
10 19.2 0.0728943
10 19.6 -0.0677228
10 20 -0.127131
10 20.4 -0.0343405
10 20.8 0.0486282
10 21.2 0.0674974
10 21.6 0.0104238
10 22 -0.00371056
10 22.4 0.0206047
10 22.8 0.0597562
10 23.2 0.0887378
10 23.6 0.0903355
10 24 0.0627486
10 24.4 0.019676
10 24.8 -0.0187948
10 25.2 -0.0389757
10 25.6 -0.0412696
10 26 -0.0374112
10 26.4 -0.00451662
10 26.8 0

10.4 0 0
10.4 0.4 0.00378675
10.4 0.8 0.0286787
10.4 1.2 0.00769378
10.4 1.6 -0.0149323
10.4 2 -0.0229425
10.4 2.4 -0.011197
10.4 2.8 0.0103352
10.4 3.2 0.0241884
10.4 3.6 0.0188685
10.4 4 -0.00157935
10.4 4.4 -0.0051475
10.4 4.8 -0.00550057
10.4 5.2 0.00129432
10.4 5.6 0.0705115
10.4 6 0.0739953
10.4 6.4 0.0160919
10.4 6.8 -0.0663565
10.4 7.2 -0.118188
10.4 7.6 -0.104861
10.4 8 -0.0379792
10.4 8.4 0.033284
10.4 8.8 0.0586042
10.4 9.2 0.0233457
10.4 9.6 -0.0418728
10.4 10 -0.0857097
10.4 10.4 -0.0754762
10.4 10.8 -0.0207866
10.4 11.2 0.0368162
10.4 11.6 0.0595994
10.4 12 0.0431423
10.4 12.4 -0.0183459
10.4 12.8 -0.0343327
10.4 13.2 -0.0923804
10.4 13.6 -0.600521
10.4 14 -0.613516
10.4 14.4 -0.514908
10.4 14.8 -0.34105
10.4 15.2 -0.128027
10.4 15.6 0.040364
10.4 16 0.0950666
10.4 16.4 0.0389317
10.4 16.8 -0.0533258
10.4 17.2 -0.0909217
10.4 17.6 -0.0346447
10.4 18 0.0751322
10.4 18.4 0.150427
10.4 18.8 0.122368
10.4 19.2 -0.0078782
10.4 19.6 -0.169091
10.4 20 -0.252525
10.4 20.4 -0.0208235
10.4 20.8 0.00562329
10.4 21.2 -0.000934464
10.4 21.6 -0.0807251
10.4 22 -0.0715537
10.4 22.4 -0.017573
10.4 22.8 0.0392773
10.4 23.2 0.0741787
10.4 23.6 0.0733641
10.4 24 0.0407428
10.4 24.4 -0.00345763
10.4 24.8 -0.034733
10.4 25.2 -0.0396157
10.4 25.6 -0.0236039
10.4 26 -0.0059015
10.4 26.4 -0.000522567
10.4 26.8 0

10.8 0 0
10.8 0.4 0.00358967
10.8 0.8 0.0275519
10.8 1.2 0.00722765
10.8 1.6 -0.0154725
10.8 2 -0.0249084
10.8 2.4 -0.0155812
10.8 2.8 0.00405286
10.8 3.2 0.0184659
10.8 3.6 0.0171432
10.8 4 -0.000211991
10.8 4.4 0
10.8 4.8 0
10.8 5.2 0
10.8 5.6 0.0137878
10.8 6 0.124145
10.8 6.4 0.07563
10.8 6.8 -0.00800169
10.8 7.2 -0.072981
10.8 7.6 -0.0784036
10.8 8 -0.0264679
10.8 8.4 0.0405365
10.8 8.8 0.0723743
10.8 9.2 0.0474943
10.8 9.6 -0.0130374
10.8 10 -0.0636885
10.8 10.4 -0.0695408
10.8 10.8 -0.0304969
10.8 11.2 0.0248725
10.8 11.6 0.0742447
10.8 12 0.0102113
10.8 12.4 0
10.8 12.8 0
10.8 13.2 0
10.8 13.6 -0.122259
10.8 14 -0.815169
10.8 14.4 -0.524583
10.8 14.8 -0.303222
10.8 15.2 -0.0936635
10.8 15.6 0.0520926
10.8 16 0.0850373
10.8 16.4 0.0190897
10.8 16.8 -0.071377
10.8 17.2 -0.104513
10.8 17.6 -0.0509097
10.8 18 0.0460772
10.8 18.4 0.10492
10.8 18.8 0.0680842
10.8 19.2 -0.058417
10.8 19.6 -0.228581
10.8 20 -0.0392122
10.8 20.4 0
10.8 20.8 0
10.8 21.2 0
10.8 21.6 -0.0171024
10.8 22 -0.118627
10.8 22.4 -0.0308609
10.8 22.8 0.0262745
10.8 23.2 0.0516329
10.8 23.6 0.039191
10.8 24 -0.00075431
10.8 24.4 -0.0418698
10.8 24.8 -0.0566165
10.8 25.2 -0.0341317
10.8 25.6 0.011905
10.8 26 0.051745
10.8 26.4 0.0067617
10.8 26.8 0

11.2 0 0
11.2 0.4 0.00331671
11.2 0.8 0.0263528
11.2 1.2 0.00604043
11.2 1.6 -0.0183481
11.2 2 -0.0312443
11.2 2.4 -0.0261336
11.2 2.8 -0.00950297
11.2 3.2 0.00489709
11.2 3.6 0.000787869
11.2 4 0
11.2 4.4 0
11.2 4.8 0
11.2 5.2 0
11.2 5.6 0
11.2 6 0.0191373
11.2 6.4 0.113995
11.2 6.8 0.0380613
11.2 7.2 -0.0354802
11.2 7.6 -0.0578151
11.2 8 -0.0201056
11.2 8.4 0.044411
11.2 8.8 0.0868871
11.2 9.2 0.0781652
11.2 9.6 0.027259
11.2 10 -0.0291147
11.2 10.4 -0.0561485
11.2 10.8 -0.0465135
11.2 11.2 -0.0241356
11.2 11.6 0.00234597
11.2 12 0
11.2 12.4 0
11.2 12.8 0
11.2 13.2 0
11.2 13.6 0
11.2 14 -0.0798773
11.2 14.4 -0.223335
11.2 14.8 -0.120974
11.2 15.2 0.00803845
11.2 15.6 0.0836886
11.2 16 0.0666984
11.2 16.4 -0.0190406
11.2 16.8 -0.103091
11.2 17.2 -0.119786
11.2 17.6 -0.057019
11.2 18 0.0350971
11.2 18.4 0.0835314
11.2 18.8 0.0509963
11.2 19.2 -0.0285075
11.2 19.6 -0.0236911
11.2 20 0
11.2 20.4 0
11.2 20.8 0
11.2 21.2 0
11.2 21.6 0
11.2 22 -0.00724202
11.2 22.4 0.0301932
11.2 22.8 0.0455443
11.2 23.2 0.0440703
11.2 23.6 0.0118455
11.2 24 -0.0393103
11.2 24.4 -0.0789914
11.2 24.8 -0.0777187
11.2 25.2 -0.0278742
11.2 25.6 0.0483237
11.2 26 0.110409
11.2 26.4 0.0141647
11.2 26.8 0

11.6 0 0
11.6 0.4 0.00316874
11.6 0.8 0.0261985
11.6 1.2 0.0056804
11.6 1.6 -0.020856
11.6 2 -0.0379571
11.6 2.4 -0.0380504
11.6 2.8 -0.0254753
11.6 3.2 -0.0115102
11.6 3.6 -0.000340736
11.6 4 0
11.6 4.4 0
11.6 4.8 0
11.6 5.2 0
11.6 5.6 0
11.6 6 0.0112421
11.6 6.4 0.130603
11.6 6.8 0.0578204
11.6 7.2 -0.0212048
11.6 7.6 -0.0573315
11.6 8 -0.0324998
11.6 8.4 0.0304067
11.6 8.8 0.0861923
11.6 9.2 0.0993581
11.6 9.6 0.0661742
11.6 10 0.0124369
11.6 10.4 -0.028857
11.6 10.8 -0.0416147
11.6 11.2 -0.0345479
11.6 11.6 -0.00202234
11.6 12 0
11.6 12.4 0
11.6 12.8 0
11.6 13.2 0
11.6 13.6 0
11.6 14 0.00521605
11.6 14.4 0.0234104
11.6 14.8 0.0554318
11.6 15.2 0.0997727
11.6 15.6 0.0973861
11.6 16 0.0309946
11.6 16.4 -0.0646661
11.6 16.8 -0.127418
11.6 17.2 -0.113784
11.6 17.6 -0.0336336
11.6 18 0.0542995
11.6 18.4 0.0854027
11.6 18.8 0.0401225
11.6 19.2 -0.0361232
11.6 19.6 -0.00488038
11.6 20 0
11.6 20.4 0
11.6 20.8 0
11.6 21.2 0
11.6 21.6 0
11.6 22 0.00669457
11.6 22.4 0.0765201
11.6 22.8 0.0732378
11.6 23.2 0.0537224
11.6 23.6 0.00539072
11.6 24 -0.0575578
11.6 24.4 -0.100989
11.6 24.8 -0.0930331
11.6 25.2 -0.0275762
11.6 25.6 0.0673726
11.6 26 0.143578
11.6 26.4 0.0183538
11.6 26.8 0

12 0 0
12 0.4 0.00317178
12 0.8 0.0269298
12 1.2 0.00696604
12 1.6 -0.0202596
12 2 -0.0401405
12 2.4 -0.0447682
12 2.8 -0.0369646
12 3.2 -0.0262333
12 3.6 -0.00495077
12 4 0
12 4.4 0
12 4.8 0
12 5.2 0
12 5.6 0
12 6 0.0114069
12 6.4 0.111766
12 6.8 0.0497544
12 7.2 -0.02758
12 7.6 -0.0735172
12 8 -0.0620564
12 8.4 -0.00413199
12 8.8 0.0623351
12 9.2 0.0990276
12 9.6 0.0909443
12 10 0.0518062
12 10.4 0.0101485
12 10.8 -0.0113274
12 11.2 -0.00767322
12 11.6 0.00922567
12 12 0
12 12.4 0
12 12.8 0
12 13.2 0
12 13.6 0
12 14 0.00435292
12 14.4 0.113153
12 14.8 0.121163
12 15.2 0.113231
12 15.6 0.0612908
12 16 -0.0259878
12 16.4 -0.105733
12 16.8 -0.128601
12 17.2 -0.0759626
12 17.6 0.0209458
12 18 0.0974307
12 18.4 0.0992599
12 18.8 0.0238406
12 19.2 -0.0717358
12 19.6 -0.0242144
12 20 0
12 20.4 0
12 20.8 0
12 21.2 0
12 21.6 0
12 22 0.00877048
12 22.4 0.0892487
12 22.8 0.0912921
12 23.2 0.0733544
12 23.6 0.0210733
12 24 -0.0499868
12 24.4 -0.10231
12 24.8 -0.100493
12 25.2 -0.0368217
12 25.6 0.0595148
12 26 0.137383
12 26.4 0.0175934
12 26.8 0

12.4 0 0
12.4 0.4 0.00311002
12.4 0.8 0.0267349
12.4 1.2 0.00916606
12.4 1.6 -0.0155061
12.4 2 -0.034675
12.4 2.4 -0.0411623
12.4 2.8 -0.0371218
12.4 3.2 -0.0319057
12.4 3.6 -0.0379087
12.4 4 -0.00480905
12.4 4.4 0
12.4 4.8 0
12.4 5.2 0
12.4 5.6 -0.00215372
12.4 6 0.0405604
12.4 6.4 0.0686638
12.4 6.8 0.0327304
12.4 7.2 -0.0337548
12.4 7.6 -0.0860009
12.4 8 -0.0913142
12.4 8.4 -0.0472554
12.4 8.8 0.0198855
12.4 9.2 0.0742283
12.4 9.6 0.0929771
12.4 10 0.0777535
12.4 10.4 0.0492815
12.4 10.8 0.0322379
12.4 11.2 0.0432797
12.4 11.6 0.0934528
12.4 12 0.0176377
12.4 12.4 0
12.4 12.8 0
12.4 13.2 0
12.4 13.6 -0.0180721
12.4 14 -0.062419
12.4 14.4 0.0311427
12.4 14.8 0.0615643
12.4 15.2 0.0419113
12.4 15.6 -0.0180421
12.4 16 -0.088912
12.4 16.4 -0.127322
12.4 16.8 -0.100904
12.4 17.2 -0.0139157
12.4 17.6 0.087882
12.4 18 0.141595
12.4 18.4 0.107567
12.4 18.8 -0.0023901
12.4 19.2 -0.132983
12.4 19.6 -0.234533
12.4 20 -0.0230745
12.4 20.4 0
12.4 20.8 0
12.4 21.2 0
12.4 21.6 -0.00646709
12.4 22 0.000420884
12.4 22.4 0.0521058
12.4 22.8 0.0901247
12.4 23.2 0.0935197
12.4 23.6 0.0503675
12.4 24 -0.0229137
12.4 24.4 -0.0862836
12.4 24.8 -0.100277
12.4 25.2 -0.0529913
12.4 25.6 0.0295153
12.4 26 0.0979733
12.4 26.4 0.0126555
12.4 26.8 0

12.8 0 0
12.8 0.4 0.00269669
12.8 0.8 0.023456
12.8 1.2 0.0105941
12.8 1.6 -0.00775148
12.8 2 -0.0221248
12.8 2.4 -0.0268219
12.8 2.8 -0.0227777
12.8 3.2 -0.0155735
12.8 3.6 -0.0100861
12.8 4 -0.00280135
12.8 4.4 0.00371489
12.8 4.8 0.00437918
12.8 5.2 -0.00334589
12.8 5.6 -0.036897
12.8 6 0.0170386
12.8 6.4 0.0498957
12.8 6.8 0.0362295
12.8 7.2 -0.0150753
12.8 7.6 -0.0714304
12.8 8 -0.0981873
12.8 8.4 -0.0798558
12.8 8.8 -0.0274834
12.8 9.2 0.031153
12.8 9.6 0.0702825
12.8 10 0.0808286
12.8 10.4 0.072609
12.8 10.8 0.0649826
12.8 11.2 0.0737406
12.8 11.6 0.100979
12.8 12 0.122595
12.8 12.4 0.0187545
12.8 12.8 0.00753885
12.8 13.2 -0.00951139
12.8 13.6 -0.152641
12.8 14 -0.105989
12.8 14.4 -0.054723
12.8 14.8 -0.0365473
12.8 15.2 -0.0552314
12.8 15.6 -0.0952829
12.8 16 -0.126004
12.8 16.4 -0.115081
12.8 16.8 -0.0494249
12.8 17.2 0.0504574
12.8 17.6 0.135994
12.8 18 0.157087
12.8 18.4 0.0945915
12.8 18.8 -0.0237716
12.8 19.2 -0.137221
12.8 19.6 -0.185431
12.8 20 -0.12243
12.8 20.4 -0.00232402
12.8 20.8 0.00257141
12.8 21.2 -0.0100397
12.8 21.6 -0.104475
12.8 22 -0.0511611
12.8 22.4 0.0186906
12.8 22.8 0.0827371
12.8 23.2 0.109265
12.8 23.6 0.0805496
12.8 24 0.0100137
12.8 24.4 -0.0622248
12.8 24.8 -0.0938139
12.8 25.2 -0.0681603
12.8 25.6 -0.00607793
12.8 26 0.0478841
12.8 26.4 0.00634922
12.8 26.8 0

13.2 0 0
13.2 0.4 0.00184074
13.2 0.8 0.0165416
13.2 1.2 0.0101077
13.2 1.6 0.000583803
13.2 2 -0.00669321
13.2 2.4 -0.00823424
13.2 2.8 -0.00396203
13.2 3.2 0.00413862
13.2 3.6 0.0149966
13.2 4 0.0305767
13.2 4.4 0.0538627
13.2 4.8 0.0390118
13.2 5.2 -0.000771692
13.2 5.6 -0.0248837
13.2 6 0.00750953
13.2 6.4 0.0504875
13.2 6.8 0.0638243
13.2 7.2 0.0341058
13.2 7.6 -0.021868
13.2 8 -0.0714067
13.2 8.4 -0.087722
13.2 8.8 -0.0650094
13.2 9.2 -0.0185157
13.2 9.6 0.0281103
13.2 10 0.058241
13.2 10.4 0.0704141
13.2 10.8 0.075445
13.2 11.2 0.0861304
13.2 11.6 0.106471
13.2 12 0.126064
13.2 12.4 0.129883
13.2 12.8 0.0982377
13.2 13.2 0.0273906
13.2 13.6 -0.0702723
13.2 14 -0.0955585
13.2 14.4 -0.0957715
13.2 14.8 -0.0989779
13.2 15.2 -0.110866
13.2 15.6 -0.120763
13.2 16 -0.109932
13.2 16.4 -0.0644364
13.2 16.8 0.0116066
13.2 17.2 0.0915769
13.2 17.6 0.137096
13.2 18 0.120458
13.2 18.4 0.0450589
13.2 18.8 -0.0515224
13.2 19.2 -0.116811
13.2 19.6 -0.113712
13.2 20 -0.0418771
13.2 20.4 0.047635
13.2 20.8 0.0433729
13.2 21.2 -0.0193017
13.2 21.6 -0.0765143
13.2 22 -0.0611123
13.2 22.4 0.00166997
13.2 22.8 0.0743281
13.2 23.2 0.114769
13.2 23.6 0.0982623
13.2 24 0.0336378
13.2 24.4 -0.041177
13.2 24.8 -0.0834295
13.2 25.2 -0.0736885
13.2 25.6 -0.0282171
13.2 26 0.0134266
13.2 26.4 0.00194541
13.2 26.8 0

13.6 0 0
13.6 0.4 0.000766025
13.6 0.8 0.00785734
13.6 1.2 0.00817983
13.6 1.6 0.0076329
13.6 2 0.00690001
13.6 2.4 0.00674617
13.6 2.8 0.00787528
13.6 3.2 0.0114778
13.6 3.6 0.0195135
13.6 4 0.0327754
13.6 4.4 0.0436709
13.6 4.8 0.022324
13.6 5.2 -0.021193
13.6 5.6 -0.0479575
13.6 6 -0.0146485
13.6 6.4 0.0495669
13.6 6.8 0.0967632
13.6 7.2 0.0958329
13.6 7.6 0.048055
13.6 8 -0.0186383
13.6 8.4 -0.0695676
13.6 8.8 -0.0836012
13.6 9.2 -0.0619048
13.6 9.6 -0.0220969
13.6 10 0.0158203
13.6 10.4 0.0415086
13.6 10.8 0.0573384
13.6 11.2 0.0725195
13.6 11.6 0.0940173
13.6 12 0.120546
13.6 12.4 0.14099
13.6 12.8 0.126244
13.6 13.2 0.0760634
13.6 13.6 0.0108698
13.6 14 -0.0394063
13.6 14.4 -0.0721186
13.6 14.8 -0.0895581
13.6 15.2 -0.0916008
13.6 15.6 -0.0754607
13.6 16 -0.0393689
13.6 16.4 0.011853
13.6 16.8 0.0632622
13.6 17.2 0.0928825
13.6 17.6 0.082554
13.6 18 0.0313569
13.6 18.4 -0.0380419
13.6 18.8 -0.0875871
13.6 19.2 -0.0849871
13.6 19.6 -0.0261351
13.6 20 0.0557929
13.6 20.4 0.102761
13.6 20.8 0.0788419
13.6 21.2 0.00684375
13.6 21.6 -0.0548252
13.6 22 -0.0560389
13.6 22.4 -0.00515386
13.6 22.8 0.062768
13.6 23.2 0.104852
13.6 23.6 0.0944293
13.6 24 0.0374292
13.6 24.4 -0.0315199
13.6 24.8 -0.0721527
13.6 25.2 -0.0655003
13.6 25.6 -0.025911
13.6 26 0.0104318
13.6 26.4 0.00141258
13.6 26.8 0

14 0 0
14 0.4 -0.000155959
14 0.8 0.000337754
14 1.2 0.00635296
14 1.6 0.0129625
14 2 0.0163025
14 2.4 0.0143855
14 2.8 0.00832634
14 3.2 0.00229054
14 3.6 0.00228678
14 4 0.0142541
14 4.4 0.0382268
14 4.8 0.0173082
14 5.2 -0.0384931
14 5.6 -0.0947495
14 6 -0.0572763
14 6.4 0.0299221
14 6.8 0.110172
14 7.2 0.140396
14 7.6 0.109236
14 8 0.0378908
14 8.4 -0.0361975
14 8.8 -0.0816321
14 9.2 -0.0877456
14 9.6 -0.0646847
14 10 -0.0318984
14 10.4 -0.00448355
14 10.8 0.0138772
14 11.2 0.0290015
14 11.6 0.0500074
14 12 0.0862138
14 12.4 0.145565
14 12.8 0.157663
14 13.2 0.133269
14 13.6 0.100287
14 14 0.0445831
14 14.4 -0.00276261
14 14.8 -0.0242211
14 15.2 -0.0161556
14 15.6 0.0149596
14 16 0.0550531
14 16.4 0.0855995
14 16.8 0.0888863
14 17.2 0.0553787
14 17.6 -0.00920365
14 18 -0.0816035
14 18.4 -0.127668
14 18.8 -0.117834
14 19.2 -0.0451194
14 19.6 0.0642844
14 20 0.154289
14 20.4 0.156777
14 20.8 0.105698
14 21.2 0.0207248
14 21.6 -0.0443815
14 22 -0.0467117
14 22.4 -0.0070113
14 22.8 0.0469261
14 23.2 0.0796786
14 23.6 0.0687611
14 24 0.0200306
14 24.4 -0.0355644
14 24.8 -0.0628141
14 25.2 -0.0464972
14 25.6 -0.00185972
14 26 0.0364085
14 26.4 0.0044611
14 26.8 0

14.4 0 0
14.4 0.4 -0.000742273
14.4 0.8 -0.00460894
14.4 1.2 0.00538352
14.4 1.6 0.0167249
14.4 2 0.0217893
14.4 2.4 0.0163371
14.4 2.8 0.00173148
14.4 3.2 -0.0160047
14.4 3.6 -0.0288363
14.4 4 -0.0243521
14.4 4.4 0.00181345
14.4 4.8 0.00306192
14.4 5.2 -0.0144695
14.4 5.6 -0.166974
14.4 6 -0.111893
14.4 6.4 -0.00911621
14.4 6.8 0.0907673
14.4 7.2 0.144966
14.4 7.6 0.135102
14.4 8 0.0745161
14.4 8.4 -0.00269337
14.4 8.8 -0.0625382
14.4 9.2 -0.0881139
14.4 9.6 -0.0834757
14.4 10 -0.0648938
14.4 10.4 -0.0477188
14.4 10.8 -0.0381384
14.4 11.2 -0.0336475
14.4 11.6 -0.0277905
14.4 12 -0.00446053
14.4 12.4 0.00754618
14.4 12.8 0.0123092
14.4 13.2 0.0253343
14.4 13.6 0.172744
14.4 14 0.110332
14.4 14.4 0.0585026
14.4 14.8 0.0417578
14.4 15.2 0.0593516
14.4 15.6 0.0956884
14.4 16 0.126138
14.4 16.4 0.126032
14.4 16.8 0.081446
14.4 17.2 -0.00244772
14.4 17.6 -0.0998719
14.4 18 -0.172312
14.4 18.4 -0.184344
14.4 18.8 -0.121247
14.4 19.2 0.000730743
14.4 19.6 0.138535
14.4 20 0.235805
14.4 20.4 0.0294677
14.4 20.8 0.00660285
14.4 21.2 -0.003696
14.4 21.6 -0.0568184
14.4 22 -0.0327703
14.4 22.4 -0.00357967
14.4 22.8 0.0299585
14.4 23.2 0.0461942
14.4 23.6 0.030434
14.4 24 -0.0100033
14.4 24.4 -0.0483977
14.4 24.8 -0.0564281
14.4 25.2 -0.024558
14.4 25.6 0.0298401
14.4 26 0.0730975
14.4 26.4 0.00886844
14.4 26.8 0

14.8 0 0
14.8 0.4 -0.00119707
14.8 0.8 -0.00859985
14.8 1.2 0.00387861
14.8 1.6 0.0181942
14.8 2 0.0242841
14.8 2.4 0.0166724
14.8 2.8 -0.0027751
14.8 3.2 -0.027494
14.8 3.6 -0.0552385
14.8 4 -0.00689316
14.8 4.4 0
14.8 4.8 0
14.8 5.2 0
14.8 5.6 -0.0240353
14.8 6 -0.138792
14.8 6.4 -0.0455032
14.8 6.8 0.0459279
14.8 7.2 0.106831
14.8 7.6 0.11632
14.8 8 0.0790466
14.8 8.4 0.0201488
14.8 8.8 -0.0318324
14.8 9.2 -0.0607881
14.8 9.6 -0.0680285
14.8 10 -0.065643
14.8 10.4 -0.0652822
14.8 10.8 -0.071365
14.8 11.2 -0.0838146
14.8 11.6 -0.111284
14.8 12 -0.0133917
14.8 12.4 0
14.8 12.8 0
14.8 13.2 0
14.8 13.6 0.0207874
14.8 14 0.103024
14.8 14.4 0.0554389
14.8 14.8 0.0534419
14.8 15.2 0.0811741
14.8 15.6 0.118359
14.8 16 0.138044
14.8 16.4 0.116805
14.8 16.8 0.0474827
14.8 17.2 -0.0535975
14.8 17.6 -0.150167
14.8 18 -0.20059
14.8 18.4 -0.17783
14.8 18.8 -0.0850071
14.8 19.2 0.0436477
14.8 19.6 0.164775
14.8 20 0.0317703
14.8 20.4 0
14.8 20.8 0
14.8 21.2 0
14.8 21.6 -0.00128479
14.8 22 0.01004
14.8 22.4 0.00835042
14.8 22.8 0.0162258
14.8 23.2 0.0145358
14.8 23.6 -0.00609724
14.8 24 -0.0379709
14.8 24.4 -0.0597751
14.8 24.8 -0.0509751
14.8 25.2 -0.00762196
14.8 25.6 0.052051
14.8 26 0.0972085
14.8 26.4 0.0117955
14.8 26.8 0

15.2 0 0
15.2 0.4 -0.00194213
15.2 0.8 -0.0149276
15.2 1.2 -0.000873177
15.2 1.6 0.0155763
15.2 2 0.0234196
15.2 2.4 0.0171766
15.2 2.8 0.000480659
15.2 3.2 -0.015215
15.2 3.6 -0.0055703
15.2 4 0
15.2 4.4 0
15.2 4.8 0
15.2 5.2 0
15.2 5.6 0
15.2 6 -0.0150374
15.2 6.4 -0.0521125
15.2 6.8 -0.00492536
15.2 7.2 0.0430967
15.2 7.6 0.0647662
15.2 8 0.0558495
15.2 8.4 0.0296632
15.2 8.8 0.0037943
15.2 9.2 -0.012248
15.2 9.6 -0.0206967
15.2 10 -0.0298105
15.2 10.4 -0.0448329
15.2 10.8 -0.063154
15.2 11.2 -0.0766953
15.2 11.6 -0.0162124
15.2 12 0
15.2 12.4 0
15.2 12.8 0
15.2 13.2 0
15.2 13.6 0
15.2 14 0.00180237
15.2 14.4 -0.0283413
15.2 14.8 0.000445248
15.2 15.2 0.036959
15.2 15.6 0.072899
15.2 16 0.0883787
15.2 16.4 0.0660705
15.2 16.8 0.00453491
15.2 17.2 -0.0760993
15.2 17.6 -0.140462
15.2 18 -0.154641
15.2 18.4 -0.10552
15.2 18.8 -0.0126665
15.2 19.2 0.0731391
15.2 19.6 0.0194814
15.2 20 0
15.2 20.4 0
15.2 20.8 0
15.2 21.2 0
15.2 21.6 0
15.2 22 0.004138
15.2 22.4 0.0108405
15.2 22.8 0.00385221
15.2 23.2 -0.007821
15.2 23.6 -0.0278831
15.2 24 -0.0496995
15.2 24.4 -0.0586516
15.2 24.8 -0.0419221
15.2 25.2 0.000776842
15.2 25.6 0.0537586
15.2 26 0.0927449
15.2 26.4 0.0112806
15.2 26.8 0

15.6 0 0
15.6 0.4 -0.00316654
15.6 0.8 -0.0250468
15.6 1.2 -0.0100705
15.6 1.6 0.00788015
15.6 2 0.0180264
15.6 2.4 0.0151397
15.6 2.8 0.00290837
15.6 3.2 -0.00839945
15.6 3.6 -0.000628913
15.6 4 0
15.6 4.4 0
15.6 4.8 0
15.6 5.2 0
15.6 5.6 0
15.6 6 -0.00431521
15.6 6.4 -0.0690858
15.6 6.8 -0.0503546
15.6 7.2 -0.0194536
15.6 7.6 0.00656496
15.6 8 0.0215729
15.6 8.4 0.0294117
15.6 8.8 0.0358887
15.6 9.2 0.041457
15.6 9.6 0.0405238
15.6 10 0.0273063
15.6 10.4 0.00279013
15.6 10.8 -0.0232328
15.6 11.2 -0.0366589
15.6 11.6 -0.00194138
15.6 12 0
15.6 12.4 0
15.6 12.8 0
15.6 13.2 0
15.6 13.6 0
15.6 14 -0.00878147
15.6 14.4 -0.0864661
15.6 14.8 -0.062351
15.6 15.2 -0.0352319
15.6 15.6 -0.00738185
15.6 16 0.00889439
15.6 16.4 0.00207189
15.6 16.8 -0.0276097
15.6 17.2 -0.0640427
15.6 17.6 -0.0816614
15.6 18 -0.0599779
15.6 18.4 0.00173062
15.6 18.8 0.0791066
15.6 19.2 0.132141
15.6 19.6 0.00947796
15.6 20 0
15.6 20.4 0
15.6 20.8 0
15.6 21.2 0
15.6 21.6 0
15.6 22 0.000668162
15.6 22.4 0.00202919
15.6 22.8 -0.00720229
15.6 23.2 -0.0174941
15.6 23.6 -0.028794
15.6 24 -0.0380032
15.6 24.4 -0.0385883
15.6 24.8 -0.0248149
15.6 25.2 0.00268898
15.6 25.6 0.0348837
15.6 26 0.0582134
15.6 26.4 0.00710645
15.6 26.8 0

16 0 0
16 0.4 -0.0044824
16 0.8 -0.0358889
16 1.2 -0.0209731
16 1.6 -0.00264155
16 2 0.00951427
16 2.4 0.010708
16 2.8 0.00366789
16 3.2 -0.004336
16 3.6 -0.000340605
16 4 0
16 4.4 0
16 4.8 0
16 5.2 0
16 5.6 0
16 6 0.000245257
16 6.4 -0.0585085
16 6.8 -0.0615009
16 7.2 -0.0499762
16 7.6 -0.029816
16 8 -0.00464474
16 8.4 0.0245126
16 8.8 0.0548974
16 9.2 0.0792079
16 9.6 0.0881251
16 10 0.0768274
16 10.4 0.0502496
16 10.8 0.0223707
16 11.2 0.00932488
16 11.6 0.00459932
16 12 0
16 12.4 0
16 12.8 0
16 13.2 0
16 13.6 0
16 14 0.00230431
16 14.4 -0.0792879
16 14.8 -0.0859779
16 15.2 -0.0847423
16 15.6 -0.0725204
16 16 -0.0560074
16 16.4 -0.0434849
16 16.8 -0.0370826
16 17.2 -0.0296817
16 17.6 -0.00924445
16 18 0.0313078
16 18.4 0.0850979
16 18.8 0.13081
16 19.2 0.145334
16 19.6 0.00540499
16 20 0
16 20.4 0
16 20.8 0
16 21.2 0
16 21.6 0
16 22 0.000477969
16 22.4 -0.00993503
16 22.8 -0.0161061
16 23.2 -0.0166106
16 23.6 -0.0121333
16 24 -0.00622289
16 24.4 -0.00158436
16 24.8 0.00129813
16 25.2 0.00322181
16 25.6 0.00474553
16 26 0.00573942
16 26.4 0.000695966
16 26.8 0

16.4 0 0
16.4 0.4 -0.00505779
16.4 0.8 -0.0408915
16.4 1.2 -0.0276905
16.4 1.6 -0.0108908
16.4 2 0.00199191
16.4 2.4 0.00709237
16.4 2.8 0.0063156
16.4 3.2 0.00521732
16.4 3.6 0.00859236
16.4 4 0.00487655
16.4 4.4 0
16.4 4.8 0
16.4 5.2 0
16.4 5.6 0.00327873
16.4 6 0.0376042
16.4 6.4 -0.00535241
16.4 6.8 -0.0266259
16.4 7.2 -0.0340371
16.4 7.6 -0.0292251
16.4 8 -0.011614
16.4 8.4 0.0179785
16.4 8.8 0.0536919
16.4 9.2 0.0844324
16.4 9.6 0.098705
16.4 10 0.0917283
16.4 10.4 0.0695241
16.4 10.8 0.0462875
16.4 11.2 0.0360469
16.4 11.6 0.0436795
16.4 12 0.00573042
16.4 12.4 0
16.4 12.8 0
16.4 13.2 0
16.4 13.6 0.0169382
16.4 14 0.0961888
16.4 14.4 -0.0017732
16.4 14.8 -0.0562649
16.4 15.2 -0.0841337
16.4 15.6 -0.0892379
16.4 16 -0.0765242
16.4 16.4 -0.0531417
16.4 16.8 -0.0251534
16.4 17.2 0.00513548
16.4 17.6 0.038108
16.4 18 0.0721531
16.4 18.4 0.0989152
16.4 18.8 0.102885
16.4 19.2 0.0660067
16.4 19.6 -0.031754
16.4 20 -0.0113485
16.4 20.4 0
16.4 20.8 0
16.4 21.2 0
16.4 21.6 -0.000686575
16.4 22 -0.00486516
16.4 22.4 -0.0225324
16.4 22.8 -0.0258046
16.4 23.2 -0.0126559
16.4 23.6 0.0109714
16.4 24 0.0330642
16.4 24.4 0.0418562
16.4 24.8 0.0318472
16.4 25.2 0.00639802
16.4 25.6 -0.0239236
16.4 26 -0.0460741
16.4 26.4 -0.00572677
16.4 26.8 0

16.8 0 0
16.8 0.4 -0.00420729
16.8 0.8 -0.0345984
16.8 1.2 -0.0252071
16.8 1.6 -0.0124057
16.8 2 -0.000924864
16.8 2.4 0.00670379
16.8 2.8 0.0114743
16.8 3.2 0.0167494
16.8 3.6 0.0266243
16.8 4 0.0480188
16.8 4.4 0.00533654
16.8 4.8 -0.00188299
16.8 5.2 -0.00294794
16.8 5.6 0.0158819
16.8 6 0.0454459
16.8 6.4 0.0444319
16.8 6.8 0.0324572
16.8 7.2 0.0161647
16.8 7.6 0.00258076
16.8 8 -0.000621643
16.8 8.4 0.0105412
16.8 8.8 0.0325415
16.8 9.2 0.0550651
16.8 9.6 0.0668703
16.8 10 0.0631149
16.8 10.4 0.0487769
16.8 10.8 0.0352199
16.8 11.2 0.0318158
16.8 11.6 0.0379871
16.8 12 0.0400598
16.8 12.4 0.00324232
16.8 12.8 -0.000355361
16.8 13.2 0.00800814
16.8 13.6 0.103265
16.8 14 0.0871471
16.8 14.4 0.036195
16.8 14.8 -0.0113602
16.8 15.2 -0.0446501
16.8 15.6 -0.0585342
16.8 16 -0.0525005
16.8 16.4 -0.0313753
16.8 16.8 -0.00355754
16.8 17.2 0.0225073
16.8 17.6 0.0410027
16.8 18 0.0487474
16.8 18.4 0.0432379
16.8 18.8 0.0214543
16.8 19.2 -0.0180706
16.8 19.6 -0.0684781
16.8 20 -0.0943932
16.8 20.4 -0.00762923
16.8 20.8 0.000155439
16.8 21.2 -0.00268724
16.8 21.6 -0.0231158
16.8 22 -0.0334067
16.8 22.4 -0.0466941
16.8 22.8 -0.0417362
16.8 23.2 -0.0137285
16.8 23.6 0.0277272
16.8 24 0.0640303
16.8 24.4 0.0769305
16.8 24.8 0.057795
16.8 25.2 0.0123463
16.8 25.6 -0.0413696
16.8 26 -0.0808061
16.8 26.4 -0.0101511
16.8 26.8 0

17.2 0 0
17.2 0.4 -0.00199479
17.2 0.8 -0.017389
17.2 1.2 -0.0135773
17.2 1.6 -0.00701827
17.2 2 0.000799423
17.2 2.4 0.00890831
17.2 2.8 0.0169625
17.2 3.2 0.0242935
17.2 3.6 0.0286556
17.2 4 0.0246275
17.2 4.4 -0.00369372
17.2 4.8 -0.0295931
17.2 5.2 -0.0277416
17.2 5.6 0.0135152
17.2 6 0.0590957
17.2 6.4 0.0865488
17.2 6.8 0.0905948
17.2 7.2 0.0734957
17.2 7.6 0.0448925
17.2 8 0.0180414
17.2 8.4 0.00303941
17.2 8.8 0.00155773
17.2 9.2 0.00703324
17.2 9.6 0.0103895
17.2 10 0.00712366
17.2 10.4 0.000381169
17.2 10.8 -0.00240398
17.2 11.2 0.00322603
17.2 11.6 0.0132402
17.2 12 0.0160925
17.2 12.4 0.00209765
17.2 12.8 -0.00893895
17.2 13.2 -0.00169291
17.2 13.6 0.0403688
17.2 14 0.0550893
17.2 14.4 0.0467707
17.2 14.8 0.0274049
17.2 15.2 0.00647898
17.2 15.6 -0.00726981
17.2 16 -0.00849965
17.2 16.4 0.00125128
17.2 16.8 0.0136768
17.2 17.2 0.0182401
17.2 17.6 0.00822114
17.2 18 -0.0157751
17.2 18.4 -0.0467919
17.2 18.8 -0.0754658
17.2 19.2 -0.0933933
17.2 19.6 -0.093092
17.2 20 -0.0652056
17.2 20.4 -0.00799923
17.2 20.8 0.0138329
17.2 21.2 -0.000649119
17.2 21.6 -0.0293928
17.2 22 -0.0569329
17.2 22.4 -0.0709365
17.2 22.8 -0.0590688
17.2 23.2 -0.0206982
17.2 23.6 0.0312164
17.2 24 0.0752132
17.2 24.4 0.0910494
17.2 24.8 0.0695175
17.2 25.2 0.0175248
17.2 25.6 -0.0442109
17.2 26 -0.0899823
17.2 26.4 -0.0114649
17.2 26.8 0

17.6 0 0
17.6 0.4 0.000664676
17.6 0.8 0.00366937
17.6 1.2 0.00127347
17.6 1.6 0.000450965
17.6 2 0.00319672
17.6 2.4 0.0104203
17.6 2.8 0.020771
17.6 3.2 0.0301584
17.6 3.6 0.0322718
17.6 4 0.0199445
17.6 4.4 -0.0108615
17.6 4.8 -0.0375925
17.6 5.2 -0.0368521
17.6 5.6 -0.000702213
17.6 6 0.0543161
17.6 6.4 0.100319
17.6 6.8 0.119714
17.6 7.2 0.108124
17.6 7.6 0.0738141
17.6 8 0.0323382
17.6 8.4 -0.00197647
17.6 8.8 -0.0228114
17.6 9.2 -0.0327458
17.6 9.6 -0.0382496
17.6 10 -0.0431088
17.6 10.4 -0.0455907
17.6 10.8 -0.0414276
17.6 11.2 -0.0297698
17.6 11.6 -0.0165948
17.6 12 -0.0119113
17.6 12.4 -0.021958
17.6 12.8 -0.0375564
17.6 13.2 -0.0424458
17.6 13.6 -0.0247418
17.6 14 0.00657585
17.6 14.4 0.0328861
17.6 14.8 0.043935
17.6 15.2 0.0402962
17.6 15.6 0.0305279
17.6 16 0.0236964
17.6 16.4 0.0218985
17.6 16.8 0.0183136
17.6 17.2 0.00245946
17.6 17.6 -0.0310591
17.6 18 -0.0766493
17.6 18.4 -0.118925
17.6 18.8 -0.14019
17.6 19.2 -0.129382
17.6 19.6 -0.08766
17.6 20 -0.0296961
17.6 20.4 0.0170527
17.6 20.8 0.0286799
17.6 21.2 0.00186379
17.6 21.6 -0.0432737
17.6 22 -0.0761559
17.6 22.4 -0.0857414
17.6 22.8 -0.0679131
17.6 23.2 -0.0270311
17.6 23.6 0.0232967
17.6 24 0.0642183
17.6 24.4 0.0791816
17.6 24.8 0.0613965
17.6 25.2 0.0174528
17.6 25.6 -0.0349166
17.6 26 -0.0741829
17.6 26.4 -0.00961926
17.6 26.8 0

18 0 0
18 0.4 0.00255068
18 0.8 0.0190225
18 1.2 0.0111992
18 1.6 0.00329932
18 2 0.000757579
18 2.4 0.00661242
18 2.8 0.0192411
18 3.2 0.0326174
18 3.6 0.0387287
18 4 0.0293678
18 4.4 -0.00802244
18 4.8 -0.0434234
18 5.2 -0.0541573
18 5.6 -0.0319772
18 6 0.0234163
18 6.4 0.0761263
18 6.8 0.105324
18 7.2 0.103055
18 7.6 0.0748004
18 8 0.0350249
18 8.4 -0.00139217
18 8.8 -0.0265675
18 9.2 -0.0412227
18 9.6 -0.0502902
18 10 -0.0568187
18 10.4 -0.0594147
18 10.8 -0.055073
18 11.2 -0.0443313
18 11.6 -0.0332646
18 12 -0.0295159
18 12.4 -0.0406038
18 12.8 -0.0639403
18 13.2 -0.0846106
18 13.6 -0.0907244
18 14 -0.0459493
18 14.4 0.00476313
18 14.8 0.0357031
18 15.2 0.0421232
18 15.6 0.0338352
18 16 0.0240303
18 16.4 0.0183569
18 16.8 0.0111428
18 17.2 -0.00870844
18 17.6 -0.0466677
18 18 -0.0948127
18 18.4 -0.133421
18 18.8 -0.141249
18 19.2 -0.107966
18 19.6 -0.0419124
18 20 0.0277672
18 20.4 0.0478281
18 20.8 0.0377268
18 21.2 -0.00640028
18 21.6 -0.0658396
18 22 -0.0868887
18 22.4 -0.0816229
18 22.8 -0.0578
18 23.2 -0.0232418
18 23.6 0.0119813
18 24 0.0373702
18 24.4 0.0454501
18 24.8 0.034613
18 25.2 0.00988303
18 25.6 -0.0188573
18 26 -0.0405725
18 26.4 -0.00539729
18 26.8 0

18.4 0 0
18.4 0.4 0.00296259
18.4 0.8 0.0230544
18.4 1.2 0.011504
18.4 1.6 -0.0020997
18.4 2 -0.00933313
18.4 2.4 -0.00516505
18.4 2.8 0.00895474
18.4 3.2 0.0264509
18.4 3.6 0.0411431
18.4 4 0.053444
18.4 4.4 0.00442256
18.4 4.8 -0.00302484
18.4 5.2 -0.0119466
18.4 5.6 -0.0730296
18.4 6 -0.0188437
18.4 6.4 0.0266937
18.4 6.8 0.0561959
18.4 7.2 0.0629055
18.4 7.6 0.0493246
18.4 8 0.0262439
18.4 8.4 0.00551015
18.4 8.8 -0.00705323
18.4 9.2 -0.01327
18.4 9.6 -0.0183132
18.4 10 -0.0248038
18.4 10.4 -0.030575
18.4 10.8 -0.0318661
18.4 11.2 -0.0287012
18.4 11.6 -0.0263206
18.4 12 -0.0246024
18.4 12.4 -0.00389072
18.4 12.8 -0.00464617
18.4 13.2 -0.0189044
18.4 13.6 -0.148966
18.4 14 -0.0775035
18.4 14.4 -0.0143139
18.4 14.8 0.0176256
18.4 15.2 0.0189821
18.4 15.6 0.00499022
18.4 16 -0.00613818
18.4 16.4 -0.00594048
18.4 16.8 -0.000655481
18.4 17.2 -0.00449698
18.4 17.6 -0.0263489
18.4 18 -0.0601549
18.4 18.4 -0.086517
18.4 18.8 -0.0844916
18.4 19.2 -0.044847
18.4 19.6 0.0248575
18.4 20 0.105029
18.4 20.4 0.0148848
18.4 20.8 0.00221539
18.4 21.2 -0.00991286
18.4 21.6 -0.105725
18.4 22 -0.0831962
18.4 22.4 -0.0521383
18.4 22.8 -0.0239108
18.4 23.2 -0.00392151
18.4 23.6 0.005285
18.4 24 0.00523762
18.4 24.4 0.000688695
18.4 24.8 -0.00318938
18.4 25.2 -0.00362198
18.4 25.6 -0.00131025
18.4 26 0.000730222
18.4 26.4 -3.85814e-05
18.4 26.8 0

18.8 0 0
18.8 0.4 0.002202
18.8 0.8 0.0178975
18.8 1.2 0.00436566
18.8 1.6 -0.0131773
18.8 2 -0.0241681
18.8 2.4 -0.0222569
18.8 2.8 -0.00920171
18.8 3.2 0.00706987
18.8 3.6 0.0206583
18.8 4 0.00483368
18.8 4.4 0
18.8 4.8 0
18.8 5.2 0
18.8 5.6 -0.00992302
18.8 6 -0.0361401
18.8 6.4 -0.0196332
18.8 6.8 -0.0010943
18.8 7.2 0.0102285
18.8 7.6 0.012566
18.8 8 0.0118556
18.8 8.4 0.0152376
18.8 8.8 0.0244094
18.8 9.2 0.0344333
18.8 9.6 0.0384938
18.8 10 0.0340369
18.8 10.4 0.0247818
18.8 10.8 0.0167697
18.8 11.2 0.0112457
18.8 11.6 -0.00281219
18.8 12 -0.000837057
18.8 12.4 0
18.8 12.8 0
18.8 13.2 0
18.8 13.6 -0.0155222
18.8 14 -0.0499167
18.8 14.4 0.00249436
18.8 14.8 0.0114147
18.8 15.2 -0.00820785
18.8 15.6 -0.0353931
18.8 16 -0.0479951
18.8 16.4 -0.0363251
18.8 16.8 -0.00918384
18.8 17.2 0.0137725
18.8 17.6 0.0176634
18.8 18 0.00390742
18.8 18.4 -0.0112277
18.8 18.8 -0.00963588
18.8 19.2 0.015078
18.8 19.6 0.0572827
18.8 20 0.0158977
18.8 20.4 0
18.8 20.8 0
18.8 21.2 0
18.8 21.6 -0.0116647
18.8 22 -0.0474689
18.8 22.4 0.0035477
18.8 22.8 0.0272526
18.8 23.2 0.0264533
18.8 23.6 0.00558619
18.8 24 -0.0227414
18.8 24.4 -0.0421304
18.8 24.8 -0.0408699
18.8 25.2 -0.0184449
18.8 25.6 0.013981
18.8 26 0.0395051
18.8 26.4 0.00509147
18.8 26.8 0

19.2 0 0
19.2 0.4 0.00132128
19.2 0.8 0.0115509
19.2 1.2 -0.00282015
19.2 1.6 -0.0226079
19.2 2 -0.0360995
19.2 2.4 -0.0363901
19.2 2.8 -0.0261827
19.2 3.2 -0.0168735
19.2 3.6 -0.00104744
19.2 4 0
19.2 4.4 0
19.2 4.8 0
19.2 5.2 0
19.2 5.6 0
19.2 6 -0.00521992
19.2 6.4 -0.0455937
19.2 6.8 -0.039334
19.2 7.2 -0.0275117
19.2 7.6 -0.0154321
19.2 8 -0.000320189
19.2 8.4 0.0217017
19.2 8.8 0.0488876
19.2 9.2 0.073151
19.2 9.6 0.0856743
19.2 10 0.0837419
19.2 10.4 0.0728927
19.2 10.8 0.0628917
19.2 11.2 0.0619446
19.2 11.6 0.00618074
19.2 12 0
19.2 12.4 0
19.2 12.8 0
19.2 13.2 0
19.2 13.6 0
19.2 14 0.00356035
19.2 14.4 0.05841
19.2 14.8 0.0238249
19.2 15.2 -0.0222214
19.2 15.6 -0.0639552
19.2 16 -0.0785872
19.2 16.4 -0.0566361
19.2 16.8 -0.0103463
19.2 17.2 0.0347587
19.2 17.6 0.0579496
19.2 18 0.0567136
19.2 18.4 0.0451327
19.2 18.8 0.0386175
19.2 19.2 0.036761
19.2 19.6 0.00647539
19.2 20 0
19.2 20.4 0
19.2 20.8 0
19.2 21.2 0
19.2 21.6 0
19.2 22 0.00144317
19.2 22.4 0.0706185
19.2 22.8 0.0736706
19.2 23.2 0.0527327
19.2 23.6 0.00849925
19.2 24 -0.0410905
19.2 24.4 -0.0719371
19.2 24.8 -0.0676555
19.2 25.2 -0.0292552
19.2 25.6 0.0246023
19.2 26 0.0669698
19.2 26.4 0.00874211
19.2 26.8 0

19.6 0 0
19.6 0.4 0
19.6 0.8 0.00132128
19.6 1.2 -0.000359687
19.6 1.6 -0.00270405
19.6 2 -0.00434115
19.6 2.4 -0.00444587
19.6 2.8 -0.00331307
19.6 3.2 -0.002271
19.6 3.6 0
19.6 4 0
19.6 4.4 0
19.6 4.8 0
19.6 5.2 0
19.6 5.6 0
19.6 6 0
19.6 6.4 -0.00533355
19.6 6.8 -0.00472419
19.6 7.2 -0.00349557
19.6 7.6 -0.00221982
19.6 8 -0.000448162
19.6 8.4 0.00234596
19.6 8.8 0.00590437
19.6 9.2 0.00912967
19.6 9.6 0.0108468
19.6 10 0.0106962
19.6 10.4 0.00939472
19.6 10.8 0.00819032
19.6 11.2 0.00810164
19.6 11.6 0
19.6 12 0
19.6 12.4 0
19.6 12.8 0
19.6 13.2 0
19.6 13.6 0
19.6 14 0
19.6 14.4 0.00817655
19.6 14.8 0.00366037
19.6 15.2 -0.00237422
19.6 15.6 -0.00778483
19.6 16 -0.0095907
19.6 16.4 -0.00661467
19.6 16.8 -0.000539719
19.6 17.2 0.00524058
19.6 17.6 0.00801043
19.6 18 0.00748808
19.6 18.4 0.00559789
19.6 18.8 0.00444897
19.6 19.2 0.00405985
19.6 19.6 0
19.6 20 0
19.6 20.4 0
19.6 20.8 0
19.6 21.2 0
19.6 21.6 0
19.6 22 0
19.6 22.4 0.00866336
19.6 22.8 0.00912641
19.6 23.2 0.00652141
19.6 23.6 0.000917237
19.6 24 -0.00539337
19.6 24.4 -0.00930659
19.6 24.8 -0.008703
19.6 25.2 -0.00370829
19.6 25.6 0.00326757
19.6 26 0.00874211
19.6 26.4 0
19.6 26.8 0

20 0 0
20 0.4 0
20 0.8 0
20 1.2 0
20 1.6 0
20 2 0
20 2.4 0
20 2.8 0
20 3.2 0
20 3.6 0
20 4 0
20 4.4 0
20 4.8 0
20 5.2 0
20 5.6 0
20 6 0
20 6.4 0
20 6.8 0
20 7.2 0
20 7.6 0
20 8 0
20 8.4 0
20 8.8 0
20 9.2 0
20 9.6 0
20 10 0
20 10.4 0
20 10.8 0
20 11.2 0
20 11.6 0
20 12 0
20 12.4 0
20 12.8 0
20 13.2 0
20 13.6 0
20 14 0
20 14.4 0
20 14.8 0
20 15.2 0
20 15.6 0
20 16 0
20 16.4 0
20 16.8 0
20 17.2 0
20 17.6 0
20 18 0
20 18.4 0
20 18.8 0
20 19.2 0
20 19.6 0
20 20 0
20 20.4 0
20 20.8 0
20 21.2 0
20 21.6 0
20 22 0
20 22.4 0
20 22.8 0
20 23.2 0
20 23.6 0
20 24 0
20 24.4 0
20 24.8 0
20 25.2 0
20 25.6 0
20 26 0
20 26.4 0
20 26.8 0

