0 0 0
0 0.4 0
0 0.8 0
0 1.2 0
0 1.6 0
0 2 0
0 2.4 0
0 2.8 0
0 3.2 0
0 3.6 0
0 4 0
0 4.4 0
0 4.8 0
0 5.2 0
0 5.6 0
0 6 0
0 6.4 0
0 6.8 0
0 7.2 0
0 7.6 0
0 8 0
0 8.4 0
0 8.8 0
0 9.2 0
0 9.6 0
0 10 0
0 10.4 0
0 10.8 0
0 11.2 0
0 11.6 0
0 12 0
0 12.4 0
0 12.8 0
0 13.2 0
0 13.6 0
0 14 0
0 14.4 0
0 14.8 0
0 15.2 0
0 15.6 0
0 16 0
0 16.4 0
0 16.8 0
0 17.2 0
0 17.6 0
0 18 0
0 18.4 0
0 18.8 0
0 19.2 0
0 19.6 0
0 20 0
0 20.4 0
0 20.8 0
0 21.2 0
0 21.6 0
0 22 0
0 22.4 0
0 22.8 0
0 23.2 0
0 23.6 0
0 24 0
0 24.4 0
0 24.8 0
0 25.2 0
0 25.6 0
0 26 0
0 26.4 0
0 26.8 0

0.4 0 0
0.4 0.4 0
0.4 0.8 0.04062
0.4 1.2 0.0207686
0.4 1.6 -0.00644096
0.4 2 -0.0301461
0.4 2.4 -0.0404571
0.4 2.8 -0.0324628
0.4 3.2 -0.00847191
0.4 3.6 0.0226783
0.4 4 0.0491664
0.4 4.4 0.0610543
0.4 4.8 0.0543876
0.4 5.2 0.0333339
0.4 5.6 0.00814113
0.4 6 -0.00960694
0.4 6.4 -0.0119168
0.4 6.8 0.00203854
0.4 7.2 0.0252948
0.4 7.6 0.046634
0.4 8 0.0567821
0.4 8.4 0.0534258
0.4 8.8 0.0416645
0.4 9.2 0.0297133
0.4 9.6 0.0232002
0.4 10 0.0223482
0.4 10.4 0.0238433
0.4 10.8 0.025204
0.4 11.2 0.0273274
0.4 11.6 0.0325182
0.4 12 0.0395485
0.4 12.4 0.0407636
0.4 12.8 0.0259717
0.4 13.2 -0.00703751
0.4 13.6 -0.0463497
0.4 14 -0.0708388
0.4 14.4 -0.063908
0.4 14.8 -0.0256976
0.4 15.2 0.0245807
0.4 15.6 0.0590018
0.4 16 0.058244
0.4 16.4 0.0246036
0.4 16.8 -0.0185592
0.4 17.2 -0.0414284
0.4 17.6 -0.0272443
0.4 18 0.0161834
0.4 18.4 0.0607936
0.4 18.8 0.0758004
0.4 19.2 0.04703
0.4 19.6 -0.0142991
0.4 20 -0.078461
0.4 20.4 -0.114626
0.4 20.8 -0.10792
0.4 21.2 -0.0676785
0.4 21.6 -0.0198512
0.4 22 0.00993048
0.4 22.4 0.0102509
0.4 22.8 -0.0119862
0.4 23.2 -0.037883
0.4 23.6 -0.0491706
0.4 24 -0.0391801
0.4 24.4 -0.0153081
0.4 24.8 0.00796657
0.4 25.2 0.0199168
0.4 25.6 0.0202602
0.4 26 0.0172118
0.4 26.4 0
0.4 26.8 0

0.8 0 0
0.8 0.4 0.04062
0.8 0.8 0.292614
0.8 1.2 0.149246
0.8 1.6 -0.0472414
0.8 2 -0.218299
0.8 2.4 -0.292469
0.8 2.8 -0.234339
0.8 3.2 -0.0606971
0.8 3.6 0.164521
0.8 4 0.355863
0.8 4.4 0.441529
0.8 4.8 0.392995
0.8 5.2 0.240534
0.8 5.6 0.0584046
0.8 6 -0.0695733
0.8 6.4 -0.085726
0.8 6.8 0.0156684
0.8 7.2 0.184037
0.8 7.6 0.338246
0.8 8 0.411417
0.8 8.4 0.387054
0.8 8.8 0.30212
0.8 9.2 0.2159
0.8 9.6 0.168855
0.8 10 0.162466
0.8 10.4 0.172878
0.8 10.8 0.182439
0.8 11.2 0.197884
0.8 11.6 0.235846
0.8 12 0.287097
0.8 12.4 0.295835
0.8 12.8 0.18816
0.8 13.2 -0.0516468
0.8 13.6 -0.336829
0.8 14 -0.514074
0.8 14.4 -0.463251
0.8 14.8 -0.185733
0.8 15.2 0.178961
0.8 15.6 0.428404
0.8 16 0.422754
0.8 16.4 0.17889
0.8 16.8 -0.133784
0.8 17.2 -0.299281
0.8 17.6 -0.196326
0.8 18 0.118337
0.8 18.4 0.441366
0.8 18.8 0.549785
0.8 19.2 0.34103
0.8 19.6 -0.103542
0.8 20 -0.568557
0.8 20.4 -0.83068
0.8 20.8 -0.782144
0.8 21.2 -0.490549
0.8 21.6 -0.143829
0.8 22 0.0722997
0.8 22.4 0.0750059
0.8 22.8 -0.0858846
0.8 23.2 -0.27359
0.8 23.6 -0.35574
0.8 24 -0.283853
0.8 24.4 -0.111287
0.8 24.8 0.057228
0.8 25.2 0.14399
0.8 25.6 0.146811
0.8 26 0.124994
0.8 26.4 0.0172118
0.8 26.8 0

1.2 0 0
1.2 0.4 0.0262111
1.2 0.8 0.188901
1.2 1.2 0.0916823
1.2 1.6 -0.0431722
1.2 2 -0.162255
1.2 2.4 -0.21563
1.2 2.8 -0.177022
1.2 3.2 -0.0564541
1.2 3.6 0.101856
1.2 4 0.237179
1.2 4.4 0.296816
1.2 4.8 0.254129
1.2 5.2 0.13144
1.2 5.6 -0.0137534
1.2 6 -0.1183
1.2 6.4 -0.138572
1.2 6.8 -0.0678627
1.2 7.2 0.0561093
1.2 7.6 0.168436
1.2 8 0.213553
1.2 8.4 0.177468
1.2 8.8 0.0927084
1.2 9.2 0.0127232
1.2 9.6 -0.0245292
1.2 10 -0.0162659
1.2 10.4 0.015167
1.2 10.8 0.0500619
1.2 11.2 0.090009
1.2 11.6 0.148868
1.2 12 0.222251
1.2 12.4 0.26261
1.2 12.8 0.192033
1.2 13.2 -0.00970719
1.2 13.6 -0.264053
1.2 14 -0.430513
1.2 14.4 -0.404079
1.2 14.8 -0.184496
1.2 15.2 0.111129
1.2 15.6 0.31088
1.2 16 0.293539
1.2 16.4 0.06936
1.2 16.8 -0.220682
1.2 17.2 -0.391499
1.2 17.6 -0.331883
1.2 18 -0.0764472
1.2 18.4 0.216467
1.2 18.8 0.365837
1.2 19.2 0.280738
1.2 19.6 0.0115604
1.2 20 -0.288872
1.2 20.4 -0.459433
1.2 20.8 -0.412354
1.2 21.2 -0.200677
1.2 21.6 0.030286
1.2 22 0.149386
1.2 22.4 0.109464
1.2 22.8 -0.0410706
1.2 23.2 -0.193991
1.2 23.6 -0.25156
1.2 24 -0.187398
1.2 24.4 -0.0567356
1.2 24.8 0.0495308
1.2 25.2 0.0720149
1.2 25.6 0.0217553
1.2 26 -0.0363797
1.2 26.4 -0.00506094
1.2 26.8 0

1.6 0 0
1.6 0.4 0.00825693
1.6 0.8 0.0596932
1.6 1.2 0.0225655
1.6 1.6 -0.0322266
1.6 2 -0.0848762
1.6 2.4 -0.113538
1.6 2.8 -0.102924
1.6 3.2 -0.0530266
1.6 3.6 0.0183566
1.6 4 0.0835152
1.6 4.4 0.117423
1.6 4.8 0.0840143
1.6 5.2 -0.00207776
1.6 5.6 -0.0999086
1.6 6 -0.171176
1.6 6.4 -0.193573
1.6 6.8 -0.157939
1.6 7.2 -0.0846582
1.6 7.6 -0.0194342
1.6 8 -0.00638623
1.6 8.4 -0.0586024
1.6 8.8 -0.149038
1.6 9.2 -0.229075
1.6 9.6 -0.260531
1.6 10 -0.236928
1.6 10.4 -0.179198
1.6 10.8 -0.112228
1.6 11.2 -0.0436103
1.6 11.6 0.0371846
1.6 12 0.138091
1.6 12.4 0.23157
1.6 12.8 0.211842
1.6 13.2 0.0516255
1.6 13.6 -0.172672
1.6 14 -0.323442
1.6 14.4 -0.321147
1.6 14.8 -0.166412
1.6 15.2 0.0511169
1.6 15.6 0.196992
1.6 16 0.171637
1.6 16.4 -0.0250359
1.6 16.8 -0.289265
1.6 17.2 -0.474883
1.6 17.6 -0.481964
1.6 18 -0.314501
1.6 18.4 -0.0707897
1.6 18.8 0.124405
1.6 19.2 0.197249
1.6 19.6 0.158959
1.6 20 0.0767015
1.6 20.4 0.0164687
1.6 20.8 0.0602107
1.6 21.2 0.170299
1.6 21.6 0.246761
1.6 22 0.232687
1.6 22.4 0.136026
1.6 22.8 0.0027448
1.6 23.2 -0.0975481
1.6 23.6 -0.113218
1.6 24 -0.0485278
1.6 24.4 0.035946
1.6 24.8 0.0647269
1.6 25.2 0.00186517
1.6 25.6 -0.121929
1.6 26 -0.230397
1.6 26.4 -0.0318493
1.6 26.8 0

2 0 0
2 0.4 -0.00547277
2 0.8 -0.0390894
2 1.2 -0.0231546
2 1.6 -0.00709353
2 2 -0.00264413
2 2.4 -0.0134418
2 2.8 -0.0327505
2 3.2 -0.0495971
2 3.6 -0.0573204
2 4 -0.0533049
2 4.4 -0.0151838
2 4.8 -0.03658
2 5.2 -0.0938582
2 5.6 -0.147903
2 6 -0.173087
2 6.4 -0.18546
2 6.8 -0.170823
2 7.2 -0.130941
2 7.6 -0.0945791
2 8 -0.0985584
2 8.4 -0.158882
2 8.8 -0.255746
2 9.2 -0.344303
2 9.6 -0.383075
2 10 -0.35859
2 10.4 -0.288891
2 10.8 -0.205564
2 11.2 -0.129593
2 11.6 -0.0571551
2 12 0.0417927
2 12.4 0.210374
2 12.8 0.236684
2 13.2 0.103899
2 13.6 -0.100389
2 14 -0.207113
2 14.4 -0.204101
2 14.8 -0.0983258
2 15.2 0.0528352
2 15.6 0.158872
2 16 0.145777
2 16.4 0.00169696
2 16.8 -0.213483
2 17.2 -0.401949
2 17.6 -0.482602
2 18 -0.431215
2 18.4 -0.281926
2 18.8 -0.0942398
2 19.2 0.0870894
2 19.6 0.246973
2 20 0.370947
2 20.4 0.368201
2 20.8 0.403405
2 21.2 0.434024
2 21.6 0.371305
2 22 0.231817
2 22.4 0.100125
2 22.8 0.00639419
2 23.2 -0.0237685
2 23.6 0.0163752
2 24 0.0951726
2 24.4 0.149266
2 24.8 0.119384
2 25.2 -0.00815784
2 25.6 -0.185505
2 26 -0.327909
2 26.4 -0.0453304
2 26.8 0

2.4 0 0
2.4 0.4 -0.0095819
2.4 0.8 -0.0685693
2.4 1.2 -0.0235587
2.4 1.6 0.0314575
2.4 2 0.0642815
2.4 2.4 0.0561077
2.4 2.8 0.0111045
2.4 3.2 -0.0495799
2.4 3.6 -0.105505
2.4 4 -0.155967
2.4 4.4 -0.0236424
2.4 4.8 -0.00568881
2.4 5.2 -0.0349708
2.4 5.6 -0.158303
2.4 6 -0.109757
2.4 6.4 -0.0966327
2.4 6.8 -0.0801937
2.4 7.2 -0.0434441
2.4 7.6 -0.00470293
2.4 8 -0.000141956
2.4 8.4 -0.0531003
2.4 8.8 -0.152523
2.4 9.2 -0.256364
2.4 9.6 -0.317221
2.4 10 -0.311472
2.4 10.4 -0.251603
2.4 10.8 -0.175293
2.4 11.2 -0.121395
2.4 11.6 -0.107515
2.4 12 -0.101174
2.4 12.4 0.0140411
2.4 12.8 0.0322113
2.4 13.2 -0.00126243
2.4 13.6 -0.117598
2.4 14 -0.105786
2.4 14.4 -0.0657879
2.4 14.8 0.0116129
2.4 15.2 0.111875
2.4 15.6 0.194574
2.4 16 0.215869
2.4 16.4 0.154366
2.4 16.8 0.023463
2.4 17.2 -0.135316
2.4 17.6 -0.271848
2.4 18 -0.34607
2.4 18.4 -0.336625
2.4 18.8 -0.238356
2.4 19.2 -0.0551916
2.4 19.6 0.205736
2.4 20 0.531406
2.4 20.4 0.122332
2.4 20.8 0.0549935
2.4 21.2 0.107689
2.4 21.6 0.352321
2.4 22 0.10612
2.4 22.4 -0.01228
2.4 22.8 -0.0425229
2.4 23.2 0.000842839
2.4 23.6 0.095558
2.4 24 0.196331
2.4 24.4 0.243853
2.4 24.8 0.194158
2.4 25.2 0.0489723
2.4 25.6 -0.136542
2.4 26 -0.278709
2.4 26.4 -0.0385664
2.4 26.8 0

2.8 0 0
2.8 0.4 -0.00370976
2.8 0.8 -0.0260934
2.8 1.2 0.0182766
2.8 1.6 0.0723138
2.8 2 0.0984737
2.8 2.4 0.0759442
2.8 2.8 0.0131555
2.8 3.2 -0.0581027
2.8 3.6 -0.103893
2.8 4 -0.0344829
2.8 4.4 0
2.8 4.8 0
2.8 5.2 0
2.8 5.6 -0.0207923
2.8 6 0.000300959
2.8 6.4 0.0327117
2.8 6.8 0.0635843
2.8 7.2 0.120892
2.8 7.6 0.186954
2.8 8 0.220351
2.8 8.4 0.18819
2.8 8.8 0.0926685
2.8 9.2 -0.0263681
2.8 9.6 -0.115036
2.8 10 -0.138445
2.8 10.4 -0.10081
2.8 10.8 -0.0411816
2.8 11.2 -0.0134041
2.8 11.6 -0.0768295
2.8 12 -0.0247983
2.8 12.4 0
2.8 12.8 0
2.8 13.2 0
2.8 13.6 -0.0167046
2.8 14 -0.00481656
2.8 14.4 0.0675568
2.8 14.8 0.111236
2.8 15.2 0.158303
2.8 15.6 0.217192
2.8 16 0.277431
2.8 16.4 0.313972
2.8 16.8 0.297864
2.8 17.2 0.211509
2.8 17.6 0.0628076
2.8 18 -0.110309
2.8 18.4 -0.249802
2.8 18.8 -0.300135
2.8 19.2 -0.230746
2.8 19.6 -0.0354533
2.8 20 0.0671714
2.8 20.4 0
2.8 20.8 0
2.8 21.2 0
2.8 21.6 0.03013
2.8 22 -0.135059
2.8 22.4 -0.156188
2.8 22.8 -0.117555
2.8 23.2 -0.0248721
2.8 23.6 0.0998547
2.8 24 0.215035
2.8 24.4 0.271627
2.8 24.8 0.237557
2.8 25.2 0.120135
2.8 25.6 -0.0302916
2.8 26 -0.142027
2.8 26.4 -0.0197139
2.8 26.8 0

3.2 0 0
3.2 0.4 0.00754758
3.2 0.8 0.0552543
3.2 1.2 0.07661
3.2 1.6 0.0993664
3.2 2 0.0936933
3.2 2.4 0.0466088
3.2 2.8 -0.0271992
3.2 3.2 -0.0908783
3.2 3.6 -0.0256693
3.2 4 0
3.2 4.4 0
3.2 4.8 0
3.2 5.2 0
3.2 5.6 0
3.2 6 0.0195304
3.2 6.4 0.135903
3.2 6.8 0.171635
3.2 7.2 0.25156
3.2 7.6 0.347361
3.2 8 0.411217
3.2 8.4 0.402922
3.2 8.8 0.317954
3.2 9.2 0.19357
3.2 9.6 0.0871689
3.2 10 0.0415227
3.2 10.4 0.0608167
3.2 10.8 0.113089
3.2 11.2 0.156617
3.2 11.6 0.0110307
3.2 12 0
3.2 12.4 0
3.2 12.8 0
3.2 13.2 0
3.2 13.6 0
3.2 14 0.0207669
3.2 14.4 0.163878
3.2 14.8 0.135238
3.2 15.2 0.107443
3.2 15.6 0.120455
3.2 16 0.197477
3.2 16.4 0.319548
3.2 16.8 0.426789
3.2 17.2 0.448448
3.2 17.6 0.345019
3.2 18 0.136693
3.2 18.4 -0.103087
3.2 18.8 -0.288757
3.2 19.2 -0.378511
3.2 19.6 -0.0568478
3.2 20 0
3.2 20.4 0
3.2 20.8 0
3.2 21.2 0
3.2 21.6 0
3.2 22 -0.0488806
3.2 22.4 -0.222821
3.2 22.8 -0.169579
3.2 23.2 -0.0805469
3.2 23.6 0.0337605
3.2 24 0.143008
3.2 24.4 0.208772
3.2 24.8 0.204981
3.2 25.2 0.135787
3.2 25.6 0.0383905
3.2 26 -0.0335885
3.2 26.4 -0.00473009
3.2 26.8 0

3.6 0 0
3.6 0.4 0.0172179
3.6 0.8 0.125169
3.6 1.2 0.117211
3.6 1.6 0.100467
3.6 2 0.0598382
3.6 2.4 -0.00627538
3.6 2.8 -0.0808864
3.6 3.2 -0.136933
3.6 3.6 -0.01883
3.6 4 0
3.6 4.4 0
3.6 4.8 0
3.6 5.2 0
3.6 5.6 0
3.6 6 0.019011
3.6 6.4 0.139862
3.6 6.8 0.178509
3.6 7.2 0.263452
3.6 7.6 0.366558
3.6 8 0.441371
3.6 8.4 0.447692
3.6 8.8 0.378448
3.6 9.2 0.26691
3.6 9.6 0.167159
3.6 10 0.120845
3.6 10.4 0.133488
3.6 10.8 0.177113
3.6 11.2 0.217227
3.6 11.6 0.0296733
3.6 12 0
3.6 12.4 0
3.6 12.8 0
3.6 13.2 0
3.6 13.6 0
3.6 14 0.0175599
3.6 14.4 0.131703
3.6 14.8 0.046648
3.6 15.2 -0.0656075
3.6 15.6 -0.126244
3.6 16 -0.0724037
3.6 16.4 0.0957499
3.6 16.8 0.30477
3.6 17.2 0.444781
3.6 17.6 0.433185
3.6 18 0.264616
3.6 18.4 0.0138134
3.6 18.8 -0.21301
3.6 19.2 -0.346341
3.6 19.6 -0.0473601
3.6 20 0
3.6 20.4 0
3.6 20.8 0
3.6 21.2 0
3.6 21.6 0
3.6 22 -0.0280841
3.6 22.4 -0.203683
3.6 22.8 -0.184627
3.6 23.2 -0.141647
3.6 23.6 -0.0674266
3.6 24 0.0188154
3.6 24.4 0.0842969
3.6 24.8 0.102678
3.6 25.2 0.0708627
3.6 25.6 0.0126924
3.6 26 -0.0336864
3.6 26.4 -0.00469746
3.6 26.8 0

4 0 0
4 0.4 0.0195326
4 0.8 0.14193
4 1.2 0.11475
4 1.6 0.0731739
4 2 0.0171331
4 2.4 -0.0450018
4 2.8 -0.0972845
4 3.2 -0.126654
4 3.6 -0.0116245
4 4 0
4 4.4 0
4 4.8 0
4 5.2 0
4 5.6 0
4 6 0.00276621
4 6.4 0.0645241
4 6.8 0.0928494
4 7.2 0.154483
4 7.6 0.230455
4 8 0.285934
4 8.4 0.290476
4 8.8 0.23997
4 9.2 0.162054
4 9.6 0.0990918
4 10 0.0799346
4 10.4 0.101069
4 10.8 0.13209
4 11.2 0.145561
4 11.6 -4.85056e-05
4 12 0
4 12.4 0
4 12.8 0
4 13.2 0
4 13.6 0
4 14 0.00594839
4 14.4 0.0427856
4 14.8 -0.0835373
4 15.2 -0.277352
4 15.6 -0.428779
4 16 -0.436215
4 16.4 -0.272323
4 16.8 -0.0075648
4 17.2 0.227372
4 17.6 0.31816
4 18 0.234636
4 18.4 0.0446235
4 18.8 -0.135704
4 19.2 -0.225088
4 19.6 -0.0130441
4 20 0
4 20.4 0
4 20.8 0
4 21.2 0
4 21.6 0
4 22 0.0274037
4 22.4 -0.115215
4 22.8 -0.161905
4 23.2 -0.179284
4 23.6 -0.146585
4 24 -0.0825995
4 24.4 -0.024255
4 24.8 -0.00342793
4 25.2 -0.0288504
4 25.6 -0.0820051
4 26 -0.129367
4 26.4 -0.017847
4 26.8 0

4.4 0 0
4.4 0.4 0.0127066
4.4 0.8 0.0925149
4.4 1.2 0.0648291
4.4 1.6 0.0248304
4.4 2 -0.0176342
4.4 2.4 -0.0491852
4.4 2.8 -0.0562602
4.4 3.2 -0.028638
4.4 3.6 0.0472175
4.4 4 0.00592735
4.4 4.4 0
4.4 4.8 0
4.4 5.2 0
4.4 5.6 -0.00586091
4.4 6 -0.0438334
4.4 6.4 -0.0290355
4.4 6.8 -0.017367
4.4 7.2 0.00315258
4.4 7.6 0.0261627
4.4 8 0.0368553
4.4 8.4 0.0239456
4.4 8.8 -0.00786437
4.4 9.2 -0.0370778
4.4 9.6 -0.0396529
4.4 10 -0.00890809
4.4 10.4 0.0340656
4.4 10.8 0.0485738
4.4 11.2 -0.00428067
4.4 11.6 -0.152027
4.4 12 -0.019882
4.4 12.4 0
4.4 12.8 0
4.4 13.2 0
4.4 13.6 0.000266367
4.4 14 0.00454044
4.4 14.4 0.0149131
4.4 14.8 -0.131968
4.4 15.2 -0.387069
4.4 15.6 -0.621013
4.4 16 -0.703785
4.4 16.4 -0.582145
4.4 16.8 -0.313455
4.4 17.2 -0.0329219
4.4 17.6 0.127971
4.4 18 0.120321
4.4 18.4 0.00321987
4.4 18.8 -0.0993007
4.4 19.2 -0.0742616
4.4 19.6 0.134139
4.4 20 0.0176957
4.4 20.4 0
4.4 20.8 0
4.4 21.2 0
4.4 21.6 0.0433376
4.4 22 0.318639
4.4 22.4 0.0462359
4.4 22.8 -0.113595
4.4 23.2 -0.175768
4.4 23.6 -0.15535
4.4 24 -0.0915239
4.4 24.4 -0.036116
4.4 24.8 -0.0292936
4.4 25.2 -0.0798545
4.4 25.6 -0.162418
4.4 26 -0.233817
4.4 26.4 -0.0322228
4.4 26.8 0

4.8 0 0
4.8 0.4 -0.000324187
4.8 0.8 -0.00196725
4.8 1.2 -0.0137516
4.8 1.6 -0.0297832
4.8 2 -0.0382236
4.8 2.4 -0.0286528
4.8 2.8 0.00274658
4.8 3.2 0.0493996
4.8 3.6 0.0878333
4.8 4 0.011631
4.8 4.4 0
4.8 4.8 0
4.8 5.2 0
4.8 5.6 -0.00895742
4.8 6 -0.0672009
4.8 6.4 -0.0838714
4.8 6.8 -0.0715427
4.8 7.2 -0.0841478
4.8 7.6 -0.118804
4.8 8 -0.163867
4.8 8.4 -0.204529
4.8 8.8 -0.22237
4.8 9.2 -0.200869
4.8 9.6 -0.136518
4.8 10 -0.0477254
4.8 10.4 0.0268284
4.8 10.8 0.0422544
4.8 11.2 -0.0298213
4.8 11.6 -0.164876
4.8 12 -0.0217853
4.8 12.4 0
4.8 12.8 0
4.8 13.2 0
4.8 13.6 0.00850677
4.8 14 0.0645168
4.8 14.4 0.129643
4.8 14.8 -0.0268874
4.8 15.2 -0.309872
4.8 15.6 -0.586628
4.8 16 -0.721985
4.8 16.4 -0.649763
4.8 16.8 -0.413011
4.8 17.2 -0.139751
4.8 17.6 0.0345565
4.8 18 0.0497743
4.8 18.4 -0.0465972
4.8 18.8 -0.138374
4.8 19.2 -0.116103
4.8 19.6 0.106499
4.8 20 0.0140542
4.8 20.4 0
4.8 20.8 0
4.8 21.2 0
4.8 21.6 0.0423954
4.8 22 0.311006
4.8 22.4 0.0399166
4.8 22.8 -0.114109
4.8 23.2 -0.14876
4.8 23.6 -0.0893383
4.8 24 0.00729056
4.8 24.4 0.0734067
4.8 24.8 0.0621383
4.8 25.2 -0.0292357
4.8 25.6 -0.158611
4.8 26 -0.26251
4.8 26.4 -0.0361736
4.8 26.8 0

5.2 0 0
5.2 0.4 -0.0134953
5.2 0.8 -0.0976882
5.2 1.2 -0.087316
5.2 1.6 -0.0714838
5.2 2 -0.0428524
5.2 2.4 0.000969749
5.2 2.8 0.0537591
5.2 3.2 0.104155
5.2 3.6 0.0264019
5.2 4 0
5.2 4.4 0
5.2 4.8 0
5.2 5.2 0
5.2 5.6 0
5.2 6 -0.0230603
5.2 6.4 -0.105725
5.2 6.8 -0.0112696
5.2 7.2 -0.0360739
5.2 7.6 -0.119989
5.2 8 -0.219317
5.2 8.4 -0.292728
5.2 8.8 -0.306669
5.2 9.2 -0.247636
5.2 9.6 -0.130685
5.2 10 0.00391779
5.2 10.4 0.105999
5.2 10.8 0.13301
5.2 11.2 0.0534564
5.2 11.6 -0.0154383
5.2 12 0
5.2 12.4 0
5.2 12.8 0
5.2 13.2 0
5.2 13.6 0
5.2 14 0.0567925
5.2 14.4 0.351895
5.2 14.8 0.154879
5.2 15.2 -0.105031
5.2 15.6 -0.355486
5.2 16 -0.488228
5.2 16.4 -0.441009
5.2 16.8 -0.244637
5.2 17.2 -0.011988
5.2 17.6 0.128712
5.2 18 0.114148
5.2 18.4 -0.0175383
5.2 18.8 -0.168978
5.2 19.2 -0.299427
5.2 19.6 -0.0260683
5.2 20 0
5.2 20.4 0
5.2 20.8 0
5.2 21.2 0
5.2 21.6 0
5.2 22 0.0275285
5.2 22.4 -0.111763
5.2 22.8 -0.168111
5.2 23.2 -0.121839
5.2 23.6 0.0082077
5.2 24 0.156538
5.2 24.4 0.244888
5.2 24.8 0.223233
5.2 25.2 0.0973445
5.2 25.6 -0.0723093
5.2 26 -0.200843
5.2 26.4 -0.0276777
5.2 26.8 0

5.6 0 0
5.6 0.4 -0.0207972
5.6 0.8 -0.151094
5.6 1.2 -0.12374
5.6 1.6 -0.0837073
5.6 2 -0.0308959
5.6 2.4 0.0278931
5.6 2.8 0.0759866
5.6 3.2 0.0253143
5.6 3.6 0
5.6 4 0
5.6 4.4 0
5.6 4.8 0
5.6 5.2 0
5.6 5.6 0
5.6 6 0
5.6 6.4 0.0151035
5.6 6.8 0.213507
5.6 7.2 0.136451
5.6 7.6 0.00724471
5.6 8 -0.137209
5.6 8.4 -0.243123
5.6 8.8 -0.265166
5.6 9.2 -0.19106
5.6 9.6 -0.0502412
5.6 10 0.10138
5.6 10.4 0.212996
5.6 10.8 0.267672
5.6 11.2 0.0422773
5.6 11.6 0
5.6 12 0
5.6 12.4 0
5.6 12.8 0
5.6 13.2 0
5.6 13.6 0
5.6 14 0
5.6 14.4 0.0740488
5.6 14.8 0.189199
5.6 15.2 0.059231
5.6 15.6 -0.0836083
5.6 16 -0.154183
5.6 16.4 -0.098179
5.6 16.8 0.0681481
5.6 17.2 0.254569
5.6 17.6 0.347778
5.6 18 0.288423
5.6 18.4 0.118992
5.6 18.8 -0.0356924
5.6 19.2 -0.0448882
5.6 19.6 0
5.6 20 0
5.6 20.4 0
5.6 20.8 0
5.6 21.2 0
5.6 21.6 0
5.6 22 0
5.6 22.4 -0.0455327
5.6 22.8 -0.224676
5.6 23.2 -0.113126
5.6 23.6 0.069527
5.6 24 0.255826
5.6 24.4 0.364509
5.6 24.8 0.345427
5.6 25.2 0.209328
5.6 25.6 0.0262354
5.6 26 -0.107962
5.6 26.4 -0.0148768
5.6 26.8 0

6 0 0
6 0.4 -0.0194391
6 0.8 -0.141829
6 1.2 -0.109301
6 1.6 -0.0613006
6 2 -0.00348306
6 2.4 0.0530796
6 2.8 0.0930435
6 3.2 0.0125127
6 3.6 0
6 4 0
6 4.4 0
6 4.8 0
6 5.2 0
6 5.6 0
6 6 0
6 6.4 0.0513662
6 6.8 0.376341
6 7.2 0.291424
6 7.6 0.151615
6 8 -0.0138438
6 8.4 -0.143366
6 8.8 -0.180483
6 9.2 -0.111167
6 9.6 0.0247993
6 10 0.158451
6 10.4 0.238175
6 10.8 0.266849
6 11.2 0.0362334
6 11.6 0
6 12 0
6 12.4 0
6 12.8 0
6 13.2 0
6 13.6 0
6 14 0
6 14.4 0.0122823
6 14.8 0.0920096
6 15.2 0.0889502
6 15.6 0.0773007
6 16 0.0854689
6 16.4 0.157952
6 16.8 0.300606
6 17.2 0.452264
6 17.6 0.515018
6 18 0.427067
6 18.4 0.225081
6 18.8 0.0450606
6 19.2 0.00586106
6 19.6 0
6 20 0
6 20.4 0
6 20.8 0
6 21.2 0
6 21.6 0
6 22 0
6 22.4 -0.0338197
6 22.8 -0.24611
6 23.2 -0.133191
6 23.6 0.0435476
6 24 0.22482
6 24.4 0.336929
6 24.8 0.332363
6 25.2 0.218881
6 25.6 0.0596783
6 26 -0.0570167
6 26.4 -0.00784913
6 26.8 0

6.4 0 0
6.4 0.4 -0.0112481
6.4 0.8 -0.0829346
6.4 1.2 -0.0563824
6.4 1.6 -0.0159429
6.4 2 0.0295537
6.4 2.4 0.0687593
6.4 2.8 0.0921047
6.4 3.2 0.0189671
6.4 3.6 0
6.4 4 0
6.4 4.4 0
6.4 4.8 0
6.4 5.2 0
6.4 5.6 0
6.4 6 0
6.4 6.4 0.0297833
6.4 6.8 0.348164
6.4 7.2 0.312683
6.4 7.6 0.207945
6.4 8 0.0513837
6.4 8.4 -0.0870692
6.4 8.8 -0.137336
6.4 9.2 -0.0792984
6.4 9.6 0.0405529
6.4 10 0.139287
6.4 10.4 0.156814
6.4 10.8 0.109351
6.4 11.2 -0.0482174
6.4 11.6 0
6.4 12 0
6.4 12.4 0
6.4 12.8 0
6.4 13.2 0
6.4 13.6 0
6.4 14 0
6.4 14.4 -0.130203
6.4 14.8 -0.137044
6.4 15.2 -0.00880829
6.4 15.6 0.0820452
6.4 16 0.124802
6.4 16.4 0.176512
6.4 16.8 0.281179
6.4 17.2 0.41219
6.4 17.6 0.480122
6.4 18 0.402756
6.4 18.4 0.185201
6.4 18.8 -0.0465998
6.4 19.2 -0.116714
6.4 19.6 0
6.4 20 0
6.4 20.4 0
6.4 20.8 0
6.4 21.2 0
6.4 21.6 0
6.4 22 0
6.4 22.4 -0.0187995
6.4 22.8 -0.216739
6.4 23.2 -0.166177
6.4 23.6 -0.0638016
6.4 24 0.0601375
6.4 24.4 0.152065
6.4 24.8 0.169949
6.4 25.2 0.109955
6.4 25.6 0.0109785
6.4 26 -0.0661722
6.4 26.4 -0.00910166
6.4 26.8 0

6.8 0 0
6.8 0.4 -0.0014463
6.8 0.8 -0.0120815
6.8 1.2 0.0039265
6.8 1.6 0.0297465
6.8 2 0.0549956
6.8 2.4 0.0693309
6.8 2.8 0.0669833
6.8 3.2 0.0484003
6.8 3.6 0.00678597
6.8 4 0
6.8 4.4 0
6.8 4.8 0
6.8 5.2 0
6.8 5.6 0
6.8 6 -0.0177544
6.8 6.4 -0.133909
6.8 6.8 0.104942
6.8 7.2 0.198914
6.8 7.6 0.162163
6.8 8 0.0333245
6.8 8.4 -0.102431
6.8 8.8 -0.158383
6.8 9.2 -0.103831
6.8 9.6 0.0127528
6.8 10 0.0939536
6.8 10.4 0.0558444
6.8 10.8 -0.128495
6.8 11.2 -0.465743
6.8 11.6 -0.0632748
6.8 12 0
6.8 12.4 0
6.8 12.8 0
6.8 13.2 0
6.8 13.6 0
6.8 14 -0.111296
6.8 14.4 -0.81751
6.8 14.8 -0.363807
6.8 15.2 -0.083439
6.8 15.6 0.0262852
6.8 16 0.00763717
6.8 16.4 -0.0320668
6.8 16.8 0.00461896
6.8 17.2 0.126293
6.8 17.6 0.241779
6.8 18 0.228444
6.8 18.4 0.0256996
6.8 18.8 -0.33091
6.8 19.2 -0.810252
6.8 19.6 -0.110044
6.8 20 0
6.8 20.4 0
6.8 20.8 0
6.8 21.2 0
6.8 21.6 0
6.8 22 0.0110667
6.8 22.4 0.0808199
6.8 22.8 -0.0765348
6.8 23.2 -0.163301
6.8 23.6 -0.187458
6.8 24 -0.158203
6.8 24.4 -0.104177
6.8 24.8 -0.0601486
6.8 25.2 -0.0468607
6.8 25.6 -0.0609464
6.8 26 -0.0819306
6.8 26.4 -0.0112689
6.8 26.8 0

7.2 0 0
7.2 0.4 0.00444409
7.2 0.8 0.0307566
7.2 1.2 0.0398565
7.2 1.6 0.0549981
7.2 2 0.0646415
7.2 2.4 0.0602418
7.2 2.8 0.0425248
7.2 3.2 0.0244021
7.2 3.6 0.00369954
7.2 4 0
7.2 4.4 0
7.2 4.8 0
7.2 5.2 0
7.2 5.6 0
7.2 6 -0.0248447
7.2 6.4 -0.184405
7.2 6.8 -0.0228558
7.2 7.2 0.0969996
7.2 7.6 0.0966239
7.2 8 -0.0118017
7.2 8.4 -0.14354
7.2 8.8 -0.200338
7.2 9.2 -0.138806
7.2 9.6 -0.00181505
7.2 10 0.109657
7.2 10.4 0.105286
7.2 10.8 -0.0312151
7.2 11.2 -0.217406
7.2 11.6 -0.0297332
7.2 12 0
7.2 12.4 0
7.2 12.8 0
7.2 13.2 0
7.2 13.6 0
7.2 14 -0.0396588
7.2 14.4 -0.291257
7.2 14.8 -0.0590467
7.2 15.2 0.0933044
7.2 15.6 0.0551519
7.2 16 -0.132958
7.2 16.4 -0.324231
7.2 16.8 -0.374722
7.2 17.2 -0.249195
7.2 17.6 -0.0482517
7.2 18 0.0631542
7.2 18.4 -0.0267818
7.2 18.8 -0.29781
7.2 19.2 -0.602296
7.2 19.6 -0.0816271
7.2 20 0
7.2 20.4 0
7.2 20.8 0
7.2 21.2 0
7.2 21.6 0
7.2 22 0.0310275
7.2 22.4 0.225793
7.2 22.8 0.0686517
7.2 23.2 -0.112676
7.2 23.6 -0.254462
7.2 24 -0.319793
7.2 24.4 -0.305194
7.2 24.8 -0.235353
7.2 25.2 -0.146811
7.2 25.6 -0.0717327
7.2 26 -0.0305311
7.2 26.4 -0.00419014
7.2 26.8 0

7.6 0 0
7.6 0.4 0.00367292
7.6 0.8 0.0255223
7.6 1.2 0.0363626
7.6 1.6 0.0516394
7.6 2 0.057184
7.6 2.4 0.0440744
7.6 2.8 0.016254
7.6 3.2 -0.00782528
7.6 3.6 -0.000449499
7.6 4 0
7.6 4.4 0
7.6 4.8 0
7.6 5.2 0
7.6 5.6 0
7.6 6 -0.0273049
7.6 6.4 -0.200507
7.6 6.8 -0.0607356
7.6 7.2 0.0653552
7.6 7.6 0.0827651
7.6 8 -0.012932
7.6 8.4 -0.142654
7.6 8.8 -0.202856
7.6 9.2 -0.138236
7.6 9.6 0.020501
7.6 10 0.179091
7.6 10.4 0.246912
7.6 10.8 0.203927
7.6 11.2 0.124305
7.6 11.6 0.016543
7.6 12 0
7.6 12.4 0
7.6 12.8 0
7.6 13.2 0
7.6 13.6 0
7.6 14 0.0527864
7.6 14.4 0.388661
7.6 14.8 0.443173
7.6 15.2 0.40344
7.6 15.6 0.166837
7.6 16 -0.206367
7.6 16.4 -0.537637
7.6 16.8 -0.653478
7.6 17.2 -0.506031
7.6 17.6 -0.20854
7.6 18 0.0390813
7.6 18.4 0.0847708
7.6 18.8 -0.0717994
7.6 19.2 -0.272403
7.6 19.6 -0.0367313
7.6 20 0
7.6 20.4 0
7.6 20.8 0
7.6 21.2 0
7.6 21.6 0
7.6 22 0.0547665
7.6 22.4 0.398492
7.6 22.8 0.22227
7.6 23.2 -0.0132242
7.6 23.6 -0.227008
7.6 24 -0.353376
7.6 24.4 -0.364249
7.6 24.8 -0.274508
7.6 25.2 -0.129837
7.6 25.6 0.0135744
7.6 26 0.106802
7.6 26.4 0.0147239
7.6 26.8 0

8 0 0
8 0.4 -0.00249469
8 0.8 -0.0188549
8 1.2 0.00203298
8 1.6 0.02842
8 2 0.0412511
8 2.4 0.027934
8 2.8 -0.00844536
8 3.2 -0.0461916
8 3.6 -0.0288961
8 4 0
8 4.4 0
8 4.8 0
8 5.2 0
8 5.6 0
8 6 -0.0749365
8 6.4 -0.184854
8 6.8 -0.0383679
8 7.2 0.100075
8 7.6 0.13607
8 8 0.0570931
8 8.4 -0.067786
8 8.8 -0.138839
8 9.2 -0.093773
8 9.6 0.0523573
8 10 0.221174
8 10.4 0.327624
8 10.8 0.340157
8 11.2 0.306203
8 11.6 0.0389253
8 12 0
8 12.4 0
8 12.8 0
8 13.2 0
8 13.6 0
8 14 0.125762
8 14.4 0.741022
8 14.8 0.728022
8 15.2 0.584582
8 15.6 0.242032
8 16 -0.212321
8 16.4 -0.58606
8 16.8 -0.702045
8 17.2 -0.515191
8 17.6 -0.147753
8 18 0.184118
8 18.4 0.306701
8 18.8 0.200728
8 19.2 0.0204719
8 19.6 -0.0247434
8 20 0
8 20.4 0
8 20.8 0
8 21.2 0
8 21.6 0
8 22 0.101317
8 22.4 0.459679
8 22.8 0.303973
8 23.2 0.0809703
8 23.6 -0.134243
8 24 -0.268607
8 24.4 -0.283513
8 24.8 -0.186768
8 25.2 -0.0234805
8 25.6 0.144932
8 26 0.261972
8 26.4 0.0360955
8 26.8 0

8.4 0 0
8.4 0.4 -0.0100123
8.4 0.8 -0.0732592
8.4 1.2 -0.038562
8.4 1.6 0.00486579
8.4 2 0.0316948
8.4 2.4 0.0232146
8.4 2.8 -0.0229747
8.4 3.2 -0.0941157
8.4 3.6 -0.181319
8.4 4 -0.0523049
8.4 4.4 0
8.4 4.8 0
8.4 5.2 0
8.4 5.6 -0.0934578
8.4 6 -0.365054
8.4 6.4 -0.199669
8.4 6.8 -0.0107858
8.4 7.2 0.149057
8.4 7.6 0.212252
8.4 8 0.164184
8.4 8.4 0.0564394
8.4 8.8 -0.0281415
8.4 9.2 -0.0297658
8.4 9.6 0.0523325
8.4 10 0.164797
8.4 10.4 0.239022
8.4 10.8 0.233702
8.4 11.2 0.147568
8.4 11.6 -0.0184971
8.4 12 -0.0795574
8.4 12.4 0
8.4 12.8 0
8.4 13.2 0
8.4 13.6 -0.0628328
8.4 14 0.192275
8.4 14.4 0.470292
8.4 14.8 0.56727
8.4 15.2 0.464993
8.4 15.6 0.174007
8.4 16 -0.199215
8.4 16.4 -0.480591
8.4 16.8 -0.521567
8.4 17.2 -0.293449
8.4 17.6 0.0848837
8.4 18 0.410859
8.4 18.4 0.517722
8.4 18.8 0.372231
8.4 19.2 0.0833378
8.4 19.6 -0.198257
8.4 20 -0.0875609
8.4 20.4 0
8.4 20.8 0
8.4 21.2 0
8.4 21.6 0.0123141
8.4 22 0.2772
8.4 22.4 0.319584
8.4 22.8 0.24864
8.4 23.2 0.105171
8.4 23.6 -0.0447142
8.4 24 -0.137354
8.4 24.4 -0.138403
8.4 24.8 -0.0529387
8.4 25.2 0.0833846
8.4 25.6 0.223087
8.4 26 0.324053
8.4 26.4 0.0446442
8.4 26.8 0

8.8 0 0
8.8 0.4 -0.0148213
8.8 0.8 -0.108328
8.8 1.2 -0.0617576
8.8 1.6 -0.00209768
8.8 2 0.0399587
8.8 2.4 0.0407475
8.8 2.8 -0.00480715
8.8 3.2 -0.0816478
8.8 3.6 -0.163198
8.8 4 -0.215998
8.8 4.4 -0.0331646
8.8 4.8 0.00135259
8.8 5.2 -0.0461323
8.8 5.6 -0.326794
8.8 6 -0.289493
8.8 6.4 -0.167303
8.8 6.8 -0.000899253
8.8 7.2 0.154584
8.8 7.6 0.242884
8.8 8 0.240995
8.8 8.4 0.171734
8.8 8.8 0.0857828
8.8 9.2 0.0281111
8.8 9.6 0.0123441
8.8 10 0.0186276
8.8 10.4 0.012093
8.8 10.8 -0.03522
8.8 11.2 -0.137116
8.8 11.6 -0.305641
8.8 12 -0.564846
8.8 12.4 -0.0936407
8.8 12.8 0.000733913
8.8 13.2 -0.0965131
8.8 13.6 -0.641989
8.8 14 -0.246963
8.8 14.4 0.0134788
8.8 14.8 0.130787
8.8 15.2 0.107352
8.8 15.6 -0.0277514
8.8 16 -0.196732
8.8 16.4 -0.289142
8.8 16.8 -0.217338
8.8 17.2 0.0236266
8.8 17.6 0.337424
8.8 18 0.571551
8.8 18.4 0.603631
8.8 18.8 0.414077
8.8 19.2 0.0940703
8.8 19.6 -0.220063
8.8 20 -0.436704
8.8 20.4 -0.0461013
8.8 20.8 0.0211893
8.8 21.2 -0.0223454
8.8 21.6 -0.189506
8.8 22 -0.00676037
8.8 22.4 0.07946
8.8 22.8 0.0871559
8.8 23.2 0.0435091
8.8 23.6 -0.00988251
8.8 24 -0.0349935
8.8 24.4 -0.0151628
8.8 24.8 0.0415548
8.8 25.2 0.113381
8.8 25.6 0.179466
8.8 26 0.227542
8.8 26.4 0.0313436
8.8 26.8 0

9.2 0 0
9.2 0.4 -0.0152518
9.2 0.8 -0.11181
9.2 1.2 -0.0594053
9.2 1.6 0.00999143
9.2 2 0.0631639
9.2 2.4 0.074399
9.2 2.8 0.038272
9.2 3.2 -0.0272408
9.2 3.6 -0.0877107
9.2 4 -0.102135
9.2 4.4 -0.0292499
9.2 4.8 0.0113027
9.2 5.2 -0.017524
9.2 5.6 -0.137187
9.2 6 -0.167994
9.2 6.4 -0.128186
9.2 6.8 -0.0354439
9.2 7.2 0.0804398
9.2 7.6 0.180938
9.2 8 0.234443
9.2 8.4 0.228251
9.2 8.8 0.169336
9.2 9.2 0.0762035
9.2 9.6 -0.0307272
9.2 10 -0.134699
9.2 10.4 -0.224043
9.2 10.8 -0.292732
9.2 11.2 -0.340871
9.2 11.6 -0.368318
9.2 12 -0.343452
9.2 12.4 -0.114582
9.2 12.8 0.0119168
9.2 13.2 -0.0570937
9.2 13.6 -0.305326
9.2 14 -0.319989
9.2 14.4 -0.307471
9.2 14.8 -0.300951
9.2 15.2 -0.286787
9.2 15.6 -0.252557
9.2 16 -0.188772
9.2 16.4 -0.0821021
9.2 16.8 0.0765696
9.2 17.2 0.271158
9.2 17.6 0.448798
9.2 18 0.536607
9.2 18.4 0.483679
9.2 18.8 0.300487
9.2 19.2 0.0651013
9.2 19.6 -0.111448
9.2 20 -0.130305
9.2 20.4 0.0998236
9.2 20.8 0.154049
9.2 21.2 0.0257155
9.2 21.6 -0.148411
9.2 22 -0.163752
9.2 22.4 -0.13136
9.2 22.8 -0.0947928
9.2 23.2 -0.063584
9.2 23.6 -0.0306092
9.2 24 0.00891276
9.2 24.4 0.0468236
9.2 24.8 0.0670223
9.2 25.2 0.0602808
9.2 25.6 0.0348897
9.2 26 0.0128765
9.2 26.4 0.00176036
9.2 26.8 0

9.6 0 0
9.6 0.4 -0.0124932
9.6 0.8 -0.0920707
9.6 1.2 -0.0412626
9.6 1.6 0.0282212
9.6 2 0.0845169
9.6 2.4 0.10327
9.6 2.8 0.0799766
9.6 3.2 0.0326502
9.6 3.6 -0.00671577
9.6 4 -0.00784559
9.6 4.4 0.0390579
9.6 4.8 0.0832278
9.6 5.2 0.0836003
9.6 5.6 0.0299673
9.6 6 -0.0414434
9.6 6.4 -0.0957463
9.6 6.8 -0.105807
9.6 7.2 -0.0590679
9.6 7.6 0.0341727
9.6 8 0.14043
9.6 8.4 0.213925
9.6 8.8 0.215077
9.6 9.2 0.128869
9.6 9.6 -0.0258829
9.6 10 -0.20175
9.6 10.4 -0.341548
9.6 10.8 -0.402197
9.6 11.2 -0.370665
9.6 11.6 -0.260598
9.6 12 -0.0894541
9.6 12.4 0.134635
9.6 12.8 0.287413
9.6 13.2 0.279445
9.6 13.6 0.122493
9.6 14 -0.116048
9.6 14.4 -0.365504
9.6 14.8 -0.525
9.6 15.2 -0.525642
9.6 15.6 -0.37277
9.6 16 -0.135429
9.6 16.4 0.0990439
9.6 16.8 0.267826
9.6 17.2 0.347755
9.6 17.6 0.344458
9.6 18 0.275336
9.6 18.4 0.163425
9.6 18.8 0.0425866
9.6 19.2 -0.0394043
9.6 19.6 -0.0329317
9.6 20 0.0821504
9.6 20.4 0.243869
9.6 20.8 0.254011
9.6 21.2 0.0879656
9.6 21.6 -0.132214
9.6 22 -0.239477
9.6 22.4 -0.254898
9.6 22.8 -0.217689
9.6 23.2 -0.15009
9.6 23.6 -0.0653262
9.6 24 0.0168158
9.6 24.4 0.0665089
9.6 24.8 0.0576073
9.6 25.2 -0.0121743
9.6 25.6 -0.112568
9.6 26 -0.19384
9.6 26.4 -0.0267349
9.6 26.8 0

10 0 0
10 0.4 -0.00902838
10 0.8 -0.0669109
10 1.2 -0.0244343
10 1.6 0.0348842
10 2 0.0845385
10 2.4 0.104871
10 2.8 0.0934407
10 3.2 0.0663952
10 3.6 0.0487651
10 4 0.0578686
10 4.4 0.101825
10 4.8 0.157873
10 5.2 0.188069
10 5.6 0.188846
10 6 0.0842786
10 6.4 -0.0540905
10 6.8 -0.16733
10 7.2 -0.202776
10 7.6 -0.137301
10 8 0.00395933
10 8.4 0.153543
10 8.8 0.233176
10 9.2 0.19461
10 9.6 0.0470177
10 10 -0.145211
10 10.4 -0.29372
10 10.8 -0.329501
10 11.2 -0.234274
10 11.6 -0.0433241
10 12 0.180299
10 12.4 0.3975
10 12.8 0.586515
10 13.2 0.653085
10 13.6 0.634146
10 14 0.258642
10 14.4 -0.193305
10 14.8 -0.495584
10 15.2 -0.531754
10 15.6 -0.326842
10 16 -0.0157127
10 16.4 0.239692
10 16.8 0.334129
10 17.2 0.257558
10 17.6 0.077393
10 18 -0.112222
10 18.4 -0.237374
10 18.8 -0.264305
10 19.2 -0.191447
10 19.6 -0.029837
10 20 0.20156
10 20.4 0.38346
10 20.8 0.368158
10 21.2 0.15351
10 21.6 -0.136975
10 22 -0.248831
10 22.4 -0.265735
10 22.8 -0.232168
10 23.2 -0.162494
10 23.6 -0.0669135
10 24 0.0291204
10 24.4 0.0851289
10 24.8 0.066492
10 25.2 -0.0293496
10 25.6 -0.162992
10 26 -0.270733
10 26.4 -0.0373484
10 26.8 0

10.4 0 0
10.4 0.4 -0.00640259
10.4 0.8 -0.0475168
10.4 1.2 -0.0186762
10.4 1.6 0.0213769
10.4 2 0.0547767
10.4 2.4 0.0692302
10.4 2.8 0.0655312
10.4 3.2 0.0580705
10.4 3.6 0.0647501
10.4 4 0.0767159
10.4 4.4 0.023853
10.4 4.8 0.021124
10.4 5.2 0.07078
10.4 5.6 0.333658
10.4 6 0.195552
10.4 6.4 0.0128393
10.4 6.8 -0.170787
10.4 7.2 -0.279298
10.4 7.6 -0.2574
10.4 8 -0.112091
10.4 8.4 0.0843068
10.4 8.8 0.231448
10.4 9.2 0.256456
10.4 9.6 0.154512
10.4 10 -0.00908679
10.4 10.4 -0.136081
10.4 10.8 -0.14918
10.4 11.2 -0.0320948
10.4 11.6 0.163149
10.4 12 0.327956
10.4 12.4 0.0970109
10.4 12.8 0.0790535
10.4 13.2 0.239583
10.4 13.6 1.11961
10.4 14 0.590361
10.4 14.4 0.0321194
10.4 14.8 -0.320426
10.4 15.2 -0.363359
10.4 15.6 -0.15069
10.4 16 0.144337
10.4 16.4 0.331174
10.4 16.8 0.30382
10.4 17.2 0.0839668
10.4 17.6 -0.210781
10.4 18 -0.443536
10.4 18.4 -0.529515
10.4 18.8 -0.464918
10.4 19.2 -0.306075
10.4 19.6 -0.109572
10.4 20 0.185062
10.4 20.4 0.078267
10.4 20.8 0.0504581
10.4 21.2 -0.0155
10.4 21.6 -0.263171
10.4 22 -0.219152
10.4 22.4 -0.17027
10.4 22.8 -0.135025
10.4 23.2 -0.0905828
10.4 23.6 -0.0209331
10.4 24 0.0616449
10.4 24.4 0.118583
10.4 24.8 0.110318
10.4 25.2 0.0279141
10.4 25.6 -0.0932898
10.4 26 -0.190636
10.4 26.4 -0.0263286
10.4 26.8 0

10.8 0 0
10.8 0.4 -0.00409844
10.8 0.8 -0.0303104
10.8 1.2 -0.019006
10.8 1.6 -0.00491472
10.8 2 0.00455928
10.8 2.4 0.00567466
10.8 2.8 0.00268003
10.8 3.2 0.0100773
10.8 3.6 0.0573152
10.8 4 0.0188016
10.8 4.4 0
10.8 4.8 0
10.8 5.2 0
10.8 5.6 0.0777705
10.8 6 0.239708
10.8 6.4 0.0979245
10.8 6.8 -0.0970952
10.8 7.2 -0.250929
10.8 7.6 -0.279355
10.8 8 -0.165477
10.8 8.4 0.0297
10.8 8.8 0.204339
10.8 9.2 0.275951
10.8 9.6 0.22755
10.8 10 0.112804
10.8 10.4 0.0194377
10.8 10.8 0.0153726
10.8 11.2 0.111754
10.8 11.6 0.269533
10.8 12 0.0801693
10.8 12.4 0
10.8 12.8 0
10.8 13.2 0
10.8 13.6 0.226048
10.8 14 0.56666
10.8 14.4 0.0881239
10.8 14.8 -0.162369
10.8 15.2 -0.147731
10.8 15.6 0.0567378
10.8 16 0.279863
10.8 16.4 0.354814
10.8 16.8 0.214671
10.8 17.2 -0.0783799
10.8 17.6 -0.381192
10.8 18 -0.558348
10.8 18.4 -0.555254
10.8 18.8 -0.419451
10.8 19.2 -0.273678
10.8 19.6 -0.283231
10.8 20 -0.0135608
10.8 20.4 0
10.8 20.8 0
10.8 21.2 0
10.8 21.6 -0.051472
10.8 22 -0.110587
10.8 22.4 0.0160326
10.8 22.8 0.0334022
10.8 23.2 0.026237
10.8 23.6 0.0424737
10.8 24 0.0902784
10.8 24.4 0.140409
10.8 24.8 0.151749
10.8 25.2 0.105859
10.8 25.6 0.0251356
10.8 26 -0.0397829
10.8 26.4 -0.00554635
10.8 26.8 0

11.2 0 0
11.2 0.4 -0.000349992
11.2 0.8 -0.00271665
11.2 1.2 -0.0110726
11.2 1.6 -0.0257226
11.2 2 -0.0435618
11.2 2.4 -0.0606245
11.2 2.8 -0.0727758
11.2 3.2 -0.0779993
11.2 3.6 -0.0018218
11.2 4 0
11.2 4.4 0
11.2 4.8 0
11.2 5.2 0
11.2 5.6 0
11.2 6 0.0585262
11.2 6.4 0.190518
11.2 6.8 0.0313146
11.2 7.2 -0.13643
11.2 7.6 -0.210386
11.2 8 -0.154323
11.2 8.4 -0.00890855
11.2 8.8 0.140762
11.2 9.2 0.220215
11.2 9.6 0.208063
11.2 10 0.141142
11.2 10.4 0.0825688
11.2 10.8 0.0757585
11.2 11.2 0.112001
11.2 11.6 0.051207
11.2 12 0
11.2 12.4 0
11.2 12.8 0
11.2 13.2 0
11.2 13.6 0
11.2 14 0.0634869
11.2 14.4 -0.0816197
11.2 14.8 -0.0878461
11.2 15.2 0.0227947
11.2 15.6 0.202559
11.2 16 0.324351
11.2 16.4 0.28654
11.2 16.8 0.0852096
11.2 17.2 -0.182588
11.2 17.6 -0.380587
11.2 18 -0.416015
11.2 18.4 -0.290273
11.2 18.8 -0.0908642
11.2 19.2 0.06023
11.2 19.6 -0.0317338
11.2 20 0
11.2 20.4 0
11.2 20.8 0
11.2 21.2 0
11.2 21.6 0
11.2 22 0.0208278
11.2 22.4 0.260314
11.2 22.8 0.196391
11.2 23.2 0.118468
11.2 23.6 0.0712116
11.2 24 0.0746477
11.2 24.4 0.109312
11.2 24.8 0.13503
11.2 25.2 0.12465
11.2 25.6 0.085435
11.2 26 0.0519908
11.2 26.4 0.00711521
11.2 26.8 0

11.6 0 0
11.6 0.4 0.00582628
11.6 0.8 0.0422781
11.6 1.2 0.0151152
11.6 1.6 -0.025413
11.6 2 -0.0668984
11.6 2.4 -0.0983981
11.6 2.8 -0.115157
11.6 3.2 -0.122036
11.6 3.6 -0.0162533
11.6 4 0
11.6 4.4 0
11.6 4.8 0
11.6 5.2 0
11.6 5.6 0
11.6 6 0.0389278
11.6 6.4 0.284591
11.6 6.8 0.153105
11.6 7.2 -0.00277455
11.6 7.6 -0.102223
11.6 8 -0.107637
11.6 8.4 -0.040248
11.6 8.8 0.0431222
11.6 9.2 0.0916084
11.6 9.6 0.090573
11.6 10 0.0624182
11.6 10.4 0.0418115
11.6 10.8 0.0461763
11.6 11.2 0.0634696
11.6 11.6 0.00818184
11.6 12 0
11.6 12.4 0
11.6 12.8 0
11.6 13.2 0
11.6 13.6 0
11.6 14 -0.0117211
11.6 14.4 -0.0903659
11.6 14.8 -0.0018951
11.6 15.2 0.136054
11.6 15.6 0.245808
11.6 16 0.24781
11.6 16.4 0.118928
11.6 16.8 -0.0812464
11.6 17.2 -0.240069
11.6 17.6 -0.260063
11.6 18 -0.120322
11.6 18.4 0.111544
11.6 18.8 0.326581
11.6 19.2 0.451564
11.6 19.6 0.0607615
11.6 20 0
11.6 20.4 0
11.6 20.8 0
11.6 21.2 0
11.6 21.6 0
11.6 22 0.0472438
11.6 22.4 0.343615
11.6 22.8 0.245205
11.6 23.2 0.1246
11.6 23.6 0.0331452
11.6 24 0.00040647
11.6 24.4 0.015943
11.6 24.8 0.0431691
11.6 25.2 0.0505414
11.6 25.6 0.0341827
11.6 26 0.0152605
11.6 26.4 0.00208504
11.6 26.8 0

12 0 0
12 0.4 0.0130898
12 0.8 0.0950163
12 1.2 0.0540167
12 1.6 -0.00357187
12 2 -0.058522
12 2.4 -0.0940894
12 2.8 -0.103456
12 3.2 -0.095709
12 3.6 -0.000497017
12 4 0
12 4.4 0
12 4.8 0
12 5.2 0
12 5.6 0
12 6 0.0249619
12 6.4 0.250725
12 6.8 0.175818
12 7.2 0.0723001
12 7.6 -0.0136998
12 8 -0.0566707
12 8.4 -0.0641111
12 8.8 -0.0606919
12 9.2 -0.0637581
12 9.6 -0.0710996
12 10 -0.068692
12 10.4 -0.0491899
12 10.8 -0.0231889
12 11.2 -0.0108661
12 11.6 -0.0179501
12 12 0
12 12.4 0
12 12.8 0
12 13.2 0
12 13.6 0
12 14 -0.0539808
12 14.4 -0.0377961
12 14.8 0.086816
12 15.2 0.190052
12 15.6 0.192044
12 16 0.0728371
12 16.4 -0.115787
12 16.8 -0.26844
12 17.2 -0.281711
12 17.6 -0.11852
12 18 0.160865
12 18.4 0.426839
12 18.8 0.559164
12 19.2 0.546521
12 19.6 -0.000391487
12 20 0
12 20.4 0
12 20.8 0
12 21.2 0
12 21.6 0
12 22 0.0314947
12 22.4 0.250978
12 22.8 0.164846
12 23.2 0.047343
12 23.6 -0.05085
12 24 -0.0966926
12 24.4 -0.0943415
12 24.8 -0.0747835
12 25.2 -0.0682176
12 25.6 -0.0825914
12 26 -0.103922
12 26.4 -0.0143066
12 26.8 0

12.4 0 0
12.4 0.4 0.0181017
12.4 0.8 0.13145
12.4 1.2 0.085537
12.4 1.6 0.0237851
12.4 2 -0.0316557
12.4 2.4 -0.0605009
12.4 2.8 -0.0512433
12.4 3.2 -0.0018915
12.4 3.6 0.0940489
12.4 4 0.0123406
12.4 4.4 0
12.4 4.8 0
12.4 5.2 0
12.4 5.6 -0.00927754
12.4 6 -0.066275
12.4 6.4 0.0500908
12.4 6.8 0.0769762
12.4 7.2 0.0628053
12.4 7.6 0.0314758
12.4 8 -0.0101265
12.4 8.4 -0.0639283
12.4 8.8 -0.125878
12.4 9.2 -0.177779
12.4 9.6 -0.195113
12.4 10 -0.166324
12.4 10.4 -0.107616
12.4 10.8 -0.0588472
12.4 11.2 -0.0597464
12.4 11.6 -0.123942
12.4 12 -0.0161731
12.4 12.4 0
12.4 12.8 0
12.4 13.2 0
12.4 13.6 -0.0495028
12.4 14 -0.350214
12.4 14.4 -0.0298613
12.4 14.8 0.157619
12.4 15.2 0.196325
12.4 15.6 0.083645
12.4 16 -0.130702
12.4 16.4 -0.340596
12.4 16.8 -0.424311
12.4 17.2 -0.309346
12.4 17.6 -0.0217692
12.4 18 0.314146
12.4 18.4 0.530821
12.4 18.8 0.49413
12.4 19.2 0.145727
12.4 19.6 -0.549493
12.4 20 -0.0744461
12.4 20.4 0
12.4 20.8 0
12.4 21.2 0
12.4 21.6 -0.00293542
12.4 22 -0.0212993
12.4 22.4 0.0509551
12.4 22.8 0.0220633
12.4 23.2 -0.0514829
12.4 23.6 -0.119447
12.4 24 -0.151084
12.4 24.4 -0.147878
12.4 24.8 -0.134437
12.4 25.2 -0.135104
12.4 25.6 -0.15559
12.4 26 -0.183216
12.4 26.4 -0.0252197
12.4 26.8 0

12.8 0 0
12.8 0.4 0.0176475
12.8 0.8 0.12836
12.8 1.2 0.0884065
12.8 1.6 0.0360323
12.8 2 -0.00895214
12.8 2.4 -0.0279807
12.8 2.8 -0.0106533
12.8 3.2 0.0415297
12.8 3.6 0.113527
12.8 4 0.0149944
12.8 4.4 0
12.8 4.8 0
12.8 5.2 0
12.8 5.6 -0.021259
12.8 6 -0.154959
12.8 6.4 -0.125159
12.8 6.8 -0.0548257
12.8 7.2 0.0125515
12.8 7.6 0.0536169
12.8 8 0.0451627
12.8 8.4 -0.0197657
12.8 8.8 -0.117647
12.8 9.2 -0.200331
12.8 9.6 -0.221719
12.8 10 -0.168781
12.8 10.4 -0.0748631
12.8 10.8 -0.00337381
12.8 11.2 -0.00958115
12.8 11.6 -0.0985862
12.8 12 -0.0127791
12.8 12.4 0
12.8 12.8 0
12.8 13.2 0
12.8 13.6 -0.0355753
12.8 14 -0.248334
12.8 14.4 0.157701
12.8 14.8 0.253259
12.8 15.2 0.177626
12.8 15.6 -0.0253734
12.8 16 -0.276776
12.8 16.4 -0.459972
12.8 16.8 -0.472065
12.8 17.2 -0.284014
12.8 17.6 0.0322205
12.8 18 0.331972
12.8 18.4 0.46871
12.8 18.8 0.362933
12.8 19.2 0.0125143
12.8 19.6 -0.61717
12.8 20 -0.0837621
12.8 20.4 0
12.8 20.8 0
12.8 21.2 0
12.8 21.6 -0.0115049
12.8 22 -0.0838982
12.8 22.4 -0.0807812
12.8 22.8 -0.0775431
12.8 23.2 -0.098394
12.8 23.6 -0.118702
12.8 24 -0.11863
12.8 24.4 -0.10069
12.8 24.8 -0.0836632
12.8 25.2 -0.0843174
12.8 25.6 -0.10347
12.8 26 -0.127208
12.8 26.4 -0.017514
12.8 26.8 0

13.2 0 0
13.2 0.4 0.0110217
13.2 0.8 0.0805399
13.2 1.2 0.0562095
13.2 1.6 0.0242174
13.2 2 -0.00275863
13.2 2.4 -0.0123485
13.2 2.8 0.00201972
13.2 3.2 0.0378709
13.2 3.6 0.0202488
13.2 4 0
13.2 4.4 0
13.2 4.8 0
13.2 5.2 0
13.2 5.6 0
13.2 6 -0.0562713
13.2 6.4 -0.261445
13.2 6.8 -0.145562
13.2 7.2 -0.0201537
13.2 7.6 0.0844535
13.2 8 0.119873
13.2 8.4 0.0682188
13.2 8.8 -0.0379899
13.2 9.2 -0.131235
13.2 9.6 -0.149925
13.2 10 -0.0784916
13.2 10.4 0.0402982
13.2 10.8 0.129144
13.2 11.2 0.117609
13.2 11.6 0.00261033
13.2 12 0
13.2 12.4 0
13.2 12.8 0
13.2 13.2 0
13.2 13.6 0
13.2 14 0.0365932
13.2 14.4 0.522264
13.2 14.8 0.29005
13.2 15.2 0.10417
13.2 15.6 -0.109271
13.2 16 -0.307665
13.2 16.4 -0.408559
13.2 16.8 -0.354688
13.2 17.2 -0.16124
13.2 17.6 0.0809105
13.2 18 0.252817
13.2 18.4 0.281924
13.2 18.8 0.202666
13.2 19.2 0.185769
13.2 19.6 -0.0593624
13.2 20 0
13.2 20.4 0
13.2 20.8 0
13.2 21.2 0
13.2 21.6 0
13.2 22 -0.0333956
13.2 22.4 -0.159709
13.2 22.8 -0.0947316
13.2 23.2 -0.0686406
13.2 23.6 -0.0475021
13.2 24 -0.0170459
13.2 24.4 0.0192999
13.2 24.8 0.0479931
13.2 25.2 0.0588396
13.2 25.6 0.0544868
13.2 26 0.0484323
13.2 26.4 0.00665971
13.2 26.8 0

13.6 0 0
13.6 0.4 0.000837408
13.6 0.8 0.00672213
13.6 1.2 0.00338032
13.6 1.6 -0.00230902
13.6 2 -0.00768516
13.6 2.4 -0.00881282
13.6 2.8 -0.00447069
13.6 3.2 0.0047263
13.6 3.6 0
13.6 4 0
13.6 4.4 0
13.6 4.8 0
13.6 5.2 0
13.6 5.6 0
13.6 6 0
13.6 6.4 -0.0510821
13.6 6.8 -0.12145
13.6 7.2 -0.00164934
13.6 7.6 0.132708
13.6 8 0.199968
13.6 8.4 0.167885
13.6 8.8 0.0692868
13.6 9.2 -0.0209946
13.6 9.6 -0.0354565
13.6 10 0.0422956
13.6 10.4 0.168175
13.6 10.8 0.268664
13.6 11.2 0.0511147
13.6 11.6 0
13.6 12 0
13.6 12.4 0
13.6 12.8 0
13.6 13.2 0
13.6 13.6 0
13.6 14 0
13.6 14.4 0.0721161
13.6 14.8 -0.00618294
13.6 15.2 -0.0798486
13.6 15.6 -0.165845
13.6 16 -0.217303
13.6 16.4 -0.191607
13.6 16.8 -0.0820931
13.6 17.2 0.0621013
13.6 17.6 0.154513
13.6 18 0.125762
13.6 18.4 -0.0184907
13.6 18.8 -0.17845
13.6 19.2 -0.00121415
13.6 19.6 0
13.6 20 0
13.6 20.4 0
13.6 20.8 0
13.6 21.2 0
13.6 21.6 0
13.6 22 0
13.6 22.4 -0.0235734
13.6 22.8 -0.0115829
13.6 23.2 0.00974325
13.6 23.6 0.0411432
13.6 24 0.0812567
13.6 24.4 0.124651
13.6 24.8 0.16239
13.6 25.2 0.188591
13.6 25.6 0.205427
13.6 26 0.221674
13.6 26.4 0.0305061
13.6 26.8 0

14 0 0
14 0.4 -0.00840997
14 0.8 -0.060642
14 1.2 -0.0434994
14 1.6 -0.0233761
14 2 -0.00790671
14 2.4 -4.37644e-06
14 2.8 0.00260293
14 3.2 0.000327911
14 3.6 0
14 4 0
14 4.4 0
14 4.8 0
14 5.2 0
14 5.6 0
14 6 0
14 6.4 -0.0114695
14 6.8 -0.0875845
14 7.2 0.0284316
14 7.6 0.168776
14 8 0.247324
14 8.4 0.228211
14 8.8 0.142318
14 9.2 0.0615516
14 9.6 0.0485306
14 10 0.115641
14 10.4 0.221057
14 10.8 0.303846
14 11.2 0.0405245
14 11.6 0
14 12 0
14 12.4 0
14 12.8 0
14 13.2 0
14 13.6 0
14 14 0
14 14.4 -0.040631
14 14.8 -0.300289
14 15.2 -0.246881
14 15.6 -0.164101
14 16 -0.0445088
14 16.4 0.106411
14 16.8 0.252131
14 17.2 0.324679
14 17.6 0.255624
14 18 0.0266524
14 18.4 -0.293858
14 18.8 -0.563256
14 19.2 -0.0781419
14 19.6 0
14 20 0
14 20.4 0
14 20.8 0
14 21.2 0
14 21.6 0
14 22 0
14 22.4 0.00641329
14 22.8 0.0478827
14 23.2 0.0581931
14 23.6 0.0766997
14 24 0.101307
14 24.4 0.131066
14 24.8 0.163841
14 25.2 0.19678
14 25.6 0.228005
14 26 0.257264
14 26.4 0.0354046
14 26.8 0

14.4 0 0
14.4 0.4 -0.013019
14.4 0.8 -0.09461
14.4 1.2 -0.0626117
14.4 1.6 -0.0232894
14.4 2 0.00659627
14.4 2.4 0.0188611
14.4 2.8 0.0184146
14.4 3.2 0.00402442
14.4 3.6 0
14.4 4 0
14.4 4.4 0
14.4 4.8 0
14.4 5.2 0
14.4 5.6 0
14.4 6 0
14.4 6.4 -0.0345861
14.4 6.8 -0.0714926
14.4 7.2 0.0363078
14.4 7.6 0.161041
14.4 8 0.228565
14.4 8.4 0.21125
14.4 8.8 0.138952
14.4 9.2 0.0729587
14.4 9.6 0.0609077
14.4 10 0.104541
14.4 10.4 0.163216
14.4 10.8 0.19319
14.4 11.2 -0.00501544
14.4 11.6 0
14.4 12 0
14.4 12.4 0
14.4 12.8 0
14.4 13.2 0
14.4 13.6 0
14.4 14 0
14.4 14.4 -0.124879
14.4 14.8 -0.439804
14.4 15.2 -0.29621
14.4 15.6 -0.0971638
14.4 16 0.129773
14.4 16.4 0.347499
14.4 16.8 0.498403
14.4 17.2 0.51344
14.4 17.6 0.344978
14.4 18 0.00806964
14.4 18.4 -0.400081
14.4 18.8 -0.724839
14.4 19.2 -0.200441
14.4 19.6 0
14.4 20 0
14.4 20.4 0
14.4 20.8 0
14.4 21.2 0
14.4 21.6 0
14.4 22 0
14.4 22.4 -9.90947e-05
14.4 22.8 0.0438751
14.4 23.2 0.0429524
14.4 23.6 0.0364797
14.4 24 0.0275616
14.4 24.4 0.0247305
14.4 24.8 0.0351687
14.4 25.2 0.0593524
14.4 25.6 0.0900087
14.4 26 0.115952
14.4 26.4 0.0159487
14.4 26.8 0

14.8 0 0
14.8 0.4 -0.0121158
14.8 0.8 -0.0885075
14.8 1.2 -0.0495732
14.8 1.6 -0.000924769
14.8 2 0.0336581
14.8 2.4 0.0419426
14.8 2.8 0.0297348
14.8 3.2 0.0141031
14.8 3.6 0.00162244
14.8 4 0
14.8 4.4 0
14.8 4.8 0
14.8 5.2 0
14.8 5.6 0
14.8 6 -0.0251447
14.8 6.4 -0.183621
14.8 6.8 -0.0923147
14.8 7.2 0.0123826
14.8 7.6 0.103759
14.8 8 0.141855
14.8 8.4 0.117759
14.8 8.8 0.0618076
14.8 9.2 0.0195406
14.8 9.6 0.0163675
14.8 10 0.0377374
14.8 10.4 0.0383791
14.8 10.8 -0.0317335
14.8 11.2 -0.225336
14.8 11.6 -0.0307261
14.8 12 0
14.8 12.4 0
14.8 12.8 0
14.8 13.2 0
14.8 13.6 0
14.8 14 -0.0648457
14.8 14.4 -0.476712
14.8 14.8 -0.36009
14.8 15.2 -0.195944
14.8 15.6 0.0028213
14.8 16 0.213422
14.8 16.4 0.402173
14.8 16.8 0.520648
14.8 17.2 0.515397
14.8 17.6 0.354747
14.8 18 0.0586148
14.8 18.4 -0.292507
14.8 18.8 -0.58697
14.8 19.2 -0.748439
14.8 19.6 -0.100833
14.8 20 0
14.8 20.4 0
14.8 20.8 0
14.8 21.2 0
14.8 21.6 0
14.8 22 -0.00592337
14.8 22.4 -0.0411884
14.8 22.8 -0.0067485
14.8 23.2 -0.00730957
14.8 23.6 -0.0355552
14.8 24 -0.0799399
14.8 24.4 -0.121428
14.8 24.8 -0.142544
14.8 25.2 -0.138278
14.8 25.6 -0.11984
14.8 26 -0.107991
14.8 26.4 -0.0148868
14.8 26.8 0

15.2 0 0
15.2 0.4 -0.00774756
15.2 0.8 -0.0568279
15.2 1.2 -0.0179402
15.2 1.6 0.0307654
15.2 2 0.061622
15.2 2.4 0.0609114
15.2 2.8 0.0370662
15.2 3.2 0.0138154
15.2 3.6 0.00171835
15.2 4 0
15.2 4.4 0
15.2 4.8 0
15.2 5.2 0
15.2 5.6 0
15.2 6 -0.0159685
15.2 6.4 -0.116816
15.2 6.8 -0.065876
15.2 7.2 -0.00915081
15.2 7.6 0.0256625
15.2 8 0.0215922
15.2 8.4 -0.0124727
15.2 8.8 -0.0466848
15.2 9.2 -0.0538452
15.2 9.6 -0.033064
15.2 10 -0.0139163
15.2 10.4 -0.0361426
15.2 10.8 -0.118237
15.2 11.2 -0.231291
15.2 11.6 -0.0312745
15.2 12 0
15.2 12.4 0
15.2 12.8 0
15.2 13.2 0
15.2 13.6 0
15.2 14 -0.0119279
15.2 14.4 -0.0888551
15.2 14.8 -0.0445964
15.2 15.2 0.0159521
15.2 15.6 0.0825641
15.2 16 0.152931
15.2 16.4 0.223156
15.2 16.8 0.277387
15.2 17.2 0.288732
15.2 17.6 0.234312
15.2 18 0.115285
15.2 18.4 -0.034959
15.2 18.8 -0.165093
15.2 19.2 -0.238322
15.2 19.6 -0.0315004
15.2 20 0
15.2 20.4 0
15.2 20.8 0
15.2 21.2 0
15.2 21.6 0
15.2 22 -0.00675519
15.2 22.4 -0.0485131
15.2 22.8 -0.0283385
15.2 23.2 -0.0292622
15.2 23.6 -0.0654409
15.2 24 -0.129978
15.2 24.4 -0.198868
15.2 24.8 -0.246019
15.2 25.2 -0.260582
15.2 25.6 -0.254389
15.2 26 -0.253855
15.2 26.4 -0.0349761
15.2 26.8 0

15.6 0 0
15.6 0.4 -0.00316991
15.6 0.8 -0.0231049
15.6 1.2 0.0114226
15.6 1.6 0.0537391
15.6 2 0.0754953
15.6 2.4 0.0635843
15.6 2.8 0.0287926
15.6 3.2 -0.00163793
15.6 3.6 -0.000241619
15.6 4 0
15.6 4.4 0
15.6 4.8 0
15.6 5.2 0
15.6 5.6 0
15.6 6 -0.00250436
15.6 6.4 -0.0189641
15.6 6.8 -0.00902806
15.6 7.2 -0.010267
15.6 7.6 -0.0366849
15.6 8 -0.0832557
15.6 8.4 -0.125146
15.6 8.8 -0.133768
15.6 9.2 -0.0998331
15.6 9.6 -0.0453513
15.6 10 -0.0127236
15.6 10.4 -0.0355943
15.6 10.8 -0.110743
15.6 11.2 -0.191022
15.6 11.6 -0.0255611
15.6 12 0
15.6 12.4 0
15.6 12.8 0
15.6 13.2 0
15.6 13.6 0
15.6 14 0.0489661
15.6 14.4 0.357686
15.6 14.8 0.301992
15.6 15.2 0.211834
15.6 15.6 0.091419
15.6 16 -0.02947
15.6 16.4 -0.11308
15.6 16.8 -0.133985
15.6 17.2 -0.0902865
15.6 17.6 -0.000934768
15.6 18 0.106319
15.6 18.4 0.207612
15.6 18.8 0.289463
15.6 19.2 0.349186
15.6 19.6 0.0480954
15.6 20 0
15.6 20.4 0
15.6 20.8 0
15.6 21.2 0
15.6 21.6 0
15.6 22 -0.00643583
15.6 22.4 -0.0478536
15.6 22.8 -0.0162537
15.6 23.2 0.00467939
15.6 23.6 -0.0132612
15.6 24 -0.0713146
15.6 24.4 -0.144847
15.6 24.8 -0.201306
15.6 25.2 -0.223044
15.6 25.6 -0.218899
15.6 26 -0.21635
15.6 26.4 -0.02982
15.6 26.8 0

16 0 0
16 0.4 -0.000672814
16 0.8 -0.00426264
16 1.2 0.024209
16 1.6 0.0570671
16 2 0.0679484
16 2.4 0.0457306
16 2.8 0.00228813
16 3.2 -0.0353666
16 3.6 -0.0206165
16 4 0
16 4.4 0
16 4.8 0
16 5.2 0
16 5.6 0
16 6 0.033436
16 6.4 0.0788791
16 6.8 0.0602761
16 7.2 0.0158663
16 7.6 -0.0570211
16 8 -0.135385
16 8.4 -0.18136
16 8.8 -0.167312
16 9.2 -0.0982466
16 9.6 -0.0139083
16 10 0.0342384
16 10.4 0.0177679
16 10.8 -0.0464411
16 11.2 -0.105275
16 11.6 -0.00790756
16 12 0
16 12.4 0
16 12.8 0
16 13.2 0
16 13.6 0
16 14 0.0992681
16 14.4 0.552265
16 14.8 0.456158
16 15.2 0.274988
16 15.6 0.0259268
16 16 -0.232766
16 16.4 -0.429717
16 16.8 -0.507876
16 17.2 -0.443334
16 17.6 -0.251909
16 18 0.0165011
16 18.4 0.292965
16 18.8 0.512259
16 19.2 0.641093
16 19.6 0.134828
16 20 0
16 20.4 0
16 20.8 0
16 21.2 0
16 21.6 0
16 22 -0.0263141
16 22.4 -0.0467039
16 22.8 0.0147577
16 23.2 0.0764835
16 23.6 0.0972614
16 24 0.0670385
16 24.4 0.00858801
16 24.8 -0.0410924
16 25.2 -0.0575582
16 25.6 -0.0445512
16 26 -0.0275079
16 26.4 -0.00382187
16 26.8 0

16.4 0 0
16.4 0.4 -0.000496799
16.4 0.8 -0.00257718
16.4 1.2 0.0198143
16.4 1.6 0.0431168
16.4 2 0.0448003
16.4 2.4 0.0167084
16.4 2.8 -0.0294798
16.4 3.2 -0.0740423
16.4 3.6 -0.115846
16.4 4 -0.0138011
16.4 4.4 0
16.4 4.8 0
16.4 5.2 0
16.4 5.6 0.0258496
16.4 6 0.166229
16.4 6.4 0.142533
16.4 6.8 0.120777
16.4 7.2 0.0629985
16.4 7.6 -0.0306708
16.4 8 -0.125656
16.4 8.4 -0.174475
16.4 8.8 -0.148965
16.4 9.2 -0.0623628
16.4 9.6 0.0355951
16.4 10 0.0899746
16.4 10.4 0.0782164
16.4 10.8 0.0274895
16.4 11.2 -0.00210317
16.4 11.6 0.0449773
16.4 12 0.0432349
16.4 12.4 0
16.4 12.8 0
16.4 13.2 0
16.4 13.6 -0.0614648
16.4 14 0.176371
16.4 14.4 0.338334
16.4 14.8 0.334407
16.4 15.2 0.187245
16.4 15.6 -0.0574628
16.4 16 -0.326923
16.4 16.4 -0.541081
16.4 16.8 -0.635463
16.4 17.2 -0.578104
16.4 17.6 -0.378576
16.4 18 -0.088906
16.4 18.4 0.20685
16.4 18.8 0.416532
16.4 19.2 0.472259
16.4 19.6 0.352737
16.4 20 -0.0212192
16.4 20.4 0
16.4 20.8 0
16.4 21.2 0
16.4 21.6 -0.0208759
16.4 22 -0.151475
16.4 22.4 -0.0663309
16.4 22.8 0.0384019
16.4 23.2 0.139294
16.4 23.6 0.19684
16.4 24 0.195541
16.4 24.4 0.15572
16.4 24.8 0.117099
16.4 25.2 0.109509
16.4 25.6 0.133778
16.4 26 0.166691
16.4 26.4 0.0229249
16.4 26.8 0

16.8 0 0
16.8 0.4 -0.00143
16.8 0.8 -0.00962153
16.8 1.2 0.00761123
16.8 1.6 0.0234647
16.8 2 0.0200178
16.8 2.4 -0.00671731
16.8 2.8 -0.0421723
16.8 3.2 -0.062741
16.8 3.6 -0.0499375
16.8 4 0.0161649
16.8 4.4 0.0231186
16.8 4.8 0.0180279
16.8 5.2 0.00952392
16.8 5.6 0.0262883
16.8 6 0.0942178
16.8 6.4 0.138527
16.8 6.8 0.154113
16.8 7.2 0.115263
16.8 7.6 0.0259547
16.8 8 -0.0727256
16.8 8.4 -0.126698
16.8 8.8 -0.105117
16.8 9.2 -0.0227598
16.8 9.6 0.068747
16.8 10 0.116497
16.8 10.4 0.104631
16.8 10.8 0.0672896
16.8 11.2 0.0650315
16.8 11.6 0.139955
16.8 12 0.280793
16.8 12.4 0.0783007
16.8 12.8 0.0133229
16.8 13.2 -0.11924
16.8 13.6 -0.627376
16.8 14 -0.252603
16.8 14.4 -0.0211889
16.8 14.8 0.0713974
16.8 15.2 0.0374761
16.8 15.6 -0.0842698
16.8 16 -0.237754
16.8 16.4 -0.367625
16.8 16.8 -0.431789
16.8 17.2 -0.406483
16.8 17.6 -0.290981
16.8 18 -0.114359
16.8 18.4 0.0626626
16.8 18.8 0.161842
16.8 19.2 0.11692
16.8 19.6 -0.101462
16.8 20 -0.502728
16.8 20.4 -0.0985335
16.8 20.8 0.00285085
16.8 21.2 0.0188781
16.8 21.6 -0.00591266
16.8 22 -0.06839
16.8 22.4 -0.0388104
16.8 22.8 0.0508716
16.8 23.2 0.154406
16.8 23.6 0.221308
16.8 24 0.228462
16.8 24.4 0.19316
16.8 24.8 0.156508
16.8 25.2 0.151303
16.8 25.6 0.179924
16.8 26 0.218526
16.8 26.4 0.0300812
16.8 26.8 0

17.2 0 0
17.2 0.4 -0.00232481
17.2 0.8 -0.0169643
17.2 1.2 -0.00301473
17.2 1.6 0.00891955
17.2 2 0.00440991
17.2 2.4 -0.0173714
17.2 2.8 -0.0398699
17.2 3.2 -0.0388669
17.2 3.6 0.00144971
17.2 4 0.077453
17.2 4.4 0.154524
17.2 4.8 0.131431
17.2 5.2 0.0453375
17.2 5.6 -0.00792455
17.2 6 0.0274051
17.2 6.4 0.101816
17.2 6.8 0.159728
17.2 7.2 0.155843
17.2 7.6 0.086072
17.2 8 -0.0089158
17.2 8.4 -0.0712906
17.2 8.8 -0.0657658
17.2 9.2 -0.00338185
17.2 9.6 0.067922
17.2 10 0.10015
17.2 10.4 0.082969
17.2 10.8 0.0539134
17.2 11.2 0.0705987
17.2 11.6 0.161103
17.2 12 0.282203
17.2 12.4 0.304458
17.2 12.8 0.0978763
17.2 13.2 -0.250888
17.2 13.6 -0.514874
17.2 14 -0.443923
17.2 14.4 -0.288301
17.2 14.8 -0.155009
17.2 15.2 -0.0739852
17.2 15.6 -0.0329552
17.2 16 -0.0113263
17.2 16.4 -0.000784225
17.2 16.8 -0.00323781
17.2 17.2 -0.0164908
17.2 17.6 -0.0279128
17.2 18 -0.0263929
17.2 18.4 -0.021358
17.2 18.8 -0.046531
17.2 19.2 -0.135864
17.2 19.6 -0.281682
17.2 20 -0.392147
17.2 20.4 -0.218631
17.2 20.8 0.0211495
17.2 21.2 0.143643
17.2 21.6 0.0770757
17.2 22 -0.00383713
17.2 22.4 -0.0202623
17.2 22.8 0.0319712
17.2 23.2 0.108984
17.2 23.6 0.15564
17.2 24 0.145045
17.2 24.4 0.0942638
17.2 24.8 0.0464347
17.2 25.2 0.0352736
17.2 25.6 0.0605517
17.2 26 0.0930795
17.2 26.4 0.0128296
17.2 26.8 0

17.6 0 0
17.6 0.4 -0.00315398
17.6 0.8 -0.023854
17.6 1.2 -0.00987861
17.6 1.6 0.00293377
17.6 2 0.0009479
17.6 2.4 -0.0161405
17.6 2.8 -0.0317996
17.6 3.2 -0.0227295
17.6 3.6 0.0235876
17.6 4 0.093977
17.6 4.4 0.142036
17.6 4.8 0.10028
17.6 5.2 -0.00884157
17.6 5.6 -0.0993531
17.6 6 -0.071543
17.6 6.4 0.0333811
17.6 6.8 0.135688
17.6 7.2 0.171493
17.6 7.6 0.126321
17.6 8 0.0378689
17.6 8.4 -0.0334559
17.6 8.8 -0.0467812
17.6 9.2 -0.00703546
17.6 9.6 0.0431101
17.6 10 0.0593026
17.6 10.4 0.032945
17.6 10.8 0.00111841
17.6 11.2 0.0193946
17.6 11.6 0.113742
17.6 12 0.24142
17.6 12.4 0.2836
17.6 12.8 0.107501
17.6 13.2 -0.20821
17.6 13.6 -0.450542
17.6 14 -0.468755
17.6 14.4 -0.37035
17.6 14.8 -0.242925
17.6 15.2 -0.109868
17.6 15.6 0.0389222
17.6 16 0.200487
17.6 16.4 0.338227
17.6 16.8 0.401424
17.6 17.2 0.364291
17.6 17.6 0.247825
17.6 18 0.104501
17.6 18.4 -0.0207392
17.6 18.8 -0.11765
17.6 19.2 -0.200571
17.6 19.6 -0.268042
17.6 20 -0.26802
17.6 20.4 -0.117471
17.6 20.8 0.0873639
17.6 21.2 0.183569
17.6 21.6 0.115809
17.6 22 0.0135646
17.6 22.4 -0.0333419
17.6 22.8 -0.0122803
17.6 23.2 0.0332844
17.6 23.6 0.0472005
17.6 24 0.00440839
17.6 24.4 -0.0730183
17.6 24.8 -0.137072
17.6 25.2 -0.153807
17.6 25.6 -0.129767
17.6 26 -0.104383
17.6 26.4 -0.0143518
17.6 26.8 0

18 0 0
18 0.4 -0.00480425
18 0.8 -0.0360851
18 1.2 -0.0174199
18 1.6 0.00204074
18 2 0.00622901
18 2.4 -0.00760999
18 2.8 -0.0246524
18 3.2 -0.0219224
18 3.6 0.0149961
18 4 0.0788981
18 4.4 0.130504
18 4.8 0.0726311
18 5.2 -0.0742253
18 5.6 -0.241584
18 6 -0.198389
18 6.4 -0.0521065
18 6.8 0.0929925
18 7.2 0.163234
18 7.6 0.138906
18 8 0.0564324
18 8.4 -0.0207537
18 8.8 -0.0460606
18 9.2 -0.0187322
18 9.6 0.0215728
18 10 0.0297589
18 10.4 -0.00671378
18 10.8 -0.0553651
18 11.2 -0.0615007
18 11.6 0.0109459
18 12 0.149365
18 12.4 0.266418
18 12.8 0.125164
18 13.2 -0.165666
18 13.6 -0.360287
18 14 -0.326892
18 14.4 -0.24352
18 14.8 -0.172884
18 15.2 -0.0933397
18 15.6 0.0414483
18 16 0.236618
18 16.4 0.432317
18 16.8 0.539584
18 17.2 0.504978
18 17.6 0.350409
18 18 0.156355
18 18.4 0.00412614
18 18.8 -0.0745322
18 19.2 -0.100988
18 19.6 -0.109465
18 20 -0.10214
18 20.4 -0.0109844
18 20.8 0.159129
18 21.2 0.219845
18 21.6 0.0927854
18 22 -0.026092
18 22.4 -0.0705622
18 22.8 -0.0502105
18 23.2 -0.0169504
18 23.6 -0.0268386
18 24 -0.0981757
18 24.4 -0.198332
18 24.8 -0.270668
18 25.2 -0.28032
18 25.6 -0.242431
18 26 -0.21033
18 26.4 -0.0289592
18 26.8 0

18.4 0 0
18.4 0.4 -0.00796045
18.4 0.8 -0.0583693
18.4 1.2 -0.0303689
18.4 1.6 0.00109854
18.4 2 0.0150007
18.4 2.4 0.00397485
18.4 2.8 -0.0199492
18.4 3.2 -0.0340508
18.4 3.6 -0.0201424
18.4 4 0.0339215
18.4 4.4 0.022075
18.4 4.8 0.0100858
18.4 5.2 -0.0717467
18.4 5.6 -0.456247
18.4 6 -0.317383
18.4 6.4 -0.115013
18.4 6.8 0.0602487
18.4 7.2 0.148491
18.4 7.6 0.133485
18.4 8 0.0529891
18.4 8.4 -0.0261717
18.4 8.8 -0.0524986
18.4 9.2 -0.0218712
18.4 9.6 0.025196
18.4 10 0.0378145
18.4 10.4 -0.00535822
18.4 10.8 -0.0801289
18.4 11.2 -0.135239
18.4 11.6 -0.125489
18.4 12 -0.00537159
18.4 12.4 0.0354907
18.4 12.8 0.0172821
18.4 13.2 -0.0642311
18.4 13.6 -0.310876
18.4 14 -0.0455953
18.4 14.4 0.0549461
18.4 14.8 0.0150567
18.4 15.2 -0.0646575
18.4 15.6 -0.0705834
18.4 16 0.0407584
18.4 16.4 0.211701
18.4 16.8 0.331232
18.4 17.2 0.322655
18.4 17.6 0.20095
18.4 18 0.0564715
18.4 18.4 -0.0179854
18.4 18.8 0.00464634
18.4 19.2 0.0752867
18.4 19.6 0.113508
18.4 20 0.0345137
18.4 20.4 0.00270374
18.4 20.8 0.0215519
18.4 21.2 0.0270464
18.4 21.6 -0.0198501
18.4 22 -0.115414
18.4 22.4 -0.105711
18.4 22.8 -0.0483833
18.4 23.2 -0.000893422
18.4 23.6 -0.0159114
18.4 24 -0.101744
18.4 24.4 -0.2117
18.4 24.8 -0.2776
18.4 25.2 -0.26243
18.4 25.6 -0.190565
18.4 26 -0.130984
18.4 26.4 -0.0180804
18.4 26.8 0

18.8 0 0
18.8 0.4 -0.0121786
18.8 0.8 -0.0878197
18.8 1.2 -0.0480519
18.8 1.6 -0.00192236
18.8 2 0.0236445
18.8 2.4 0.0163096
18.8 2.8 -0.0143886
18.8 3.2 -0.046881
18.8 3.6 -0.0708166
18.8 4 -0.00555794
18.8 4.4 0
18.8 4.8 0
18.8 5.2 0
18.8 5.6 -0.106068
18.8 6 -0.327256
18.8 6.4 -0.0968297
18.8 6.8 0.068924
18.8 7.2 0.148436
18.8 7.6 0.127234
18.8 8 0.0420265
18.8 8.4 -0.0381142
18.8 8.8 -0.0581469
18.8 9.2 -0.012954
18.8 9.6 0.0529002
18.8 10 0.0800239
18.8 10.4 0.0372998
18.8 10.8 -0.0586058
18.8 11.2 -0.163453
18.8 11.6 -0.261032
18.8 12 -0.0357718
18.8 12.4 0
18.8 12.8 0
18.8 13.2 0
18.8 13.6 0.0109401
18.8 14 0.394363
18.8 14.4 0.449839
18.8 14.8 0.249724
18.8 15.2 -0.0452529
18.8 15.6 -0.255871
18.8 16 -0.291057
18.8 16.4 -0.192991
18.8 16.8 -0.0832791
18.8 17.2 -0.0568907
18.8 17.6 -0.109593
18.8 18 -0.153319
18.8 18.4 -0.100769
18.8 18.8 0.0548037
18.8 19.2 0.233853
18.8 19.6 0.353763
18.8 20 0.0522317
18.8 20.4 0
18.8 20.8 0
18.8 21.2 0
18.8 21.6 -0.0323845
18.8 22 -0.21772
18.8 22.4 -0.101268
18.8 22.8 0.00400225
18.8 23.2 0.0751775
18.8 23.6 0.0659501
18.8 24 -0.0237427
18.8 24.4 -0.1338
18.8 24.8 -0.183901
18.8 25.2 -0.133883
18.8 25.6 -0.0166731
18.8 26 0.083342
18.8 26.4 0.0113714
18.8 26.8 0

19.2 0 0
19.2 0.4 -0.0159971
19.2 0.8 -0.114556
19.2 1.2 -0.0643418
19.2 1.6 -0.00537655
19.2 2 0.0302786
19.2 2.4 0.0269102
19.2 2.8 -0.00518094
19.2 3.2 -0.0374289
19.2 3.6 -0.0147806
19.2 4 0
19.2 4.4 0
19.2 4.8 0
19.2 5.2 0
19.2 5.6 0
19.2 6 -0.0401056
19.2 6.4 0.0286823
19.2 6.8 0.116495
19.2 7.2 0.167101
19.2 7.6 0.130952
19.2 8 0.0356155
19.2 8.4 -0.0485291
19.2 8.8 -0.0630697
19.2 9.2 -0.00292133
19.2 9.6 0.0821352
19.2 10 0.124543
19.2 10.4 0.0871778
19.2 10.8 -0.010696
19.2 11.2 -0.104278
19.2 11.6 -0.0490429
19.2 12 0
19.2 12.4 0
19.2 12.8 0
19.2 13.2 0
19.2 13.6 0
19.2 14 0.159933
19.2 14.4 0.790161
19.2 14.8 0.436071
19.2 15.2 -0.0375193
19.2 15.6 -0.41403
19.2 16 -0.567947
19.2 16.4 -0.52984
19.2 16.8 -0.429905
19.2 17.2 -0.37742
19.2 17.6 -0.376292
19.2 18 -0.340644
19.2 18.4 -0.19034
19.2 18.8 0.0572744
19.2 19.2 0.276122
19.2 19.6 0.0853249
19.2 20 0
19.2 20.4 0
19.2 20.8 0
19.2 21.2 0
19.2 21.6 0
19.2 22 -0.0307963
19.2 22.4 -0.00947847
19.2 22.8 0.0794454
19.2 23.2 0.156642
19.2 23.6 0.149966
19.2 24 0.056351
19.2 24.4 -0.055278
19.2 24.8 -0.0938067
19.2 25.2 -0.0152538
19.2 25.6 0.140643
19.2 26 0.275975
19.2 26.4 0.0378475
19.2 26.8 0

19.6 0 0
19.6 0.4 0
19.6 0.8 -0.0159971
19.6 1.2 -0.00903285
19.6 1.6 -0.000848207
19.6 2 0.00412682
19.6 2.4 0.00371323
19.6 2.8 -0.000679996
19.6 3.2 -0.00511656
19.6 3.6 0
19.6 4 0
19.6 4.4 0
19.6 4.8 0
19.6 5.2 0
19.6 5.6 0
19.6 6 0
19.6 6.4 0.00402481
19.6 6.8 0.0160607
19.6 7.2 0.0229761
19.6 7.6 0.0179812
19.6 8 0.00486303
19.6 8.4 -0.00672643
19.6 8.8 -0.00877467
19.6 9.2 -0.000573424
19.6 9.6 0.0110699
19.6 10 0.0169046
19.6 10.4 0.011835
19.6 10.8 -0.00152239
19.6 11.2 -0.014313
19.6 11.6 0
19.6 12 0
19.6 12.4 0
19.6 12.8 0
19.6 13.2 0
19.6 13.6 0
19.6 14 0
19.6 14.4 0.108747
19.6 14.8 0.0600626
19.6 15.2 -0.00506162
19.6 15.6 -0.0568746
19.6 16 -0.078145
19.6 16.4 -0.0730718
19.6 16.8 -0.0595067
19.6 17.2 -0.0523994
19.6 17.6 -0.0522313
19.6 18 -0.0471982
19.6 18.4 -0.0263458
19.6 18.8 0.00785822
19.6 19.2 0.0380278
19.6 19.6 0
19.6 20 0
19.6 20.4 0
19.6 20.8 0
19.6 21.2 0
19.6 21.6 0
19.6 22 0
19.6 22.4 -0.00127754
19.6 22.8 0.0109604
19.6 23.2 0.0215823
19.6 23.6 0.0206585
19.6 24 0.00776428
19.6 24.4 -0.0076172
19.6 24.8 -0.0129473
19.6 25.2 -0.00217048
19.6 25.6 0.0192503
19.6 26 0.0378475
19.6 26.4 0
19.6 26.8 0

20 0 0
20 0.4 0
20 0.8 0
20 1.2 0
20 1.6 0
20 2 0
20 2.4 0
20 2.8 0
20 3.2 0
20 3.6 0
20 4 0
20 4.4 0
20 4.8 0
20 5.2 0
20 5.6 0
20 6 0
20 6.4 0
20 6.8 0
20 7.2 0
20 7.6 0
20 8 0
20 8.4 0
20 8.8 0
20 9.2 0
20 9.6 0
20 10 0
20 10.4 0
20 10.8 0
20 11.2 0
20 11.6 0
20 12 0
20 12.4 0
20 12.8 0
20 13.2 0
20 13.6 0
20 14 0
20 14.4 0
20 14.8 0
20 15.2 0
20 15.6 0
20 16 0
20 16.4 0
20 16.8 0
20 17.2 0
20 17.6 0
20 18 0
20 18.4 0
20 18.8 0
20 19.2 0
20 19.6 0
20 20 0
20 20.4 0
20 20.8 0
20 21.2 0
20 21.6 0
20 22 0
20 22.4 0
20 22.8 0
20 23.2 0
20 23.6 0
20 24 0
20 24.4 0
20 24.8 0
20 25.2 0
20 25.6 0
20 26 0
20 26.4 0
20 26.8 0

