0 0 0
0 0.4 0
0 0.8 0
0 1.2 0
0 1.6 0
0 2 0
0 2.4 0
0 2.8 0
0 3.2 0
0 3.6 0
0 4 0
0 4.4 0
0 4.8 0
0 5.2 0
0 5.6 0
0 6 0
0 6.4 0
0 6.8 0
0 7.2 0
0 7.6 0
0 8 0
0 8.4 0
0 8.8 0
0 9.2 0
0 9.6 0
0 10 0
0 10.4 0
0 10.8 0
0 11.2 0
0 11.6 0
0 12 0
0 12.4 0
0 12.8 0
0 13.2 0
0 13.6 0
0 14 0
0 14.4 0
0 14.8 0
0 15.2 0
0 15.6 0
0 16 0
0 16.4 0
0 16.8 0
0 17.2 0
0 17.6 0
0 18 0
0 18.4 0
0 18.8 0
0 19.2 0
0 19.6 0
0 20 0
0 20.4 0
0 20.8 0
0 21.2 0
0 21.6 0
0 22 0
0 22.4 0
0 22.8 0
0 23.2 0
0 23.6 0
0 24 0
0 24.4 0
0 24.8 0
0 25.2 0
0 25.6 0
0 26 0
0 26.4 0
0 26.8 0

0.4 0 0
0.4 0.4 0
0.4 0.8 -0.00105992
0.4 1.2 0.000111562
0.4 1.6 0.000576671
0.4 2 -0.000872083
0.4 2.4 -0.00394095
0.4 2.8 -0.00673973
0.4 3.2 -0.00707329
0.4 3.6 -0.0041299
0.4 4 0.000810886
0.4 4.4 0.00525586
0.4 4.8 0.00720927
0.4 5.2 0.00622735
0.4 5.6 0.00337207
0.4 6 0.000123729
0.4 6.4 -0.00279885
0.4 6.8 -0.00519236
0.4 7.2 -0.00657633
0.4 7.6 -0.00595208
0.4 8 -0.00249524
0.4 8.4 0.00340318
0.4 8.8 0.00977605
0.4 9.2 0.0139609
0.4 9.6 0.0142566
0.4 10 0.0111491
0.4 10.4 0.00709461
0.4 10.8 0.00489793
0.4 11.2 0.00582482
0.4 11.6 0.00885788
0.4 12 0.0116819
0.4 12.4 0.0126533
0.4 12.8 0.0121341
0.4 13.2 0.0117717
0.4 13.6 0.0126593
0.4 14 0.01396
0.4 14.4 0.0132634
0.4 14.8 0.0089587
0.4 15.2 0.00220511
0.4 15.6 -0.00339057
0.4 16 -0.00426788
0.4 16.4 0.000345452
0.4 16.8 0.00762718
0.4 17.2 0.0130005
0.4 17.6 0.0132713
0.4 18 0.00868995
0.4 18.4 0.00239908
0.4 18.8 -0.0022074
0.4 19.2 -0.00403288
0.4 19.6 -0.0046407
0.4 20 -0.00616042
0.4 20.4 -0.008649
0.4 20.8 -0.00961618
0.4 21.2 -0.00671998
0.4 21.6 -0.000402227
0.4 22 0.00587086
0.4 22.4 0.00805927
0.4 22.8 0.00462074
0.4 23.2 -0.00236184
0.4 23.6 -0.00871365
0.4 24 -0.0110284
0.4 24.4 -0.00867617
0.4 24.8 -0.00364771
0.4 25.2 0.00130284
0.4 25.6 0.00453969
0.4 26 0.00602859
0.4 26.4 0
0.4 26.8 0

0.8 0 0
0.8 0.4 -0.00105992
0.8 0.8 -0.00586684
0.8 1.2 0.0016567
0.8 1.6 0.0030311
0.8 2 -0.0100734
0.8 2.4 -0.0344447
0.8 2.8 -0.0550502
0.8 3.2 -0.0553075
0.8 3.6 -0.0300308
0.8 4 0.00963019
0.8 4.4 0.0436801
0.8 4.8 0.0569381
0.8 5.2 0.0470286
0.8 5.6 0.0233452
0.8 6 -0.00203466
0.8 6.4 -0.0236344
0.8 6.8 -0.0404205
0.8 7.2 -0.0492893
0.8 7.6 -0.0429144
0.8 8 -0.0150446
0.8 8.4 0.031306
0.8 8.8 0.0809016
0.8 9.2 0.113065
0.8 9.6 0.114623
0.8 10 0.0895335
0.8 10.4 0.0572242
0.8 10.8 0.0398475
0.8 11.2 0.0474042
0.8 11.6 0.0718359
0.8 12 0.0947453
0.8 12.4 0.102912
0.8 12.8 0.0988761
0.8 13.2 0.0953908
0.8 13.6 0.101051
0.8 14 0.109485
0.8 14.4 0.1021
0.8 14.8 0.0666855
0.8 15.2 0.0127317
0.8 15.6 -0.0312942
0.8 16 -0.0376316
0.8 16.4 -0.000635703
0.8 16.8 0.0571832
0.8 17.2 0.0998742
0.8 17.6 0.102697
0.8 18 0.0680064
0.8 18.4 0.0204771
0.8 18.8 -0.013867
0.8 19.2 -0.0274465
0.8 19.6 -0.0333528
0.8 20 -0.0482535
0.8 20.4 -0.0714333
0.8 20.8 -0.0814904
0.8 21.2 -0.0585598
0.8 21.6 -0.00599522
0.8 22 0.0476014
0.8 22.4 0.0684318
0.8 22.8 0.0427524
0.8 23.2 -0.013461
0.8 23.6 -0.0664811
0.8 24 -0.0879146
0.8 24.4 -0.0713575
0.8 24.8 -0.0318231
0.8 25.2 0.00870331
0.8 25.6 0.0363619
0.8 26 0.0497405
0.8 26.4 0.00602859
0.8 26.8 0

1.2 0 0
1.2 0.4 -0.000630883
1.2 0.8 -0.0033098
1.2 1.2 0.00536253
1.2 1.6 0.0103197
1.2 2 0.00251014
1.2 2.4 -0.0167974
1.2 2.8 -0.0353349
1.2 3.2 -0.0389424
1.2 3.6 -0.0232624
1.2 4 0.00201594
1.2 4.4 0.0208664
1.2 4.8 0.0243944
1.2 5.2 0.0145285
1.2 5.6 0.00223661
1.2 6 -0.00177789
1.2 6.4 0.000303644
1.2 6.8 0.00113815
1.2 7.2 -0.0020688
1.2 7.6 -0.00409474
1.2 8 0.00331021
1.2 8.4 0.0226089
1.2 8.8 0.0458273
1.2 9.2 0.0588691
1.2 9.6 0.0521348
1.2 10 0.0290908
1.2 10.4 0.00536798
1.2 10.8 -0.00185544
1.2 11.2 0.0134372
1.2 11.6 0.0411183
1.2 12 0.0620399
1.2 12.4 0.0628681
1.2 12.8 0.0487536
1.2 13.2 0.0355929
1.2 13.6 0.0358218
1.2 14 0.0469232
1.2 14.4 0.0490921
1.2 14.8 0.0267006
1.2 15.2 -0.0151708
1.2 15.6 -0.0525464
1.2 16 -0.0605203
1.2 16.4 -0.0330124
1.2 16.8 0.0113964
1.2 17.2 0.0425237
1.2 17.6 0.0407106
1.2 18 0.0108648
1.2 18.4 -0.0225938
1.2 18.8 -0.0359061
1.2 19.2 -0.0251298
1.2 19.6 -0.00848849
1.2 20 -0.00893741
1.2 20.4 -0.0299127
1.2 20.8 -0.0468702
1.2 21.2 -0.0363438
1.2 21.6 0.00216488
1.2 22 0.0438702
1.2 22.4 0.0587433
1.2 22.8 0.0357126
1.2 23.2 -0.0101538
1.2 23.6 -0.0499698
1.2 24 -0.0619477
1.2 24.4 -0.0448243
1.2 24.8 -0.0148732
1.2 25.2 0.00899848
1.2 25.6 0.018874
1.2 26 0.0196457
1.2 26.4 0.00223017
1.2 26.8 0

1.6 0 0
1.6 0.4 -0.000773444
1.6 0.8 -0.00556265
1.6 1.2 0.00718772
1.6 1.6 0.0200152
1.6 2 0.0212492
1.6 2.4 0.00880114
1.6 2.8 -0.00811218
1.6 3.2 -0.0170449
1.6 3.6 -0.0136629
1.6 4 -0.006396
1.6 4.4 -0.00816183
1.6 4.8 -0.0179679
1.6 5.2 -0.0291626
1.6 5.6 -0.0284542
1.6 6 -0.00231601
1.6 6.4 0.0329235
1.6 6.8 0.0570822
1.6 7.2 0.0597888
1.6 7.6 0.0446896
1.6 8 0.0240195
1.6 8.4 0.00823079
1.6 8.8 -0.00126124
1.6 9.2 -0.010813
1.6 9.6 -0.026355
1.6 10 -0.0455838
1.6 10.4 -0.0576408
1.6 10.8 -0.0512292
1.6 11.2 -0.0249807
1.6 11.6 0.00837616
1.6 12 0.0278197
1.6 12.4 0.0167391
1.6 12.8 -0.013731
1.6 13.2 -0.042256
1.6 13.6 -0.0499164
1.6 14 -0.0302056
1.6 14.4 -0.0101065
1.6 14.8 -0.0129209
1.6 15.2 -0.0394815
1.6 15.6 -0.0700214
1.6 16 -0.0813726
1.6 16.4 -0.065929
1.6 16.8 -0.0378559
1.6 17.2 -0.0216648
1.6 17.6 -0.031982
1.6 18 -0.0605369
1.6 18.4 -0.0812177
1.6 18.8 -0.0701895
1.6 19.2 -0.0261401
1.6 19.6 0.0251703
1.6 20 0.0476731
1.6 20.4 0.0267238
1.6 20.8 -0.00137075
1.6 21.2 -0.00736621
1.6 21.6 0.0138433
1.6 22 0.0400562
1.6 22.4 0.0448779
1.6 22.8 0.0227299
1.6 23.2 -0.0102024
1.6 23.6 -0.0304169
1.6 24 -0.0258197
1.6 24.4 -0.00436061
1.6 24.8 0.0136749
1.6 25.2 0.0127731
1.6 25.6 -0.0055566
1.6 26 -0.0251904
1.6 26.4 -0.00341372
1.6 26.8 0

2 0 0
2 0.4 -0.00189833
2 0.8 -0.015523
2 1.2 0.00241566
2 1.6 0.0240503
2 2 0.0347433
2 2.4 0.0292582
2 2.8 0.0147648
2 3.2 0.00348417
2 3.6 0.000623006
2 4 -0.00310903
2 4.4 -0.0258707
2 4.8 -0.0483465
2 5.2 -0.0650044
2 5.6 -0.0639117
2 6 -0.00862646
2 6.4 0.0563388
2 6.8 0.0992326
2 7.2 0.105367
2 7.6 0.0788597
2 8 0.0363186
2 8.4 -0.00487484
2 8.8 -0.0359553
2 9.2 -0.0579117
2 9.6 -0.0750164
2 10 -0.087226
2 10.4 -0.0883771
2 10.8 -0.0718516
2 11.2 -0.0387567
2 11.6 -0.00132451
2 12 0.0204922
2 12.4 -0.00433861
2 12.8 -0.0506961
2 13.2 -0.0951541
2 13.6 -0.116008
2 14 -0.0798201
2 14.4 -0.0375743
2 14.8 -0.0215495
2 15.2 -0.0357041
2 15.6 -0.0617898
2 16 -0.0766709
2 16.4 -0.0708293
2 16.8 -0.0551461
2 17.2 -0.050838
2 17.6 -0.0701773
2 18 -0.103159
2 18.4 -0.121385
2 18.8 -0.0977512
2 19.2 -0.0286744
2 19.6 0.0562132
2 20 0.10322
2 20.4 0.067252
2 20.8 0.0259349
2 21.2 0.0077838
2 21.6 0.020658
2 22 0.0378658
2 22.4 0.0326279
2 22.8 0.00920909
2 23.2 -0.0123209
2 23.6 -0.0126663
2 24 0.0103393
2 24.4 0.0383177
2 24.8 0.0456533
2 25.2 0.0197046
2 25.6 -0.0279745
2 26 -0.0687186
2 26.4 -0.00881715
2 26.8 0

2.4 0 0
2.4 0.4 -0.00373029
2.4 0.8 -0.030778
2.4 1.2 -0.00878065
2.4 1.6 0.0189502
2.4 2 0.035721
2.4 2.4 0.0345508
2.4 2.8 0.0223831
2.4 3.2 0.0134288
2.4 3.6 0.0164873
2.4 4 0.0221507
2.4 4.4 0.000315459
2.4 4.8 -0.00374971
2.4 5.2 -0.015524
2.4 5.6 -0.107845
2.4 6 -0.0189598
2.4 6.4 0.0610591
2.4 6.8 0.108158
2.4 7.2 0.112305
2.4 7.6 0.080594
2.4 8 0.0323436
2.4 8.4 -0.0123657
2.4 8.8 -0.0426477
2.4 9.2 -0.0588633
2.4 9.6 -0.0667502
2.4 10 -0.0695028
2.4 10.4 -0.0646152
2.4 10.8 -0.047702
2.4 11.2 -0.0190332
2.4 11.6 0.0152085
2.4 12 0.0554298
2.4 12.4 0.00664527
2.4 12.8 -0.00290917
2.4 13.2 -0.0176029
2.4 13.6 -0.14857
2.4 14 -0.0754773
2.4 14.4 -0.0128687
2.4 14.8 0.0116841
2.4 15.2 0.000253975
2.4 15.6 -0.0264293
2.4 16 -0.043914
2.4 16.4 -0.0412038
2.4 16.8 -0.0280764
2.4 17.2 -0.0262237
2.4 17.6 -0.0501302
2.4 18 -0.0919699
2.4 18.4 -0.12256
2.4 18.8 -0.108967
2.4 19.2 -0.037347
2.4 19.6 0.0725811
2.4 20 0.157004
2.4 20.4 0.016723
2.4 20.8 0.00105994
2.4 21.2 0.000669792
2.4 21.6 0.0217943
2.4 22 0.0446484
2.4 22.4 0.0282408
2.4 22.8 -0.000400036
2.4 23.2 -0.0160756
2.4 23.6 -0.00210889
2.4 24 0.035937
2.4 24.4 0.0708593
2.4 24.8 0.0719144
2.4 25.2 0.0280526
2.4 25.6 -0.0413591
2.4 26 -0.0974507
2.4 26.4 -0.0122714
2.4 26.8 0

2.8 0 0
2.8 0.4 -0.00530631
2.8 0.8 -0.0436585
2.8 1.2 -0.020448
2.8 1.6 0.00833237
2.8 2 0.0252682
2.8 2.4 0.0231406
2.8 2.8 0.00990344
2.8 3.2 0.00293902
2.8 3.6 0.0196933
2.8 4 0.0039329
2.8 4.4 0
2.8 4.8 0
2.8 5.2 0
2.8 5.6 -0.0125566
2.8 6 -0.00865744
2.8 6.4 0.0528754
2.8 6.8 0.0818143
2.8 7.2 0.0770366
2.8 7.6 0.0474782
2.8 8 0.0112234
2.8 8.4 -0.0145824
2.8 8.8 -0.022767
2.8 9.2 -0.0176404
2.8 9.6 -0.00879332
2.8 10 -0.00269402
2.8 10.4 0.00123374
2.8 10.8 0.00736536
2.8 11.2 0.0165986
2.8 11.6 0.0208985
2.8 12 0.00727613
2.8 12.4 0
2.8 12.8 0
2.8 13.2 0
2.8 13.6 -0.0106161
2.8 14 -0.00490737
2.8 14.4 0.0576607
2.8 14.8 0.0689354
2.8 15.2 0.0465363
2.8 15.6 0.0135285
2.8 16 -0.00527313
2.8 16.4 0.00156413
2.8 16.8 0.0235777
2.8 17.2 0.0355081
2.8 17.6 0.0162882
2.8 18 -0.0333116
2.8 18.4 -0.0873236
2.8 18.8 -0.108321
2.8 19.2 -0.0675081
2.8 19.6 0.0508147
2.8 20 0.01783
2.8 20.4 0
2.8 20.8 0
2.8 21.2 0
2.8 21.6 0.00832022
2.8 22 0.0767956
2.8 22.4 0.0326144
2.8 22.8 -0.00604614
2.8 23.2 -0.0226692
2.8 23.6 -0.00308751
2.8 24 0.0432652
2.8 24.4 0.0841285
2.8 24.8 0.08512
2.8 25.2 0.035119
2.8 25.6 -0.0429016
2.8 26 -0.104821
2.8 26.4 -0.0130168
2.8 26.8 0

3.2 0 0
3.2 0.4 -0.0056243
3.2 0.8 -0.0462938
3.2 1.2 -0.0248523
3.2 1.6 0.000358517
3.2 2 0.0121698
3.2 2.4 0.00388186
3.2 2.8 -0.016112
3.2 3.2 -0.0318983
3.2 3.6 -0.000979897
3.2 4 0
3.2 4.4 0
3.2 4.8 0
3.2 5.2 0
3.2 5.6 0
3.2 6 0.00140931
3.2 6.4 0.0381323
3.2 6.8 0.0311645
3.2 7.2 0.0150759
3.2 7.6 -0.00580429
3.2 8 -0.0189042
3.2 8.4 -0.0141686
3.2 8.8 0.00845151
3.2 9.2 0.0388335
3.2 9.6 0.0634937
3.2 10 0.0741674
3.2 10.4 0.0718479
3.2 10.8 0.0635458
3.2 11.2 0.0544164
3.2 11.6 0.00461997
3.2 12 0
3.2 12.4 0
3.2 12.8 0
3.2 13.2 0
3.2 13.6 0
3.2 14 0.0130693
3.2 14.4 0.139395
3.2 14.8 0.10991
3.2 15.2 0.0685449
3.2 15.6 0.0276242
3.2 16 0.00890388
3.2 16.4 0.0238917
3.2 16.8 0.0618466
3.2 17.2 0.0937929
3.2 17.6 0.0904687
3.2 18 0.0421365
3.2 18.4 -0.0336228
3.2 18.8 -0.102415
3.2 19.2 -0.137422
3.2 19.6 -0.00563957
3.2 20 0
3.2 20.4 0
3.2 20.8 0
3.2 21.2 0
3.2 21.6 0
3.2 22 0.0109936
3.2 22.4 0.0244536
3.2 22.8 -0.0130094
3.2 23.2 -0.0332794
3.2 23.6 -0.0163317
3.2 24 0.030725
3.2 24.4 0.0755567
3.2 24.8 0.0824267
3.2 25.2 0.038635
3.2 25.6 -0.0340109
3.2 26 -0.0920188
3.2 26.4 -0.0113121
3.2 26.8 0

3.6 0 0
3.6 0.4 -0.00447161
3.6 0.8 -0.0370351
3.6 1.2 -0.0185569
3.6 1.6 0.00175249
3.6 2 0.00727331
3.6 2.4 -0.00776279
3.6 2.8 -0.03375
3.6 3.2 -0.0531273
3.6 3.6 -0.0040242
3.6 4 0
3.6 4.4 0
3.6 4.8 0
3.6 5.2 0
3.6 5.6 0
3.6 6 0.000873082
3.6 6.4 -0.00808278
3.6 6.8 -0.0285195
3.6 7.2 -0.0458223
3.6 7.6 -0.053168
3.6 8 -0.0428169
3.6 8.4 -0.0119349
3.6 8.8 0.0331684
3.6 9.2 0.0784523
3.6 9.6 0.109097
3.6 10 0.117533
3.6 10.4 0.107028
3.6 10.8 0.0884825
3.6 11.2 0.0730968
3.6 11.6 0.00495471
3.6 12 0
3.6 12.4 0
3.6 12.8 0
3.6 13.2 0
3.6 13.6 0
3.6 14 0.0119019
3.6 14.4 0.124256
3.6 14.8 0.0884708
3.6 15.2 0.0444467
3.6 15.6 0.00275967
3.6 16 -0.0148769
3.6 16.4 0.00584209
3.6 16.8 0.0573772
3.6 17.2 0.110738
3.6 17.6 0.131139
3.6 18 0.0987969
3.6 18.4 0.0211679
3.6 18.8 -0.071365
3.6 19.2 -0.143379
3.6 19.6 -0.0129471
3.6 20 0
3.6 20.4 0
3.6 20.8 0
3.6 21.2 0
3.6 21.6 0
3.6 22 0.00262521
3.6 22.4 0.0216579
3.6 22.8 -0.0159711
3.6 23.2 -0.0441527
3.6 23.6 -0.0368841
3.6 24 0.00413834
3.6 24.4 0.0502663
3.6 24.8 0.0666211
3.6 25.2 0.0380429
3.6 25.6 -0.0187046
3.6 26 -0.0658003
3.6 26.4 -0.00808978
3.6 26.8 0

4 0 0
4 0.4 -0.00274163
4 0.8 -0.0229099
4 1.2 -0.0057828
4 1.6 0.012549
4 2 0.0154505
4 2.4 -0.00247347
4 2.8 -0.0307831
4 3.2 -0.0504144
4 3.6 -0.00496747
4 4 0
4 4.4 0
4 4.8 0
4 5.2 0
4 5.6 0
4 6 0.000501023
4 6.4 -0.0421011
4 6.8 -0.0628776
4 7.2 -0.0735596
4 7.6 -0.0684716
4 8 -0.0450664
4 8.4 -0.0055006
4 8.8 0.0415251
4 9.2 0.0825574
4 9.6 0.105243
4 10 0.104854
4 10.4 0.0869443
4 10.8 0.0642667
4 11.2 0.0507144
4 11.6 0.00572727
4 12 0
4 12.4 0
4 12.8 0
4 13.2 0
4 13.6 0
4 14 -0.00926892
4 14.4 0.0313073
4 14.8 0.0201566
4 15.2 -0.00639628
4 15.6 -0.0406502
4 16 -0.0592849
4 16.4 -0.0424718
4 16.8 0.00982905
4 17.2 0.0744598
4 17.6 0.117046
4 18 0.111687
4 18.4 0.0558264
4 18.8 -0.0283051
4 19.2 -0.104638
4 19.6 -0.020045
4 20 0
4 20.4 0
4 20.8 0
4 21.2 0
4 21.6 0
4 22 0.00932805
4 22.4 0.0302687
4 22.8 -0.0112965
4 23.2 -0.0503731
4 23.6 -0.0563966
4 24 -0.0256073
4 24.4 0.0188339
4 24.8 0.0447239
4 25.2 0.0346071
4 25.6 -0.00172428
4 26 -0.035083
4 26.4 -0.00446905
4 26.8 0

4.4 0 0
4.4 0.4 -0.00188381
4.4 0.8 -0.0153526
4.4 1.2 0.00414027
4.4 1.6 0.0260872
4.4 2 0.0327282
4.4 2.4 0.0177671
4.4 2.8 -0.00878358
4.4 3.2 -0.027683
4.4 3.6 -0.023613
4.4 4 -0.000917072
4.4 4.4 0
4.4 4.8 0
4.4 5.2 0
4.4 5.6 0.00651892
4.4 6 0.00544987
4.4 6.4 -0.0344502
4.4 6.8 -0.0522038
4.4 7.2 -0.0532211
4.4 7.6 -0.0414819
4.4 8 -0.0201421
4.4 8.4 0.0072167
4.4 8.8 0.0346362
4.4 9.2 0.053984
4.4 9.6 0.0583699
4.4 10 0.0465186
4.4 10.4 0.0243976
4.4 10.8 0.00223348
4.4 11.2 -0.0114701
4.4 11.6 -0.0156799
4.4 12 -0.0053315
4.4 12.4 0
4.4 12.8 0
4.4 13.2 0
4.4 13.6 -0.0265906
4.4 14 -0.179262
4.4 14.4 -0.0828362
4.4 14.8 -0.0397463
4.4 15.2 -0.0377251
4.4 15.6 -0.0621942
4.4 16 -0.0871979
4.4 16.4 -0.0871174
4.4 16.8 -0.052186
4.4 17.2 0.00506395
4.4 17.6 0.0572395
4.4 18 0.0782976
4.4 18.4 0.0579126
4.4 18.8 0.00567712
4.4 19.2 -0.0556714
4.4 19.6 -0.102828
4.4 20 -0.0181152
4.4 20.4 0
4.4 20.8 0
4.4 21.2 0
4.4 21.6 0.0127959
4.4 22 0.0985159
4.4 22.4 0.0550173
4.4 22.8 -0.000764373
4.4 23.2 -0.049713
4.4 23.6 -0.0672687
4.4 24 -0.0473617
4.4 24.4 -0.00744755
4.4 24.8 0.0245342
4.4 25.2 0.0302064
4.4 25.6 0.0127043
4.4 26 -0.00796462
4.4 26.4 -0.00137539
4.4 26.8 0

4.8 0 0
4.8 0.4 -0.00282205
4.8 0.8 -0.0217796
4.8 1.2 0.00369111
4.8 1.6 0.034169
4.8 2 0.0498355
4.8 2.4 0.0423572
4.8 2.8 0.02024
4.8 3.2 0.00194301
4.8 3.6 0.00149195
4.8 4 0.0149596
4.8 4.4 0.00764653
4.8 4.8 0.00819097
4.8 5.2 0.010176
4.8 5.6 0.0357799
4.8 6 0.00372025
4.8 6.4 -0.0138821
4.8 6.8 -0.0117249
4.8 7.2 0.000991009
4.8 7.6 0.0138385
4.8 8 0.0213342
4.8 8.4 0.0229537
4.8 8.8 0.0196671
4.8 9.2 0.0112626
4.8 9.6 -0.00315175
4.8 10 -0.0226483
4.8 10.4 -0.0431843
4.8 10.8 -0.0595649
4.8 11.2 -0.069735
4.8 11.6 -0.0786251
4.8 12 -0.0998809
4.8 12.4 -0.0190572
4.8 12.8 -0.0123111
4.8 13.2 -0.0238062
4.8 13.6 -0.184628
4.8 14 -0.154691
4.8 14.4 -0.0832719
4.8 14.8 -0.0293576
4.8 15.2 -0.0139412
4.8 15.6 -0.0345584
4.8 16 -0.0703896
4.8 16.4 -0.0948032
4.8 16.8 -0.0907024
4.8 17.2 -0.0591016
4.8 17.6 -0.0160542
4.8 18 0.0186062
4.8 18.4 0.0321583
4.8 18.8 0.0227578
4.8 19.2 -0.00407955
4.8 19.6 -0.0407434
4.8 20 -0.0780402
4.8 20.4 -0.0168931
4.8 20.8 -0.0120335
4.8 21.2 -0.00334309
4.8 21.6 0.0611609
4.8 22 0.0697597
4.8 22.4 0.0463738
4.8 22.8 0.000791439
4.8 23.2 -0.0444408
4.8 23.6 -0.0657193
4.8 24 -0.0543356
4.8 24.4 -0.0214709
4.8 24.8 0.0109042
4.8 25.2 0.0257405
4.8 25.6 0.0214752
4.8 26 0.0101883
4.8 26.4 0.000650621
4.8 26.8 0

5.2 0 0
5.2 0.4 -0.00515562
5.2 0.8 -0.0393047
5.2 1.2 -0.00684055
5.2 1.6 0.0331501
5.2 2 0.058682
5.2 2.4 0.0591048
5.2 2.8 0.0412978
5.2 3.2 0.0238755
5.2 3.6 0.0239672
5.2 4 0.0466296
5.2 4.4 0.0887063
5.2 4.8 0.0952904
5.2 5.2 0.0631654
5.2 5.6 0.0200571
5.2 6 -0.00152882
5.2 6.4 0.00569083
5.2 6.8 0.0317819
5.2 7.2 0.057329
5.2 7.6 0.06694
5.2 8 0.0565485
5.2 8.4 0.0320197
5.2 8.8 0.00260591
5.2 9.2 -0.0249285
5.2 9.6 -0.0479426
5.2 10 -0.0660196
5.2 10.4 -0.0788688
5.2 10.8 -0.0865303
5.2 11.2 -0.0913511
5.2 11.6 -0.0988893
5.2 12 -0.11509
5.2 12.4 -0.138723
5.2 12.8 -0.136854
5.2 13.2 -0.119099
5.2 13.6 -0.110337
5.2 14 -0.073347
5.2 14.4 -0.0157709
5.2 14.8 0.0322727
5.2 15.2 0.0488097
5.2 15.6 0.0291851
5.2 16 -0.0134758
5.2 16.4 -0.0570394
5.2 16.8 -0.0830085
5.2 17.2 -0.0847122
5.2 17.6 -0.0666537
5.2 18 -0.0378272
5.2 18.4 -0.0060235
5.2 18.8 0.0221369
5.2 19.2 0.0373068
5.2 19.6 0.0265526
5.2 20 -0.0187684
5.2 20.4 -0.0893398
5.2 20.8 -0.142806
5.2 21.2 -0.121716
5.2 21.6 -0.0284893
5.2 22 0.0177231
5.2 22.4 0.0227349
5.2 22.8 -0.00113123
5.2 23.2 -0.0328565
5.2 23.6 -0.0513112
5.2 24 -0.0463346
5.2 24.4 -0.0230397
5.2 24.8 0.00373751
5.2 25.2 0.0204269
5.2 25.6 0.0231116
5.2 26 0.0177696
5.2 26.4 0.00150975
5.2 26.8 0

5.6 0 0
5.6 0.4 -0.00730656
5.6 0.8 -0.0557835
5.6 1.2 -0.0191051
5.6 1.6 0.0262378
5.6 2 0.0570151
5.6 2.4 0.0608666
5.6 2.8 0.0432098
5.6 3.2 0.022699
5.6 3.6 0.0188767
5.6 4 0.0397735
5.6 4.4 0.0732607
5.6 4.8 0.0734834
5.6 5.2 0.0346413
5.6 5.6 -0.0135217
5.6 6 -0.0226768
5.6 6.4 0.00770366
5.6 6.8 0.0531223
5.6 7.2 0.085387
5.6 7.6 0.0883135
5.6 8 0.0631824
5.6 8.4 0.023564
5.6 8.8 -0.0149836
5.6 9.2 -0.0429852
5.6 9.6 -0.0588624
5.6 10 -0.0657715
5.6 10.4 -0.0677586
5.6 10.8 -0.068427
5.6 11.2 -0.0717543
5.6 11.6 -0.0818973
5.6 12 -0.0989191
5.6 12.4 -0.111169
5.6 12.8 -0.0977617
5.6 13.2 -0.0613974
5.6 13.6 -0.0172083
5.6 14 0.0203163
5.6 14.4 0.0576357
5.6 14.8 0.0880536
5.6 15.2 0.0988481
5.6 15.6 0.0836429
5.6 16 0.0477597
5.6 16.4 0.00425968
5.6 16.8 -0.0342948
5.6 17.2 -0.0609697
5.6 17.6 -0.0730926
5.6 18 -0.0677641
5.6 18.4 -0.0410033
5.6 18.8 0.00613048
5.6 19.2 0.0587171
5.6 19.6 0.0860639
5.6 20 0.0551773
5.6 20.4 -0.036234
5.6 20.8 -0.11062
5.6 21.2 -0.113403
5.6 21.6 -0.0530636
5.6 22 -0.00575462
5.6 22.4 0.0122956
5.6 22.8 0.00521666
5.6 23.2 -0.0133977
5.6 23.6 -0.0282738
5.6 24 -0.0299416
5.6 24.4 -0.0184477
5.6 24.8 -0.00128716
5.6 25.2 0.0125936
5.6 25.6 0.0184187
5.6 26 0.0172679
5.6 26.4 0.00153468
5.6 26.8 0

6 0 0
6 0.4 -0.00758307
6 0.8 -0.0580127
6 1.2 -0.0227032
6 1.6 0.0204311
6 2 0.0486704
6 2.4 0.0492168
6 2.8 0.0262728
6 3.2 -0.00219017
6 3.6 -0.0146748
6 4 0.00416024
6 4.4 0.0557969
6 4.8 0.0588812
6 5.2 0.0113072
6 5.6 -0.0604524
6 6 -0.058
6 6.4 -0.00884338
6 6.8 0.0457617
6 7.2 0.074558
6 7.6 0.0670505
6 8 0.0334137
6 8.4 -0.00586499
6 8.8 -0.0333733
6 9.2 -0.0428479
6 9.6 -0.0385828
6 10 -0.0292294
6 10.4 -0.0219391
6 10.8 -0.02073
6 11.2 -0.028427
6 11.6 -0.0481745
6 12 -0.0793832
6 12.4 -0.10101
6 12.8 -0.0780655
6 13.2 -0.0175494
6 13.6 0.0661428
6 14 0.083515
6 14.4 0.0845626
6 14.8 0.0874072
6 15.2 0.0894092
6 15.6 0.0846086
6 16 0.0716785
6 16.4 0.0526723
6 16.8 0.0285013
6 17.2 -0.00187489
6 17.6 -0.0363362
6 18 -0.06359
6 18.4 -0.0644572
6 18.8 -0.0239809
6 19.2 0.0515055
6 19.6 0.123983
6 20 0.128453
6 20.4 0.00489802
6 20.8 -0.0858429
6 21.2 -0.0934202
6 21.6 -0.0248756
6 22 0.010314
6 22.4 0.024456
6 22.8 0.0221914
6 23.2 0.00946728
6 23.6 -0.00569957
6 24 -0.0158281
6 24.4 -0.0168973
6 24.8 -0.00964505
6 25.2 0.00144098
6 25.6 0.0107897
6 26 0.0145758
6 26.4 0.00140107
6 26.8 0

6.4 0 0
6.4 0.4 -0.00541492
6.4 0.8 -0.0413586
6.4 1.2 -0.0131182
6.4 1.6 0.0205788
6.4 2 0.0396451
6.4 2.4 0.032409
6.4 2.8 0.00194483
6.4 3.2 -0.0365117
6.4 3.6 -0.063903
6.4 4 -0.0591211
6.4 4.4 -0.000297056
6.4 4.8 0.00544781
6.4 5.2 -0.0074396
6.4 5.6 -0.124837
6.4 6 -0.0921041
6.4 6.4 -0.0245215
6.4 6.8 0.0266819
6.4 7.2 0.0395981
6.4 7.6 0.0169365
6.4 8 -0.0202179
6.4 8.4 -0.0471259
6.4 8.8 -0.049879
6.4 9.2 -0.0307602
6.4 9.6 -0.00290275
6.4 10 0.0199291
6.4 10.4 0.0305745
6.4 10.8 0.0286495
6.4 11.2 0.0151638
6.4 11.6 -0.0142321
6.4 12 -0.0738642
6.4 12.4 -0.0179249
6.4 12.8 -0.00796295
6.4 13.2 0.0101592
6.4 13.6 0.151369
6.4 14 0.0994471
6.4 14.4 0.0475465
6.4 14.8 0.0203619
6.4 15.2 0.0141297
6.4 15.6 0.0223564
6.4 16 0.0403132
6.4 16.4 0.0617086
6.4 16.8 0.0748196
6.4 17.2 0.0650505
6.4 17.6 0.025421
6.4 18 -0.0320993
6.4 18.4 -0.0755878
6.4 18.8 -0.068082
6.4 19.2 0.00821587
6.4 19.6 0.132042
6.4 20 0.222631
6.4 20.4 0.0167492
6.4 20.8 -0.00718346
6.4 21.2 0.000601213
6.4 21.6 0.061696
6.4 22 0.0526796
6.4 22.4 0.047538
6.4 22.8 0.0400445
6.4 23.2 0.0260433
6.4 23.6 0.00638154
6.4 24 -0.013257
6.4 24.4 -0.0251678
6.4 24.8 -0.0242288
6.4 25.2 -0.0115811
6.4 25.6 0.00532065
6.4 26 0.0167698
6.4 26.4 0.00189177
6.4 26.8 0

6.8 0 0
6.8 0.4 -0.00183879
6.8 0.8 -0.0136432
6.8 1.2 0.00444886
6.8 1.6 0.0252318
6.8 2 0.0332026
6.8 2.4 0.0194052
6.8 2.8 -0.0137353
6.8 3.2 -0.0555206
6.8 3.6 -0.0999827
6.8 4 -0.0128902
6.8 4.4 0
6.8 4.8 0
6.8 5.2 0
6.8 5.6 -0.0166897
6.8 6 -0.0912822
6.8 6.4 -0.00656451
6.8 6.8 0.0240955
6.8 7.2 0.00861189
6.8 7.6 -0.0334621
6.8 8 -0.0717952
6.8 8.4 -0.0816574
6.8 8.8 -0.0573138
6.8 9.2 -0.0124794
6.8 9.6 0.031014
6.8 10 0.0571593
6.8 10.4 0.0628989
6.8 10.8 0.0553346
6.8 11.2 0.0427403
6.8 11.6 0.023995
6.8 12 -0.00680644
6.8 12.4 0
6.8 12.8 0
6.8 13.2 0
6.8 13.6 0.0181199
6.8 14 0.0569302
6.8 14.4 -0.0371113
6.8 14.8 -0.0763667
6.8 15.2 -0.08525
6.8 15.6 -0.0689234
6.8 16 -0.0283323
6.8 16.4 0.0299098
6.8 16.8 0.0867748
6.8 17.2 0.113889
6.8 17.6 0.0887979
6.8 18 0.0140738
6.8 18.4 -0.0748629
6.8 18.8 -0.122861
6.8 19.2 -0.08151
6.8 19.6 0.081011
6.8 20 0.0259295
6.8 20.4 0
6.8 20.8 0
6.8 21.2 0
6.8 21.6 0.0125649
6.8 22 0.0717893
6.8 22.4 0.0555972
6.8 22.8 0.0450305
6.8 23.2 0.0286193
6.8 23.6 0.00355124
6.8 24 -0.0243419
6.8 24.4 -0.0433172
6.8 24.8 -0.0431742
6.8 25.2 -0.023023
6.8 25.6 0.00645893
6.8 26 0.0285978
6.8 26.4 0.00351447
6.8 26.8 0

7.2 0 0
7.2 0.4 0.00116784
7.2 0.8 0.0098982
7.2 1.2 0.0184701
7.2 1.6 0.0276045
7.2 2 0.0275996
7.2 2.4 0.0133989
7.2 2.8 -0.0115096
7.2 3.2 -0.0345794
7.2 3.6 -0.0104532
7.2 4 0
7.2 4.4 0
7.2 4.8 0
7.2 5.2 0
7.2 5.6 0
7.2 6 -0.00210447
7.2 6.4 0.0709288
7.2 6.8 0.0515332
7.2 7.2 0.000426076
7.2 7.6 -0.0602742
7.2 8 -0.0977098
7.2 8.4 -0.0919101
7.2 8.8 -0.047928
7.2 9.2 0.00950937
7.2 9.6 0.0531178
7.2 10 0.0690935
7.2 10.4 0.0618994
7.2 10.8 0.0471908
7.2 11.2 0.0409647
7.2 11.6 0.00511739
7.2 12 0
7.2 12.4 0
7.2 12.8 0
7.2 13.2 0
7.2 13.6 0
7.2 14 -0.00567569
7.2 14.4 -0.131987
7.2 14.8 -0.137439
7.2 15.2 -0.142452
7.2 15.6 -0.13208
7.2 16 -0.0934317
7.2 16.4 -0.0227959
7.2 16.8 0.0637067
7.2 17.2 0.129669
7.2 17.6 0.135423
7.2 18 0.0651073
7.2 18.4 -0.0556007
7.2 18.8 -0.16863
7.2 19.2 -0.221492
7.2 19.6 -0.00810811
7.2 20 0
7.2 20.4 0
7.2 20.8 0
7.2 21.2 0
7.2 21.6 0
7.2 22 0.00709648
7.2 22.4 0.0365812
7.2 22.8 0.0345559
7.2 23.2 0.0194773
7.2 23.6 -0.00869347
7.2 24 -0.0419252
7.2 24.4 -0.0641532
7.2 24.8 -0.0606912
7.2 25.2 -0.0294302
7.2 25.6 0.0151536
7.2 26 0.0492046
7.2 26.4 0.0061319
7.2 26.8 0

7.6 0 0
7.6 0.4 0.00205564
7.6 0.8 0.017185
7.6 1.2 0.019453
7.6 1.6 0.0211483
7.6 2 0.0183642
7.6 2.4 0.0092972
7.6 2.8 -0.00381922
7.6 3.2 -0.0140237
7.6 3.6 -0.000840972
7.6 4 0
7.6 4.4 0
7.6 4.8 0
7.6 5.2 0
7.6 5.6 0
7.6 6 0.00907443
7.6 6.4 0.118954
7.6 6.8 0.0784877
7.6 7.2 0.00868143
7.6 7.6 -0.0589293
7.6 8 -0.0902764
7.6 8.4 -0.0720927
7.6 8.8 -0.0198857
7.6 9.2 0.0339386
7.6 9.6 0.0618489
7.6 10 0.0569283
7.6 10.4 0.0327361
7.6 10.8 0.0101339
7.6 11.2 0.00326225
7.6 11.6 0.00122373
7.6 12 0
7.6 12.4 0
7.6 12.8 0
7.6 13.2 0
7.6 13.6 0
7.6 14 -0.0093524
7.6 14.4 -0.0951658
7.6 14.8 -0.093227
7.6 15.2 -0.108515
7.6 15.6 -0.125223
7.6 16 -0.119906
7.6 16.4 -0.0722724
7.6 16.8 0.0155112
7.6 17.2 0.108966
7.6 17.6 0.154986
7.6 18 0.115093
7.6 18.4 -0.00396561
7.6 18.8 -0.14716
7.6 19.2 -0.242802
7.6 19.6 -0.0185485
7.6 20 0
7.6 20.4 0
7.6 20.8 0
7.6 21.2 0
7.6 21.6 0
7.6 22 0.00157581
7.6 22.4 0.0242377
7.6 22.8 0.0230798
7.6 23.2 0.0105745
7.6 23.6 -0.0176045
7.6 24 -0.0533325
7.6 24.4 -0.0771823
7.6 24.8 -0.0704828
7.6 25.2 -0.0297976
7.6 25.6 0.02741
7.6 26 0.0713384
7.6 26.4 0.00886762
7.6 26.8 0

8 0 0
8 0.4 0.000780653
8 0.8 0.00769858
8 1.2 0.00707713
8 1.6 0.00557523
8 2 0.0043702
8 2.4 0.0038542
8 2.8 0.0035493
8 3.2 0.00340039
8 3.6 0.000669979
8 4 0
8 4.4 0
8 4.8 0
8 5.2 0
8 5.6 0
8 6 0.00834287
8 6.4 0.122347
8 6.8 0.0842829
8 7.2 0.017386
8 7.6 -0.0416873
8 8 -0.0600285
8 8.4 -0.0317474
8 8.8 0.0192338
8 9.2 0.0573361
8 9.6 0.060089
8 10 0.0312741
8 10.4 -0.00600738
8 10.8 -0.0293938
8 11.2 -0.0344795
8 11.6 -0.00731832
8 12 0
8 12.4 0
8 12.8 0
8 13.2 0
8 13.6 0
8 14 0.0224875
8 14.4 0.0386787
8 14.8 0.0316708
8 15.2 0.00017654
8 15.6 -0.0529958
8 16 -0.101303
8 16.4 -0.10602
8 16.8 -0.0463723
8 17.2 0.0562349
8 17.6 0.142978
8 18 0.153468
8 18.4 0.0693356
8 18.8 -0.0669369
8 19.2 -0.173839
8 19.6 -0.0210499
8 20 0
8 20.4 0
8 20.8 0
8 21.2 0
8 21.6 0
8 22 -0.00106923
8 22.4 0.0118147
8 22.8 0.0159525
8 23.2 0.0116166
8 23.6 -0.0119784
8 24 -0.048056
8 24.4 -0.0747704
8 24.8 -0.069564
8 25.2 -0.026606
8 25.6 0.035783
8 26 0.0844002
8 26.4 0.0104614
8 26.8 0

8.4 0 0
8.4 0.4 -0.00121209
8.4 0.8 -0.00753157
8.4 1.2 -0.00954065
8.4 1.6 -0.0123761
8.4 2 -0.0106404
8.4 2.4 -0.00245138
8.4 2.8 0.00888258
8.4 3.2 0.0172393
8.4 3.6 0.0173146
8.4 4 0.00123727
8.4 4.4 0
8.4 4.8 0
8.4 5.2 0
8.4 5.6 -0.00851656
8.4 6 0.0208937
8.4 6.4 0.076232
8.4 6.8 0.061845
8.4 7.2 0.0128114
8.4 7.6 -0.027153
8.4 8 -0.0276167
8.4 8.4 0.00991689
8.4 8.8 0.0553126
8.4 9.2 0.0734612
8.4 9.6 0.050455
8.4 10 0.00270667
8.4 10.4 -0.0372017
8.4 10.8 -0.046471
8.4 11.2 -0.0304238
8.4 11.6 -0.0230447
8.4 12 0.00969045
8.4 12.4 0
8.4 12.8 0
8.4 13.2 0
8.4 13.6 0.0232381
8.4 14 0.22923
8.4 14.4 0.156869
8.4 14.8 0.143945
8.4 15.2 0.114481
8.4 15.6 0.0399118
8.4 16 -0.058538
8.4 16.4 -0.125318
8.4 16.8 -0.111857
8.4 17.2 -0.0175607
8.4 17.6 0.101856
8.4 18 0.168676
8.4 18.4 0.137354
8.4 18.8 0.0288999
8.4 19.2 -0.0809213
8.4 19.6 -0.111832
8.4 20 -0.0113438
8.4 20.4 0
8.4 20.8 0
8.4 21.2 0
8.4 21.6 -0.00992612
8.4 22 -0.0444388
8.4 22.4 -0.013549
8.4 22.8 0.0138165
8.4 23.2 0.0259438
8.4 23.6 0.0114485
8.4 24 -0.0239562
8.4 24.4 -0.056631
8.4 24.8 -0.0600143
8.4 25.2 -0.0244321
8.4 25.6 0.0335622
8.4 26 0.0803655
8.4 26.4 0.00997061
8.4 26.8 0

8.8 0 0
8.8 0.4 -0.00207192
8.8 0.8 -0.0142306
8.8 1.2 -0.0185795
8.8 1.6 -0.0238813
8.8 2 -0.0213178
8.8 2.4 -0.00779993
8.8 2.8 0.0112859
8.8 3.2 0.0258385
8.8 3.6 0.0283729
8.8 4 0.0204119
8.8 4.4 -0.000444959
8.8 4.8 -0.00363898
8.8 5.2 -0.0129119
8.8 5.6 -0.0727984
8.8 6 -0.00168361
8.8 6.4 0.0381937
8.8 6.8 0.0282595
8.8 7.2 -0.00716234
8.8 7.6 -0.0283864
8.8 8 -0.0111789
8.8 8.4 0.0351906
8.8 8.8 0.0756554
8.8 9.2 0.077021
8.8 9.6 0.0343945
8.8 10 -0.0240056
8.8 10.4 -0.0573907
8.8 10.8 -0.0422685
8.8 11.2 0.0124269
8.8 11.6 0.0810407
8.8 12 0.174168
8.8 12.4 0.0209906
8.8 12.8 -0.00621821
8.8 13.2 -0.0147718
8.8 13.6 -0.0419992
8.8 14 0.0348671
8.8 14.4 0.0884671
8.8 14.8 0.147861
8.8 15.2 0.16612
8.8 15.6 0.105174
8.8 16 -0.0183962
8.8 16.4 -0.135219
8.8 16.8 -0.169333
8.8 17.2 -0.0942692
8.8 17.6 0.0442797
8.8 18 0.158199
8.8 18.4 0.17842
8.8 18.8 0.102856
8.8 19.2 -0.005114
8.8 19.6 -0.0676899
8.8 20 -0.0602852
8.8 20.4 0.00288882
8.8 20.8 0.00941867
8.8 21.2 -0.00135396
8.8 21.6 -0.076331
8.8 22 -0.0526797
8.8 22.4 -0.0178297
8.8 22.8 0.0236685
8.8 23.2 0.0511304
8.8 23.6 0.0463524
8.8 24 0.0112401
8.8 24.4 -0.0302066
8.8 24.8 -0.0477394
8.8 25.2 -0.0269415
8.8 25.6 0.0193169
8.8 26 0.0593052
8.8 26.4 0.00742704
8.8 26.8 0

9.2 0 0
9.2 0.4 -0.000869054
9.2 0.8 -0.00513679
9.2 1.2 -0.0139445
9.2 1.6 -0.0243565
9.2 2 -0.0249448
9.2 2.4 -0.0115441
9.2 2.8 0.00929409
9.2 3.2 0.0248689
9.2 3.6 0.0250386
9.2 4 0.00769445
9.2 4.4 -0.0253943
9.2 4.8 -0.053717
9.2 5.2 -0.0635551
9.2 5.6 -0.048416
9.2 6 -0.00806384
9.2 6.4 0.0110746
9.2 6.8 -0.00611566
9.2 7.2 -0.0375934
9.2 7.6 -0.0473411
9.2 8 -0.017012
9.2 8.4 0.037413
9.2 8.8 0.076696
9.2 9.2 0.0688332
9.2 9.6 0.0153912
9.2 10 -0.047167
9.2 10.4 -0.0730345
9.2 10.8 -0.0405925
9.2 11.2 0.0313179
9.2 11.6 0.0958386
9.2 12 0.103837
9.2 12.4 -0.0105084
9.2 12.8 -0.182532
9.2 13.2 -0.299486
9.2 13.6 -0.262247
9.2 14 -0.186272
9.2 14.4 -0.0734848
9.2 14.8 0.0589426
9.2 15.2 0.145051
9.2 15.6 0.126154
9.2 16 0.00753321
9.2 16.4 -0.13495
9.2 16.8 -0.204393
9.2 17.2 -0.151154
9.2 17.6 -0.00828482
9.2 18 0.132653
9.2 18.4 0.187271
9.2 18.8 0.136662
9.2 19.2 0.0358503
9.2 19.6 -0.0318659
9.2 20 -0.0171207
9.2 20.4 0.0744108
9.2 20.8 0.12185
9.2 21.2 0.0870685
9.2 21.6 -0.0027419
9.2 22 -0.0296632
9.2 22.4 -0.00910163
9.2 22.8 0.0371004
9.2 23.2 0.0755546
9.2 23.6 0.0787309
9.2 24 0.0433693
9.2 24.4 -0.00707312
9.2 24.8 -0.0393
9.2 25.2 -0.0343908
9.2 25.6 -0.00126974
9.2 26 0.0308005
9.2 26.4 0.00400094
9.2 26.8 0

9.6 0 0
9.6 0.4 0.00180354
9.6 0.8 0.015283
9.6 1.2 0.000903851
9.6 1.6 -0.0161688
9.6 2 -0.0228997
9.6 2.4 -0.0142636
9.6 2.8 0.00305466
9.6 3.2 0.0158266
9.6 3.6 0.0140002
9.6 4 -0.00316203
9.6 4.4 -0.0296255
9.6 4.8 -0.0514928
9.6 5.2 -0.0539317
9.6 5.6 -0.0332474
9.6 6 -0.00551145
9.6 6.4 -0.00211149
9.6 6.8 -0.0308733
9.6 7.2 -0.0669938
9.6 7.6 -0.0745476
9.6 8 -0.0378332
9.6 8.4 0.0231207
9.6 8.8 0.0657518
9.6 9.2 0.057317
9.6 9.6 0.00151076
9.6 10 -0.0618133
9.6 10.4 -0.0847259
9.6 10.8 -0.0467134
9.6 11.2 0.0284544
9.6 11.6 0.0854455
9.6 12 0.0663919
9.6 12.4 -0.0643589
9.6 12.8 -0.244634
9.6 13.2 -0.380302
9.6 13.6 -0.423705
9.6 14 -0.381508
9.6 14.4 -0.249285
9.6 14.8 -0.0636028
9.6 15.2 0.0861049
9.6 15.6 0.118442
9.6 16 0.0247786
9.6 16.4 -0.11926
9.6 16.8 -0.205548
9.6 17.2 -0.169558
9.6 17.6 -0.034199
9.6 18 0.110179
9.6 18.4 0.173244
9.6 18.8 0.128711
9.6 19.2 0.0285606
9.6 19.6 -0.0401658
9.6 20 -0.0214752
9.6 20.4 0.0659557
9.6 20.8 0.1188
9.6 21.2 0.0911997
9.6 21.6 0.0127409
9.6 22 -0.0272245
9.6 22.4 -0.0113656
9.6 22.8 0.0395047
9.6 23.2 0.0859811
9.6 23.6 0.0946463
9.6 24 0.059033
9.6 24.4 0.00264379
9.6 24.8 -0.038847
9.6 25.2 -0.0434881
9.6 25.6 -0.0179196
9.6 26 0.00970737
9.6 26.4 0.00148349
9.6 26.8 0

10 0 0
10 0.4 0.00433141
10 0.8 0.0346421
10 1.2 0.0161453
10 1.6 -0.0060511
10 2 -0.018647
10 2.4 -0.0163496
10 2.8 -0.00537844
10 3.2 0.00209336
10 3.6 -0.00163332
10 4 -0.0131701
10 4.4 -0.0289184
10 4.8 -0.0454785
10 5.2 -0.0456133
10 5.6 -0.020623
10 6 0.00626392
10 6.4 0.00277973
10 6.8 -0.0362234
10 7.2 -0.0819975
10 7.6 -0.0954363
10 8 -0.0593922
10 8.4 0.00562335
10 8.8 0.0550705
10 9.2 0.0535398
10 9.6 0.00224521
10 10 -0.0605381
10 10.4 -0.0870683
10 10.8 -0.0552722
10 11.2 0.0148527
10 11.6 0.0746053
10 12 0.0728731
10 12.4 -0.057256
10 12.8 -0.252732
10 13.2 -0.429447
10 13.6 -0.57049
10 14 -0.539842
10 14.4 -0.383054
10 14.8 -0.156694
10 15.2 0.0376528
10 15.6 0.109048
10 16 0.0425377
10 16.4 -0.0882976
10 16.8 -0.173647
10 17.2 -0.145442
10 17.6 -0.023075
10 18 0.105753
10 18.4 0.152709
10 18.8 0.0934917
10 19.2 -0.0175267
10 19.6 -0.0899631
10 20 -0.0616209
10 20.4 0.057958
10 20.8 0.118077
10 21.2 0.0844408
10 21.6 -0.0147747
10 22 -0.0528541
10 22.4 -0.0296283
10 22.8 0.0280526
10 23.2 0.078833
10 23.6 0.0888493
10 24 0.0524178
10 24.4 -0.0052686
10 24.8 -0.0468629
10 25.2 -0.0497826
10 25.6 -0.0214616
10 26 0.0082943
10 26.4 0.00133726
10 26.8 0

10.4 0 0
10.4 0.4 0.00523377
10.4 0.8 0.0415378
10.4 1.2 0.0228561
10.4 1.6 0.000241193
10.4 2 -0.0143407
10.4 2.4 -0.0162985
10.4 2.8 -0.0114921
10.4 3.2 -0.0108953
10.4 3.6 -0.0197167
10.4 4 -0.0221203
10.4 4.4 -0.00349476
10.4 4.8 -0.00284603
10.4 5.2 -0.0063136
10.4 5.6 -0.0149065
10.4 6 0.0251135
10.4 6.4 0.0262448
10.4 6.8 -0.0182008
10.4 7.2 -0.075033
10.4 7.6 -0.0999007
10.4 8 -0.0708514
10.4 8.4 -0.00528841
10.4 8.8 0.0522937
10.4 9.2 0.0629132
10.4 9.6 0.021663
10.4 10 -0.0392075
10.4 10.4 -0.074745
10.4 10.8 -0.0601958
10.4 11.2 -0.00627447
10.4 11.6 0.0581994
10.4 12 0.13732
10.4 12.4 0.0132307
10.4 12.8 -0.0147117
10.4 13.2 -0.0943283
10.4 13.6 -0.808902
10.4 14 -0.652919
10.4 14.4 -0.424307
10.4 14.8 -0.16868
10.4 15.2 0.0357183
10.4 15.6 0.114082
10.4 16 0.0593627
10.4 16.4 -0.0551058
10.4 16.8 -0.126009
10.4 17.2 -0.0936001
10.4 17.6 0.0178056
10.4 18 0.122177
10.4 18.4 0.138774
10.4 18.8 0.0525938
10.4 19.2 -0.0764164
10.4 19.6 -0.158919
10.4 20 -0.131071
10.4 20.4 -0.00106179
10.4 20.8 0.00992837
10.4 21.2 7.08493e-05
10.4 21.6 -0.0865132
10.4 22 -0.0907008
10.4 22.4 -0.0470762
10.4 22.8 0.0158446
10.4 23.2 0.0632175
10.4 23.6 0.0672994
10.4 24 0.0273818
10.4 24.4 -0.0280845
10.4 24.8 -0.0610051
10.4 25.2 -0.0508607
10.4 25.6 -0.00925652
10.4 26 0.0293482
10.4 26.4 0.00387509
10.4 26.8 0

10.8 0 0
10.8 0.4 0.00409625
10.8 0.8 0.0327746
10.8 1.2 0.0186623
10.8 1.6 0.00157633
10.8 2 -0.00934659
10.8 2.4 -0.0110792
10.8 2.8 -0.00928049
10.8 3.2 -0.0150155
10.8 3.6 -0.0416512
10.8 4 -0.00619068
10.8 4.4 0
10.8 4.8 0
10.8 5.2 0
10.8 5.6 -0.000873459
10.8 6 0.0472381
10.8 6.4 0.0634535
10.8 6.8 0.0176434
10.8 7.2 -0.0495076
10.8 7.6 -0.0885921
10.8 8 -0.0715778
10.8 8.4 -0.00995832
10.8 8.8 0.0544884
10.8 9.2 0.0799774
10.8 9.6 0.0537349
10.8 10 -0.00131022
10.8 10.4 -0.0461087
10.8 10.8 -0.0555682
10.8 11.2 -0.0363747
10.8 11.6 -0.0220712
10.8 12 0.00830551
10.8 12.4 0
10.8 12.8 0
10.8 13.2 0
10.8 13.6 -0.0960217
10.8 14 -0.536086
10.8 14.4 -0.282434
10.8 14.8 -0.0666153
10.8 15.2 0.0863816
10.8 15.6 0.126447
10.8 16 0.0596748
10.8 16.4 -0.0418276
10.8 16.8 -0.0888854
10.8 17.2 -0.040279
10.8 17.6 0.0674326
10.8 18 0.148607
10.8 18.4 0.134047
10.8 18.8 0.0234477
10.8 19.2 -0.115924
10.8 19.6 -0.208067
10.8 20 -0.0217529
10.8 20.4 0
10.8 20.8 0
10.8 21.2 0
10.8 21.6 -0.012992
10.8 22 -0.0971441
10.8 22.4 -0.0330708
10.8 22.8 0.0221892
10.8 23.2 0.0531852
10.8 23.6 0.0418141
10.8 24 -0.00603004
10.8 24.4 -0.0584474
10.8 24.8 -0.0778444
10.8 25.2 -0.0479384
10.8 25.6 0.0131659
10.8 26 0.0645028
10.8 26.4 0.00807853
10.8 26.8 0

11.2 0 0
11.2 0.4 0.0016658
11.2 0.8 0.0141134
11.2 1.2 0.0079889
11.2 1.6 0.0008084
11.2 2 -0.00215812
11.2 2.4 0.000392744
11.2 2.8 0.00477609
11.2 3.2 0.00627377
11.2 3.6 -0.00369985
11.2 4 0
11.2 4.4 0
11.2 4.8 0
11.2 5.2 0
11.2 5.6 0
11.2 6 0.00949988
11.2 6.4 0.10689
11.2 6.8 0.0566824
11.2 7.2 -0.0185718
11.2 7.6 -0.0713774
11.2 8 -0.0694837
11.2 8.4 -0.016908
11.2 8.8 0.0504559
11.2 9.2 0.0906675
11.2 9.6 0.0837655
11.2 10 0.0420378
11.2 10.4 -0.00339049
11.2 10.8 -0.0278222
11.2 11.2 -0.0303548
11.2 11.6 -0.00582842
11.2 12 0
11.2 12.4 0
11.2 12.8 0
11.2 13.2 0
11.2 13.6 0
11.2 14 -0.0247647
11.2 14.4 0.0446002
11.2 14.8 0.101544
11.2 15.2 0.146444
11.2 15.6 0.116823
11.2 16 0.0242053
11.2 16.4 -0.0646997
11.2 16.8 -0.080747
11.2 17.2 -0.00725877
11.2 17.6 0.103693
11.2 18 0.167443
11.2 18.4 0.129556
11.2 18.8 0.00874526
11.2 19.2 -0.11135
11.2 19.6 -0.0243712
11.2 20 0
11.2 20.4 0
11.2 20.8 0
11.2 21.2 0
11.2 21.6 0
11.2 22 -0.00415797
11.2 22.4 0.0330767
11.2 22.8 0.0523923
11.2 23.2 0.0545094
11.2 23.6 0.0212924
11.2 24 -0.037454
11.2 24.4 -0.0878063
11.2 24.8 -0.09391
11.2 25.2 -0.044578
11.2 25.6 0.0353798
11.2 26 0.0988258
11.2 26.4 0.0121664
11.2 26.8 0

11.6 0 0
11.6 0.4 -0.000824218
11.6 0.8 -0.00494943
11.6 1.2 -0.00231416
11.6 1.6 0.0012475
11.6 2 0.00646908
11.6 2.4 0.0125785
11.6 2.8 0.0177433
11.6 3.2 0.0220455
11.6 3.6 0.00226151
11.6 4 0
11.6 4.4 0
11.6 4.8 0
11.6 5.2 0
11.6 5.6 0
11.6 6 0.00868701
11.6 6.4 0.122222
11.6 6.8 0.0767159
11.6 7.2 0.00235816
11.6 7.6 -0.0587239
11.6 8 -0.0722324
11.6 8.4 -0.0338234
11.6 8.8 0.0299156
11.6 9.2 0.0810241
11.6 9.6 0.0952342
11.6 10 0.0748101
11.6 10.4 0.0417561
11.6 10.8 0.0190219
11.6 11.2 0.0157041
11.6 11.6 0.0021329
11.6 12 0
11.6 12.4 0
11.6 12.8 0
11.6 13.2 0
11.6 13.6 0
11.6 14 0.0164631
11.6 14.4 0.183505
11.6 14.8 0.176163
11.6 15.2 0.142975
11.6 15.6 0.0583218
11.6 16 -0.0491521
11.6 16.4 -0.117046
11.6 16.8 -0.0973909
11.6 17.2 0.00214666
11.6 17.6 0.116481
11.6 18 0.165386
11.6 18.4 0.11075
11.6 18.8 -0.0135838
11.6 19.2 -0.123211
11.6 19.6 -0.0106496
11.6 20 0
11.6 20.4 0
11.6 20.8 0
11.6 21.2 0
11.6 21.6 0
11.6 22 0.00559189
11.6 22.4 0.0770542
11.6 22.8 0.0777576
11.6 23.2 0.0579447
11.6 23.6 0.00731803
11.6 24 -0.0598588
11.6 24.4 -0.108656
11.6 24.8 -0.105509
11.6 25.2 -0.0434954
11.6 25.6 0.0480946
11.6 26 0.118727
11.6 26.4 0.0145423
11.6 26.8 0

12 0 0
12 0.4 -0.00249494
12 0.8 -0.0176967
12 1.2 -0.00786121
12 1.6 0.0040883
12 2 0.0141256
12 2.4 0.0191203
12 2.8 0.0185635
12 3.2 0.0168204
12 3.6 -0.00160983
12 4 0
12 4.4 0
12 4.8 0
12 5.2 0
12 5.6 0
12 6 0.00219151
12 6.4 0.0962181
12 6.8 0.0686
12 7.2 0.00856052
12 7.6 -0.0516008
12 8 -0.0781923
12 8.4 -0.0585504
12 8.8 -0.00707488
12 9.2 0.0468263
12 9.6 0.0787621
12 10 0.0829651
12 10.4 0.071402
12 10.8 0.0617707
12 11.2 0.0652669
12 11.6 0.0142829
12 12 0
12 12.4 0
12 12.8 0
12 13.2 0
12 13.6 0
12 14 0.00330835
12 14.4 0.142064
12 14.8 0.126381
12 15.2 0.0659489
12 15.6 -0.0339566
12 16 -0.129753
12 16.4 -0.16508
12 16.8 -0.11167
12 17.2 0.00405228
12 17.6 0.111796
12 18 0.14228
12 18.4 0.0758301
12 18.8 -0.0416026
12 19.2 -0.130491
12 19.6 -0.0103653
12 20 0
12 20.4 0
12 20.8 0
12 21.2 0
12 21.6 0
12 22 0.0108626
12 22.4 0.087082
12 22.8 0.0822431
12 23.2 0.0547278
12 23.6 -0.00117458
12 24 -0.0691616
12 24.4 -0.115215
12 24.8 -0.108388
12 25.2 -0.0440498
12 25.6 0.0479743
12 26 0.118275
12 26.4 0.0145253
12 26.8 0

12.4 0 0
12.4 0.4 -0.00322568
12.4 0.8 -0.0232988
12.4 1.2 -0.00863748
12.4 1.6 0.00836935
12.4 2 0.0192364
12.4 2.4 0.0185494
12.4 2.8 0.0060799
12.4 3.2 -0.0152424
12.4 3.6 -0.0480467
12.4 4 -0.00878395
12.4 4.4 0
12.4 4.8 0
12.4 5.2 0
12.4 5.6 -0.0112541
12.4 6 -0.0397488
12.4 6.4 0.0314585
12.4 6.8 0.0427894
12.4 7.2 0.0102933
12.4 7.6 -0.0394176
12.4 8 -0.0752923
12.4 8.4 -0.0777407
12.4 8.8 -0.0477081
12.4 9.2 -0.00242548
12.4 9.6 0.0379006
12.4 10 0.0623974
12.4 10.4 0.0730733
12.4 10.8 0.0793734
12.4 11.2 0.0898916
12.4 11.6 0.107996
12.4 12 0.00990287
12.4 12.4 0
12.4 12.8 0
12.4 13.2 0
12.4 13.6 -0.0122564
12.4 14 -0.095303
12.4 14.4 0.00162732
12.4 14.8 0.0171883
12.4 15.2 -0.0288242
12.4 15.6 -0.106659
12.4 16 -0.167684
12.4 16.4 -0.166548
12.4 16.8 -0.0921097
12.4 17.2 0.0191602
12.4 17.6 0.102264
12.4 18 0.106226
12.4 18.4 0.0313867
12.4 18.8 -0.0665715
12.4 19.2 -0.110657
12.4 19.6 -0.0476488
12.4 20 0.0118915
12.4 20.4 0
12.4 20.8 0
12.4 21.2 0
12.4 21.6 0.00467289
12.4 22 0.0499366
12.4 22.4 0.060739
12.4 22.8 0.0629976
12.4 23.2 0.0429802
12.4 23.6 -0.00412832
12.4 24 -0.0634179
12.4 24.4 -0.104262
12.4 24.8 -0.0988109
12.4 25.2 -0.042606
12.4 25.6 0.0382677
12.4 26 0.100417
12.4 26.4 0.0124585
12.4 26.8 0

12.8 0 0
12.8 0.4 -0.00344554
12.8 0.8 -0.0251512
12.8 1.2 -0.00734698
12.8 1.6 0.0126513
12.8 2 0.022714
12.8 2.4 0.0163553
12.8 2.8 -0.0038285
12.8 3.2 -0.0286576
12.8 3.6 -0.0487167
12.8 4 -0.0559231
12.8 4.4 0.000227938
12.8 4.8 0.00734989
12.8 5.2 -0.0029872
12.8 5.6 -0.0814717
12.8 6 -0.0502564
12.8 6.4 0.000568667
12.8 6.8 0.0305123
12.8 7.2 0.0249808
12.8 7.6 -0.00907122
12.8 8 -0.0500056
12.8 8.4 -0.0752162
12.8 8.8 -0.0734283
12.8 9.2 -0.0482406
12.8 9.6 -0.0124238
12.8 10 0.0213954
12.8 10.4 0.0469382
12.8 10.8 0.0643014
12.8 11.2 0.075222
12.8 11.6 0.0760068
12.8 12 0.0457566
12.8 12.4 0.00292385
12.8 12.8 0.00226267
12.8 13.2 -0.0024172
12.8 13.6 -0.0837518
12.8 14 -0.091421
12.8 14.4 -0.0556722
12.8 14.8 -0.0443835
12.8 15.2 -0.0690165
12.8 15.6 -0.109536
12.8 16 -0.129895
12.8 16.4 -0.102098
12.8 16.8 -0.0287701
12.8 17.2 0.0529223
12.8 17.6 0.0929244
12.8 18 0.063381
12.8 18.4 -0.0176111
12.8 18.8 -0.0931013
12.8 19.2 -0.103314
12.8 19.6 -0.0266559
12.8 20 0.0999107
12.8 20.4 0.014184
12.8 20.8 -0.00252652
12.8 21.2 -0.00537021
12.8 21.6 -0.0216221
12.8 22 -0.00491859
12.8 22.4 0.0158897
12.8 22.8 0.0318081
12.8 23.2 0.0286725
12.8 23.6 -9.50498e-06
12.8 24 -0.0435291
12.8 24.4 -0.0768995
12.8 24.8 -0.0761333
12.8 25.2 -0.0356323
12.8 25.6 0.0253795
12.8 26 0.0732781
12.8 26.4 0.0092514
12.8 26.8 0

13.2 0 0
13.2 0.4 -0.00360697
13.2 0.8 -0.026745
13.2 1.2 -0.00630792
13.2 1.6 0.016418
13.2 2 0.0263073
13.2 2.4 0.0164279
13.2 2.8 -0.00715074
13.2 3.2 -0.0285742
13.2 3.6 -0.0305305
13.2 4 -0.000622756
13.2 4.4 0.0693592
13.2 4.8 0.0880583
13.2 5.2 0.0409982
13.2 5.6 -0.037195
13.2 6 -0.0465782
13.2 6.4 -0.0100121
13.2 6.8 0.0343392
13.2 7.2 0.0550192
13.2 7.6 0.040212
13.2 8 -0.000282196
13.2 8.4 -0.0444053
13.2 8.8 -0.0717658
13.2 9.2 -0.0735318
13.2 9.6 -0.0537734
13.2 10 -0.0238087
13.2 10.4 0.00523862
13.2 10.8 0.0269776
13.2 11.2 0.0398308
13.2 11.6 0.0441626
13.2 12 0.0403608
13.2 12.4 0.0401588
13.2 12.8 0.0456255
13.2 13.2 0.0306504
13.2 13.6 -0.0221579
13.2 14 -0.0434969
13.2 14.4 -0.0374629
13.2 14.8 -0.0308572
13.2 15.2 -0.0344541
13.2 15.6 -0.0399989
13.2 16 -0.0300677
13.2 16.4 0.00500557
13.2 16.8 0.0540598
13.2 17.2 0.0873462
13.2 17.6 0.0757809
13.2 18 0.015007
13.2 18.4 -0.064624
13.2 18.8 -0.113352
13.2 19.2 -0.095634
13.2 19.6 -0.0201251
13.2 20 0.0543278
13.2 20.4 0.0377972
13.2 20.8 -0.0180763
13.2 21.2 -0.0631769
13.2 21.6 -0.0628004
13.2 22 -0.0476744
13.2 22.4 -0.020832
13.2 22.8 0.00671867
13.2 23.2 0.0202484
13.2 23.6 0.0111898
13.2 24 -0.0149233
13.2 24.4 -0.0400261
13.2 24.8 -0.0449582
13.2 25.2 -0.02304
13.2 25.6 0.0143533
13.2 26 0.0449235
13.2 26.4 0.0057795
13.2 26.8 0

13.6 0 0
13.6 0.4 -0.00380355
13.6 0.8 -0.0286994
13.6 1.2 -0.00550755
13.6 1.6 0.0206014
13.6 2 0.0317803
13.6 2.4 0.0202957
13.6 2.8 -0.00566987
13.6 3.2 -0.0263196
13.6 3.6 -0.0215791
13.6 4 0.0169496
13.6 4.4 0.074674
13.6 4.8 0.0882815
13.6 5.2 0.0407284
13.6 5.6 -0.0305782
13.6 6 -0.0521957
13.6 6.4 -0.0176171
13.6 6.8 0.0418462
13.6 7.2 0.0868936
13.6 7.6 0.0927289
13.6 8 0.0589024
13.6 8.4 0.00469843
13.6 8.8 -0.0446487
13.6 9.2 -0.0716779
13.6 9.6 -0.0730753
13.6 10 -0.0571658
13.6 10.4 -0.0362727
13.6 10.8 -0.0194061
13.6 11.2 -0.00874146
13.6 11.6 0.000109922
13.6 12 0.0159486
13.6 12.4 0.0465075
13.6 12.8 0.0715037
13.6 13.2 0.074568
13.6 13.6 0.0526994
13.6 14 0.0296831
13.6 14.4 0.0210858
13.6 14.8 0.0251
13.6 15.2 0.0363579
13.6 15.6 0.0531651
13.6 16 0.0757693
13.6 16.4 0.0995491
13.6 16.8 0.110962
13.6 17.2 0.092834
13.6 17.6 0.0379578
13.6 18 -0.0388655
13.6 18.4 -0.102422
13.6 18.8 -0.116225
13.6 19.2 -0.0692223
13.6 19.6 0.00905537
13.6 20 0.0606107
13.6 20.4 0.0412223
13.6 20.8 -0.0158186
13.6 21.2 -0.0634625
13.6 21.6 -0.0717226
13.6 22 -0.0574543
13.6 22.4 -0.0301329
13.6 22.8 0.000191808
13.6 23.2 0.0212848
13.6 23.6 0.0247856
13.6 24 0.0122182
13.6 24.4 -0.00532061
13.6 24.8 -0.0144844
13.6 25.2 -0.00890021
13.6 25.6 0.00663798
13.6 26 0.0203
13.6 26.4 0.00258207
13.6 26.8 0

14 0 0
14 0.4 -0.00380782
14 0.8 -0.0291218
14 1.2 -0.00335184
14 1.6 0.0264107
14 2 0.039928
14 2.4 0.0280572
14 2.8 -0.000865386
14 3.2 -0.0260282
14 3.6 -0.0264949
14 4 0.00839155
14 4.4 0.0779297
14 4.8 0.0955618
14 5.2 0.0447497
14 5.6 -0.0430682
14 6 -0.0691924
14 6.4 -0.0310191
14 6.8 0.0397343
14 7.2 0.101625
14 7.6 0.124521
14 8 0.101941
14 8.4 0.0495253
14 8.8 -0.00741477
14 9.2 -0.0485277
14 9.6 -0.0668707
14 10 -0.0680746
14 10.4 -0.0631119
14 10.8 -0.0603649
14 11.2 -0.0611622
14 11.6 -0.0586713
14 12 -0.0363725
14 12.4 0.0321086
14 12.8 0.0838271
14 13.2 0.110671
14 13.6 0.110982
14 14 0.0825883
14 14.4 0.0620394
14 14.8 0.0620807
14 15.2 0.0797213
14 15.6 0.105142
14 16 0.126299
14 16.4 0.130589
14 16.8 0.107206
14 17.2 0.0526592
14 17.6 -0.0225378
14 18 -0.0923007
14 18.4 -0.124176
14 18.8 -0.0979536
14 19.2 -0.0233877
14 19.6 0.05674
14 20 0.0860725
14 20.4 0.0379067
14 20.8 -0.0270678
14 21.2 -0.0667755
14 21.6 -0.0506271
14 22 -0.0299476
14 22.4 -0.00887301
14 22.8 0.0117496
14 23.2 0.0268601
14 23.6 0.0317135
14 24 0.0261735
14 24.4 0.0152287
14 24.8 0.00561826
14 25.2 0.00128981
14 25.6 0.00127162
14 26 0.00160508
14 26.4 -3.685e-05
14 26.8 0

14.4 0 0
14.4 0.4 -0.0034208
14.4 0.8 -0.0264165
14.4 1.2 0.000766814
14.4 1.6 0.0330945
14.4 2 0.0489436
14.4 2.4 0.0378261
14.4 2.8 0.00677445
14.4 3.2 -0.0253602
14.4 3.6 -0.0412059
14.4 4 -0.0336886
14.4 4.4 0.00380604
14.4 4.8 0.00847193
14.4 5.2 0.00131322
14.4 5.6 -0.0746353
14.4 6 -0.0908984
14.4 6.4 -0.0468179
14.4 6.8 0.0243286
14.4 7.2 0.0879586
14.4 7.6 0.11783
14.4 8 0.106979
14.4 8.4 0.0675778
14.4 8.8 0.0205811
14.4 9.2 -0.0171039
14.4 9.6 -0.039987
14.4 10 -0.0528841
14.4 10.4 -0.0642231
14.4 10.8 -0.0795861
14.4 11.2 -0.0997243
14.4 11.6 -0.121954
14.4 12 -0.132281
14.4 12.4 -0.0120351
14.4 12.8 0.00460935
14.4 13.2 0.0156659
14.4 13.6 0.124879
14.4 14 0.0728064
14.4 14.4 0.0395389
14.4 14.8 0.0361215
14.4 15.2 0.0556873
14.4 15.6 0.0823428
14.4 16 0.0978058
14.4 16.4 0.0875794
14.4 16.8 0.0462443
14.4 17.2 -0.0187852
14.4 17.6 -0.0868734
14.4 18 -0.129739
14.4 18.4 -0.123612
14.4 18.8 -0.0637558
14.4 19.2 0.027176
14.4 19.6 0.103942
14.4 20 0.111133
14.4 20.4 0.00597134
14.4 20.8 -0.00459046
14.4 21.2 -0.00514415
14.4 21.6 0.00325643
14.4 22 0.0265604
14.4 22.4 0.0295715
14.4 22.8 0.0286485
14.4 23.2 0.0264146
14.4 23.6 0.0233501
14.4 24 0.0197031
14.4 24.4 0.0155557
14.4 24.8 0.0107032
14.4 25.2 0.00476407
14.4 25.6 -0.00234758
14.4 26 -0.00978861
14.4 26.4 -0.00177423
14.4 26.8 0

14.8 0 0
14.8 0.4 -0.00275685
14.8 0.8 -0.0215425
14.8 1.2 0.00474543
14.8 1.6 0.0368337
14.8 2 0.0536805
14.8 2.4 0.0447615
14.8 2.8 0.0159713
14.8 3.2 -0.0166387
14.8 3.6 -0.0429215
14.8 4 -0.0054901
14.8 4.4 0
14.8 4.8 0
14.8 5.2 0
14.8 5.6 -0.00969932
14.8 6 -0.0961766
14.8 6.4 -0.0479175
14.8 6.8 0.00504846
14.8 7.2 0.0500358
14.8 7.6 0.0723658
14.8 8 0.069134
14.8 8.4 0.049641
14.8 8.8 0.0272763
14.8 9.2 0.0103309
14.8 9.6 -0.00177512
14.8 10 -0.01526
14.8 10.4 -0.0354403
14.8 10.8 -0.0628041
14.8 11.2 -0.0964038
14.8 11.6 -0.149127
14.8 12 -0.0236648
14.8 12.4 0
14.8 12.8 0
14.8 13.2 0
14.8 13.6 0.00460366
14.8 14 -0.0157509
14.8 14.4 -0.0480752
14.8 14.8 -0.0453223
14.8 15.2 -0.0213163
14.8 15.6 0.00681795
14.8 16 0.0209057
14.8 16.4 0.00896699
14.8 16.8 -0.0291065
14.8 17.2 -0.0802258
14.8 17.6 -0.122061
14.8 18 -0.131803
14.8 18.4 -0.0972489
14.8 18.8 -0.0252481
14.8 19.2 0.0588547
14.8 19.6 0.126884
14.8 20 0.0140203
14.8 20.4 0
14.8 20.8 0
14.8 21.2 0
14.8 21.6 0.00965653
14.8 22 0.0913856
14.8 22.4 0.0591864
14.8 22.8 0.0334623
14.8 23.2 0.0115536
14.8 23.6 -0.00178163
14.8 24 -0.0045444
14.8 24.4 -0.000264887
14.8 24.8 0.00431457
14.8 25.2 0.00370022
14.8 25.6 -0.0031235
14.8 26 -0.0127535
14.8 26.4 -0.00232498
14.8 26.8 0

15.2 0 0
15.2 0.4 -0.00216616
15.2 0.8 -0.0173502
15.2 1.2 0.00494817
15.2 1.6 0.0325646
15.2 2 0.0475522
15.2 2.4 0.0414239
15.2 2.8 0.0205129
15.2 3.2 0.0019398
15.2 3.6 -0.00238467
15.2 4 0
15.2 4.4 0
15.2 4.8 0
15.2 5.2 0
15.2 5.6 0
15.2 6 -0.00620003
15.2 6.4 -0.0120336
15.2 6.8 -0.00438819
15.2 7.2 0.00412849
15.2 7.6 0.00633016
15.2 8 0.00437162
15.2 8.4 0.00534403
15.2 8.8 0.0139623
15.2 9.2 0.0274978
15.2 9.6 0.0368592
15.2 10 0.0330627
15.2 10.4 0.0143107
15.2 10.8 -0.0113144
15.2 11.2 -0.0283741
15.2 11.6 -0.0126495
15.2 12 0
15.2 12.4 0
15.2 12.8 0
15.2 13.2 0
15.2 13.6 0
15.2 14 -0.0165757
15.2 14.4 -0.14791
15.2 14.8 -0.123928
15.2 15.2 -0.0921838
15.2 15.6 -0.0606426
15.2 16 -0.0422882
15.2 16.4 -0.0448188
15.2 16.8 -0.0651987
15.2 17.2 -0.0902665
15.2 17.6 -0.102595
15.2 18 -0.0890388
15.2 18.4 -0.0483994
15.2 18.8 0.0053043
15.2 19.2 0.0453896
15.2 19.6 0.0111782
15.2 20 0
15.2 20.4 0
15.2 20.8 0
15.2 21.2 0
15.2 21.6 0
15.2 22 0.0122886
15.2 22.4 0.0463207
15.2 22.8 0.0165102
15.2 23.2 -0.0155815
15.2 23.6 -0.0341466
15.2 24 -0.0333909
15.2 24.4 -0.0191742
15.2 24.8 -0.00359495
15.2 25.2 0.00350464
15.2 25.6 0.000193358
15.2 26 -0.00821104
15.2 26.4 -0.00170115
15.2 26.8 0

15.6 0 0
15.6 0.4 -0.00185744
15.6 0.8 -0.0155122
15.6 1.2 -0.000327375
15.6 1.6 0.0181868
15.6 2 0.0273421
15.6 2.4 0.0219951
15.6 2.8 0.00787447
15.6 3.2 -0.00310998
15.6 3.6 -0.000120492
15.6 4 0
15.6 4.4 0
15.6 4.8 0
15.6 5.2 0
15.6 5.6 0
15.6 6 0.00300266
15.6 6.4 0.0177166
15.6 6.8 -0.00694857
15.6 7.2 -0.0323292
15.6 7.6 -0.0524962
15.6 8 -0.057953
15.6 8.4 -0.0419808
15.6 8.8 -0.00696149
15.6 9.2 0.0345043
15.6 9.6 0.0654188
15.6 10 0.0739294
15.6 10.4 0.0605352
15.6 10.8 0.0383999
15.6 11.2 0.0269896
15.6 11.6 0.00321571
15.6 12 0
15.6 12.4 0
15.6 12.8 0
15.6 13.2 0
15.6 13.6 0
15.6 14 -0.0119848
15.6 14.4 -0.148497
15.6 14.8 -0.128097
15.6 15.2 -0.0985651
15.6 15.6 -0.0674205
15.6 16 -0.0446488
15.6 16.4 -0.0353227
15.6 16.8 -0.0363343
15.6 17.2 -0.0385068
15.6 17.6 -0.0323522
15.6 18 -0.0141932
15.6 18.4 0.0106216
15.6 18.8 0.029331
15.6 19.2 0.0279163
15.6 19.6 -4.24202e-05
15.6 20 0
15.6 20.4 0
15.6 20.8 0
15.6 21.2 0
15.6 21.6 0
15.6 22 0.00243305
15.6 22.4 0.0268127
15.6 22.8 -0.00460916
15.6 23.2 -0.0391872
15.6 23.6 -0.0563815
15.6 24 -0.0491853
15.6 24.4 -0.0259868
15.6 24.8 -0.0027751
15.6 25.2 0.0083148
15.6 25.6 0.00610046
15.6 26 -0.00132897
15.6 26.4 -0.000567946
15.6 26.8 0

16 0 0
16 0.4 -0.00160286
16 0.8 -0.014126
16 1.2 -0.00823868
16 1.6 -0.00213544
16 2 -0.00185082
16 2.4 -0.00819101
16 2.8 -0.0160685
16 3.2 -0.0200994
16 3.6 -0.00300915
16 4 0
16 4.4 0
16 4.8 0
16 5.2 0
16 5.6 0
16 6 0.00813108
16 6.4 0.0378741
16 6.8 0.000301207
16 7.2 -0.0433706
16 7.6 -0.078488
16 8 -0.0892424
16 8.4 -0.0677841
16 8.8 -0.0202432
16 9.2 0.0349765
16 9.6 0.0764348
16 10 0.0910816
16 10.4 0.0807991
16 10.8 0.0601146
16 11.2 0.0471719
16 11.6 0.00369689
16 12 0
16 12.4 0
16 12.8 0
16 13.2 0
16 13.6 0
16 14 0.00508009
16 14.4 -0.0584142
16 14.8 -0.054161
16 15.2 -0.0357891
16 15.6 -0.0112991
16 16 0.0106023
16 16.4 0.025699
16 16.8 0.0352001
16 17.2 0.0429328
16 17.6 0.0510367
16 18 0.0569874
16 18.4 0.0539428
16 18.8 0.0347543
16 19.2 -0.00144
16 19.6 -0.0128037
16 20 0
16 20.4 0
16 20.8 0
16 21.2 0
16 21.6 0
16 22 0.00717396
16 22.4 0.0175606
16 22.8 -0.0137756
16 23.2 -0.0444181
16 23.6 -0.0547061
16 24 -0.0401621
16 24.4 -0.0123334
16 24.8 0.0106983
16 25.2 0.0172624
16 25.6 0.00931668
16 26 -0.000821797
16 26.4 -0.000146263
16 26.8 0

16.4 0 0
16.4 0.4 -0.000872988
16.4 0.8 -0.00879996
16.4 1.2 -0.0126597
16.4 1.6 -0.0195801
16.4 2 -0.0287208
16.4 2.4 -0.036015
16.4 2.8 -0.0357202
16.4 3.2 -0.0255186
16.4 3.6 -0.0116091
16.4 4 0.00378201
16.4 4.4 0
16.4 4.8 0
16.4 5.2 0
16.4 5.6 -0.00261382
16.4 6 0.0457867
16.4 6.4 0.0432109
16.4 6.8 0.0176342
16.4 7.2 -0.0230189
16.4 7.6 -0.0606601
16.4 8 -0.0759507
16.4 8.4 -0.0592431
16.4 8.8 -0.0167303
16.4 9.2 0.032626
16.4 9.6 0.0678673
16.4 10 0.0777346
16.4 10.4 0.0657157
16.4 10.8 0.0451129
16.4 11.2 0.0267837
16.4 11.6 0.00428867
16.4 12 -0.00131154
16.4 12.4 0
16.4 12.8 0
16.4 13.2 0
16.4 13.6 0.0121935
16.4 14 0.117117
16.4 14.4 0.0566081
16.4 14.8 0.0403429
16.4 15.2 0.0454661
16.4 15.6 0.0592931
16.4 16 0.0739578
16.4 16.4 0.0859067
16.4 16.8 0.0944086
16.4 17.2 0.0989704
16.4 17.6 0.0972809
16.4 18 0.0850477
16.4 18.4 0.0579079
16.4 18.8 0.0142947
16.4 19.2 -0.0431858
16.4 19.6 -0.112976
16.4 20 -0.0106722
16.4 20.4 0
16.4 20.8 0
16.4 21.2 0
16.4 21.6 0.00615771
16.4 22 0.0570347
16.4 22.4 0.0236676
16.4 22.8 -0.00748565
16.4 23.2 -0.0284212
16.4 23.6 -0.0281617
16.4 24 -0.00783437
16.4 24.4 0.0181119
16.4 24.8 0.0317927
16.4 25.2 0.0246623
16.4 25.6 0.00362527
16.4 26 -0.0140408
16.4 26.4 -0.00152274
16.4 26.8 0

16.8 0 0
16.8 0.4 0.000652842
16.8 0.8 0.00320261
16.8 1.2 -0.00879118
16.8 1.6 -0.0263398
16.8 2 -0.0430511
16.8 2.4 -0.0507274
16.8 2.8 -0.0425041
16.8 3.2 -0.0171496
16.8 3.6 0.019859
16.8 4 0.064767
16.8 4.4 0.0100317
16.8 4.8 0.00112531
16.8 5.2 -0.00976278
16.8 5.6 -0.0626376
16.8 6 0.00485417
16.8 6.4 0.0389362
16.8 6.8 0.0420577
16.8 7.2 0.0206667
16.8 7.6 -0.0086642
16.8 8 -0.0264721
16.8 8.4 -0.0216654
16.8 8.8 0.00207929
16.8 9.2 0.0295091
16.8 9.6 0.0444125
16.8 10 0.0402496
16.8 10.4 0.0234071
16.8 10.8 0.00695527
16.8 11.2 -0.000373329
16.8 11.6 -0.00108683
16.8 12 -0.000524833
16.8 12.4 0.00100415
16.8 12.8 0.00133374
16.8 13.2 0.00333314
16.8 13.6 0.0579043
16.8 14 0.0894224
16.8 14.4 0.0838062
16.8 14.8 0.0798389
16.8 15.2 0.08129
16.8 15.6 0.0852651
16.8 16 0.0895242
16.8 16.4 0.0930048
16.8 16.8 0.0941944
16.8 17.2 0.0901213
16.8 17.6 0.0771712
16.8 18 0.0531853
16.8 18.4 0.0193632
16.8 18.8 -0.0191056
16.8 19.2 -0.0533152
16.8 19.6 -0.0687669
16.8 20 -0.0298116
16.8 20.4 -0.00129448
16.8 20.8 -0.00390092
16.8 21.2 -0.00456846
16.8 21.6 0.00371292
16.8 22 0.0189671
16.8 22.4 0.0121574
16.8 22.8 0.00105564
16.8 23.2 -0.00158891
16.8 23.6 0.010951
16.8 24 0.033655
16.8 24.4 0.0515493
16.8 24.8 0.0496406
16.8 25.2 0.0242161
16.8 25.6 -0.0128514
16.8 26 -0.0404763
16.8 26.4 -0.00474199
16.8 26.8 0

17.2 0 0
17.2 0.4 0.0026391
17.2 0.8 0.0192944
17.2 1.2 0.00264475
17.2 1.6 -0.0207436
17.2 2 -0.0416188
17.2 2.4 -0.0497514
17.2 2.8 -0.0381086
17.2 3.2 -0.00744643
17.2 3.6 0.0317813
17.2 4 0.0613622
17.2 4.4 0.0535061
17.2 4.8 0.00584467
17.2 5.2 -0.0457484
17.2 5.6 -0.0553916
17.2 6 -0.0113997
17.2 6.4 0.0376082
17.2 6.8 0.0663173
17.2 7.2 0.0677503
17.2 7.6 0.0512226
17.2 8 0.0331241
17.2 8.4 0.0248582
17.2 8.8 0.0259069
17.2 9.2 0.0263921
17.2 9.6 0.0165624
17.2 10 -0.00434233
17.2 10.4 -0.0267079
17.2 10.8 -0.0376859
17.2 11.2 -0.0312274
17.2 11.6 -0.0126966
17.2 12 0.0068176
17.2 12.4 0.0204639
17.2 12.8 0.0125397
17.2 13.2 4.24079e-05
17.2 13.6 0.0155676
17.2 14 0.0363737
17.2 14.4 0.0473887
17.2 14.8 0.0515002
17.2 15.2 0.0498364
17.2 15.6 0.0445298
17.2 16 0.0390538
17.2 16.4 0.0353083
17.2 16.8 0.0313012
17.2 17.2 0.0222547
17.2 17.6 0.00468814
17.2 18 -0.019671
17.2 18.4 -0.0433756
17.2 18.8 -0.056863
17.2 19.2 -0.0537723
17.2 19.6 -0.0343675
17.2 20 -0.00694881
17.2 20.4 -0.00620991
17.2 20.8 -0.0393198
17.2 21.2 -0.0583433
17.2 21.6 -0.035379
17.2 22 -0.0156945
17.2 22.4 -0.00291582
17.2 22.8 0.00837897
17.2 23.2 0.0241402
17.2 23.6 0.0455113
17.2 24 0.0655171
17.2 24.4 0.0716685
17.2 24.8 0.0541046
17.2 25.2 0.014
17.2 25.6 -0.0341306
17.2 26 -0.0688459
17.2 26.4 -0.00838708
17.2 26.8 0

17.6 0 0
17.6 0.4 0.00414581
17.6 0.8 0.0319159
17.6 1.2 0.0152492
17.6 1.6 -0.00796145
17.6 2 -0.0288559
17.6 2.4 -0.037646
17.6 2.8 -0.0277575
17.6 3.2 -0.000370861
17.6 3.6 0.0335416
17.6 4 0.0553638
17.6 4.4 0.0445203
17.6 4.8 -0.00240296
17.6 5.2 -0.0528679
17.6 5.6 -0.0658441
17.6 6 -0.0268402
17.6 6.4 0.0310822
17.6 6.8 0.0764301
17.6 7.2 0.0945019
17.6 7.6 0.088799
17.6 8 0.0724771
17.6 8.4 0.0564197
17.6 8.8 0.0421707
17.6 9.2 0.0239642
17.6 9.6 -0.0029172
17.6 10 -0.034903
17.6 10.4 -0.0602819
17.6 10.8 -0.0669346
17.6 11.2 -0.0516165
17.6 11.6 -0.0232866
17.6 12 0.00217315
17.6 12.4 0.0103686
17.6 12.8 -0.00547228
17.6 13.2 -0.0305937
17.6 13.6 -0.0408846
17.6 14 -0.0305473
17.6 14.4 -0.0165856
17.6 14.8 -0.0119506
17.6 15.2 -0.0196719
17.6 15.6 -0.0336421
17.6 16 -0.0448653
17.6 16.4 -0.0490512
17.6 16.8 -0.0498669
17.6 17.2 -0.0552225
17.6 17.6 -0.0693735
17.6 18 -0.0871008
17.6 18.4 -0.0950218
17.6 18.8 -0.0800466
17.6 19.2 -0.0399255
17.6 19.6 0.0105554
17.6 20 0.0415861
17.6 20.4 0.0222571
17.6 20.8 -0.0239964
17.6 21.2 -0.0574357
17.6 21.6 -0.0566467
17.6 22 -0.0384628
17.6 22.4 -0.013522
17.6 22.8 0.0134914
17.6 23.2 0.0398922
17.6 23.6 0.0620001
17.6 24 0.0736764
17.6 24.4 0.0679192
17.6 24.8 0.0412837
17.6 25.2 -0.00176194
17.6 25.6 -0.0482528
17.6 26 -0.0814762
17.6 26.4 -0.0101446
17.6 26.8 0

18 0 0
18 0.4 0.00422275
18 0.8 0.0333005
18 1.2 0.0212532
18 1.6 0.00394101
18 2 -0.0130605
18 2.4 -0.0224942
18 2.8 -0.0184504
18 3.2 -0.000394105
18 3.6 0.0248612
18 4 0.045056
18 4.4 0.0420459
18 4.8 -0.00464282
18 5.2 -0.0609007
18 5.6 -0.083697
18 6 -0.0431571
18 6.4 0.01712
18 6.8 0.0655472
18 7.2 0.087566
18 7.6 0.0859104
18 8 0.0726254
18 8.4 0.0577938
18 8.8 0.0429368
18 9.2 0.0231758
18 9.6 -0.00478096
18 10 -0.0362158
18 10.4 -0.0593625
18 10.8 -0.063328
18 11.2 -0.0466279
18 11.6 -0.0191909
18 12 0.00377541
18 12.4 0.0068333
18 12.8 -0.0165367
18 13.2 -0.0547848
18 13.6 -0.0852159
18 14 -0.0752685
18 14.4 -0.0575845
18 14.8 -0.0555668
18 15.2 -0.0716751
18 15.6 -0.0931976
18 16 -0.104896
18 16.4 -0.101063
18 16.8 -0.0892598
18 17.2 -0.0832855
18 17.6 -0.0907078
18 18 -0.104516
18 18.4 -0.105755
18 18.8 -0.0762364
18 19.2 -0.0133885
18 19.6 0.0613835
18 20 0.103233
18 20.4 0.0513403
18 20.8 -0.0167976
18 21.2 -0.0623407
18 21.6 -0.0651128
18 22 -0.0461429
18 22.4 -0.0157599
18 22.8 0.0166536
18 23.2 0.0424354
18 23.6 0.055859
18 24 0.0547716
18 24.4 0.0400148
18 24.8 0.0147946
18 25.2 -0.0156112
18 25.6 -0.0443967
18 26 -0.0646813
18 26.4 -0.00817753
18 26.8 0

18.4 0 0
18.4 0.4 0.00263441
18.4 0.8 0.0213548
18.4 1.2 0.0171927
18.4 1.6 0.0096259
18.4 2 -0.00085249
18.4 2.4 -0.0107516
18.4 2.8 -0.0149328
18.4 3.2 -0.0102042
18.4 3.6 0.00275863
18.4 4 0.0263464
18.4 4.4 0.0054089
18.4 4.8 0.000431874
18.4 5.2 -0.0131099
18.4 5.6 -0.108537
18.4 6 -0.0499034
18.4 6.4 0.00514291
18.4 6.8 0.0410435
18.4 7.2 0.0523006
18.4 7.6 0.045981
18.4 8 0.0354013
18.4 8.4 0.0298082
18.4 8.8 0.0286126
18.4 9.2 0.0243765
18.4 9.6 0.0113886
18.4 10 -0.00773345
18.4 10.4 -0.0230764
18.4 10.8 -0.0252847
18.4 11.2 -0.0135869
18.4 11.6 0.00347829
18.4 12 0.0190851
18.4 12.4 0.00368237
18.4 12.8 -0.000258832
18.4 13.2 -0.00994095
18.4 13.6 -0.103145
18.4 14 -0.0683852
18.4 14.4 -0.0381035
18.4 14.8 -0.0396446
18.4 15.2 -0.0663114
18.4 15.6 -0.0949397
18.4 16 -0.103392
18.4 16.4 -0.0857331
18.4 16.8 -0.0556705
18.4 17.2 -0.0356343
18.4 17.6 -0.0391877
18.4 18 -0.059541
18.4 18.4 -0.0727411
18.4 18.8 -0.0534981
18.4 19.2 0.00761524
18.4 19.6 0.0970963
18.4 20 0.178901
18.4 20.4 0.01821
18.4 20.8 -0.00229673
18.4 21.2 -0.00867492
18.4 21.6 -0.0557828
18.4 22 -0.0364099
18.4 22.4 -0.00886722
18.4 22.8 0.0187704
18.4 23.2 0.034297
18.4 23.6 0.0323178
18.4 24 0.0167379
18.4 24.4 -0.002785
18.4 24.8 -0.0170462
18.4 25.2 -0.0221888
18.4 25.6 -0.0207555
18.4 26 -0.0188744
18.4 26.4 -0.00247138
18.4 26.8 0

18.8 0 0
18.8 0.4 0.000156275
18.8 0.8 0.00212353
18.8 1.2 0.00663846
18.8 1.6 0.00962456
18.8 2 0.00621457
18.8 2.4 -0.00389503
18.8 2.8 -0.0162244
18.8 3.2 -0.0259192
18.8 3.6 -0.0349939
18.8 4 -0.00226549
18.8 4.4 0
18.8 4.8 0
18.8 5.2 0
18.8 5.6 -0.00971022
18.8 6 -0.0201756
18.8 6.4 0.0110964
18.8 6.8 0.0195724
18.8 7.2 0.00909396
18.8 7.6 -0.0086177
18.8 8 -0.0183877
18.8 8.4 -0.0118771
18.8 8.8 0.00708028
18.8 9.2 0.0265257
18.8 9.6 0.0361816
18.8 10 0.034933
18.8 10.4 0.0301494
18.8 10.8 0.0298247
18.8 11.2 0.034121
18.8 11.6 0.0321342
18.8 12 0.00526758
18.8 12.4 0
18.8 12.8 0
18.8 13.2 0
18.8 13.6 -0.00579019
18.8 14 -0.00233571
18.8 14.4 0.0438137
18.8 14.8 0.0319324
18.8 15.2 -0.00949677
18.8 15.6 -0.0463679
18.8 16 -0.0510383
18.8 16.4 -0.0187477
18.8 16.8 0.0294666
18.8 17.2 0.0614169
18.8 17.6 0.0562879
18.8 18 0.0192567
18.8 18.4 -0.02205
18.8 18.8 -0.0362199
18.8 19.2 -0.00663229
18.8 19.6 0.0702359
18.8 20 0.0197657
18.8 20.4 0
18.8 20.8 0
18.8 21.2 0
18.8 21.6 -0.00310227
18.8 22 -0.0107462
18.8 22.4 0.00260068
18.8 22.8 0.0197593
18.8 23.2 0.0215635
18.8 23.6 0.00323107
18.8 24 -0.0252166
18.8 24.4 -0.046101
18.8 24.8 -0.0454488
18.8 25.2 -0.021812
18.8 25.6 0.0125795
18.8 26 0.0387924
18.8 26.4 0.00480168
18.8 26.8 0

19.2 0 0
19.2 0.4 -0.00182625
19.2 0.8 -0.0133767
19.2 1.2 -0.0022115
19.2 1.6 0.00875863
19.2 2 0.0105292
19.2 2.4 0.00031134
19.2 2.8 -0.0166466
19.2 3.2 -0.0307909
19.2 3.6 -0.00614307
19.2 4 0
19.2 4.4 0
19.2 4.8 0
19.2 5.2 0
19.2 5.6 0
19.2 6 0.00301829
19.2 6.4 0.0353455
19.2 6.8 0.0123459
19.2 7.2 -0.0196072
19.2 7.6 -0.049247
19.2 8 -0.0603902
19.2 8.4 -0.0452749
19.2 8.8 -0.0105112
19.2 9.2 0.027814
19.2 9.6 0.0553363
19.2 10 0.0679705
19.2 10.4 0.0716085
19.2 10.8 0.0742706
19.2 11.2 0.078268
19.2 11.6 0.00901238
19.2 12 0
19.2 12.4 0
19.2 12.8 0
19.2 13.2 0
19.2 13.6 0
19.2 14 0.0137401
19.2 14.4 0.153117
19.2 14.8 0.110472
19.2 15.2 0.0504814
19.2 15.6 0.00479225
19.2 16 0.0022241
19.2 16.4 0.045473
19.2 16.8 0.107029
19.2 17.2 0.146463
19.2 17.6 0.136899
19.2 18 0.0820819
19.2 18.4 0.0120031
19.2 18.8 -0.0400519
19.2 19.2 -0.0639981
19.2 19.6 -0.00128745
19.2 20 0
19.2 20.4 0
19.2 20.8 0
19.2 21.2 0
19.2 21.6 0
19.2 22 -0.00101913
19.2 22.4 0.0046689
19.2 22.8 0.017954
19.2 23.2 0.0112012
19.2 23.6 -0.017958
19.2 24 -0.0547539
19.2 24.4 -0.0758415
19.2 24.8 -0.0639945
19.2 25.2 -0.0195486
19.2 25.6 0.03845
19.2 26 0.0821421
19.2 26.4 0.0102804
19.2 26.8 0

19.6 0 0
19.6 0.4 0
19.6 0.8 -0.00182625
19.6 1.2 -0.00026989
19.6 1.6 0.00129767
19.6 2 0.00162042
19.6 2.4 0.000287156
19.6 2.8 -0.00199798
19.6 3.2 -0.00390936
19.6 3.6 0
19.6 4 0
19.6 4.4 0
19.6 4.8 0
19.6 5.2 0
19.6 5.6 0
19.6 6 0
19.6 6.4 0.00492763
19.6 6.8 0.00187973
19.6 7.2 -0.00237586
19.6 7.6 -0.0063309
19.6 8 -0.00788941
19.6 8.4 -0.00606334
19.6 8.8 -0.00170468
19.6 9.2 0.00313918
19.6 9.6 0.00665088
19.6 10 0.00831495
19.6 10.4 0.00886384
19.6 10.8 0.00927944
19.6 11.2 0.00980823
19.6 11.6 0
19.6 12 0
19.6 12.4 0
19.6 12.8 0
19.6 13.2 0
19.6 13.6 0
19.6 14 0
19.6 14.4 0.0196132
19.6 14.8 0.0142748
19.6 15.2 0.00674724
19.6 15.6 0.0010594
19.6 16 0.000822911
19.6 16.4 0.00632585
19.6 16.8 0.0140563
19.6 17.2 0.0189039
19.6 17.6 0.017497
19.6 18 0.010342
19.6 18.4 0.00126284
19.6 18.8 -0.0054954
19.6 19.2 -0.00861202
19.6 19.6 0
19.6 20 0
19.6 20.4 0
19.6 20.8 0
19.6 21.2 0
19.6 21.6 0
19.6 22 0
19.6 22.4 0.000131814
19.6 22.8 0.00184719
19.6 23.2 0.00110657
19.6 23.6 -0.00240426
19.6 24 -0.00687673
19.6 24.4 -0.00942346
19.6 24.8 -0.00790434
19.6 25.2 -0.00235639
19.6 25.6 0.00485787
19.6 26 0.0102804
19.6 26.4 0
19.6 26.8 0

20 0 0
20 0.4 0
20 0.8 0
20 1.2 0
20 1.6 0
20 2 0
20 2.4 0
20 2.8 0
20 3.2 0
20 3.6 0
20 4 0
20 4.4 0
20 4.8 0
20 5.2 0
20 5.6 0
20 6 0
20 6.4 0
20 6.8 0
20 7.2 0
20 7.6 0
20 8 0
20 8.4 0
20 8.8 0
20 9.2 0
20 9.6 0
20 10 0
20 10.4 0
20 10.8 0
20 11.2 0
20 11.6 0
20 12 0
20 12.4 0
20 12.8 0
20 13.2 0
20 13.6 0
20 14 0
20 14.4 0
20 14.8 0
20 15.2 0
20 15.6 0
20 16 0
20 16.4 0
20 16.8 0
20 17.2 0
20 17.6 0
20 18 0
20 18.4 0
20 18.8 0
20 19.2 0
20 19.6 0
20 20 0
20 20.4 0
20 20.8 0
20 21.2 0
20 21.6 0
20 22 0
20 22.4 0
20 22.8 0
20 23.2 0
20 23.6 0
20 24 0
20 24.4 0
20 24.8 0
20 25.2 0
20 25.6 0
20 26 0
20 26.4 0
20 26.8 0

