0 0 0
0 0.4 0
0 0.8 0
0 1.2 0
0 1.6 0
0 2 0
0 2.4 0
0 2.8 0
0 3.2 0
0 3.6 0
0 4 0
0 4.4 0
0 4.8 0
0 5.2 0
0 5.6 0
0 6 0
0 6.4 0
0 6.8 0
0 7.2 0
0 7.6 0
0 8 0
0 8.4 0
0 8.8 0
0 9.2 0
0 9.6 0
0 10 0
0 10.4 0
0 10.8 0
0 11.2 0
0 11.6 0
0 12 0
0 12.4 0
0 12.8 0
0 13.2 0
0 13.6 0
0 14 0
0 14.4 0
0 14.8 0
0 15.2 0
0 15.6 0
0 16 0
0 16.4 0
0 16.8 0
0 17.2 0
0 17.6 0
0 18 0
0 18.4 0
0 18.8 0
0 19.2 0
0 19.6 0
0 20 0
0 20.4 0
0 20.8 0
0 21.2 0
0 21.6 0
0 22 0
0 22.4 0
0 22.8 0
0 23.2 0
0 23.6 0
0 24 0
0 24.4 0
0 24.8 0
0 25.2 0
0 25.6 0
0 26 0
0 26.4 0
0 26.8 0

0.4 0 0
0.4 0.4 0
0.4 0.8 0.0763321
0.4 1.2 0.0459452
0.4 1.6 0.00389575
0.4 2 -0.0350755
0.4 2.4 -0.0564925
0.4 2.8 -0.051758
0.4 3.2 -0.0222265
0.4 3.6 0.0207261
0.4 4 0.0604212
0.4 4.4 0.0822143
0.4 4.8 0.0793467
0.4 5.2 0.0549021
0.4 5.6 0.0198915
0.4 6 -0.0110681
0.4 6.4 -0.024655
0.4 6.8 -0.0148311
0.4 7.2 0.0129657
0.4 7.6 0.0437955
0.4 8 0.061587
0.4 8.4 0.0588112
0.4 8.8 0.0406627
0.4 9.2 0.020641
0.4 9.6 0.0107968
0.4 10 0.0139534
0.4 10.4 0.0235663
0.4 10.8 0.0307082
0.4 11.2 0.0318924
0.4 11.6 0.0308326
0.4 12 0.0325151
0.4 12.4 0.0350964
0.4 12.8 0.0285359
0.4 13.2 0.00482342
0.4 13.6 -0.0312984
0.4 14 -0.0614862
0.4 14.4 -0.0654552
0.4 14.8 -0.0366185
0.4 15.2 0.0103299
0.4 15.6 0.0468334
0.4 16 0.0490355
0.4 16.4 0.0148309
0.4 16.8 -0.0331673
0.4 17.2 -0.0618519
0.4 17.6 -0.0499145
0.4 18 -0.00296107
0.4 18.4 0.0491752
0.4 18.8 0.0713868
0.4 19.2 0.0458484
0.4 19.6 -0.016706
0.4 20 -0.0838887
0.4 20.4 -0.121433
0.4 20.8 -0.113088
0.4 21.2 -0.0699779
0.4 21.6 -0.021593
0.4 22 0.00416412
0.4 22.4 -0.00278227
0.4 22.8 -0.031266
0.4 23.2 -0.0580427
0.4 23.6 -0.0633583
0.4 24 -0.0430419
0.4 24.4 -0.00955966
0.4 24.8 0.0180224
0.4 25.2 0.0276432
0.4 25.6 0.0216813
0.4 26 0.0132528
0.4 26.4 0
0.4 26.8 0

0.8 0 0
0.8 0.4 0.0763321
0.8 0.8 0.552323
0.8 1.2 0.332256
0.8 1.6 0.0277404
0.8 2 -0.254404
0.8 2.4 -0.409315
0.8 2.8 -0.374769
0.8 3.2 -0.16065
0.8 3.6 0.150584
0.8 4 0.438091
0.8 4.4 0.595797
0.8 4.8 0.574777
0.8 5.2 0.397477
0.8 5.6 0.143803
0.8 6 -0.0802825
0.8 6.4 -0.178335
0.8 6.8 -0.106792
0.8 7.2 0.0947866
0.8 7.6 0.318124
0.8 8 0.446896
0.8 8.4 0.426711
0.8 8.8 0.295282
0.8 9.2 0.150341
0.8 9.6 0.0790426
0.8 10 0.10175
0.8 10.4 0.171116
0.8 10.8 0.222665
0.8 11.2 0.231312
0.8 11.6 0.223947
0.8 12 0.236445
0.8 12.4 0.255114
0.8 12.8 0.207048
0.8 13.2 0.0343951
0.8 13.6 -0.228033
0.8 14 -0.446909
0.8 14.4 -0.475152
0.8 14.8 -0.265291
0.8 15.2 0.0757502
0.8 15.6 0.340672
0.8 16 0.356504
0.8 16.4 0.108193
0.8 16.8 -0.24004
0.8 17.2 -0.447997
0.8 17.6 -0.361207
0.8 18 -0.0204906
0.8 18.4 0.357646
0.8 18.8 0.518532
0.8 19.2 0.332942
0.8 19.6 -0.121166
0.8 20 -0.608782
0.8 20.4 -0.881296
0.8 20.8 -0.820794
0.8 21.2 -0.507949
0.8 21.6 -0.156683
0.8 22 0.0305373
0.8 22.4 -0.019514
0.8 22.8 -0.225989
0.8 23.2 -0.420353
0.8 23.6 -0.459261
0.8 24 -0.312299
0.8 24.4 -0.0697103
0.8 24.8 0.130321
0.8 25.2 0.200295
0.8 25.6 0.15734
0.8 26 0.09643
0.8 26.4 0.0132528
0.8 26.8 0

1.2 0 0
1.2 0.4 0.0476559
1.2 0.8 0.344873
1.2 1.2 0.202539
1.2 1.6 0.0031374
1.2 2 -0.184014
1.2 2.4 -0.288115
1.2 2.8 -0.265177
1.2 3.2 -0.121621
1.2 3.6 0.082959
1.2 4 0.262025
1.2 4.4 0.345453
1.2 4.8 0.307963
1.2 5.2 0.17349
1.2 5.6 -0.000887845
1.2 6 -0.150459
1.2 6.4 -0.212406
1.2 6.8 -0.152981
1.2 7.2 0.001032
1.2 7.6 0.166764
1.2 8 0.25235
1.2 8.4 0.215814
1.2 8.8 0.0921265
1.2 9.2 -0.0331873
1.2 9.6 -0.0849006
1.2 10 -0.0475795
1.2 10.4 0.0332052
1.2 10.8 0.0962465
1.2 11.2 0.117325
1.2 11.6 0.123801
1.2 12 0.156861
1.2 12.4 0.210495
1.2 12.8 0.204057
1.2 13.2 0.0734084
1.2 13.6 -0.154472
1.2 14 -0.356942
1.2 14.4 -0.398852
1.2 14.8 -0.232974
1.2 15.2 0.0516979
1.2 15.6 0.275653
1.2 16 0.285326
1.2 16.4 0.0616314
1.2 16.8 -0.258364
1.2 17.2 -0.467099
1.2 17.6 -0.423841
1.2 18 -0.149901
1.2 18.4 0.184051
1.2 18.8 0.369577
1.2 19.2 0.294319
1.2 19.6 0.00839369
1.2 20 -0.316038
1.2 20.4 -0.495081
1.2 20.8 -0.433264
1.2 21.2 -0.196745
1.2 21.6 0.0440756
1.2 22 0.141193
1.2 22.4 0.0578412
1.2 22.8 -0.128917
1.2 23.2 -0.283944
1.2 23.6 -0.302317
1.2 24 -0.175681
1.2 24.4 0.00779828
1.2 24.8 0.129198
1.2 25.2 0.123175
1.2 25.6 0.0207131
1.2 26 -0.0794513
1.2 26.4 -0.010986
1.2 26.8 0

1.6 0 0
1.6 0.4 0.0114693
1.6 0.8 0.0831028
1.6 1.2 0.0432938
1.6 1.6 -0.0174353
1.6 2 -0.080322
1.6 2.4 -0.119019
1.6 2.8 -0.111561
1.6 3.2 -0.0580733
1.6 3.6 0.0107259
1.6 4 0.0489599
1.6 4.4 0.0337776
1.6 4.8 -0.0274749
1.6 5.2 -0.105121
1.6 5.6 -0.16715
1.6 6 -0.212732
1.6 6.4 -0.227553
1.6 6.8 -0.185569
1.6 7.2 -0.0929924
1.6 7.6 0.00036091
1.6 8 0.0317085
1.6 8.4 -0.0274793
1.6 8.8 -0.146152
1.6 9.2 -0.252287
1.6 9.6 -0.282891
1.6 10 -0.227372
1.6 10.4 -0.130574
1.6 10.8 -0.0533775
1.6 11.2 -0.0223938
1.6 11.6 -0.00898683
1.6 12 0.0441112
1.6 12.4 0.157462
1.6 12.8 0.213441
1.6 13.2 0.134391
1.6 13.6 -0.0593334
1.6 14 -0.24636
1.6 14.4 -0.304267
1.6 14.8 -0.186693
1.6 15.2 0.0379664
1.6 15.6 0.221656
1.6 16 0.231269
1.6 16.4 0.0400075
1.6 16.8 -0.249634
1.6 17.2 -0.46955
1.6 17.6 -0.49381
1.6 18 -0.316566
1.6 18.4 -0.0483262
1.6 18.8 0.16328
1.6 19.2 0.229555
1.6 19.6 0.166036
1.6 20 0.0596321
1.6 20.4 -0.00355371
1.6 20.8 0.06165
1.6 21.2 0.204448
1.6 21.6 0.299848
1.6 22 0.269585
1.6 22.4 0.137863
1.6 22.8 -0.0210239
1.6 23.2 -0.116598
1.6 23.6 -0.0961221
1.6 24 0.0166091
1.6 24.4 0.131987
1.6 24.8 0.153139
1.6 25.2 0.0435962
1.6 25.6 -0.144105
1.6 26 -0.301002
1.6 26.4 -0.0415282
1.6 26.8 0

2 0 0
2 0.4 -0.0166314
2 0.8 -0.120163
2 1.2 -0.0698776
2 1.6 -0.00822999
2 2 0.036597
2 2.4 0.051953
2 2.8 0.0442138
2 3.2 0.0240734
2 3.6 -0.0134023
2 4 -0.0903885
2 4.4 -0.185463
2 4.8 -0.266129
2 5.2 -0.293802
2 5.6 -0.234978
2 6 -0.173274
2 6.4 -0.150701
2 6.8 -0.132827
2 7.2 -0.0994252
2 7.6 -0.0685403
2 8 -0.0785899
2 8.4 -0.150297
2 8.8 -0.260782
2 9.2 -0.352643
2 9.6 -0.372908
2 10 -0.311939
2 10.4 -0.211144
2 10.8 -0.132164
2 11.2 -0.109812
2 11.6 -0.121497
2 12 -0.0870718
2 12.4 0.112842
2 12.8 0.228559
2 13.2 0.187421
2 13.6 0.0113186
2 14 -0.150279
2 14.4 -0.205924
2 14.8 -0.120418
2 15.2 0.0573464
2 15.6 0.213702
2 16 0.239114
2 16.4 0.0992776
2 16.8 -0.141951
2 17.2 -0.363207
2 17.6 -0.460477
2 18 -0.404091
2 18.4 -0.241793
2 18.8 -0.052256
2 19.2 0.111362
2 19.6 0.242948
2 20 0.347823
2 20.4 0.354104
2 20.8 0.419572
2 21.2 0.492685
2 21.6 0.463124
2 22 0.303475
2 22.4 0.137745
2 22.8 0.0264788
2 23.2 0.00824617
2 23.6 0.0829646
2 24 0.197106
2 24.4 0.262246
2 24.8 0.204659
2 25.2 0.0155091
2 25.6 -0.234389
2 26 -0.429898
2 26.4 -0.0593124
2 26.8 0

2.4 0 0
2.4 0.4 -0.0266533
2.4 0.8 -0.192615
2.4 1.2 -0.0933727
2.4 1.6 0.0348055
2.4 2 0.133688
2.4 2.4 0.169146
2.4 2.8 0.146105
2.4 3.2 0.0943285
2.4 3.6 0.0315894
2.4 4 -0.093475
2.4 4.4 -0.0381531
2.4 4.8 -0.036791
2.4 5.2 -0.0624181
2.4 5.6 -0.161921
2.4 6 -0.00614661
2.4 6.4 0.0190656
2.4 6.8 0.00593347
2.4 7.2 -0.00188085
2.4 7.6 -0.00260194
2.4 8 -0.0224971
2.4 8.4 -0.0842365
2.4 8.8 -0.178616
2.4 9.2 -0.263204
2.4 9.6 -0.2907
2.4 10 -0.24543
2.4 10.4 -0.158902
2.4 10.8 -0.0913836
2.4 11.2 -0.0929223
2.4 11.6 -0.171362
2.4 12 -0.273882
2.4 12.4 -0.0226673
2.4 12.8 0.0309653
2.4 13.2 0.0253284
2.4 13.6 -0.00506996
2.4 14 -0.107533
2.4 14.4 -0.125067
2.4 14.8 -0.0468569
2.4 15.2 0.099925
2.4 15.6 0.240485
2.4 16 0.294875
2.4 16.4 0.226544
2.4 16.8 0.0616679
2.4 17.2 -0.130774
2.4 17.6 -0.280265
2.4 18 -0.347097
2.4 18.4 -0.326924
2.4 18.8 -0.231834
2.4 19.2 -0.068608
2.4 19.6 0.168176
2.4 20 0.48228
2.4 20.4 0.113211
2.4 20.8 0.0569395
2.4 21.2 0.13316
2.4 21.6 0.485044
2.4 22 0.185669
2.4 22.4 0.0228915
2.4 22.8 -0.0196698
2.4 23.2 0.0430682
2.4 23.6 0.172839
2.4 24 0.300587
2.4 24.4 0.346442
2.4 24.8 0.258686
2.4 25.2 0.0478739
2.4 25.6 -0.20902
2.4 26 -0.402744
2.4 26.4 -0.0555946
2.4 26.8 0

2.8 0 0
2.8 0.4 -0.0189426
2.8 0.8 -0.136729
2.8 1.2 -0.0372685
2.8 1.6 0.0899224
2.8 2 0.177856
2.8 2.4 0.190436
2.8 2.8 0.144003
2.8 3.2 0.0976827
2.8 3.6 0.129244
2.8 4 0.00575988
2.8 4.4 0
2.8 4.8 0
2.8 5.2 0
2.8 5.6 0.0113526
2.8 6 0.240282
2.8 6.4 0.191257
2.8 6.8 0.147269
2.8 7.2 0.127562
2.8 7.6 0.133631
2.8 8 0.138996
2.8 8.4 0.111025
2.8 8.8 0.0415912
2.8 9.2 -0.0410737
2.8 9.6 -0.0907714
2.8 10 -0.0785382
2.8 10.4 -0.0175406
2.8 10.8 0.0412597
2.8 11.2 0.0368551
2.8 11.6 -0.0841851
2.8 12 -0.0491045
2.8 12.4 0
2.8 12.8 0
2.8 13.2 0
2.8 13.6 -0.018024
2.8 14 -0.127626
2.8 14.4 -0.0694023
2.8 14.8 0.00927701
2.8 15.2 0.12331
2.8 15.6 0.241208
2.8 16 0.319473
2.8 16.4 0.328876
2.8 16.8 0.264908
2.8 17.2 0.143102
2.8 17.6 -0.0110421
2.8 18 -0.167265
2.8 18.4 -0.290325
2.8 18.8 -0.341673
2.8 19.2 -0.288594
2.8 19.6 -0.108817
2.8 20 0.050261
2.8 20.4 0
2.8 20.8 0
2.8 21.2 0
2.8 21.6 0.0537415
2.8 22 -0.0926665
2.8 22.4 -0.167452
2.8 22.8 -0.131124
2.8 23.2 -0.00943787
2.8 23.6 0.152697
2.8 24 0.290773
2.8 24.4 0.341099
2.8 24.8 0.270178
2.8 25.2 0.0962485
2.8 25.6 -0.112421
2.8 26 -0.266088
2.8 26.4 -0.0367728
2.8 26.8 0

3.2 0 0
3.2 0.4 -0.00258474
3.2 0.8 -0.0182324
3.2 1.2 0.0477243
3.2 1.6 0.126569
3.2 2 0.159135
3.2 2.4 0.11848
3.2 2.8 0.0296478
3.2 3.2 -0.0450997
3.2 3.6 0.0122676
3.2 4 0
3.2 4.4 0
3.2 4.8 0
3.2 5.2 0
3.2 5.6 0
3.2 6 0.0625974
3.2 6.4 0.21416
3.2 6.8 0.18591
3.2 7.2 0.186977
3.2 7.6 0.226108
3.2 8 0.276378
3.2 8.4 0.294404
3.2 8.8 0.255094
3.2 9.2 0.173706
3.2 9.6 0.0972109
3.2 10 0.0708981
3.2 10.4 0.10538
3.2 10.8 0.169428
3.2 11.2 0.21716
3.2 11.6 0.0181938
3.2 12 0
3.2 12.4 0
3.2 12.8 0
3.2 13.2 0
3.2 13.6 0
3.2 14 -0.0188383
3.2 14.4 -0.00469504
3.2 14.8 0.0302514
3.2 15.2 0.0833685
3.2 15.6 0.148932
3.2 16 0.222022
3.2 16.4 0.29205
3.2 16.8 0.336268
3.2 17.2 0.322426
3.2 17.6 0.224989
3.2 18 0.0472993
3.2 18.4 -0.167595
3.2 18.8 -0.352163
3.2 19.2 -0.456373
3.2 19.6 -0.0770996
3.2 20 0
3.2 20.4 0
3.2 20.8 0
3.2 21.2 0
3.2 21.6 0
3.2 22 -0.0547083
3.2 22.4 -0.309804
3.2 22.8 -0.231976
3.2 23.2 -0.102338
3.2 23.6 0.0508653
3.2 24 0.180064
3.2 24.4 0.239712
3.2 24.8 0.208171
3.2 25.2 0.10091
3.2 25.6 -0.0328669
3.2 26 -0.13075
3.2 26.4 -0.0181056
3.2 26.8 0

3.6 0 0
3.6 0.4 0.0107704
3.6 0.8 0.0785377
3.6 1.2 0.104712
3.6 1.6 0.127378
3.6 2 0.103454
3.6 2.4 0.0181255
3.6 2.8 -0.100322
3.6 3.2 -0.195328
3.6 3.6 -0.0266643
3.6 4 0
3.6 4.4 0
3.6 4.8 0
3.6 5.2 0
3.6 5.6 0
3.6 6 0.0172399
3.6 6.4 0.127429
3.6 6.8 0.114315
3.6 7.2 0.133539
3.6 7.6 0.198871
3.6 8 0.285129
3.6 8.4 0.342466
3.6 8.8 0.332437
3.6 9.2 0.257848
3.6 9.6 0.163391
3.6 10 0.106037
3.6 10.4 0.116408
3.6 10.8 0.178992
3.6 11.2 0.245515
3.6 11.6 0.0333765
3.6 12 0
3.6 12.4 0
3.6 12.8 0
3.6 13.2 0
3.6 13.6 0
3.6 14 0.000823905
3.6 14.4 0.00886577
3.6 14.8 -0.00143282
3.6 15.2 -0.0293767
3.6 15.6 -0.0500979
3.6 16 -0.0238293
3.6 16.4 0.0697424
3.6 16.8 0.205007
3.6 17.2 0.314122
3.6 17.6 0.323158
3.6 18 0.199871
3.6 18.4 -0.0203102
3.6 18.8 -0.251176
3.6 19.2 -0.407613
3.6 19.6 -0.055457
3.6 20 0
3.6 20.4 0
3.6 20.8 0
3.6 21.2 0
3.6 21.6 0
3.6 22 -0.043044
3.6 22.4 -0.314931
3.6 22.8 -0.263138
3.6 23.2 -0.17806
3.6 23.6 -0.0701352
3.6 24 0.0297136
3.6 24.4 0.0887903
3.6 24.8 0.089883
3.6 25.2 0.0403849
3.6 25.6 -0.030401
3.6 26 -0.0847176
3.6 26.4 -0.0117194
3.6 26.8 0

4 0 0
4 0.4 0.0134719
4 0.8 0.0981313
4 1.2 0.101691
4 1.6 0.0951627
4 2 0.0520109
4 2.4 -0.0341177
4 2.8 -0.140127
4 3.2 -0.224611
4 3.6 -0.0470428
4 4 0
4 4.4 0
4 4.8 0
4 5.2 0
4 5.6 0
4 6 0.000467916
4 6.4 0.0122009
4 6.8 -0.00477493
4 7.2 0.00465993
4 7.6 0.0628667
4 8 0.153115
4 8.4 0.22801
4 8.8 0.242174
4 9.2 0.185725
4 9.6 0.0937141
4 10 0.0239051
4 10.4 0.0183734
4 10.8 0.0752943
4 11.2 0.148154
4 11.6 0.0366066
4 12 0
4 12.4 0
4 12.8 0
4 13.2 0
4 13.6 0
4 14 -0.0159725
4 14.4 -0.00433384
4 14.8 -0.047613
4 15.2 -0.159144
4 15.6 -0.285263
4 16 -0.339666
4 16.4 -0.264497
4 16.8 -0.0754965
4 17.2 0.138793
4 17.6 0.266739
4 18 0.241899
4 18.4 0.0842383
4 18.8 -0.114563
4 19.2 -0.251924
4 19.6 -0.0419091
4 20 0
4 20.4 0
4 20.8 0
4 21.2 0
4 21.6 0
4 22 0.0139484
4 22.4 -0.193732
4 22.8 -0.211314
4 23.2 -0.195797
4 23.6 -0.142374
4 24 -0.0760259
4 24.4 -0.0278468
4 24.8 -0.0176407
4 25.2 -0.04523
4 25.6 -0.0922672
4 26 -0.13283
4 26.4 -0.0182983
4 26.8 0

4.4 0 0
4.4 0.4 0.00526739
4.4 0.8 0.0386356
4.4 1.2 0.0434206
4.4 1.6 0.0446054
4.4 2 0.0285834
4.4 2.4 -0.00877373
4.4 2.8 -0.0579944
4.4 3.2 -0.101467
4.4 3.6 -0.116399
4.4 4 -0.0162862
4.4 4.4 0
4.4 4.8 0
4.4 5.2 0
4.4 5.6 -0.00102533
4.4 6 -0.00836717
4.4 6.4 -0.0409916
4.4 6.8 -0.0850581
4.4 7.2 -0.112976
4.4 7.6 -0.0980035
4.4 8 -0.0404392
4.4 8.4 0.0266288
4.4 8.8 0.059391
4.4 9.2 0.0353985
4.4 9.6 -0.0290584
4.4 10 -0.08933
4.4 10.4 -0.102824
4.4 10.8 -0.0566362
4.4 11.2 0.0286837
4.4 11.6 0.11569
4.4 12 0.0165104
4.4 12.4 0
4.4 12.8 0
4.4 13.2 0
4.4 13.6 -0.0152399
4.4 14 -0.109802
4.4 14.4 0.00380355
4.4 14.8 -0.0354815
4.4 15.2 -0.213805
4.4 15.6 -0.437113
4.4 16 -0.578753
4.4 16.4 -0.548635
4.4 16.8 -0.348589
4.4 17.2 -0.0748466
4.4 17.6 0.138535
4.4 18 0.20127
4.4 18.4 0.119112
4.4 18.8 -0.017722
4.4 19.2 -0.0983509
4.4 19.6 -0.0523213
4.4 20 -0.00766814
4.4 20.4 0
4.4 20.8 0
4.4 21.2 0
4.4 21.6 0.0404583
4.4 22 0.298836
4.4 22.4 0.0330518
4.4 22.8 -0.107405
4.4 23.2 -0.153145
4.4 23.6 -0.129287
4.4 24 -0.0761405
4.4 24.4 -0.0366096
4.4 24.8 -0.0383271
4.4 25.2 -0.0832393
4.4 25.6 -0.149813
4.4 26 -0.206365
4.4 26.4 -0.0283954
4.4 26.8 0

4.8 0 0
4.8 0.4 -0.00759369
4.8 0.8 -0.0547507
4.8 1.2 -0.036587
4.8 1.6 -0.00892615
4.8 2 0.024518
4.8 2.4 0.0580681
4.8 2.8 0.0833262
4.8 3.2 0.08158
4.8 3.6 -0.019978
4.8 4 -0.00304071
4.8 4.4 0
4.8 4.8 0
4.8 5.2 0
4.8 5.6 -0.00031148
4.8 6 -0.00373797
4.8 6.4 -0.039911
4.8 6.8 -0.0796274
4.8 7.2 -0.141617
4.8 7.6 -0.186835
4.8 8 -0.186373
4.8 8.4 -0.146096
4.8 8.8 -0.0989319
4.8 9.2 -0.078295
4.8 9.6 -0.0939253
4.8 10 -0.127483
4.8 10.4 -0.149475
4.8 10.8 -0.142046
4.8 11.2 -0.0987646
4.8 11.6 0.0530143
4.8 12 0.00785895
4.8 12.4 0
4.8 12.8 0
4.8 13.2 0
4.8 13.6 -0.00388551
4.8 14 -0.0265879
4.8 14.4 0.167545
4.8 14.8 0.0946486
4.8 15.2 -0.139353
4.8 15.6 -0.423235
4.8 16 -0.621064
4.8 16.4 -0.632391
4.8 16.8 -0.451159
4.8 17.2 -0.172751
4.8 17.6 0.0626775
4.8 18 0.156375
4.8 18.4 0.108006
4.8 18.8 0.00301362
4.8 19.2 -0.0599274
4.8 19.6 -0.0400196
4.8 20 -0.00587724
4.8 20.4 0
4.8 20.8 0
4.8 21.2 0
4.8 21.6 0.0438101
4.8 22 0.322838
4.8 22.4 0.0911315
4.8 22.8 -0.0600853
4.8 23.2 -0.0989017
4.8 23.6 -0.0514114
4.8 24 0.0262422
4.8 24.4 0.074159
4.8 24.8 0.0554326
4.8 25.2 -0.0283128
4.8 25.6 -0.140145
4.8 26 -0.228177
4.8 26.4 -0.0313927
4.8 26.8 0

5.2 0 0
5.2 0.4 -0.0163944
5.2 0.8 -0.118878
5.2 1.2 -0.0954091
5.2 1.6 -0.0536798
5.2 2 0.0128707
5.2 2.4 0.0993415
5.2 2.8 0.191925
5.2 3.2 0.294196
5.2 3.6 0.0374343
5.2 4 0
5.2 4.4 0
5.2 4.8 0
5.2 5.2 0
5.2 5.6 0
5.2 6 -0.00127426
5.2 6.4 -0.00928994
5.2 6.8 0.0298432
5.2 7.2 -0.0490846
5.2 7.6 -0.15505
5.2 8 -0.220202
5.2 8.4 -0.216473
5.2 8.8 -0.15934
5.2 9.2 -0.089624
5.2 9.6 -0.0449977
5.2 10 -0.0398249
5.2 10.4 -0.066548
5.2 10.8 -0.120634
5.2 11.2 -0.249866
5.2 11.6 -0.0269541
5.2 12 0
5.2 12.4 0
5.2 12.8 0
5.2 13.2 0
5.2 13.6 0
5.2 14 0.0599369
5.2 14.4 0.468063
5.2 14.8 0.255017
5.2 15.2 0.000254131
5.2 15.6 -0.270581
5.2 16 -0.458145
5.2 16.4 -0.47718
5.2 16.8 -0.321971
5.2 17.2 -0.0805878
5.2 17.6 0.115287
5.2 18 0.174221
5.2 18.4 0.102493
5.2 18.8 -0.0113437
5.2 19.2 -0.0852464
5.2 19.6 -0.0167765
5.2 20 0
5.2 20.4 0
5.2 20.8 0
5.2 21.2 0
5.2 21.6 0
5.2 22 0.0446589
5.2 22.4 0.00363992
5.2 22.8 -0.107454
5.2 23.2 -0.0853591
5.2 23.6 0.0277037
5.2 24 0.160489
5.2 24.4 0.237328
5.2 24.8 0.21314
5.2 25.2 0.0953536
5.2 25.6 -0.0599232
5.2 26 -0.176191
5.2 26.4 -0.0242424
5.2 26.8 0

5.6 0 0
5.6 0.4 -0.0148307
5.6 0.8 -0.107992
5.6 1.2 -0.101715
5.6 1.6 -0.0801656
5.6 2 -0.0243267
5.6 2.4 0.0606285
5.6 2.8 0.139009
5.6 3.2 0.0595172
5.6 3.6 0
5.6 4 0
5.6 4.4 0
5.6 4.8 0
5.6 5.2 0
5.6 5.6 0
5.6 6 0
5.6 6.4 0.033697
5.6 6.8 0.254687
5.6 7.2 0.13013
5.6 7.6 -0.0341286
5.6 8 -0.160319
5.6 8.4 -0.195165
5.6 8.8 -0.135404
5.6 9.2 -0.0240463
5.6 9.6 0.0782311
5.6 10 0.128593
5.6 10.4 0.123628
5.6 10.8 0.0965507
5.6 11.2 -0.0222484
5.6 11.6 0
5.6 12 0
5.6 12.4 0
5.6 12.8 0
5.6 13.2 0
5.6 13.6 0
5.6 14 0
5.6 14.4 0.0892124
5.6 14.8 0.187299
5.6 15.2 0.0610273
5.6 15.6 -0.0927851
5.6 16 -0.195899
5.6 16.4 -0.182105
5.6 16.8 -0.0450598
5.6 17.2 0.142157
5.6 17.6 0.26649
5.6 18 0.253032
5.6 18.4 0.124853
5.6 18.8 -0.00468169
5.6 19.2 -0.0114387
5.6 19.6 0
5.6 20 0
5.6 20.4 0
5.6 20.8 0
5.6 21.2 0
5.6 21.6 0
5.6 22 0
5.6 22.4 -0.032544
5.6 22.8 -0.245798
5.6 23.2 -0.13936
5.6 23.6 0.0412459
5.6 24 0.229269
5.6 24.4 0.342959
5.6 24.8 0.331888
5.6 25.2 0.206002
5.6 25.6 0.0332265
5.6 26 -0.0936248
5.6 26.4 -0.0128807
5.6 26.8 0

6 0 0
6 0.4 -0.00243201
6 0.8 -0.0185534
6 1.2 -0.0509457
6 1.6 -0.0804273
6 2 -0.0698865
6 2.4 -0.0159509
6 2.8 0.0411143
6 3.2 0.00541482
6 3.6 0
6 4 0
6 4.4 0
6 4.8 0
6 5.2 0
6 5.6 0
6 6 0
6 6.4 0.0559243
6 6.8 0.41165
6 7.2 0.271932
6 7.6 0.0804279
6 8 -0.0846487
6 8.4 -0.152545
6 8.8 -0.100709
6 9.2 0.0328381
6 9.6 0.172936
6 10 0.253052
6 10.4 0.256796
6 10.8 0.23069
6 11.2 0.0311678
6 11.6 0
6 12 0
6 12.4 0
6 12.8 0
6 13.2 0
6 13.6 0
6 14 0
6 14.4 0.00124326
6 14.8 0.0110073
6 15.2 0.0225563
6 15.6 0.0213771
6 16 0.0261733
6 16.4 0.0813182
6 16.8 0.202088
6 17.2 0.338741
6 17.6 0.398983
6 18 0.318932
6 18.4 0.128578
6 18.8 -0.0446917
6 19.2 -0.00633589
6 19.6 0
6 20 0
6 20.4 0
6 20.8 0
6 21.2 0
6 21.6 0
6 22 0
6 22.4 -0.0468662
6 22.8 -0.343436
6 23.2 -0.222801
6 23.6 -0.031706
6 24 0.171254
6 24.4 0.307473
6 24.8 0.323472
6 25.2 0.223637
6 25.6 0.0715374
6 26 -0.0418798
6 26.4 -0.00575301
6 26.8 0

6.4 0 0
6.4 0.4 0.0150606
6.4 0.8 0.107961
6.4 1.2 0.0298364
6.4 1.6 -0.0592675
6.4 2 -0.100524
6.4 2.4 -0.0759964
6.4 2.8 -0.0259973
6.4 3.2 0.0114077
6.4 3.6 0
6.4 4 0
6.4 4.4 0
6.4 4.8 0
6.4 5.2 0
6.4 5.6 0
6.4 6 0
6.4 6.4 0.0561644
6.4 6.8 0.386447
6.4 7.2 0.282806
6.4 7.6 0.112243
6.4 8 -0.0590087
6.4 8.4 -0.149749
6.4 8.8 -0.117254
6.4 9.2 0.0140185
6.4 9.6 0.165106
6.4 10 0.250487
6.4 10.4 0.233876
6.4 10.8 0.162547
6.4 11.2 -0.0337721
6.4 11.6 0
6.4 12 0
6.4 12.4 0
6.4 12.8 0
6.4 13.2 0
6.4 13.6 0
6.4 14 0
6.4 14.4 -0.138108
6.4 14.8 -0.215305
6.4 15.2 -0.0647929
6.4 15.6 0.0563163
6.4 16 0.12075
6.4 16.4 0.173885
6.4 16.8 0.259314
6.4 17.2 0.359166
6.4 17.6 0.396046
6.4 18 0.297846
6.4 18.4 0.0747759
6.4 18.8 -0.151641
6.4 19.2 -0.116671
6.4 19.6 0
6.4 20 0
6.4 20.4 0
6.4 20.8 0
6.4 21.2 0
6.4 21.6 0
6.4 22 0
6.4 22.4 -0.0313747
6.4 22.8 -0.329286
6.4 23.2 -0.27425
6.4 23.6 -0.154461
6.4 24 0.000778896
6.4 24.4 0.128562
6.4 24.8 0.175319
6.4 25.2 0.130877
6.4 25.6 0.0360878
6.4 26 -0.0407993
6.4 26.4 -0.00559398
6.4 26.8 0

6.8 0 0
6.8 0.4 0.0288443
6.8 0.8 0.207826
6.8 1.2 0.0949085
6.8 1.6 -0.0373781
6.8 2 -0.110038
6.8 2.4 -0.0882334
6.8 2.8 0.00133823
6.8 3.2 0.111383
6.8 3.6 0.0152963
6.8 4 0
6.8 4.4 0
6.8 4.8 0
6.8 5.2 0
6.8 5.6 0
6.8 6 0.00364807
6.8 6.4 0.0233352
6.8 6.8 0.169254
6.8 7.2 0.17238
6.8 7.6 0.0671139
6.8 8 -0.0814978
6.8 8.4 -0.185574
6.8 8.8 -0.1819
6.8 9.2 -0.0728798
6.8 9.6 0.0711173
6.8 10 0.152453
6.8 10.4 0.103396
6.8 10.8 -0.0851943
6.8 11.2 -0.414004
6.8 11.6 -0.0559756
6.8 12 0
6.8 12.4 0
6.8 12.8 0
6.8 13.2 0
6.8 13.6 0
6.8 14 -0.108673
6.8 14.4 -0.80184
6.8 14.8 -0.376127
6.8 15.2 -0.0747762
6.8 15.6 0.0772519
6.8 16 0.0942999
6.8 16.4 0.0640002
6.8 16.8 0.0793924
6.8 17.2 0.15931
6.8 17.6 0.230632
6.8 18 0.189036
6.8 18.4 -0.0123207
6.8 18.8 -0.328229
6.8 19.2 -0.70875
6.8 19.6 -0.0957871
6.8 20 0
6.8 20.4 0
6.8 20.8 0
6.8 21.2 0
6.8 21.6 0
6.8 22 0.0136197
6.8 22.4 0.100012
6.8 22.8 -0.117407
6.8 23.2 -0.231558
6.8 23.6 -0.255048
6.8 24 -0.201465
6.8 24.4 -0.112711
6.8 24.8 -0.0397491
6.8 25.2 -0.0128306
6.8 25.6 -0.0265475
6.8 26 -0.0502287
6.8 26.4 -0.0068862
6.8 26.8 0

7.2 0 0
7.2 0.4 0.0322193
7.2 0.8 0.232463
7.2 1.2 0.106701
7.2 1.6 -0.0395822
7.2 2 -0.115768
7.2 2.4 -0.0803013
7.2 2.8 0.0342492
7.2 3.2 0.14653
7.2 3.6 0.0202439
7.2 4 0
7.2 4.4 0
7.2 4.8 0
7.2 5.2 0
7.2 5.6 0
7.2 6 -0.0127849
7.2 6.4 -0.096291
7.2 6.8 0.0085283
7.2 7.2 0.0664266
7.2 7.6 0.0252914
7.2 8 -0.0905472
7.2 8.4 -0.203416
7.2 8.8 -0.234789
7.2 9.2 -0.159476
7.2 9.6 -0.0257802
7.2 10 0.0733369
7.2 10.4 0.0600652
7.2 10.8 -0.0758121
7.2 11.2 -0.25716
7.2 11.6 -0.0349907
7.2 12 0
7.2 12.4 0
7.2 12.8 0
7.2 13.2 0
7.2 13.6 0
7.2 14 -0.0390208
7.2 14.4 -0.287862
7.2 14.8 -0.0444318
7.2 15.2 0.148944
7.2 15.6 0.164068
7.2 16 0.0144102
7.2 16.4 -0.171714
7.2 16.8 -0.250674
7.2 17.2 -0.171382
7.2 17.6 -0.0120395
7.2 18 0.0808829
7.2 18.4 0.00439752
7.2 18.8 -0.2234
7.2 19.2 -0.470529
7.2 19.6 -0.0633935
7.2 20 0
7.2 20.4 0
7.2 20.8 0
7.2 21.2 0
7.2 21.6 0
7.2 22 0.0429818
7.2 22.4 0.314974
7.2 22.8 0.108288
7.2 23.2 -0.119726
7.2 23.6 -0.283734
7.2 24 -0.342484
7.2 24.4 -0.304281
7.2 24.8 -0.21222
7.2 25.2 -0.115171
7.2 25.6 -0.0444454
7.2 26 -0.00955895
7.2 26.4 -0.00129556
7.2 26.8 0

7.6 0 0
7.6 0.4 0.0246781
7.6 0.8 0.178067
7.6 1.2 0.0607047
7.6 1.6 -0.0731601
7.6 2 -0.130819
7.6 2.4 -0.0713392
7.6 2.8 0.066959
7.6 3.2 0.192402
7.6 3.6 0.0267042
7.6 4 0
7.6 4.4 0
7.6 4.8 0
7.6 5.2 0
7.6 5.6 0
7.6 6 -0.0270011
7.6 6.4 -0.199168
7.6 6.8 -0.0808682
7.6 7.2 0.0292292
7.6 7.6 0.0493971
7.6 8 -0.0303467
7.6 8.4 -0.148494
7.6 8.8 -0.217083
7.6 9.2 -0.182862
7.6 9.6 -0.0639477
7.6 10 0.0631094
7.6 10.4 0.117896
7.6 10.8 0.076522
7.6 11.2 -0.00152234
7.6 11.6 -0.000593731
7.6 12 0
7.6 12.4 0
7.6 12.8 0
7.6 13.2 0
7.6 13.6 0
7.6 14 0.0459735
7.6 14.4 0.340163
7.6 14.8 0.432906
7.6 15.2 0.453302
7.6 15.6 0.274933
7.6 16 -0.0682132
7.6 16.4 -0.409734
7.6 16.8 -0.566802
7.6 17.2 -0.467161
7.6 17.6 -0.199256
7.6 18 0.0497191
7.6 18.4 0.124602
7.6 18.8 0.0107424
7.6 19.2 -0.152259
7.6 19.6 -0.020275
7.6 20 0
7.6 20.4 0
7.6 20.8 0
7.6 21.2 0
7.6 21.6 0
7.6 22 0.0761894
7.6 22.4 0.558282
7.6 22.8 0.325475
7.6 23.2 0.0250567
7.6 23.6 -0.232668
7.6 24 -0.370932
7.6 24.4 -0.370852
7.6 24.8 -0.266608
7.6 25.2 -0.118476
7.6 25.6 0.0164429
7.6 26 0.0995655
7.6 26.4 0.013706
7.6 26.8 0

8 0 0
8 0.4 0.0120847
8 0.8 0.0869722
8 1.2 -0.011195
8 1.6 -0.120937
8 2 -0.154783
8 2.4 -0.0761854
8 2.8 0.0747146
8 3.2 0.207672
8 3.6 0.0633414
8 4 0
8 4.4 0
8 4.8 0
8 5.2 0
8 5.6 0
8 6 -0.0763243
8 6.4 -0.23365
8 6.8 -0.0902955
8 7.2 0.0661056
8 7.6 0.140413
8 8 0.0975648
8 8.4 -0.0195847
8 8.8 -0.121978
8 9.2 -0.134784
8 9.6 -0.0460897
8 10 0.0889343
8 10.4 0.190503
8 10.8 0.214134
8 11.2 0.187666
8 11.6 0.027286
8 12 0
8 12.4 0
8 12.8 0
8 13.2 0
8 13.6 0
8 14 0.0656158
8 14.4 0.609762
8 14.8 0.656596
8 15.2 0.587053
8 15.6 0.302032
8 16 -0.136909
8 16.4 -0.542036
8 16.8 -0.715442
8 17.2 -0.578589
8 17.6 -0.227776
8 18 0.125113
8 18.4 0.289357
8 18.8 0.219854
8 19.2 0.0534601
8 19.6 -0.0479322
8 20 0
8 20.4 0
8 20.8 0
8 21.2 0
8 21.6 0
8 22 0.142888
8 22.4 0.633765
8 22.8 0.416684
8 23.2 0.120224
8 23.6 -0.14857
8 24 -0.302743
8 24.4 -0.311712
8 24.8 -0.203158
8 25.2 -0.0381906
8 25.6 0.119706
8 26 0.223866
8 26.4 0.0307952
8 26.8 0

8.4 0 0
8.4 0.4 0.00270715
8.4 0.8 0.0189851
8.4 1.2 -0.0620626
8.4 1.6 -0.152558
8.4 2 -0.1744
8.4 2.4 -0.0964656
8.4 2.8 0.0442527
8.4 3.2 0.173076
8.4 3.6 0.244061
8.4 4 0.02765
8.4 4.4 0
8.4 4.8 0
8.4 5.2 0
8.4 5.6 -0.0590379
8.4 6 -0.328965
8.4 6.4 -0.224679
8.4 6.8 -0.0579016
8.4 7.2 0.124435
8.4 7.6 0.237143
8.4 8 0.230354
8.4 8.4 0.12572
8.4 8.8 0.00186169
8.4 9.2 -0.0577788
8.4 9.6 -0.0184947
8.4 10 0.0865247
8.4 10.4 0.182764
8.4 10.8 0.206102
8.4 11.2 0.141316
8.4 11.6 0.0154925
8.4 12 -0.0838761
8.4 12.4 0
8.4 12.8 0
8.4 13.2 0
8.4 13.6 -0.132241
8.4 14 -0.115859
8.4 14.4 0.257263
8.4 14.8 0.438558
8.4 15.2 0.420625
8.4 15.6 0.186886
8.4 16 -0.182193
8.4 16.4 -0.512054
8.4 16.8 -0.624226
8.4 17.2 -0.449124
8.4 17.6 -0.0794357
8.4 18 0.279022
8.4 18.4 0.431042
8.4 18.8 0.307277
8.4 19.2 -0.0118535
8.4 19.6 -0.403067
8.4 20 -0.134717
8.4 20.4 0
8.4 20.8 0
8.4 21.2 0
8.4 21.6 0.0285671
8.4 22 0.413022
8.4 22.4 0.436581
8.4 22.8 0.309266
8.4 23.2 0.101189
8.4 23.6 -0.0925166
8.4 24 -0.196211
8.4 24.4 -0.184677
8.4 24.8 -0.0833655
8.4 25.2 0.0561898
8.4 25.6 0.185079
8.4 26 0.271897
8.4 26.4 0.0373965
8.4 26.8 0

8.8 0 0
8.8 0.4 0.00175545
8.8 0.8 0.0118719
8.8 1.2 -0.0614399
8.8 1.6 -0.145662
8.8 2 -0.173356
8.8 2.4 -0.119048
8.8 2.8 -0.0171387
8.8 3.2 0.0634607
8.8 3.6 0.0641087
8.8 4 -0.0534844
8.8 4.4 -0.0225282
8.8 4.8 -0.00688269
8.8 5.2 -0.0122794
8.8 5.6 -0.112141
8.8 6 -0.188325
8.8 6.4 -0.154388
8.8 6.8 -0.0302958
8.8 7.2 0.134336
8.8 7.6 0.260662
8.8 8 0.287985
8.8 8.4 0.213152
8.8 8.8 0.091469
8.8 9.2 -0.00104586
8.8 9.6 -0.0179113
8.8 10 0.0290509
8.8 10.4 0.0800793
8.8 10.8 0.0668774
8.8 11.2 -0.049953
8.8 11.6 -0.277035
8.8 12 -0.633309
8.8 12.4 -0.141792
8.8 12.8 -0.0384403
8.8 13.2 -0.153271
8.8 13.6 -0.847774
8.8 14 -0.48681
8.8 14.4 -0.199039
8.8 14.8 -0.0125284
8.8 15.2 0.0519761
8.8 15.6 -0.0191693
8.8 16 -0.182117
8.8 16.4 -0.326226
8.8 16.8 -0.329315
8.8 17.2 -0.141734
8.8 17.6 0.165862
8.8 18 0.433475
8.8 18.4 0.507037
8.8 18.8 0.333816
8.8 19.2 -0.0087747
8.8 19.6 -0.367803
8.8 20 -0.582534
8.8 20.4 -0.055511
8.8 20.8 0.0302529
8.8 21.2 -0.023882
8.8 21.6 -0.205065
8.8 22 0.016321
8.8 22.4 0.0925272
8.8 22.8 0.0634174
8.8 23.2 -0.0179726
8.8 23.6 -0.08795
8.8 24 -0.102089
8.8 24.4 -0.0555297
8.8 24.8 0.0235092
8.8 25.2 0.0995698
8.8 25.6 0.153456
8.8 26 0.186477
8.8 26.4 0.0256427
8.8 26.8 0

9.2 0 0
9.2 0.4 0.00817293
9.2 0.8 0.0581048
9.2 1.2 -0.0152345
9.2 1.6 -0.102127
9.2 2 -0.144588
9.2 2.4 -0.120816
9.2 2.8 -0.0596069
9.2 3.2 -0.0167883
9.2 3.6 -0.0318956
9.2 4 -0.0942093
9.2 4.4 -0.114421
9.2 4.8 -0.0493832
9.2 5.2 0.0159457
9.2 5.6 -0.0158846
9.2 6 -0.081836
9.2 6.4 -0.107492
9.2 6.8 -0.057539
9.2 7.2 0.054153
9.2 7.6 0.171122
9.2 8 0.230936
9.2 8.4 0.205653
9.2 8.8 0.11766
9.2 9.2 0.0210129
9.2 9.6 -0.0373862
9.2 10 -0.0493196
9.2 10.4 -0.0485772
9.2 10.8 -0.0854555
9.2 11.2 -0.19083
9.2 11.6 -0.350405
9.2 12 -0.488069
9.2 12.4 -0.404295
9.2 12.8 -0.276946
9.2 13.2 -0.273048
9.2 13.6 -0.489229
9.2 14 -0.528855
9.2 14.4 -0.512076
9.2 14.8 -0.441055
9.2 15.2 -0.325386
9.2 15.6 -0.206632
9.2 16 -0.118013
9.2 16.4 -0.0485096
9.2 16.8 0.0461913
9.2 17.2 0.19434
9.2 17.6 0.365882
9.2 18 0.478458
9.2 18.4 0.452846
9.2 18.8 0.277076
9.2 19.2 0.0297575
9.2 19.6 -0.154036
9.2 20 -0.140191
9.2 20.4 0.174741
9.2 20.8 0.221587
9.2 21.2 0.0292062
9.2 21.6 -0.196961
9.2 22 -0.22839
9.2 22.4 -0.208228
9.2 22.8 -0.184105
9.2 23.2 -0.15594
9.2 23.6 -0.106618
9.2 24 -0.0325493
9.2 24.4 0.0437174
9.2 24.8 0.0875663
9.2 25.2 0.0803338
9.2 25.6 0.0369267
9.2 26 -0.00280594
9.2 26.4 -0.000402118
9.2 26.8 0

9.6 0 0
9.6 0.4 0.0158892
9.6 0.8 0.113867
9.6 1.2 0.0400179
9.6 1.6 -0.0481674
9.6 2 -0.0999353
9.6 2.4 -0.0951993
9.6 2.8 -0.0566297
9.6 3.2 -0.0291009
9.6 3.6 -0.0420277
9.6 4 -0.0802519
9.6 4.4 -0.0811258
9.6 4.8 -0.0077935
9.6 5.2 0.0729886
9.6 5.6 0.0799451
9.6 6 0.00119006
9.6 6.4 -0.090412
9.6 6.8 -0.129103
9.6 7.2 -0.0902984
9.6 7.6 0.000729198
9.6 8 0.0892737
9.6 8.4 0.127352
9.6 8.8 0.101273
9.6 9.2 0.0338461
9.6 9.6 -0.0373465
9.6 10 -0.0878422
9.6 10.4 -0.120367
9.6 10.8 -0.156136
9.6 11.2 -0.21059
9.6 11.6 -0.269224
9.6 12 -0.276642
9.6 12.4 -0.156317
9.6 12.8 0.0191292
9.6 13.2 0.0870845
9.6 13.6 -0.0560965
9.6 14 -0.342779
9.6 14.4 -0.59801
9.6 14.8 -0.680646
9.6 15.2 -0.553863
9.6 15.6 -0.28786
9.6 16 0.000952216
9.6 16.4 0.22331
9.6 16.8 0.351487
9.6 17.2 0.401896
9.6 17.6 0.395663
9.6 18 0.337223
9.6 18.4 0.227544
9.6 18.8 0.0931203
9.6 19.2 -0.00283265
9.6 19.6 0.0134303
9.6 20 0.16811
9.6 20.4 0.36322
9.6 20.8 0.337746
9.6 21.2 0.0845325
9.6 21.6 -0.217406
9.6 22 -0.355851
9.6 22.4 -0.371405
9.6 22.8 -0.318774
9.6 23.2 -0.223388
9.6 23.6 -0.0983141
9.6 24 0.0303222
9.6 24.4 0.118092
9.6 24.8 0.12388
9.6 25.2 0.0411881
9.6 25.6 -0.0880467
9.6 26 -0.192489
9.6 26.4 -0.0265104
9.6 26.8 0

10 0 0
10 0.4 0.018587
10 0.8 0.133495
10 1.2 0.0648742
10 1.6 -0.0159226
10 2 -0.0632642
10 2.4 -0.057612
10 2.8 -0.0168041
10 3.2 0.0198318
10 3.6 0.0203789
10 4 -0.0183572
10 4.4 -0.0419687
10 4.8 0.0349978
10 5.2 0.135434
10 5.6 0.180506
10 6 0.0786868
10 6.4 -0.0687326
10 6.8 -0.186083
10 7.2 -0.22082
10 7.6 -0.165612
10 8 -0.0588771
10 8.4 0.0406353
10 8.8 0.0877039
10 9.2 0.0716034
10 9.6 0.0137963
10 10 -0.0517538
10 10.4 -0.0998067
10 10.8 -0.122647
10 11.2 -0.123653
10 11.6 -0.104032
10 12 -0.05209
10 12.4 0.0858125
10 12.8 0.31696
10 13.2 0.458663
10 13.6 0.395995
10 14 -0.0686827
10 14.4 -0.50989
10 14.8 -0.700228
10 15.2 -0.579491
10 15.6 -0.243295
10 16 0.133063
10 16.4 0.395622
10 16.8 0.47675
10 17.2 0.397444
10 17.6 0.226296
10 18 0.0356388
10 18.4 -0.11793
10 18.8 -0.190644
10 19.2 -0.146184
10 19.6 0.0361603
10 20 0.330577
10 20.4 0.540634
10 20.8 0.470485
10 21.2 0.144842
10 21.6 -0.253239
10 22 -0.373871
10 22.4 -0.36168
10 22.8 -0.287861
10 23.2 -0.174771
10 23.6 -0.0348465
10 24 0.100661
10 24.4 0.180106
10 24.8 0.158752
10 25.2 0.0341934
10 25.6 -0.13985
10 26 -0.277065
10 26.4 -0.0381669
10 26.8 0

10.4 0 0
10.4 0.4 0.0144369
10.4 0.8 0.10372
10.4 1.2 0.0462994
10.4 1.6 -0.0197676
10.4 2 -0.0525388
10.4 2.4 -0.0323621
10.4 2.8 0.0272841
10.4 3.2 0.0918252
10.4 3.6 0.124473
10.4 4 0.069702
10.4 4.4 0.00329611
10.4 4.8 0.00436711
10.4 5.2 0.0581657
10.4 5.6 0.295606
10.4 6 0.153949
10.4 6.4 -0.0093884
10.4 6.8 -0.169031
10.4 7.2 -0.261092
10.4 7.6 -0.247358
10.4 8 -0.142422
10.4 8.4 -0.00346744
10.4 8.8 0.103674
10.4 9.2 0.139325
10.4 9.6 0.105686
10.4 10 0.0380219
10.4 10.4 -0.0194194
10.4 10.8 -0.0363016
10.4 11.2 -0.00699457
10.4 11.6 0.0471858
10.4 12 0.0561654
10.4 12.4 0.0174548
10.4 12.8 0.0421469
10.4 13.2 0.156697
10.4 13.6 0.7107
10.4 14 0.0655199
10.4 14.4 -0.389308
10.4 14.8 -0.569348
10.4 15.2 -0.441455
10.4 15.6 -0.114498
10.4 16 0.224188
10.4 16.4 0.414913
10.4 16.8 0.396249
10.4 17.2 0.208473
10.4 17.6 -0.0520211
10.4 18 -0.287109
10.4 18.4 -0.429279
10.4 18.8 -0.448184
10.4 19.2 -0.342709
10.4 19.6 -0.118963
10.4 20 0.298973
10.4 20.4 0.114677
10.4 20.8 0.0641082
10.4 21.2 -0.0402884
10.4 21.6 -0.437814
10.4 22 -0.315826
10.4 22.4 -0.198904
10.4 22.8 -0.11284
10.4 23.2 -0.0321726
10.4 23.6 0.063353
10.4 24 0.161793
10.4 24.4 0.219537
10.4 24.8 0.191509
10.4 25.2 0.0704609
10.4 25.6 -0.0956471
10.4 26 -0.224958
10.4 26.4 -0.0310181
10.4 26.8 0

10.8 0 0
10.8 0.4 0.00722865
10.8 0.8 0.0518865
10.8 1.2 0.00632475
10.8 1.6 -0.045747
10.8 2 -0.0657579
10.8 2.4 -0.0342785
10.8 2.8 0.0394464
10.8 3.2 0.131727
10.8 3.6 0.241895
10.8 4 0.042796
10.8 4.4 0
10.8 4.8 0
10.8 5.2 0
10.8 5.6 0.0632505
10.8 6 0.17325
10.8 6.4 0.0899755
10.8 6.8 -0.0618577
10.8 7.2 -0.189102
10.8 7.6 -0.221334
10.8 8 -0.144392
10.8 8.4 -0.00216979
10.8 8.8 0.132826
10.8 9.2 0.201344
10.8 9.6 0.187072
10.8 10 0.119048
10.8 10.4 0.0491805
10.8 10.8 0.0216671
10.8 11.2 0.0545829
10.8 11.6 0.148687
10.8 12 0.0265675
10.8 12.4 0
10.8 12.8 0
10.8 13.2 0
10.8 13.6 0.0654827
10.8 14 -0.201043
10.8 14.4 -0.328834
10.8 14.8 -0.361071
10.8 15.2 -0.211745
10.8 15.6 0.0356667
10.8 16 0.235704
10.8 16.4 0.283487
10.8 16.8 0.165376
10.8 17.2 -0.0542649
10.8 17.6 -0.283312
10.8 18 -0.449157
10.8 18.4 -0.519889
10.8 18.8 -0.503776
10.8 19.2 -0.447896
10.8 19.6 -0.458919
10.8 20 -0.0218773
10.8 20.4 0
10.8 20.8 0
10.8 21.2 0
10.8 21.6 -0.0761851
10.8 22 -0.119887
10.8 22.4 0.0811891
10.8 22.8 0.12988
10.8 23.2 0.128467
10.8 23.6 0.136916
10.8 24 0.171149
10.8 24.4 0.203013
10.8 24.8 0.188485
10.8 25.2 0.10861
10.8 25.6 -0.00787424
10.8 26 -0.0988334
10.8 26.4 -0.0136716
10.8 26.8 0

11.2 0 0
11.2 0.4 0.0030499
11.2 0.8 0.0219643
11.2 1.2 -0.016793
11.2 1.6 -0.0626995
11.2 2 -0.0814564
11.2 2.4 -0.0560819
11.2 2.8 0.00244651
11.2 3.2 0.0607958
11.2 3.6 0.0420372
11.2 4 0
11.2 4.4 0
11.2 4.8 0
11.2 5.2 0
11.2 5.6 0
11.2 6 0.0551678
11.2 6.4 0.234141
11.2 6.8 0.0980305
11.2 7.2 -0.0526946
11.2 7.6 -0.133507
11.2 8 -0.106822
11.2 8.4 0.00325949
11.2 8.8 0.130267
11.2 9.2 0.206751
11.2 9.6 0.201959
11.2 10 0.133967
11.2 10.4 0.0513861
11.2 10.8 -0.0013653
11.2 11.2 -0.0133559
11.2 11.6 0.0175917
11.2 12 0
11.2 12.4 0
11.2 12.8 0
11.2 13.2 0
11.2 13.6 0
11.2 14 -0.0502504
11.2 14.4 -0.150569
11.2 14.8 -0.0805663
11.2 15.2 0.0491665
11.2 15.6 0.15515
11.2 16 0.158959
11.2 16.4 0.0485242
11.2 16.8 -0.120306
11.2 17.2 -0.268354
11.2 17.6 -0.343459
11.2 18 -0.341938
11.2 18.4 -0.294486
11.2 18.8 -0.238708
11.2 19.2 -0.206253
11.2 19.6 -0.0915518
11.2 20 0
11.2 20.4 0
11.2 20.8 0
11.2 21.2 0
11.2 21.6 0
11.2 22 0.0398942
11.2 22.4 0.410907
11.2 22.8 0.328434
11.2 23.2 0.215748
11.2 23.6 0.127341
11.2 24 0.0956161
11.2 24.4 0.106237
11.2 24.8 0.116164
11.2 25.2 0.0927143
11.2 25.6 0.0406064
11.2 26 -0.00382872
11.2 26.4 -0.000583203
11.2 26.8 0

11.6 0 0
11.6 0.4 0.00511601
11.6 0.8 0.037182
11.6 1.2 -0.000535874
11.6 1.6 -0.0473261
11.6 2 -0.0740933
11.6 2.4 -0.0664268
11.6 2.8 -0.0336661
11.6 3.2 -0.00250539
11.6 3.6 2.82093e-05
11.6 4 0
11.6 4.4 0
11.6 4.8 0
11.6 5.2 0
11.6 5.6 0
11.6 6 0.0460938
11.6 6.4 0.338721
11.6 6.8 0.2151
11.6 7.2 0.0564477
11.6 7.6 -0.0626948
11.6 8 -0.0912062
11.6 8.4 -0.0317892
11.6 8.8 0.0643036
11.6 9.2 0.132069
11.6 9.6 0.13273
11.6 10 0.0732404
11.6 10.4 -0.00567832
11.6 10.8 -0.0627438
11.6 11.2 -0.0868532
11.6 11.6 -0.0122392
11.6 12 0
11.6 12.4 0
11.6 12.8 0
11.6 13.2 0
11.6 13.6 0
11.6 14 0.0141729
11.6 14.4 0.100203
11.6 14.8 0.200511
11.6 15.2 0.27067
11.6 15.6 0.207796
11.6 16 0.0120266
11.6 16.4 -0.222544
11.6 16.8 -0.372646
11.6 17.2 -0.364389
11.6 17.6 -0.21496
11.6 18 -0.0131003
11.6 18.4 0.143236
11.6 18.8 0.208095
11.6 19.2 0.210643
11.6 19.6 0.0278194
11.6 20 0
11.6 20.4 0
11.6 20.8 0
11.6 21.2 0
11.6 21.6 0
11.6 22 0.066567
11.6 22.4 0.487672
11.6 22.8 0.349867
11.6 23.2 0.171635
11.6 23.6 0.0226325
11.6 24 -0.0499138
11.6 24.4 -0.0490462
11.6 24.8 -0.0157592
11.6 25.2 0.00751162
11.6 25.6 0.00637541
11.6 26 -0.00452892
11.6 26.4 -0.000643599
11.6 26.8 0

12 0 0
12 0.4 0.0109052
12 0.8 0.0792916
12 1.2 0.0420256
12 1.6 -0.00481111
12 2 -0.0385856
12 2.4 -0.0479652
12 2.8 -0.0396117
12 3.2 -0.0314017
12 3.6 -0.0124304
12 4 0
12 4.4 0
12 4.8 0
12 5.2 0
12 5.6 0
12 6 0.017795
12 6.4 0.280206
12 6.8 0.203639
12 7.2 0.071259
12 7.6 -0.0579902
12 8 -0.12454
12 8.4 -0.11082
12 8.8 -0.0485156
12 9.2 0.00725914
12 9.6 0.0162331
12 10 -0.0227562
12 10.4 -0.0767627
12 10.8 -0.107899
12 11.2 -0.107368
12 11.6 0.000225806
12 12 0
12 12.4 0
12 12.8 0
12 13.2 0
12 13.6 0
12 14 -0.10368
12 14.4 0.179857
12 14.8 0.359232
12 15.2 0.390005
12 15.6 0.182479
12 16 -0.16611
12 16.4 -0.461589
12 16.8 -0.535065
12 17.2 -0.342194
12 17.6 0.0167942
12 18 0.363574
12 18.4 0.548973
12 18.8 0.53533
12 19.2 0.422648
12 19.6 0.000208279
12 20 0
12 20.4 0
12 20.8 0
12 21.2 0
12 21.6 0
12 22 0.0407172
12 22.4 0.331221
12 22.8 0.205957
12 23.2 0.0307807
12 23.6 -0.120346
12 24 -0.194782
12 24.4 -0.189732
12 24.8 -0.142667
12 25.2 -0.0977928
12 25.6 -0.0771576
12 26 -0.076702
12 26.4 -0.0105371
12 26.8 0

12.4 0 0
12.4 0.4 0.0140721
12.4 0.8 0.102382
12.4 1.2 0.071958
12.4 1.6 0.0345653
12.4 2 0.00497145
12.4 2.4 -0.00972447
12.4 2.8 -0.0151695
12.4 3.2 -0.026604
12.4 3.6 -0.0582765
12.4 4 -0.00837061
12.4 4.4 0
12.4 4.8 0
12.4 5.2 0
12.4 5.6 -0.0202888
12.4 6 -0.147783
12.4 6.4 0.0479889
12.4 6.8 0.0809023
12.4 7.2 0.00845275
12.4 7.6 -0.0992883
12.4 8 -0.174824
12.4 8.4 -0.185409
12.4 8.8 -0.145006
12.4 9.2 -0.0964123
12.4 9.6 -0.0770964
12.4 10 -0.0926852
12.4 10.4 -0.115477
12.4 10.8 -0.105927
12.4 11.2 -0.0369315
12.4 11.6 0.106004
12.4 12 0.0150809
12.4 12.4 0
12.4 12.8 0
12.4 13.2 0
12.4 13.6 -0.128737
12.4 14 -0.936153
12.4 14.4 -0.0690348
12.4 14.8 0.380804
12.4 15.2 0.412095
12.4 15.6 0.106361
12.4 16 -0.322139
12.4 16.4 -0.609224
12.4 16.8 -0.579158
12.4 17.2 -0.238785
12.4 17.6 0.235486
12.4 18 0.607563
12.4 18.4 0.714245
12.4 18.8 0.533677
12.4 19.2 0.143544
12.4 19.6 -0.421214
12.4 20 -0.0567175
12.4 20.4 0
12.4 20.8 0
12.4 21.2 0
12.4 21.6 -0.00443997
12.4 22 -0.0324911
12.4 22.4 0.0576732
12.4 22.8 0.00478187
12.4 23.2 -0.109456
12.4 23.6 -0.210862
12.4 24 -0.252278
12.4 24.4 -0.231785
12.4 24.8 -0.182284
12.4 25.2 -0.141473
12.4 25.6 -0.126659
12.4 26 -0.13205
12.4 26.4 -0.0181361
12.4 26.8 0

12.8 0 0
12.8 0.4 0.00976132
12.8 0.8 0.0712864
12.8 1.2 0.0570142
12.8 1.6 0.0408621
12.8 2 0.0289782
12.8 2.4 0.0241516
12.8 2.8 0.022523
12.8 3.2 0.0115209
12.8 3.6 -0.0385018
12.8 4 -0.00568845
12.8 4.4 0
12.8 4.8 0
12.8 5.2 0
12.8 5.6 -0.0279291
12.8 6 -0.204849
12.8 6.4 -0.0696036
12.8 6.8 -0.0137364
12.8 7.2 -0.0450418
12.8 7.6 -0.118993
12.8 8 -0.178804
12.8 8.4 -0.189833
12.8 8.8 -0.156197
12.8 9.2 -0.110755
12.8 9.6 -0.0868895
12.8 10 -0.0927554
12.8 10.4 -0.106177
12.8 10.8 -0.0922722
12.8 11.2 -0.0262672
12.8 11.6 0.112035
12.8 12 0.0158392
12.8 12.4 0
12.8 12.8 0
12.8 13.2 0
12.8 13.6 -0.112608
12.8 14 -0.817578
12.8 14.4 0.154973
12.8 14.8 0.500734
12.8 15.2 0.408226
12.8 15.6 0.022468
12.8 16 -0.409008
12.8 16.4 -0.624999
12.8 16.8 -0.493554
12.8 17.2 -0.0866584
12.8 17.6 0.369502
12.8 18 0.636124
12.8 18.4 0.601286
12.8 18.8 0.323749
12.8 19.2 -0.0554716
12.8 19.6 -0.520924
12.8 20 -0.070336
12.8 20.4 0
12.8 20.8 0
12.8 21.2 0
12.8 21.6 -0.0148881
12.8 22 -0.109227
12.8 22.4 -0.109613
12.8 22.8 -0.120605
12.8 23.2 -0.159902
12.8 23.6 -0.189118
12.8 24 -0.180997
12.8 24.4 -0.140807
12.8 24.8 -0.0967615
12.8 25.2 -0.0747862
12.8 25.6 -0.0795083
12.8 26 -0.0955099
12.8 26.4 -0.0131229
12.8 26.8 0

13.2 0 0
13.2 0.4 -0.00098458
13.2 0.8 -0.00651578
13.2 1.2 0.000581338
13.2 1.6 0.0108124
13.2 2 0.0217151
13.2 2.4 0.0327644
13.2 2.8 0.0461642
13.2 3.2 0.0691596
13.2 3.6 0.00378521
13.2 4 0
13.2 4.4 0
13.2 4.8 0
13.2 5.2 0
13.2 5.6 0
13.2 6 -0.0365078
13.2 6.4 -0.067669
13.2 6.8 -0.0236305
13.2 7.2 -0.0333528
13.2 7.6 -0.071185
13.2 8 -0.100443
13.2 8.4 -0.0957072
13.2 8.8 -0.059357
13.2 9.2 -0.0180015
13.2 9.6 -0.00104353
13.2 10 -0.0175946
13.2 10.4 -0.0500967
13.2 10.8 -0.0723571
13.2 11.2 -0.0866917
13.2 11.6 0.00345576
13.2 12 0
13.2 12.4 0
13.2 12.8 0
13.2 13.2 0
13.2 13.6 0
13.2 14 0.00488782
13.2 14.4 0.858908
13.2 14.8 0.622598
13.2 15.2 0.328126
13.2 15.6 -0.0750441
13.2 16 -0.414565
13.2 16.4 -0.501191
13.2 16.8 -0.283895
13.2 17.2 0.101903
13.2 17.6 0.416109
13.2 18 0.470511
13.2 18.4 0.256146
13.2 18.8 -0.0382539
13.2 19.2 -0.107276
13.2 19.6 -0.0857837
13.2 20 0
13.2 20.4 0
13.2 20.8 0
13.2 21.2 0
13.2 21.6 0
13.2 22 -0.0427762
13.2 22.4 -0.204659
13.2 22.8 -0.138188
13.2 23.2 -0.107583
13.2 23.6 -0.0722993
13.2 24 -0.0207372
13.2 24.4 0.0342571
13.2 24.8 0.0694096
13.2 25.2 0.0714158
13.2 25.6 0.0491327
13.2 26 0.0279924
13.2 26.4 0.00383505
13.2 26.8 0

13.6 0 0
13.6 0.4 -0.0115172
13.6 0.8 -0.082969
13.6 1.2 -0.0577179
13.6 1.6 -0.026882
13.6 2 -0.00145679
13.6 2.4 0.0138264
13.6 2.8 0.0218102
13.6 3.2 0.0125118
13.6 3.6 0
13.6 4 0
13.6 4.4 0
13.6 4.8 0
13.6 5.2 0
13.6 5.6 0
13.6 6 0
13.6 6.4 -0.0037994
13.6 6.8 0.03177
13.6 7.2 0.0310062
13.6 7.6 0.0280397
13.6 8 0.0331913
13.6 8.4 0.0578565
13.6 8.8 0.0979094
13.6 9.2 0.131328
13.6 9.6 0.132801
13.6 10 0.0942248
13.6 10.4 0.0342114
13.6 10.8 -0.0128885
13.6 11.2 -0.0149977
13.6 11.6 0
13.6 12 0
13.6 12.4 0
13.6 12.8 0
13.6 13.2 0
13.6 13.6 0
13.6 14 0
13.6 14.4 0.152229
13.6 14.8 0.250338
13.6 15.2 0.0451997
13.6 15.6 -0.210611
13.6 16 -0.353429
13.6 16.4 -0.267838
13.6 16.8 0.0162407
13.6 17.2 0.320048
13.6 17.6 0.423203
13.6 18 0.214975
13.6 18.4 -0.213428
13.6 18.8 -0.60372
13.6 19.2 -0.0986154
13.6 19.6 0
13.6 20 0
13.6 20.4 0
13.6 20.8 0
13.6 21.2 0
13.6 21.6 0
13.6 22 0
13.6 22.4 -0.0341953
13.6 22.8 -0.0457416
13.6 23.2 -0.00392196
13.6 23.6 0.0591008
13.6 24 0.129072
13.6 24.4 0.185573
13.6 24.8 0.210316
13.6 25.2 0.199836
13.6 25.6 0.170871
13.6 26 0.152431
13.6 26.4 0.0209253
13.6 26.8 0

14 0 0
14 0.4 -0.0146825
14 0.8 -0.106271
14 1.2 -0.0723819
14 1.6 -0.033082
14 2 -0.00687275
14 2.4 -0.000807419
14 2.8 -0.00604038
14 3.2 -0.000845686
14 3.6 0
14 4 0
14 4.4 0
14 4.8 0
14 5.2 0
14 5.6 0
14 6 0
14 6.4 0.00882636
14 6.8 0.061707
14 7.2 0.0836711
14 7.6 0.114823
14 8 0.147299
14 8.4 0.183794
14 8.8 0.221731
14 9.2 0.245053
14 9.6 0.232247
14 10 0.174864
14 10.4 0.0914787
14 10.8 0.0246878
14 11.2 0.00248811
14 11.6 0
14 12 0
14 12.4 0
14 12.8 0
14 13.2 0
14 13.6 0
14 14 0
14 14.4 -0.0286346
14 14.8 -0.213164
14 15.2 -0.272417
14 15.6 -0.317343
14 16 -0.236026
14 16.4 0.0112387
14 16.8 0.332709
14 17.2 0.535929
14 17.6 0.443892
14 18 0.0246649
14 18.4 -0.55894
14 18.8 -1.02673
14 19.2 -0.140642
14 19.6 0
14 20 0
14 20.4 0
14 20.8 0
14 21.2 0
14 21.6 0
14 22 0
14 22.4 0.00161751
14 22.8 0.0127276
14 23.2 0.0535381
14 23.6 0.114683
14 24 0.175062
14 24.4 0.216478
14 24.8 0.228609
14 25.2 0.214212
14 25.6 0.189581
14 26 0.177624
14 26.4 0.0243847
14 26.8 0

14.4 0 0
14.4 0.4 -0.00879192
14.4 0.8 -0.0640559
14.4 1.2 -0.0304931
14.4 1.6 0.00737569
14.4 2 0.0241821
14.4 2.4 0.0109491
14.4 2.8 -0.0160548
14.4 3.2 -0.0138133
14.4 3.6 0
14.4 4 0
14.4 4.4 0
14.4 4.8 0
14.4 5.2 0
14.4 5.6 0
14.4 6 0
14.4 6.4 -0.027368
14.4 6.8 0.0246197
14.4 7.2 0.0781626
14.4 7.6 0.133253
14.4 8 0.17322
14.4 8.4 0.203263
14.4 8.8 0.229944
14.4 9.2 0.246098
14.4 9.6 0.232426
14.4 10 0.174617
14.4 10.4 0.0825456
14.4 10.8 -0.0023327
14.4 11.2 -0.0330693
14.4 11.6 0
14.4 12 0
14.4 12.4 0
14.4 12.8 0
14.4 13.2 0
14.4 13.6 0
14.4 14 0
14.4 14.4 -0.126509
14.4 14.8 -0.482694
14.4 15.2 -0.429065
14.4 15.6 -0.316781
14.4 16 -0.0884523
14.4 16.4 0.240646
14.4 16.8 0.55181
14.4 17.2 0.670533
14.4 17.6 0.474141
14.4 18 -0.00997216
14.4 18.4 -0.590757
14.4 18.8 -1.01228
14.4 19.2 -0.1899
14.4 19.6 0
14.4 20 0
14.4 20.4 0
14.4 20.8 0
14.4 21.2 0
14.4 21.6 0
14.4 22 0
14.4 22.4 -0.0205847
14.4 22.8 -0.00535575
14.4 23.2 0.0295041
14.4 23.6 0.0688773
14.4 24 0.0974813
14.4 24.4 0.109168
14.4 24.8 0.105149
14.4 25.2 0.0917349
14.4 25.6 0.0776457
14.4 26 0.0713621
14.4 26.4 0.00978418
14.4 26.8 0

14.8 0 0
14.8 0.4 0.000568365
14.8 0.8 0.00345841
14.8 1.2 0.0347097
14.8 1.6 0.0703744
14.8 2 0.0782634
14.8 2.4 0.0448433
14.8 2.8 -0.0166022
14.8 3.2 -0.0828372
14.8 3.6 -0.0115303
14.8 4 0
14.8 4.4 0
14.8 4.8 0
14.8 5.2 0
14.8 5.6 0
14.8 6 -0.031002
14.8 6.4 -0.227645
14.8 6.8 -0.076267
14.8 7.2 0.0241381
14.8 7.6 0.0800451
14.8 8 0.0971455
14.8 8.4 0.0976236
14.8 8.8 0.104436
14.8 9.2 0.121271
14.8 9.6 0.128508
14.8 10 0.0992619
14.8 10.4 0.02204
14.8 10.8 -0.0917941
14.8 11.2 -0.236859
14.8 11.6 -0.0321512
14.8 12 0
14.8 12.4 0
14.8 12.8 0
14.8 13.2 0
14.8 13.6 0
14.8 14 -0.0609279
14.8 14.4 -0.449961
14.8 14.8 -0.405321
14.8 15.2 -0.332405
14.8 15.6 -0.195695
14.8 16 0.0320293
14.8 16.4 0.318259
14.8 16.8 0.557928
14.8 17.2 0.621006
14.8 17.6 0.437257
14.8 18 0.0612314
14.8 18.4 -0.334319
14.8 18.8 -0.538688
14.8 19.2 -0.38988
14.8 19.6 -0.0517602
14.8 20 0
14.8 20.4 0
14.8 20.8 0
14.8 21.2 0
14.8 21.6 0
14.8 22 -0.0197071
14.8 22.4 -0.143031
14.8 22.8 -0.0701154
14.8 23.2 -0.0327
14.8 23.6 -0.0229331
14.8 24 -0.0366513
14.8 24.4 -0.0621457
14.8 24.8 -0.0848062
14.8 25.2 -0.0959972
14.8 25.6 -0.0977105
14.8 26 -0.0995355
14.8 26.4 -0.0137009
14.8 26.8 0

15.2 0 0
15.2 0.4 0.00474573
15.2 0.8 0.0337982
15.2 1.2 0.068382
15.2 1.6 0.10988
15.2 2 0.121011
15.2 2.4 0.0854197
15.2 2.8 0.0191406
15.2 3.2 -0.0392151
15.2 3.6 -0.00548044
15.2 4 0
15.2 4.4 0
15.2 4.8 0
15.2 5.2 0
15.2 5.6 0
15.2 6 -0.0184586
15.2 6.4 -0.135707
15.2 6.8 -0.0573473
15.2 7.2 0.000668722
15.2 7.6 0.00662899
15.2 8 -0.0323995
15.2 8.4 -0.0800822
15.2 8.8 -0.0974108
15.2 9.2 -0.0711075
15.2 9.6 -0.0230153
15.2 10 0.00616214
15.2 10.4 -0.0134506
15.2 10.8 -0.0797292
15.2 11.2 -0.157448
15.2 11.6 -0.021121
15.2 12 0
15.2 12.4 0
15.2 12.8 0
15.2 13.2 0
15.2 13.6 0
15.2 14 -0.0041983
15.2 14.4 -0.0322479
15.2 14.8 -0.043551
15.2 15.2 -0.0515967
15.2 15.6 -0.0252656
15.2 16 0.0601208
15.2 16.4 0.190271
15.2 16.8 0.305642
15.2 17.2 0.335131
15.2 17.6 0.249532
15.2 18 0.0941497
15.2 18.4 -0.0302223
15.2 18.8 -0.0346595
15.2 19.2 0.0732744
15.2 19.6 0.0108944
15.2 20 0
15.2 20.4 0
15.2 20.8 0
15.2 21.2 0
15.2 21.6 0
15.2 22 -0.0132344
15.2 22.4 -0.0965154
15.2 22.8 -0.0621344
15.2 23.2 -0.0488078
15.2 23.6 -0.0719145
15.2 24 -0.124858
15.2 24.4 -0.183899
15.2 24.8 -0.223145
15.2 25.2 -0.231646
15.2 25.6 -0.220688
15.2 26 -0.215839
15.2 26.4 -0.0296897
15.2 26.8 0

15.6 0 0
15.6 0.4 -0.000837813
15.6 0.8 -0.00620585
15.6 1.2 0.0384569
15.6 1.6 0.0932155
15.6 2 0.118299
15.6 2.4 0.0953969
15.6 2.8 0.0401535
15.6 3.2 -0.00765977
15.6 3.6 -0.00105716
15.6 4 0
15.6 4.4 0
15.6 4.8 0
15.6 5.2 0
15.6 5.6 0
15.6 6 0.00096676
15.6 6.4 0.00655055
15.6 6.8 0.0277505
15.6 7.2 0.0216902
15.6 7.6 -0.0401134
15.6 8 -0.143322
15.6 8.4 -0.239391
15.6 8.8 -0.277324
15.6 9.2 -0.237661
15.6 9.6 -0.145438
15.6 10 -0.053275
15.6 10.4 -0.00643131
15.6 10.8 -0.0137226
15.6 11.2 -0.0428621
15.6 11.6 -0.00535555
15.6 12 0
15.6 12.4 0
15.6 12.8 0
15.6 13.2 0
15.6 13.6 0
15.6 14 0.0597274
15.6 14.4 0.438662
15.6 14.8 0.35223
15.6 15.2 0.226914
15.6 15.6 0.0887055
15.6 16 -0.0257755
15.6 16.4 -0.0946133
15.6 16.8 -0.119742
15.6 17.2 -0.113394
15.6 17.6 -0.0767773
15.6 18 0.00696163
15.6 18.4 0.154131
15.6 18.8 0.348555
15.6 19.2 0.523404
15.6 19.6 0.0715046
15.6 20 0
15.6 20.4 0
15.6 20.8 0
15.6 21.2 0
15.6 21.6 0
15.6 22 -0.0028015
15.6 22.4 -0.0212651
15.6 22.8 -0.000372885
15.6 23.2 0.00329657
15.6 23.6 -0.0337271
15.6 24 -0.105958
15.6 24.4 -0.183173
15.6 24.8 -0.231129
15.6 25.2 -0.235392
15.6 25.6 -0.211684
15.6 26 -0.195255
15.6 26.4 -0.0268717
15.6 26.8 0

16 0 0
16 0.4 -0.0123474
16 0.8 -0.089032
16 1.2 -0.0348305
16 1.6 0.0302676
16 2 0.0676623
16 2.4 0.058831
16 2.8 0.0167106
16 3.2 -0.0240753
16 3.6 -0.0214727
16 4 0
16 4.4 0
16 4.8 0
16 5.2 0
16 5.6 0
16 6 0.0355841
16 6.4 0.123936
16 6.8 0.113781
16 7.2 0.0662341
16 7.6 -0.0392505
16 8 -0.180885
16 8.4 -0.303352
16 8.8 -0.350671
16 9.2 -0.301617
16 9.6 -0.183629
16 10 -0.0557755
16 10.4 0.0280397
16 10.8 0.0510394
16 11.2 0.0406067
16 11.6 0.00555858
16 12 0
16 12.4 0
16 12.8 0
16 13.2 0
16 13.6 0
16 14 0.100074
16 14.4 0.611285
16 14.8 0.512805
16 15.2 0.332215
16 15.6 0.0893927
16 16 -0.166691
16 16.4 -0.382648
16 16.8 -0.513371
16 17.2 -0.525989
16 17.6 -0.404176
16 18 -0.159252
16 18.4 0.157246
16 18.8 0.456178
16 19.2 0.646371
16 19.6 0.110837
16 20 0
16 20.4 0
16 20.8 0
16 21.2 0
16 21.6 0
16 22 0.00366488
16 22.4 0.0371109
16 22.8 0.0685958
16 23.2 0.0885983
16 23.6 0.0654755
16 24 0.000354251
16 24.4 -0.0752501
16 24.8 -0.12198
16 25.2 -0.120675
16 25.6 -0.0859185
16 26 -0.0552065
16 26.4 -0.00763135
16 26.8 0

16.4 0 0
16.4 0.4 -0.0199438
16.4 0.8 -0.143777
16.4 1.2 -0.0910148
16.4 1.6 -0.0307428
16.4 2 0.00398714
16.4 2.4 -0.0021637
16.4 2.8 -0.0386508
16.4 3.2 -0.0829893
16.4 3.6 -0.134131
16.4 4 -0.0236348
16.4 4.4 0
16.4 4.8 0
16.4 5.2 0
16.4 5.6 0.0093767
16.4 6 0.138118
16.4 6.4 0.144943
16.4 6.8 0.145185
16.4 7.2 0.102318
16.4 7.6 0.00200658
16.4 8 -0.131962
16.4 8.4 -0.246312
16.4 8.8 -0.288683
16.4 9.2 -0.240153
16.4 9.6 -0.127846
16.4 10 -0.0086727
16.4 10.4 0.0651927
16.4 10.8 0.0756723
16.4 11.2 0.0426322
16.4 11.6 -0.00185899
16.4 12 -0.00695799
16.4 12.4 0
16.4 12.8 0
16.4 13.2 0
16.4 13.6 -0.0628583
16.4 14 0.126565
16.4 14.4 0.328251
16.4 14.8 0.348283
16.4 15.2 0.230153
16.4 15.6 0.0143907
16.4 16 -0.246298
16.4 16.4 -0.490164
16.4 16.8 -0.652989
16.4 17.2 -0.679288
16.4 17.6 -0.542289
16.4 18 -0.266759
16.4 18.4 0.0612668
16.4 18.8 0.314764
16.4 19.2 0.374635
16.4 19.6 0.174983
16.4 20 -0.0559399
16.4 20.4 0
16.4 20.8 0
16.4 21.2 0
16.4 21.6 0.00389839
16.4 22 -0.0150817
16.4 22.4 0.0332333
16.4 22.8 0.0967632
16.4 23.2 0.147867
16.4 23.6 0.155078
16.4 24 0.114058
16.4 24.4 0.0532186
16.4 24.8 0.0135202
16.4 25.2 0.0187554
16.4 25.6 0.0590745
16.4 26 0.1001
16.4 26.4 0.0137203
16.4 26.8 0

16.8 0 0
16.8 0.4 -0.0155906
16.8 0.8 -0.112448
16.8 1.2 -0.0769952
16.8 1.6 -0.0407476
16.8 2 -0.0276713
16.8 2.4 -0.0455053
16.8 2.8 -0.0793735
16.8 3.2 -0.102633
16.8 3.6 -0.0948524
16.8 4 -0.0385227
16.8 4.4 0.0173298
16.8 4.8 0.0235455
16.8 5.2 -0.000713847
16.8 5.6 -0.0662244
16.8 6 0.0172989
16.8 6.4 0.0727975
16.8 6.8 0.111621
16.8 7.2 0.111303
16.8 7.6 0.0597105
16.8 8 -0.025301
16.8 8.4 -0.101769
16.8 8.8 -0.128449
16.8 9.2 -0.0913351
16.8 9.6 -0.0133709
16.8 10 0.0599444
16.8 10.4 0.0898696
16.8 10.8 0.0684822
16.8 11.2 0.0201862
16.8 11.6 -0.0210615
16.8 12 -0.0410864
16.8 12.4 0.0158144
16.8 12.8 0.0129171
16.8 13.2 -0.10201
16.8 13.6 -0.589876
16.8 14 -0.276851
16.8 14.4 -0.068041
16.8 14.8 0.0327585
16.8 15.2 0.0357875
16.8 15.6 -0.0412827
16.8 16 -0.173021
16.8 16.4 -0.322821
16.8 16.8 -0.440564
16.8 17.2 -0.471804
16.8 17.6 -0.383058
16.8 18 -0.191887
16.8 18.4 0.0221571
16.8 18.8 0.143996
16.8 19.2 0.0805469
16.8 19.6 -0.185141
16.8 20 -0.581721
16.8 20.4 -0.11062
16.8 20.8 0.00153008
16.8 21.2 0.0240484
16.8 21.6 0.0397007
16.8 22 0.00171688
16.8 22.4 0.0189222
16.8 22.8 0.0783743
16.8 23.2 0.143464
16.8 23.6 0.173949
16.8 24 0.155576
16.8 24.4 0.109672
16.8 24.8 0.0754355
16.8 25.2 0.0795475
16.8 25.6 0.117171
16.8 26 0.158591
16.8 26.4 0.0217829
16.8 26.8 0

17.2 0 0
17.2 0.4 -0.000247226
17.2 0.8 -0.0019041
17.2 1.2 0.00667541
17.2 1.6 0.00896163
17.2 2 -0.00993443
17.2 2.4 -0.0496971
17.2 2.8 -0.0900453
17.2 3.2 -0.100732
17.2 3.6 -0.0590034
17.2 4 0.0384127
17.2 4.4 0.167285
17.2 4.8 0.172714
17.2 5.2 0.0626671
17.2 5.6 -0.0606832
17.2 6 -0.0712101
17.2 6.4 -0.023571
17.2 6.8 0.0441456
17.2 7.2 0.094799
17.2 7.6 0.10742
17.2 8 0.0871489
17.2 8.4 0.05922
17.2 8.8 0.0501928
17.2 9.2 0.0687396
17.2 9.6 0.099223
17.2 10 0.113201
17.2 10.4 0.09161
17.2 10.8 0.0420592
17.2 11.2 -0.0022301
17.2 11.6 -0.00302054
17.2 12 0.0571968
17.2 12.4 0.168123
17.2 12.8 0.0953238
17.2 13.2 -0.16526
17.2 13.6 -0.451218
17.2 14 -0.452968
17.2 14.4 -0.355486
17.2 14.8 -0.232743
17.2 15.2 -0.114363
17.2 15.6 -0.0185847
17.2 16 0.03681
17.2 16.4 0.0427151
17.2 16.8 0.0128985
17.2 17.2 -0.0151838
17.2 17.6 -0.00340018
17.2 18 0.0530018
17.2 18.4 0.108411
17.2 18.8 0.0895444
17.2 19.2 -0.0483849
17.2 19.6 -0.265282
17.2 20 -0.412805
17.2 20.4 -0.232026
17.2 20.8 0.0115036
17.2 21.2 0.13678
17.2 21.6 0.0841784
17.2 22 0.0103094
17.2 22.4 -0.0150198
17.2 22.8 0.0183254
17.2 23.2 0.0758205
17.2 23.6 0.11107
17.2 24 0.101139
17.2 24.4 0.0604735
17.2 24.8 0.0253639
17.2 25.2 0.0232626
17.2 25.6 0.0519191
17.2 26 0.0842106
17.2 26.4 0.0115896
17.2 26.8 0

17.6 0 0
17.6 0.4 0.0155829
17.6 0.8 0.112151
17.6 1.2 0.0997979
17.6 1.6 0.0774335
17.6 2 0.0349507
17.6 2.4 -0.0236429
17.6 2.8 -0.0762485
17.6 3.2 -0.0919931
17.6 3.6 -0.0487619
17.6 4 0.0494547
17.6 4.4 0.154778
17.6 4.8 0.150316
17.6 5.2 0.0295659
17.6 5.6 -0.115747
17.6 6 -0.15781
17.6 6.4 -0.111641
17.6 6.8 -0.0227541
17.6 7.2 0.0656692
17.6 7.6 0.12719
17.6 8 0.156762
17.6 8.4 0.165101
17.6 8.8 0.166117
17.6 9.2 0.164876
17.6 9.6 0.154028
17.6 10 0.121592
17.6 10.4 0.0653734
17.6 10.8 0.003522
17.6 11.2 -0.0284887
17.6 11.6 0.00308966
17.6 12 0.10121
17.6 12.4 0.204658
17.6 12.8 0.143567
17.6 13.2 -0.0949496
17.6 13.6 -0.360615
17.6 14 -0.467648
17.6 14.4 -0.44572
17.6 14.8 -0.333877
17.6 15.2 -0.156902
17.6 15.6 0.0544603
17.6 16 0.25247
17.6 16.4 0.387082
17.6 16.8 0.434261
17.6 17.2 0.41073
17.6 17.6 0.358006
17.6 18 0.30555
17.6 18.4 0.2447
17.6 18.8 0.140168
17.6 19.2 -0.0239879
17.6 19.6 -0.199326
17.6 20 -0.272383
17.6 20.4 -0.138849
17.6 20.8 0.065133
17.6 21.2 0.161851
17.6 21.6 0.0958578
17.6 22 -0.0080783
17.6 22.4 -0.0642583
17.6 22.8 -0.0547489
17.6 23.2 -0.0129057
17.6 23.6 0.0126971
17.6 24 -0.00395804
17.6 24.4 -0.0506415
17.6 24.8 -0.0919387
17.6 25.2 -0.100746
17.6 25.6 -0.0801458
17.6 26 -0.0587682
17.6 26.4 -0.0080486
17.6 26.8 0

18 0 0
18 0.4 0.0190044
18 0.8 0.136726
18 1.2 0.124726
18 1.6 0.105093
18 2 0.0656781
18 2.4 0.00709581
18 2.8 -0.0525018
18 3.2 -0.0847768
18 3.6 -0.065467
18 4 0.0148277
18 4.4 0.141557
18 4.8 0.135486
18 5.2 -0.00700641
18 5.6 -0.203853
18 6 -0.229365
18 6.4 -0.16103
18 6.8 -0.0574789
18 7.2 0.0422633
18 7.6 0.116868
18 8 0.160493
18 8.4 0.17749
18 8.8 0.175237
18 9.2 0.158145
18 9.6 0.125905
18 10 0.0772473
18 10.4 0.0172995
18 10.8 -0.0366914
18 11.2 -0.0570455
18 11.6 -0.0168461
18 12 0.0928616
18 12.4 0.240632
18 12.8 0.201416
18 13.2 -0.0215576
18 13.6 -0.259954
18 14 -0.337635
18 14.4 -0.330542
18 14.8 -0.257009
18 15.2 -0.111417
18 15.6 0.0952449
18 16 0.315748
18 16.4 0.483653
18 16.8 0.553035
18 17.2 0.527062
18 17.6 0.449681
18 18 0.366797
18 18.4 0.290404
18 18.8 0.198439
18 19.2 0.0715719
18 19.6 -0.0666211
18 20 -0.145068
18 20.4 -0.0556765
18 20.8 0.119684
18 21.2 0.18437
18 21.6 0.0615462
18 22 -0.056386
18 22.4 -0.109101
18 22.8 -0.0985958
18 23.2 -0.0633478
18 23.6 -0.0505158
18 24 -0.0821197
18 24.4 -0.141276
18 24.8 -0.189315
18 25.2 -0.199131
18 25.6 -0.177514
18 26 -0.158784
18 26.4 -0.0218179
18 26.8 0

18.4 0 0
18.4 0.4 0.00449471
18.4 0.8 0.0319772
18.4 1.2 0.0459596
18.4 1.6 0.0608791
18.4 2 0.0564151
18.4 2.4 0.0236602
18.4 2.8 -0.0282209
18.4 3.2 -0.0777667
18.4 3.6 -0.103669
18.4 4 -0.0810014
18.4 4.4 0.00789091
18.4 4.8 0.0185641
18.4 5.2 -0.049249
18.4 5.6 -0.359927
18.4 6 -0.26852
18.4 6.4 -0.148074
18.4 6.8 -0.0401707
18.4 7.2 0.0404146
18.4 7.6 0.0891634
18.4 8 0.108846
18.4 8.4 0.105986
18.4 8.8 0.0879604
18.4 9.2 0.0611864
18.4 9.6 0.0300612
18.4 10 -0.00311105
18.4 10.4 -0.036246
18.4 10.8 -0.0643517
18.4 11.2 -0.0777412
18.4 11.6 -0.0631594
18.4 12 -0.000348496
18.4 12.4 0.0325162
18.4 12.8 0.0275447
18.4 13.2 -0.0342548
18.4 13.6 -0.236047
18.4 14 -0.11836
18.4 14.4 -0.0691337
18.4 14.8 -0.0605714
18.4 15.2 -0.033951
18.4 15.6 0.045439
18.4 16 0.159827
18.4 16.4 0.253761
18.4 16.8 0.280604
18.4 17.2 0.241234
18.4 17.6 0.181879
18.4 18 0.153108
18.4 18.4 0.166183
18.4 18.8 0.185307
18.4 19.2 0.16224
18.4 19.6 0.0766874
18.4 20 -0.0834908
18.4 20.4 -0.0193705
18.4 20.8 0.0161065
18.4 21.2 0.0184213
18.4 21.6 -0.0470864
18.4 22 -0.129185
18.4 22.4 -0.125896
18.4 22.8 -0.0826414
18.4 23.2 -0.0387947
18.4 23.6 -0.0346353
18.4 24 -0.0824207
18.4 24.4 -0.155057
18.4 24.8 -0.20668
18.4 25.2 -0.209036
18.4 25.6 -0.174155
18.4 26 -0.144903
18.4 26.4 -0.0199716
18.4 26.8 0

18.8 0 0
18.8 0.4 -0.0211898
18.8 0.8 -0.153373
18.8 1.2 -0.0989384
18.8 1.6 -0.0319394
18.8 2 0.0166835
18.8 2.4 0.0269084
18.8 2.8 -0.0011387
18.8 3.2 -0.0536127
18.8 3.6 -0.12899
18.8 4 -0.0290057
18.8 4.4 0
18.8 4.8 0
18.8 5.2 0
18.8 5.6 -0.0771646
18.8 6 -0.213935
18.8 6.4 -0.0560337
18.8 6.8 0.0278169
18.8 7.2 0.0635624
18.8 7.6 0.0625697
18.8 8 0.0370937
18.8 8.4 -0.000796253
18.8 8.8 -0.0403119
18.8 9.2 -0.0718194
18.8 9.6 -0.0882555
18.8 10 -0.0882896
18.8 10.4 -0.0780757
18.8 10.8 -0.0688366
18.8 11.2 -0.0721388
18.8 11.6 -0.0996459
18.8 12 -0.013046
18.8 12.4 0
18.8 12.8 0
18.8 13.2 0
18.8 13.6 -0.00808066
18.8 14 0.179627
18.8 14.4 0.257798
18.8 14.8 0.171593
18.8 15.2 0.0335476
18.8 15.6 -0.074611
18.8 16 -0.131974
18.8 16.4 -0.169481
18.8 16.8 -0.221646
18.8 17.2 -0.281705
18.8 17.6 -0.300595
18.8 18 -0.230598
18.8 18.4 -0.074837
18.8 18.8 0.103076
18.8 19.2 0.222818
18.8 19.6 0.260148
18.8 20 0.0233016
18.8 20.4 0
18.8 20.8 0
18.8 21.2 0
18.8 21.6 -0.0334475
18.8 22 -0.199393
18.8 22.4 -0.0914944
18.8 22.8 -0.00836389
18.8 23.2 0.0471043
18.8 23.6 0.0449189
18.8 24 -0.0177006
18.8 24.4 -0.102569
18.8 24.8 -0.155088
18.8 25.2 -0.144838
18.8 25.6 -0.0892066
18.8 26 -0.0405219
18.8 26.4 -0.00570516
18.8 26.8 0

19.2 0 0
19.2 0.4 -0.0430125
19.2 0.8 -0.310866
19.2 1.2 -0.222406
19.2 1.6 -0.111969
19.2 2 -0.0191759
19.2 2.4 0.0284849
19.2 2.8 0.0293949
19.2 3.2 0.00854368
19.2 3.6 -0.016369
19.2 4 0
19.2 4.4 0
19.2 4.8 0
19.2 5.2 0
19.2 5.6 0
19.2 6 -0.0152519
19.2 6.4 0.0973189
19.2 6.8 0.109135
19.2 7.2 0.0950297
19.2 7.6 0.049981
19.2 8 -0.0138326
19.2 8.4 -0.0812788
19.2 8.8 -0.138536
19.2 9.2 -0.173219
19.2 9.6 -0.17658
19.2 10 -0.148743
19.2 10.4 -0.102135
19.2 10.8 -0.0577464
19.2 11.2 -0.0342823
19.2 11.6 -0.0174471
19.2 12 0
19.2 12.4 0
19.2 12.8 0
19.2 13.2 0
19.2 13.6 0
19.2 14 0.0976141
19.2 14.4 0.550607
19.2 14.8 0.35172
19.2 15.2 0.0757124
19.2 15.6 -0.181875
19.2 16 -0.376386
19.2 16.4 -0.521059
19.2 16.8 -0.639856
19.2 17.2 -0.719075
19.2 17.6 -0.705438
19.2 18 -0.553859
19.2 18.4 -0.282466
19.2 18.8 0.0157134
19.2 19.2 0.218567
19.2 19.6 0.0644437
19.2 20 0
19.2 20.4 0
19.2 20.8 0
19.2 21.2 0
19.2 21.6 0
19.2 22 -0.0241311
19.2 22.4 0.0203291
19.2 22.8 0.081967
19.2 23.2 0.133481
19.2 23.6 0.123635
19.2 24 0.0481114
19.2 24.4 -0.0480003
19.2 24.8 -0.102358
19.2 25.2 -0.0817623
19.2 25.6 -0.00784051
19.2 26 0.0585581
19.2 26.4 0.00784768
19.2 26.8 0

19.6 0 0
19.6 0.4 0
19.6 0.8 -0.0430125
19.6 1.2 -0.0307905
19.6 1.6 -0.0155283
19.6 2 -0.00269059
19.6 2.4 0.00392477
19.6 2.8 0.0040832
19.6 3.2 0.00122274
19.6 3.6 0
19.6 4 0
19.6 4.4 0
19.6 4.8 0
19.6 5.2 0
19.6 5.6 0
19.6 6 0
19.6 6.4 0.0134725
19.6 6.8 0.015024
19.6 7.2 0.0130164
19.6 7.6 0.00680293
19.6 8 -0.00195465
19.6 8.4 -0.0112274
19.6 8.8 -0.0191562
19.6 9.2 -0.0240282
19.6 9.6 -0.0245795
19.6 10 -0.0207601
19.6 10.4 -0.0142567
19.6 10.8 -0.0080006
19.6 11.2 -0.00465171
19.6 11.6 0
19.6 12 0
19.6 12.4 0
19.6 12.8 0
19.6 13.2 0
19.6 13.6 0
19.6 14 0
19.6 14.4 0.0755961
19.6 14.8 0.0483585
19.6 15.2 0.0105415
19.6 15.6 -0.0248177
19.6 16 -0.0516482
19.6 16.4 -0.0717576
19.6 16.8 -0.0883382
19.6 17.2 -0.0993813
19.6 17.6 -0.0974902
19.6 18 -0.0764973
19.6 18.4 -0.0389964
19.6 18.8 0.00212259
19.6 19.2 0.0300459
19.6 19.6 0
19.6 20 0
19.6 20.4 0
19.6 20.8 0
19.6 21.2 0
19.6 21.6 0
19.6 22 0
19.6 22.4 0.00282977
19.6 22.8 0.0112919
19.6 23.2 0.0183613
19.6 23.6 0.0170021
19.6 24 0.00661815
19.6 24.4 -0.00660384
19.6 24.8 -0.0141064
19.6 25.2 -0.0113278
19.6 25.6 -0.00122856
19.6 26 0.00784768
19.6 26.4 0
19.6 26.8 0

20 0 0
20 0.4 0
20 0.8 0
20 1.2 0
20 1.6 0
20 2 0
20 2.4 0
20 2.8 0
20 3.2 0
20 3.6 0
20 4 0
20 4.4 0
20 4.8 0
20 5.2 0
20 5.6 0
20 6 0
20 6.4 0
20 6.8 0
20 7.2 0
20 7.6 0
20 8 0
20 8.4 0
20 8.8 0
20 9.2 0
20 9.6 0
20 10 0
20 10.4 0
20 10.8 0
20 11.2 0
20 11.6 0
20 12 0
20 12.4 0
20 12.8 0
20 13.2 0
20 13.6 0
20 14 0
20 14.4 0
20 14.8 0
20 15.2 0
20 15.6 0
20 16 0
20 16.4 0
20 16.8 0
20 17.2 0
20 17.6 0
20 18 0
20 18.4 0
20 18.8 0
20 19.2 0
20 19.6 0
20 20 0
20 20.4 0
20 20.8 0
20 21.2 0
20 21.6 0
20 22 0
20 22.4 0
20 22.8 0
20 23.2 0
20 23.6 0
20 24 0
20 24.4 0
20 24.8 0
20 25.2 0
20 25.6 0
20 26 0
20 26.4 0
20 26.8 0

