11313, 1
6789, 1
6841, 3
6942, 4
6997, 5
7628, 6
7823, 7
8030, 8
8825, 9
8950, 10
9277, 11
9292, 12
9542, 13
9571, 14
10024, 15
10874, 16
10900, 17
11064, 18
11235, 19
11418, 20
11758, 21
11969, 22
12075, 23
12139, 24
12161, 25
12235, 26
12744, 27
12787, 28
13143, 29
13204, 30
13275, 31
6688, 1
6695, 2
6709, 3
6733, 4
6742, 5
6757, 6
6771, 7
6800, 8
6804, 9
6822, 10
7004, 11
7012, 12
7041, 13
7071, 14
7100, 15
7109, 16
7131, 17
7159, 18
7332, 19
7366, 20
7510, 21
7620, 22
7667, 23
7746, 24
7762, 25
7771, 26
7982, 27
7991, 28
8013, 29
8056, 30
8099, 31
8111, 32
8206, 33
8208, 34
8216, 35
8235, 36
8239, 37
8270, 38
8329, 39
8469, 40
8479, 41
8501, 42
8513, 43
8699, 44
8713, 45
8714, 46
8771, 47
8788, 48
8789, 49
8808, 50
8926, 51
8964, 52
8966, 53
9172, 54
9177, 55
9179, 56
9198, 57
9226, 58
9285, 59
9345, 60
9354, 61
9375, 62
9404, 63
9539, 64
9540, 65
9546, 66
9555, 67
9590, 68
9686, 69
9778, 70
9809, 71
9875, 72
9887, 73
9923, 74
10026, 75
10030, 76
10094, 77
10194, 78
10204, 79
10218, 80
10241, 81
10318, 82
10373, 83
10400, 84
10416, 85
10557, 86
10558, 87
10587, 88
10594, 89
10634, 90
10709, 91
10718, 92
10723, 93
10798, 94
10848, 95
10942, 96
10960, 97
10975, 98
10978, 99
11002, 100
11012, 101
11083, 102
11087, 103
11125, 104
11188, 105
11254, 106
11327, 107
11365, 108
11376, 109
11404, 110
11406, 111
11409, 112
11479, 113
11487, 114
11568, 115
11603, 116
11661, 117
11741, 118
11759, 119
11921, 120
11923, 121
12023, 122
12040, 123
12108, 124
12183, 125
12191, 126
12214, 127
12277, 128
12391, 129
12393, 130
12421, 131
12476, 132
12494, 133
12527, 134
12549, 135
12632, 136
12639, 137
12643, 138
12698, 139
12720, 140
12744, 141
12807, 142
12946, 143
12984, 144
13019, 145
13035, 146
13115, 147
13128, 148
13139, 149
13159, 150
13188, 151
13217, 152
13231, 153
13326, 154
13342, 155
13344, 156
13373, 157
13474, 158
13488, 159
13516, 160
13582, 161
13584, 162
13611, 163
13675, 164
13688, 165
13720, 166
13760, 167
13786, 168
13943, 169
13962, 170
13972, 171
13992, 172
14063, 173
14117, 174
14141, 175
14143, 176
14253, 177
14284, 178
14319, 179
14338, 180
14411, 181
14423, 182
14544, 183
14570, 184
14578, 185
14588, 186
14593, 187
14655, 188
14671, 189
14686, 190
14699, 191
14908, 192
14929, 193
14939, 194
14992, 195
15009, 196
15013, 197
15087, 198
15118, 199
15135, 200
15164, 201
15174, 202
15222, 203
15236, 204
15320, 205
15357, 206
15419, 207
15425, 208
15437, 209
15521, 210
15584, 211
15633, 212
15655, 213
15688, 214
15707, 215
15837, 216
15859, 217
15969, 218
16020, 219
16034, 220
16038, 221
16050, 222
16071, 223
16152, 224
16181, 225
16214, 227
16282, 228
16324, 229
16336, 230
16396, 231
16486, 232
16511, 233
16583, 234
16594, 235
16632, 236
16638, 237
16645, 238
16681, 239
16743, 240
16772, 241
16824, 242
16829, 243
16842, 244
16855, 245
16912, 246
16917, 247
17036, 248
17045, 249
17136, 250
17186, 251
17298, 253
17331, 254
17386, 255
17413, 257
17443, 258
17483, 259
17621, 260
17622, 261
17630, 262
17765, 263
17766, 264
17846, 265
17888, 266
17892, 267
17913, 268
17952, 269
18057, 270
18073, 272
18083, 273
18111, 274
18124, 275
18131, 276
18175, 277
18344, 278
18389, 279
18410, 280
18448, 281
18457, 282
18492, 283
18571, 284
18652, 285
18678, 286
18714, 287
18721, 288
18728, 289
18825, 290
18895, 291
18926, 292
18948, 293
18958, 294
19037, 295
19072, 296
19101, 297
19150, 298
19259, 299
19378, 300
19422, 301
19477, 302
19534, 303
19543, 304
19570, 305
19585, 306
19595, 307
19636, 308
19677, 309
19685, 310
19701, 311
19760, 312
19791, 313
19807, 314
19911, 315
20067, 316
20069, 317
20097, 318
20106, 319
20209, 320
20215, 321
20240, 322
20288, 323
20312, 324
20349, 325
20430, 326
20440, 327
20608, 328
20650, 329
20661, 330
20676, 331
20731, 332
20754, 333
20762, 334
20763, 335
20846, 336
20864, 337
20937, 338
20958, 339
20973, 340
20988, 341
20989, 342
21078, 343
21162, 344
21218, 345
21254, 346
21270, 347
21369, 348
21387, 349
21483, 350
21495, 351
21506, 352
21526, 353
21600, 354
21655, 355
21721, 356
21742, 357
21753, 358
21771, 359
21794, 360
21868, 361
21947, 362
21990, 363
22175, 364
22221, 365
22223, 366
22236, 367
22278, 368
22299, 369
22301, 370
22339, 371
22380, 372
22384, 373
22388, 374
22435, 375
22448, 376
22483, 377
22580, 378
22641, 379
22673, 380
22705, 381
22749, 382
22815, 383
22899, 384
22923, 385
22947, 386
22971, 387
23055, 388
23075, 389
23093, 390
23227, 391
23264, 392
23291, 393
23293, 394
23393, 395
23460, 396
23647, 397
23752, 398
23777, 399
24082, 400
6680, 1
6749, 2
6759, 3
6772, 4
6780, 5
6785, 6
6808, 7
6809, 8
6813, 9
6854, 10
6891, 11
6918, 12
7038, 13
7268, 14
7301, 15
7320, 16
7345, 17
7356, 18
7418, 19
7499, 20
7570, 21
7573, 22
7575, 23
7643, 24
7693, 25
7694, 26
7864, 27
7879, 28
7907, 29
7915, 30
7920, 31
8000, 32
8017, 33
8096, 34
8099, 35
8300, 36
8394, 37
8418, 38
8429, 39
8489, 40
8529, 41
8546, 42
8603, 43
8631, 44
8641, 45
8661, 46
8798, 47
8818, 48
8906, 49
8935, 50
8941, 51
8969, 52
9012, 53
9052, 54
9070, 55
9161, 56
9198, 57
9260, 58
9393, 59
9427, 60
9468, 61
9535, 62
9561, 63
9666, 64
9694, 65
9718, 66
9730, 67
9788, 68
9848, 69
9925, 70
9940, 71
9951, 72
10010, 74
10035, 75
10059, 76
10074, 77
10108, 78
10116, 79
10156, 80
10227, 81
10271, 82
10322, 83
10445, 84
10464, 86
10475, 87
10498, 88
10632, 89
10693, 90
10703, 91
10722, 92
10762, 93
10792, 94
10825, 95
10867, 96
10896, 97
10927, 98
11044, 99
11090, 100
11128, 101
11139, 102
11186, 103
11196, 104
11231, 105
11239, 106
11278, 107
11288, 108
11427, 109
11458, 110
11510, 111
11549, 112
11600, 113
11606, 114
11612, 115
11654, 116
11698, 117
11817, 118
11823, 119
11860, 120
11923, 121
11999, 122
12042, 123
12078, 124
12093, 125
12125, 126
12130, 127
12134, 128
12287, 129
12300, 130
12328, 131
12443, 132
12490, 133
12521, 134
12535, 135
12610, 136
12669, 137
12681, 138
12686, 139
12687, 140
12807, 141
12864, 142
12931, 143
12938, 144
12939, 145
13076, 146
13094, 147
13172, 148
13192, 149
13248, 150
13311, 151
13316, 152
13330, 153
13336, 154
13347, 155
13363, 156
13382, 157
13397, 158
13503, 159
13639, 160
13650, 161
13665, 162
13686, 163
13839, 164
13878, 165
13886, 166
13921, 167
13948, 168
13968, 169
14074, 170
14092, 171
14216, 172
14220, 173
14225, 174
14226, 175
14342, 176
14364, 177
14425, 178
14438, 179
14443, 180
14446, 181
14496, 182
14514, 183
14595, 184
14620, 185
14669, 186
14674, 187
14699, 188
14849, 189
14887, 190
14890, 191
14957, 192
14999, 193
15007, 194
15021, 195
15025, 196
15035, 197
15073, 198
15092, 199
15137, 200
15239, 201
15252, 202
15290, 203
15303, 204
15364, 205
15402, 206
15453, 207
15521, 208
15567, 209
15590, 210
15685, 211
15818, 212
15824, 213
15831, 214
15837, 215
15844, 216
15903, 217
15932, 218
15941, 219
15948, 220
15986, 221
16117, 222
16220, 223
16323, 224
16346, 225
16405, 226
16425, 227
16455, 228
16462, 229
16511, 230
16559, 231
16578, 232
16603, 233
16635, 234
16655, 235
16709, 236
16804, 237
16886, 238
17021, 239
17031, 240
17034, 241
17040, 242
17067, 243
17085, 244
17159, 245
17168, 246
17223, 247
17271, 248
17300, 249
17310, 250
17362, 251
17367, 252
17416, 253
17432, 254
17450, 255
17482, 256
17486, 257
17506, 258
17672, 259
17680, 260
17737, 261
17847, 262
17858, 263
17951, 264
18006, 265
18111, 266
18139, 267
18174, 268
18201, 269
18244, 270
18258, 271
18347, 272
18439, 273
18450, 274
18453, 275
18487, 276
18505, 277
18620, 278
18624, 279
18635, 280
18681, 281
18846, 282
18857, 283
18978, 284
18979, 285
19023, 286
19070, 287
19076, 288
19164, 289
19211, 290
19235, 291
19394, 292
19448, 293
19580, 294
19593, 295
19598, 296
19654, 297
19655, 298
19813, 299
19863, 300
19960, 301
20019, 302
20026, 303
20212, 304
20226, 305
20256, 306
20268, 307
20278, 308
20289, 309
20419, 310
20462, 311
20496, 312
20550, 313
20554, 314
20606, 315
20814, 316
20865, 317
20905, 319
20909, 320
20910, 321
20939, 322
21041, 323
21126, 324
21151, 325
21173, 326
21311, 327
21363, 328
21431, 329
21481, 330
21482, 331
21629, 332
21667, 333
21710, 334
21779, 335
21796, 336
21825, 337
21866, 338
21868, 339
21896, 340
21954, 341
22015, 342
22018, 343
22078, 344
22126, 345
22128, 346
22131, 347
22181, 348
22201, 349
22368, 350
22394, 351
22413, 352
22513, 353
22557, 354
22577, 355
22586, 356
22596, 357
22632, 358
22654, 359
22897, 360
22908, 361
22918, 362
22936, 363
22939, 364
22941, 365
22953, 366
22954, 367
23033, 368
23035, 369
23091, 370
23187, 371
23307, 372
23315, 373
23318, 375
23328, 376
23366, 377
23375, 378
23479, 379
23492, 380
23687, 381
23778, 382
23836, 383
23866, 384
23938, 385
24016, 386
24063, 387
24084, 388
24149, 389
24170, 390
24377, 391
24423, 392
24491, 393
24617, 394
24732, 395
24737, 396
24848, 397
25107, 398
25150, 399
25674, 400
