68.4
70.3
70.2
68.7
69.5
69.1
68.9
70.6
70.6
69.3
70.2
70.3
70.0
69.5
69.1
68.6
68.9
70.0
69.3
68.8
69.1
69.3
70.3
70.7
71.0
70.3
69.9
70.0
69.9
69.4
70.7
70.5
70.1
71.3
70.4
70.4
69.5
69.7
68.7
69.6
70.4
70.0
70.1
69.3
69.5
69.6
68.9
69.2
69.8
70.8
71.3
71.0
71.8
72.0
71.0
70.0
69.3
69.4
68.9
69.1
68.4
68.9
69.7
69.7
69.0
70.6
71.2
70.9
70.0
70.5
70.4
71.3
70.7
70.6
69.6
69.9
70.5
70.3
70.5
70.6
69.7
69.8
71.3
71.2
72.3
71.3
71.5
70.3
70.3
71.0
70.8
70.4
71.5
70.4
70.9
71.8
72.2
72.9
71.1
71.0
69.7
70.2
70.5
69.8
69.1
69.7
70.1
70.5
68.9
70.0
69.4
69.6
68.6
69.3
70.4
71.3
70.7
70.3
71.5
71.6
72.6
72.0
70.6
69.5
69.2
70.0
70.2
70.1
69.9
70.1
71.0
70.9
71.7
71.5
70.3
69.9
71.1
71.3
69.9
69.7
71.6
72.4