66.7
70.7
69.9
71.1
72.6
71.5
71.4
71.2
70.9
70.3
71.0
71.5
70.8
70.4
69.6
68.8
70.2
70.1
69.2
70.0
70.0
70.3
69.9
69.5
69.4
70.5
70.5
70.6
70.4
71.9
71.7
71.8
71.3
70.8
69.7
69.5
69.3
70.4
72.1
72.3
73.0
71.3
70.3
69.7
69.7
68.9
68.6
68.5
68.7
69.2
69.6
70.6
69.2
69.4
68.0
68.2
67.9
68.4
67.9
68.1
69.2
69.4
69.9
70.1
69.8
70.5
69.3
69.0
68.4
67.8
68.2
70.4
69.5
69.3
69.5
69.1
68.9
70.0
70.0
69.0
69.0
70.0
69.4
70.9
69.7
69.2
69.7
69.3
68.5
69.3
69.4
71.7
72.2
71.0
69.6
69.8
69.2
68.6
69.0
69.5
69.7
69.8
70.1
70.2
70.1
69.8
70.4
69.1
68.6
69.6
70.3
69.6
68.9
69.6
69.4
69.7
69.8
70.3
70.9
71.5
72.1
72.8
71.9
70.9
70.3
70.9
70.7
70.9
71.7
70.9
69.5
70.0
69.8
70.5
71.8
69.4
69.8
71.6
70.8
71.0
69.6
69.7
69.2
69.8
70.3
70.9
71.3
70.0
69.5
