0 0 0
0 0.5 0
0 1 0
0 1.5 0
0 2 0
0 2.5 0
0 3 0
0 3.5 0
0 4 0
0 4.5 0
0 5 0
0 5.5 0
0 6 0
0 6.5 0
0 7 0
0 7.5 0
0 8 0
0 8.5 0
0 9 0
0 9.5 0
0 10 0
0 10.5 0
0 11 0
0 11.5 0
0 12 0
0 12.5 0
0 13 0
0 13.5 0
0 14 0
0 14.5 0
0 15 0
0 15.5 0
0 16 0
0 16.5 0
0 17 0
0 17.5 0
0 18 0
0 18.5 0
0 19 0
0 19.5 0
0 20 0
0 20.5 0

0.5 0 0
0.5 0.5 0
0.5 1 -0.00100239
0.5 1.5 -0.000662759
0.5 2 -0.000154322
0.5 2.5 0.000246082
0.5 3 0.000728638
0.5 3.5 0.000548769
0.5 4 0.000650261
0.5 4.5 0.000389186
0.5 5 0.00123819
0.5 5.5 0.00180384
0.5 6 0.00204285
0.5 6.5 0.00145461
0.5 7 0.000656371
0.5 7.5 0.000692759
0.5 8 0.00184186
0.5 8.5 0.00293647
0.5 9 0.0028659
0.5 9.5 0.00192906
0.5 10 0.00127244
0.5 10.5 0.0020592
0.5 11 0.00251088
0.5 11.5 0.00214364
0.5 12 0.00102581
0.5 12.5 0.000991471
0.5 13 0.00186521
0.5 13.5 0.00330569
0.5 14 0.00405789
0.5 14.5 0.0032023
0.5 15 0.00178224
0.5 15.5 0.00082468
0.5 16 0.000218584
0.5 16.5 -0.000574982
0.5 17 -0.000408809
0.5 17.5 -0.000141895
0.5 18 0.00111593
0.5 18.5 0.00114091
0.5 19 -0.000290709
0.5 19.5 -0.00203339
0.5 20 0
0.5 20.5 0

1 0 0
1 0.5 -0.00100239
1 1 -0.00614089
1 1.5 -0.00421326
1 2 -0.00158841
1 2.5 0.00134997
1 3 0.00328316
1 3.5 0.00407254
1 4 0.00286014
1 4.5 0.00317614
1 5 0.00649776
1 5.5 0.012298
1 6 0.0123705
1 6.5 0.00827696
1 7 0.00379712
1 7.5 0.00492826
1 8 0.0120885
1 8.5 0.0185461
1 9 0.0174408
1 9.5 0.0118512
1 10 0.00932081
1 10.5 0.0128764
1 11 0.0158948
1 11.5 0.0130773
1 12 0.00688597
1 12.5 0.00599653
1 13 0.0124001
1 13.5 0.0212957
1 14 0.0247685
1 14.5 0.020602
1 15 0.0117946
1 15.5 0.00545416
1 16 -0.000157852
1 16.5 -0.00354942
1 17 -0.00481825
1 17.5 -0.000301263
1 18 0.00611518
1 18.5 0.00728448
1 19 -0.00191903
1 19.5 -0.0130809
1 20 -0.00203339
1 20.5 0

1.5 0 0
1.5 0.5 -0.000711831
1.5 1 -0.00446416
1.5 1.5 -0.00329993
1.5 2 -0.00225754
1.5 2.5 -0.000780674
1.5 3 0.000817375
1.5 3.5 0.00457179
1.5 4 0.00303365
1.5 4.5 0.00547956
1.5 5 0.00711809
1.5 5.5 0.00975333
1.5 6 0.00883956
1.5 6.5 0.00257252
1.5 7 -0.00135959
1.5 7.5 -0.000137252
1.5 8 0.00410005
1.5 8.5 0.00551877
1.5 9 0.00400568
1.5 9.5 0.000512944
1.5 10 0.00136072
1.5 10.5 0.00315133
1.5 11 0.00542764
1.5 11.5 0.00384577
1.5 12 0.00156078
1.5 12.5 -0.00030229
1.5 13 0.00486441
1.5 13.5 0.00861619
1.5 14 0.0103757
1.5 14.5 0.00986558
1.5 15 0.0100503
1.5 15.5 0.00742034
1.5 16 0.00434371
1.5 16.5 0.00185879
1.5 17 -0.00264913
1.5 17.5 0.00193369
1.5 18 0.003027
1.5 18.5 0.00205967
1.5 19 -0.00313129
1.5 19.5 -0.00980406
1.5 20 -0.00140503
1.5 20.5 0

2 0 0
2 0.5 0.0002431
2 1 0.00034525
2 1.5 -0.00122077
2 2 -0.0014409
2 2.5 -0.00295343
2 3 -0.00191201
2 3.5 -0.00350248
2 4 0.000247424
2 4.5 0.000302305
2 5 0.00274359
2 5.5 -0.000418282
2 6 -8.86179e-05
2 6.5 -0.00444281
2 7 -0.00740436
2 7.5 -0.00909131
2 8 -0.00638496
2 8.5 -0.00564968
2 9 -0.0068739
2 9.5 -0.00725972
2 10 -0.00693038
2 10.5 -0.00525434
2 11 -0.00455559
2 11.5 -0.00494666
2 12 -0.00499089
2 12.5 -0.00867115
2 13 -0.00828624
2 13.5 -0.0060734
2 14 -0.00653952
2 14.5 -0.00666139
2 15 0.000527924
2 15.5 0.0018876
2 16 0.0039777
2 16.5 -1.48458e-05
2 17 0.000711507
2 17.5 0.000636261
2 18 0.00306961
2 18.5 0.000136952
2 19 -0.000833228
2 19.5 -0.00467086
2 20 -0.000812011
2 20.5 0

2.5 0 0
2.5 0.5 0.00101108
2.5 1 0.00624284
2.5 1.5 0.00512893
2.5 2 0.000229766
2.5 2.5 -0.00076635
2.5 3 -0.0066739
2.5 3.5 -0.00655047
2.5 4 -0.00627267
2.5 4.5 -0.00484472
2.5 5 -0.0088803
2.5 5.5 -0.0086859
2.5 6 -0.0149739
2.5 6.5 -0.0130393
2.5 7 -0.00992968
2.5 7.5 -0.00548412
2.5 8 -0.0069227
2.5 8.5 -0.00493194
2.5 9 -0.00536347
2.5 9.5 -0.00451115
2.5 10 0.000635308
2.5 10.5 -0.00343185
2.5 11 -0.00105289
2.5 11.5 -0.000738747
2.5 12 5.70938e-05
2.5 12.5 -0.0022053
2.5 13 -0.00941789
2.5 13.5 -0.0148197
2.5 14 -0.0221812
2.5 14.5 -0.0186392
2.5 15 -0.0129973
2.5 15.5 -0.00550308
2.5 16 -0.00354325
2.5 16.5 -9.79765e-05
2.5 17 0.000586089
2.5 17.5 0.00086839
2.5 18 -0.00217729
2.5 18.5 0.00296401
2.5 19 5.27553e-05
2.5 19.5 0.00347728
2.5 20 0.000730318
2.5 20.5 0

3 0 0
3 0.5 0.00173669
3 1 0.00980275
3 1.5 0.00542357
3 2 0.00319081
3 2.5 -0.0047584
3 3 -0.00830102
3 3.5 -0.00911855
3 4 -0.00765593
3 4.5 -0.00905074
3 5 -0.0150836
3 5.5 -0.0215055
3 6 -0.0173851
3 6.5 -0.0148425
3 7 -0.00656676
3 7.5 -0.00413816
3 8 0.000850307
3 8.5 0.00108037
3 9 0.0014338
3 9.5 0.00266674
3 10 0.00388406
3 10.5 -0.000449435
3 11 0.00217628
3 11.5 0.00564202
3 12 0.00663362
3 12.5 0.00364015
3 13 -0.0047443
3 13.5 -0.0178119
3 14 -0.0227497
3 14.5 -0.0228922
3 15 -0.0195567
3 15.5 -0.015615
3 16 -0.00638734
3 16.5 -0.00635887
3 17 -0.0036719
3 17.5 -0.00310191
3 18 -0.00248922
3 18.5 -0.0014157
3 19 0.00710533
3 19.5 0.0103778
3 20 0.00142823
3 20.5 0

3.5 0 0
3.5 0.5 0.00109489
3.5 1 0.00648146
3.5 1.5 0.00367257
3.5 2 0.00118099
3.5 2.5 0.000617545
3.5 3 -0.00565236
3.5 3.5 -0.00753195
3.5 4 -0.00601099
3.5 4.5 -0.00444879
3.5 5 -0.00984287
3.5 5.5 -0.0117185
3.5 6 -0.0109898
3.5 6.5 -0.00223044
3.5 7 0.00686653
3.5 7.5 0.00817134
3.5 8 0.00630402
3.5 8.5 0.00244705
3.5 9 2.28123e-05
3.5 9.5 0.00522591
3.5 10 0.0025044
3.5 10.5 -0.00138993
3.5 11 -0.00211689
3.5 11.5 0.002086
3.5 12 0.00733518
3.5 12.5 0.0100858
3.5 13 0.00393805
3.5 13.5 -0.00481642
3.5 14 -0.010252
3.5 14.5 -0.00963612
3.5 15 -0.0101465
3.5 15.5 -0.0110796
3.5 16 -0.00840039
3.5 16.5 -0.00575494
3.5 17 -0.00349823
3.5 17.5 0.000879346
3.5 18 -0.00479746
3.5 18.5 -0.0027831
3.5 19 0.00144977
3.5 19.5 0.012009
3.5 20 0.00216759
3.5 20.5 0

4 0 0
4 0.5 0.000534372
4 1 0.002047
4 1.5 -0.000471132
4 2 -0.000299929
4 2.5 -0.000776204
4 3 -0.00565404
4 3.5 -0.00567591
4 4 -0.00305494
4 4.5 -0.000988521
4 5 -0.00170027
4 5.5 -0.00323466
4 6 -0.000696428
4 6.5 0.0051605
4 7 0.0134806
4 7.5 0.0128344
4 8 0.00560323
4 8.5 -0.00114608
4 9 -0.0051953
4 9.5 -0.00257794
4 10 -0.007197
4 10.5 -0.00968366
4 11 -0.0139687
4 11.5 -0.00586338
4 12 0.00208473
4 12.5 0.00685835
4 13 0.00663654
4 13.5 0.00265743
4 14 0.00263603
4 14.5 0.00377161
4 15 0.00319172
4 15.5 -0.00526065
4 16 -0.00939625
4 16.5 -0.00647352
4 17 -0.0033043
4 17.5 -0.00413713
4 18 -0.00807257
4 18.5 -0.00552472
4 19 0.00153163
4 19.5 0.0116204
4 20 0.00182666
4 20.5 0

4.5 0 0
4.5 0.5 0.000141832
4.5 1 0.000444932
4.5 1.5 -0.00037863
4.5 2 0.00109784
4.5 2.5 0.00037922
4.5 3 -0.00269278
4.5 3.5 -0.000950783
4.5 4 -0.00334611
4.5 4.5 0.00261442
4.5 5 -0.00273545
4.5 5.5 0.0024723
4.5 6 0.00383648
4.5 6.5 0.00851686
4.5 7 0.0109952
4.5 7.5 0.00556187
4.5 8 -0.00262891
4.5 8.5 -0.00983054
4.5 9 -0.0132581
4.5 9.5 -0.00930153
4.5 10 -0.0138801
4.5 10.5 -0.0185647
4.5 11 -0.0223835
4.5 11.5 -0.0164355
4.5 12 -0.00862255
4.5 12.5 -0.0038506
4.5 13 0.000595482
4.5 13.5 0.00290103
4.5 14 0.00707958
4.5 14.5 0.0109479
4.5 15 0.0064206
4.5 15.5 0.0027372
4.5 16 -0.00939054
4.5 16.5 -0.00272253
4.5 17 -0.003456
4.5 17.5 -0.00180146
4.5 18 -0.00661799
4.5 18.5 -0.00817951
4.5 19 0.0020181
4.5 19.5 0.0113494
4.5 20 0.00161824
4.5 20.5 0

5 0 0
5 0.5 0.000538298
5 1 0.00197265
5 1.5 6.59268e-05
5 2 -0.0010425
5 2.5 0.000383042
5 3 0.000269207
5 3.5 0.000440908
5 4 -0.00193148
5 4.5 -0.00353594
5 5 -0.000384979
5 5.5 -0.000421641
5 6 0.000529877
5 6.5 0.00358017
5 7 0.000404913
5 7.5 -0.0031569
5 8 -0.00825814
5 8.5 -0.0149899
5 9 -0.0129621
5 9.5 -0.00624918
5 10 -0.0124592
5 10.5 -0.0111995
5 11 -0.0222357
5 11.5 -0.0192943
5 12 -0.0129158
5 12.5 -0.00785744
5 13 -0.00486969
5 13.5 -0.00512028
5 14 -0.00100789
5 14.5 0.00495698
5 15 0.00589345
5 15.5 0.000949762
5 16 -0.00364236
5 16.5 -0.00356594
5 17 0.000439406
5 17.5 -0.000565452
5 18 -0.00495214
5 18.5 -0.00757728
5 19 0.000476746
5 19.5 0.0111569
5 20 0.00180197
5 20.5 0

5.5 0 0
5.5 0.5 -5.56442e-05
5.5 1 -0.000318483
5.5 1.5 0.000306487
5.5 2 0.000922647
5.5 2.5 0.00417394
5.5 3 0.00574642
5.5 3.5 0.00667038
5.5 4 0.000761562
5.5 4.5 -0.00392189
5.5 5 -0.00768993
5.5 5.5 -0.00547866
5.5 6 -0.00997006
5.5 6.5 -0.00518925
5.5 7 -0.00801852
5.5 7.5 -0.0105187
5.5 8 -0.0143294
5.5 8.5 -0.00956067
5.5 9 -0.00619357
5.5 9.5 0.00148518
5.5 10 -0.00363956
5.5 10.5 -0.00527369
5.5 11 -0.0120881
5.5 11.5 -0.0107514
5.5 12 -0.00899575
5.5 12.5 -0.00637297
5.5 13 -0.00965591
5.5 13.5 -0.0114396
5.5 14 -0.0152149
5.5 14.5 -0.00484563
5.5 15 -0.00619668
5.5 15.5 -0.00341594
5.5 16 -0.00493141
5.5 16.5 0.000785796
5.5 17 0.00833696
5.5 17.5 0.00976394
5.5 18 0.00196089
5.5 18.5 -0.00507355
5.5 19 0.000824993
5.5 19.5 0.00515399
5.5 20 0.000625286
5.5 20.5 0

6 0 0
6 0.5 -0.00118552
6 1 -0.00700855
6 1.5 -0.00195842
6 2 -0.00287264
6 2.5 0.00894092
6 3 0.0145664
6 3.5 0.0146056
6 4 0.00542976
6 4.5 0.00142858
6 5 -0.00358056
6 5.5 -0.00359534
6 6 -0.00470791
6 6.5 -0.00382172
6 7 -0.00830119
6 7.5 -0.010864
6 8 -0.0129959
6 8.5 -0.00862106
6 9 -0.00371331
6 9.5 0.00714234
6 10 0.00304839
6 10.5 0.00471859
6 11 -0.00646944
6 11.5 -0.00690351
6 12 -0.00569082
6 12.5 -0.0033385
6 13 -0.00802196
6 13.5 -0.0120459
6 14 -0.0158928
6 14.5 -0.0130298
6 15 -0.00856391
6 15.5 -0.00514309
6 16 0.00021377
6 16.5 0.0132965
6 17 0.0192414
6 17.5 0.0196609
6 18 0.00529399
6 18.5 -0.00236191
6 19 -0.00728727
6 19.5 -0.00312157
6 20 -0.000437769
6 20.5 0

6.5 0 0
6.5 0.5 -0.00117135
6.5 1 -0.00779742
6.5 1.5 -0.00673993
6.5 2 -0.00301981
6.5 2.5 0.00418061
6.5 3 0.0140262
6.5 3.5 0.0140483
6.5 4 0.00876144
6.5 4.5 0.000543707
6.5 5 -0.00485758
6.5 5.5 -0.00653361
6.5 6 -0.0060888
6.5 6.5 -0.00361417
6.5 7 -0.00386314
6.5 7.5 -0.00955112
6.5 8 -0.0107623
6.5 8.5 -0.00826209
6.5 9 -0.00309816
6.5 9.5 0.00464753
6.5 10 0.000168662
6.5 10.5 0.00418152
6.5 11 -0.00781277
6.5 11.5 -0.00635146
6.5 12 -0.0012895
6.5 12.5 0.000203907
6.5 13 -0.00607431
6.5 13.5 -0.0129575
6.5 14 -0.0190813
6.5 14.5 -0.0204905
6.5 15 -0.0166109
6.5 15.5 -0.00843296
6.5 16 0.000835322
6.5 16.5 0.0137486
6.5 17 0.023755
6.5 17.5 0.0186034
6.5 18 0.00663684
6.5 18.5 -0.00693919
6.5 19 -0.00725944
6.5 19.5 -0.00689404
6.5 20 -0.00105275
6.5 20.5 0

7 0 0
7 0.5 -0.000232048
7 1 -0.000738987
7 1.5 0.000120846
7 2 -0.0020301
7 2.5 0.00465686
7 3 0.00998375
7 3.5 0.00874704
7 4 0.00260592
7 4.5 -0.00395735
7 5 -0.0103919
7 5.5 -0.0097129
7 6 -0.00706565
7 6.5 -0.00325221
7 7 -0.00281638
7 7.5 -0.00718557
7 8 -0.0126183
7 8.5 -0.0124593
7 9 -0.00753496
7 9.5 -0.00746087
7 10 -0.0047161
7 10.5 -0.00931332
7 11 -0.0125058
7 11.5 -0.0133173
7 12 -0.00717143
7 12.5 -0.00464715
7 13 -0.00757685
7 13.5 -0.0121292
7 14 -0.0186353
7 14.5 -0.022735
7 15 -0.0192494
7 15.5 -0.0130403
7 16 -0.00517326
7 16.5 0.00842523
7 17 0.0162535
7 17.5 0.0146711
7 18 0.00552029
7 18.5 -0.00166361
7 19 -0.003326
7 19.5 0.00148756
7 20 0.000235242
7 20.5 0

7.5 0 0
7.5 0.5 0.00197323
7.5 1 0.0126599
7.5 1.5 0.00753151
7.5 2 0.00244189
7.5 2.5 -0.000782361
7.5 3 -0.000698357
7.5 3.5 -0.00117116
7.5 4 -0.00867719
7.5 4.5 -0.0145667
7.5 5 -0.0215708
7.5 5.5 -0.0206288
7.5 6 -0.0170217
7.5 6.5 -0.0084181
7.5 7 -0.00814881
7.5 7.5 -0.0110444
7.5 8 -0.0201526
7.5 8.5 -0.0210849
7.5 9 -0.0189433
7.5 9.5 -0.0143229
7.5 10 -0.0175201
7.5 10.5 -0.0176636
7.5 11 -0.0221484
7.5 11.5 -0.0216051
7.5 12 -0.0197619
7.5 12.5 -0.0138187
7.5 13 -0.0164413
7.5 13.5 -0.0187151
7.5 14 -0.0268163
7.5 14.5 -0.0258222
7.5 15 -0.0259022
7.5 15.5 -0.0180273
7.5 16 -0.0110064
7.5 16.5 -0.00525974
7.5 17 0.000977971
7.5 17.5 0.00162606
7.5 18 -0.00286136
7.5 18.5 0.00017726
7.5 19 0.00784351
7.5 19.5 0.0173866
7.5 20 0.00256853
7.5 20.5 0

8 0 0
8 0.5 0.00293883
8 1 0.018129
8 1.5 0.00997333
8 2 0.00205826
8 2.5 -0.00228462
8 3 -0.00822985
8 3.5 -0.00577151
8 4 -0.011826
8 4.5 -0.0172503
8 5 -0.0245153
8 5.5 -0.0254161
8 6 -0.0182517
8 6.5 -0.0119503
8 7 -0.00870997
8 7.5 -0.0105301
8 8 -0.0165861
8 8.5 -0.022165
8 9 -0.0203494
8 9.5 -0.0187021
8 10 -0.0183294
8 10.5 -0.0202753
8 11 -0.0236832
8 11.5 -0.0225203
8 12 -0.0219004
8 12.5 -0.0198354
8 13 -0.0183694
8 13.5 -0.0211426
8 14 -0.0226725
8 14.5 -0.024093
8 15 -0.0224776
8 15.5 -0.0188114
8 16 -0.0133662
8 16.5 -0.00748829
8 17 -0.00963434
8 17.5 -0.0098539
8 18 -0.0120815
8 18.5 -0.00102268
8 19 0.0125004
8 19.5 0.0266107
8 20 0.00424412
8 20.5 0

8.5 0 0
8.5 0.5 0.0019206
8.5 1 0.0115128
8.5 1.5 0.00769629
8.5 2 0.00343248
8.5 2.5 -0.00427976
8.5 3 -0.00734673
8.5 3.5 -0.00343024
8.5 4 -0.00809598
8.5 4.5 -0.00719189
8.5 5 -0.0136464
8.5 5.5 -0.017259
8.5 6 -0.0111461
8.5 6.5 -0.00507416
8.5 7 -0.00173113
8.5 7.5 -0.00381106
8.5 8 -0.0111773
8.5 8.5 -0.0163397
8.5 9 -0.0150818
8.5 9.5 -0.0114078
8.5 10 -0.0129087
8.5 10.5 -0.0150734
8.5 11 -0.0189782
8.5 11.5 -0.0178958
8.5 12 -0.0184322
8.5 12.5 -0.0176053
8.5 13 -0.0147032
8.5 13.5 -0.0112897
8.5 14 -0.0108326
8.5 14.5 -0.0133041
8.5 15 -0.00965055
8.5 15.5 -0.00706648
8.5 16 -0.00803162
8.5 16.5 -0.00566522
8.5 17 -0.0143604
8.5 17.5 -0.0149922
8.5 18 -0.0134664
8.5 18.5 -0.00459575
8.5 19 0.0123627
8.5 19.5 0.0254312
8.5 20 0.0038454
8.5 20.5 0

9 0 0
9 0.5 0.000882931
9 1 0.00366676
9 1.5 0.000455187
9 2 -0.000548794
9 2.5 -0.00470649
9 3 -0.00595107
9 3.5 -0.00240406
9 4 0.0040374
9 4.5 0.00161143
9 5 -0.00192198
9 5.5 -0.00567595
9 6 -0.00224745
9 6.5 0.00128151
9 7 0.00422231
9 7.5 0.00103068
9 8 -0.00486965
9 8.5 -0.0088329
9 9 -0.000857679
9 9.5 0.000366448
9 10 0.00306021
9 10.5 -0.00220883
9 11 -0.00388548
9 11.5 -0.00849211
9 12 -0.00950364
9 12.5 -0.0108846
9 13 -0.00593807
9 13.5 -0.00418385
9 14 -0.00381621
9 14.5 -0.000283224
9 15 0.00272239
9 15.5 0.00230377
9 16 0.00304072
9 16.5 -0.00263531
9 17 -0.00947029
9 17.5 -0.0166918
9 18 -0.0155486
9 18.5 -0.00670631
9 19 0.00764754
9 19.5 0.0187401
9 20 0.00284632
9 20.5 0

9.5 0 0
9.5 0.5 0.00047179
9.5 1 0.00332942
9.5 1.5 0.00297847
9.5 2 -0.0024826
9.5 2.5 -0.00553028
9.5 3 -0.00830247
9.5 3.5 -0.00130101
9.5 4 0.00527457
9.5 4.5 0.00975588
9.5 5 0.00395838
9.5 5.5 0.00150283
9.5 6 -0.000238983
9.5 6.5 0.002854
9.5 7 0.00524833
9.5 7.5 -0.00143579
9.5 8 -0.00436888
9.5 8.5 -0.00165548
9.5 9 0.00822428
9.5 9.5 0.0118207
9.5 10 0.011691
9.5 10.5 0.00906479
9.5 11 0.00548501
9.5 11.5 -0.00174157
9.5 12 -0.00255439
9.5 12.5 -0.00609061
9.5 13 -0.00382996
9.5 13.5 -0.00247971
9.5 14 -0.000173099
9.5 14.5 0.00107723
9.5 15 0.00541229
9.5 15.5 0.00836569
9.5 16 0.00650307
9.5 16.5 0.00100936
9.5 17 -0.010935
9.5 17.5 -0.0133636
9.5 18 -0.015932
9.5 18.5 -0.00350928
9.5 19 0.00498916
9.5 19.5 0.0146272
9.5 20 0.00238442
9.5 20.5 0

10 0 0
10 0.5 0.00150257
10 1 0.00976276
10 1.5 0.00612494
10 2 -0.00250116
10 2.5 -0.00956234
10 3 -0.0110341
10 3.5 -0.00495983
10 4 0.00144795
10 4.5 0.00601638
10 5 0.00286118
10 5.5 0.000790641
10 6 0.00175729
10 6.5 -0.00291694
10 7 -0.00699259
10 7.5 -0.0119506
10 8 -0.0165196
10 8.5 -0.0114402
10 9 0.00272602
10 9.5 0.00860688
10 10 0.00916582
10 10.5 0.00781074
10 11 0.00359246
10 11.5 -0.00581064
10 12 -0.0113573
10 12.5 -0.0151316
10 13 -0.0129533
10 13.5 -0.0105879
10 14 -0.00881828
10 14.5 -0.00432357
10 15 -0.00113907
10 15.5 0.005337
10 16 0.00644036
10 16.5 -0.000635042
10 17 -0.00725351
10 17.5 -0.0111421
10 18 -0.0104295
10 18.5 -0.000750251
10 19 0.00901855
10 19.5 0.013619
10 20 0.0018503
10 20.5 0

10.5 0 0
10.5 0.5 0.00211261
10.5 1 0.0129124
10.5 1.5 0.00573799
10.5 2 -0.00368361
10.5 2.5 -0.0109874
10.5 3 -0.0107281
10.5 3.5 -0.00856626
10.5 4 0.00099232
10.5 4.5 0.00143235
10.5 5 0.00107656
10.5 5.5 0.00324518
10.5 6 0.00157634
10.5 6.5 -0.00355304
10.5 7 -0.00996086
10.5 7.5 -0.0171977
10.5 8 -0.023481
10.5 8.5 -0.0212111
10.5 9 -0.011685
10.5 9.5 -0.00360841
10.5 10 0.00047504
10.5 10.5 0.00219371
10.5 11 -0.00496449
10.5 11.5 -0.012361
10.5 12 -0.0200429
10.5 12.5 -0.018913
10.5 13 -0.0170281
10.5 13.5 -0.0147385
10.5 14 -0.00894465
10.5 14.5 -0.00975419
10.5 15 -0.0063792
10.5 15.5 0.00338349
10.5 16 0.00698708
10.5 16.5 0.000258462
10.5 17 -0.002081
10.5 17.5 -0.00868325
10.5 18 -0.00680961
10.5 18.5 -0.000121848
10.5 19 0.00569392
10.5 19.5 0.00871546
10.5 20 0.00138077
10.5 20.5 0

11 0 0
11 0.5 0.000921194
11 1 0.0071908
11 1.5 0.00414968
11 2 -0.00477907
11 2.5 -0.00839223
11 3 -0.00346196
11 3.5 -0.000648075
11 4 0.00507434
11 4.5 0.00695628
11 5 0.00892465
11 5.5 0.00893186
11 6 0.00795234
11 6.5 0.00610751
11 7 -0.00633341
11 7.5 -0.0159238
11 8 -0.0246195
11 8.5 -0.0252432
11 9 -0.022377
11 9.5 -0.0137305
11 10 -0.0114308
11 10.5 -0.00588774
11 11 -0.0099608
11 11.5 -0.017877
11 12 -0.0250783
11 12.5 -0.0235661
11 13 -0.0171508
11 13.5 -0.00505424
11 14 -0.00385859
11 14.5 -0.00278112
11 15 0.000727481
11 15.5 0.00803885
11 16 0.0112389
11 16.5 0.00477266
11 17 0.00308034
11 17.5 -0.000181664
11 18 0.00170686
11 18.5 0.00392344
11 19 0.00323734
11 19.5 -0.00083452
11 20 -0.000463624
11 20.5 0

11.5 0 0
11.5 0.5 0.000251264
11.5 1 0.00226886
11.5 1.5 -0.00162157
11.5 2 -0.00678357
11.5 2.5 -0.00469378
11.5 3 -0.00160413
11.5 3.5 0.00516566
11.5 4 0.00749658
11.5 4.5 0.00866041
11.5 5 0.0110191
11.5 5.5 0.0128624
11.5 6 0.0138516
11.5 6.5 0.00968567
11.5 7 -0.0018401
11.5 7.5 -0.0097668
11.5 8 -0.0146647
11.5 8.5 -0.0189733
11.5 9 -0.0155796
11.5 9.5 -0.00780814
11.5 10 -0.00427998
11.5 10.5 0.00129526
11.5 11 -0.0011884
11.5 11.5 -0.00947657
11.5 12 -0.0164642
11.5 12.5 -0.0171704
11.5 13 -0.00824496
11.5 13.5 0.00171582
11.5 14 0.00508424
11.5 14.5 0.00506205
11.5 15 0.00549967
11.5 15.5 0.00947178
11.5 16 0.0116585
11.5 16.5 0.00634957
11.5 17 0.00191252
11.5 17.5 0.00202458
11.5 18 0.00290433
11.5 18.5 0.0054291
11.5 19 -0.000350884
11.5 19.5 -0.0076125
11.5 20 -0.00125643
11.5 20.5 0

12 0 0
12 0.5 0.0003882
12 1 0.00357626
12 1.5 0.00143983
12 2 -0.00559817
12 2.5 -0.00492056
12 3 0.00227704
12 3.5 0.00528213
12 4 0.00246849
12 4.5 -0.00301077
12 5 0.00395377
12 5.5 0.00684604
12 6 0.0105726
12 6.5 0.0103485
12 7 0.00010701
12 7.5 -0.00567707
12 8 -0.00778533
12 8.5 -0.0101005
12 9 -0.0012694
12 9.5 -0.00252324
12 10 0.00855551
12 10.5 0.00934603
12 11 0.0117896
12 11.5 -0.00554145
12 12 -0.0100988
12 12.5 -0.0137853
12 13 -0.00411956
12 13.5 0.00873688
12 14 0.010473
12 14.5 0.00870284
12 15 0.00336304
12 15.5 0.00221616
12 16 0.00400526
12 16.5 -0.00299449
12 17 -0.00538484
12 17.5 -0.00245983
12 18 0.00475059
12 18.5 0.00661865
12 19 0.00295303
12 19.5 -0.00346376
12 20 -0.000691408
12 20.5 0

12.5 0 0
12.5 0.5 0.00148247
12.5 1 0.0108329
12.5 1.5 0.00490824
12.5 2 -0.00289109
12.5 2.5 -0.00292242
12.5 3 0.00117005
12.5 3.5 -0.000393338
12.5 4 -0.00765822
12.5 4.5 -0.0137292
12.5 5 -0.011068
12.5 5.5 -0.00333238
12.5 6 -0.00103098
12.5 6.5 -0.00335993
12.5 7 -0.0121032
12.5 7.5 -0.013357
12.5 8 -0.00657152
12.5 8.5 -0.00362442
12.5 9 0.00123175
12.5 9.5 0.00531568
12.5 10 0.0101784
12.5 10.5 0.0169772
12.5 11 0.0133239
12.5 11.5 3.17473e-05
12.5 12 -0.0129647
12.5 12.5 -0.0191785
12.5 13 -0.0110449
12.5 13.5 -0.00125398
12.5 14 0.00307968
12.5 14.5 0.000871092
12.5 15 -0.00561253
12.5 15.5 -0.00623516
12.5 16 -0.0109308
12.5 16.5 -0.0136865
12.5 17 -0.0121359
12.5 17.5 -0.00748567
12.5 18 0.00165188
12.5 18.5 0.00886034
12.5 19 0.00869533
12.5 19.5 0.0050308
12.5 20 0.000690345
12.5 20.5 0

13 0 0
13 0.5 0.00175382
13 1 0.0129602
13 1.5 0.00773632
13 2 -0.00113263
13 2.5 -0.00169477
13 3 0.000994205
13 3.5 3.87328e-05
13 4 -0.00959116
13 4.5 -0.0150973
13 5 -0.0103843
13 5.5 -0.00396365
13 6 -0.00375954
13 6.5 -0.010446
13 7 -0.020912
13 7.5 -0.0159417
13 8 -0.00968133
13 8.5 -0.00365364
13 9 0.00147904
13 9.5 0.00527236
13 10 0.0113722
13 10.5 0.0205773
13 11 0.01254
13 11.5 -0.00233633
13 12 -0.0179039
13 12.5 -0.0228143
13 13 -0.0197328
13 13.5 -0.00650189
13 14 -0.000819651
13 14.5 -0.000834857
13 15 -0.00162795
13 15.5 -0.00415595
13 16 -0.00892823
13 16.5 -0.0137609
13 17 -0.0149172
13 17.5 -0.00740174
13 18 -0.000163156
13 18.5 0.00818706
13 19 0.00939423
13 19.5 0.0099282
13 20 0.00153039
13 20.5 0

13.5 0 0
13.5 0.5 0.00125533
13.5 1 0.00906591
13.5 1.5 0.00276127
13.5 2 -0.00558712
13.5 2.5 -0.00604309
13.5 3 0.00192922
13.5 3.5 0.000621346
13.5 4 -0.0032777
13.5 4.5 -0.00705955
13.5 5 -0.00170341
13.5 5.5 0.00542779
13.5 6 0.00405528
13.5 6.5 -0.00816021
13.5 7 -0.0180843
13.5 7.5 -0.0186063
13.5 8 -0.00947075
13.5 8.5 -0.00324549
13.5 9 0.00333905
13.5 9.5 0.00761722
13.5 10 0.0150158
13.5 10.5 0.0235137
13.5 11 0.0130773
13.5 11.5 -0.00104465
13.5 12 -0.0188367
13.5 12.5 -0.0239892
13.5 13 -0.0175519
13.5 13.5 -0.0113136
13.5 14 -0.000807952
13.5 14.5 0.00368925
13.5 15 0.00639983
13.5 15.5 0.00794955
13.5 16 0.00273822
13.5 16.5 -0.00566173
13.5 17 -0.00689339
13.5 17.5 -0.00821634
13.5 18 -0.00230554
13.5 18.5 0.00158993
13.5 19 0.00563536
13.5 19.5 0.00458688
13.5 20 0.000611705
13.5 20.5 0

14 0 0
14 0.5 0.000381271
14 1 0.00368751
14 1.5 -0.00131561
14 2 -0.00929868
14 2.5 -0.00722942
14 3 0.000954846
14 3.5 0.00560253
14 4 0.00533727
14 4.5 0.0054164
14 5 0.0101435
14 5.5 0.0151407
14 6 0.00955364
14 6.5 -0.000746547
14 7 -0.00882653
14 7.5 -0.0030523
14 8 -0.000645319
14 8.5 0.0047783
14 9 0.00871503
14 9.5 0.0181436
14 10 0.0228573
14 10.5 0.0331911
14 11 0.021175
14 11.5 0.00665395
14 12 -0.00471774
14 12.5 -0.00938386
14 13 -0.00891498
14 13.5 -0.0020053
14 14 0.000105629
14 14.5 0.00736591
14 15 0.016365
14 15.5 0.0205483
14 16 0.0150954
14 16.5 0.00749056
14 17 0.000740872
14 17.5 -0.00322085
14 18 -0.00342817
14 18.5 -0.000688148
14 19 -0.00230146
14 19.5 -0.0032764
14 20 -0.000510967
14 20.5 0

14.5 0 0
14.5 0.5 0.000727574
14.5 1 0.00574188
14.5 1.5 -0.00243208
14.5 2 -0.0119583
14.5 2.5 -0.0118583
14.5 3 -0.000466548
14.5 3.5 0.00578955
14.5 4 0.00769325
14.5 4.5 0.00541203
14.5 5 0.00770154
14.5 5.5 0.0114412
14.5 6 0.00621257
14.5 6.5 -0.00194862
14.5 7 -0.00255657
14.5 7.5 0.0038923
14.5 8 0.00859764
14.5 8.5 0.0123554
14.5 9 0.0126982
14.5 9.5 0.0182779
14.5 10 0.0244205
14.5 10.5 0.0324118
14.5 11 0.0255456
14.5 11.5 0.0168451
14.5 12 0.00642863
14.5 12.5 0.00249773
14.5 13 0.00104144
14.5 13.5 -0.00251335
14.5 14 -0.00353965
14.5 14.5 0.00169227
14.5 15 0.0123506
14.5 15.5 0.0197749
14.5 16 0.0173997
14.5 16.5 0.0109372
14.5 17 0.00345221
14.5 17.5 -0.00468301
14.5 18 -0.00409176
14.5 18.5 -0.00454983
14.5 19 -0.00402378
14.5 19.5 -0.00468905
14.5 20 -0.000781294
14.5 20.5 0

15 0 0
15 0.5 0.0022426
15 1 0.013758
15 1.5 -0.00199833
15 2 -0.0118246
15 2.5 -0.0174619
15 3 -0.0080432
15 3.5 0.00244897
15 4 0.00345159
15 4.5 0.00354765
15 5 0.00432964
15 5.5 0.0042376
15 6 0.000875518
15 6.5 -0.00111101
15 7 0.000614517
15 7.5 0.00425112
15 8 0.00942815
15 8.5 0.00565238
15 9 0.00508135
15 9.5 0.00581404
15 10 0.0144742
15 10.5 0.0190006
15 11 0.014643
15 11.5 0.00778539
15 12 0.00753608
15 12.5 0.0061682
15 13 0.00562232
15 13.5 -0.00202738
15 14 -0.00463021
15 14.5 -0.00170464
15 15 0.0031411
15 15.5 0.0125357
15 16 0.0126012
15 16.5 0.00632907
15 17 0.000264264
15 17.5 -0.00411324
15 18 -0.00589162
15 18.5 -0.00569079
15 19 -0.00104476
15 19.5 0.000109466
15 20 -6.49986e-05
15 20.5 0

15.5 0 0
15.5 0.5 0.00285194
15.5 1 0.0186945
15.5 1.5 0.00226957
15.5 2 -0.00995678
15.5 2.5 -0.0160863
15.5 3 -0.00856539
15.5 3.5 -0.0049722
15.5 4 0.00224927
15.5 4.5 0.00225146
15.5 5 0.00378399
15.5 5.5 0.00178978
15.5 6 -0.00352551
15.5 6.5 -0.00204802
15.5 7 -0.000403661
15.5 7.5 0.0046681
15.5 8 0.00376589
15.5 8.5 -0.00578187
15.5 9 -0.00968424
15.5 9.5 -0.0121111
15.5 10 -0.010097
15.5 10.5 -0.00767509
15.5 11 -0.00729754
15.5 11.5 -0.00402669
15.5 12 0.000588404
15.5 12.5 0.00390759
15.5 13 0.00553058
15.5 13.5 0.000399056
15.5 14 -0.00438289
15.5 14.5 -0.00231136
15.5 15 0.000484067
15.5 15.5 0.00524461
15.5 16 0.00545835
15.5 16.5 -0.0011977
15.5 17 -0.000963428
15.5 17.5 -0.00588753
15.5 18 -0.00320442
15.5 18.5 -0.00274736
15.5 19 0.00166112
15.5 19.5 0.00496321
15.5 20 0.000770043
15.5 20.5 0

16 0 0
16 0.5 0.00226993
16 1 0.0153048
16 1.5 0.0027422
16 2 -0.00577777
16 2.5 -0.0142682
16 3 -0.010167
16 3.5 -0.00318902
16 4 0.00176166
16 4.5 0.0045455
16 5 0.00153689
16 5.5 0.00233445
16 6 -0.000714919
16 6.5 -0.00118787
16 7 0.00426432
16 7.5 0.00804086
16 8 0.0028739
16 8.5 -0.00834011
16 9 -0.0210507
16 9.5 -0.0243311
16 10 -0.0268631
16 10.5 -0.0241208
16 11 -0.0225146
16 11.5 -0.0150139
16 12 -0.00323088
16 12.5 0.00806726
16 13 0.00882637
16 13.5 0.00720858
16 14 0.00394167
16 14.5 0.00254744
16 15 0.00358251
16 15.5 0.00344583
16 16 -0.000530369
16 16.5 -0.00221211
16 17 -0.00374035
16 17.5 -0.00391687
16 18 -0.0043233
16 18.5 -0.00306813
16 19 0.00236538
16 19.5 0.00513855
16 20 0.000712025
16 20.5 0

16.5 0 0
16.5 0.5 0.00089576
16.5 1 0.00597068
16.5 1.5 -0.000388381
16.5 2 -0.00242428
16.5 2.5 -0.00721293
16.5 3 -0.00153828
16.5 3.5 -0.00263132
16.5 4 0.00131997
16.5 4.5 0.00274557
16.5 5 0.00352627
16.5 5.5 0.00406193
16.5 6 0.0021122
16.5 6.5 0.00420088
16.5 7 0.0124352
16.5 7.5 0.0133947
16.5 8 0.01256
16.5 8.5 0.00295421
16.5 9 -0.00929736
16.5 9.5 -0.0156635
16.5 10 -0.0152365
16.5 10.5 -0.0179738
16.5 11 -0.0150515
16.5 11.5 -0.00708866
16.5 12 0.00504019
16.5 12.5 0.014528
16.5 13 0.0188136
16.5 13.5 0.0143447
16.5 14 0.0121347
16.5 14.5 0.00805851
16.5 15 0.00802646
16.5 15.5 0.00313289
16.5 16 -0.00337819
16.5 16.5 -0.0045997
16.5 17 -0.00121409
16.5 17.5 -0.0012065
16.5 18 0.00136495
16.5 18.5 -0.00336331
16.5 19 4.59751e-05
16.5 19.5 0.0013992
16.5 20 0.000137238
16.5 20.5 0

17 0 0
17 0.5 -0.000467602
17 1 -0.00294947
17 1.5 -0.00230438
17 2 -0.000782904
17 2.5 -0.00136574
17 3 0.00112169
17 3.5 0.00131848
17 4 0.00218489
17 4.5 -0.00146049
17 5 -0.00151614
17 5.5 -0.00389911
17 6 -0.00245298
17 6.5 -0.0015369
17 7 0.00935474
17 7.5 0.0200643
17 8 0.0248457
17 8.5 0.0216692
17 9 0.0174993
17 9.5 0.0101482
17 10 0.0115732
17 10.5 0.00512078
17 11 0.00947889
17 11.5 0.0132479
17 12 0.0215566
17 12.5 0.0245835
17 13 0.0220635
17 13.5 0.0160375
17 14 0.0110481
17 14.5 0.00591913
17 15 0.00471445
17 15.5 -0.00371888
17 16 -0.00721427
17 16.5 -0.00586286
17 17 0.0006757
17 17.5 0.00229892
17 18 0.00142664
17 18.5 -0.0014771
17 19 -0.00243692
17 19.5 -0.00274748
17 20 -0.000573265
17 20.5 0

17.5 0 0
17.5 0.5 -0.0015197
17.5 1 -0.00990262
17.5 1.5 -0.00347441
17.5 2 0.00203825
17.5 2.5 0.00855651
17.5 3 0.0125013
17.5 3.5 0.00722444
17.5 4 0.00128271
17.5 4.5 -0.00301934
17.5 5 -0.003692
17.5 5.5 -0.00821319
17.5 6 -0.00769372
17.5 6.5 -0.00637075
17.5 7 0.00539478
17.5 7.5 0.0118017
17.5 8 0.0217839
17.5 8.5 0.0230864
17.5 9 0.0238076
17.5 9.5 0.024076
17.5 10 0.023955
17.5 10.5 0.0237965
17.5 11 0.0192437
17.5 11.5 0.0189441
17.5 12 0.0183183
17.5 12.5 0.0195282
17.5 13 0.0183792
17.5 13.5 0.00595865
17.5 14 0.00516776
17.5 14.5 0.000891324
17.5 15 0.000876231
17.5 15.5 -0.00710994
17.5 16 -0.00805404
17.5 16.5 -0.00182579
17.5 17 0.00787523
17.5 17.5 0.00941026
17.5 18 0.00855821
17.5 18.5 0.000654943
17.5 19 -0.00462916
17.5 19.5 -0.0069482
17.5 20 -0.00108038
17.5 20.5 0

18 0 0
18 0.5 -0.00208364
18 1 -0.012932
18 1.5 -0.0034193
18 2 0.00754424
18 2.5 0.0115265
18 3 0.0149248
18 3.5 0.00886544
18 4 0.00400967
18 4.5 -0.00378892
18 5 -0.00908625
18 5.5 -0.0134833
18 6 -0.0120395
18 6.5 -0.00869063
18 7 -0.0026808
18 7.5 0.00379494
18 8 0.00937756
18 8.5 0.012711
18 9 0.0139722
18 9.5 0.0187079
18 10 0.018361
18 10.5 0.0161257
18 11 0.0121734
18 11.5 0.0111806
18 12 0.0108588
18 12.5 0.00816759
18 13 0.00375938
18 13.5 -0.000594831
18 14 -0.00253568
18 14.5 -0.0033396
18 15 -0.00558454
18 15.5 -0.0116662
18 16 -0.00730516
18 16.5 0.00202452
18 17 0.0139909
18 17.5 0.0153224
18 18 0.0107877
18 18.5 0.0019119
18 19 -0.00458511
18 19.5 -0.0100413
18 20 -0.00165714
18 20.5 0

18.5 0 0
18.5 0.5 -0.00184372
18.5 1 -0.0124888
18.5 1.5 -0.00485073
18.5 2 0.0072096
18.5 2.5 0.0141911
18.5 3 0.0160048
18.5 3.5 0.0102441
18.5 4 0.00340888
18.5 4.5 -0.00468085
18.5 5 -0.00853179
18.5 5.5 -0.0122972
18.5 6 -0.0101795
18.5 6.5 -0.00433152
18.5 7 0.000956108
18.5 7.5 -0.000967461
18.5 8 -0.00042041
18.5 8.5 0.00253319
18.5 9 0.00457897
18.5 9.5 0.00298607
18.5 10 0.00239061
18.5 10.5 -0.000426445
18.5 11 0.000815076
18.5 11.5 0.00119848
18.5 12 0.00314266
18.5 12.5 0.000204718
18.5 13 -0.000492992
18.5 13.5 -0.00154627
18.5 14 0.000400348
18.5 14.5 -0.00486982
18.5 15 -0.00925079
18.5 15.5 -0.0124534
18.5 16 -0.00908059
18.5 16.5 0.00466591
18.5 17 0.0158284
18.5 17.5 0.0179777
18.5 18 0.0134373
18.5 18.5 0.0013635
18.5 19 -0.00380011
18.5 19.5 -0.0111598
18.5 20 -0.00191534
18.5 20.5 0

19 0 0
19 0.5 -0.00189952
19 1 -0.0107051
19 1.5 4.48408e-05
19 2 0.00752587
19 2.5 0.0104921
19 3 0.00961891
19 3.5 0.00648144
19 4 0.000440221
19 4.5 -0.00548192
19 5 -0.0101641
19 5.5 -0.0103602
19 6 -0.00543296
19 6.5 0.00505076
19 7 0.00782801
19 7.5 0.00362432
19 8 0.00243458
19 8.5 -0.00203363
19 9 0.000957502
19 9.5 0.000838279
19 10 -0.00293798
19 10.5 -0.00135497
19 11 -0.000630621
19 11.5 -0.0016948
19 12 0.0058163
19 12.5 0.00313874
19 13 0.00364393
19 13.5 0.00428382
19 14 0.00373487
19 14.5 -0.00128802
19 15 -0.00890183
19 15.5 -0.0141813
19 16 -0.0103174
19 16.5 0.00335437
19 17 0.0134737
19 17.5 0.0173719
19 18 0.00978636
19 18.5 0.00216511
19 19 -0.00492699
19 19.5 -0.0097275
19 20 -0.00158662
19 20.5 0

19.5 0 0
19.5 0.5 -0.0014658
19.5 1 -0.0101568
19.5 1.5 -0.00203076
19.5 2 0.00622034
19.5 2.5 0.0100345
19.5 3 0.0104862
19.5 3.5 0.00157908
19.5 4 0.00160976
19.5 4.5 -0.00917473
19.5 5 -0.0134878
19.5 5.5 -0.00948803
19.5 6 -0.00152546
19.5 6.5 0.0127852
19.5 7 0.0158671
19.5 7.5 0.0138057
19.5 8 0.00982363
19.5 8.5 0.0107726
19.5 9 0.00816991
19.5 9.5 0.00761121
19.5 10 -0.000614964
19.5 10.5 0.00408389
19.5 11 0.00633682
19.5 11.5 0.0147115
19.5 12 0.0146319
19.5 12.5 0.0152387
19.5 13 0.0107126
19.5 13.5 0.00989451
19.5 14 0.00808076
19.5 14.5 0.00349312
19.5 15 -0.0100588
19.5 15.5 -0.0137486
19.5 16 -0.00951081
19.5 16.5 -0.00261768
19.5 17 0.0127908
19.5 17.5 0.0141727
19.5 18 0.0129868
19.5 18.5 0.00133312
19.5 19 -0.00352927
19.5 19.5 -0.00881824
19.5 20 -0.00165221
19.5 20.5 0

20 0 0
20 0.5 -0.00260798
20 1 -0.0135101
20 1.5 0.0020743
20 2 0.00779372
20 2.5 0.0110659
20 3 0.00372589
20 3.5 0.00451106
20 4 -0.00200588
20 4.5 -0.00880089
20 5 -0.0132099
20 5.5 -0.0101408
20 6 -0.00134182
20 6.5 0.0161233
20 7 0.0202418
20 7.5 0.0260513
20 8 0.0172331
20 8.5 0.0170517
20 9 0.00723208
20 9.5 0.0105518
20 10 -0.000293673
20 10.5 0.00396474
20 11 0.00489563
20 11.5 0.0177517
20 12 0.0167403
20 12.5 0.0246311
20 13 0.0154779
20 13.5 0.017984
20 14 0.0126452
20 14.5 0.00472604
20 15 -0.0070991
20 15.5 -0.0141448
20 16 -0.0119494
20 16.5 -0.000265934
20 17 0.00700415
20 17.5 0.013129
20 18 0.00466993
20 18.5 0.00456329
20 19 -0.00559461
20 19.5 -0.00960523
20 20 -0.00138393
20 20.5 0

20.5 0 0
20.5 0.5 -0.0026741
20.5 1 -0.0191392
20.5 1.5 -0.0059579
20.5 2 0.00932142
20.5 2.5 0.0154507
20.5 3 0.0142264
20.5 3.5 0.0081354
20.5 4 0.00614597
20.5 4.5 -0.00462205
20.5 5 -0.00964444
20.5 5.5 -0.0126312
20.5 6 -0.00358856
20.5 6.5 0.00945677
20.5 7 0.0149391
20.5 7.5 0.0149596
20.5 8 0.0110345
20.5 8.5 0.00821603
20.5 9 0.000760248
20.5 9.5 -0.00175903
20.5 10 -0.0123196
20.5 10.5 -0.0127733
20.5 11 -0.00823763
20.5 11.5 0.00562029
20.5 12 0.00710634
20.5 12.5 0.0130196
20.5 13 0.0116853
20.5 13.5 0.0109907
20.5 14 0.00887294
20.5 14.5 0.00405577
20.5 15 -0.00476778
20.5 15.5 -0.010986
20.5 16 -0.00556956
20.5 16.5 0.000808902
20.5 17 0.0102615
20.5 17.5 0.0134282
20.5 18 0.0127456
20.5 18.5 -0.00060653
20.5 19 -0.00417722
20.5 19.5 -0.0102721
20.5 20 -0.00179713
20.5 20.5 0

21 0 0
21 0.5 -0.00342156
21 1 -0.0210018
21 1.5 -0.00296951
21 2 0.0112044
21 2.5 0.0164744
21 3 0.0110862
21 3.5 0.00991646
21 4 0.00839228
21 4.5 8.90255e-05
21 5 -0.00971375
21 5.5 -0.0187414
21 6 -0.0112742
21 6.5 0.000252559
21 7 0.00827689
21 7.5 0.00697719
21 8 0.00736816
21 8.5 0.00145956
21 9 -0.00333905
21 9.5 -0.0117645
21 10 -0.0164537
21 10.5 -0.0237961
21 11 -0.01731
21 11.5 -0.011385
21 12 0.000975475
21 12.5 0.00450323
21 13 0.00562358
21 13.5 0.00788006
21 14 0.0081865
21 14.5 -0.00128244
21 15 -0.00484697
21 15.5 -0.0140767
21 16 -0.0072595
21 16.5 0.00374215
21 17 0.00768849
21 17.5 0.0101833
21 18 0.00276733
21 18.5 0.00164289
21 19 -0.0036204
21 19.5 -0.00911741
21 20 -0.00129608
21 20.5 0

21.5 0 0
21.5 0.5 -0.00258466
21.5 1 -0.018268
21.5 1.5 -0.00373687
21.5 2 0.0112372
21.5 2.5 0.0160407
21.5 3 0.0134347
21.5 3.5 0.0119964
21.5 4 0.00605674
21.5 4.5 0.00085536
21.5 5 -0.00744063
21.5 5.5 -0.0163831
21.5 6 -0.0155826
21.5 6.5 -0.00435951
21.5 7 0.00395974
21.5 7.5 0.0039343
21.5 8 0.00260932
21.5 8.5 0.00382644
21.5 9 0.00424496
21.5 9.5 -0.00505395
21.5 10 -0.0128274
21.5 10.5 -0.0197892
21.5 11 -0.014694
21.5 11.5 -0.00949474
21.5 12 -0.00165089
21.5 12.5 0.000619122
21.5 13 0.00369673
21.5 13.5 0.00528493
21.5 14 0.00258903
21.5 14.5 -0.00201135
21.5 15 -0.00769793
21.5 15.5 -0.00992867
21.5 16 -0.00765654
21.5 16.5 0.00272578
21.5 17 0.00740865
21.5 17.5 0.00852827
21.5 18 0.00644875
21.5 18.5 0.00298975
21.5 19 -0.00123022
21.5 19.5 -0.00464964
21.5 20 -0.000813888
21.5 20.5 0

22 0 0
22 0.5 -0.00186118
22 1 -0.0118846
22 1.5 -0.000798707
22 2 0.00949241
22 2.5 0.00978579
22 3 0.00331897
22 3.5 0.00284348
22 4 0.00475873
22 4.5 -0.00107934
22 5 -0.0098592
22 5.5 -0.0189633
22 6 -0.0152937
22 6.5 -0.00653378
22 7 0.00276255
22 7.5 0.00714698
22 8 0.010559
22 8.5 0.0108603
22 9 0.012832
22 9.5 0.00815416
22 10 0.00351476
22 10.5 -0.00348202
22 11 -0.00426698
22 11.5 0.00210888
22 12 0.00929443
22 12.5 0.0076918
22 13 0.00726169
22 13.5 0.00434642
22 14 0.000386327
22 14.5 -0.00581558
22 15 -0.0101963
22 15.5 -0.0154521
22 16 -0.0084288
22 16.5 0.000188455
22 17 0.00362687
22 17.5 0.00257222
22 18 0.000218025
22 18.5 2.06898e-05
22 19 0.000903109
22 19.5 -0.00141283
22 20 -0.000181153
22 20.5 0

22.5 0 0
22.5 0.5 -0.000966263
22.5 1 -0.00730422
22.5 1.5 -0.000585129
22.5 2 0.00533516
22.5 2.5 0.00203521
22.5 3 0.00335538
22.5 3.5 -0.0010534
22.5 4 0.00229093
22.5 4.5 0.000558871
22.5 5 -0.0054476
22.5 5.5 -0.00987164
22.5 6 -0.012401
22.5 6.5 -0.00360024
22.5 7 0.00863174
22.5 7.5 0.010294
22.5 8 0.0119373
22.5 8.5 0.0134269
22.5 9 0.0148449
22.5 9.5 0.0110625
22.5 10 0.0056397
22.5 10.5 0.00437101
22.5 11 0.00153443
22.5 11.5 0.0073217
22.5 12 0.0106311
22.5 12.5 0.0132736
22.5 13 0.0156377
22.5 13.5 0.005799
22.5 14 0.000753824
22.5 14.5 -0.00566111
22.5 15 -0.0112105
22.5 15.5 -0.00759172
22.5 16 -0.00718288
22.5 16.5 -0.00171476
22.5 17 0.00329617
22.5 17.5 -0.00237291
22.5 18 0.000811927
22.5 18.5 -0.00301044
22.5 19 0.00211444
22.5 19.5 0.000564494
22.5 20 -4.75523e-05
22.5 20.5 0

23 0 0
23 0.5 -0.000195108
23 1 -0.00072414
23 1.5 0.000809225
23 2 0.000152869
23 2.5 -0.00149395
23 3 -0.00890857
23 3.5 -0.00373599
23 4 0.00139727
23 4.5 0.00664782
23 5 0.000338467
23 5.5 -0.00277682
23 6 -0.00426115
23 6.5 0.00133601
23 7 0.00852584
23 7.5 0.0127338
23 8 0.0121781
23 8.5 0.0103568
23 9 0.00688876
23 9.5 0.00822603
23 10 -0.00170645
23 10.5 0.000466875
23 11 -0.000813288
23 11.5 0.0100876
23 12 0.0145349
23 12.5 0.017082
23 13 0.014036
23 13.5 0.00998095
23 14 0.00409094
23 14.5 -0.00295468
23 15 -0.00550242
23 15.5 -0.00405227
23 16 -0.00471534
23 16.5 0.000344573
23 17 -0.00131261
23 17.5 -0.00188466
23 18 -0.0077578
23 18.5 -0.000714564
23 19 0.00118937
23 19.5 0.00195553
23 20 0.000241847
23 20.5 0

23.5 0 0
23.5 0.5 0.000971204
23.5 1 0.00550188
23.5 1.5 0.00218511
23.5 2 0.0010541
23.5 2.5 -0.00748185
23.5 3 -0.00709765
23.5 3.5 -0.00747751
23.5 4 0.00286605
23.5 4.5 0.00284272
23.5 5 0.00511443
23.5 5.5 0.00289762
23.5 6 -0.00213222
23.5 6.5 0.005582
23.5 7 0.00960652
23.5 7.5 0.00739933
23.5 8 0.00308673
23.5 8.5 0.00340368
23.5 9 -0.0032691
23.5 9.5 -0.0032625
23.5 10 -0.00976531
23.5 10.5 -0.00650343
23.5 11 -0.00510526
23.5 11.5 0.00502598
23.5 12 0.00798921
23.5 12.5 0.0123606
23.5 13 0.0119221
23.5 13.5 0.00908803
23.5 14 0.00286316
23.5 14.5 0.00223125
23.5 15 -0.00243037
23.5 15.5 -0.00212464
23.5 16 0.000299248
23.5 16.5 -0.00375127
23.5 17 -0.00306091
23.5 17.5 -0.00648123
23.5 18 -0.000293433
23.5 18.5 -0.00304102
23.5 19 0.00443267
23.5 19.5 0.00543982
23.5 20 0.000658235
23.5 20.5 0

24 0 0
24 0.5 0.00211616
24 1 0.0136282
24 1.5 0.00494863
24 2 -0.00253844
24 2.5 -0.00991942
24 3 -0.0126469
24 3.5 -0.0074363
24 4 -0.00409462
24 4.5 -0.00184055
24 5 -0.00185857
24 5.5 -0.00011542
24 6 -0.00215509
24 6.5 0.00239538
24 7 0.00160798
24 7.5 0.00282366
24 8 -0.00127795
24 8.5 -0.00205636
24 9 -0.00597038
24 9.5 -0.00232707
24 10 -0.00673216
24 10.5 -0.000881829
24 11 -0.000316029
24 11.5 0.00285399
24 12 0.0053529
24 12.5 0.00837648
24 13 0.00392313
24 13.5 0.00286684
24 14 -0.00264971
24 14.5 -0.00173956
24 15 -0.00487977
24 15.5 -0.00377111
24 16 -0.00465088
24 16.5 -0.00731796
24 17 -0.00975901
24 17.5 -0.00903747
24 18 -0.00648571
24 18.5 -0.00106369
24 19 0.00652392
24 19.5 0.0100093
24 20 0.00145122
24 20.5 0

24.5 0 0
24.5 0.5 0.00218389
24.5 1 0.0134131
24.5 1.5 0.00292821
24.5 2 -0.00131738
24.5 2.5 -0.0063782
24.5 3 -0.00655217
24.5 3.5 -0.00814635
24.5 4 -0.00546943
24.5 4.5 -0.00645074
24.5 5 -0.00412561
24.5 5.5 -0.00229909
24.5 6 -0.00564236
24.5 6.5 -0.00418797
24.5 7 -0.00737117
24.5 7.5 -0.00604931
24.5 8 -0.00478993
24.5 8.5 -0.00592102
24.5 9 -0.00130204
24.5 9.5 -0.00103715
24.5 10 0.000602519
24.5 10.5 0.00252272
24.5 11 0.0050274
24.5 11.5 0.00156952
24.5 12 0.00149051
24.5 12.5 -0.00335604
24.5 13 -0.00599261
24.5 13.5 -0.00642714
24.5 14 -0.00960612
24.5 14.5 -0.00539
24.5 15 -0.00611104
24.5 15.5 -0.00354294
24.5 16 -0.00455488
24.5 16.5 -0.00876397
24.5 17 -0.0084924
24.5 17.5 -0.00753236
24.5 18 -0.000469203
24.5 18.5 -7.94499e-05
24.5 19 0.00626272
24.5 19.5 0.00851389
24.5 20 0.00128356
24.5 20.5 0

25 0 0
25 0.5 0.000775312
25 1 0.00424193
25 1.5 -0.00192158
25 2 -0.00286129
25 2.5 -0.00214301
25 3 -0.000608915
25 3.5 0.00119723
25 4 -0.00382776
25 4.5 -0.0048695
25 5 -0.000342805
25 5.5 0.00399308
25 6 0.00290576
25 6.5 -0.00306008
25 7 -0.00828284
25 7.5 -0.0105556
25 8 -0.00656815
25 8.5 -0.00498839
25 9 -0.000838868
25 9.5 -0.00135341
25 10 0.00772107
25 10.5 0.0074262
25 11 0.00503666
25 11.5 -0.00304402
25 12 -0.00764088
25 12.5 -0.0112655
25 13 -0.00948132
25 13.5 -0.00958553
25 14 -0.00451304
25 14.5 -0.00034932
25 15 0.00235254
25 15.5 0.00329949
25 16 0.00125605
25 16.5 0.000268995
25 17 -0.0022956
25 17.5 -0.00197303
25 18 -0.00232235
25 18.5 0.000554693
25 19 0.00128971
25 19.5 -3.3201e-05
25 20 -0.000100338
25 20.5 0

25.5 0 0
25.5 0.5 -0.00107686
25.5 1 -0.0066886
25.5 1.5 -0.00603258
25.5 2 -0.00461167
25.5 2.5 0.00376576
25.5 3 0.0106852
25.5 3.5 0.00906786
25.5 4 0.00469232
25.5 4.5 0.00482515
25.5 5 0.0106511
25.5 5.5 0.0166257
25.5 6 0.0141331
25.5 6.5 0.0014648
25.5 7 -0.0081359
25.5 7.5 -0.0100499
25.5 8 -0.00764142
25.5 8.5 -0.00558126
25.5 9 -0.0028434
25.5 9.5 0.00204548
25.5 10 0.00686623
25.5 10.5 0.00912429
25.5 11 0.00361568
25.5 11.5 -0.0059447
25.5 12 -0.0136318
25.5 12.5 -0.016007
25.5 13 -0.0130575
25.5 13.5 -0.00697203
25.5 14 0.00149544
25.5 14.5 0.00880262
25.5 15 0.0159955
25.5 15.5 0.0176217
25.5 16 0.0143368
25.5 16.5 0.0105905
25.5 17 0.00810507
25.5 17.5 0.00589089
25.5 18 0.00270045
25.5 18.5 -0.0012696
25.5 19 -0.00615314
25.5 19.5 -0.00947553
25.5 20 -0.00146274
25.5 20.5 0

26 0 0
26 0.5 0
26 1 -0.00107686
26 1.5 -0.00077128
26 2 -0.000742619
26 2.5 0.00069132
26 3 0.00169255
26 3.5 0.00127817
26 4 0.000758753
26 4.5 0.000862028
26 5 0.00176313
26 5.5 0.00253018
26 6 0.00220215
26 6.5 0.00019382
26 7 -0.00123748
26 7.5 -0.00134556
26 8 -0.0011457
26 8.5 -0.000647475
26 9 -0.000570454
26 9.5 0.000634977
26 10 0.000983527
26 10.5 0.00144904
26 11 0.000478219
26 11.5 -0.000665527
26 12 -0.00208429
26 12.5 -0.00225285
26 13 -0.00198014
26 13.5 -0.000851026
26 14 0.000236327
26 14.5 0.00131208
26 15 0.00257633
26 15.5 0.00272954
26 16 0.00228332
26 16.5 0.00161818
26 17 0.00124731
26 17.5 0.000937915
26 18 0.00060182
26 18.5 -0.000137015
26 19 -0.00109107
26 19.5 -0.00146274
26 20 0
26 20.5 0

26.5 0 0
26.5 0.5 0
26.5 1 0
26.5 1.5 0
26.5 2 0
26.5 2.5 0
26.5 3 0
26.5 3.5 0
26.5 4 0
26.5 4.5 0
26.5 5 0
26.5 5.5 0
26.5 6 0
26.5 6.5 0
26.5 7 0
26.5 7.5 0
26.5 8 0
26.5 8.5 0
26.5 9 0
26.5 9.5 0
26.5 10 0
26.5 10.5 0
26.5 11 0
26.5 11.5 0
26.5 12 0
26.5 12.5 0
26.5 13 0
26.5 13.5 0
26.5 14 0
26.5 14.5 0
26.5 15 0
26.5 15.5 0
26.5 16 0
26.5 16.5 0
26.5 17 0
26.5 17.5 0
26.5 18 0
26.5 18.5 0
26.5 19 0
26.5 19.5 0
26.5 20 0
26.5 20.5 0

