0 0 0
0 0.5 0
0 1 0
0 1.5 0
0 2 0
0 2.5 0
0 3 0
0 3.5 0
0 4 0
0 4.5 0
0 5 0
0 5.5 0
0 6 0
0 6.5 0
0 7 0
0 7.5 0
0 8 0
0 8.5 0
0 9 0
0 9.5 0
0 10 0
0 10.5 0
0 11 0
0 11.5 0
0 12 0
0 12.5 0
0 13 0
0 13.5 0
0 14 0
0 14.5 0
0 15 0
0 15.5 0
0 16 0
0 16.5 0
0 17 0
0 17.5 0
0 18 0
0 18.5 0
0 19 0
0 19.5 0
0 20 0
0 20.5 0

0.5 0 0
0.5 0.5 0
0.5 1 -0.00166782
0.5 1.5 -0.00379082
0.5 2 -0.00381606
0.5 2.5 0.00138201
0.5 3 0.00305333
0.5 3.5 0.000999157
0.5 4 -0.00435887
0.5 4.5 -0.00507722
0.5 5 -0.00313744
0.5 5.5 0.000804949
0.5 6 0.00367579
0.5 6.5 0.00486935
0.5 7 0.00801645
0.5 7.5 0.00847056
0.5 8 0.00889317
0.5 8.5 0.00856948
0.5 9 0.0100371
0.5 9.5 0.0158017
0.5 10 0.0166537
0.5 10.5 0.0120017
0.5 11 0.00378492
0.5 11.5 -0.00111266
0.5 12 0.000871636
0.5 12.5 0.00418414
0.5 13 0.00405496
0.5 13.5 0.00402211
0.5 14 0.00796635
0.5 14.5 0.0112869
0.5 15 0.00757346
0.5 15.5 -0.00361431
0.5 16 -0.0127049
0.5 16.5 -0.0101971
0.5 17 -0.000329956
0.5 17.5 0.00644708
0.5 18 0.00215513
0.5 18.5 -0.00353562
0.5 19 -0.00485913
0.5 19.5 -0.0014473
0.5 20 0
0.5 20.5 0

1 0 0
1 0.5 -0.00166782
1 1 -0.0110003
1 1.5 -0.0232724
1 2 -0.018212
1 2.5 0.00859404
1 3 0.0221631
1 3.5 0.00536899
1 4 -0.0240769
1 4.5 -0.0327126
1 5 -0.0171619
1 5.5 0.00488061
1 6 0.0187856
1 6.5 0.0289401
1 7 0.0439936
1 7.5 0.0541997
1 8 0.0542547
1 8.5 0.0522237
1 9 0.0670113
1 9.5 0.0986914
1 10 0.112986
1 10.5 0.0765799
1 11 0.023552
1 11.5 -0.00913065
1 12 0.00325713
1 12.5 0.0238687
1 13 0.0260158
1 13.5 0.0256023
1 14 0.0473117
1 14.5 0.0696834
1 15 0.0471348
1 15.5 -0.0213263
1 16 -0.0806364
1 16.5 -0.0661964
1 17 0.00129567
1 17.5 0.0401479
1 18 0.0175727
1 18.5 -0.0202592
1 19 -0.0262032
1 19.5 -0.00866499
1 20 -0.0014473
1 20.5 0

1.5 0 0
1.5 0.5 0.000126065
1.5 1 0.00120335
1.5 1.5 -0.00718479
1.5 2 -0.00392811
1.5 2.5 -0.00313068
1.5 3 0.00430246
1.5 3.5 -0.00799599
1.5 4 -0.00809146
1.5 4.5 0.000650499
1.5 5 0.0281408
1.5 5.5 0.0392386
1.5 6 0.0294981
1.5 6.5 0.019248
1.5 7 0.00517621
1.5 7.5 0.010017
1.5 8 -0.00983002
1.5 8.5 -0.0308696
1.5 9 -0.0342514
1.5 9.5 -0.0342472
1.5 10 -0.0196191
1.5 10.5 -0.0425853
1.5 11 -0.064399
1.5 11.5 -0.0652888
1.5 12 -0.0454808
1.5 12.5 -0.0197275
1.5 13 -0.00812269
1.5 13.5 -0.00419319
1.5 14 0.0109849
1.5 14.5 0.040833
1.5 15 0.0509074
1.5 15.5 0.023211
1.5 16 -0.0171027
1.5 16.5 -0.0227338
1.5 17 0.00429795
1.5 17.5 0.0139483
1.5 18 0.00567196
1.5 18.5 -0.0164465
1.5 19 -0.00804254
1.5 19.5 0.00547506
1.5 20 -5.52914e-05
1.5 20.5 0

2 0 0
2 0.5 0.00232107
2 1 0.0197748
2 1.5 0.0190455
2 2 0.00113471
2 2.5 -0.0243875
2 3 -0.0299036
2 3.5 -0.0356181
2 4 -0.0188987
2 4.5 0.0137872
2 5 0.0473779
2 5.5 0.0592039
2 6 0.0428958
2 6.5 0.0185784
2 7 0.00606228
2 7.5 -0.00104303
2 8 -0.011975
2 8.5 -0.0373035
2 9 -0.0684761
2 9.5 -0.086236
2 10 -0.0902468
2 10.5 -0.0760677
2 11 -0.0653865
2 11.5 -0.0398054
2 12 -0.0195727
2 12.5 -0.00805915
2 13 -0.00794044
2 13.5 -0.0174844
2 14 -0.0114912
2 14.5 0.0130156
2 15 0.0398883
2 15.5 0.0389326
2 16 0.0302231
2 16.5 0.00496707
2 17 -0.0238462
2 17.5 -0.0339284
2 18 -0.0194087
2 18.5 -0.00912738
2 19 0.00959239
2 19.5 0.0298737
2 20 0.00415975
2 20.5 0

2.5 0 0
2.5 0.5 0.00552981
2.5 1 0.035851
2.5 1.5 0.0221141
2.5 2 0.00425426
2.5 2.5 -0.0281812
2.5 3 -0.0573017
2.5 3.5 -0.0612988
2.5 4 -0.0422091
2.5 4.5 -0.0130563
2.5 5 0.0204237
2.5 5.5 0.0319285
2.5 6 0.00680985
2.5 6.5 -0.000800707
2.5 7 -0.00064482
2.5 7.5 0.0256871
2.5 8 0.0504693
2.5 8.5 0.0323868
2.5 9 0.0105078
2.5 9.5 -0.0153572
2.5 10 -0.0151012
2.5 10.5 0.0236516
2.5 11 0.0545474
2.5 11.5 0.0770174
2.5 12 0.0822689
2.5 12.5 0.0595135
2.5 13 0.0339764
2.5 13.5 -0.0103364
2.5 14 -0.0499205
2.5 14.5 -0.0406961
2.5 15 -0.0174104
2.5 15.5 0.0181982
2.5 16 0.0261143
2.5 16.5 -0.0177372
2.5 17 -0.0608745
2.5 17.5 -0.0720052
2.5 18 -0.0512325
2.5 18.5 -0.00722153
2.5 19 0.0283083
2.5 19.5 0.0544291
2.5 20 0.00842551
2.5 20.5 0

3 0 0
3 0.5 0.000951876
3 1 0.00623095
3 1.5 0.00795549
3 2 0.00379229
3 2.5 -0.0178941
3 3 -0.03547
3 3.5 -0.0316803
3 4 -0.0121473
3 4.5 -0.00192627
3 5 0.00550514
3 5.5 -0.0207538
3 6 -0.0439128
3 6.5 -0.0340749
3 7 -0.000372669
3 7.5 0.0682231
3 8 0.107731
3 8.5 0.119573
3 9 0.0858196
3 9.5 0.0641537
3 10 0.0724761
3 10.5 0.121754
3 11 0.157996
3 11.5 0.173887
3 12 0.149986
3 12.5 0.123091
3 13 0.0683855
3 13.5 0.0103505
3 14 -0.0670628
3 14.5 -0.0966341
3 15 -0.0583484
3 15.5 0.00167872
3 16 0.0381124
3 16.5 0.00700846
3 17 -0.0538418
3 17.5 -0.0769356
3 18 -0.0506539
3 18.5 -0.0112986
3 19 0.0214659
3 19.5 0.0412016
3 20 0.00659982
3 20.5 0

3.5 0 0
3.5 0.5 -0.00887394
3.5 1 -0.059669
3.5 1.5 -0.0303425
3.5 2 -0.00484882
3.5 2.5 0.012116
3.5 3 0.0370697
3.5 3.5 0.0624039
3.5 4 0.091929
3.5 4.5 0.0804986
3.5 5 0.026914
3.5 5.5 -0.0356723
3.5 6 -0.0615396
3.5 6.5 -0.0706691
3.5 7 -0.026097
3.5 7.5 0.0288486
3.5 8 0.0656753
3.5 8.5 0.0910793
3.5 9 0.0675148
3.5 9.5 0.0461975
3.5 10 0.0587873
3.5 10.5 0.111005
3.5 11 0.136533
3.5 11.5 0.128693
3.5 12 0.0949261
3.5 12.5 0.0721446
3.5 13 0.0385243
3.5 13.5 -0.012339
3.5 14 -0.066819
3.5 14.5 -0.107611
3.5 15 -0.062816
3.5 15.5 0.0317985
3.5 16 0.110627
3.5 16.5 0.100775
3.5 17 0.0294097
3.5 17.5 -0.0278732
3.5 18 -0.0235253
3.5 18.5 -0.00551975
3.5 19 -0.00599935
3.5 19.5 -0.0223294
3.5 20 -0.00338063
3.5 20.5 0

4 0 0
4 0.5 -0.0161443
4 1 -0.105218
4 1.5 -0.0558851
4 2 -0.000703757
4 2.5 0.0510599
4 3 0.100159
4 3.5 0.150183
4 4 0.180244
4 4.5 0.145106
4 5 0.0560388
4 5.5 -0.0276876
4 6 -0.0724204
4 6.5 -0.0883264
4 7 -0.086789
4 7.5 -0.0630922
4 8 -0.0435644
4 8.5 -0.0451435
4 9 -0.0346985
4 9.5 -0.0491823
4 10 -0.0526788
4 10.5 -0.0189156
4 11 -0.00251442
4 11.5 -0.02592
4 12 -0.0506083
4 12.5 -0.062647
4 13 -0.0458757
4 13.5 -0.0484838
4 14 -0.0788662
4 14.5 -0.0991866
4 15 -0.043726
4 15.5 0.0730102
4 16 0.174086
4 16.5 0.176291
4 17 0.11371
4 17.5 0.0510128
4 18 0.0191223
4 18.5 0.0107754
4 19 -0.0292688
4 19.5 -0.0845609
4 20 -0.0131002
4 20.5 0

4.5 0 0
4.5 0.5 -0.0115534
4.5 1 -0.0789075
4.5 1.5 -0.0393849
4.5 2 0.00580732
4.5 2.5 0.042801
4.5 3 0.0924703
4.5 3.5 0.147528
4.5 4 0.174638
4.5 4.5 0.132899
4.5 5 0.0439576
4.5 5.5 -0.0441467
4.5 6 -0.0842175
4.5 6.5 -0.0961891
4.5 7 -0.103146
4.5 7.5 -0.12626
4.5 8 -0.131614
4.5 8.5 -0.121693
4.5 9 -0.0956938
4.5 9.5 -0.0834579
4.5 10 -0.0993812
4.5 10.5 -0.0892367
4.5 11 -0.0864589
4.5 11.5 -0.111808
4.5 12 -0.147951
4.5 12.5 -0.153336
4.5 13 -0.104113
4.5 13.5 -0.0615852
4.5 14 -0.0687974
4.5 14.5 -0.0912053
4.5 15 -0.0450241
4.5 15.5 0.0571926
4.5 16 0.157106
4.5 16.5 0.176336
4.5 17 0.125357
4.5 17.5 0.0690931
4.5 18 0.0439283
4.5 18.5 0.0205148
4.5 19 -0.0241203
4.5 19.5 -0.0820198
4.5 20 -0.0126012
4.5 20.5 0

5 0 0
5 0.5 0.00024666
5 1 -0.00141359
5 1.5 0.00746782
5 2 0.0192904
5 2.5 0.0133186
5 3 0.0218051
5 3.5 0.059541
5 4 0.0681894
5 4.5 0.0489682
5 5 -0.0178508
5 5.5 -0.061316
5 6 -0.0527244
5 6.5 -0.0425097
5 7 -0.0564717
5 7.5 -0.106021
5 8 -0.118094
5 8.5 -0.0813881
5 9 -0.0306307
5 9.5 -0.00193771
5 10 -0.0124065
5 10.5 -0.018329
5 11 -0.0433466
5 11.5 -0.0756026
5 12 -0.126527
5 12.5 -0.128456
5 13 -0.0674854
5 13.5 -0.0181573
5 14 -0.0040807
5 14.5 -0.0477021
5 15 -0.0650712
5 15.5 -0.0085097
5 16 0.0554947
5 16.5 0.0854564
5 17 0.0581791
5 17.5 0.0336661
5 18 0.0259914
5 18.5 0.0265384
5 19 0.0118081
5 19.5 -0.0206668
5 20 -0.0032171
5 20.5 0

5.5 0 0
5.5 0.5 0.0100074
5.5 1 0.061654
5.5 1.5 0.0494545
5.5 2 0.0258714
5.5 2.5 -0.0295479
5.5 3 -0.0655796
5.5 3.5 -0.0669311
5.5 4 -0.0440692
5.5 4.5 -0.0401715
5.5 5 -0.0564789
5.5 5.5 -0.0462514
5.5 6 0.0276914
5.5 6.5 0.0772437
5.5 7 0.0532385
5.5 7.5 -0.0052294
5.5 8 -0.0428833
5.5 8.5 -0.00363754
5.5 9 0.0614654
5.5 9.5 0.088938
5.5 10 0.0603798
5.5 10.5 0.0299334
5.5 11 0.00754479
5.5 11.5 -0.00362036
5.5 12 -0.0284361
5.5 12.5 -0.0308078
5.5 13 0.0235876
5.5 13.5 0.0955647
5.5 14 0.101113
5.5 14.5 0.0304376
5.5 15 -0.0471244
5.5 15.5 -0.070355
5.5 16 -0.0531185
5.5 16.5 -0.0323959
5.5 17 -0.0218092
5.5 17.5 -0.0262217
5.5 18 -0.00421936
5.5 18.5 0.0241481
5.5 19 0.0379404
5.5 19.5 0.0334835
5.5 20 0.00548019
5.5 20.5 0

6 0 0
6 0.5 0.0124977
6 1 0.0827641
6 1.5 0.0658672
6 2 0.0316653
6 2.5 -0.0572255
6 3 -0.119616
6 3.5 -0.134299
6 4 -0.0961599
6 4.5 -0.0652978
6 5 -0.041207
6 5.5 0.0232584
6 6 0.126633
6 6.5 0.184339
6 7 0.140029
6 7.5 0.044947
6 8 -0.0164456
6 8.5 -0.00180862
6 9 0.0373125
6 9.5 0.0385004
6 10 -0.000940445
6 10.5 -0.0497204
6 11 -0.0441572
6 11.5 -0.0271277
6 12 -0.0186169
6 12.5 0.00970333
6 13 0.0837928
6 13.5 0.167786
6 14 0.198178
6 14.5 0.122322
6 15 0.00768585
6 15.5 -0.0681356
6 16 -0.0958684
6 16.5 -0.0821387
6 17 -0.0643616
6 17.5 -0.0524749
6 18 -0.00982344
6 18.5 0.0216733
6 19 0.0491439
6 19.5 0.0402469
6 20 0.00582001
6 20.5 0

6.5 0 0
6.5 0.5 0.0139999
6.5 1 0.0891876
6.5 1.5 0.0618532
6.5 2 0.0256826
6.5 2.5 -0.0624016
6.5 3 -0.112769
6.5 3.5 -0.133765
6.5 4 -0.0847048
6.5 4.5 -0.056001
6.5 5 -0.020205
6.5 5.5 0.0562597
6.5 6 0.160853
6.5 6.5 0.214295
6.5 7 0.145133
6.5 7.5 0.00862223
6.5 8 -0.0865865
6.5 8.5 -0.0943195
6.5 9 -0.0858802
6.5 9.5 -0.0976068
6.5 10 -0.144807
6.5 10.5 -0.174951
6.5 11 -0.177583
6.5 11.5 -0.124822
6.5 12 -0.0890028
6.5 12.5 -0.0305353
6.5 13 0.0499563
6.5 13.5 0.143448
6.5 14 0.206726
6.5 14.5 0.151915
6.5 15 0.0382636
6.5 15.5 -0.0535509
6.5 16 -0.087565
6.5 16.5 -0.0702662
6.5 17 -0.0421116
6.5 17.5 -0.0359083
6.5 18 0.00496866
6.5 18.5 0.0170555
6.5 19 0.0429465
6.5 19.5 0.0351624
6.5 20 0.0047647
6.5 20.5 0

7 0 0
7 0.5 0.0165711
7 1 0.10711
7 1.5 0.0727567
7 2 0.0352958
7 2.5 -0.0529332
7 3 -0.0991467
7 3.5 -0.110712
7 4 -0.0767726
7 4.5 -0.0588345
7 5 -0.0458279
7 5.5 0.00908984
7 6 0.0928586
7 6.5 0.139658
7 7 0.0678863
7 7.5 -0.0680086
7 8 -0.174709
7 8.5 -0.202784
7 9 -0.18435
7 9.5 -0.180667
7 10 -0.208743
7 10.5 -0.249964
7 11 -0.240011
7 11.5 -0.198478
7 12 -0.167059
7 12.5 -0.123404
7 13 -0.041346
7 13.5 0.0575874
7 14 0.121305
7 14.5 0.0897624
7 15 0.00256517
7 15.5 -0.0640875
7 16 -0.0860156
7 16.5 -0.0586305
7 17 -0.0288797
7 17.5 -0.0185274
7 18 0.0116182
7 18.5 0.0227199
7 19 0.0468379
7 19.5 0.0523723
7 20 0.00809216
7 20.5 0

7.5 0 0
7.5 0.5 0.0183197
7.5 1 0.114547
7.5 1.5 0.0663661
7.5 2 0.0170833
7.5 2.5 -0.032519
7.5 3 -0.0506263
7.5 3.5 -0.0579495
7.5 4 -0.0463848
7.5 4.5 -0.0707147
7.5 5 -0.105835
7.5 5.5 -0.0892493
7.5 6 -0.0179829
7.5 6.5 0.0173674
7.5 7 -0.0290386
7.5 7.5 -0.129329
7.5 8 -0.218127
7.5 8.5 -0.219151
7.5 9 -0.174252
7.5 9.5 -0.137916
7.5 10 -0.143415
7.5 10.5 -0.153332
7.5 11 -0.1732
7.5 11.5 -0.164701
7.5 12 -0.172764
7.5 12.5 -0.176047
7.5 13 -0.122559
7.5 13.5 -0.0324548
7.5 14 0.0134084
7.5 14.5 -0.0110439
7.5 15 -0.0680335
7.5 15.5 -0.101931
7.5 16 -0.0923643
7.5 16.5 -0.0515466
7.5 17 -0.00593365
7.5 17.5 -0.00105593
7.5 18 0.0104135
7.5 18.5 0.025147
7.5 19 0.0506004
7.5 19.5 0.0711327
7.5 20 0.0110616
7.5 20.5 0

8 0 0
8 0.5 0.00988343
8 1 0.0598663
8 1.5 0.0273606
8 2 0.00645066
8 2.5 -0.0104001
8 3 0.00199577
8 3.5 0.0311234
8 4 0.0267885
8 4.5 -0.0279319
8 5 -0.0846363
8 5.5 -0.11095
8 6 -0.0748677
8 6.5 -0.0439532
8 7 -0.0631958
8 7.5 -0.119343
8 8 -0.170193
8 8.5 -0.166168
8 9 -0.115477
8 9.5 -0.0508117
8 10 -0.0124245
8 10.5 -0.014056
8 11 -0.0426514
8 11.5 -0.0835527
8 12 -0.132129
8 12.5 -0.148121
8 13 -0.116499
8 13.5 -0.068993
8 14 -0.0337878
8 14.5 -0.0354634
8 15 -0.0518896
8 15.5 -0.0638336
8 16 -0.0448321
8 16.5 -0.013978
8 17 0.0126897
8 17.5 0.0161739
8 18 0.0111365
8 18.5 0.0142464
8 19 0.031309
8 19.5 0.0444621
8 20 0.00702029
8 20.5 0

8.5 0 0
8.5 0.5 -0.00429959
8.5 1 -0.0298464
8.5 1.5 -0.0274367
8.5 2 -0.00916657
8.5 2.5 0.0164527
8.5 3 0.0725498
8.5 3.5 0.107052
8.5 4 0.106891
8.5 4.5 0.0438202
8.5 5 -0.0277226
8.5 5.5 -0.0660657
8.5 6 -0.0629377
8.5 6.5 -0.036709
8.5 7 -0.0351076
8.5 7.5 -0.0523796
8.5 8 -0.0800374
8.5 8.5 -0.0849688
8.5 9 -0.058101
8.5 9.5 -0.0063942
8.5 10 0.0309305
8.5 10.5 0.0390397
8.5 11 0.0165781
8.5 11.5 -0.0101116
8.5 12 -0.0595852
8.5 12.5 -0.0822184
8.5 13 -0.0588983
8.5 13.5 -0.0264375
8.5 14 -0.0119785
8.5 14.5 -0.0040067
8.5 15 0.000444784
8.5 15.5 0.0138138
8.5 16 0.0225317
8.5 16.5 0.0266879
8.5 17 0.0380029
8.5 17.5 0.0258599
8.5 18 0.0171747
8.5 18.5 0.00285837
8.5 19 -0.000376648
8.5 19.5 -0.0113739
8.5 20 -0.00202006
8.5 20.5 0

9 0 0
9 0.5 -0.00960043
9 1 -0.0617647
9 1.5 -0.0493181
9 2 -0.0215164
9 2.5 0.0259205
9 3 0.0924848
9 3.5 0.133432
9 4 0.121959
9 4.5 0.0695139
9 5 0.00142937
9 5.5 -0.0331435
9 6 -0.0434363
9 6.5 -0.0262087
9 7 -0.0135304
9 7.5 0.00904423
9 8 0.00828559
9 8.5 -0.030778
9 9 -0.0443023
9 9.5 -0.0115389
9 10 0.0236309
9 10.5 0.0597666
9 11 0.0277994
9 11.5 -0.000256004
9 12 -0.015658
9 12.5 -0.012039
9 13 0.00856387
9 13.5 0.00713205
9 14 0.00682241
9 14.5 0.0236662
9 15 0.0285693
9 15.5 0.0364841
9 16 0.0363102
9 16.5 0.0315723
9 17 0.0209963
9 17.5 0.0153052
9 18 0.00717942
9 18.5 0.000260892
9 19 -0.00759995
9 19.5 -0.0197182
9 20 -0.00321591
9 20.5 0

9.5 0 0
9.5 0.5 0.00106625
9.5 1 0.00741111
9.5 1.5 -0.0122059
9.5 2 -0.0249773
9.5 2.5 0.00454193
9.5 3 0.0674814
9.5 3.5 0.0782588
9.5 4 0.0547763
9.5 4.5 0.0155107
9.5 5 -0.0343744
9.5 5.5 -0.0747271
9.5 6 -0.0900101
9.5 6.5 -0.0921731
9.5 7 -0.039631
9.5 7.5 0.0103448
9.5 8 0.0226635
9.5 8.5 -0.0100755
9.5 9 -0.0660361
9.5 9.5 -0.066954
9.5 10 -0.0342821
9.5 10.5 0.00913631
9.5 11 -0.00527156
9.5 11.5 -0.0121799
9.5 12 -0.0099691
9.5 12.5 0.00796133
9.5 13 0.00855929
9.5 13.5 -0.0210521
9.5 14 -0.0390354
9.5 14.5 -0.0464798
9.5 15 -0.0310741
9.5 15.5 -0.0257791
9.5 16 -0.0186645
9.5 16.5 -0.0161022
9.5 17 -0.0321348
9.5 17.5 -0.0315908
9.5 18 -0.00125851
9.5 18.5 0.0110556
9.5 19 0.0300028
9.5 19.5 0.0425718
9.5 20 0.00627418
9.5 20.5 0

10 0 0
10 0.5 0.0152972
10 1 0.100618
10 1.5 0.0368215
10 2 -0.0129773
10 2.5 -0.0235011
10 3 0.00444265
10 3.5 0.0133891
10 4 -0.0153189
10 4.5 -0.054638
10 5 -0.0741137
10 5.5 -0.113322
10 6 -0.154564
10 6.5 -0.151447
10 7 -0.100174
10 7.5 -0.0149128
10 8 0.00711623
10 8.5 -0.0432567
10 9 -0.108877
10 9.5 -0.119913
10 10 -0.0858024
10 10.5 -0.0548624
10 11 -0.053857
10 11.5 -0.0507973
10 12 -0.0329833
10 12.5 -0.00576776
10 13 -0.0271379
10 13.5 -0.0735358
10 14 -0.125374
10 14.5 -0.132637
10 15 -0.101903
10 15.5 -0.0770763
10 16 -0.0613997
10 16.5 -0.0612178
10 17 -0.0647517
10 17.5 -0.0450672
10 18 -0.00874445
10 18.5 0.0232937
10 19 0.0637654
10 19.5 0.0980168
10 20 0.015023
10 20.5 0

10.5 0 0
10.5 0.5 0.0181847
10.5 1 0.116358
10.5 1.5 0.0291864
10.5 2 -0.0346266
10.5 2.5 -0.0361102
10.5 3 -0.0139772
10.5 3.5 0.0126926
10.5 4 0.00431257
10.5 4.5 -0.0194674
10.5 5 -0.0391651
10.5 5.5 -0.0830606
10.5 6 -0.138856
10.5 6.5 -0.155731
10.5 7 -0.12239
10.5 7.5 -0.0480479
10.5 8 -0.0184721
10.5 8.5 -0.0782254
10.5 9 -0.139181
10.5 9.5 -0.162284
10.5 10 -0.139379
10.5 10.5 -0.109126
10.5 11 -0.111731
10.5 11.5 -0.107452
10.5 12 -0.0668239
10.5 12.5 -0.0417931
10.5 13 -0.0577861
10.5 13.5 -0.11045
10.5 14 -0.148551
10.5 14.5 -0.130647
10.5 15 -0.0814275
10.5 15.5 -0.0413328
10.5 16 -0.020441
10.5 16.5 -0.0114833
10.5 17 -0.00629014
10.5 17.5 0.00116193
10.5 18 -0.00232198
10.5 18.5 0.0134922
10.5 19 0.0353391
10.5 19.5 0.0635874
10.5 20 0.00971157
10.5 20.5 0

11 0 0
11 0.5 0.00696543
11 1 0.0470413
11 1.5 -0.0158537
11 2 -0.0641205
11 2.5 -0.0343393
11 3 0.025384
11 3.5 0.0849787
11 4 0.0961747
11 4.5 0.0899408
11 5 0.0586419
11 5.5 0.00457373
11 6 -0.0602707
11 6.5 -0.108563
11 7 -0.103235
11 7.5 -0.0595246
11 8 -0.0687626
11 8.5 -0.123369
11 9 -0.179887
11 9.5 -0.201105
11 10 -0.178711
11 10.5 -0.172206
11 11 -0.178276
11 11.5 -0.176195
11 12 -0.131021
11 12.5 -0.0857305
11 13 -0.0904024
11 13.5 -0.1033
11 14 -0.105362
11 14.5 -0.0589838
11 15 0.0111158
11 15.5 0.0558635
11 16 0.0867326
11 16.5 0.112814
11 17 0.102891
11 17.5 0.0799298
11 18 0.0332058
11 18.5 -0.00914296
11 19 -0.0381356
11 19.5 -0.041928
11 20 -0.00662064
11 20.5 0

11.5 0 0
11.5 0.5 -0.00106494
11.5 1 -0.00854913
11.5 1.5 -0.0485314
11.5 2 -0.062608
11.5 2.5 -0.0217222
11.5 3 0.0519831
11.5 3.5 0.109088
11.5 4 0.137768
11.5 4.5 0.131964
11.5 5 0.11168
11.5 5.5 0.0488552
11.5 6 -0.0268183
11.5 6.5 -0.0855581
11.5 7 -0.0974763
11.5 7.5 -0.081579
11.5 8 -0.105498
11.5 8.5 -0.148549
11.5 9 -0.183606
11.5 9.5 -0.17968
11.5 10 -0.146681
11.5 10.5 -0.165407
11.5 11 -0.186924
11.5 11.5 -0.19586
11.5 12 -0.16216
11.5 12.5 -0.117471
11.5 13 -0.115902
11.5 13.5 -0.110094
11.5 14 -0.0732981
11.5 14.5 -0.00891083
11.5 15 0.0655469
11.5 15.5 0.0985972
11.5 16 0.123215
11.5 16.5 0.145618
11.5 17 0.157948
11.5 17.5 0.126788
11.5 18 0.0555211
11.5 18.5 -0.0255637
11.5 19 -0.0777513
11.5 19.5 -0.100048
11.5 20 -0.0156743
11.5 20.5 0

12 0 0
12 0.5 0.00242736
12 1 0.0177614
12 1.5 -0.011606
12 2 -0.0218702
12 2.5 0.00568969
12 3 0.0490764
12 3.5 0.0600765
12 4 0.0535492
12 4.5 0.0461426
12 5 0.02237
12 5.5 -0.0151486
12 6 -0.0705912
12 6.5 -0.12136
12 7 -0.120817
12 7.5 -0.118849
12 8 -0.1152
12 8.5 -0.128354
12 9 -0.1191
12 9.5 -0.0894477
12 10 -0.0600861
12 10.5 -0.0800562
12 11 -0.123626
12 11.5 -0.146779
12 12 -0.125226
12 12.5 -0.127155
12 13 -0.13842
12 13.5 -0.138842
12 14 -0.0895812
12 14.5 -0.034141
12 15 0.00492335
12 15.5 0.00673091
12 16 0.00365527
12 16.5 0.0480059
12 17 0.101772
12 17.5 0.108616
12 18 0.0641034
12 18.5 -0.00590282
12 19 -0.0375371
12 19.5 -0.0428948
12 20 -0.00683751
12 20.5 0

12.5 0 0
12.5 0.5 0.0143198
12.5 1 0.0938135
12.5 1.5 0.0596879
12.5 2 0.0333404
12.5 2.5 0.0156255
12.5 3 -0.0223402
12.5 3.5 -0.0481065
12.5 4 -0.0914792
12.5 4.5 -0.114604
12.5 5 -0.111731
12.5 5.5 -0.127899
12.5 6 -0.140781
12.5 6.5 -0.158702
12.5 7 -0.152495
12.5 7.5 -0.146353
12.5 8 -0.135861
12.5 8.5 -0.118271
12.5 9 -0.0836961
12.5 9.5 -0.0181889
12.5 10 0.00210789
12.5 10.5 -0.0268786
12.5 11 -0.0715536
12.5 11.5 -0.105553
12.5 12 -0.113992
12.5 12.5 -0.124908
12.5 13 -0.160726
12.5 13.5 -0.169975
12.5 14 -0.130146
12.5 14.5 -0.0902676
12.5 15 -0.0861245
12.5 15.5 -0.13119
12.5 16 -0.151227
12.5 16.5 -0.118505
12.5 17 -0.0392742
12.5 17.5 0.0239482
12.5 18 0.0183202
12.5 18.5 0.0180449
12.5 19 0.0425246
12.5 19.5 0.0876068
12.5 20 0.013737
12.5 20.5 0

13 0 0
13 0.5 0.0206307
13 1 0.130959
13 1.5 0.0972916
13 2 0.0692813
13 2.5 0.0336877
13 3 -0.0401278
13 3.5 -0.116567
13 4 -0.17318
13 4.5 -0.191357
13 5 -0.181216
13 5.5 -0.144558
13 6 -0.125727
13 6.5 -0.133391
13 7 -0.145083
13 7.5 -0.157882
13 8 -0.166172
13 8.5 -0.148879
13 9 -0.120696
13 9.5 -0.0835772
13 10 -0.0825505
13 10.5 -0.110966
13 11 -0.133855
13 11.5 -0.13538
13 12 -0.132009
13 12.5 -0.143715
13 13 -0.168738
13 13.5 -0.151354
13 14 -0.111775
13 14.5 -0.079754
13 15 -0.108339
13 15.5 -0.174027
13 16 -0.224289
13 16.5 -0.195274
13 17 -0.110192
13 17.5 -0.039578
13 18 -0.0130915
13 18.5 0.0257457
13 19 0.0940958
13 19.5 0.175186
13 20 0.0270866
13 20.5 0

13.5 0 0
13.5 0.5 0.0137694
13.5 1 0.0935158
13.5 1.5 0.103158
13.5 2 0.0927782
13.5 2.5 0.0388814
13.5 3 -0.0552904
13.5 3.5 -0.132407
13.5 4 -0.182907
13.5 4.5 -0.181693
13.5 5 -0.136748
13.5 5.5 -0.0837714
13.5 6 -0.0418388
13.5 6.5 -0.0456512
13.5 7 -0.0791091
13.5 7.5 -0.119848
13.5 8 -0.163288
13.5 8.5 -0.190458
13.5 9 -0.204209
13.5 9.5 -0.206137
13.5 10 -0.225215
13.5 10.5 -0.250029
13.5 11 -0.235064
13.5 11.5 -0.195829
13.5 12 -0.161311
13.5 12.5 -0.139977
13.5 13 -0.13126
13.5 13.5 -0.0958499
13.5 14 -0.0380548
13.5 14.5 -0.0156468
13.5 15 -0.0474569
13.5 15.5 -0.127214
13.5 16 -0.18211
13.5 16.5 -0.171925
13.5 17 -0.131629
13.5 17.5 -0.0727125
13.5 18 -0.0379281
13.5 18.5 0.0145361
13.5 19 0.0991032
13.5 19.5 0.172803
13.5 20 0.0260017
13.5 20.5 0

14 0 0
14 0.5 0.00562759
14 1 0.0402379
14 1.5 0.0795894
14 2 0.0931473
14 2.5 0.0605868
14 3 -0.0235781
14 3.5 -0.101001
14 4 -0.16801
14 4.5 -0.157446
14 5 -0.110177
14 5.5 -0.0308706
14 6 0.0138226
14 6.5 0.014498
14 7 -0.0180253
14 7.5 -0.088008
14 8 -0.145777
14 8.5 -0.194351
14 9 -0.231043
14 9.5 -0.26709
14 10 -0.300738
14 10.5 -0.313466
14 11 -0.273253
14 11.5 -0.203278
14 12 -0.145674
14 12.5 -0.118686
14 13 -0.0854653
14 13.5 -0.0455238
14 14 -0.00610753
14 14.5 0.00500321
14 15 -0.0295012
14 15.5 -0.082406
14 16 -0.129718
14 16.5 -0.123093
14 17 -0.106228
14 17.5 -0.0630768
14 18 -0.0320447
14 18.5 0.0161745
14 19 0.0780863
14 19.5 0.127976
14 20 0.0195176
14 20.5 0

14.5 0 0
14.5 0.5 0.00036904
14.5 1 0.00459397
14.5 1.5 0.0610809
14.5 2 0.0988973
14.5 2.5 0.0726716
14.5 3 -0.000941433
14.5 3.5 -0.0810447
14.5 4 -0.146454
14.5 4.5 -0.154687
14.5 5 -0.12187
14.5 5.5 -0.057607
14.5 6 -0.0125229
14.5 6.5 -0.000909236
14.5 7 -0.0244689
14.5 7.5 -0.0671588
14.5 8 -0.101054
14.5 8.5 -0.144084
14.5 9 -0.187352
14.5 9.5 -0.218431
14.5 10 -0.245312
14.5 10.5 -0.244958
14.5 11 -0.19956
14.5 11.5 -0.12987
14.5 12 -0.0889842
14.5 12.5 -0.0712565
14.5 13 -0.0588322
14.5 13.5 -0.0521296
14.5 14 -0.0530472
14.5 14.5 -0.0587002
14.5 15 -0.0795791
14.5 15.5 -0.0975226
14.5 16 -0.105834
14.5 16.5 -0.095778
14.5 17 -0.0828058
14.5 17.5 -0.0487594
14.5 18 -0.013421
14.5 18.5 0.0267534
14.5 19 0.0618054
14.5 19.5 0.0872364
14.5 20 0.0135822
14.5 20.5 0

15 0 0
15 0.5 -0.00595666
15 1 -0.0353445
15 1.5 0.0392962
15 2 0.0936427
15 2.5 0.091407
15 3 0.0379776
15 3.5 -0.0145773
15 4 -0.0860449
15 4.5 -0.113693
15 5 -0.118193
15 5.5 -0.0959387
15 6 -0.0787149
15 6.5 -0.0759717
15 7 -0.0791456
15 7.5 -0.0877584
15 8 -0.104052
15 8.5 -0.0946752
15 9 -0.131579
15 9.5 -0.142667
15 10 -0.153132
15 10.5 -0.134483
15 11 -0.0998252
15 11.5 -0.0442498
15 12 -0.0531804
15 12.5 -0.0582316
15 13 -0.0840341
15 13.5 -0.0978332
15 14 -0.137298
15 14.5 -0.164077
15 15 -0.153951
15 15.5 -0.0982211
15 16 -0.0587395
15 16.5 -0.0272177
15 17 -0.0266078
15 17.5 -0.00515787
15 18 0.0232666
15 18.5 0.0524067
15 19 0.0412213
15 19.5 0.0245035
15 20 0.0041727
15 20.5 0

15.5 0 0
15.5 0.5 -0.0145601
15.5 1 -0.0922022
15.5 1.5 -0.00313906
15.5 2 0.086094
15.5 2.5 0.121625
15.5 3 0.100498
15.5 3.5 0.0683579
15.5 4 0.0219703
15.5 4.5 -0.0267855
15.5 5 -0.0722296
15.5 5.5 -0.0961725
15.5 6 -0.121581
15.5 6.5 -0.136812
15.5 7 -0.15222
15.5 7.5 -0.143274
15.5 8 -0.125714
15.5 8.5 -0.109146
15.5 9 -0.118337
15.5 9.5 -0.14424
15.5 10 -0.143808
15.5 10.5 -0.127533
15.5 11 -0.0840995
15.5 11.5 -0.0632414
15.5 12 -0.0765267
15.5 12.5 -0.0900958
15.5 13 -0.116317
15.5 13.5 -0.160596
15.5 14 -0.212726
15.5 14.5 -0.222842
15.5 15 -0.172391
15.5 15.5 -0.0565952
15.5 16 0.0358149
15.5 16.5 0.0672482
15.5 17 0.0629712
15.5 17.5 0.0652514
15.5 18 0.0737467
15.5 18.5 0.068941
15.5 19 0.00920576
15.5 19.5 -0.0614938
15.5 20 -0.0095977
15.5 20.5 0

16 0 0
16 0.5 -0.016814
16 1 -0.110649
16 1.5 -0.0280999
16 2 0.0605223
16 2.5 0.115084
16 3 0.133432
16 3.5 0.135408
16 4 0.115965
16 4.5 0.0417055
16 5 -0.0242123
16 5.5 -0.0849558
16 6 -0.148112
16 6.5 -0.184067
16 7 -0.209094
16 7.5 -0.195354
16 8 -0.162333
16 8.5 -0.142765
16 9 -0.144476
16 9.5 -0.166757
16 10 -0.189609
16 10.5 -0.17067
16 11 -0.131357
16 11.5 -0.122272
16 12 -0.134129
16 12.5 -0.148665
16 13 -0.165534
16 13.5 -0.192343
16 14 -0.243932
16 14.5 -0.239099
16 15 -0.153671
16 15.5 -0.0111003
16 16 0.116399
16 16.5 0.146956
16 17 0.125021
16 17.5 0.0999684
16 18 0.0942693
16 18.5 0.0725628
16 19 -0.011714
16 19.5 -0.107764
16 20 -0.0168482
16 20.5 0

16.5 0 0
16.5 0.5 -0.0080855
16.5 1 -0.0503664
16.5 1.5 -0.00182073
16.5 2 0.0475837
16.5 2.5 0.0840431
16.5 3 0.101998
16.5 3.5 0.101228
16.5 4 0.0774038
16.5 4.5 0.0243838
16.5 5 -0.0437077
16.5 5.5 -0.109625
16.5 6 -0.171577
16.5 6.5 -0.211577
16.5 7 -0.220585
16.5 7.5 -0.201461
16.5 8 -0.150372
16.5 8.5 -0.114233
16.5 9 -0.127348
16.5 9.5 -0.156958
16.5 10 -0.17719
16.5 10.5 -0.168104
16.5 11 -0.148079
16.5 11.5 -0.144648
16.5 12 -0.160484
16.5 12.5 -0.160991
16.5 13 -0.167672
16.5 13.5 -0.195458
16.5 14 -0.233898
16.5 14.5 -0.234712
16.5 15 -0.157199
16.5 15.5 -0.0268937
16.5 16 0.0919101
16.5 16.5 0.119134
16.5 17 0.0802007
16.5 17.5 0.0640338
16.5 18 0.0771277
16.5 18.5 0.0723897
16.5 19 0.0149918
16.5 19.5 -0.0640535
16.5 20 -0.0102837
16.5 20.5 0

17 0 0
17 0.5 0.00739874
17 1 0.048474
17 1.5 0.051364
17 2 0.0525528
17 2.5 0.0331937
17 3 0.0252868
17 3.5 0.0164899
17 4 -0.0111959
17 4.5 -0.0577263
17 5 -0.105159
17 5.5 -0.145631
17 6 -0.182611
17 6.5 -0.189874
17 7 -0.178023
17 7.5 -0.141047
17 8 -0.0834799
17 8.5 -0.0635197
17 9 -0.0688228
17 9.5 -0.0927915
17 10 -0.120608
17 10.5 -0.110217
17 11 -0.112179
17 11.5 -0.11557
17 12 -0.119642
17 12.5 -0.12507
17 13 -0.118935
17 13.5 -0.139182
17 14 -0.187062
17 14.5 -0.204765
17 15 -0.169552
17 15.5 -0.0796787
17 16 -0.000715063
17 16.5 0.0163181
17 17 -0.00280313
17 17.5 -0.00593746
17 18 0.0338253
17 18.5 0.0659789
17 19 0.0636927
17 19.5 0.0349542
17 20 0.00507019
17 20.5 0

17.5 0 0
17.5 0.5 0.0144039
17.5 1 0.0953392
17.5 1.5 0.0808112
17.5 2 0.0542947
17.5 2.5 0.0103485
17.5 3 -0.0195798
17.5 3.5 -0.0436511
17.5 4 -0.0770711
17.5 4.5 -0.108336
17.5 5 -0.138748
17.5 5.5 -0.157705
17.5 6 -0.15518
17.5 6.5 -0.139588
17.5 7 -0.109672
17.5 7.5 -0.0727566
17.5 8 -0.0374221
17.5 8.5 -0.0323716
17.5 9 -0.0655943
17.5 9.5 -0.0929653
17.5 10 -0.122762
17.5 10.5 -0.123912
17.5 11 -0.123233
17.5 11.5 -0.115309
17.5 12 -0.112118
17.5 12.5 -0.0857567
17.5 13 -0.0642504
17.5 13.5 -0.0683867
17.5 14 -0.105409
17.5 14.5 -0.146961
17.5 15 -0.150178
17.5 15.5 -0.117816
17.5 16 -0.0732194
17.5 16.5 -0.0538142
17.5 17 -0.053269
17.5 17.5 -0.0281308
17.5 18 0.0132881
17.5 18.5 0.0521644
17.5 19 0.0761652
17.5 19.5 0.0825107
17.5 20 0.0128818
17.5 20.5 0

18 0 0
18 0.5 0.00811684
18 1 0.0545891
18 1.5 0.0556065
18 2 0.0436049
18 2.5 0.0238365
18 3 -0.00743522
18 3.5 -0.0194914
18 4 -0.0429164
18 4.5 -0.071351
18 5 -0.0901035
18 5.5 -0.0903124
18 6 -0.0769499
18 6.5 -0.0535294
18 7 -0.0277476
18 7.5 -0.0182479
18 8 -0.0381289
18 8.5 -0.0794543
18 9 -0.137532
18 9.5 -0.186227
18 10 -0.215962
18 10.5 -0.215149
18 11 -0.201246
18 11.5 -0.172127
18 12 -0.133077
18 12.5 -0.0783514
18 13 -0.0267648
18 13.5 -0.0030762
18 14 -0.0251526
18 14.5 -0.0464657
18 15 -0.0679243
18 15.5 -0.0698055
18 16 -0.0484638
18 16.5 -0.0201215
18 17 -0.000355109
18 17.5 0.0115677
18 18 0.0203299
18 18.5 0.0378199
18 19 0.0436257
18 19.5 0.0353356
18 20 0.00500872
18 20.5 0

18.5 0 0
18.5 0.5 -0.00251825
18.5 1 -0.0122204
18.5 1.5 0.0230584
18.5 2 0.044095
18.5 2.5 0.0514772
18.5 3 0.0327112
18.5 3.5 0.021941
18.5 4 0.00911934
18.5 4.5 -0.0109056
18.5 5 -0.0342076
18.5 5.5 -0.0368675
18.5 6 -0.0256331
18.5 6.5 0.00338318
18.5 7 0.0196013
18.5 7.5 0.00440745
18.5 8 -0.0515959
18.5 8.5 -0.132284
18.5 9 -0.210595
18.5 9.5 -0.275057
18.5 10 -0.299926
18.5 10.5 -0.305775
18.5 11 -0.274068
18.5 11.5 -0.220473
18.5 12 -0.146091
18.5 12.5 -0.0658732
18.5 13 -0.0164542
18.5 13.5 -0.000582683
18.5 14 0.00823028
18.5 14.5 0.0094713
18.5 15 -0.00831397
18.5 15.5 -0.0171128
18.5 16 -0.00618637
18.5 16.5 0.035049
18.5 17 0.0718801
18.5 17.5 0.0854453
18.5 18 0.0518892
18.5 18.5 0.0202128
18.5 19 -0.00630192
18.5 19.5 -0.0314963
18.5 20 -0.0051404
18.5 20.5 0

19 0 0
19 0.5 -0.00300209
19 1 -0.0217659
19 1.5 0.00916179
19 2 0.0412135
19 2.5 0.0609067
19 3 0.0582975
19 3.5 0.0373654
19 4 0.0135935
19 4.5 -0.0139056
19 5 -0.0501697
19 5.5 -0.0595204
19 6 -0.0533492
19 6.5 -0.0241199
19 7 0.00481285
19 7.5 -0.00217613
19 8 -0.0539762
19 8.5 -0.121119
19 9 -0.186433
19 9.5 -0.23477
19 10 -0.255836
19 10.5 -0.260458
19 11 -0.229684
19 11.5 -0.163622
19 12 -0.0890435
19 12.5 -0.0396014
19 13 -0.0352391
19 13.5 -0.0381108
19 14 -0.0385506
19 14.5 -0.038533
19 15 -0.0459472
19 15.5 -0.0508078
19 16 -0.0369177
19 16.5 0.0300467
19 17 0.0987009
19 17.5 0.12125
19 18 0.0794417
19 18.5 0.0193269
19 19 -0.0193546
19 19.5 -0.0383023
19 20 -0.00576462
19 20.5 0

19.5 0 0
19.5 0.5 0.000536692
19.5 1 0.00140918
19.5 1.5 0.022661
19.5 2 0.0413426
19.5 2.5 0.050577
19.5 3 0.0266998
19.5 3.5 0.0108527
19.5 4 -0.0231069
19.5 4.5 -0.0589713
19.5 5 -0.0877925
19.5 5.5 -0.115442
19.5 6 -0.0974568
19.5 6.5 -0.0641823
19.5 7 -0.0187212
19.5 7.5 0.0073743
19.5 8 -0.0197551
19.5 8.5 -0.0538519
19.5 9 -0.0792031
19.5 9.5 -0.0912094
19.5 10 -0.0951079
19.5 10.5 -0.0924971
19.5 11 -0.0696285
19.5 11.5 -0.0272167
19.5 12 0.0221417
19.5 12.5 0.0293093
19.5 13 -0.026178
19.5 13.5 -0.0727419
19.5 14 -0.105746
19.5 14.5 -0.10759
19.5 15 -0.0932276
19.5 15.5 -0.12099
19.5 16 -0.109611
19.5 16.5 -0.040323
19.5 17 0.0488582
19.5 17.5 0.106936
19.5 18 0.071385
19.5 18.5 0.0277596
19.5 19 0.00136281
19.5 19.5 0.000275061
19.5 20 0.000302676
19.5 20.5 0

20 0 0
20 0.5 -0.00168565
20 1 -0.00776513
20 1.5 0.0183083
20 2 0.0370536
20 2.5 0.0567255
20 3 0.0359845
20 3.5 0.0084119
20 4 -0.0255091
20 4.5 -0.0495614
20 5 -0.0879219
20 5.5 -0.106796
20 6 -0.0904844
20 6.5 -0.0526736
20 7 0.00706928
20 7.5 0.0367435
20 8 0.0178143
20 8.5 0.0193509
20 9 0.0156416
20 9.5 0.0116023
20 10 0.0263026
20 10.5 0.0275509
20 11 0.0384189
20 11.5 0.0762619
20 12 0.107976
20 12.5 0.0918882
20 13 0.0126702
20 13.5 -0.0505661
20 14 -0.0887425
20 14.5 -0.100853
20 15 -0.0896731
20 15.5 -0.110328
20 16 -0.135955
20 16.5 -0.0777352
20 17 0.0153244
20 17.5 0.083748
20 18 0.0727268
20 18.5 0.037329
20 19 0.0113568
20 19.5 0.0109693
20 20 0.00171914
20 20.5 0

20.5 0 0
20.5 0.5 -0.00687018
20.5 1 -0.0446119
20.5 1.5 -0.0119809
20.5 2 0.0285942
20.5 2.5 0.0525377
20.5 3 0.0482579
20.5 3.5 0.0448396
20.5 4 0.0275972
20.5 4.5 -0.00647047
20.5 5 -0.0291678
20.5 5.5 -0.0445933
20.5 6 -0.0349339
20.5 6.5 0.00362641
20.5 7 0.0354959
20.5 7.5 0.0656826
20.5 8 0.0333429
20.5 8.5 -0.00397355
20.5 9 -0.0244748
20.5 9.5 -0.0178987
20.5 10 0.00899238
20.5 10.5 0.00408103
20.5 11 0.0128015
20.5 11.5 0.0359888
20.5 12 0.0740772
20.5 12.5 0.0866775
20.5 13 0.0451805
20.5 13.5 0.00514316
20.5 14 -0.0282005
20.5 14.5 -0.00997256
20.5 15 -0.00639216
20.5 15.5 -0.0466331
20.5 16 -0.0809069
20.5 16.5 -0.0618265
20.5 17 0.01174
20.5 17.5 0.0718335
20.5 18 0.0545239
20.5 18.5 0.022814
20.5 19 0.00254273
20.5 19.5 -0.0069471
20.5 20 -0.00156894
20.5 20.5 0

21 0 0
21 0.5 -0.0065094
21 1 -0.0417463
21 1.5 -0.018825
21 2 0.0121162
21 2.5 0.0507166
21 3 0.0806025
21 3.5 0.0698981
21 4 0.0502179
21 4.5 0.0168976
21 5 -0.00758439
21 5.5 -0.0157702
21 6 -0.0103243
21 6.5 0.0200067
21 7 0.0478233
21 7.5 0.0495482
21 8 0.000418863
21 8.5 -0.0623326
21 9 -0.127098
21 9.5 -0.135298
21 10 -0.115458
21 10.5 -0.107124
21 11 -0.114634
21 11.5 -0.087872
21 12 -0.0366281
21 12.5 0.0196774
21 13 0.03583
21 13.5 0.02793
21 14 0.0267046
21 14.5 0.0521608
21 15 0.0441549
21 15.5 -5.08719e-05
21 16 -0.0421236
21 16.5 -0.0382376
21 17 0.0115633
21 17.5 0.0490777
21 18 0.0456861
21 18.5 0.0155709
21 19 0.00434738
21 19.5 -0.00291027
21 20 -0.000699935
21 20.5 0

21.5 0 0
21.5 0.5 0.00369672
21.5 1 0.0290298
21.5 1.5 0.0178401
21.5 2 0.00789646
21.5 2.5 0.014861
21.5 3 0.047145
21.5 3.5 0.0464636
21.5 4 0.0211221
21.5 4.5 -0.0225718
21.5 5 -0.0499871
21.5 5.5 -0.0491052
21.5 6 -0.0500863
21.5 6.5 -0.0216807
21.5 7 0.0129013
21.5 7.5 0.027513
21.5 8 -0.0215766
21.5 8.5 -0.102973
21.5 9 -0.179186
21.5 9.5 -0.203687
21.5 10 -0.181872
21.5 10.5 -0.173938
21.5 11 -0.18361
21.5 11.5 -0.171457
21.5 12 -0.127093
21.5 12.5 -0.0488459
21.5 13 0.00962771
21.5 13.5 0.0185958
21.5 14 0.0134159
21.5 14.5 0.0264178
21.5 15 0.0144
21.5 15.5 -0.00751855
21.5 16 -0.0427663
21.5 16.5 -0.0538825
21.5 17 -0.0304529
21.5 17.5 0.00029543
21.5 18 0.0169658
21.5 18.5 0.022487
21.5 19 0.0460548
21.5 19.5 0.0454977
21.5 20 0.00588994
21.5 20.5 0

22 0 0
22 0.5 0.0141633
22 1 0.0943387
22 1.5 0.0343714
22 2 -0.0221795
22 2.5 -0.0298485
22 3 0.00371199
22 3.5 0.0171343
22 4 -0.00608172
22 4.5 -0.0519758
22 5 -0.0795489
22 5.5 -0.0863863
22 6 -0.0900332
22 6.5 -0.0594763
22 7 -0.00492423
22 7.5 0.0370661
22 8 0.0240436
22 8.5 -0.0393983
22 9 -0.120907
22 9.5 -0.140511
22 10 -0.128469
22 10.5 -0.115287
22 11 -0.139248
22 11.5 -0.133175
22 12 -0.10676
22 12.5 -0.0378454
22 13 0.0173484
22 13.5 0.0176126
22 14 -0.0157589
22 14.5 -0.0191033
22 15 -0.0192661
22 15.5 -0.0304645
22 16 -0.0481095
22 16.5 -0.0589552
22 17 -0.0507211
22 17.5 -0.0340036
22 18 -0.0154105
22 18.5 0.0172528
22 19 0.0557502
22 19.5 0.0772743
22 20 0.0115879
22 20.5 0

22.5 0 0
22.5 0.5 0.0107317
22.5 1 0.0699967
22.5 1.5 -0.00100759
22.5 2 -0.0589795
22.5 2.5 -0.0484452
22.5 3 0.00902047
22.5 3.5 0.0452639
22.5 4 0.0343994
22.5 4.5 0.00199559
22.5 5 -0.0366019
22.5 5.5 -0.0528231
22.5 6 -0.0596456
22.5 6.5 -0.0405508
22.5 7 0.0115978
22.5 7.5 0.0726141
22.5 8 0.097263
22.5 8.5 0.0612904
22.5 9 -0.00417077
22.5 9.5 -0.0264928
22.5 10 -0.0130204
22.5 10.5 -0.000627554
22.5 11 -0.0232556
22.5 11.5 -0.037195
22.5 12 -0.0265681
22.5 12.5 0.0250429
22.5 13 0.0591432
22.5 13.5 0.044937
22.5 14 0.00262486
22.5 14.5 -0.0156066
22.5 15 -0.00845085
22.5 15.5 0.0146359
22.5 16 0.0144053
22.5 16.5 0.00718202
22.5 17 -0.00753668
22.5 17.5 -0.0132759
22.5 18 -0.0109851
22.5 18.5 -0.00613249
22.5 19 0.0105973
22.5 19.5 0.021235
22.5 20 0.00336009
22.5 20.5 0

23 0 0
23 0.5 -0.00221054
23 1 -0.0155498
23 1.5 -0.0573982
23 2 -0.0836947
23 2.5 -0.0392868
23 3 0.0398276
23 3.5 0.112313
23 4 0.11794
23 4.5 0.0966017
23 5 0.0648234
23 5.5 0.0270085
23 6 -0.00293399
23 6.5 -0.00842228
23 7 0.0183824
23 7.5 0.0774143
23 8 0.117494
23 8.5 0.105639
23 9 0.0637173
23 9.5 0.0394121
23 10 0.0526894
23 10.5 0.0598378
23 11 0.0523403
23 11.5 0.0320751
23 12 0.033311
23 12.5 0.0576425
23 13 0.0677481
23 13.5 0.0426418
23 14 0.0127132
23 14.5 0.0147934
23 15 0.051529
23 15.5 0.0947735
23 16 0.12061
23 16.5 0.114532
23 17 0.0714363
23 17.5 0.0419421
23 18 0.0109818
23 18.5 -0.0149377
23 19 -0.0494161
23 19.5 -0.0873373
23 20 -0.013609
23 20.5 0

23.5 0 0
23.5 0.5 -0.009039
23.5 1 -0.0576583
23.5 1.5 -0.0634617
23.5 2 -0.0597914
23.5 2.5 -0.00588472
23.5 3 0.0804842
23.5 3.5 0.130033
23.5 4 0.139785
23.5 4.5 0.11448
23.5 5 0.0700554
23.5 5.5 0.0257563
23.5 6 -0.031057
23.5 6.5 -0.0541443
23.5 7 -0.0493462
23.5 7.5 -0.00545126
23.5 8 0.0468462
23.5 8.5 0.0739245
23.5 9 0.0647514
23.5 9.5 0.0484344
23.5 10 0.0673883
23.5 10.5 0.0718288
23.5 11 0.0693806
23.5 11.5 0.0429326
23.5 12 0.027843
23.5 12.5 0.0219778
23.5 13 -0.00423488
23.5 13.5 -0.0334828
23.5 14 -0.0553103
23.5 14.5 -0.0323357
23.5 15 0.0193788
23.5 15.5 0.0821172
23.5 16 0.124943
23.5 16.5 0.138617
23.5 17 0.120219
23.5 17.5 0.0902927
23.5 18 0.0580126
23.5 18.5 0.00243458
23.5 19 -0.0643142
23.5 19.5 -0.130875
23.5 20 -0.0202463
23.5 20.5 0

24 0 0
24 0.5 -0.003249
24 1 -0.0161855
24 1.5 -0.00453233
24 2 0.00173488
24 2.5 0.0211957
24 3 0.0501351
24 3.5 0.0689414
24 4 0.0578594
24 4.5 0.0201869
24 5 -0.0114293
24 5.5 -0.0626097
24 6 -0.109386
24 6.5 -0.12998
24 7 -0.131717
24 7.5 -0.0944931
24 8 -0.0368814
24 8.5 0.0143905
24 9 0.0454679
24 9.5 0.0602902
24 10 0.0766769
24 10.5 0.084317
24 11 0.0752107
24 11.5 0.0399783
24 12 1.65103e-05
24 12.5 -0.0368177
24 13 -0.0821177
24 13.5 -0.125777
24 14 -0.146407
24 14.5 -0.128866
24 15 -0.0811457
24 15.5 -0.0240066
24 16 0.028302
24 16.5 0.0549465
24 17 0.069821
24 17.5 0.0759616
24 18 0.0654624
24 18.5 0.0381701
24 19 -0.013994
24 19.5 -0.0643576
24 20 -0.0102722
24 20.5 0

24.5 0 0
24.5 0.5 0.00590387
24.5 1 0.0386299
24.5 1.5 0.0406937
24.5 2 0.0367975
24.5 2.5 0.020759
24.5 3 -0.0040812
24.5 3.5 -0.0371098
24.5 4 -0.0580103
24.5 4.5 -0.0609917
24.5 5 -0.0715402
24.5 5.5 -0.0883397
24.5 6 -0.10673
24.5 6.5 -0.113517
24.5 7 -0.114467
24.5 7.5 -0.10535
24.5 8 -0.0678948
24.5 8.5 -0.00706417
24.5 9 0.0381766
24.5 9.5 0.065898
24.5 10 0.0862981
24.5 10.5 0.0793462
24.5 11 0.0686832
24.5 11.5 0.0406748
24.5 12 -0.00310575
24.5 12.5 -0.0496172
24.5 13 -0.0947793
24.5 13.5 -0.122163
24.5 14 -0.13204
24.5 14.5 -0.126915
24.5 15 -0.113314
24.5 15.5 -0.089723
24.5 16 -0.068748
24.5 16.5 -0.0440171
24.5 17 -0.0191984
24.5 17.5 0.00523995
24.5 18 0.0379436
24.5 18.5 0.044397
24.5 19 0.0292342
24.5 19.5 0.0272153
24.5 20 0.00453422
24.5 20.5 0

25 0 0
25 0.5 0.00400331
25 1 0.0249478
25 1.5 0.0329043
25 2 0.0296167
25 2.5 -0.0109838
25 3 -0.061541
25 3.5 -0.0908344
25 4 -0.076794
25 4.5 -0.0401453
25 5 -0.00260575
25 5.5 0.0230676
25 6 0.0432974
25 6.5 0.0405331
25 7 0.0142607
25 7.5 -0.0143635
25 8 -0.0309734
25 8.5 -0.00809708
25 9 0.0251834
25 9.5 0.0560609
25 10 0.0516415
25 10.5 0.0447288
25 11 0.0358193
25 11.5 0.0374303
25 12 0.0127341
25 12.5 -0.00677872
25 13 -0.0154984
25 13.5 0.009011
25 14 0.034792
25 14.5 0.0327484
25 15 0.00578505
25 15.5 -0.0195838
25 16 -0.0410346
25 16.5 -0.0590712
25 17 -0.0657603
25 17.5 -0.0641278
25 18 -0.0368858
25 18.5 -0.00184595
25 19 0.0267146
25 19.5 0.0539997
25 20 0.00849484
25 20.5 0

25.5 0 0
25.5 0.5 -0.00616975
25.5 1 -0.0387922
25.5 1.5 -0.00270279
25.5 2 0.0119353
25.5 2.5 -0.0255319
25.5 3 -0.0812534
25.5 3.5 -0.0946491
25.5 4 -0.049375
25.5 4.5 0.0291653
25.5 5 0.110248
25.5 5.5 0.178551
25.5 6 0.224131
25.5 6.5 0.224639
25.5 7 0.176462
25.5 7.5 0.0947747
25.5 8 0.0277975
25.5 8.5 0.00693641
25.5 9 0.0180716
25.5 9.5 0.0184277
25.5 10 -0.00931476
25.5 10.5 -0.0227543
25.5 11 -0.0114375
25.5 11.5 0.0184421
25.5 12 0.0393314
25.5 12.5 0.0569612
25.5 13 0.102794
25.5 13.5 0.172619
25.5 14 0.224317
25.5 14.5 0.22131
25.5 15 0.171371
25.5 15.5 0.0998916
25.5 16 0.0361187
25.5 16.5 -0.0195733
25.5 17 -0.0679716
25.5 17.5 -0.0950242
25.5 18 -0.0940253
25.5 18.5 -0.0578402
25.5 19 -0.00681541
25.5 19.5 0.0276342
25.5 20 0.00411529
25.5 20.5 0

26 0 0
26 0.5 0
26 1 -0.00616975
26 1.5 -0.000764035
26 2 0.00157122
26 2.5 -0.00342602
26 3 -0.0119066
26 3.5 -0.0138468
26 4 -0.007673
26 4.5 0.0043518
26 5 0.0160095
26 5.5 0.0272856
26 6 0.0337715
26 6.5 0.0341094
26 7 0.0268158
26 7.5 0.0141665
26 8 0.00478517
26 8.5 0.00088555
26 9 0.00327299
26 9.5 0.00189299
26 10 -0.00178151
26 10.5 -0.00451226
26 11 -0.00137927
26 11.5 0.00243138
26 12 0.00664288
26 12.5 0.00839577
26 13 0.0161087
26 13.5 0.0263454
26 14 0.033645
26 14.5 0.0334077
26 15 0.0256073
26 15.5 0.0148211
26 16 0.00512276
26 16.5 -0.00258848
26 17 -0.0100263
26 17.5 -0.0137995
26 18 -0.0142099
26 18.5 -0.00922158
26 19 -0.00103934
26 19.5 0.00411529
26 20 0
26 20.5 0

26.5 0 0
26.5 0.5 0
26.5 1 0
26.5 1.5 0
26.5 2 0
26.5 2.5 0
26.5 3 0
26.5 3.5 0
26.5 4 0
26.5 4.5 0
26.5 5 0
26.5 5.5 0
26.5 6 0
26.5 6.5 0
26.5 7 0
26.5 7.5 0
26.5 8 0
26.5 8.5 0
26.5 9 0
26.5 9.5 0
26.5 10 0
26.5 10.5 0
26.5 11 0
26.5 11.5 0
26.5 12 0
26.5 12.5 0
26.5 13 0
26.5 13.5 0
26.5 14 0
26.5 14.5 0
26.5 15 0
26.5 15.5 0
26.5 16 0
26.5 16.5 0
26.5 17 0
26.5 17.5 0
26.5 18 0
26.5 18.5 0
26.5 19 0
26.5 19.5 0
26.5 20 0
26.5 20.5 0

