0 0 0
0 0.5 0
0 1 0
0 1.5 0
0 2 0
0 2.5 0
0 3 0
0 3.5 0
0 4 0
0 4.5 0
0 5 0
0 5.5 0
0 6 0
0 6.5 0
0 7 0
0 7.5 0
0 8 0
0 8.5 0
0 9 0
0 9.5 0
0 10 0
0 10.5 0
0 11 0
0 11.5 0
0 12 0
0 12.5 0
0 13 0
0 13.5 0
0 14 0
0 14.5 0
0 15 0
0 15.5 0
0 16 0
0 16.5 0
0 17 0
0 17.5 0
0 18 0
0 18.5 0
0 19 0
0 19.5 0
0 20 0
0 20.5 0

0.5 0 0
0.5 0.5 0
0.5 1 -8.81984e-06
0.5 1.5 -9.53488e-05
0.5 2 9.57515e-06
0.5 2.5 -2.38376e-05
0.5 3 -2.3965e-05
0.5 3.5 7.90379e-06
0.5 4 1.64611e-06
0.5 4.5 7.21992e-05
0.5 5 -6.75018e-05
0.5 5.5 -2.91681e-05
0.5 6 -9.38982e-05
0.5 6.5 -0.000106161
0.5 7 -7.99845e-06
0.5 7.5 4.5767e-05
0.5 8 0.000110557
0.5 8.5 0.000114357
0.5 9 0.000114445
0.5 9.5 0.000185003
0.5 10 0.000230347
0.5 10.5 0.000212154
0.5 11 0.000176004
0.5 11.5 0.000168382
0.5 12 8.755e-05
0.5 12.5 7.44504e-05
0.5 13 9.64898e-07
0.5 13.5 -0.000108583
0.5 14 -8.1707e-05
0.5 14.5 -0.000114713
0.5 15 -6.33368e-05
0.5 15.5 -3.0019e-05
0.5 16 -7.35974e-05
0.5 16.5 1.00654e-05
0.5 17 1.9664e-05
0.5 17.5 1.77779e-05
0.5 18 1.71002e-05
0.5 18.5 -2.61502e-05
0.5 19 2.98235e-05
0.5 19.5 -8.13374e-05
0.5 20 0
0.5 20.5 0

1 0 0
1 0.5 -8.81984e-06
1 1 -8.79647e-05
1 1.5 -0.000331386
1 2 -0.000264624
1 2.5 -0.000294148
1 3 -1.0938e-05
1 3.5 8.26798e-05
1 4 0.000287517
1 4.5 0.000215568
1 5 -0.000148617
1 5.5 -0.00014943
1 6 -0.0001584
1 6.5 -0.000193483
1 7 0.000146843
1 7.5 0.000434327
1 8 0.000768512
1 8.5 0.000902045
1 9 0.00075727
1 9.5 0.00107483
1 10 0.000950883
1 10.5 0.00130596
1 11 0.000936829
1 11.5 0.00106739
1 12 0.000635112
1 12.5 0.000579914
1 13 0.000241163
1 13.5 -0.000233455
1 14 -0.000299261
1 14.5 -0.000467801
1 15 -0.000364711
1 15.5 -0.000170146
1 16 -4.41759e-05
1 16.5 0.000156342
1 17 0.000323157
1 17.5 0.000170879
1 18 8.1688e-05
1 18.5 -0.000175148
1 19 -8.92919e-05
1 19.5 -0.000403078
1 20 -8.13374e-05
1 20.5 0

1.5 0 0
1.5 0.5 -9.73754e-05
1.5 1 -0.000419921
1.5 1.5 -1.32258e-05
1.5 2 -0.000889803
1.5 2.5 -0.000252689
1.5 3 6.62645e-05
1.5 3.5 0.000476703
1.5 4 0.000641439
1.5 4.5 -6.53519e-05
1.5 5 0.00061873
1.5 5.5 0.000297682
1.5 6 0.000700823
1.5 6.5 0.00117425
1.5 7 0.000823743
1.5 7.5 0.000965978
1.5 8 0.000932964
1.5 8.5 0.000999326
1.5 9 0.000847868
1.5 9.5 0.000504557
1.5 10 0.000513574
1.5 10.5 0.000599199
1.5 11 0.000882979
1.5 11.5 0.000697352
1.5 12 0.000933793
1.5 12.5 0.00086158
1.5 13 0.000916749
1.5 13.5 0.00107853
1.5 14 0.00039737
1.5 14.5 0.000586298
1.5 15 -2.24161e-05
1.5 15.5 0.000185439
1.5 16 0.000804188
1.5 16.5 0.000516998
1.5 17 0.000457765
1.5 17.5 0.000384354
1.5 18 -7.72654e-05
1.5 18.5 -0.000138019
1.5 19 -0.000914421
1.5 19.5 -0.000303399
1.5 20 -5.54803e-06
1.5 20.5 0

2 0 0
2 0.5 -0.000106234
2 1 -0.000626769
2 1.5 -0.000446313
2 2 -7.34518e-05
2 2.5 0.000181263
2 3 -1.91778e-05
2 3.5 0.000990574
2 4 0.000276968
2 4.5 0.000922673
2 5 0.0010147
2 5.5 0.0013336
2 6 0.00162977
2 6.5 0.0018121
2 7 0.00134628
2 7.5 0.00191158
2 8 0.0012604
2 8.5 0.00106707
2 9 0.00132814
2 9.5 0.000643245
2 10 0.000870911
2 10.5 0.000414835
2 11 0.00140094
2 11.5 0.00106294
2 12 0.00136776
2 12.5 0.00103044
2 13 0.0012945
2 13.5 0.00221864
2 14 0.00132295
2 14.5 0.00150758
2 15 0.00106532
2 15.5 0.00125467
2 16 0.00051331
2 16.5 0.000712308
2 17 0.000648259
2 17.5 0.00081114
2 18 -0.000327146
2 18.5 -0.000193129
2 19 -0.000561062
2 19.5 -0.000503992
2 20 -4.37262e-05
2 20.5 0

2.5 0 0
2.5 0.5 -6.6359e-05
2.5 1 -0.000288127
2.5 1.5 8.42157e-05
2.5 2 -0.000181877
2.5 2.5 9.37534e-05
2.5 3 0.000739789
2.5 3.5 0.000324376
2.5 4 0.000689606
2.5 4.5 0.000218266
2.5 5 0.000583325
2.5 5.5 0.000120661
2.5 6 0.00181893
2.5 6.5 0.000587245
2.5 7 0.000984021
2.5 7.5 4.82046e-05
2.5 8 -8.58418e-05
2.5 8.5 -6.73411e-05
2.5 9 0.000617285
2.5 9.5 -3.49185e-06
2.5 10 -0.000263946
2.5 10.5 0.000798313
2.5 11 0.000130216
2.5 11.5 -0.000513727
2.5 12 0.00036094
2.5 12.5 -3.71631e-05
2.5 13 0.000281941
2.5 13.5 0.00070317
2.5 14 0.00150012
2.5 14.5 0.000448403
2.5 15 0.00157872
2.5 15.5 0.000181333
2.5 16 0.000690223
2.5 16.5 0.00038586
2.5 17 2.85698e-05
2.5 17.5 6.8987e-05
2.5 18 -0.000305324
2.5 18.5 -0.000475066
2.5 19 0.000126921
2.5 19.5 0.000122761
2.5 20 -1.38692e-05
2.5 20.5 0

3 0 0
3 0.5 1.97499e-05
3 1 0.000197514
3 1.5 0.000404903
3 2 1.54242e-05
3 2.5 0.000718919
3 3 -0.000821162
3 3.5 5.54084e-05
3 4 -0.000118872
3 4.5 -6.34472e-05
3 5 0.000603042
3 5.5 0.00135931
3 6 0.000651524
3 6.5 0.000448723
3 7 0.000598116
3 7.5 0.000885267
3 8 -0.000454376
3 8.5 -0.000691519
3 9 -0.000548896
3 9.5 -0.00114267
3 10 -0.00052433
3 10.5 -0.000963732
3 11 -0.000140429
3 11.5 -0.00110155
3 12 -0.000272813
3 12.5 -4.74002e-06
3 13 0.000373278
3 13.5 0.00131115
3 14 0.000918364
3 14.5 0.00129844
3 15 0.000389475
3 15.5 0.000872062
3 16 -0.000106523
3 16.5 -0.000125424
3 17 -0.00057313
3 17.5 3.73485e-05
3 18 -0.000698844
3 18.5 0.000557553
3 19 -0.00023749
3 19.5 0.000520044
3 20 0.000148761
3 20.5 0

3.5 0 0
3.5 0.5 0.000112887
3.5 1 0.000554703
3.5 1.5 0.000454621
3.5 2 6.2965e-05
3.5 2.5 0.00028226
3.5 3 -0.00083913
3.5 3.5 -0.000237123
3.5 4 2.32484e-05
3.5 4.5 -0.000657924
3.5 5 -6.18101e-05
3.5 5.5 -0.000815734
3.5 6 0.000709463
3.5 6.5 -0.000102807
3.5 7 -8.85076e-05
3.5 7.5 -0.00120812
3.5 8 -0.00102716
3.5 8.5 -0.00158386
3.5 9 2.84748e-06
3.5 9.5 -0.00270165
3.5 10 -0.00127621
3.5 10.5 -0.00204267
3.5 11 -0.00059966
3.5 11.5 -0.00184422
3.5 12 -0.000125903
3.5 12.5 -0.00144343
3.5 13 -0.000507172
3.5 13.5 -0.000683136
3.5 14 5.26362e-05
3.5 14.5 -0.000259929
3.5 15 0.000569559
3.5 15.5 -0.00045778
3.5 16 -0.000427547
3.5 16.5 -0.000910133
3.5 17 -0.000882639
3.5 17.5 -0.000489933
3.5 18 -0.000687249
3.5 18.5 -1.06937e-05
3.5 19 0.000827214
3.5 19.5 0.000910946
3.5 20 9.99749e-05
3.5 20.5 0

4 0 0
4 0.5 5.76406e-05
4 1 0.000747237
4 1.5 0.00113604
4 2 0.00023909
4 2.5 -9.07494e-06
4 3 -0.000948452
4 3.5 -0.00105432
4 4 -0.000654536
4 4.5 -0.000499346
4 5 5.13825e-05
4 5.5 1.18826e-05
4 6 -0.000410708
4 6.5 -0.000298877
4 7 0.000199522
4 7.5 -0.000689564
4 8 -0.00164623
4 8.5 -0.00109428
4 9 -0.00092628
4 9.5 -0.00208689
4 10 -0.00059946
4 10.5 -0.0021199
4 11 -0.000839876
4 11.5 -0.00181855
4 12 -0.00128048
4 12.5 -0.000690821
4 13 -0.000761527
4 13.5 -0.000400177
4 14 0.000591821
4 14.5 0.000194859
4 15 0.000124549
4 15.5 -4.51922e-05
4 16 -0.000613671
4 16.5 -0.000632414
4 17 -0.00100227
4 17.5 -0.000718877
4 18 -0.000278313
4 18.5 -0.000215119
4 19 0.000518392
4 19.5 0.000806612
4 20 0.000125148
4 20.5 0

4.5 0 0
4.5 0.5 9.98725e-05
4.5 1 0.000498376
4.5 1.5 0.000398179
4.5 2 -0.000767041
4.5 2.5 -0.000687668
4.5 3 -0.00114347
4.5 3.5 -0.00126099
4.5 4 -0.000683867
4.5 4.5 -0.000281584
4.5 5 0.000277759
4.5 5.5 -0.00019075
4.5 6 0.000478019
4.5 6.5 -0.000160496
4.5 7 -1.84366e-05
4.5 7.5 -0.000840787
4.5 8 -0.000583735
4.5 8.5 -0.000716435
4.5 9 0.000331663
4.5 9.5 -0.0013648
4.5 10 0.000177612
4.5 10.5 -0.000841619
4.5 11 0.000177176
4.5 11.5 -0.000650573
4.5 12 2.45896e-05
4.5 12.5 -0.000585467
4.5 13 -0.000259058
4.5 13.5 -0.000802793
4.5 14 0.000343388
4.5 14.5 -0.00034591
4.5 15 0.00112837
4.5 15.5 -0.000572144
4.5 16 -0.000364749
4.5 16.5 -0.000397727
4.5 17 -0.000692526
4.5 17.5 -0.00159835
4.5 18 -0.00127155
4.5 18.5 -0.000710031
4.5 19 -0.000199004
4.5 19.5 0.000675489
4.5 20 0.000154684
4.5 20.5 0

5 0 0
5 0.5 0.000122063
5 1 0.00073609
5 1.5 0.000426832
5 2 -0.000184997
5 2.5 -0.000334859
5 3 -0.000937037
5 3.5 -0.000818344
5 4 9.92345e-05
5 4.5 -0.000532185
5 5 0.000919595
5 5.5 0.00033469
5 6 -0.000280989
5 6.5 -0.000835876
5 7 8.16913e-06
5 7.5 -0.00132528
5 8 -0.00112479
5 8.5 -0.00120756
5 9 -0.000579655
5 9.5 -0.00127086
5 10 -0.000852977
5 10.5 -0.00142654
5 11 -0.00128111
5 11.5 -0.00168696
5 12 0.000315186
5 12.5 -0.000789792
5 13 -0.000604401
5 13.5 -0.000809621
5 14 0.000137422
5 14.5 -0.000269439
5 15 0.000467535
5 15.5 -0.000356266
5 16 0.00032171
5 16.5 -0.000654984
5 17 -8.71672e-05
5 17.5 -0.000658891
5 18 -0.000882248
5 18.5 -0.000393478
5 19 0.000418547
5 19.5 0.000764373
5 20 0.000100532
5 20.5 0

5.5 0 0
5.5 0.5 0.0001249
5.5 1 0.000605815
5.5 1.5 0.000356509
5.5 2 -0.00053796
5.5 2.5 -0.00066681
5.5 3 -0.000261525
5.5 3.5 -0.000896284
5.5 4 -0.0010059
5.5 4.5 -8.94088e-05
5.5 5 -0.00034646
5.5 5.5 -0.000339385
5.5 6 -0.000233229
5.5 6.5 -0.00149115
5.5 7 -0.00118185
5.5 7.5 -0.00275265
5.5 8 -0.00110723
5.5 8.5 -0.00191677
5.5 9 -0.00103377
5.5 9.5 -0.00190352
5.5 10 -0.000611205
5.5 10.5 -0.0019739
5.5 11 -0.00103797
5.5 11.5 -0.00256853
5.5 12 -0.00175633
5.5 12.5 -0.00215872
5.5 13 -0.00114235
5.5 13.5 -0.00224219
5.5 14 -0.000171991
5.5 14.5 -0.000480878
5.5 15 0.00054282
5.5 15.5 -0.000323161
5.5 16 -0.000944721
5.5 16.5 0.000116622
5.5 17 -0.00127852
5.5 17.5 -0.00152331
5.5 18 -0.000694381
5.5 18.5 -0.000757052
5.5 19 0.000135448
5.5 19.5 0.000842566
5.5 20 0.000185317
5.5 20.5 0

6 0 0
6 0.5 0.000218932
6 1 0.000834525
6 1.5 -0.000369198
6 2 0.00106609
6 2.5 -0.000679859
6 3 -0.000203089
6 3.5 -0.000391005
6 4 -2.36756e-05
6 4.5 -0.000894403
6 5 -0.000159518
6 5.5 -0.000932203
6 6 -0.00213786
6 6.5 -0.00271444
6 7 -0.00148719
6 7.5 -0.00332219
6 8 -0.00241895
6 8.5 -0.00344604
6 9 -0.00143528
6 9.5 -0.00257904
6 10 -0.00297732
6 10.5 -0.00258123
6 11 -0.0030626
6 11.5 -0.00346816
6 12 -0.000990147
6 12.5 -0.00215159
6 13 -0.00165287
6 13.5 -0.00224508
6 14 -0.00176837
6 14.5 -0.0016642
6 15 -0.000391737
6 15.5 -0.00132105
6 16 -9.52373e-05
6 16.5 -0.000829045
6 17 -0.000137091
6 17.5 -0.00162762
6 18 -0.000421722
6 18.5 -0.000297725
6 19 0.000584498
6 19.5 0.00105724
6 20 0.000152957
6 20.5 0

6.5 0 0
6.5 0.5 9.96704e-05
6.5 1 0.000462489
6.5 1.5 -8.66448e-05
6.5 2 0.00042988
6.5 2.5 0.000538296
6.5 3 0.000393817
6.5 3.5 -0.000222234
6.5 4 -0.000860179
6.5 4.5 3.1777e-06
6.5 5 -0.00016029
6.5 5.5 -0.000675133
6.5 6 -0.000379406
6.5 6.5 -0.00129886
6.5 7 -0.001786
6.5 7.5 -0.00214978
6.5 8 -0.00206977
6.5 8.5 -0.00136769
6.5 9 -0.00238769
6.5 9.5 -0.00247099
6.5 10 -0.00205662
6.5 10.5 -0.00210445
6.5 11 -0.00251068
6.5 11.5 -0.00303409
6.5 12 -0.00203616
6.5 12.5 -0.00105202
6.5 13 -0.00143631
6.5 13.5 -0.00144636
6.5 14 -0.000557694
6.5 14.5 6.21806e-06
6.5 15 0.000538142
6.5 15.5 -0.000570104
6.5 16 -0.000622322
6.5 16.5 -0.000353977
6.5 17 -0.00092196
6.5 17.5 -0.000245689
6.5 18 0.000792277
6.5 18.5 8.04896e-05
6.5 19 0.000579497
6.5 19.5 0.00055237
6.5 20 0.000104939
6.5 20.5 0

7 0 0
7 0.5 0.000154106
7 1 0.000508756
7 1.5 -0.00043307
7 2 0.00157274
7 2.5 -0.000544756
7 3 0.000262503
7 3.5 -0.000589747
7 4 -0.000113993
7 4.5 -0.000473904
7 5 -0.000338823
7 5.5 -0.000126547
7 6 -0.00157256
7 6.5 -0.00185754
7 7 -0.001034
7 7.5 -0.00235378
7 8 -0.00246277
7 8.5 -0.00239136
7 9 -0.00079826
7 9.5 -0.00139038
7 10 -0.0027608
7 10.5 -0.00161063
7 11 -0.00214623
7 11.5 -0.00189099
7 12 -0.000450447
7 12.5 -0.000989076
7 13 -0.00130818
7 13.5 -0.00196973
7 14 -0.00159073
7 14.5 -0.00107302
7 15 -0.000712686
7 15.5 -0.00047945
7 16 -6.82195e-06
7 16.5 -0.000452043
7 17 0.000365869
7 17.5 -0.00130882
7 18 0.000281093
7 18.5 -0.000626713
7 19 0.00102438
7 19.5 0.000549024
7 20 1.9755e-05
7 20.5 0

7.5 0 0
7.5 0.5 7.32026e-05
7.5 1 0.000398238
7.5 1.5 0.000344317
7.5 2 -1.26107e-05
7.5 2.5 -0.000151994
7.5 3 5.25953e-05
7.5 3.5 -0.0011569
7.5 4 -0.00160213
7.5 4.5 -0.000350295
7.5 5 -0.000996329
7.5 5.5 -0.00102278
7.5 6 -0.000492879
7.5 6.5 -0.00138576
7.5 7 -0.00070214
7.5 7.5 -0.00254081
7.5 8 -0.00122097
7.5 8.5 -0.00165936
7.5 9 -0.00124154
7.5 9.5 -0.00160178
7.5 10 -0.00218594
7.5 10.5 -0.0015861
7.5 11 -0.00142549
7.5 11.5 -0.00182104
7.5 12 -0.000731051
7.5 12.5 -0.00189111
7.5 13 -0.00117795
7.5 13.5 -0.00164313
7.5 14 -0.000168796
7.5 14.5 -0.000931206
7.5 15 -0.000122459
7.5 15.5 -0.00104364
7.5 16 -0.00124619
7.5 16.5 -7.98058e-05
7.5 17 -0.0014687
7.5 17.5 -0.000879701
7.5 18 0.000246504
7.5 18.5 -0.00025864
7.5 19 0.000616818
7.5 19.5 0.000523676
7.5 20 8.20339e-05
7.5 20.5 0

8 0 0
8 0.5 0.000188833
8 1 0.000821921
8 1.5 0.000135937
8 2 0.000847449
8 2.5 -0.000104193
8 3 -0.000419134
8 3.5 -0.0020662
8 4 -0.00102297
8 4.5 -0.00141452
8 5 -0.000815076
8 5.5 -0.000874923
8 6 -0.00209329
8 6.5 -0.00269186
8 7 -0.00191558
8 7.5 -0.00166889
8 8 -0.00260585
8 8.5 -0.00148594
8 9 -0.00146211
8 9.5 -0.00239185
8 10 -0.00218527
8 10.5 -0.00314189
8 11 -0.00172997
8 11.5 -0.00204952
8 12 -0.000495522
8 12.5 -0.000730768
8 13 -0.00179741
8 13.5 -0.00235449
8 14 -0.00175186
8 14.5 -0.00211961
8 15 -0.00171077
8 15.5 -0.00102073
8 16 -0.00108365
8 16.5 -0.00190284
8 17 -0.00102668
8 17.5 -0.00104787
8 18 0.000680736
8 18.5 -0.000687751
8 19 0.000845872
8 19.5 0.000844103
8 20 9.43374e-05
8 20.5 0

8.5 0 0
8.5 0.5 0.000104987
8.5 1 0.000895725
8.5 1.5 0.000946762
8.5 2 0.000253902
8.5 2.5 0.000682813
8.5 3 -0.000458618
8.5 3.5 -0.00117671
8.5 4 -0.000614062
8.5 4.5 -0.0013018
8.5 5 -0.000950858
8.5 5.5 -0.00251089
8.5 6 -0.00200504
8.5 6.5 -0.00286672
8.5 7 -0.00173658
8.5 7.5 -0.00369631
8.5 8 -0.00219322
8.5 8.5 -0.00351117
8.5 9 -0.00180088
8.5 9.5 -0.0035004
8.5 10 -0.00279639
8.5 10.5 -0.00257157
8.5 11 -0.00157932
8.5 11.5 -0.00292006
8.5 12 -0.00132785
8.5 12.5 -0.00280815
8.5 13 -0.00183101
8.5 13.5 -0.00343583
8.5 14 -0.00229375
8.5 14.5 -0.0035259
8.5 15 -0.000946251
8.5 15.5 -0.00176921
8.5 16 -0.000162803
8.5 16.5 -0.00096613
8.5 17 -0.000845969
8.5 17.5 -0.000336003
8.5 18 -0.000452005
8.5 18.5 0.000422361
8.5 19 0.000690669
8.5 19.5 0.000996269
8.5 20 0.000189065
8.5 20.5 0

9 0 0
9 0.5 4.72623e-06
9 1 0.000329571
9 1.5 0.00131239
9 2 0.0011976
9 2.5 0.000875716
9 3 0.000415859
9 3.5 -0.000880493
9 4 -0.00110651
9 4.5 -0.000670563
9 5 -0.000846589
9 5.5 -0.00132243
9 6 -0.00219085
9 6.5 -0.00272002
9 7 -0.00142048
9 7.5 -0.0024763
9 8 -0.00330751
9 8.5 -0.00250327
9 9 -0.00307969
9 9.5 -0.0034905
9 10 -0.00300974
9 10.5 -0.0041337
9 11 -0.00271095
9 11.5 -0.00247811
9 12 -0.00259813
9 12.5 -0.00154095
9 13 -0.00184765
9 13.5 -0.00232771
9 14 -0.00158145
9 14.5 -0.00281453
9 15 -0.00170731
9 15.5 -0.000823065
9 16 -0.00167631
9 16.5 -0.000617834
9 17 -0.000769073
9 17.5 -0.000225589
9 18 0.00112449
9 18.5 -0.000133351
9 19 0.00134702
9 19.5 0.000725861
9 20 5.34491e-05
9 20.5 0

9.5 0 0
9.5 0.5 -3.46815e-05
9.5 1 -1.54372e-05
9.5 1.5 0.000719892
9.5 2 0.00102569
9.5 2.5 0.00122618
9.5 3 0.000212997
9.5 3.5 -0.000946078
9.5 4 -0.000218049
9.5 4.5 -0.00104225
9.5 5 0.000203007
9.5 5.5 -0.00156966
9.5 6 -4.30216e-05
9.5 6.5 -0.0017196
9.5 7 -0.00102015
9.5 7.5 -0.00153212
9.5 8 -0.00187037
9.5 8.5 -0.00245346
9.5 9 -0.00147049
9.5 9.5 -0.00348276
9.5 10 -0.00251452
9.5 10.5 -0.00284781
9.5 11 -0.00195406
9.5 11.5 -0.00294801
9.5 12 -0.00099544
9.5 12.5 -0.00121863
9.5 13 -0.00112802
9.5 13.5 -0.00107048
9.5 14 -0.00126674
9.5 14.5 -0.00168243
9.5 15 0.000227888
9.5 15.5 -0.00158067
9.5 16 0.000258979
9.5 16.5 -0.00133987
9.5 17 -0.000290194
9.5 17.5 -2.34493e-05
9.5 18 0.000371099
9.5 18.5 0.000400451
9.5 19 0.00100287
9.5 19.5 0.000575783
9.5 20 2.3521e-05
9.5 20.5 0

10 0 0
10 0.5 -9.09637e-05
10 1 -0.000477811
10 1.5 0.000472755
10 2 0.00136525
10 2.5 0.000953683
10 3 0.000342996
10 3.5 -9.31677e-05
10 4 0.000118598
10 4.5 0.000194468
10 5 0.000254602
10 5.5 0.000313122
10 6 -0.000574198
10 6.5 -0.00111578
10 7 -8.8699e-05
10 7.5 -0.00109901
10 8 -0.000964059
10 8.5 -0.000671584
10 9 -0.00119291
10 9.5 -0.00152969
10 10 -0.00136595
10 10.5 -0.0021445
10 11 -0.00126259
10 11.5 -0.000978684
10 12 -0.00103935
10 12.5 -0.000176612
10 13 0.000393844
10 13.5 -0.000678845
10 14 0.000124735
10 14.5 -0.000439633
10 15 -3.62535e-05
10 15.5 0.000407064
10 16 -6.64474e-05
10 16.5 -0.000155052
10 17 -0.000599192
10 17.5 -4.8815e-05
10 18 0.00107116
10 18.5 0.000229017
10 19 0.000491968
10 19.5 2.62007e-05
10 20 -4.41533e-06
10 20.5 0

10.5 0 0
10.5 0.5 -0.000217462
10.5 1 -0.000476699
10.5 1.5 0.0013393
10.5 2 0.00117496
10.5 2.5 0.00173701
10.5 3 0.000687734
10.5 3.5 0.00061358
10.5 4 -0.000725593
10.5 4.5 -9.105e-05
10.5 5 -0.00103724
10.5 5.5 -6.04248e-05
10.5 6 -0.000654537
10.5 6.5 0.000216157
10.5 7 -0.000710558
10.5 7.5 -0.000597601
10.5 8 -0.0010471
10.5 8.5 -0.00146241
10.5 9 -0.000874419
10.5 9.5 -0.00126398
10.5 10 -0.00120207
10.5 10.5 -0.000931342
10.5 11 -0.0013414
10.5 11.5 -0.00197174
10.5 12 -0.000776625
10.5 12.5 -0.00094879
10.5 13 -0.000778213
10.5 13.5 0.00110856
10.5 14 -0.000986259
10.5 14.5 0.000302152
10.5 15 5.79056e-05
10.5 15.5 -0.000426466
10.5 16 -0.000801547
10.5 16.5 -0.000209146
10.5 17 -0.000774815
10.5 17.5 0.000845715
10.5 18 0.000740039
10.5 18.5 0.00139152
10.5 19 0.000626654
10.5 19.5 8.58546e-05
10.5 20 -4.27332e-05
10.5 20.5 0

11 0 0
11 0.5 2.94135e-06
11 1 -0.000195909
11 1.5 5.77078e-05
11 2 0.0015048
11 2.5 0.000724761
11 3 0.000625193
11 3.5 -8.52958e-05
11 4 1.28907e-05
11 4.5 -0.000121384
11 5 9.01631e-05
11 5.5 -0.000239714
11 6 -0.000380567
11 6.5 -0.0011247
11 7 5.04517e-05
11 7.5 -0.00120931
11 8 -0.000552651
11 8.5 5.55367e-05
11 9 -0.000177415
11 9.5 -0.000331946
11 10 -0.00143831
11 10.5 -0.000491149
11 11 -0.00116186
11 11.5 -1.63029e-05
11 12 -0.000444606
11 12.5 3.67999e-05
11 13 0.000174611
11 13.5 -0.00163785
11 14 0.000117247
11 14.5 -0.00107897
11 15 0.000388502
11 15.5 -0.000147809
11 16 -2.87867e-05
11 16.5 -0.000220174
11 17 -0.000376597
11 17.5 4.77518e-05
11 18 0.000597274
11 18.5 0.000573844
11 19 0.000641429
11 19.5 0.00010461
11 20 6.09086e-06
11 20.5 0

11.5 0 0
11.5 0.5 -9.85629e-05
11.5 1 -9.09408e-06
11.5 1.5 0.00124087
11.5 2 0.000980799
11.5 2.5 0.00153579
11.5 3 0.00120465
11.5 3.5 0.000338491
11.5 4 -0.000468597
11.5 4.5 0.000133749
11.5 5 -0.00143899
11.5 5.5 -9.9776e-05
11.5 6 -0.00101062
11.5 6.5 0.00112167
11.5 7 -0.00112863
11.5 7.5 -0.00046837
11.5 8 -0.0015093
11.5 8.5 -0.00172712
11.5 9 -0.00219809
11.5 9.5 -0.00172859
11.5 10 -0.00294852
11.5 10.5 -0.00214368
11.5 11 -0.00225739
11.5 11.5 -0.00213518
11.5 12 -0.00228153
11.5 12.5 -0.000974672
11.5 13 -0.000862764
11.5 13.5 0.000818349
11.5 14 -0.00110368
11.5 14.5 0.000818762
11.5 15 -0.000390851
11.5 15.5 7.11266e-05
11.5 16 -0.00107724
11.5 16.5 -9.14149e-05
11.5 17 -0.000480432
11.5 17.5 0.00048604
11.5 18 0.000932002
11.5 18.5 0.00142175
11.5 19 0.000358979
11.5 19.5 0.000455591
11.5 20 7.07887e-05
11.5 20.5 0

12 0 0
12 0.5 0.000115697
12 1 0.000445798
12 1.5 -7.99187e-05
12 2 0.0015059
12 2.5 0.000491625
12 3 -9.39606e-05
12 3.5 -0.000777488
12 4 -0.000188209
12 4.5 -0.00117287
12 5 -0.000854497
12 5.5 -0.00192654
12 6 -0.00142236
12 6.5 -0.00221717
12 7 -0.0008513
12 7.5 -0.00223652
12 8 -0.000371775
12 8.5 0.000323333
12 9 -0.00130413
12 9.5 0.000754823
12 10 -0.0022016
12 10.5 0.00097482
12 11 -0.00197982
12 11.5 0.000581307
12 12 -0.00144708
12 12.5 -0.000837774
12 13 -0.000926186
12 13.5 -0.00306641
12 14 -0.0012687
12 14.5 -0.00240765
12 15 -6.19981e-05
12 15.5 -0.00165856
12 16 -0.000400591
12 16.5 -0.00109307
12 17 -0.000605606
12 17.5 -0.000569192
12 18 0.000331759
12 18.5 0.000943017
12 19 0.000533845
12 19.5 0.000459719
12 20 8.64785e-05
12 20.5 0

12.5 0 0
12.5 0.5 -1.42172e-05
12.5 1 0.000216372
12.5 1.5 0.000397885
12.5 2 0.00101149
12.5 2.5 0.00172014
12.5 3 0.000935047
12.5 3.5 0.000753875
12.5 4 0.000807017
12.5 4.5 0.00155919
12.5 5 -0.000654187
12.5 5.5 0.000370029
12.5 6 -0.000365613
12.5 6.5 6.81565e-05
12.5 7 -0.00049703
12.5 7.5 -0.000527766
12.5 8 -0.000676467
12.5 8.5 -0.00202458
12.5 9 -0.0014078
12.5 9.5 -0.00131539
12.5 10 -0.00188051
12.5 10.5 -0.00188514
12.5 11 -0.00157304
12.5 11.5 -0.00159339
12.5 12 -0.00158428
12.5 12.5 -0.00135528
12.5 13 -0.000799261
12.5 13.5 -0.000388882
12.5 14 -0.000194729
12.5 14.5 4.74565e-05
12.5 15 0.000735101
12.5 15.5 0.000730604
12.5 16 -0.000862141
12.5 16.5 0.000758536
12.5 17 9.85824e-05
12.5 17.5 0.00132575
12.5 18 0.00128662
12.5 18.5 0.00152524
12.5 19 0.00133855
12.5 19.5 6.34662e-05
12.5 20 -8.48614e-05
12.5 20.5 0

13 0 0
13 0.5 5.24473e-05
13 1 0.000210428
13 1.5 -7.11356e-05
13 2 0.000173483
13 2.5 -0.00014593
13 3 0.000455286
13 3.5 8.59565e-07
13 4 0.00137901
13 4.5 0.000686969
13 5 0.000402822
13 5.5 -0.000737331
13 6 -0.000459949
13 6.5 -0.00197518
13 7 -0.000186556
13 7.5 -0.00168044
13 8 -0.000442649
13 8.5 -0.000175426
13 9 -0.00101294
13 9.5 -0.000451118
13 10 -0.000252705
13 10.5 -6.53408e-05
13 11 -0.000267437
13 11.5 0.000181838
13 12 -0.000384694
13 12.5 -0.00105875
13 13 -0.000818156
13 13.5 -0.00259115
13 14 -0.00077378
13 14.5 -0.00143677
13 15 0.00064526
13 15.5 -0.000182592
13 16 0.000826207
13 16.5 0.000107157
13 17 5.68505e-05
13 17.5 2.71383e-05
13 18 0.00027908
13 18.5 0.000307072
13 19 0.000301875
13 19.5 0.00016123
13 20 1.44611e-05
13 20.5 0

13.5 0 0
13.5 0.5 -4.39555e-05
13.5 1 -9.51232e-05
13.5 1.5 -8.54425e-05
13.5 2 0.000772342
13.5 2.5 0.00181664
13.5 3 0.000716466
13.5 3.5 0.00145409
13.5 4 0.00194945
13.5 4.5 0.00148622
13.5 5 0.000603692
13.5 5.5 -0.00038631
13.5 6 -0.000557761
13.5 6.5 -0.000617614
13.5 7 4.57406e-05
13.5 7.5 -0.00121245
13.5 8 -0.000357563
13.5 8.5 -0.00209421
13.5 9 -0.00161069
13.5 9.5 -0.00204411
13.5 10 -0.00135195
13.5 10.5 -0.00160673
13.5 11 -0.000776224
13.5 11.5 -0.00182658
13.5 12 -0.000771463
13.5 12.5 -0.00178904
13.5 13 -0.00046728
13.5 13.5 -0.000786816
13.5 14 -0.000913594
13.5 14.5 -0.000365927
13.5 15 0.000762965
13.5 15.5 0.000406172
13.5 16 0.000843321
13.5 16.5 0.00105398
13.5 17 0.000986881
13.5 17.5 0.00152888
13.5 18 0.00105978
13.5 18.5 0.00137189
13.5 19 0.000283469
13.5 19.5 -0.000171341
13.5 20 -4.59793e-05
13.5 20.5 0

14 0 0
14 0.5 -2.47622e-05
14 1 -1.10262e-05
14 1.5 7.06101e-05
14 2 0.000368782
14 2.5 0.000904517
14 3 0.000628023
14 3.5 0.00177056
14 4 0.000928446
14 4.5 0.00210332
14 5 -0.00040457
14 5.5 -0.000254087
14 6 -0.000827974
14 6.5 -0.000747359
14 7 -0.000814412
14 7.5 -0.00113326
14 8 -0.00120669
14 8.5 -0.00035782
14 9 -0.00216168
14 9.5 -0.00142862
14 10 -0.00195766
14 10.5 -0.00150076
14 11 -0.00169737
14 11.5 -0.000183109
14 12 -0.00172537
14 12.5 -0.00109384
14 13 -0.00147195
14 13.5 -0.00150371
14 14 -0.000597702
14 14.5 -0.000588673
14 15 0.000188249
14 15.5 0.00112167
14 16 0.00014892
14 16.5 0.00194165
14 17 0.000118733
14 17.5 0.00159126
14 18 0.000629249
14 18.5 0.000730573
14 19 0.000608587
14 19.5 -8.8377e-05
14 20 -7.09443e-05
14 20.5 0

14.5 0 0
14.5 0.5 -3.15839e-05
14.5 1 4.9688e-05
14.5 1.5 0.000231239
14.5 2 0.000954469
14.5 2.5 0.00139342
14.5 3 0.000806227
14.5 3.5 0.00108236
14.5 4 0.00189727
14.5 4.5 0.00101921
14.5 5 0.0011973
14.5 5.5 0.000416841
14.5 6 0.000208668
14.5 6.5 -0.00108516
14.5 7 0.000193021
14.5 7.5 -0.00126914
14.5 8 8.83055e-05
14.5 8.5 -0.0016663
14.5 9 -0.000724073
14.5 9.5 -0.001482
14.5 10 -0.000761116
14.5 10.5 -0.000976253
14.5 11 -0.000337646
14.5 11.5 -0.00107267
14.5 12 9.83256e-05
14.5 12.5 -0.00155095
14.5 13 -0.000201723
14.5 13.5 -0.00114507
14.5 14 0.000127029
14.5 14.5 -0.000469291
14.5 15 0.000388239
14.5 15.5 0.000589779
14.5 16 0.000967954
14.5 16.5 0.000899022
14.5 17 0.00129658
14.5 17.5 0.00131629
14.5 18 0.00104593
14.5 18.5 0.000958248
14.5 19 0.000691983
14.5 19.5 -3.38235e-05
14.5 20 -5.57059e-05
14.5 20.5 0

15 0 0
15 0.5 -9.4536e-05
15 1 -2.05786e-05
15 1.5 0.0010353
15 2 0.000775592
15 2.5 0.00172924
15 3 0.00100968
15 3.5 0.000868612
15 4 0.000906319
15 4.5 0.000856848
15 5 -0.000333712
15 5.5 -0.000325132
15 6 -7.39773e-05
15 6.5 -0.000591908
15 7 -0.000280804
15 7.5 -0.000389894
15 8 -0.000790194
15 8.5 -0.00077885
15 9 -0.00156951
15 9.5 -0.00131444
15 10 -0.00138319
15 10.5 -0.00158521
15 11 -0.000738096
15 11.5 -0.000583643
15 12 -0.000978498
15 12.5 -0.00110237
15 13 -0.00114806
15 13.5 -0.000933401
15 14 -0.00011297
15 14.5 -0.000504045
15 15 0.000177096
15 15.5 0.000753816
15 16 -0.000461761
15 16.5 0.000726383
15 17 0.000158696
15 17.5 0.00119909
15 18 0.000995744
15 18.5 0.00176163
15 19 0.000625984
15 19.5 -9.77088e-06
15 20 -4.22112e-05
15 20.5 0

15.5 0 0
15.5 0.5 4.44041e-06
15.5 1 0.000336861
15.5 1.5 0.000564005
15.5 2 0.000775249
15.5 2.5 0.000741483
15.5 3 0.000374547
15.5 3.5 0.00056652
15.5 4 0.00134837
15.5 4.5 0.000402942
15.5 5 0.00104577
15.5 5.5 -0.000184576
15.5 6 0.000710713
15.5 6.5 -0.00126633
15.5 7 0.00059494
15.5 7.5 -0.00176896
15.5 8 -0.000269347
15.5 8.5 -0.00140418
15.5 9 -0.00136299
15.5 9.5 -0.00151255
15.5 10 -0.00228033
15.5 10.5 -0.000824385
15.5 11 -0.00144323
15.5 11.5 -0.00110395
15.5 12 -0.0010845
15.5 12.5 -0.00180569
15.5 13 -0.000718184
15.5 13.5 -0.002202
15.5 14 0.000570122
15.5 14.5 -0.00056062
15.5 15 0.000514241
15.5 15.5 0.000416233
15.5 16 0.000959022
15.5 16.5 0.000616181
15.5 17 0.000576582
15.5 17.5 0.00121808
15.5 18 0.00142818
15.5 18.5 0.000695667
15.5 19 0.00120559
15.5 19.5 -3.20002e-05
15.5 20 -0.000101719
15.5 20.5 0

16 0 0
16 0.5 4.87326e-06
16 1 0.000212248
16 1.5 0.000452465
16 2 0.000167869
16 2.5 -0.000411584
16 3 -4.69347e-05
16 3.5 -0.000767545
16 4 0.000588693
16 4.5 0.00046321
16 5 0.00056564
16 5.5 -0.000131769
16 6 0.000592009
16 6.5 0.000133245
16 7 0.000481904
16 7.5 0.00125407
16 8 -0.000277864
16 8.5 0.000648148
16 9 -0.000335333
16 9.5 -0.000502623
16 10 -0.000607035
16 10.5 -0.000717069
16 11 -0.000397327
16 11.5 0.000113043
16 12 -0.000738728
16 12.5 -5.33685e-05
16 13 -0.000647725
16 13.5 2.30421e-05
16 14 0.000100803
16 14.5 0.000580666
16 15 0.000860218
16 15.5 0.000316173
16 16 0.000396409
16 16.5 -0.000417788
16 17 0.000219907
16 17.5 -0.000170755
16 18 0.000657298
16 18.5 0.000716141
16 19 0.000141752
16 19.5 -0.000104063
16 20 3.94487e-06
16 20.5 0

16.5 0 0
16.5 0.5 2.49146e-05
16.5 1 0.000315785
16.5 1.5 0.000399957
16.5 2 0.000919854
16.5 2.5 -0.000392285
16.5 3 0.00052565
16.5 3.5 0.000165003
16.5 4 0.00162196
16.5 4.5 0.000718857
16.5 5 0.00239729
16.5 5.5 0.000936869
16.5 6 0.00172135
16.5 6.5 0.000604494
16.5 7 0.00112093
16.5 7.5 0.000281374
16.5 8 0.000248603
16.5 8.5 -0.000280681
16.5 9 2.27022e-05
16.5 9.5 -0.00110344
16.5 10 -0.00076798
16.5 10.5 -0.000571357
16.5 11 0.000240012
16.5 11.5 -0.000286898
16.5 12 0.000543466
16.5 12.5 -0.000604417
16.5 13 -0.000390837
16.5 13.5 -8.94993e-05
16.5 14 0.000874359
16.5 14.5 0.000986996
16.5 15 0.00121544
16.5 15.5 0.000630605
16.5 16 0.00192255
16.5 16.5 0.000364212
16.5 17 0.00168338
16.5 17.5 0.00056582
16.5 18 0.00129539
16.5 18.5 0.000735908
16.5 19 0.000623204
16.5 19.5 0.000126378
16.5 20 -6.00913e-05
16.5 20.5 0

17 0 0
17 0.5 5.83321e-05
17 1 0.000491332
17 1.5 0.000573062
17 2 -0.000440639
17 2.5 -0.00103364
17 3 -0.000804968
17 3.5 -0.000282201
17 4 -6.62071e-06
17 4.5 0.00138
17 5 0.000573951
17 5.5 0.00153949
17 6 0.000649018
17 6.5 0.000383904
17 7 0.00111025
17 7.5 -0.000103474
17 8 0.000188105
17 8.5 0.000311406
17 9 -5.86714e-05
17 9.5 0.000407044
17 10 -9.27834e-05
17 10.5 0.000639551
17 11 0.000567947
17 11.5 0.00066275
17 12 -0.000307459
17 12.5 -0.000903155
17 13 -0.000243717
17 13.5 -0.00088734
17 14 0.000188784
17 14.5 0.000652464
17 15 0.000442301
17 15.5 0.0018383
17 16 -0.000181198
17 16.5 0.000121578
17 17 -0.000627781
17 17.5 -8.88437e-05
17 18 -0.00113283
17 18.5 -0.000140258
17 19 4.29895e-07
17 19.5 0.000516357
17 20 0.000120439
17 20.5 0

17.5 0 0
17.5 0.5 6.55808e-05
17.5 1 0.00065141
17.5 1.5 0.000649605
17.5 2 0.000985546
17.5 2.5 -0.000442944
17.5 3 0.000794276
17.5 3.5 -0.000324807
17.5 4 0.000820207
17.5 4.5 0.000269864
17.5 5 0.0011478
17.5 5.5 0.000724856
17.5 6 0.000422654
17.5 6.5 -0.000760678
17.5 7 -0.000178814
17.5 7.5 -0.000682171
17.5 8 -0.000419763
17.5 8.5 -0.000449955
17.5 9 -6.3703e-05
17.5 9.5 -0.000831601
17.5 10 -0.000562754
17.5 10.5 -0.00074151
17.5 11 -0.000311298
17.5 11.5 -0.00104336
17.5 12 0.000168898
17.5 12.5 -0.0010408
17.5 13 -0.000858613
17.5 13.5 -0.00118819
17.5 14 -0.00032129
17.5 14.5 -0.000190238
17.5 15 0.00025131
17.5 15.5 0.000595793
17.5 16 0.00113601
17.5 16.5 6.27306e-05
17.5 17 0.000819624
17.5 17.5 -0.000406928
17.5 18 0.000891853
17.5 18.5 0.000383931
17.5 19 0.000484457
17.5 19.5 0.000886826
17.5 20 0.000106792
17.5 20.5 0

18 0 0
18 0.5 0.000130172
18 1 0.000588357
18 1.5 6.75707e-05
18 2 0.000494165
18 2.5 -0.000670164
18 3 -0.00085991
18 3.5 0.000231682
18 4 -0.000516026
18 4.5 0.00100003
18 5 0.000657237
18 5.5 0.000524811
18 6 -0.000525242
18 6.5 -0.00121714
18 7 -0.000264293
18 7.5 -0.00194017
18 8 -0.000227294
18 8.5 -0.000194462
18 9 -0.00091009
18 9.5 -0.000672932
18 10 -0.000327299
18 10.5 9.9491e-05
18 11 -0.00036517
18 11.5 -0.000572143
18 12 -0.00118641
18 12.5 -0.00147241
18 13 -0.000719353
18 13.5 -0.00199879
18 14 -0.00109684
18 14.5 -0.000534735
18 15 -9.55248e-05
18 15.5 0.00111819
18 16 5.24059e-06
18 16.5 0.000500365
18 17 -0.000752996
18 17.5 -0.000360061
18 18 -0.00157293
18 18.5 -0.000154232
18 19 0.000401069
18 19.5 0.000953083
18 20 0.000150848
18 20.5 0

18.5 0 0
18.5 0.5 4.61469e-05
18.5 1 0.000564198
18.5 1.5 0.000569445
18.5 2 0.00108867
18.5 2.5 0.000100491
18.5 3 -0.0003035
18.5 3.5 3.39728e-05
18.5 4 0.000574375
18.5 4.5 0.000109906
18.5 5 0.00108568
18.5 5.5 0.000830222
18.5 6 0.000380813
18.5 6.5 -7.00553e-06
18.5 7 -0.00114218
18.5 7.5 -0.000281526
18.5 8 -0.000752191
18.5 8.5 -6.21647e-05
18.5 9 -0.000930131
18.5 9.5 -0.000484636
18.5 10 -0.000621526
18.5 10.5 -0.000232184
18.5 11 -0.00110991
18.5 11.5 -0.000417813
18.5 12 -0.00116051
18.5 12.5 -0.000436084
18.5 13 -0.00156032
18.5 13.5 -0.000883233
18.5 14 -0.0012452
18.5 14.5 -1.34813e-05
18.5 15 0.000746329
18.5 15.5 0.000392083
18.5 16 0.000937484
18.5 16.5 0.000404818
18.5 17 0.000954191
18.5 17.5 0.000481231
18.5 18 0.000154203
18.5 18.5 0.000355667
18.5 19 0.000349288
18.5 19.5 0.000768226
18.5 20 0.000141959
18.5 20.5 0

19 0 0
19 0.5 8.36365e-05
19 1 0.000391286
19 1.5 0.000186865
19 2 0.000303118
19 2.5 -0.000258932
19 3 -5.74307e-05
19 3.5 3.36637e-05
19 4 -4.75102e-05
19 4.5 6.48848e-05
19 5 0.000639633
19 5.5 0.00052969
19 6 0.000464225
19 6.5 -0.000562295
19 7 -0.000174259
19 7.5 -0.00157997
19 8 -0.000411784
19 8.5 0.000196813
19 9 -0.000405996
19 9.5 0.000472855
19 10 -0.000122471
19 10.5 0.00103031
19 11 -0.00131126
19 11.5 -0.000107292
19 12 -0.00100633
19 12.5 -0.000905007
19 13 -0.000952963
19 13.5 -0.00152889
19 14 -0.000438914
19 14.5 -0.000853341
19 15 0.000495997
19 15.5 -8.43247e-05
19 16 0.000665397
19 16.5 0.000898187
19 17 0.000747915
19 17.5 -0.000268092
19 18 -0.000927803
19 18.5 0.000379181
19 19 0.000233269
19 19.5 0.00071577
19 20 0.00010879
19 20.5 0

19.5 0 0
19.5 0.5 9.3898e-05
19.5 1 0.0005467
19.5 1.5 4.64924e-05
19.5 2 0.000485107
19.5 2.5 0.000106713
19.5 3 0.000568877
19.5 3.5 0.000373905
19.5 4 -0.000306614
19.5 4.5 0.000377568
19.5 5 0.000661219
19.5 5.5 0.00107251
19.5 6 0.000893811
19.5 6.5 -0.000133117
19.5 7 1.00356e-05
19.5 7.5 -0.000619151
19.5 8 -0.000638043
19.5 8.5 -0.000312613
19.5 9 -0.000870438
19.5 9.5 -6.55854e-05
19.5 10 -0.0012722
19.5 10.5 -0.000615779
19.5 11 -0.00196385
19.5 11.5 -0.000438402
19.5 12 -0.000720924
19.5 12.5 -0.000835251
19.5 13 -0.00056957
19.5 13.5 -0.000463836
19.5 14 0.000165197
19.5 14.5 0.000311763
19.5 15 4.82411e-05
19.5 15.5 0.000438052
19.5 16 0.000139295
19.5 16.5 0.00115659
19.5 17 0.00145311
19.5 17.5 2.158e-05
19.5 18 0.000769621
19.5 18.5 0.000188689
19.5 19 0.000187574
19.5 19.5 0.000645615
19.5 20 0.000112354
19.5 20.5 0

20 0 0
20 0.5 0.000192147
20 1 0.000655261
20 1.5 -0.000533539
20 2 0.000141593
20 2.5 -0.000329856
20 3 5.29875e-05
20 3.5 0.000566681
20 4 0.000168829
20 4.5 0.000149108
20 5 0.000582772
20 5.5 -0.000299422
20 6 0.000212586
20 6.5 -0.00130737
20 7 -0.00143482
20 7.5 -0.00251593
20 8 -0.00117697
20 8.5 -0.000685883
20 9 -0.000331348
20 9.5 -0.000803039
20 10 -7.42509e-05
20 10.5 -0.000498651
20 11 -0.00140696
20 11.5 -0.00125393
20 12 -0.00031731
20 12.5 -0.0016387
20 13 -0.00120428
20 13.5 -0.0026274
20 14 -0.000574729
20 14.5 -0.00187273
20 15 2.00674e-05
20 15.5 0.000132883
20 16 0.00108369
20 16.5 0.00148803
20 17 0.000382478
20 17.5 -0.000249282
20 18 -0.000570808
20 18.5 -0.000354485
20 19 0.000293114
20 19.5 0.000794566
20 20 0.000100848
20 20.5 0

20.5 0 0
20.5 0.5 0.000150649
20.5 1 0.000567674
20.5 1.5 -0.000500529
20.5 2 -0.000389764
20.5 2.5 -0.000268552
20.5 3 0.000365083
20.5 3.5 0.000367375
20.5 4 6.62774e-05
20.5 4.5 0.00045807
20.5 5 0.000677507
20.5 5.5 0.000854028
20.5 6 0.000184362
20.5 6.5 8.75008e-05
20.5 7 -0.000224889
20.5 7.5 -0.0012876
20.5 8 -0.000667248
20.5 8.5 -0.00109807
20.5 9 -0.000525301
20.5 9.5 -0.000773159
20.5 10 -0.00123579
20.5 10.5 -0.0013028
20.5 11 -0.00162363
20.5 11.5 -0.00118305
20.5 12 -0.0005411
20.5 12.5 -0.0013759
20.5 13 -0.00047602
20.5 13.5 -0.000840777
20.5 14 -0.000181783
20.5 14.5 -0.00037873
20.5 15 -0.000356092
20.5 15.5 0.000769187
20.5 16 2.11049e-05
20.5 16.5 0.00129127
20.5 17 0.00129668
20.5 17.5 0.000125397
20.5 18 0.000140947
20.5 18.5 -0.000387974
20.5 19 -0.00013979
20.5 19.5 0.000539801
20.5 20 0.000146915
20.5 20.5 0

21 0 0
21 0.5 0.00014383
21 1 0.000274697
21 1.5 -0.000921337
21 2 -0.000269897
21 2.5 -0.000828402
21 3 -5.01855e-05
21 3.5 -0.000458954
21 4 -0.000303142
21 4.5 0.000716354
21 5 0.0011844
21 5.5 0.00185552
21 6 0.00107868
21 6.5 0.000203129
21 7 -0.000687742
21 7.5 -0.000695139
21 8 -0.000470756
21 8.5 0.000206245
21 9 -0.000472516
21 9.5 0.000292414
21 10 -0.000682671
21 10.5 0.000514067
21 11 -0.00153239
21 11.5 -0.000221822
21 12 -0.000678882
21 12.5 -0.000421609
21 13 -0.000510202
21 13.5 -0.000719459
21 14 -0.000718518
21 14.5 -0.000179252
21 15 0.000234425
21 15.5 0.000945624
21 16 0.00111157
21 16.5 0.000999515
21 17 0.000850201
21 17.5 -0.000322959
21 18 -0.000728347
21 18.5 -0.000625995
21 19 -0.000454614
21 19.5 0.00039764
21 20 9.7145e-05
21 20.5 0

21.5 0 0
21.5 0.5 7.68869e-05
21.5 1 0.000172213
21.5 1.5 -0.000691581
21.5 2 -0.00063824
21.5 2.5 -0.000606817
21.5 3 -0.000237798
21.5 3.5 -0.00139153
21.5 4 0.000186572
21.5 4.5 0.00055468
21.5 5 0.0014924
21.5 5.5 0.000557557
21.5 6 0.00171009
21.5 6.5 3.50986e-05
21.5 7 -0.000175903
21.5 7.5 -0.000360687
21.5 8 -0.000231052
21.5 8.5 0.000885029
21.5 9 -0.000146618
21.5 9.5 0.000295558
21.5 10 -0.00071662
21.5 10.5 6.30302e-06
21.5 11 -0.000703094
21.5 11.5 0.000288889
21.5 12 -0.000103875
21.5 12.5 0.000288028
21.5 13 -0.000236344
21.5 13.5 -0.000583187
21.5 14 -2.91479e-05
21.5 14.5 -0.000670344
21.5 15 0.00118855
21.5 15.5 0.000163528
21.5 16 0.000831738
21.5 16.5 0.00023683
21.5 17 0.000396321
21.5 17.5 -0.000397858
21.5 18 -4.66455e-05
21.5 18.5 -0.00100742
21.5 19 -0.000139606
21.5 19.5 5.88745e-05
21.5 20 4.01961e-05
21.5 20.5 0

22 0 0
22 0.5 7.62819e-05
22 1 0.000182436
22 1.5 -0.000408441
22 2 0.000519278
22 2.5 -0.000829305
22 3 -0.000165805
22 3.5 -0.000602078
22 4 -0.00134482
22 4.5 0.000283591
22 5 0.000235313
22 5.5 0.000697204
22 6 0.000253844
22 6.5 -0.000596034
22 7 -0.000421344
22 7.5 -0.000567948
22 8 -1.36128e-05
22 8.5 0.00015724
22 9 -0.000380081
22 9.5 0.00014751
22 10 0.000247168
22 10.5 -0.000148295
22 11 9.78733e-05
22 11.5 -0.000140824
22 12 -0.000310688
22 12.5 -0.00025055
22 13 -0.000160338
22 13.5 -0.000267697
22 14 -0.00135706
22 14.5 -0.000461934
22 15 -0.000849568
22 15.5 0.000411659
22 16 -0.000355063
22 16.5 1.78891e-05
22 17 -0.000134021
22 17.5 -0.000382161
22 18 -0.000237334
22 18.5 -0.000920862
22 19 0.000449394
22 19.5 0.000213597
22 20 -2.12674e-05
22 20.5 0

22.5 0 0
22.5 0.5 0.000119937
22.5 1 0.000581733
22.5 1.5 8.25474e-05
22.5 2 -0.000146781
22.5 2.5 -0.000245431
22.5 3 0.000121986
22.5 3.5 -0.00128361
22.5 4 -0.000387701
22.5 4.5 -0.00117611
22.5 5 0.000957888
22.5 5.5 -0.00073083
22.5 6 0.000800564
22.5 6.5 -0.00137259
22.5 7 -1.37333e-05
22.5 7.5 -0.000856794
22.5 8 -4.12648e-05
22.5 8.5 6.56436e-05
22.5 9 0.000302753
22.5 9.5 -0.000429163
22.5 10 -0.000406545
22.5 10.5 -0.000867762
22.5 11 -0.000288412
22.5 11.5 -0.000283654
22.5 12 0.000630719
22.5 12.5 -4.80994e-05
22.5 13 -9.92955e-05
22.5 13.5 -0.00147352
22.5 14 -0.000571594
22.5 14.5 -0.00182316
22.5 15 -0.000110509
22.5 15.5 -0.00121947
22.5 16 0.000957496
22.5 16.5 -0.000394105
22.5 17 0.000283288
22.5 17.5 -0.000628128
22.5 18 0.000558831
22.5 18.5 -0.000168581
22.5 19 0.000399609
22.5 19.5 0.000516329
22.5 20 6.68535e-05
22.5 20.5 0

23 0 0
23 0.5 2.26249e-05
23 1 0.00041196
23 1.5 0.00105641
23 2 1.62388e-05
23 2.5 -0.000169037
23 3 0.000588105
23 3.5 -0.000964844
23 4 -0.00117245
23 4.5 -0.00081738
23 5 -0.000690701
23 5.5 -0.000266175
23 6 -0.000906017
23 6.5 -0.00134327
23 7 -0.00054079
23 7.5 -0.000769182
23 8 -0.000964997
23 8.5 -0.00140761
23 9 -0.00116318
23 9.5 -0.00206079
23 10 -0.000828041
23 10.5 -0.00251264
23 11 -0.000674878
23 11.5 -0.00164438
23 12 -0.0010354
23 12.5 -0.00110251
23 13 -0.000715141
23 13.5 -0.00103963
23 14 -0.0012701
23 14.5 -0.00117701
23 15 -0.00137239
23 15.5 -0.000575485
23 16 -0.000935222
23 16.5 -0.000895459
23 17 -0.000586356
23 17.5 -0.000432398
23 18 0.000542844
23 18.5 -1.92753e-05
23 19 0.000442723
23 19.5 0.000624545
23 20 7.36551e-05
23 20.5 0

23.5 0 0
23.5 0.5 8.20949e-05
23.5 1 0.000327864
23.5 1.5 0.000101559
23.5 2 -0.000110612
23.5 2.5 -0.000845931
23.5 3 2.15047e-05
23.5 3.5 -0.000795496
23.5 4 -0.00100968
23.5 4.5 -0.00108855
23.5 5 0.00043016
23.5 5.5 -0.00121554
23.5 6 0.000436915
23.5 6.5 -0.00104031
23.5 7 0.000579955
23.5 7.5 -0.00102001
23.5 8 0.000395647
23.5 8.5 -0.000599163
23.5 9 0.000123977
23.5 9.5 -0.000766205
23.5 10 2.70707e-05
23.5 10.5 -0.000445222
23.5 11 0.000212762
23.5 11.5 -0.000693146
23.5 12 0.000232638
23.5 12.5 -0.000475874
23.5 13 1.20878e-05
23.5 13.5 -0.00138141
23.5 14 -0.000240196
23.5 14.5 -0.00120246
23.5 15 -0.000519743
23.5 15.5 -0.00106051
23.5 16 0.000208534
23.5 16.5 -0.000552819
23.5 17 0.000192401
23.5 17.5 -0.0013607
23.5 18 0.000348793
23.5 18.5 -0.000242475
23.5 19 6.84357e-05
23.5 19.5 0.000323529
23.5 20 5.37962e-05
23.5 20.5 0

24 0 0
24 0.5 -7.82824e-05
24 1 -0.000405629
24 1.5 0.00013466
24 2 0.000360485
24 2.5 -0.000285279
24 3 0.00110918
24 3.5 -0.000276658
24 4 0.000219909
24 4.5 1.14597e-06
24 5 0.000399459
24 5.5 -0.000334142
24 6 0.000347263
24 6.5 0.000388433
24 7 0.000718055
24 7.5 0.000652117
24 8 0.000771457
24 8.5 0.000241792
24 9 0.000347821
24 9.5 -6.21676e-05
24 10 -0.000745194
24 10.5 -0.000799212
24 11 -0.000950919
24 11.5 -0.000181536
24 12 0.000185339
24 12.5 0.000534717
24 13 0.0010306
24 13.5 0.00033226
24 14 0.000425238
24 14.5 9.2444e-05
24 15 5.69905e-05
24 15.5 4.73855e-06
24 16 0.000331641
24 16.5 2.96011e-05
24 17 0.000922165
24 17.5 -0.000353968
24 18 0.0013763
24 18.5 0.00013032
24 19 0.000348233
24 19.5 -0.000414788
24 20 -0.000111928
24 20.5 0

24.5 0 0
24.5 0.5 -4.23815e-05
24.5 1 -0.000431775
24.5 1.5 -0.000226178
24.5 2 -0.00112504
24.5 2.5 -0.00137587
24.5 3 -0.000638038
24.5 3.5 -0.000660722
24.5 4 -0.000768608
24.5 4.5 -0.000235619
24.5 5 0.000314871
24.5 5.5 0.000289947
24.5 6 0.000846415
24.5 6.5 0.000597711
24.5 7 0.000808025
24.5 7.5 0.00107561
24.5 8 0.00109556
24.5 8.5 0.00170187
24.5 9 0.000807556
24.5 9.5 0.00138627
24.5 10 0.00119466
24.5 10.5 0.0015138
24.5 11 0.00065329
24.5 11.5 0.00204017
24.5 12 0.000694576
24.5 12.5 0.00134044
24.5 13 0.000931408
24.5 13.5 0.000211193
24.5 14 0.0009095
24.5 14.5 0.000445028
24.5 15 0.000340881
24.5 15.5 5.47088e-05
24.5 16 -0.000515913
24.5 16.5 0.000151508
24.5 17 -0.000547
24.5 17.5 -0.00107985
24.5 18 -0.000349273
24.5 18.5 -0.00137936
24.5 19 -8.32347e-05
24.5 19.5 -0.000395976
24.5 20 -8.20382e-05
24.5 20.5 0

25 0 0
25 0.5 -0.000105093
25 1 -0.000316068
25 1.5 0.000310891
25 2 0.000167392
25 2.5 0.000196521
25 3 0.000829775
25 3.5 -0.000339599
25 4 0.000610782
25 4.5 -0.000363114
25 5 0.00016647
25 5.5 -0.000398537
25 6 0.000357192
25 6.5 0.000556656
25 7 0.000958156
25 7.5 0.000832543
25 8 0.000786911
25 8.5 9.75194e-05
25 9 0.000748245
25 9.5 0.000525252
25 10 0.000669423
25 10.5 0.000647017
25 11 0.000909402
25 11.5 0.000360876
25 12 0.000955989
25 12.5 0.00065456
25 13 0.000759341
25 13.5 0.000311039
25 14 0.000748329
25 14.5 0.000349339
25 15 0.000375094
25 15.5 -0.000172233
25 16 0.000252392
25 16.5 -0.000405516
25 17 0.000433412
25 17.5 -0.000192573
25 18 0.000644848
25 18.5 7.26775e-06
25 19 -0.000416677
25 19.5 -0.000289174
25 20 -1.60483e-05
25 20.5 0

25.5 0 0
25.5 0.5 4.62542e-05
25.5 1 0.000294906
25.5 1.5 -3.48243e-05
25.5 2 -4.26702e-05
25.5 2.5 -2.37942e-05
25.5 3 -3.96997e-05
25.5 3.5 0.000604643
25.5 4 0.000352939
25.5 4.5 0.000466637
25.5 5 -0.000380217
25.5 5.5 -0.000445231
25.5 6 -0.000562945
25.5 6.5 -0.00014714
25.5 7 -0.000117254
25.5 7.5 0.000125536
25.5 8 -0.000191522
25.5 8.5 -0.000314048
25.5 9 -0.000431452
25.5 9.5 -0.000384301
25.5 10 -0.000253906
25.5 10.5 -1.34758e-05
25.5 11 1.51867e-05
25.5 11.5 0.000120174
25.5 12 -4.58729e-05
25.5 12.5 -0.000101534
25.5 13 -0.000218985
25.5 13.5 4.37951e-05
25.5 14 -8.66898e-05
25.5 14.5 3.88424e-06
25.5 15 -0.000232593
25.5 15.5 -8.58957e-05
25.5 16 -0.000238492
25.5 16.5 0.000211137
25.5 17 6.69054e-05
25.5 17.5 0.000487527
25.5 18 9.01715e-05
25.5 18.5 0.000203903
25.5 19 0.000109045
25.5 19.5 -1.98502e-05
25.5 20 -2.61545e-06
25.5 20.5 0

26 0 0
26 0.5 0
26 1 4.62542e-05
26 1.5 -5.97354e-05
26 2 -2.36659e-05
26 2.5 -1.0098e-05
26 3 -5.82132e-05
26 3.5 0.00015431
26 4 7.57495e-05
26 4.5 0.000114615
26 5 -4.61479e-05
26 5.5 -3.19851e-05
26 6 -9.86161e-05
26 6.5 -3.6424e-05
26 7 -5.2495e-05
26 7.5 -2.67829e-06
26 8 -7.67643e-05
26 8.5 -1.52732e-05
26 9 -0.000120618
26 9.5 -6.27123e-05
26 10 -8.01845e-05
26 10.5 1.01952e-06
26 11 -2.62604e-05
26 11.5 4.77022e-05
26 12 -5.91662e-05
26 12.5 -3.05063e-05
26 13 -6.6301e-05
26 13.5 2.84442e-05
26 14 -2.62342e-05
26 14.5 8.97835e-06
26 15 -9.37166e-06
26 15.5 1.06151e-05
26 16 -1.56966e-05
26 16.5 6.02417e-05
26 17 8.9277e-06
26 17.5 0.00011102
26 18 -3.05741e-05
26 18.5 2.28181e-05
26 19 4.135e-05
26 19.5 -2.61545e-06
26 20 0
26 20.5 0

26.5 0 0
26.5 0.5 0
26.5 1 0
26.5 1.5 0
26.5 2 0
26.5 2.5 0
26.5 3 0
26.5 3.5 0
26.5 4 0
26.5 4.5 0
26.5 5 0
26.5 5.5 0
26.5 6 0
26.5 6.5 0
26.5 7 0
26.5 7.5 0
26.5 8 0
26.5 8.5 0
26.5 9 0
26.5 9.5 0
26.5 10 0
26.5 10.5 0
26.5 11 0
26.5 11.5 0
26.5 12 0
26.5 12.5 0
26.5 13 0
26.5 13.5 0
26.5 14 0
26.5 14.5 0
26.5 15 0
26.5 15.5 0
26.5 16 0
26.5 16.5 0
26.5 17 0
26.5 17.5 0
26.5 18 0
26.5 18.5 0
26.5 19 0
26.5 19.5 0
26.5 20 0
26.5 20.5 0

