0 0 0
0 0.5 0
0 1 0
0 1.5 0
0 2 0
0 2.5 0
0 3 0
0 3.5 0
0 4 0
0 4.5 0
0 5 0
0 5.5 0
0 6 0
0 6.5 0
0 7 0
0 7.5 0
0 8 0
0 8.5 0
0 9 0
0 9.5 0
0 10 0
0 10.5 0
0 11 0
0 11.5 0
0 12 0
0 12.5 0
0 13 0
0 13.5 0
0 14 0
0 14.5 0
0 15 0
0 15.5 0
0 16 0
0 16.5 0
0 17 0
0 17.5 0
0 18 0
0 18.5 0
0 19 0
0 19.5 0
0 20 0
0 20.5 0

0.5 0 0
0.5 0.5 0
0.5 1 3.97589e-05
0.5 1.5 -3.56869e-05
0.5 2 -1.17384e-05
0.5 2.5 -7.14542e-05
0.5 3 -4.20715e-05
0.5 3.5 -6.03056e-05
0.5 4 -6.49947e-05
0.5 4.5 -6.53266e-05
0.5 5 -7.29141e-05
0.5 5.5 1.15877e-05
0.5 6 -4.85426e-05
0.5 6.5 4.33972e-05
0.5 7 -2.47831e-05
0.5 7.5 3.87698e-05
0.5 8 -2.76135e-06
0.5 8.5 6.59706e-05
0.5 9 4.17316e-05
0.5 9.5 8.93661e-05
0.5 10 4.48591e-05
0.5 10.5 0.000130725
0.5 11 8.07623e-05
0.5 11.5 7.60636e-05
0.5 12 8.23065e-06
0.5 12.5 5.21912e-05
0.5 13 -1.82624e-05
0.5 13.5 -1.20587e-05
0.5 14 -4.05128e-05
0.5 14.5 4.28007e-05
0.5 15 -6.96158e-05
0.5 15.5 -6.94393e-06
0.5 16 -5.9502e-05
0.5 16.5 -6.73018e-05
0.5 17 -2.50908e-05
0.5 17.5 -3.96316e-05
0.5 18 -1.17034e-05
0.5 18.5 -3.65089e-05
0.5 19 4.40371e-05
0.5 19.5 1.56247e-05
0.5 20 0
0.5 20.5 0

1 0 0
1 0.5 3.97589e-05
1 1 0.000211568
1 1.5 -4.85117e-06
1 2 -2.92177e-05
1 2.5 -0.000334629
1 3 -0.000217156
1 3.5 -0.000351545
1 4 -0.000220616
1 4.5 -0.000193577
1 5 -0.000114457
1 5.5 5.97553e-05
1 6 -0.000219361
1 6.5 -4.93142e-06
1 7 -0.000272828
1 7.5 9.2135e-06
1 8 -5.68181e-05
1 8.5 0.000124913
1 9 8.2722e-05
1 9.5 0.000251467
1 10 0.00024313
1 10.5 0.000497004
1 11 0.000294036
1 11.5 0.000246415
1 12 1.40961e-06
1 12.5 0.000129167
1 13 -0.00019872
1 13.5 -8.11457e-05
1 14 -0.000252796
1 14.5 -4.45305e-05
1 15 -0.000154543
1 15.5 -1.09706e-05
1 16 -0.000116182
1 16.5 -0.000247166
1 17 -0.000161432
1 17.5 -0.000270366
1 18 -0.000100302
1 18.5 -0.000108782
1 19 9.70616e-05
1 19.5 0.000108339
1 20 1.56247e-05
1 20.5 0

1.5 0 0
1.5 0.5 -1.58113e-05
1.5 1 8.80427e-05
1.5 1.5 0.000345829
1.5 2 -8.79072e-05
1.5 2.5 2.83852e-05
1.5 3 -6.59453e-05
1.5 3.5 -6.87033e-05
1.5 4 0.000176279
1.5 4.5 0.000296915
1.5 5 0.000599067
1.5 5.5 -7.27712e-05
1.5 6 0.00036431
1.5 6.5 -0.000453693
1.5 7 -0.000107721
1.5 7.5 -0.000533638
1.5 8 -2.56916e-05
1.5 8.5 -0.000569722
1.5 9 -0.00017251
1.5 9.5 -0.000525496
1.5 10 -0.000167215
1.5 10.5 -0.000602222
1.5 11 -0.000267375
1.5 11.5 -0.000438713
1.5 12 1.79927e-05
1.5 12.5 -0.000501671
1.5 13 -0.00017494
1.5 13.5 -0.000175273
1.5 14 0.000129504
1.5 14.5 -0.000356054
1.5 15 0.000588362
1.5 15.5 3.37254e-05
1.5 16 0.000460559
1.5 16.5 0.000252154
1.5 17 -0.000136501
1.5 17.5 -0.000220604
1.5 18 -0.000131189
1.5 18.5 5.64004e-05
1.5 19 -0.00025685
1.5 19.5 0.000123241
1.5 20 4.40285e-05
1.5 20.5 0

2 0 0
2 0.5 1.24368e-06
2 1 -6.37248e-05
2 1.5 -0.000123449
2 2 1.09324e-05
2 2.5 0.000135767
2 3 0.000521739
2 3.5 0.000323469
2 4 0.000253934
2 4.5 0.000287918
2 5 -5.49169e-05
2 5.5 0.000111722
2 6 0.000541655
2 6.5 6.8654e-05
2 7 0.000499103
2 7.5 -2.68302e-05
2 8 0.000236128
2 8.5 0.000602617
2 9 0.00017888
2 9.5 0.000303502
2 10 0.000161497
2 10.5 0.000250898
2 11 -0.0001415
2 11.5 0.000412529
2 12 5.73301e-05
2 12.5 0.000160481
2 13 0.000512188
2 13.5 0.00015215
2 14 0.000606102
2 14.5 -3.07241e-06
2 15 0.000351879
2 15.5 0.000255133
2 16 1.43579e-05
2 16.5 0.000361618
2 17 0.000403988
2 17.5 0.000355105
2 18 -8.62379e-05
2 18.5 0.000210724
2 19 3.99271e-05
2 19.5 -5.01544e-05
2 20 -1.78039e-05
2 20.5 0

2.5 0 0
2.5 0.5 -3.60093e-05
2.5 1 -0.000129173
2.5 1.5 9.56074e-05
2.5 2 -0.000722797
2.5 2.5 0.000316119
2.5 3 -0.000288672
2.5 3.5 6.78542e-05
2.5 4 0.000139677
2.5 4.5 -0.000339335
2.5 5 0.000496346
2.5 5.5 -0.000127313
2.5 6 0.000180027
2.5 6.5 -0.000148449
2.5 7 -0.000167584
2.5 7.5 3.51911e-05
2.5 8 0.00050116
2.5 8.5 -0.000541289
2.5 9 0.000519944
2.5 9.5 -0.0010117
2.5 10 0.000545841
2.5 10.5 -0.000910456
2.5 11 0.000236949
2.5 11.5 -0.000581113
2.5 12 0.000550819
2.5 12.5 -0.000446983
2.5 13 0.00057936
2.5 13.5 0.000169157
2.5 14 -0.00031484
2.5 14.5 -0.000370428
2.5 15 0.000394327
2.5 15.5 -0.000368355
2.5 16 0.000118064
2.5 16.5 0.000102428
2.5 17 -0.000195943
2.5 17.5 8.07738e-05
2.5 18 -0.00047295
2.5 18.5 0.000440269
2.5 19 -0.000667751
2.5 19.5 -8.20787e-05
2.5 20 4.50984e-05
2.5 20.5 0

3 0 0
3 0.5 -6.45206e-05
3 1 -0.00027178
3 1.5 9.21824e-05
3 2 0.000180611
3 2.5 0.00043517
3 3 0.00126458
3 3.5 0.00067605
3 4 0.000437949
3 4.5 0.000559522
3 5 -0.000149432
3 5.5 -0.000100283
3 6 0.000259709
3 6.5 -0.000443229
3 7 0.000878967
3 7.5 -0.000239069
3 8 -0.000214691
3 8.5 0.000409257
3 9 -0.000302134
3 9.5 0.00023606
3 10 -0.000174468
3 10.5 0.000590577
3 11 -0.000242134
3 11.5 0.000513005
3 12 -0.000173277
3 12.5 -4.17542e-05
3 13 0.000370297
3 13.5 -9.65581e-05
3 14 0.000853117
3 14.5 -0.000189604
3 15 0.000265801
3 15.5 0.000439367
3 16 -0.000121654
3 16.5 0.000475753
3 17 0.000373804
3 17.5 0.000396562
3 18 0.000748261
3 18.5 0.000521591
3 19 -0.000134592
3 19.5 -0.000200231
3 20 -4.44771e-05
3 20.5 0

3.5 0 0
3.5 0.5 -0.000117275
3.5 1 -0.000309069
3.5 1.5 0.000518393
3.5 2 -0.000759068
3.5 2.5 0.00106575
3.5 3 0.00012052
3.5 3.5 0.000675703
3.5 4 0.000254297
3.5 4.5 0.000708839
3.5 5 0.000196616
3.5 5.5 0.000108871
3.5 6 -0.000372768
3.5 6.5 6.45356e-05
3.5 7 -0.000410729
3.5 7.5 0.000355048
3.5 8 -0.000125965
3.5 8.5 -0.000217275
3.5 9 0.000315103
3.5 9.5 -0.000831735
3.5 10 0.000495785
3.5 10.5 -0.000215597
3.5 11 -0.000327086
3.5 11.5 -0.000369421
3.5 12 0.00020052
3.5 12.5 -0.000417866
3.5 13 3.04396e-05
3.5 13.5 0.000309242
3.5 14 -0.000447524
3.5 14.5 6.78951e-05
3.5 15 0.000322372
3.5 15.5 0.000177319
3.5 16 -0.000132691
3.5 16.5 0.000979827
3.5 17 2.58386e-05
3.5 17.5 0.00115686
3.5 18 -0.00027797
3.5 18.5 0.00117193
3.5 19 -0.000561793
3.5 19.5 -0.000322128
3.5 20 7.9363e-06
3.5 20.5 0

4 0 0
4 0.5 -0.000109895
4 1 -0.00031383
4 1.5 0.000429405
4 2 -0.000358343
4 2.5 0.000928627
4 3 0.000608394
4 3.5 0.000440275
4 4 0.00082193
4 4.5 0.000360675
4 5 -0.000377426
4 5.5 -4.05539e-05
4 6 -0.000592943
4 6.5 0.000276401
4 7 -0.000537464
4 7.5 0.000257219
4 8 -4.76883e-05
4 8.5 0.000348621
4 9 0.000446085
4 9.5 0.000407978
4 10 0.000212334
4 10.5 0.00114454
4 11 0.000174098
4 11.5 0.000725501
4 12 0.000172767
4 12.5 0.000338752
4 13 0.000159632
4 13.5 3.5842e-05
4 14 -0.000621014
4 14.5 -3.51434e-05
4 15 -0.000698822
4 15.5 0.000156598
4 16 -1.98527e-05
4 16.5 0.000444199
4 17 6.90301e-05
4 17.5 0.000389963
4 18 0.000219717
4 18.5 0.000655752
4 19 -0.000420956
4 19.5 -0.000252066
4 20 -1.49223e-05
4 20.5 0

4.5 0 0
4.5 0.5 -7.75279e-05
4.5 1 -0.000251665
4.5 1.5 0.000337042
4.5 2 -0.000231667
4.5 2.5 0.000929345
4.5 3 0.000503324
4.5 3.5 0.000774603
4.5 4 0.000413388
4.5 4.5 0.00104459
4.5 5 -0.000219346
4.5 5.5 0.000846689
4.5 6 -0.000970386
4.5 6.5 0.000772981
4.5 7 -0.000988991
4.5 7.5 0.00097459
4.5 8 -0.000648189
4.5 8.5 0.000544564
4.5 9 -0.000235787
4.5 9.5 1.50668e-05
4.5 10 -0.000463855
4.5 10.5 0.000581022
4.5 11 -0.000290405
4.5 11.5 -1.07802e-06
4.5 12 -0.000604933
4.5 12.5 0.000604486
4.5 13 -0.000191604
4.5 13.5 0.00118553
4.5 14 -0.000786198
4.5 14.5 0.00108101
4.5 15 -0.000415488
4.5 15.5 0.000829013
4.5 16 -0.000213467
4.5 16.5 0.00101247
4.5 17 0.000214736
4.5 17.5 0.000855294
4.5 18 0.000160014
4.5 18.5 0.000676613
4.5 19 -0.000282328
4.5 19.5 -0.00013144
4.5 20 3.45687e-06
4.5 20.5 0

5 0 0
5 0.5 -9.10847e-05
5 1 -0.000246739
5 1.5 0.000426066
5 2 -9.30881e-05
5 2.5 0.000803147
5 3 8.28266e-06
5 3.5 4.31331e-05
5 4 0.000266403
5 4.5 -0.000338492
5 5 -0.000431845
5 5.5 -0.000720507
5 6 -0.00072942
5 6.5 -0.000125482
5 7 -0.000345078
5 7.5 0.00028429
5 8 -0.000118757
5 8.5 0.000344172
5 9 0.000343824
5 9.5 0.000416182
5 10 -3.85465e-05
5 10.5 0.000646132
5 11 0.000409378
5 11.5 0.00058511
5 12 0.000579862
5 12.5 0.000100299
5 13 -4.39651e-05
5 13.5 0.000115836
5 14 -0.000919787
5 14.5 -0.000265763
5 15 -0.00057531
5 15.5 -0.000592871
5 16 -0.00017913
5 16.5 -9.46289e-05
5 17 -0.000390424
5 17.5 4.88901e-06
5 18 2.99584e-05
5 18.5 -0.000167416
5 19 -0.000255297
5 19.5 -9.8216e-06
5 20 1.11448e-05
5 20.5 0

5.5 0 0
5.5 0.5 -5.48408e-05
5.5 1 -0.000137875
5.5 1.5 0.000222695
5.5 2 0.000155071
5.5 2.5 0.000740025
5.5 3 0.000802318
5.5 3.5 0.000453397
5.5 4 0.000306294
5.5 4.5 0.000338633
5.5 5 -0.000714988
5.5 5.5 0.000653669
5.5 6 -0.00112889
5.5 6.5 0.00162895
5.5 7 -0.000530508
5.5 7.5 0.00102103
5.5 8 -0.000283715
5.5 8.5 0.00100577
5.5 9 0.000772042
5.5 9.5 2.018e-05
5.5 10 0.000263569
5.5 10.5 0.000427972
5.5 11 0.000526953
5.5 11.5 0.000393635
5.5 12 6.88217e-05
5.5 12.5 0.000797054
5.5 13 0.000253794
5.5 13.5 0.00107381
5.5 14 -0.00089788
5.5 14.5 0.00157898
5.5 15 -0.000578531
5.5 15.5 0.000308333
5.5 16 -0.000330193
5.5 16.5 0.000128304
5.5 17 0.000451866
5.5 17.5 0.000863008
5.5 18 0.000254367
5.5 18.5 0.00029247
5.5 19 -0.000343224
5.5 19.5 8.13029e-05
5.5 20 5.60731e-05
5.5 20.5 0

6 0 0
6 0.5 -4.64813e-05
6 1 -0.000212786
6 1.5 0.000234461
6 2 -0.000216535
6 2.5 0.000716598
6 3 -0.000308008
6 3.5 0.000110029
6 4 2.31426e-05
6 4.5 -0.000364086
6 5 -0.000216453
6 5.5 -0.00117647
6 6 -0.000673234
6 6.5 -0.000646431
6 7 -0.000888744
6 7.5 -0.000271822
6 8 -0.000374825
6 8.5 -0.000213055
6 9 -0.000251974
6 9.5 -0.000215639
6 10 -0.000872337
6 10.5 0.000349155
6 11 8.92927e-05
6 11.5 5.11725e-05
6 12 4.75985e-05
6 12.5 -0.000335807
6 13 -0.000110931
6 13.5 -8.68362e-05
6 14 -0.000708119
6 14.5 -0.000734338
6 15 -0.000207823
6 15.5 -0.000517591
6 16 -0.000378873
6 16.5 -0.000416126
6 17 -0.000470695
6 17.5 8.56882e-05
6 18 -0.000777782
6 18.5 -5.22746e-05
6 19 -0.00012963
6 19.5 0.000145089
6 20 2.6104e-05
6 20.5 0

6.5 0 0
6.5 0.5 -3.1288e-05
6.5 1 -5.22571e-05
6.5 1.5 0.000186396
6.5 2 0.00062503
6.5 2.5 0.000494121
6.5 3 0.000495789
6.5 3.5 0.000290829
6.5 4 -1.0477e-05
6.5 4.5 -0.000127208
6.5 5 -0.00107868
6.5 5.5 -6.61937e-05
6.5 6 -0.00133517
6.5 6.5 0.00077846
6.5 7 -0.000863793
6.5 7.5 0.000207669
6.5 8 -0.00110203
6.5 8.5 0.000224189
6.5 9 -0.000865062
6.5 9.5 -0.000637577
6.5 10 -0.00100886
6.5 10.5 -0.000227125
6.5 11 -0.000771178
6.5 11.5 -0.00054136
6.5 12 -0.000892058
6.5 12.5 0.000191167
6.5 13 -0.000475425
6.5 13.5 0.000730499
6.5 14 -0.00118565
6.5 14.5 0.000841934
6.5 15 -0.000486529
6.5 15.5 -0.000272394
6.5 16 -0.000684338
6.5 16.5 -0.000250431
6.5 17 -0.000236787
6.5 17.5 0.000694617
6.5 18 0.000260107
6.5 18.5 -0.000406315
6.5 19 0.000344017
6.5 19.5 0.000163983
6.5 20 1.41113e-05
6.5 20.5 0

7 0 0
7 0.5 -1.38173e-05
7 1 -0.000130111
7 1.5 6.27444e-05
7 2 -0.000388196
7 2.5 0.000237154
7 3 -0.000331274
7 3.5 -0.000109436
7 4 -0.000121904
7 4.5 -0.000193708
7 5 -0.000416635
7 5.5 -0.000889932
7 6 -0.000960988
7 6.5 -0.000892195
7 7 -0.00106985
7 7.5 -0.000136864
7 8 -0.000456246
7 8.5 0.000378456
7 9 -0.000484836
7 9.5 -7.34907e-05
7 10 -0.0013857
7 10.5 7.16291e-05
7 11 -0.000897541
7 11.5 0.000581353
7 12 -0.000654617
7 12.5 -0.000204048
7 13 -0.000547892
7 13.5 -0.00058172
7 14 -0.000781951
7 14.5 -0.000853877
7 15 -0.00018005
7 15.5 -0.000463841
7 16 -0.000570796
7 16.5 -0.000374379
7 17 -0.000404071
7 17.5 4.05099e-05
7 18 -0.000890062
7 18.5 4.63158e-05
7 19 0.000133478
7 19.5 0.000182999
7 20 2.02282e-05
7 20.5 0

7.5 0 0
7.5 0.5 -3.96075e-05
7.5 1 -0.000204489
7.5 1.5 -8.40768e-05
7.5 2 0.000590756
7.5 2.5 0.000595253
7.5 3 0.00126789
7.5 3.5 0.000450418
7.5 4 0.000751347
7.5 4.5 0.000150174
7.5 5 -0.000247922
7.5 5.5 -7.6014e-05
7.5 6 -0.000446436
7.5 6.5 0.000159883
7.5 7 -5.30313e-06
7.5 7.5 -0.000318751
7.5 8 -6.92374e-05
7.5 8.5 -1.73887e-05
7.5 9 -0.000368875
7.5 9.5 -0.000946564
7.5 10 -0.000533489
7.5 10.5 -0.000782358
7.5 11 -0.000389946
7.5 11.5 -0.000326907
7.5 12 -0.000256585
7.5 12.5 -0.000139975
7.5 13 0.000103826
7.5 13.5 -8.91859e-05
7.5 14 -0.000203784
7.5 14.5 0.000333716
7.5 15 0.000268174
7.5 15.5 -0.000111978
7.5 16 0.000223724
7.5 16.5 8.15186e-06
7.5 17 0.000987126
7.5 17.5 0.000723352
7.5 18 0.000341874
7.5 18.5 -0.000204147
7.5 19 -5.27462e-05
7.5 19.5 0.000167302
7.5 20 3.17961e-05
7.5 20.5 0

8 0 0
8 0.5 -3.91075e-05
8 1 -0.000213502
8 1.5 -7.59013e-05
8 2 0.000328671
8 2.5 0.000584044
8 3 0.000681244
8 3.5 0.000344771
8 4 0.00055998
8 4.5 -5.0424e-06
8 5 2.44878e-05
8 5.5 -0.000758086
8 6 -0.000352118
8 6.5 -0.000738909
8 7 -0.000282986
8 7.5 -0.000487523
8 8 -0.000544673
8 8.5 0.000123932
8 9 -0.000509504
8 9.5 0.000677517
8 10 -0.00101912
8 10.5 0.000653686
8 11 -0.000617994
8 11.5 0.000588736
8 12 -0.000660341
8 12.5 1.76907e-06
8 13 -0.00062167
8 13.5 -0.000741609
8 14 -0.000430394
8 14.5 -0.000730283
8 15 0.000238574
8 15.5 -0.000162341
8 16 3.64576e-06
8 16.5 9.03206e-05
8 17 0.000202828
8 17.5 0.000130506
8 18 -0.000246119
8 18.5 -0.000236873
8 19 -0.000203765
8 19.5 0.000182171
8 20 5.06624e-05
8 20.5 0

8.5 0 0
8.5 0.5 -3.93211e-05
8.5 1 -0.000238476
8.5 1.5 -0.000104074
8.5 2 0.000171585
8.5 2.5 0.000320872
8.5 3 0.000590312
8.5 3.5 0.000664474
8.5 4 0.000223248
8.5 4.5 0.000539427
8.5 5 3.44629e-05
8.5 5.5 0.00031844
8.5 6 0.000150335
8.5 6.5 -0.00042281
8.5 7 6.02686e-05
8.5 7.5 -0.000413832
8.5 8 0.000304697
8.5 8.5 -0.00027772
8.5 9 -0.000262386
8.5 9.5 -0.000527083
8.5 10 -0.000323565
8.5 10.5 -0.000556008
8.5 11 -0.000338909
8.5 11.5 -0.000508888
8.5 12 -0.000108809
8.5 12.5 -0.000590428
8.5 13 0.000307663
8.5 13.5 -0.000224523
8.5 14 -0.000118917
8.5 14.5 -0.000241809
8.5 15 0.000550379
8.5 15.5 0.000352138
8.5 16 1.10858e-05
8.5 16.5 0.000617034
8.5 17 0.000287664
8.5 17.5 0.000563221
8.5 18 -3.61268e-05
8.5 18.5 -9.02261e-05
8.5 19 -0.000214648
8.5 19.5 0.000114939
8.5 20 4.01893e-05
8.5 20.5 0

9 0 0
9 0.5 3.21412e-06
9 1 -2.22656e-06
9 1.5 -6.4845e-05
9 2 -3.74757e-05
9 2.5 0.000475806
9 3 0.000877025
9 3.5 0.000206606
9 4 0.000851481
9 4.5 0.000255993
9 5 0.000377565
9 5.5 0.000314575
9 6 -4.76468e-05
9 6.5 0.000758581
9 7 0.000250249
9 7.5 2.89826e-05
9 8 -0.000201959
9 8.5 -0.000375635
9 9 -0.000272142
9 9.5 6.81373e-05
9 10 -0.000380105
9 10.5 0.000115231
9 11 -0.000464094
9 11.5 -0.000494427
9 12 -0.000655139
9 12.5 -0.00018001
9 13 -0.0001627
9 13.5 -0.000115777
9 14 0.000124614
9 14.5 0.000172573
9 15 0.00026357
9 15.5 0.000528797
9 16 0.000243375
9 16.5 0.000388927
9 17 0.000594062
9 17.5 0.000530504
9 18 0.00017368
9 18.5 9.63724e-05
9 19 -0.000271227
9 19.5 0.000149118
9 20 5.49747e-05
9 20.5 0

9.5 0 0
9.5 0.5 4.66304e-05
9.5 1 6.00826e-05
9.5 1.5 -0.000357816
9.5 2 0.000307615
9.5 2.5 0.000266788
9.5 3 0.000180525
9.5 3.5 0.000156468
9.5 4 0.000466222
9.5 4.5 0.000386593
9.5 5 0.000698311
9.5 5.5 0.00052188
9.5 6 0.000818183
9.5 6.5 -0.00108947
9.5 7 0.00014067
9.5 7.5 -0.000841659
9.5 8 -0.000393451
9.5 8.5 -0.000853915
9.5 9 -0.00108815
9.5 9.5 -0.000768855
9.5 10 -0.00121251
9.5 10.5 -0.000715644
9.5 11 -0.00150524
9.5 11.5 -0.000768626
9.5 12 -0.000581021
9.5 12.5 -0.00118321
9.5 13 8.5988e-05
9.5 13.5 -0.0010473
9.5 14 -8.19744e-05
9.5 14.5 -0.000768186
9.5 15 0.00060659
9.5 15.5 0.000124893
9.5 16 0.000380692
9.5 16.5 0.000830391
9.5 17 0.000834776
9.5 17.5 0.000479151
9.5 18 0.000142847
9.5 18.5 8.38668e-05
9.5 19 0.000266971
9.5 19.5 0.000119197
9.5 20 1.56936e-06
9.5 20.5 0

10 0 0
10 0.5 -9.46586e-06
10 1 8.19345e-05
10 1.5 0.000283408
10 2 7.37935e-06
10 2.5 0.000266953
10 3 0.000247212
10 3.5 -0.000291452
10 4 -0.000455992
10 4.5 -0.000583658
10 5 -0.00051034
10 5.5 0.000384372
10 6 -0.000358051
10 6.5 0.000496361
10 7 0.000491932
10 7.5 0.000423101
10 8 -0.00081131
10 8.5 0.000571261
10 9 -0.000707065
10 9.5 9.98767e-05
10 10 -0.000146458
10 10.5 -0.000231346
10 11 -0.000508954
10 11.5 -5.9825e-06
10 12 -0.00108976
10 12.5 9.32645e-05
10 13 -0.000375662
10 13.5 0.000410005
10 14 7.15393e-05
10 14.5 7.16495e-05
10 15 -0.000392816
10 15.5 0.000168938
10 16 -0.000630315
10 16.5 -2.34544e-05
10 17 6.52471e-05
10 17.5 0.000101594
10 18 3.87852e-05
10 18.5 0.000298759
10 19 -0.000212405
10 19.5 0.000226072
10 20 7.43469e-05
10 20.5 0

10.5 0 0
10.5 0.5 5.30279e-06
10.5 1 7.72898e-06
10.5 1.5 -3.90921e-05
10.5 2 0.000158645
10.5 2.5 0.000484368
10.5 3 0.00041013
10.5 3.5 0.000575025
10.5 4 0.000638212
10.5 4.5 0.000316093
10.5 5 0.000648876
10.5 5.5 0.000489854
10.5 6 0.000802487
10.5 6.5 -0.000800064
10.5 7 0.000432434
10.5 7.5 -0.000499403
10.5 8 2.48178e-05
10.5 8.5 -0.000394732
10.5 9 0.000152612
10.5 9.5 -0.000262129
10.5 10 0.00033703
10.5 10.5 -0.000905773
10.5 11 8.41729e-05
10.5 11.5 -0.000154787
10.5 12 -9.72382e-05
10.5 12.5 -0.000402592
10.5 13 0.000359103
10.5 13.5 -0.000655585
10.5 14 8.08884e-05
10.5 14.5 -0.000713989
10.5 15 0.000579401
10.5 15.5 0.00011661
10.5 16 0.000611973
10.5 16.5 0.000823827
10.5 17 0.00104375
10.5 17.5 0.000550994
10.5 18 0.000294742
10.5 18.5 0.000317336
10.5 19 0.000136188
10.5 19.5 0.000149605
10.5 20 1.48848e-05
10.5 20.5 0

11 0 0
11 0.5 -3.57215e-05
11 1 2.59188e-05
11 1.5 0.000470978
11 2 -0.000399614
11 2.5 0.000739253
11 3 -0.000354675
11 3.5 0.000545521
11 4 -0.000513992
11 4.5 -0.000501348
11 5 -0.000384451
11 5.5 0.000179949
11 6 0.000149976
11 6.5 0.000338136
11 7 -0.000262752
11 7.5 -0.000190562
11 8 -0.000559723
11 8.5 -0.00020232
11 9 -0.000623939
11 9.5 -0.000545922
11 10 -0.00078991
11 10.5 -0.000792008
11 11 -0.000557982
11 11.5 -0.00085751
11 12 -0.000749125
11 12.5 -0.000331488
11 13 -0.000354464
11 13.5 0.00030678
11 14 -0.000199688
11 14.5 -8.46208e-05
11 15 -0.000292011
11 15.5 -0.000172392
11 16 -0.000533296
11 16.5 0.00042224
11 17 -0.000262928
11 17.5 0.000849032
11 18 -0.000589424
11 18.5 0.000235278
11 19 2.98899e-05
11 19.5 0.000234673
11 20 6.1978e-05
11 20.5 0

11.5 0 0
11.5 0.5 1.19865e-05
11.5 1 -1.89848e-05
11.5 1.5 6.92079e-06
11.5 2 0.000170331
11.5 2.5 -0.000207732
11.5 3 0.000478313
11.5 3.5 0.000380847
11.5 4 0.000387103
11.5 4.5 0.000946343
11.5 5 0.000275091
11.5 5.5 -6.67817e-05
11.5 6 0.000384358
11.5 6.5 -0.00152011
11.5 7 4.03487e-05
11.5 7.5 -0.0017184
11.5 8 -0.000385648
11.5 8.5 -0.000772404
11.5 9 -0.000289965
11.5 9.5 -0.000162933
11.5 10 0.000322151
11.5 10.5 -0.000933386
11.5 11 0.000388499
11.5 11.5 -0.000160496
11.5 12 -0.000524333
11.5 12.5 -0.000943235
11.5 13 7.42042e-05
11.5 13.5 -0.00155382
11.5 14 -2.11782e-05
11.5 14.5 -0.00121939
11.5 15 0.000414088
11.5 15.5 1.76883e-05
11.5 16 0.000468644
11.5 16.5 0.000908162
11.5 17 0.000458935
11.5 17.5 3.43787e-05
11.5 18 0.000102932
11.5 18.5 -0.000226202
11.5 19 9.88399e-05
11.5 19.5 0.000280663
11.5 20 4.10667e-05
11.5 20.5 0

12 0 0
12 0.5 -6.28123e-05
12 1 5.73179e-05
12 1.5 0.000779959
12 2 -0.000439244
12 2.5 0.000737182
12 3 0.000470243
12 3.5 0.000330692
12 4 -0.000104364
12 4.5 -0.000399207
12 5 0.000129026
12 5.5 0.000374956
12 6 0.000392265
12 6.5 0.00102327
12 7 -0.000320442
12 7.5 0.000423123
12 8 -0.000295894
12 8.5 -0.000206265
12 9 -0.000216034
12 9.5 5.32764e-05
12 10 0.000339498
12 10.5 -0.000233221
12 11 0.000224197
12 11.5 -0.00045984
12 12 -0.000156734
12 12.5 9.66677e-05
12 13 6.98184e-05
12 13.5 0.000869729
12 14 -0.000263907
12 14.5 0.000374119
12 15 -0.000615221
12 15.5 0.000105481
12 16 -0.000171538
12 16.5 0.000321463
12 17 0.000635837
12 17.5 0.000532812
12 18 0.000260861
12 18.5 0.000393044
12 19 8.28042e-08
12 19.5 0.000328298
12 20 6.2662e-05
12 20.5 0

12.5 0 0
12.5 0.5 3.43396e-05
12.5 1 4.60118e-05
12.5 1.5 -0.000265326
12.5 2 0.00039498
12.5 2.5 0.000125728
12.5 3 0.000568683
12.5 3.5 0.000903596
12.5 4 0.000280316
12.5 4.5 0.00100633
12.5 5 -0.00018066
12.5 5.5 0.000555786
12.5 6 0.000167307
12.5 6.5 -0.000423738
12.5 7 -0.000127567
12.5 7.5 -0.00100981
12.5 8 -0.00046266
12.5 8.5 -0.000171531
12.5 9 -0.000311074
12.5 9.5 0.00029251
12.5 10 9.95668e-05
12.5 10.5 3.94641e-05
12.5 11 0.000248047
12.5 11.5 0.000219714
12.5 12 -0.000646776
12.5 12.5 -0.000579514
12.5 13 -0.000305762
12.5 13.5 -0.00106394
12.5 14 -0.000337653
12.5 14.5 -0.000337448
12.5 15 -0.000169859
12.5 15.5 0.000435515
12.5 16 6.70194e-05
12.5 16.5 0.00108584
12.5 17 0.00080718
12.5 17.5 0.000589793
12.5 18 3.97042e-05
12.5 18.5 -0.000175311
12.5 19 0.000380155
12.5 19.5 0.000143255
12.5 20 -8.87036e-06
12.5 20.5 0

13 0 0
13 0.5 -7.39469e-06
13 1 0.000228339
13 1.5 0.000373987
13 2 -0.000179864
13 2.5 0.000165402
13 3 -0.000363208
13 3.5 0.000736691
13 4 -0.000326297
13 4.5 0.000343748
13 5 -0.000282928
13 5.5 0.00080587
13 6 0.000114521
13 6.5 0.000705804
13 7 -0.000230219
13 7.5 -0.000383581
13 8 -0.000490431
13 8.5 -0.000920119
13 9 -0.00095661
13 9.5 -0.000811182
13 10 -0.000424948
13 10.5 -0.00100583
13 11 -0.000739722
13 11.5 -0.00126404
13 12 -0.00091847
13 12.5 -0.00101102
13 13 -0.000485192
13 13.5 9.2198e-05
13 14 -0.00053333
13 14.5 0.000460233
13 15 -0.000555949
13 15.5 0.000450169
13 16 -1.27375e-05
13 16.5 0.000890316
13 17 5.89738e-05
13 17.5 0.000475576
13 18 -0.000127815
13 18.5 4.0566e-05
13 19 0.000186005
13 19.5 0.000245001
13 20 3.68866e-05
13 20.5 0

13.5 0 0
13.5 0.5 8.17454e-05
13.5 1 0.000168036
13.5 1.5 -0.000424149
13.5 2 0.000182129
13.5 2.5 0.000257509
13.5 3 0.000399445
13.5 3.5 0.00061564
13.5 4 0.000944464
13.5 4.5 0.00101647
13.5 5 0.000784809
13.5 5.5 0.000524854
13.5 6 0.000812267
13.5 6.5 -0.000216988
13.5 7 0.000344688
13.5 7.5 -0.000853604
13.5 8 -0.000443437
13.5 8.5 -0.000228281
13.5 9 -0.000865063
13.5 9.5 0.000138572
13.5 10 -0.000749624
13.5 10.5 -0.000379927
13.5 11 -0.000510602
13.5 11.5 8.34449e-05
13.5 12 -0.000819414
13.5 12.5 -0.00019146
13.5 13 -0.000749945
13.5 13.5 -0.000658513
13.5 14 0.00050812
13.5 14.5 -0.000278304
13.5 15 0.000345044
13.5 15.5 0.000476847
13.5 16 0.0010708
13.5 16.5 0.0009151
13.5 17 0.000814549
13.5 17.5 0.000469976
13.5 18 0.000129858
13.5 18.5 -0.000354168
13.5 19 0.00059983
13.5 19.5 0.000183567
13.5 20 -2.08415e-05
13.5 20.5 0

14 0 0
14 0.5 7.00459e-05
14 1 0.00047161
14 1.5 2.5493e-05
14 2 -7.25983e-05
14 2.5 -0.000319684
14 3 -0.000513271
14 3.5 -4.26413e-05
14 4 -4.58356e-05
14 4.5 -0.000254624
14 5 -0.000229983
14 5.5 0.00020598
14 6 -6.98378e-05
14 6.5 0.000203193
14 7 -0.000796927
14 7.5 -0.00030922
14 8 -0.00072827
14 8.5 -0.000886605
14 9 -0.0010357
14 9.5 -0.000732529
14 10 -0.00053654
14 10.5 -0.000786331
14 11 -0.000729545
14 11.5 -0.000955242
14 12 -0.00133325
14 12.5 -0.000937894
14 13 -0.00105355
14 13.5 -0.000318372
14 14 -0.000761084
14 14.5 -6.84044e-06
14 15 -0.00042537
14 15.5 -0.000248746
14 16 -0.00021225
14 16.5 -6.50959e-05
14 17 -0.000294355
14 17.5 -0.000290041
14 18 -0.000515952
14 18.5 -0.00045451
14 19 0.000317295
14 19.5 0.000396913
14 20 7.05527e-05
14 20.5 0

14.5 0 0
14.5 0.5 0.000121335
14.5 1 0.000341025
14.5 1.5 -0.000456396
14.5 2 4.32047e-05
14.5 2.5 0.000398799
14.5 3 -0.00022458
14.5 3.5 0.000379789
14.5 4 -1.27535e-06
14.5 4.5 0.000238957
14.5 5 0.000625408
14.5 5.5 -6.43563e-05
14.5 6 0.000314296
14.5 6.5 -0.000521582
14.5 7 -0.00055303
14.5 7.5 -0.00170327
14.5 8 -0.000912276
14.5 8.5 -0.00149103
14.5 9 -0.00139419
14.5 9.5 -0.000840402
14.5 10 -0.00111366
14.5 10.5 -0.00118254
14.5 11 -0.000714275
14.5 11.5 -0.000893734
14.5 12 -0.00163963
14.5 12.5 -0.00127718
14.5 13 -0.00125695
14.5 13.5 -0.00142902
14.5 14 3.31396e-05
14.5 14.5 -0.000691823
14.5 15 0.000297776
14.5 15.5 0.00012568
14.5 16 5.88247e-05
14.5 16.5 0.00022731
14.5 17 -0.000494082
14.5 17.5 0.000442622
14.5 18 -0.000189193
14.5 18.5 -0.000209595
14.5 19 0.000615605
14.5 19.5 0.000364841
14.5 20 1.74919e-05
14.5 20.5 0

15 0 0
15 0.5 6.91307e-05
15 1 0.000393047
15 1.5 -5.09862e-05
15 2 0.000110114
15 2.5 8.83352e-05
15 3 0.000456708
15 3.5 0.000370798
15 4 0.000793244
15 4.5 0.000370872
15 5 0.000912975
15 5.5 -0.000209503
15 6 0.000431543
15 6.5 -0.000282782
15 7 -0.000378092
15 7.5 -0.000391037
15 8 -0.000539025
15 8.5 -0.00038449
15 9 -0.00111403
15 9.5 -0.000192379
15 10 -0.000949214
15 10.5 0.000211355
15 11 -0.00107206
15 11.5 -0.00013726
15 12 -0.00128326
15 12.5 -0.000716212
15 13 -0.000999543
15 13.5 -0.000394267
15 14 -0.000122433
15 14.5 -0.00031171
15 15 0.000519776
15 15.5 -0.000195581
15 16 0.000706493
15 16.5 0.000203503
15 17 0.000599903
15 17.5 0.000391574
15 18 0.000282874
15 18.5 0.000304001
15 19 0.000245538
15 19.5 0.000320981
15 20 4.64756e-05
15 20.5 0

15.5 0 0
15.5 0.5 9.01907e-05
15.5 1 0.00015001
15.5 1.5 -0.000521232
15.5 2 0.000213746
15.5 2.5 -0.000323659
15.5 3 5.41269e-05
15.5 3.5 -0.000454186
15.5 4 -6.81324e-05
15.5 4.5 -0.000132669
15.5 5 0.000237273
15.5 5.5 -0.000435215
15.5 6 0.000355225
15.5 6.5 -0.00048406
15.5 7 -0.000122864
15.5 7.5 -0.00109556
15.5 8 -0.000495771
15.5 8.5 -0.00130278
15.5 9 -0.000684574
15.5 9.5 -0.00168887
15.5 10 -0.000259128
15.5 10.5 -0.00213207
15.5 11 -0.000586734
15.5 11.5 -0.00124839
15.5 12 -0.00114558
15.5 12.5 -0.00106765
15.5 13 -0.00071112
15.5 13.5 -0.00113927
15.5 14 0.000397641
15.5 14.5 -0.00101508
15.5 15 0.000144247
15.5 15.5 -0.00024632
15.5 16 -7.48059e-05
15.5 16.5 -0.000270046
15.5 17 -0.000472619
15.5 17.5 -0.000151144
15.5 18 -0.000173444
15.5 18.5 -0.000418131
15.5 19 0.000394643
15.5 19.5 8.91046e-05
15.5 20 -1.51112e-05
15.5 20.5 0

16 0 0
16 0.5 2.45666e-05
16 1 0.000170227
16 1.5 -2.21974e-05
16 2 0.000410281
16 2.5 -0.000259537
16 3 0.000763964
16 3.5 0.000100702
16 4 0.000293979
16 4.5 0.000441118
16 5 0.00013511
16 5.5 -0.000125059
16 6 0.000367597
16 6.5 -0.000835935
16 7 -0.000669445
16 7.5 -0.000938386
16 8 -0.000667702
16 8.5 -0.000606875
16 9 -0.00122178
16 9.5 -0.000508654
16 10 -0.00142069
16 10.5 -0.000169367
16 11 -0.00158572
16 11.5 -0.000487751
16 12 -0.00163966
16 12.5 -0.000826778
16 13 -0.00101051
16 13.5 -0.000859281
16 14 -0.00024754
16 14.5 -0.000875158
16 15 0.000223533
16 15.5 5.0101e-05
16 16 0.000257038
16 16.5 0.000345123
16 17 0.000506912
16 17.5 0.000195273
16 18 0.000589574
16 18.5 0.000362476
16 19 0.00043634
16 19.5 -1.41202e-07
16 20 -3.75911e-05
16 20.5 0

16.5 0 0
16.5 0.5 7.71119e-05
16.5 1 0.000124723
16.5 1.5 -0.000363713
16.5 2 0.000381629
16.5 2.5 -2.97212e-05
16.5 3 7.27613e-05
16.5 3.5 0.00015695
16.5 4 -4.34527e-05
16.5 4.5 -9.19661e-05
16.5 5 0.000433093
16.5 5.5 -0.000684078
16.5 6 0.000465752
16.5 6.5 -0.00109378
16.5 7 0.000236713
16.5 7.5 -0.00128575
16.5 8 -0.000120487
16.5 8.5 -0.00128699
16.5 9 -0.00147022
16.5 9.5 -0.000806088
16.5 10 -0.00159031
16.5 10.5 -0.00119718
16.5 11 -0.0012033
16.5 11.5 -0.000769504
16.5 12 -0.00106961
16.5 12.5 -0.00117767
16.5 13 -0.000493151
16.5 13.5 -0.00120008
16.5 14 0.000120706
16.5 14.5 -0.00125763
16.5 15 0.000273582
16.5 15.5 -0.000495073
16.5 16 0.000218545
16.5 16.5 0.000126182
16.5 17 -1.31076e-05
16.5 17.5 -5.97694e-05
16.5 18 0.000518511
16.5 18.5 -0.000101627
16.5 19 0.000337575
16.5 19.5 -3.33286e-05
16.5 20 -4.09598e-05
16.5 20.5 0

17 0 0
17 0.5 1.34191e-05
17 1 0.00027578
17 1.5 0.000289111
17 2 0.000136585
17 2.5 -0.000132057
17 3 0.000104953
17 3.5 0.000102623
17 4 -0.000587505
17 4.5 0.000346008
17 5 -0.000656195
17 5.5 0.000393333
17 6 -0.000112824
17 6.5 0.000245548
17 7 7.18647e-05
17 7.5 -0.000132583
17 8 -2.59082e-05
17 8.5 -0.000357151
17 9 -0.000161214
17 9.5 -0.000410573
17 10 0.000134747
17 10.5 -0.00135137
17 11 -0.00037921
17 11.5 -0.000822646
17 12 -0.0010773
17 12.5 -0.000427855
17 13 -0.000192034
17 13.5 -0.00040777
17 14 -0.000246332
17 14.5 0.000297558
17 15 -0.000281991
17 15.5 -0.000104955
17 16 -0.000441971
17 16.5 0.000189229
17 17 6.05267e-05
17 17.5 0.000338647
17 18 0.000183116
17 18.5 0.000515772
17 19 0.000324178
17 19.5 5.3596e-05
17 20 -7.5935e-06
17 20.5 0

17.5 0 0
17.5 0.5 5.95382e-05
17.5 1 0.000140683
17.5 1.5 -0.00010029
17.5 2 0.000418125
17.5 2.5 -6.60229e-05
17.5 3 -0.000229373
17.5 3.5 0.000380262
17.5 4 6.51435e-05
17.5 4.5 2.13771e-05
17.5 5 8.78505e-05
17.5 5.5 -0.00121324
17.5 6 -0.00016972
17.5 6.5 -0.00140658
17.5 7 0.000130764
17.5 7.5 -0.00126784
17.5 8 3.87764e-05
17.5 8.5 -0.000944219
17.5 9 -0.000756842
17.5 9.5 5.8503e-05
17.5 10 -0.0010935
17.5 10.5 -1.85464e-05
17.5 11 -0.000894828
17.5 11.5 -0.000186685
17.5 12 -0.000458753
17.5 12.5 -0.00110469
17.5 13 -0.000296717
17.5 13.5 -0.00116607
17.5 14 -0.000431274
17.5 14.5 -0.00144416
17.5 15 -0.000548554
17.5 15.5 -0.000773814
17.5 16 4.63992e-06
17.5 16.5 -0.000324579
17.5 17 0.000326073
17.5 17.5 -0.0003416
17.5 18 0.000295835
17.5 18.5 -2.92245e-05
17.5 19 0.000307294
17.5 19.5 0.000102857
17.5 20 -1.28823e-05
17.5 20.5 0

18 0 0
18 0.5 4.24966e-05
18 1 0.000324578
18 1.5 7.78036e-05
18 2 0.000267751
18 2.5 3.03738e-05
18 3 -0.000391447
18 3.5 0.000318433
18 4 -0.000804323
18 4.5 -2.52009e-05
18 5 -0.000986729
18 5.5 -0.00021825
18 6 -0.000497152
18 6.5 -0.000264374
18 7 0.000264855
18 7.5 -0.000515985
18 8 -0.000563973
18 8.5 -0.000974862
18 9 -0.00137481
18 9.5 -0.00132087
18 10 -0.000458301
18 10.5 -0.00190435
18 11 -0.000507988
18 11.5 -0.00164941
18 12 -0.000896573
18 12.5 -0.00080268
18 13 0.000205066
18 13.5 -0.000174145
18 14 -0.000420209
18 14.5 0.000185888
18 15 -0.000871479
18 15.5 -0.000203538
18 16 -0.000622002
18 16.5 6.77027e-05
18 17 -0.000221599
18 17.5 2.86761e-05
18 18 0.000202092
18 18.5 0.000175908
18 19 0.000137217
18 19.5 0.00010485
18 20 2.3285e-05
18 20.5 0

18.5 0 0
18.5 0.5 0.00010265
18.5 1 0.000231992
18.5 1.5 -0.000216821
18.5 2 0.000363403
18.5 2.5 -0.00064368
18.5 3 -0.000451667
18.5 3.5 -7.24883e-06
18.5 4 0.00013036
18.5 4.5 3.60406e-05
18.5 5 0.000229024
18.5 5.5 -0.000830677
18.5 6 1.40659e-05
18.5 6.5 -0.00131313
18.5 7 1.56603e-05
18.5 7.5 -0.000944632
18.5 8 -0.000195043
18.5 8.5 -0.000522127
18.5 9 -0.000543038
18.5 9.5 -0.000620615
18.5 10 -0.00111249
18.5 10.5 -0.000607163
18.5 11 -0.00072765
18.5 11.5 -0.000726339
18.5 12 -0.000471279
18.5 12.5 -0.00110304
18.5 13 -0.000251185
18.5 13.5 -0.000963348
18.5 14 -6.23506e-05
18.5 14.5 -0.000919523
18.5 15 -0.000148567
18.5 15.5 -0.000558607
18.5 16 0.000109277
18.5 16.5 -0.000490535
18.5 17 0.000148692
18.5 17.5 -0.000621326
18.5 18 0.000355476
18.5 18.5 4.22525e-05
18.5 19 0.000597766
18.5 19.5 0.000145583
18.5 20 -3.05338e-05
18.5 20.5 0

19 0 0
19 0.5 1.71286e-05
19 1 0.000258261
19 1.5 0.000421313
19 2 -0.000500273
19 2.5 0.000154391
19 3 -0.000737603
19 3.5 -9.1029e-05
19 4 -0.000518793
19 4.5 -0.000148993
19 5 -0.000447778
19 5.5 -0.000474178
19 6 -0.000962883
19 6.5 -0.000134869
19 7 -0.000422194
19 7.5 -0.000348609
19 8 -0.000503253
19 8.5 -0.00070096
19 9 -0.00113783
19 9.5 -0.00147138
19 10 -0.00106305
19 10.5 -0.00146236
19 11 -0.00071458
19 11.5 -0.00142752
19 12 -0.000566211
19 12.5 -0.000914085
19 13 -0.000346804
19 13.5 -8.06984e-05
19 14 -0.000927271
19 14.5 1.01825e-05
19 15 -0.000868047
19 15.5 -0.000432988
19 16 -0.000398548
19 16.5 -0.000309322
19 17 -8.72949e-05
19 17.5 0.0002269
19 18 -0.000111878
19 18.5 0.000475992
19 19 -0.000146199
19 19.5 0.000214255
19 20 4.81501e-05
19 20.5 0

19.5 0 0
19.5 0.5 9.81916e-05
19.5 1 0.000286139
19.5 1.5 -0.000166154
19.5 2 0.000380712
19.5 2.5 -0.000259112
19.5 3 -0.00040376
19.5 3.5 0.000103598
19.5 4 -2.86976e-06
19.5 4.5 0.000219993
19.5 5 -0.000349481
19.5 5.5 -0.000590808
19.5 6 -0.000730065
19.5 6.5 -0.00112587
19.5 7 -0.000541511
19.5 7.5 -0.000998542
19.5 8 -0.000832799
19.5 8.5 -0.000451073
19.5 9 -0.00133493
19.5 9.5 -0.00050407
19.5 10 -0.00144006
19.5 10.5 -0.000864038
19.5 11 -0.00131201
19.5 11.5 -0.000540289
19.5 12 -0.0013364
19.5 12.5 -0.000544466
19.5 13 -0.000603964
19.5 13.5 -0.00118618
19.5 14 -0.000359397
19.5 14.5 -0.000657416
19.5 15 -0.000676559
19.5 15.5 0.000370316
19.5 16 -0.000308724
19.5 16.5 -0.000223552
19.5 17 5.39197e-05
19.5 17.5 -0.000341787
19.5 18 -0.000154609
19.5 18.5 0.000148261
19.5 19 0.000453958
19.5 19.5 0.000302701
19.5 20 3.77467e-06
19.5 20.5 0

20 0 0
20 0.5 -4.12784e-05
20 1 0.000126958
20 1.5 0.000621296
20 2 -0.00053814
20 2.5 0.000547471
20 3 -0.000533913
20 3.5 0.000513836
20 4 -0.000393319
20 4.5 0.000268618
20 5 -0.000390144
20 5.5 -0.000933273
20 6 -0.000553723
20 6.5 -0.000616289
20 7 -0.000964178
20 7.5 -0.000884189
20 8 -0.000821028
20 8.5 -0.00129541
20 9 -0.00064684
20 9.5 -0.00129661
20 10 -0.00100223
20 10.5 -0.000733447
20 11 -0.000545404
20 11.5 -0.0013073
20 12 -0.000190867
20 12.5 -0.00107641
20 13 -0.000692936
20 13.5 -0.000618162
20 14 -0.000995193
20 14.5 -0.000340615
20 15 -0.000387697
20 15.5 -0.000214352
20 16 -0.000491985
20 16.5 -7.19282e-05
20 17 0.00012239
20 17.5 0.000242408
20 18 -0.000239269
20 18.5 0.000360965
20 19 -0.0004103
20 19.5 0.000111962
20 20 6.92313e-05
20 20.5 0

20.5 0 0
20.5 0.5 1.52239e-05
20.5 1 6.55587e-05
20.5 1.5 7.43493e-05
20.5 2 0.000141554
20.5 2.5 0.000188524
20.5 3 -0.000232352
20.5 3.5 0.000651243
20.5 4 -0.00023874
20.5 4.5 0.00040299
20.5 5 -0.000278458
20.5 5.5 -0.000666615
20.5 6 -0.000468401
20.5 6.5 -0.00051506
20.5 7 -0.000162641
20.5 7.5 -0.000847789
20.5 8 -0.000200104
20.5 8.5 -0.000418281
20.5 9 -0.000677638
20.5 9.5 -0.000349919
20.5 10 -0.000476206
20.5 10.5 -0.000755019
20.5 11 -0.000491834
20.5 11.5 -0.000451323
20.5 12 -0.000864963
20.5 12.5 -0.000242842
20.5 13 -0.00029193
20.5 13.5 -0.00069575
20.5 14 -9.88136e-05
20.5 14.5 -0.00057589
20.5 15 -0.000216808
20.5 15.5 0.000359662
20.5 16 -0.00020418
20.5 16.5 -2.7778e-05
20.5 17 -6.32305e-05
20.5 17.5 0.000409896
20.5 18 -0.000258673
20.5 18.5 0.000499166
20.5 19 0.000176618
20.5 19.5 3.89044e-05
20.5 20 -1.66354e-05
20.5 20.5 0

21 0 0
21 0.5 7.66004e-06
21 1 9.80697e-05
21 1.5 1.54593e-05
21 2 -0.000269301
21 2.5 0.000586946
21 3 -0.000242733
21 3.5 0.00086218
21 4 0.000145587
21 4.5 0.00083377
21 5 0.000223447
21 5.5 -0.000113975
21 6 0.000379921
21 6.5 -0.000141587
21 7 0.000469283
21 7.5 -0.000548807
21 8 -8.71482e-05
21 8.5 -0.000645682
21 9 -0.000826393
21 9.5 -0.000499605
21 10 -0.00132898
21 10.5 -0.000435096
21 11 -0.000879109
21 11.5 -0.000903922
21 12 -6.29569e-05
21 12.5 -0.000453891
21 13 0.000425466
21 13.5 -6.92108e-05
21 14 0.000131516
21 14.5 0.00013667
21 15 0.00013434
21 15.5 0.000252536
21 16 0.000208209
21 16.5 0.000501056
21 17 0.000553607
21 17.5 0.0006286
21 18 -0.000146361
21 18.5 0.000675076
21 19 -0.000388879
21 19.5 -5.9339e-05
21 20 1.51417e-05
21 20.5 0

21.5 0 0
21.5 0.5 4.96579e-05
21.5 1 8.28005e-05
21.5 1.5 -0.000140046
21.5 2 0.000548018
21.5 2.5 -0.00044716
21.5 3 0.000245409
21.5 3.5 -0.00029002
21.5 4 0.000549501
21.5 4.5 2.76138e-05
21.5 5 0.0008385
21.5 5.5 -0.000623766
21.5 6 0.0005968
21.5 6.5 -0.000290176
21.5 7 0.000556313
21.5 7.5 -0.000542046
21.5 8 1.88285e-05
21.5 8.5 -0.000618442
21.5 9 -0.000544471
21.5 9.5 -0.000551355
21.5 10 -0.000834888
21.5 10.5 -0.000487735
21.5 11 -0.000636559
21.5 11.5 -0.000909073
21.5 12 -0.00048183
21.5 12.5 -0.000449785
21.5 13 -5.01032e-06
21.5 13.5 -0.000101736
21.5 14 0.000569413
21.5 14.5 -0.000677567
21.5 15 0.00057006
21.5 15.5 -0.000148771
21.5 16 0.000816166
21.5 16.5 -0.000549633
21.5 17 0.000856603
21.5 17.5 -0.000478828
21.5 18 0.000263521
21.5 18.5 -0.000210666
21.5 19 0.000545278
21.5 19.5 1.89038e-05
21.5 20 -7.02152e-05
21.5 20.5 0

22 0 0
22 0.5 0.000104534
22 1 0.000312676
22 1.5 -0.000605173
22 2 0.000161247
22 2.5 -0.000190779
22 3 0.00013451
22 3.5 9.74534e-05
22 4 -0.000445391
22 4.5 0.000624806
22 5 -0.000437213
22 5.5 1.05034e-05
22 6 -0.000157993
22 6.5 -0.000233232
22 7 0.000413414
22 7.5 -0.000408449
22 8 -0.00074145
22 8.5 -0.000380502
22 9 -0.00143256
22 9.5 5.48512e-05
22 10 -0.00109585
22 10.5 -0.000526718
22 11 -0.00156266
22 11.5 -0.000489985
22 12 -0.000953594
22 12.5 -0.000529197
22 13 0.000332373
22 13.5 -0.000171447
22 14 -0.000177041
22 14.5 0.000147535
22 15 -0.000270359
22 15.5 0.000364552
22 16 -0.00022785
22 16.5 0.000196735
22 17 0.00059228
22 17.5 -0.00027576
22 18 9.00706e-05
22 18.5 0.000181145
22 19 -3.65095e-05
22 19.5 4.00148e-05
22 20 1.64632e-05
22 20.5 0

22.5 0 0
22.5 0.5 3.61579e-05
22.5 1 0.000169338
22.5 1.5 1.27942e-05
22.5 2 0.000514335
22.5 2.5 0.000158289
22.5 3 -0.000258187
22.5 3.5 3.40282e-06
22.5 4 0.000148384
22.5 4.5 -0.000438672
22.5 5 0.000297304
22.5 5.5 -0.000475313
22.5 6 -0.000305649
22.5 6.5 -9.95919e-05
22.5 7 -0.000290809
22.5 7.5 -2.60153e-05
22.5 8 -0.000699894
22.5 8.5 -0.000310153
22.5 9 -0.000982597
22.5 9.5 0.000204848
22.5 10 -0.00186514
22.5 10.5 0.000151154
22.5 11 -0.00154344
22.5 11.5 -0.000363618
22.5 12 -0.000915446
22.5 12.5 -9.98015e-05
22.5 13 -0.000800679
22.5 13.5 0.000198648
22.5 14 -0.000657556
22.5 14.5 -0.00036982
22.5 15 -0.000221281
22.5 15.5 -0.000220464
22.5 16 0.000344019
22.5 16.5 -0.000590877
22.5 17 0.0003554
22.5 17.5 -0.000413503
22.5 18 0.000142519
22.5 18.5 -0.000146214
22.5 19 0.000620827
22.5 19.5 7.11965e-05
22.5 20 -4.44175e-05
22.5 20.5 0

23 0 0
23 0.5 3.59364e-05
23 1 0.000129482
23 1.5 -0.000190325
23 2 -0.000389948
23 2.5 -9.11098e-05
23 3 -0.000295198
23 3.5 -0.000159592
23 4 -0.000614453
23 4.5 0.000465499
23 5 -0.000303454
23 5.5 -4.90725e-05
23 6 -0.000251224
23 6.5 -0.000202047
23 7 -0.000176597
23 7.5 -0.000268964
23 8 -0.000555612
23 8.5 -0.000569162
23 9 -0.000642526
23 9.5 -9.6148e-05
23 10 -0.00108016
23 10.5 -0.000464754
23 11 -0.000934665
23 11.5 -0.000759236
23 12 -0.00107577
23 12.5 -0.000449784
23 13 -0.000404328
23 13.5 -0.000237519
23 14 -0.000499464
23 14.5 9.65675e-05
23 15 0.000259337
23 15.5 0.000157898
23 16 -2.71386e-05
23 16.5 -3.74754e-05
23 17 -0.00027504
23 17.5 -0.000229906
23 18 -0.000664364
23 18.5 9.15121e-05
23 19 -0.000204535
23 19.5 3.42384e-05
23 20 3.8547e-05
23 20.5 0

23.5 0 0
23.5 0.5 -3.05087e-07
23.5 1 4.43385e-05
23.5 1.5 -2.34396e-06
23.5 2 -2.89144e-05
23.5 2.5 0.000209376
23.5 3 -6.57058e-05
23.5 3.5 -0.000186933
23.5 4 -0.000310514
23.5 4.5 -0.000266535
23.5 5 0.000258303
23.5 5.5 -0.00018702
23.5 6 -0.000351046
23.5 6.5 9.36231e-05
23.5 7 -0.000454633
23.5 7.5 -1.24878e-05
23.5 8 -0.000818455
23.5 8.5 -0.000647689
23.5 9 -0.00088997
23.5 9.5 0.000166519
23.5 10 -0.00175766
23.5 10.5 1.96817e-05
23.5 11 -0.0011215
23.5 11.5 -0.000304554
23.5 12 -0.00104182
23.5 12.5 1.91101e-05
23.5 13 -0.000752551
23.5 13.5 -4.79251e-05
23.5 14 -0.000611374
23.5 14.5 -0.000249443
23.5 15 -9.68033e-05
23.5 15.5 0.000228838
23.5 16 0.000109266
23.5 16.5 -0.000133628
23.5 17 -0.000114819
23.5 17.5 -0.000215263
23.5 18 0.000189198
23.5 18.5 0.000120073
23.5 19 0.000108205
23.5 19.5 3.70008e-06
23.5 20 -1.49935e-06
23.5 20.5 0

24 0 0
24 0.5 -1.92695e-05
24 1 -0.000140089
24 1.5 -2.91432e-05
24 2 9.90202e-05
24 2.5 0.000208354
24 3 0.00041772
24 3.5 -0.000414747
24 4 -2.66229e-05
24 4.5 -8.45102e-05
24 5 9.61221e-05
24 5.5 -0.000222762
24 6 -3.04444e-05
24 6.5 -0.000325575
24 7 -0.000459754
24 7.5 0.000101334
24 8 -0.000480974
24 8.5 0.000207096
24 9 -0.000264474
24 9.5 0.000265702
24 10 -0.00126563
24 10.5 0.000585615
24 11 -0.000911476
24 11.5 0.0003422
24 12 -0.000492643
24 12.5 0.000174106
24 13 -0.000495316
24 13.5 -0.000177928
24 14 -0.000329009
24 14.5 -0.000473918
24 15 0.000166105
24 15.5 0.000128963
24 16 -1.80253e-06
24 16.5 -0.000168743
24 17 -3.7453e-05
24 17.5 -0.000285798
24 18 0.000268746
24 18.5 4.40239e-05
24 19 -0.000178172
24 19.5 -3.54434e-05
24 20 -3.79009e-06
24 20.5 0

24.5 0 0
24.5 0.5 -3.66665e-05
24.5 1 -9.47681e-05
24.5 1.5 0.000137074
24.5 2 0.000238807
24.5 2.5 -0.000119764
24.5 3 0.000318295
24.5 3.5 -0.000512362
24.5 4 -5.86597e-05
24.5 4.5 -0.000193041
24.5 5 0.000153207
24.5 5.5 0.000343855
24.5 6 -0.000153821
24.5 6.5 0.000760665
24.5 7 -0.00033498
24.5 7.5 0.000685833
24.5 8 -0.000303022
24.5 8.5 0.000111753
24.5 9 0.000475635
24.5 9.5 -0.000247668
24.5 10 0.000434163
24.5 10.5 -3.73095e-05
24.5 11 0.000256882
24.5 11.5 -0.000172717
24.5 12 -0.000410927
24.5 12.5 0.00034118
24.5 13 -0.000131377
24.5 13.5 0.000414797
24.5 14 -0.000228666
24.5 14.5 0.000429662
24.5 15 5.40424e-05
24.5 15.5 0.000376832
24.5 16 0.000156539
24.5 16.5 -0.000287752
24.5 17 8.4279e-05
24.5 17.5 -0.000116089
24.5 18 0.00017674
24.5 18.5 -1.20468e-05
24.5 19 0.000180439
24.5 19.5 -4.39854e-05
24.5 20 -3.50609e-05
24.5 20.5 0

25 0 0
25 0.5 -1.58396e-05
25 1 -8.42185e-05
25 1.5 -6.67498e-05
25 2 -0.000183711
25 2.5 0.000408489
25 3 2.99628e-05
25 3.5 2.2551e-05
25 4 0.000313495
25 4.5 -5.65231e-05
25 5 0.0003718
25 5.5 -0.00014127
25 6 0.000159106
25 6.5 -0.000157164
25 7 0.000214256
25 7.5 0.000365547
25 8 0.000332295
25 8.5 0.0006044
25 9 0.000210119
25 9.5 0.000506336
25 10 -0.000205989
25 10.5 0.000660694
25 11 -1.9533e-05
25 11.5 0.000712086
25 12 0.000371886
25 12.5 0.000459516
25 13 0.000253288
25 13.5 0.000227833
25 14 0.000132168
25 14.5 -7.92993e-05
25 15 -5.41236e-05
25 15.5 -0.000187918
25 16 0.000489312
25 16.5 8.29338e-05
25 17 0.000275784
25 17.5 0.00029315
25 18 9.91536e-05
25 18.5 0.000474699
25 19 -0.000375966
25 19.5 -9.4461e-05
25 20 1.22602e-05
25 20.5 0

25.5 0 0
25.5 0.5 -7.60781e-06
25.5 1 -7.42907e-05
25.5 1.5 -8.46319e-05
25.5 2 -0.000135698
25.5 2.5 -0.000230728
25.5 3 1.61044e-06
25.5 3.5 -3.14917e-06
25.5 4 0.000197157
25.5 4.5 0.000145483
25.5 5 0.00024416
25.5 5.5 0.000310808
25.5 6 0.000280069
25.5 6.5 0.000266051
25.5 7 0.000211419
25.5 7.5 0.000104401
25.5 8 0.000214337
25.5 8.5 0.00010583
25.5 9 0.000237881
25.5 9.5 0.000158091
25.5 10 0.000235141
25.5 10.5 0.000158078
25.5 11 0.000401771
25.5 11.5 0.000161102
25.5 12 0.000287404
25.5 12.5 0.00010142
25.5 13 0.000201387
25.5 13.5 0.000239347
25.5 14 0.000364734
25.5 14.5 0.000309974
25.5 15 0.000259076
25.5 15.5 0.000202365
25.5 16 0.000106364
25.5 16.5 -7.76271e-06
25.5 17 3.77327e-05
25.5 17.5 -0.000177194
25.5 18 -0.00010602
25.5 18.5 -0.000237859
25.5 19 -2.6814e-05
25.5 19.5 -0.000112784
25.5 20 -1.54278e-05
25.5 20.5 0

26 0 0
26 0.5 0
26 1 -7.60781e-06
26 1.5 -1.44625e-05
26 2 -8.06184e-06
26 2.5 -7.37466e-05
26 3 -1.28713e-05
26 3.5 2.1778e-05
26 4 8.19413e-06
26 4.5 3.9082e-05
26 5 3.19838e-06
26 5.5 7.69691e-05
26 6 4.17073e-05
26 6.5 7.70535e-05
26 7 2.16476e-05
26 7.5 4.54631e-06
26 8 1.41777e-05
26 8.5 -1.43862e-05
26 9 3.34906e-05
26 9.5 -2.1259e-06
26 10 0.000107881
26 10.5 -1.82603e-05
26 11 0.000104786
26 11.5 -9.09899e-06
26 12 2.41292e-05
26 12.5 -6.19297e-07
26 13 1.84047e-05
26 13.5 4.20984e-05
26 14 5.66315e-05
26 14.5 7.59894e-05
26 15 5.00632e-05
26 15.5 6.06887e-05
26 16 -2.40995e-05
26 16.5 9.13769e-06
26 17 -2.9062e-05
26 17.5 -5.30636e-05
26 18 -2.60658e-05
26 18.5 -8.67302e-05
26 19 3.21495e-05
26 19.5 -1.54278e-05
26 20 0
26 20.5 0

26.5 0 0
26.5 0.5 0
26.5 1 0
26.5 1.5 0
26.5 2 0
26.5 2.5 0
26.5 3 0
26.5 3.5 0
26.5 4 0
26.5 4.5 0
26.5 5 0
26.5 5.5 0
26.5 6 0
26.5 6.5 0
26.5 7 0
26.5 7.5 0
26.5 8 0
26.5 8.5 0
26.5 9 0
26.5 9.5 0
26.5 10 0
26.5 10.5 0
26.5 11 0
26.5 11.5 0
26.5 12 0
26.5 12.5 0
26.5 13 0
26.5 13.5 0
26.5 14 0
26.5 14.5 0
26.5 15 0
26.5 15.5 0
26.5 16 0
26.5 16.5 0
26.5 17 0
26.5 17.5 0
26.5 18 0
26.5 18.5 0
26.5 19 0
26.5 19.5 0
26.5 20 0
26.5 20.5 0

