0 0 0
0 0.5 0
0 1 0
0 1.5 0
0 2 0
0 2.5 0
0 3 0
0 3.5 0
0 4 0
0 4.5 0
0 5 0
0 5.5 0
0 6 0
0 6.5 0
0 7 0
0 7.5 0
0 8 0
0 8.5 0
0 9 0
0 9.5 0
0 10 0
0 10.5 0
0 11 0
0 11.5 0
0 12 0
0 12.5 0
0 13 0
0 13.5 0
0 14 0
0 14.5 0
0 15 0
0 15.5 0
0 16 0
0 16.5 0
0 17 0
0 17.5 0
0 18 0
0 18.5 0
0 19 0
0 19.5 0
0 20 0
0 20.5 0

0.5 0 0
0.5 0.5 0
0.5 1 3.17071e-06
0.5 1.5 1.13066e-05
0.5 2 -3.98228e-07
0.5 2.5 1.49073e-05
0.5 3 -5.44586e-06
0.5 3.5 -9.67146e-06
0.5 4 3.76873e-06
0.5 4.5 -2.57726e-05
0.5 5 1.44216e-05
0.5 5.5 2.52543e-05
0.5 6 -4.48345e-05
0.5 6.5 1.77423e-05
0.5 7 -2.92542e-05
0.5 7.5 2.77191e-05
0.5 8 -2.92653e-05
0.5 8.5 -3.48018e-05
0.5 9 -4.66383e-05
0.5 9.5 -1.98219e-05
0.5 10 -2.49577e-05
0.5 10.5 -3.60452e-05
0.5 11 -2.87182e-05
0.5 11.5 -4.67673e-05
0.5 12 -4.09197e-05
0.5 12.5 1.13797e-05
0.5 13 -5.23757e-05
0.5 13.5 3.43628e-05
0.5 14 -4.08964e-05
0.5 14.5 1.87636e-05
0.5 15 -1.68674e-06
0.5 15.5 3.69981e-05
0.5 16 3.23094e-05
0.5 16.5 3.99923e-06
0.5 17 -4.78274e-06
0.5 17.5 -7.31329e-06
0.5 18 -9.2928e-06
0.5 18.5 -3.90712e-06
0.5 19 -8.46123e-06
0.5 19.5 1.31367e-05
0.5 20 0
0.5 20.5 0

1 0 0
1 0.5 3.17071e-06
1 1 2.16329e-05
1 1.5 9.86872e-05
1 2 1.57112e-05
1 2.5 5.62443e-05
1 3 -1.69962e-05
1 3.5 -6.87823e-05
1 4 -8.61749e-05
1 4.5 -0.000145833
1 5 -7.09164e-05
1 5.5 -0.000149447
1 6 -7.22804e-05
1 6.5 -0.000120122
1 7 -3.37538e-05
1 7.5 -0.000110179
1 8 -0.000132573
1 8.5 -0.000260478
1 9 -0.000136874
1 9.5 -0.00024612
1 10 -5.47831e-05
1 10.5 -0.000287302
1 11 -0.000124696
1 11.5 -0.000290352
1 12 -0.000189913
1 12.5 -0.000146429
1 13 -8.25866e-05
1 13.5 -7.14773e-05
1 14 -2.9567e-05
1 14.5 -0.000125861
1 15 -1.088e-05
1 15.5 -3.02423e-05
1 16 1.15268e-05
1 16.5 -8.71289e-06
1 17 -1.60418e-05
1 17.5 -1.91917e-05
1 18 1.60609e-05
1 18.5 4.07308e-05
1 19 1.19286e-05
1 19.5 7.3057e-05
1 20 1.31367e-05
1 20.5 0

1.5 0 0
1.5 0.5 -2.81017e-06
1.5 1 1.85742e-05
1.5 1.5 3.03823e-05
1.5 2 0.000105651
1.5 2.5 -7.69164e-06
1.5 3 0.000123944
1.5 3.5 4.54836e-06
1.5 4 -0.000163322
1.5 4.5 -5.1646e-05
1.5 5 -0.000294936
1.5 5.5 -0.000528992
1.5 6 0.000130322
1.5 6.5 -0.000327056
1.5 7 2.95014e-05
1.5 7.5 -0.00043066
1.5 8 -0.000118371
1.5 8.5 -0.000108878
1.5 9 -5.0018e-05
1.5 9.5 -0.000206665
1.5 10 -9.32027e-05
1.5 10.5 -7.06723e-05
1.5 11 -0.000168241
1.5 11.5 -9.77393e-05
1.5 12 -0.00010301
1.5 12.5 -0.000408247
1.5 13 0.000154935
1.5 13.5 -0.000414566
1.5 14 0.000200026
1.5 14.5 -0.000379375
1.5 15 -0.000129648
1.5 15.5 -0.000406886
1.5 16 -0.000263678
1.5 16.5 -4.87803e-05
1.5 17 0.000142161
1.5 17.5 8.39113e-05
1.5 18 0.000163396
1.5 18.5 0.000101024
1.5 19 0.000109891
1.5 19.5 1.35301e-05
1.5 20 -7.44449e-06
1.5 20.5 0

2 0 0
2 0.5 -6.41012e-06
2 1 5.93571e-05
2 1.5 0.000135505
2 2 -0.000153938
2 2.5 0.000223026
2 3 -2.46244e-05
2 3.5 0.000295592
2 4 0.000167586
2 4.5 0.000208838
2 5 -5.04593e-05
2 5.5 6.54e-06
2 6 -7.77432e-05
2 6.5 -0.000284397
2 7 -2.10067e-06
2 7.5 -0.000158365
2 8 -0.00011825
2 8.5 -3.18308e-05
2 9 -0.000245158
2 9.5 -0.00023948
2 10 -0.000305205
2 10.5 -0.000495317
2 11 -0.00035106
2 11.5 -0.000107761
2 12 -5.18341e-05
2 12.5 3.50877e-05
2 13 -2.97666e-05
2 13.5 -0.000184697
2 14 -9.41365e-05
2 14.5 7.96159e-05
2 15 -0.000196819
2 15.5 6.31125e-05
2 16 0.000170058
2 16.5 0.00013214
2 17 -1.35451e-06
2 17.5 5.53474e-06
2 18 -0.000107932
2 18.5 5.85002e-05
2 19 -5.2383e-05
2 19.5 -2.51557e-05
2 20 8.90093e-06
2 20.5 0

2.5 0 0
2.5 0.5 -1.26441e-05
2.5 1 2.04933e-05
2.5 1.5 4.13989e-05
2.5 2 -0.00014576
2.5 2.5 0.000316447
2.5 3 -0.000178927
2.5 3.5 0.000118607
2.5 4 -0.000276644
2.5 4.5 8.92564e-05
2.5 5 -0.000632981
2.5 5.5 -0.000136271
2.5 6 0.00012091
2.5 6.5 -0.000434919
2.5 7 0.000190512
2.5 7.5 -0.000374512
2.5 8 0.000145922
2.5 8.5 -3.2709e-05
2.5 9 0.000144258
2.5 9.5 0.000110444
2.5 10 0.000128332
2.5 10.5 0.000160171
2.5 11 0.000270834
2.5 11.5 0.000179444
2.5 12 0.000125092
2.5 12.5 -5.48191e-05
2.5 13 0.000493408
2.5 13.5 -0.000241483
2.5 14 9.63327e-05
2.5 14.5 -0.000364686
2.5 15 -0.00033745
2.5 15.5 -0.000222944
2.5 16 -0.000402865
2.5 16.5 6.13852e-05
2.5 17 1.2386e-05
2.5 17.5 0.000163717
2.5 18 -5.41962e-05
2.5 18.5 0.000250496
2.5 19 2.18978e-05
2.5 19.5 -3.10482e-05
2.5 20 -5.09915e-06
2.5 20.5 0

3 0 0
3 0.5 -2.3396e-06
3 1 -5.2809e-05
3 1.5 -1.00723e-05
3 2 -0.000100514
3 2.5 -7.58776e-05
3 3 7.11091e-05
3 3.5 0.00015032
3 4 0.000453686
3 4.5 0.000277807
3 5 0.000205643
3 5.5 -1.87821e-05
3 6 -0.00026534
3 6.5 -0.000613293
3 7 -0.000497552
3 7.5 -0.000503281
3 8 2.79643e-05
3 8.5 -0.000196107
3 9 -6.55518e-05
3 9.5 -0.000320013
3 10 -0.000199005
3 10.5 -0.000567909
3 11 -4.33902e-05
3 11.5 -0.000156438
3 12 0.000189941
3 12.5 -0.000135672
3 13 -0.000122353
3 13.5 -0.00046747
3 14 -0.00030037
3 14.5 -0.00019137
3 15 -0.000409665
3 15.5 0.000188068
3 16 0.00017704
3 16.5 -0.000158877
3 17 5.65843e-05
3 17.5 -0.000411303
3 18 -0.000181632
3 18.5 -0.000351099
3 19 7.99997e-05
3 19.5 1.70679e-05
3 20 -7.83856e-06
3 20.5 0

3.5 0 0
3.5 0.5 -4.91843e-05
3.5 1 -3.23279e-05
3.5 1.5 0.000236762
3.5 2 -9.96013e-05
3.5 2.5 0.000639201
3.5 3 -0.000282217
3.5 3.5 0.000240318
3.5 4 -0.00063874
3.5 4.5 -0.000246583
3.5 5 -0.000689105
3.5 5.5 -0.000133402
3.5 6 0.000244096
3.5 6.5 8.13121e-05
3.5 7 0.000497213
3.5 7.5 0.000192146
3.5 8 0.000266471
3.5 8.5 -4.29441e-06
3.5 9 0.000332943
3.5 9.5 0.000444593
3.5 10 0.000191869
3.5 10.5 0.000538754
3.5 11 0.000141166
3.5 11.5 0.000417578
3.5 12 1.58766e-05
3.5 12.5 0.000328722
3.5 13 0.000700351
3.5 13.5 0.000273507
3.5 14 0.00029202
3.5 14.5 -0.000108811
3.5 15 -0.000254438
3.5 15.5 -0.00023112
3.5 16 -0.000675123
3.5 16.5 -7.21898e-05
3.5 17 -0.000467294
3.5 17.5 7.18075e-05
3.5 18 -0.000459906
3.5 18.5 0.000130056
3.5 19 9.51375e-05
3.5 19.5 6.03028e-06
3.5 20 7.21548e-06
3.5 20.5 0

4 0 0
4 0.5 -1.46365e-05
4 1 -6.08858e-05
4 1.5 2.63305e-05
4 2 0.000172046
4 2.5 0.000187321
4 3 0.000393685
4 3.5 0.000451536
4 4 0.000577321
4 4.5 0.000681631
4 5 0.000316937
4 5.5 0.000338692
4 6 0.000177006
4 6.5 -0.000160481
4 7 -0.000210281
4 7.5 6.82525e-05
4 8 -1.24879e-05
4 8.5 0.000134699
4 9 5.71379e-05
4 9.5 -0.000368517
4 10 0.000123631
4 10.5 -0.000568804
4 11 -9.75587e-05
4 11.5 -0.000142401
4 12 -0.000134767
4 12.5 0.000470074
4 13 0.000207039
4 13.5 -0.000111366
4 14 0.000181989
4 14.5 -8.18895e-05
4 15 -0.000143313
4 15.5 0.000511663
4 16 -6.39734e-05
4 16.5 0.000350167
4 17 7.71718e-05
4 17.5 -0.000167971
4 18 -1.90606e-05
4 18.5 -0.00028503
4 19 0.000303235
4 19.5 5.80211e-05
4 20 -2.67931e-05
4 20.5 0

4.5 0 0
4.5 0.5 -5.74052e-05
4.5 1 -0.000118924
4.5 1.5 0.000249575
4.5 2 -0.000265455
4.5 2.5 0.00044163
4.5 3 -0.000229621
4.5 3.5 0.000301548
4.5 4 -0.000508992
4.5 4.5 -0.000193551
4.5 5 -0.000437242
4.5 5.5 -0.000106835
4.5 6 0.000557176
4.5 6.5 0.000202155
4.5 7 0.000899249
4.5 7.5 0.000707789
4.5 8 0.000449338
4.5 8.5 0.000520779
4.5 9 0.00058622
4.5 9.5 0.000206141
4.5 10 0.000379939
4.5 10.5 5.05279e-05
4.5 11 2.62981e-05
4.5 11.5 0.000603542
4.5 12 0.000433798
4.5 12.5 0.000594349
4.5 13 0.000835167
4.5 13.5 0.000190199
4.5 14 0.000631015
4.5 14.5 0.000136971
4.5 15 -3.07595e-06
4.5 15.5 -0.000109302
4.5 16 -0.000649104
4.5 16.5 -3.78637e-05
4.5 17 -0.000181971
4.5 17.5 9.7575e-05
4.5 18 -0.000474597
4.5 18.5 0.000328563
4.5 19 -1.28472e-05
4.5 19.5 -1.39749e-05
4.5 20 1.18825e-05
4.5 20.5 0

5 0 0
5 0.5 -4.25398e-05
5 1 -0.000170785
5 1.5 8.71969e-05
5 2 0.000297342
5 2.5 0.000362617
5 3 0.00103246
5 3.5 0.000287388
5 4 0.00112978
5 4.5 0.000600413
5 5 0.000679343
5 5.5 0.000497933
5 6 0.000243854
5 6.5 0.000263227
5 7 8.88246e-07
5 7.5 0.000569079
5 8 0.000270611
5 8.5 0.000330637
5 9 0.000152074
5 9.5 0.00023471
5 10 0.00026294
5 10.5 0.000245049
5 11 4.24425e-05
5 11.5 0.000377785
5 12 -3.99182e-06
5 12.5 0.000961294
5 13 0.000175123
5 13.5 0.00059696
5 14 0.000270778
5 14.5 0.000216258
5 15 0.000359889
5 15.5 0.000250324
5 16 0.000468008
5 16.5 0.00021652
5 17 0.000645227
5 17.5 0.000180973
5 18 0.000170308
5 18.5 -1.1274e-05
5 19 0.000246618
5 19.5 -1.28149e-05
5 20 -4.05203e-05
5 20.5 0

5.5 0 0
5.5 0.5 -5.10305e-05
5.5 1 -0.000179508
5.5 1.5 2.03383e-05
5.5 2 -0.000386847
5.5 2.5 0.000156448
5.5 3 8.69838e-05
5.5 3.5 0.000513334
5.5 4 -0.000192915
5.5 4.5 0.000460718
5.5 5 -0.00029729
5.5 5.5 0.000154298
5.5 6 0.000478981
5.5 6.5 -5.70003e-05
5.5 7 0.00064109
5.5 7.5 0.000501081
5.5 8 0.000285157
5.5 8.5 0.00042573
5.5 9 0.000572739
5.5 9.5 0.000157766
5.5 10 0.000502054
5.5 10.5 0.000138572
5.5 11 -4.0144e-05
5.5 11.5 0.000311519
5.5 12 0.000339792
5.5 12.5 0.000549347
5.5 13 0.000305589
5.5 13.5 0.00013964
5.5 14 0.000434358
5.5 14.5 0.000262892
5.5 15 0.000106626
5.5 15.5 0.000438607
5.5 16 -0.000165639
5.5 16.5 0.00025187
5.5 17 0.000225241
5.5 17.5 3.23624e-05
5.5 18 -0.000232419
5.5 18.5 2.48015e-05
5.5 19 -0.000113568
5.5 19.5 -0.000124526
5.5 20 2.92345e-06
5.5 20.5 0

6 0 0
6 0.5 -4.30094e-05
6 1 -0.000235213
6 1.5 -7.75093e-05
6 2 0.000179482
6 2.5 0.000283276
6 3 0.000736981
6 3.5 0.000237041
6 4 0.000491114
6 4.5 0.000135453
6 5 7.34434e-05
6 5.5 0.000354017
6 6 -0.000439463
6 6.5 0.000302151
6 7 -0.000364152
6 7.5 0.000735491
6 8 8.80149e-05
6 8.5 0.000314357
6 9 0.000125865
6 9.5 0.00064252
6 10 0.000211597
6 10.5 0.000452296
6 11 0.000190472
6 11.5 0.000620479
6 12 -0.000264066
6 12.5 0.00104828
6 13 -0.00023306
6 13.5 0.000563907
6 14 -0.000389267
6 14.5 9.78794e-05
6 15 -0.000141513
6 15.5 1.59039e-05
6 16 0.000288848
6 16.5 0.000108284
6 17 0.000324489
6 17.5 5.94638e-05
6 18 0.000201641
6 18.5 -0.000193345
6 19 7.11814e-05
6 19.5 -0.00012959
6 20 -4.28878e-05
6 20.5 0

6.5 0 0
6.5 0.5 -3.86895e-05
6.5 1 -0.000126447
6.5 1.5 3.4922e-05
6.5 2 -0.000463301
6.5 2.5 8.28238e-05
6.5 3 2.98514e-05
6.5 3.5 0.000261855
6.5 4 -0.000259207
6.5 4.5 8.12881e-05
6.5 5 -0.000515901
6.5 5.5 -0.000389634
6.5 6 0.000436679
6.5 6.5 -0.00032655
6.5 7 0.000722752
6.5 7.5 0.000204494
6.5 8 0.000292907
6.5 8.5 0.000520995
6.5 9 0.000465477
6.5 9.5 0.000559087
6.5 10 0.000330813
6.5 10.5 0.000407554
6.5 11 -5.21291e-05
6.5 11.5 0.000410317
6.5 12 0.000427277
6.5 12.5 0.000598571
6.5 13 0.000337425
6.5 13.5 -0.000361821
6.5 14 0.000172418
6.5 14.5 -0.000169312
6.5 15 -1.95336e-05
6.5 15.5 6.599e-05
6.5 16 -0.000275689
6.5 16.5 1.133e-05
6.5 17 -6.81246e-07
6.5 17.5 3.66296e-06
6.5 18 -0.000271909
6.5 18.5 -6.31273e-05
6.5 19 -0.000222537
6.5 19.5 -7.77764e-05
6.5 20 7.05731e-06
6.5 20.5 0

7 0 0
7 0.5 6.74269e-06
7 1 -8.71711e-05
7 1.5 -0.000268045
7 2 0.000181109
7 2.5 8.12081e-05
7 3 0.000492978
7 3.5 -0.000181358
7 4 0.000214587
7 4.5 -0.000538589
7 5 -0.000115156
7 5.5 -0.000389992
7 6 -0.000611569
7 6.5 -8.73442e-05
7 7 -0.000221381
7 7.5 0.000358622
7 8 0.000245592
7 8.5 -3.70221e-05
7 9 0.000145064
7 9.5 0.000114394
7 10 0.000503248
7 10.5 -2.11699e-05
7 11 0.000440537
7 11.5 0.000136467
7 12 -0.000118899
7 12.5 0.00048933
7 13 -7.81467e-05
7 13.5 8.00834e-05
7 14 -0.000460805
7 14.5 -0.000438407
7 15 -0.000280772
7 15.5 -0.000597029
7 16 0.000286606
7 16.5 -0.000496594
7 17 -0.000133169
7 17.5 -8.07687e-06
7 18 2.3235e-05
7 18.5 -0.000321229
7 19 0.000158299
7 19.5 -5.32672e-05
7 20 -2.96279e-05
7 20.5 0

7.5 0 0
7.5 0.5 -1.50386e-05
7.5 1 -8.42117e-05
7.5 1.5 -2.09572e-05
7.5 2 -0.000409357
7.5 2.5 -0.000472723
7.5 3 -0.000204948
7.5 3.5 -0.00013925
7.5 4 -0.000964661
7.5 4.5 6.11005e-05
7.5 5 -0.000956613
7.5 5.5 -0.000598375
7.5 6 0.000112432
7.5 6.5 -0.000442158
7.5 7 0.000256111
7.5 7.5 -0.000157768
7.5 8 -0.000109278
7.5 8.5 0.000562947
7.5 9 2.54448e-05
7.5 9.5 0.000436131
7.5 10 0.000319243
7.5 10.5 0.000204485
7.5 11 -7.53157e-05
7.5 11.5 0.000632629
7.5 12 0.00014605
7.5 12.5 0.000372308
7.5 13 0.000374052
7.5 13.5 -0.00044386
7.5 14 -4.10644e-05
7.5 14.5 -0.00025845
7.5 15 -0.000448252
7.5 15.5 -0.000209921
7.5 16 -0.000815669
7.5 16.5 -0.000163166
7.5 17 -0.00061101
7.5 17.5 -0.000428094
7.5 18 -0.000485432
7.5 18.5 -0.000272076
7.5 19 -0.000227509
7.5 19.5 6.92251e-06
7.5 20 3.09654e-05
7.5 20.5 0

8 0 0
8 0.5 -7.39703e-06
8 1 -8.7491e-05
8 1.5 -3.90892e-05
8 2 -1.66443e-05
8 2.5 -5.4176e-05
8 3 0.00012368
8 3.5 -0.000254204
8 4 -0.000275769
8 4.5 -0.000255953
8 5 -0.000381397
8 5.5 -3.07434e-05
8 6 -0.000650423
8 6.5 9.13965e-05
8 7 -0.000150929
8 7.5 0.000101674
8 8 0.000315272
8 8.5 3.35302e-05
8 9 4.37717e-05
8 9.5 9.05187e-05
8 10 -0.000261314
8 10.5 6.61232e-05
8 11 -0.000166623
8 11.5 0.000288102
8 12 6.61703e-05
8 12.5 0.000431672
8 13 6.01139e-05
8 13.5 0.000100857
8 14 -0.000349214
8 14.5 -6.72768e-05
8 15 -0.000425447
8 15.5 -0.000393438
8 16 -0.000193521
8 16.5 -0.00045405
8 17 -0.000506834
8 17.5 -7.67888e-05
8 18 -0.000378704
8 18.5 -0.000252416
8 19 5.78625e-05
8 19.5 5.10554e-05
8 20 -1.02647e-06
8 20.5 0

8.5 0 0
8.5 0.5 -4.16029e-05
8.5 1 -0.000144939
8.5 1.5 3.18772e-05
8.5 2 -0.000310414
8.5 2.5 -0.00038258
8.5 3 -0.000466497
8.5 3.5 -9.64007e-05
8.5 4 -0.00135154
8.5 4.5 -0.000106987
8.5 5 -0.00114063
8.5 5.5 -0.000540598
8.5 6 -0.000110965
8.5 6.5 -0.000196587
8.5 7 0.000338409
8.5 7.5 -7.34362e-05
8.5 8 0.000236962
8.5 8.5 0.000102849
8.5 9 0.000268258
8.5 9.5 -0.000156891
8.5 10 0.000261187
8.5 10.5 -0.00058171
8.5 11 -6.12221e-05
8.5 11.5 -3.40228e-05
8.5 12 0.000194749
8.5 12.5 0.000210646
8.5 13 0.000575288
8.5 13.5 -0.000175753
8.5 14 -9.72702e-05
8.5 14.5 -0.00023112
8.5 15 -0.000784651
8.5 15.5 -0.000285375
8.5 16 -0.00101315
8.5 16.5 -0.000136317
8.5 17 -0.000717136
8.5 17.5 -0.000389965
8.5 18 -0.000497279
8.5 18.5 -0.000212584
8.5 19 -0.00015871
8.5 19.5 -2.47987e-05
8.5 20 2.31322e-05
8.5 20.5 0

9 0 0
9 0.5 -4.45818e-05
9 1 -0.000246588
9 1.5 3.51944e-05
9 2 -0.000132424
9 2.5 0.000142268
9 3 3.86627e-05
9 3.5 0.000145772
9 4 -0.000292858
9 4.5 2.81398e-05
9 5 -0.000589366
9 5.5 -0.000118602
9 6 -0.000752221
9 6.5 -9.85523e-05
9 7 -0.000737873
9 7.5 0.000195984
9 8 5.10142e-05
9 8.5 0.000648402
9 9 -5.37403e-05
9 9.5 0.00066426
9 10 -0.000249726
9 10.5 0.000574991
9 11 -0.000402768
9 11.5 0.000875393
9 12 -3.00677e-05
9 12.5 0.0006699
9 13 -4.36334e-05
9 13.5 -0.000201413
9 14 -0.000653026
9 14.5 -0.000191049
9 15 -0.000662732
9 15.5 0.000152469
9 16 -0.000307927
9 16.5 0.000161567
9 17 -0.000301725
9 17.5 6.25029e-05
9 18 -0.00037737
9 18.5 -0.00033253
9 19 -0.00015924
9 19.5 3.30868e-06
9 20 5.07134e-06
9 20.5 0

9.5 0 0
9.5 0.5 -8.7176e-05
9.5 1 -0.000257587
9.5 1.5 0.00021075
9.5 2 -0.000479648
9.5 2.5 9.24057e-05
9.5 3 -0.000641896
9.5 3.5 4.96097e-06
9.5 4 -0.00120664
9.5 4.5 -0.000206381
9.5 5 -0.00115518
9.5 5.5 -0.000383739
9.5 6 -0.000382585
9.5 6.5 2.60464e-05
9.5 7 7.20954e-05
9.5 7.5 -0.00013181
9.5 8 0.000178558
9.5 8.5 -0.000161871
9.5 9 0.000460211
9.5 9.5 1.50987e-05
9.5 10 0.000486536
9.5 10.5 -6.07168e-06
9.5 11 0.00012104
9.5 11.5 0.000226972
9.5 12 0.000324679
9.5 12.5 2.99661e-05
9.5 13 0.000528376
9.5 13.5 0.00010625
9.5 14 -0.000262817
9.5 14.5 -0.000173661
9.5 15 -0.000933567
9.5 15.5 -0.00012457
9.5 16 -0.000895644
9.5 16.5 0.000130915
9.5 17 -0.000731505
9.5 17.5 -4.54488e-05
9.5 18 -0.000602613
9.5 18.5 -0.000210299
9.5 19 -0.00032967
9.5 19.5 -5.42888e-05
9.5 20 3.24501e-05
9.5 20.5 0

10 0 0
10 0.5 -6.04406e-05
10 1 -0.000298699
10 1.5 8.81137e-05
10 2 -1.55792e-05
10 2.5 -6.29548e-05
10 3 0.000404515
10 3.5 8.99747e-05
10 4 -3.18427e-05
10 4.5 -8.88329e-05
10 5 -0.000289838
10 5.5 0.00010119
10 6 -0.000612706
10 6.5 -0.000532777
10 7 -0.000667542
10 7.5 -0.000367901
10 8 -4.52858e-05
10 8.5 -5.23429e-05
10 9 -0.000327366
10 9.5 2.19735e-06
10 10 -0.000423087
10 10.5 3.97985e-05
10 11 -0.000601012
10 11.5 0.000225728
10 12 1.06801e-05
10 12.5 -4.5267e-05
10 13 -5.47224e-05
10 13.5 -0.000418512
10 14 -0.000514653
10 14.5 -7.60715e-05
10 15 -0.000571362
10 15.5 -6.7658e-06
10 16 0.000106635
10 16.5 -1.16545e-05
10 17 -6.39102e-05
10 17.5 -0.000122244
10 18 0.000116738
10 18.5 -0.000311654
10 19 -0.000217319
10 19.5 -5.34303e-05
10 20 -7.48163e-06
10 20.5 0

10.5 0 0
10.5 0.5 -6.33051e-05
10.5 1 -0.000231782
10.5 1.5 8.55671e-05
10.5 2 -0.000615909
10.5 2.5 0.000194401
10.5 3 -0.00048582
10.5 3.5 -0.000188471
10.5 4 -0.000756931
10.5 4.5 -0.000331608
10.5 5 -0.000711985
10.5 5.5 -0.000296496
10.5 6 -0.000224657
10.5 6.5 -0.000537762
10.5 7 0.000183127
10.5 7.5 -0.000561511
10.5 8 0.000234008
10.5 8.5 -0.000444977
10.5 9 -6.50192e-06
10.5 9.5 -3.88613e-05
10.5 10 -0.000194534
10.5 10.5 -0.000137696
10.5 11 -0.00023435
10.5 11.5 -7.8139e-05
10.5 12 0.000353832
10.5 12.5 -0.000153824
10.5 13 0.00080607
10.5 13.5 -0.000498241
10.5 14 0.000134132
10.5 14.5 -0.000508319
10.5 15 -0.000583448
10.5 15.5 -0.000194217
10.5 16 -0.000567594
10.5 16.5 0.000157505
10.5 17 -0.000362929
10.5 17.5 0.00022984
10.5 18 -0.000348526
10.5 18.5 -9.03549e-05
10.5 19 -0.000454834
10.5 19.5 -0.000120441
10.5 20 1.84526e-05
10.5 20.5 0

11 0 0
11 0.5 -1.63924e-06
11 1 -0.000125019
11 1.5 -0.000279411
11 2 0.000146853
11 2.5 -0.000281478
11 3 0.000211627
11 3.5 -0.000196985
11 4 9.14465e-05
11 4.5 -0.000222717
11 5 -0.000418318
11 5.5 -1.87066e-05
11 6 -0.000749781
11 6.5 -0.000550844
11 7 -0.000760044
11 7.5 6.41606e-05
11 8 -0.000611306
11 8.5 0.000178692
11 9 -0.000356796
11 9.5 0.000134764
11 10 -0.000385817
11 10.5 0.000432425
11 11 -0.000672689
11 11.5 0.000368327
11 12 -0.000439597
11 12.5 0.000192127
11 13 -0.000492386
11 13.5 -9.58633e-05
11 14 -0.000697636
11 14.5 -0.000128248
11 15 -0.000541205
11 15.5 -0.000103016
11 16 0.000295515
11 16.5 -8.02842e-05
11 17 7.48349e-05
11 17.5 -0.000216848
11 18 9.82843e-05
11 18.5 -0.000244939
11 19 -0.000147689
11 19.5 -0.000131106
11 20 -1.93067e-05
11 20.5 0

11.5 0 0
11.5 0.5 -5.2578e-05
11.5 1 -0.000202884
11.5 1.5 -3.65751e-06
11.5 2 -0.000399645
11.5 2.5 -0.000190849
11.5 3 -0.000285586
11.5 3.5 -0.000140688
11.5 4 -0.000644313
11.5 4.5 -8.11961e-05
11.5 5 -0.000845699
11.5 5.5 -0.000182008
11.5 6 -0.000332519
11.5 6.5 -0.000558479
11.5 7 7.58445e-05
11.5 7.5 -0.000644084
11.5 8 -0.000239558
11.5 8.5 -0.000567773
11.5 9 0.000108102
11.5 9.5 -0.000624271
11.5 10 0.000157721
11.5 10.5 -0.000578182
11.5 11 -0.000184401
11.5 11.5 -0.000320048
11.5 12 -6.84884e-05
11.5 12.5 -0.000398721
11.5 13 0.000145862
11.5 13.5 -0.0004905
11.5 14 0.000146535
11.5 14.5 -0.000473556
11.5 15 -0.000366215
11.5 15.5 5.23652e-05
11.5 16 -0.000399722
11.5 16.5 0.000210367
11.5 17 9.07828e-06
11.5 17.5 0.000189779
11.5 18 -0.000165345
11.5 18.5 -4.62513e-06
11.5 19 -0.000405401
11.5 19.5 -0.000170819
11.5 20 -1.41328e-06
11.5 20.5 0

12 0 0
12 0.5 -1.38189e-05
12 1 -0.00018836
12 1.5 -0.000272332
12 2 -0.000133304
12 2.5 -0.000283504
12 3 -0.000441631
12 3.5 -0.000500286
12 4 -0.000662478
12 4.5 -0.000616843
12 5 -0.000728619
12 5.5 -0.000376098
12 6 -0.000810271
12 6.5 -0.000408938
12 7 -0.000478821
12 7.5 0.000147731
12 8 -0.000305594
12 8.5 -2.70844e-05
12 9 -0.000291168
12 9.5 5.28264e-05
12 10 -0.000306039
12 10.5 0.00013697
12 11 -0.000586851
12 11.5 0.000247842
12 12 -0.000321655
12 12.5 0.000212091
12 13 -0.000332911
12 13.5 7.42324e-05
12 14 -0.000325934
12 14.5 -0.000526502
12 15 -0.000586108
12 15.5 -0.000134381
12 16 -0.000401507
12 16.5 -0.000383811
12 17 -0.000569906
12 17.5 -0.000338972
12 18 -0.000123817
12 18.5 -0.0003179
12 19 -0.000194393
12 19.5 -0.000235858
12 20 -2.12381e-05
12 20.5 0

12.5 0 0
12.5 0.5 -2.23556e-05
12.5 1 -0.000229755
12.5 1.5 -0.000260156
12.5 2 -0.000371729
12.5 2.5 -0.000171507
12.5 3 -0.000320431
12.5 3.5 -0.000194757
12.5 4 -0.000593589
12.5 4.5 -8.42155e-05
12.5 5 -0.000741783
12.5 5.5 -1.25316e-05
12.5 6 -0.000624465
12.5 6.5 -0.000719943
12.5 7 -8.26122e-05
12.5 7.5 -0.000287253
12.5 8 -0.000659233
12.5 8.5 -0.000221414
12.5 9 -0.000446095
12.5 9.5 -0.000682408
12.5 10 -0.000384634
12.5 10.5 -0.00052645
12.5 11 -0.000551923
12.5 11.5 -0.000343777
12.5 12 -0.000471413
12.5 12.5 1.74866e-05
12.5 13 -0.000399168
12.5 13.5 -0.000216508
12.5 14 -0.000277938
12.5 14.5 -0.000322514
12.5 15 -0.00058231
12.5 15.5 0.000344557
12.5 16 -0.000337907
12.5 16.5 2.82464e-05
12.5 17 -0.0002626
12.5 17.5 -8.23292e-05
12.5 18 -0.000122586
12.5 18.5 -0.000217348
12.5 19 -0.000381118
12.5 19.5 -0.000177811
12.5 20 -7.25758e-06
12.5 20.5 0

13 0 0
13 0.5 -4.30165e-05
13 1 -0.000277005
13 1.5 -0.00018118
13 2 -2.79362e-06
13 2.5 -0.000110765
13 3 -0.00023374
13 3.5 -0.000255273
13 4 -0.000177101
13 4.5 -0.000565069
13 5 -0.000354222
13 5.5 -0.000302375
13 6 -0.000297526
13 6.5 -0.000184226
13 7 -0.000256356
13 7.5 3.26809e-05
13 8 -0.000433776
13 8.5 -0.000410828
13 9 -0.000102367
13 9.5 -0.00051934
13 10 -0.000302397
13 10.5 -2.27737e-05
13 11 -0.000126415
13 11.5 -0.000159084
13 12 -4.26141e-05
13 12.5 -0.000109846
13 13 -0.000265245
13 13.5 7.56784e-05
13 14 -0.000112438
13 14.5 -0.000294846
13 15 -0.000232574
13 15.5 -0.000238737
13 16 5.9656e-06
13 16.5 -0.000441312
13 17 -0.000223207
13 17.5 6.58406e-05
13 18 -0.000139129
13 18.5 1.93645e-05
13 19 -0.000232442
13 19.5 -0.000252152
13 20 -2.82906e-05
13 20.5 0

13.5 0 0
13.5 0.5 -4.7512e-06
13.5 1 -0.000230484
13.5 1.5 -0.000327216
13.5 2 -0.000162787
13.5 2.5 -0.000443967
13.5 3 0.00023362
13.5 3.5 -0.000278639
13.5 4 -0.000125376
13.5 4.5 -0.00018309
13.5 5 4.10432e-05
13.5 5.5 -0.000400247
13.5 6 -0.000439446
13.5 6.5 -0.000518353
13.5 7 -2.61616e-05
13.5 7.5 -0.000106303
13.5 8 -0.00054215
13.5 8.5 0.000252939
13.5 9 -0.000656821
13.5 9.5 -0.000121416
13.5 10 -0.000685606
13.5 10.5 -1.31387e-05
13.5 11 -0.000779421
13.5 11.5 2.21543e-05
13.5 12 -0.000235562
13.5 12.5 0.000106789
13.5 13 0.000109832
13.5 13.5 -0.000104683
13.5 14 -0.000181894
13.5 14.5 -0.000418464
13.5 15 -0.000340608
13.5 15.5 0.000159839
13.5 16 -0.000169151
13.5 16.5 5.45799e-06
13.5 17 2.36614e-06
13.5 17.5 -0.00017722
13.5 18 0.000130197
13.5 18.5 -0.000381862
13.5 19 -0.000159162
13.5 19.5 -0.000199166
13.5 20 -3.67835e-05
13.5 20.5 0

14 0 0
14 0.5 -2.55703e-05
14 1 -0.000186011
14 1.5 -0.000226953
14 2 -0.000587085
14 2.5 -0.000380936
14 3 -0.000968633
14 3.5 -0.000481963
14 4 -0.000367051
14 4.5 -0.000641528
14 5 -9.5813e-07
14 5.5 -8.27598e-05
14 6 -6.49202e-05
14 6.5 7.2241e-05
14 7 4.11829e-05
14 7.5 -0.000127917
14 8 -0.000394681
14 8.5 -0.000124044
14 9 -0.000407926
14 9.5 -0.000510175
14 10 -0.000252698
14 10.5 -0.000146831
14 11 -0.000246922
14 11.5 2.59209e-05
14 12 -4.94802e-05
14 12.5 4.91617e-05
14 13 -2.29694e-07
14 13.5 2.64235e-05
14 14 -3.1574e-05
14 14.5 -8.23008e-05
14 15 -8.64199e-05
14 15.5 -0.000332714
14 16 5.22873e-05
14 16.5 -0.000417413
14 17 -0.000561565
14 17.5 9.25712e-05
14 18 -0.000570438
14 18.5 3.87906e-05
14 19 -0.000527662
14 19.5 -0.000251992
14 20 5.0222e-06
14 20.5 0

14.5 0 0
14.5 0.5 -7.4389e-06
14.5 1 -0.000204255
14.5 1.5 -0.000204268
14.5 2 -0.000417309
14.5 2.5 -0.000412965
14.5 3 0.000101169
14.5 3.5 -0.000324583
14.5 4 0.000150088
14.5 4.5 -0.000200289
14.5 5 0.000335598
14.5 5.5 3.67882e-05
14.5 6 -0.000307794
14.5 6.5 0.000245758
14.5 7 -0.000335855
14.5 7.5 0.000770454
14.5 8 -0.000305
14.5 8.5 0.0011588
14.5 9 -0.000199618
14.5 9.5 0.000798439
14.5 10 -7.58602e-05
14.5 10.5 0.000951224
14.5 11 2.03146e-05
14.5 11.5 0.0011972
14.5 12 9.36283e-05
14.5 12.5 0.00108443
14.5 13 -0.000297562
14.5 13.5 0.000626966
14.5 14 -4.39685e-05
14.5 14.5 0.000131479
14.5 15 -6.69422e-05
14.5 15.5 0.000160247
14.5 16 0.000157988
14.5 16.5 -0.000129276
14.5 17 0.00015593
14.5 17.5 -0.000182459
14.5 18 -0.000115296
14.5 18.5 -0.000133885
14.5 19 -0.000448554
14.5 19.5 -0.000141063
14.5 20 -6.99793e-06
14.5 20.5 0

15 0 0
15 0.5 -4.96806e-05
15 1 -0.00013316
15 1.5 0.000104316
15 2 -0.000629843
15 2.5 -1.54855e-05
15 3 -0.000746558
15 3.5 -0.000163355
15 4 -0.000203147
15 4.5 -0.00050569
15 5 -0.000284423
15 5.5 0.000159433
15 6 -0.000664099
15 6.5 0.000854523
15 7 -0.000172094
15 7.5 0.000938751
15 8 -0.000100609
15 8.5 0.000962266
15 9 -0.000380855
15 9.5 0.0012214
15 10 -0.000780897
15 10.5 0.00115846
15 11 -0.000123085
15 11.5 0.00132923
15 12 0.000319205
15 12.5 0.00116847
15 13 3.52393e-06
15 13.5 0.00102837
15 14 -0.000291914
15 14.5 0.000629338
15 15 -0.000434299
15 15.5 -7.49789e-05
15 16 -0.000107545
15 16.5 -0.000237956
15 17 -0.000536693
15 17.5 -7.82221e-05
15 18 -0.000782895
15 18.5 3.08786e-05
15 19 -0.000517128
15 19.5 -0.000133715
15 20 2.30667e-05
15 20.5 0

15.5 0 0
15.5 0.5 2.32925e-05
15.5 1 -2.47227e-05
15.5 1.5 -0.000298323
15.5 2 -0.000523399
15.5 2.5 -0.000523056
15.5 3 -0.000622157
15.5 3.5 -0.000166115
15.5 4 -0.000631026
15.5 4.5 -1.15501e-05
15.5 5 -0.000204294
15.5 5.5 5.44853e-05
15.5 6 -0.00029672
15.5 6.5 -7.97356e-05
15.5 7 -7.08353e-05
15.5 7.5 0.000216672
15.5 8 3.72116e-05
15.5 8.5 0.00073036
15.5 9 -0.000155317
15.5 9.5 0.000296953
15.5 10 -0.000286648
15.5 10.5 0.000356673
15.5 11 9.46617e-05
15.5 11.5 0.000501882
15.5 12 8.21973e-05
15.5 12.5 0.000698319
15.5 13 -0.000101496
15.5 13.5 0.000336634
15.5 14 1.57136e-05
15.5 14.5 2.94827e-05
15.5 15 -0.00040097
15.5 15.5 4.09084e-05
15.5 16 -0.000410049
15.5 16.5 -0.000217554
15.5 17 -0.000641498
15.5 17.5 -0.000395182
15.5 18 -0.000416079
15.5 18.5 -0.000284495
15.5 19 -0.000281421
15.5 19.5 -3.50474e-05
15.5 20 1.07893e-05
15.5 20.5 0

16 0 0
16 0.5 -4.95092e-05
16 1 -8.46786e-05
16 1.5 0.000266565
16 2 -0.000121352
16 2.5 -4.17438e-06
16 3 -0.000500007
16 3.5 -2.51652e-05
16 4 -0.000331875
16 4.5 -0.000314336
16 5 -0.000305015
16 5.5 9.82812e-05
16 6 -0.000318514
16 6.5 0.000906859
16 7 0.000279536
16 7.5 0.000897754
16 8 0.000362402
16 8.5 0.00105178
16 9 0.000552338
16 9.5 0.00111055
16 10 3.22051e-05
16 10.5 0.000981845
16 11 0.000715647
16 11.5 0.00123645
16 12 0.00061054
16 12.5 0.000989193
16 13 0.000255753
16 13.5 0.000892147
16 14 0.000193559
16 14.5 0.000523427
16 15 -0.000188694
16 15.5 9.29279e-05
16 16 -0.000201015
16 16.5 -0.000234186
16 17 -0.000639843
16 17.5 -0.000123837
16 18 -0.000268625
16 18.5 0.000202073
16 19 -0.000313555
16 19.5 -1.12527e-05
16 20 2.76512e-05
16 20.5 0

16.5 0 0
16.5 0.5 1.29749e-06
16.5 1 -0.000135651
16.5 1.5 -0.000201085
16.5 2 -0.000235631
16.5 2.5 -0.000516708
16.5 3 -0.000441496
16.5 3.5 -0.000304593
16.5 4 -5.50353e-05
16.5 4.5 -0.000242349
16.5 5 0.000241108
16.5 5.5 0.000277207
16.5 6 -3.82697e-05
16.5 6.5 0.000345541
16.5 7 -0.000126679
16.5 7.5 1.00336e-05
16.5 8 -7.0688e-05
16.5 8.5 0.000706151
16.5 9 -0.00037772
16.5 9.5 0.00024877
16.5 10 -0.000299303
16.5 10.5 0.000269381
16.5 11 0.00030391
16.5 11.5 0.000611623
16.5 12 0.000173749
16.5 12.5 0.000593936
16.5 13 -2.63376e-05
16.5 13.5 0.000234497
16.5 14 0.000148673
16.5 14.5 0.000316314
16.5 15 -4.56506e-05
16.5 15.5 -0.000329522
16.5 16 -0.000239581
16.5 16.5 -0.000608719
16.5 17 -0.000780133
16.5 17.5 -0.000585846
16.5 18 -0.000527883
16.5 18.5 -0.000434094
16.5 19 -0.000338663
16.5 19.5 7.2728e-05
16.5 20 2.89091e-05
16.5 20.5 0

17 0 0
17 0.5 -2.33944e-05
17 1 -0.000160916
17 1.5 -0.000188051
17 2 0.000465222
17 2.5 -0.000480426
17 3 -0.000247057
17 3.5 -0.000265497
17 4 -0.000222176
17 4.5 -0.000158779
17 5 -0.000470484
17 5.5 -0.000117809
17 6 -0.000354457
17 6.5 -3.0977e-05
17 7 3.6697e-05
17 7.5 0.000423081
17 8 5.33742e-05
17 8.5 0.000605619
17 9 0.000399339
17 9.5 0.000499447
17 10 0.000284118
17 10.5 0.000595138
17 11 0.000523506
17 11.5 0.000391877
17 12 0.000347029
17 12.5 0.000539146
17 13 0.00018327
17 13.5 0.000273237
17 14 0.000124492
17 14.5 0.000239045
17 15 -0.000401884
17 15.5 5.35124e-05
17 16 -0.000288985
17 16.5 -0.00069476
17 17 -0.000361936
17 17.5 -0.000541055
17 18 -0.000275351
17 18.5 -0.000273312
17 19 -8.87005e-05
17 19.5 -3.85146e-05
17 20 4.9612e-06
17 20.5 0

17.5 0 0
17.5 0.5 -4.15625e-05
17.5 1 -0.000352972
17.5 1.5 -0.000202085
17.5 2 -2.52473e-05
17.5 2.5 4.28351e-05
17.5 3 -5.5475e-06
17.5 3.5 0.00035134
17.5 4 0.000699844
17.5 4.5 1.48735e-05
17.5 5 0.000957745
17.5 5.5 0.000336999
17.5 6 0.000197219
17.5 6.5 0.000202939
17.5 7 -0.000241383
17.5 7.5 8.08958e-05
17.5 8 -0.00011858
17.5 8.5 0.000567021
17.5 9 -9.94906e-05
17.5 9.5 0.000301391
17.5 10 -0.000193367
17.5 10.5 0.000177536
17.5 11 0.000259605
17.5 11.5 0.000448371
17.5 12 3.23797e-05
17.5 12.5 0.000344397
17.5 13 -0.000324097
17.5 13.5 7.0933e-05
17.5 14 0.000421672
17.5 14.5 0.000143993
17.5 15 0.000349372
17.5 15.5 -1.39743e-05
17.5 16 0.000526614
17.5 16.5 -6.73625e-05
17.5 17 6.688e-05
17.5 17.5 -7.6802e-05
17.5 18 -0.000138201
17.5 18.5 -9.46426e-05
17.5 19 -0.000360403
17.5 19.5 -0.000105574
17.5 20 3.6189e-06
17.5 20.5 0

18 0 0
18 0.5 -7.27961e-05
18 1 -0.000343848
18 1.5 6.09545e-06
18 2 0.000464774
18 2.5 -0.000152194
18 3 0.000132922
18 3.5 2.40474e-05
18 4 4.89055e-05
18 4.5 0.000222645
18 5 -8.5386e-05
18 5.5 0.000281123
18 6 2.29254e-05
18 6.5 -0.00013585
18 7 0.000299098
18 7.5 0.000341199
18 8 0.000212198
18 8.5 0.00100311
18 9 0.000653033
18 9.5 0.000735918
18 10 0.000908335
18 10.5 0.000754983
18 11 0.000746186
18 11.5 0.000686859
18 12 0.000441466
18 12.5 0.000623014
18 13 0.000178143
18 13.5 9.68789e-05
18 14 8.3801e-05
18 14.5 0.00027612
18 15 3.32143e-06
18 15.5 0.000217341
18 16 0.000162965
18 16.5 -0.000252172
18 17 0.000219419
18 17.5 -0.000301617
18 18 1.5248e-05
18 18.5 8.3727e-05
18 19 -0.000327744
18 19.5 -9.62015e-05
18 20 -4.12103e-06
18 20.5 0

18.5 0 0
18.5 0.5 -3.66801e-05
18.5 1 -0.000302371
18.5 1.5 -0.000243242
18.5 2 -9.09423e-05
18.5 2.5 3.46561e-05
18.5 3 0.000175274
18.5 3.5 -0.000118601
18.5 4 0.00072065
18.5 4.5 -0.000409514
18.5 5 0.000866157
18.5 5.5 0.000262407
18.5 6 0.000394669
18.5 6.5 0.000313672
18.5 7 -3.41987e-05
18.5 7.5 0.000490877
18.5 8 -9.63265e-05
18.5 8.5 0.000410581
18.5 9 0.000177523
18.5 9.5 0.000634924
18.5 10 0.000440678
18.5 10.5 0.000829606
18.5 11 0.000402725
18.5 11.5 0.000394669
18.5 12 3.6809e-05
18.5 12.5 0.000271764
18.5 13 -0.000320816
18.5 13.5 0.000159905
18.5 14 0.000265991
18.5 14.5 0.000153076
18.5 15 0.000129941
18.5 15.5 -0.0002788
18.5 16 0.000342722
18.5 16.5 -0.000675979
18.5 17 0.000342454
18.5 17.5 -0.00046393
18.5 18 -0.000143439
18.5 18.5 -0.000255055
18.5 19 -0.000243828
18.5 19.5 -0.000162952
18.5 20 -1.70918e-05
18.5 20.5 0

19 0 0
19 0.5 -6.37627e-05
19 1 -0.000290732
19 1.5 3.98319e-05
19 2 -2.00629e-05
19 2.5 0.000470363
19 3 5.95383e-05
19 3.5 0.000725924
19 4 0.000494501
19 4.5 0.000794914
19 5 0.000409712
19 5.5 0.000227848
19 6 0.000461653
19 6.5 -0.000314224
19 7 0.000658763
19 7.5 6.15743e-05
19 8 0.00048842
19 8.5 0.00079625
19 9 0.000707805
19 9.5 0.000350031
19 10 0.000961504
19 10.5 0.000589118
19 11 0.000684025
19 11.5 0.000415491
19 12 0.000804848
19 12.5 0.000229045
19 13 0.000548641
19 13.5 -0.000111625
19 14 0.000481715
19 14.5 0.000160737
19 15 0.000266657
19 15.5 0.000258001
19 16 0.000376707
19 16.5 0.000558406
19 17 9.13791e-05
19 17.5 0.000225484
19 18 -1.97e-05
19 18.5 0.00040363
19 19 -0.000115698
19 19.5 -0.000179264
19 20 -3.88097e-05
19 20.5 0

19.5 0 0
19.5 0.5 -4.58783e-05
19.5 1 -0.000242359
19.5 1.5 -6.48606e-06
19.5 2 -0.000141261
19.5 2.5 0.000468855
19.5 3 0.000127304
19.5 3.5 0.0001736
19.5 4 0.0001188
19.5 4.5 -4.62415e-05
19.5 5 0.000140021
19.5 5.5 0.000295186
19.5 6 0.000628966
19.5 6.5 0.000161718
19.5 7 0.000452323
19.5 7.5 0.000447707
19.5 8 3.33472e-05
19.5 8.5 0.000526992
19.5 9 0.000503098
19.5 9.5 0.000565599
19.5 10 0.000795477
19.5 10.5 0.000688763
19.5 11 0.000609974
19.5 11.5 0.000664324
19.5 12 0.000250513
19.5 12.5 0.000296628
19.5 13 0.000303875
19.5 13.5 -0.000138263
19.5 14 0.000294017
19.5 14.5 -0.000281789
19.5 15 -0.000180901
19.5 15.5 -0.000187033
19.5 16 -0.000295657
19.5 16.5 -0.000250183
19.5 17 0.000134917
19.5 17.5 1.7388e-05
19.5 18 -0.000286715
19.5 18.5 0.000272713
19.5 19 -0.000227304
19.5 19.5 -0.000153814
19.5 20 -1.27597e-05
19.5 20.5 0

20 0 0
20 0.5 -2.98525e-05
20 1 -0.000221131
20 1.5 -0.000163268
20 2 -0.000107071
20 2.5 0.00020058
20 3 9.22998e-05
20 3.5 0.000136375
20 4 0.000488834
20 4.5 0.000765076
20 5 0.000659967
20 5.5 0.000237392
20 6 0.000364826
20 6.5 -0.000336527
20 7 0.000570379
20 7.5 -0.000405149
20 8 0.000481999
20 8.5 0.000496658
20 9 0.000652417
20 9.5 0.000659784
20 10 0.000608392
20 10.5 0.000574968
20 11 0.000753249
20 11.5 6.82588e-05
20 12 0.00089063
20 12.5 -0.000281572
20 13 0.000321084
20 13.5 -0.000184206
20 14 0.000130691
20 14.5 2.83097e-05
20 15 -1.23681e-05
20 15.5 2.11325e-05
20 16 0.000369215
20 16.5 0.000130595
20 17 -0.000131695
20 17.5 -0.000478612
20 18 -0.000357051
20 18.5 3.76719e-05
20 19 -6.2157e-05
20 19.5 -8.7807e-05
20 20 -2.30345e-05
20 20.5 0

20.5 0 0
20.5 0.5 -4.09762e-05
20.5 1 -0.000180555
20.5 1.5 4.73321e-05
20.5 2 -4.16771e-05
20.5 2.5 0.000570711
20.5 3 0.000255834
20.5 3.5 0.000383942
20.5 4 -8.59664e-06
20.5 4.5 0.000407082
20.5 5 0.000116958
20.5 5.5 0.000267426
20.5 6 0.00101103
20.5 6.5 -2.03004e-05
20.5 7 0.000565737
20.5 7.5 0.000214096
20.5 8 -0.000201903
20.5 8.5 0.000222526
20.5 9 9.06396e-05
20.5 9.5 0.000362563
20.5 10 0.000440686
20.5 10.5 0.000327628
20.5 11 0.000207375
20.5 11.5 0.000321544
20.5 12 -0.000289373
20.5 12.5 6.15523e-05
20.5 13 0.000287774
20.5 13.5 -0.000454332
20.5 14 0.000545295
20.5 14.5 -0.00044923
20.5 15 8.28141e-05
20.5 15.5 0.000115157
20.5 16 -0.000342572
20.5 16.5 0.000120262
20.5 17 0.000160616
20.5 17.5 0.000189465
20.5 18 -0.000336936
20.5 18.5 0.000278625
20.5 19 -0.000146498
20.5 19.5 -6.38533e-05
20.5 20 -7.01498e-07
20.5 20.5 0

21 0 0
21 0.5 -3.70762e-05
21 1 -0.000221897
21 1.5 1.10353e-05
21 2 -0.000143723
21 2.5 0.000548328
21 3 -0.000125352
21 3.5 0.000436963
21 4 0.000417859
21 4.5 0.000686463
21 5 0.000512783
21 5.5 -4.10371e-05
21 6 0.000103814
21 6.5 -0.000552094
21 7 0.000310118
21 7.5 -0.000793907
21 8 6.6288e-05
21 8.5 -3.1246e-05
21 9 0.00011621
21 9.5 -0.000476536
21 10 -5.05082e-05
21 10.5 -0.000426059
21 11 -0.000123736
21 11.5 -0.000540368
21 12 0.00026188
21 12.5 -0.000743884
21 13 -8.41607e-06
21 13.5 -0.000633135
21 14 -4.69173e-05
21 14.5 -0.00024104
21 15 -1.32413e-05
21 15.5 -3.25914e-05
21 16 0.000405986
21 16.5 0.000134214
21 17 -5.85712e-06
21 17.5 0.000199087
21 18 -0.000256238
21 18.5 0.000256258
21 19 -1.58813e-05
21 19.5 1.48456e-05
21 20 -8.08309e-06
21 20.5 0

21.5 0 0
21.5 0.5 -5.26977e-05
21.5 1 -0.000245399
21.5 1.5 -5.56058e-07
21.5 2 7.19458e-05
21.5 2.5 0.000492624
21.5 3 0.00032593
21.5 3.5 0.000430497
21.5 4 -8.55544e-05
21.5 4.5 0.000353781
21.5 5 3.03604e-05
21.5 5.5 -0.000137313
21.5 6 0.000315507
21.5 6.5 -0.000126129
21.5 7 -5.68498e-05
21.5 7.5 -0.000198609
21.5 8 -0.000807965
21.5 8.5 -8.05282e-05
21.5 9 -0.000496418
21.5 9.5 -0.000332583
21.5 10 -0.000327106
21.5 10.5 -0.000410768
21.5 11 -0.000576161
21.5 11.5 -0.000285968
21.5 12 -0.000826547
21.5 12.5 -0.000566988
21.5 13 -0.000409776
21.5 13.5 -0.000294991
21.5 14 5.68994e-06
21.5 14.5 -0.000374787
21.5 15 -0.000390626
21.5 15.5 -0.000182147
21.5 16 -0.000401377
21.5 16.5 -5.7061e-05
21.5 17 6.00832e-05
21.5 17.5 -5.65632e-05
21.5 18 -0.000175379
21.5 18.5 5.26882e-05
21.5 19 -0.000130676
21.5 19.5 1.3547e-06
21.5 20 8.59231e-06
21.5 20.5 0

22 0 0
22 0.5 -8.52188e-05
22 1 -0.000326724
22 1.5 0.000239937
22 2 0.000483633
22 2.5 0.000525284
22 3 0.000312373
22 3.5 0.000352274
22 4 1.72891e-05
22 4.5 0.000364132
22 5 0.000111569
22 5.5 -6.66218e-05
22 6 0.000232158
22 6.5 -0.000167217
22 7 0.000139219
22 7.5 -0.000242613
22 8 0.000173014
22 8.5 0.000201828
22 9 5.60173e-05
22 9.5 -0.000306376
22 10 8.69677e-05
22 10.5 -0.000697463
22 11 1.14317e-05
22 11.5 -0.000300212
22 12 8.97429e-05
22 12.5 -8.18664e-05
22 13 0.000107262
22 13.5 -0.000317964
22 14 -9.90479e-05
22 14.5 -7.01028e-05
22 15 -2.4661e-05
22 15.5 -0.000107572
22 16 0.000164004
22 16.5 -3.99469e-05
22 17 2.87081e-05
22 17.5 0.000184755
22 18 -5.88834e-05
22 18.5 4.59755e-05
22 19 -0.000204031
22 19.5 5.04228e-05
22 20 1.57119e-05
22 20.5 0

22.5 0 0
22.5 0.5 -5.44412e-05
22.5 1 -0.000260571
22.5 1.5 0.00010718
22.5 2 -0.000182902
22.5 2.5 0.000651894
22.5 3 0.000171592
22.5 3.5 0.000574419
22.5 4 0.000411177
22.5 4.5 0.000414211
22.5 5 0.0006603
22.5 5.5 -2.13906e-05
22.5 6 0.000423109
22.5 6.5 3.94491e-05
22.5 7 3.25563e-06
22.5 7.5 -0.000160834
22.5 8 -0.000255095
22.5 8.5 0.00014689
22.5 9 -7.13159e-05
22.5 9.5 -7.45902e-05
22.5 10 -0.00053525
22.5 10.5 -3.46937e-05
22.5 11 -0.000349077
22.5 11.5 -0.000178682
22.5 12 -0.000254649
22.5 12.5 -0.000212188
22.5 13 -1.84478e-05
22.5 13.5 -0.000245817
22.5 14 0.000372683
22.5 14.5 -0.000261482
22.5 15 2.56242e-05
22.5 15.5 -2.51718e-05
22.5 16 -2.97473e-05
22.5 16.5 0.000353903
22.5 17 0.000108331
22.5 17.5 0.000186738
22.5 18 1.14931e-05
22.5 18.5 6.00049e-05
22.5 19 -0.000212324
22.5 19.5 6.07152e-05
22.5 20 1.66276e-05
22.5 20.5 0

23 0 0
23 0.5 -4.90413e-05
23 1 -0.000161763
23 1.5 0.00018197
23 2 0.00061733
23 2.5 9.49748e-05
23 3 0.000590723
23 3.5 0.000265722
23 4 0.000209675
23 4.5 0.000710288
23 5 7.31593e-05
23 5.5 0.000367755
23 6 0.000184098
23 6.5 0.000442777
23 7 -0.000298271
23 7.5 0.00058807
23 8 -0.000190226
23 8.5 0.000779667
23 9 5.44472e-05
23 9.5 0.000993808
23 10 -0.000136401
23 10.5 0.000691136
23 11 -5.12492e-05
23 11.5 0.000700256
23 12 -0.000149572
23 12.5 0.000728012
23 13 3.75776e-05
23 13.5 0.000378057
23 14 7.83659e-06
23 14.5 0.000429865
23 15 -0.000258625
23 15.5 0.000411477
23 16 8.20491e-05
23 16.5 0.000293133
23 17 0.000358818
23 17.5 -7.27481e-05
23 18 2.82642e-05
23 18.5 -9.96736e-05
23 19 -0.000213534
23 19.5 0.000120684
23 20 3.12859e-05
23 20.5 0

23.5 0 0
23.5 0.5 -5.07064e-05
23.5 1 -9.76238e-05
23.5 1.5 0.000280617
23.5 2 -0.000474163
23.5 2.5 0.000412722
23.5 3 -0.000650717
23.5 3.5 0.000266182
23.5 4 -0.000444303
23.5 4.5 -1.47528e-05
23.5 5 0.000100313
23.5 5.5 0.000337946
23.5 6 0.000216325
23.5 6.5 0.000442304
23.5 7 0.000239891
23.5 7.5 -0.0002634
23.5 8 0.000170042
23.5 8.5 -0.000381927
23.5 9 -5.81505e-05
23.5 9.5 -0.000369267
23.5 10 -0.000639834
23.5 10.5 -0.000371671
23.5 11 -0.000406875
23.5 11.5 -0.000332418
23.5 12 6.41015e-05
23.5 12.5 -0.000193356
23.5 13 0.000333454
23.5 13.5 4.96886e-07
23.5 14 0.000536649
23.5 14.5 3.37745e-05
23.5 15 6.7576e-05
23.5 15.5 -0.000127694
23.5 16 -0.000556813
23.5 16.5 5.13786e-05
23.5 17 -0.000691731
23.5 17.5 6.33157e-05
23.5 18 -0.000725938
23.5 18.5 -4.34219e-06
23.5 19 -0.00024038
23.5 19.5 5.79429e-05
23.5 20 4.17732e-05
23.5 20.5 0

24 0 0
24 0.5 -1.5802e-05
24 1 -8.5905e-06
24 1.5 0.000193635
24 2 0.000414066
24 2.5 -4.56785e-05
24 3 0.000848031
24 3.5 -0.000247206
24 4 0.000331307
24 4.5 0.00012016
24 5 6.47115e-05
24 5.5 0.000145333
24 6 -0.000243806
24 6.5 0.000629629
24 7 -0.000625808
24 7.5 0.000770737
24 8 -0.000277755
24 8.5 0.00104667
24 9 -0.0002231
24 9.5 0.00150812
24 10 -0.000226473
24 10.5 0.00111393
24 11 -0.000281687
24 11.5 0.00109268
24 12 -0.00047378
24 12.5 0.000832363
24 13 -0.000489209
24 13.5 0.000725207
24 14 -0.000333896
24 14.5 0.000233745
24 15 -0.000167284
24 15.5 0.000131646
24 16 0.000112113
24 16.5 2.83411e-05
24 17 0.000381607
24 17.5 -0.000324439
24 18 0.000436861
24 18.5 -0.000112207
24 19 -2.76446e-05
24 19.5 0.000139315
24 20 1.97578e-05
24 20.5 0

24.5 0 0
24.5 0.5 -4.43024e-05
24.5 1 2.33577e-05
24.5 1.5 0.000422373
24.5 2 -0.000824411
24.5 2.5 0.000676032
24.5 3 -0.000952096
24.5 3.5 0.000617689
24.5 4 -0.000697684
24.5 4.5 7.74771e-05
24.5 5 -0.000369812
24.5 5.5 0.000313991
24.5 6 8.73675e-06
24.5 6.5 0.000304496
24.5 7 0.000219529
24.5 7.5 -9.70968e-05
24.5 8 0.000206439
24.5 8.5 -0.000576796
24.5 9 8.17895e-05
24.5 9.5 -0.000404436
24.5 10 -0.000219663
24.5 10.5 -0.000394946
24.5 11 -0.000105469
24.5 11.5 -0.000275924
24.5 12 4.07474e-05
24.5 12.5 -0.00010766
24.5 13 -0.000115779
24.5 13.5 7.00314e-07
24.5 14 0.000376994
24.5 14.5 5.65672e-05
24.5 15 -2.52017e-05
24.5 15.5 5.31207e-05
24.5 16 -0.00052214
24.5 16.5 0.000393124
24.5 17 -0.000661357
24.5 17.5 0.000670594
24.5 18 -0.00071886
24.5 18.5 0.00045968
24.5 19 -0.000368118
24.5 19.5 5.11405e-05
24.5 20 5.68276e-05
24.5 20.5 0

25 0 0
25 0.5 -2.0269e-05
25 1 3.44502e-05
25 1.5 0.000270333
25 2 0.000118351
25 2.5 0.00017935
25 3 0.000546808
25 3.5 2.24236e-05
25 4 0.000268062
25 4.5 3.46802e-05
25 5 -0.000262358
25 5.5 0.000134939
25 6 -0.000561252
25 6.5 0.000347492
25 7 -0.000627947
25 7.5 0.000581602
25 8 -0.000455888
25 8.5 0.000556912
25 9 -0.000590191
25 9.5 0.000984731
25 10 -0.000923448
25 10.5 0.000908992
25 11 -0.000545218
25 11.5 0.00064917
25 12 -0.000464427
25 12.5 0.000553394
25 13 -0.000353247
25 13.5 0.000438124
25 14 -0.000422799
25 14.5 0.000326555
25 15 -0.000371712
25 15.5 0.000210667
25 16 -0.000170426
25 16.5 0.000180307
25 17 0.000165829
25 17.5 -0.000221859
25 18 0.000266392
25 18.5 -7.90059e-05
25 19 0.000199145
25 19.5 6.97351e-05
25 20 -5.85223e-06
25 20.5 0

25.5 0 0
25.5 0.5 1.81427e-05
25.5 1 7.683e-05
25.5 1.5 -1.14505e-05
25.5 2 2.1417e-05
25.5 2.5 -8.38945e-07
25.5 3 -1.13839e-05
25.5 3.5 -1.19171e-05
25.5 4 -1.86805e-05
25.5 4.5 -0.000105385
25.5 5 -0.000116169
25.5 5.5 -0.000254065
25.5 6 -0.00032917
25.5 6.5 -0.000306843
25.5 7 -0.000313002
25.5 7.5 -0.000254148
25.5 8 -0.000246696
25.5 8.5 -0.000272736
25.5 9 -0.000225608
25.5 9.5 -0.000329605
25.5 10 -6.87196e-05
25.5 10.5 -0.0001771
25.5 11 -0.000138999
25.5 11.5 -0.000249446
25.5 12 -0.000279246
25.5 12.5 -0.000294752
25.5 13 -0.000310703
25.5 13.5 -0.000286592
25.5 14 -0.000312074
25.5 14.5 -0.000278773
25.5 15 -0.000123119
25.5 15.5 -0.00015002
25.5 16 -5.01698e-06
25.5 16.5 -3.57026e-05
25.5 17 -9.82806e-06
25.5 17.5 0.000106846
25.5 18 0.000128136
25.5 18.5 0.000122115
25.5 19 9.47236e-05
25.5 19.5 1.10417e-05
25.5 20 -3.86862e-06
25.5 20.5 0

26 0 0
26 0.5 0
26 1 1.81427e-05
26 1.5 -2.83511e-05
26 2 -9.76651e-06
26 2.5 -2.60443e-05
26 3 -5.9533e-05
26 3.5 -7.36373e-06
26 4 -4.01318e-05
26 4.5 -2.70691e-05
26 5 -9.0575e-06
26 5.5 -7.25526e-05
26 6 -1.32451e-06
26 6.5 -0.000103717
26 7 6.16493e-06
26 7.5 -0.000127752
26 8 -9.10517e-06
26 8.5 -0.000125348
26 9 -9.72902e-06
26 9.5 -0.000189562
26 10 4.61629e-05
26 10.5 -0.000151411
26 11 9.34172e-06
26 11.5 -0.000129245
26 12 -1.84778e-05
26 12.5 -0.000128135
26 13 -2.60097e-05
26 13.5 -0.000111613
26 14 -1.8157e-05
26 14.5 -8.78311e-05
26 15 8.82414e-06
26 15.5 -5.50731e-05
26 16 4.72735e-06
26 16.5 -2.97167e-05
26 17 -2.14311e-05
26 17.5 4.54374e-05
26 18 -5.28471e-07
26 18.5 2.89789e-05
26 19 -3.03409e-06
26 19.5 -3.86862e-06
26 20 0
26 20.5 0

26.5 0 0
26.5 0.5 0
26.5 1 0
26.5 1.5 0
26.5 2 0
26.5 2.5 0
26.5 3 0
26.5 3.5 0
26.5 4 0
26.5 4.5 0
26.5 5 0
26.5 5.5 0
26.5 6 0
26.5 6.5 0
26.5 7 0
26.5 7.5 0
26.5 8 0
26.5 8.5 0
26.5 9 0
26.5 9.5 0
26.5 10 0
26.5 10.5 0
26.5 11 0
26.5 11.5 0
26.5 12 0
26.5 12.5 0
26.5 13 0
26.5 13.5 0
26.5 14 0
26.5 14.5 0
26.5 15 0
26.5 15.5 0
26.5 16 0
26.5 16.5 0
26.5 17 0
26.5 17.5 0
26.5 18 0
26.5 18.5 0
26.5 19 0
26.5 19.5 0
26.5 20 0
26.5 20.5 0

