0 0 0
0 0.5 0
0 1 0
0 1.5 0
0 2 0
0 2.5 0
0 3 0
0 3.5 0
0 4 0
0 4.5 0
0 5 0
0 5.5 0
0 6 0
0 6.5 0
0 7 0
0 7.5 0
0 8 0
0 8.5 0
0 9 0
0 9.5 0
0 10 0
0 10.5 0
0 11 0
0 11.5 0
0 12 0
0 12.5 0
0 13 0
0 13.5 0
0 14 0
0 14.5 0
0 15 0
0 15.5 0
0 16 0
0 16.5 0
0 17 0
0 17.5 0
0 18 0
0 18.5 0
0 19 0
0 19.5 0
0 20 0
0 20.5 0

0.5 0 0
0.5 0.5 0
0.5 1 0.0366576
0.5 1.5 0.0221957
0.5 2 0.00925182
0.5 2.5 -0.00305521
0.5 3 -0.0154252
0.5 3.5 -0.0310209
0.5 4 -0.0453178
0.5 4.5 -0.0466213
0.5 5 -0.034265
0.5 5.5 -0.0188314
0.5 6 -0.0181
0.5 6.5 -0.0279454
0.5 7 -0.0336752
0.5 7.5 -0.0337705
0.5 8 -0.0279957
0.5 8.5 -0.0225426
0.5 9 -0.0163248
0.5 9.5 -0.00416327
0.5 10 0.00293598
0.5 10.5 -0.00385111
0.5 11 -0.026818
0.5 11.5 -0.0416557
0.5 12 -0.0369651
0.5 12.5 -0.0204983
0.5 13 -0.014701
0.5 13.5 -0.0263404
0.5 14 -0.037085
0.5 14.5 -0.0367721
0.5 15 -0.0298067
0.5 15.5 -0.0260119
0.5 16 -0.0246841
0.5 16.5 -0.0154579
0.5 17 -0.00313341
0.5 17.5 -0.000747141
0.5 18 -0.00978528
0.5 18.5 -0.0109952
0.5 19 0.00930475
0.5 19.5 0.037087
0.5 20 0
0.5 20.5 0

1 0 0
1 0.5 0.0366576
1 1 0.237384
1 1.5 0.14695
1 2 0.0592641
1 2.5 -0.0143025
1 3 -0.100917
1 3.5 -0.207905
1 4 -0.29725
1 4.5 -0.30302
1 5 -0.218496
1 5.5 -0.124496
1 6 -0.115907
1 6.5 -0.177891
1 7 -0.226428
1 7.5 -0.217265
1 8 -0.178864
1 8.5 -0.14544
1 9 -0.104144
1 9.5 -0.0314146
1 10 0.0236469
1 10.5 -0.0299024
1 11 -0.173695
1 11.5 -0.275793
1 12 -0.238878
1 12.5 -0.128116
1 13 -0.0938692
1 13.5 -0.169279
1 14 -0.243024
1 14.5 -0.235339
1 15 -0.18929
1 15.5 -0.170932
1 16 -0.161169
1 16.5 -0.101521
1 17 -0.0213548
1 17.5 -0.00588015
1 18 -0.0635901
1 18.5 -0.068531
1 19 0.0604011
1 19.5 0.238904
1 20 0.037087
1 20.5 0

1.5 0 0
1.5 0.5 0.00264068
1.5 1 0.0190862
1.5 1.5 0.0240454
1.5 2 0.0308574
1.5 2.5 0.0375111
1.5 3 0.0132507
1.5 3.5 -0.0323124
1.5 4 -0.0544064
1.5 4.5 -0.0399804
1.5 5 0.00198867
1.5 5.5 0.0273262
1.5 6 0.0135793
1.5 6.5 -0.0547929
1.5 7 -0.139556
1.5 7.5 -0.165149
1.5 8 -0.163515
1.5 8.5 -0.170812
1.5 9 -0.153217
1.5 9.5 -0.118231
1.5 10 -0.0891448
1.5 10.5 -0.141475
1.5 11 -0.224556
1.5 11.5 -0.267061
1.5 12 -0.194745
1.5 12.5 -0.0983457
1.5 13 -0.0671528
1.5 13.5 -0.107795
1.5 14 -0.12961
1.5 14.5 -0.0668037
1.5 15 0.00751632
1.5 15.5 0.0265699
1.5 16 0.0319887
1.5 16.5 0.062967
1.5 17 0.0995976
1.5 17.5 0.0798204
1.5 18 0.00253902
1.5 18.5 -0.0568642
1.5 19 -0.0337016
1.5 19.5 0.0290609
1.5 20 0.00436168
1.5 20.5 0

2 0 0
2 0.5 -0.0213306
2 1 -0.143851
2 1.5 -0.0658999
2 2 0.0134164
2 2.5 0.0613289
2 3 0.0867828
2 3.5 0.106568
2 4 0.125709
2 4.5 0.140023
2 5 0.131978
2 5.5 0.0979657
2 6 0.0546971
2 6.5 0.00728136
2 7 -0.0462247
2 7.5 -0.0921744
2 8 -0.112084
2 8.5 -0.104764
2 9 -0.0948197
2 9.5 -0.0709833
2 10 -0.0775034
2 10.5 -0.109558
2 11 -0.158491
2 11.5 -0.135074
2 12 -0.0646663
2 12.5 -0.0157348
2 13 -0.0319761
2 13.5 -0.0608711
2 14 -0.0431574
2 14.5 0.0324033
2 15 0.113669
2 15.5 0.14396
2 16 0.132332
2 16.5 0.131386
2 17 0.145926
2 17.5 0.128028
2 18 0.052951
2 18.5 -0.0427502
2 19 -0.0970353
2 19.5 -0.113066
2 20 -0.0167488
2 20.5 0

2.5 0 0
2.5 0.5 -0.0198098
2.5 1 -0.127725
2.5 1.5 -0.0404572
2.5 2 0.0179449
2.5 2.5 0.0358431
2.5 3 0.0287319
2.5 3.5 0.078149
2.5 4 0.112506
2.5 4.5 0.107899
2.5 5 0.0401306
2.5 5.5 -0.0416064
2.5 6 -0.0865398
2.5 6.5 -0.0524052
2.5 7 -0.0205091
2.5 7.5 0.000206622
2.5 8 0.00136706
2.5 8.5 0.0494768
2.5 9 0.116365
2.5 9.5 0.153978
2.5 10 0.133127
2.5 10.5 0.108972
2.5 11 0.105559
2.5 11.5 0.140839
2.5 12 0.147075
2.5 12.5 0.0976509
2.5 13 0.0175192
2.5 13.5 -0.0341573
2.5 14 -0.0483573
2.5 14.5 -0.0241775
2.5 15 0.000852695
2.5 15.5 0.0317039
2.5 16 0.0204438
2.5 16.5 0.00935937
2.5 17 0.0172898
2.5 17.5 0.044508
2.5 18 0.0294922
2.5 18.5 0.0131653
2.5 19 -0.0355821
2.5 19.5 -0.0772138
2.5 20 -0.0118689
2.5 20.5 0

3 0 0
3 0.5 -0.00478488
3 1 -0.0320249
3 1.5 0.0200906
3 2 0.0225765
3 2.5 -0.0468171
3 3 -0.0700369
3 3.5 -0.011141
3 4 0.0717275
3 4.5 0.0726412
3 5 -0.0627372
3 5.5 -0.199982
3 6 -0.196321
3 6.5 -0.0825572
3 7 0.0292262
3 7.5 0.0703484
3 8 0.0863925
3 8.5 0.153276
3 9 0.247776
3 9.5 0.283896
3 10 0.282627
3 10.5 0.275867
3 11 0.310385
3 11.5 0.317051
3 12 0.279993
3 12.5 0.182031
3 13 0.0708028
3 13.5 0.00786804
3 14 -0.0198513
3 14.5 -0.0620027
3 15 -0.106544
3 15.5 -0.119669
3 16 -0.121916
3 16.5 -0.126762
3 17 -0.124535
3 17.5 -0.0970283
3 18 -0.0319869
3 18.5 0.025041
3 19 0.0531697
3 19.5 0.0516125
3 20 0.00778909
3 20.5 0

3.5 0 0
3.5 0.5 0.000749798
3.5 1 0.00287326
3.5 1.5 0.0222412
3.5 2 -0.0140282
3.5 2.5 -0.107292
3.5 3 -0.123723
3.5 3.5 -0.0200461
3.5 4 0.133763
3.5 4.5 0.146308
3.5 5 0.0023288
3.5 5.5 -0.145762
3.5 6 -0.121462
3.5 6.5 0.0106606
3.5 7 0.135541
3.5 7.5 0.138361
3.5 8 0.0758373
3.5 8.5 0.0723891
3.5 9 0.100917
3.5 9.5 0.100085
3.5 10 0.0978799
3.5 10.5 0.114607
3.5 11 0.208904
3.5 11.5 0.245331
3.5 12 0.19946
3.5 12.5 0.138227
3.5 13 0.111444
3.5 13.5 0.135348
3.5 14 0.123323
3.5 14.5 0.0341211
3.5 15 -0.0565049
3.5 15.5 -0.100971
3.5 16 -0.091874
3.5 16.5 -0.115571
3.5 17 -0.153293
3.5 17.5 -0.164778
3.5 18 -0.0852586
3.5 18.5 0.00327017
3.5 19 0.0641115
3.5 19.5 0.096237
3.5 20 0.0158624
3.5 20.5 0

4 0 0
4 0.5 -0.000659455
4 1 -0.00972744
4 1.5 -0.0155159
4 2 -0.0631216
4 2.5 -0.144271
4 3 -0.150764
4 3.5 0.00679555
4 4 0.2048
4 4.5 0.258472
4 5 0.145395
4 5.5 0.028745
4 6 0.0431858
4 6.5 0.173271
4 7 0.263124
4 7.5 0.207239
4 8 0.045521
4 8.5 -0.0842392
4 9 -0.157355
4 9.5 -0.215222
4 10 -0.244066
4 10.5 -0.188808
4 11 -0.0402345
4 11.5 0.049589
4 12 0.0245892
4 12.5 0.0205956
4 13 0.136548
4 13.5 0.286763
4 14 0.304064
4 14.5 0.198022
4 15 0.0815273
4 15.5 0.0486814
4 16 0.0514553
4 16.5 -0.000980339
4 17 -0.115676
4 17.5 -0.175782
4 18 -0.12605
4 18.5 -0.0313655
4 19 0.0321457
4 19.5 0.0466935
4 20 0.00773954
4 20.5 0

4.5 0 0
4.5 0.5 0.00625932
4.5 1 0.0344249
4.5 1.5 -0.00272878
4.5 2 -0.0668424
4.5 2.5 -0.164645
4.5 3 -0.180837
4.5 3.5 -0.0475098
4.5 4 0.139638
4.5 4.5 0.206655
4.5 5 0.130115
4.5 5.5 0.0706938
4.5 6 0.118996
4.5 6.5 0.246694
4.5 7 0.34222
4.5 7.5 0.262837
4.5 8 0.115569
4.5 8.5 -0.0263669
4.5 9 -0.16084
4.5 9.5 -0.26571
4.5 10 -0.290559
4.5 10.5 -0.191848
4.5 11 -0.0263097
4.5 11.5 0.0524396
4.5 12 0.0103092
4.5 12.5 0.00265496
4.5 13 0.15415
4.5 13.5 0.335752
4.5 14 0.381545
4.5 14.5 0.244822
4.5 15 0.114566
4.5 15.5 0.0858158
4.5 16 0.0824532
4.5 16.5 0.0250508
4.5 17 -0.10214
4.5 17.5 -0.176579
4.5 18 -0.121921
4.5 18.5 -0.0196739
4.5 19 0.0311731
4.5 19.5 0.00814107
4.5 20 0.00166199
4.5 20.5 0

5 0 0
5 0.5 0.0194678
5 1 0.132321
5 1.5 0.066169
5 2 -0.0437044
5 2.5 -0.167298
5 3 -0.218713
5 3.5 -0.160999
5 4 -0.0613051
5 4.5 -0.0203672
5 5 -0.0715297
5 5.5 -0.0767062
5 6 0.0230449
5 6.5 0.183101
5 7 0.299451
5 7.5 0.320143
5 8 0.283217
5 8.5 0.232232
5 9 0.141937
5 9.5 0.0274809
5 10 0.00478784
5 10.5 0.116104
5 11 0.283935
5 11.5 0.302451
5 12 0.172131
5 12.5 0.0842875
5 13 0.163615
5 13.5 0.306685
5 14 0.294276
5 14.5 0.121822
5 15 -0.0182277
5 15.5 -0.0284472
5 16 -0.0170744
5 16.5 -0.07083
5 17 -0.185639
5 17.5 -0.217579
5 18 -0.0906791
5 18.5 0.0630681
5 19 0.0759346
5 19.5 -0.00374908
5 20 -0.000713731
5 20.5 0

5.5 0 0
5.5 0.5 0.0208333
5.5 1 0.13629
5.5 1.5 0.0587918
5.5 2 -0.0393796
5.5 2.5 -0.133029
5.5 3 -0.153336
5.5 3.5 -0.147796
5.5 4 -0.138201
5.5 4.5 -0.158048
5.5 5 -0.190873
5.5 5.5 -0.166722
5.5 6 -0.0523561
5.5 6.5 0.0689332
5.5 7 0.185576
5.5 7.5 0.292909
5.5 8 0.410796
5.5 8.5 0.486901
5.5 9 0.4652
5.5 9.5 0.37643
5.5 10 0.363579
5.5 10.5 0.482453
5.5 11 0.622078
5.5 11.5 0.559582
5.5 12 0.322913
5.5 12.5 0.130438
5.5 13 0.132984
5.5 13.5 0.214526
5.5 14 0.175225
5.5 14.5 0.0141165
5.5 15 -0.0818569
5.5 15.5 -0.0707151
5.5 16 -0.044162
5.5 16.5 -0.103433
5.5 17 -0.199278
5.5 17.5 -0.193117
5.5 18 -0.00650361
5.5 18.5 0.136681
5.5 19 0.0674097
5.5 19.5 -0.0919847
5.5 20 -0.0137539
5.5 20.5 0

6 0 0
6 0.5 -0.0014929
6 1 -0.0156552
6 1.5 -0.0730347
6 2 -0.0895523
6 2.5 -0.0477852
6 3 0.0208847
6 3.5 0.0707725
6 4 0.0359355
6 4.5 -0.0406882
6 5 -0.0881942
6 5.5 -0.0624756
6 6 -0.0019387
6 6.5 0.035
6 7 0.0743638
6 7.5 0.187644
6 8 0.36566
6 8.5 0.526102
6 9 0.537307
6 9.5 0.449924
6 10 0.430276
6 10.5 0.571384
6 11 0.681906
6 11.5 0.573398
6 12 0.287324
6 12.5 0.0675033
6 13 0.0431586
6 13.5 0.128183
6 14 0.126277
6 14.5 0.0404864
6 15 0.0190757
6 15.5 0.0815625
6 16 0.12058
6 16.5 0.0494253
6 17 -0.0589909
6 17.5 -0.0255909
6 18 0.113994
6 18.5 0.16044
6 19 -0.0319573
6 19.5 -0.306733
6 20 -0.046174
6 20.5 0

6.5 0 0
6.5 0.5 -0.0290306
6.5 1 -0.193513
6.5 1.5 -0.213701
6.5 2 -0.146264
6.5 2.5 0.0413384
6.5 3 0.208279
6.5 3.5 0.320543
6.5 4 0.242969
6.5 4.5 0.133729
6.5 5 0.0663521
6.5 5.5 0.09498
6.5 6 0.0952882
6.5 6.5 0.0675413
6.5 7 0.0153619
6.5 7.5 0.0990632
6.5 8 0.259731
6.5 8.5 0.39733
6.5 9 0.394952
6.5 9.5 0.307439
6.5 10 0.282321
6.5 10.5 0.425552
6.5 11 0.517992
6.5 11.5 0.421377
6.5 12 0.162429
6.5 12.5 -0.0205442
6.5 13 -0.0068831
6.5 13.5 0.101607
6.5 14 0.124808
6.5 14.5 0.107761
6.5 15 0.131634
6.5 15.5 0.252294
6.5 16 0.305015
6.5 16.5 0.239451
6.5 17 0.115792
6.5 17.5 0.164995
6.5 18 0.215038
6.5 18.5 0.157231
6.5 19 -0.140473
6.5 19.5 -0.505811
6.5 20 -0.0780078
6.5 20.5 0

7 0 0
7 0.5 -0.0331804
7 1 -0.223058
7 1.5 -0.251042
7 2 -0.168059
7 2.5 0.0687359
7 3 0.303042
7 3.5 0.388963
7 4 0.274687
7 4.5 0.118137
7 5 0.0650176
7 5.5 0.116772
7 6 0.136621
7 6.5 0.0811647
7 7 0.0280858
7 7.5 0.0709641
7 8 0.204932
7 8.5 0.292895
7 9 0.253091
7 9.5 0.19224
7 10 0.20637
7 10.5 0.349593
7 11 0.415237
7 11.5 0.317198
7 12 0.104893
7 12.5 -0.0219933
7 13 0.0124133
7 13.5 0.0951405
7 14 0.123444
7 14.5 0.105845
7 15 0.139504
7 15.5 0.226202
7 16 0.268541
7 16.5 0.236046
7 17 0.190703
7 17.5 0.226064
7 18 0.24946
7 18.5 0.132067
7 19 -0.181857
7 19.5 -0.505937
7 20 -0.0764775
7 20.5 0

7.5 0 0
7.5 0.5 -0.0185838
7.5 1 -0.121814
7.5 1.5 -0.187368
7.5 2 -0.15055
7.5 2.5 0.0463512
7.5 3 0.257363
7.5 3.5 0.26988
7.5 4 0.101768
7.5 4.5 -0.0559907
7.5 5 -0.0615025
7.5 5.5 0.0174364
7.5 6 0.0951524
7.5 6.5 0.0878359
7.5 7 0.105627
7.5 7.5 0.193212
7.5 8 0.298882
7.5 8.5 0.300369
7.5 9 0.213374
7.5 9.5 0.165012
7.5 10 0.233636
7.5 10.5 0.356643
7.5 11 0.40631
7.5 11.5 0.314844
7.5 12 0.185459
7.5 12.5 0.136626
7.5 13 0.165646
7.5 13.5 0.179636
7.5 14 0.138469
7.5 14.5 0.0552779
7.5 15 0.0329456
7.5 15.5 0.0364839
7.5 16 0.0491073
7.5 16.5 0.0576083
7.5 17 0.0967371
7.5 17.5 0.153578
7.5 18 0.187862
7.5 18.5 0.095784
7.5 19 -0.119932
7.5 19.5 -0.330131
7.5 20 -0.0503452
7.5 20.5 0

8 0 0
8 0.5 -0.0105987
8 1 -0.0698243
8 1.5 -0.158228
8 2 -0.141716
8 2.5 0.0263258
8 3 0.186035
8 3.5 0.161073
8 4 -0.00782713
8 4.5 -0.109895
8 5 -0.0685954
8 5.5 0.0562003
8 6 0.132703
8 6.5 0.179867
8 7 0.264378
8 7.5 0.382544
8 8 0.42708
8 8.5 0.329808
8 9 0.177324
8 9.5 0.118639
8 10 0.196502
8 10.5 0.326187
8 11 0.366309
8 11.5 0.323498
8 12 0.304239
8 12.5 0.343725
8 13 0.382634
8 13.5 0.356835
8 14 0.248634
8 14.5 0.125313
8 15 0.020605
8 15.5 -0.0549903
8 16 -0.10468
8 16.5 -0.0683933
8 17 0.0253407
8 17.5 0.0970321
8 18 0.0910991
8 18.5 0.0115421
8 19 -0.0866145
8 19.5 -0.163707
8 20 -0.0250099
8 20.5 0

8.5 0 0
8.5 0.5 -0.0210564
8.5 1 -0.141966
8.5 1.5 -0.200359
8.5 2 -0.15455
8.5 2.5 0.010208
8.5 3 0.154191
8.5 3.5 0.154213
8.5 4 0.0360159
8.5 4.5 0.00780477
8.5 5 0.104438
8.5 5.5 0.247583
8.5 6 0.289478
8.5 6.5 0.325842
8.5 7 0.434072
8.5 7.5 0.521289
8.5 8 0.477441
8.5 8.5 0.271106
8.5 9 0.0713911
8.5 9.5 0.0205269
8.5 10 0.0988125
8.5 10.5 0.208484
8.5 11 0.228941
8.5 11.5 0.249352
8.5 12 0.340489
8.5 12.5 0.466526
8.5 13 0.55914
8.5 13.5 0.528026
8.5 14 0.427574
8.5 14.5 0.31
8.5 15 0.167423
8.5 15.5 0.0315569
8.5 16 -0.0746641
8.5 16.5 -0.0624507
8.5 17 0.0274966
8.5 17.5 0.0875102
8.5 18 0.000713777
8.5 18.5 -0.107257
8.5 19 -0.12827
8.5 19.5 -0.113597
8.5 20 -0.0175452
8.5 20.5 0

9 0 0
9 0.5 -0.0322048
9 1 -0.216133
9 1.5 -0.219419
9 2 -0.149746
9 2.5 0.00504252
9 3 0.133517
9 3.5 0.133537
9 4 0.0720178
9 4.5 0.0927283
9 5 0.22481
9 5.5 0.345524
9 6 0.35316
9 6.5 0.351913
9 7 0.441407
9 7.5 0.538796
9 8 0.460368
9 8.5 0.2266
9 9 0.0247567
9 9.5 0.0111619
9 10 0.114718
9 10.5 0.171897
9 11 0.166495
9 11.5 0.190931
9 12 0.330641
9 12.5 0.515013
9 13 0.584366
9 13.5 0.530834
9 14 0.445593
9 14.5 0.394824
9 15 0.277266
9 15.5 0.0895347
9 16 -0.0523564
9 16.5 -0.0481336
9 17 0.0558738
9 17.5 0.0909171
9 18 -0.0262972
9 18.5 -0.175413
9 19 -0.180099
9 19.5 -0.108995
9 20 -0.0157467
9 20.5 0

9.5 0 0
9.5 0.5 -0.0275042
9.5 1 -0.180275
9.5 1.5 -0.151466
9.5 2 -0.0734179
9.5 2.5 0.0511158
9.5 3 0.134099
9.5 3.5 0.0794756
9.5 4 -0.00109613
9.5 4.5 0.0152529
9.5 5 0.109681
9.5 5.5 0.18447
9.5 6 0.175151
9.5 6.5 0.184522
9.5 7 0.309625
9.5 7.5 0.430669
9.5 8 0.397383
9.5 8.5 0.235336
9.5 9 0.131239
9.5 9.5 0.197371
9.5 10 0.334898
9.5 10.5 0.33756
9.5 11 0.252392
9.5 11.5 0.22088
9.5 12 0.357475
9.5 12.5 0.498252
9.5 13 0.471965
9.5 13.5 0.335305
9.5 14 0.246768
9.5 14.5 0.232984
9.5 15 0.153899
9.5 15.5 -0.0231062
9.5 16 -0.147775
9.5 16.5 -0.0929505
9.5 17 0.0691265
9.5 17.5 0.128823
9.5 18 0.0202742
9.5 18.5 -0.139943
9.5 19 -0.151773
9.5 19.5 -0.057097
9.5 20 -0.00765885
9.5 20.5 0

10 0 0
10 0.5 -0.01496
10 1 -0.0931366
10 1.5 -0.0569436
10 2 0.0231336
10 2.5 0.119469
10 3 0.144418
10 3.5 0.0303494
10 4 -0.106446
10 4.5 -0.136564
10 5 -0.0923045
10 5.5 -0.0712429
10 6 -0.0862633
10 6.5 -0.0505357
10 7 0.110639
10 7.5 0.289683
10 8 0.310904
10 8.5 0.224262
10 9 0.220408
10 9.5 0.357102
10 10 0.493299
10 10.5 0.447187
10 11 0.286118
10 11.5 0.206445
10 12 0.320819
10 12.5 0.413906
10 13 0.290495
10 13.5 0.080898
10 14 -0.0382242
10 14.5 -0.0345914
10 15 -0.044402
10 15.5 -0.162935
10 16 -0.240215
10 16.5 -0.13765
10 17 0.0774307
10 17.5 0.181542
10 18 0.0800776
10 18.5 -0.0708969
10 19 -0.0819815
10 19.5 0.0118323
10 20 0.00174773
10 20.5 0

10.5 0 0
10.5 0.5 -0.0131942
10.5 1 -0.0873941
10.5 1.5 -0.0595555
10.5 2 0.0379244
10.5 2.5 0.16465
10.5 3 0.185824
10.5 3.5 0.0787329
10.5 4 -0.0856233
10.5 4.5 -0.158329
10.5 5 -0.142755
10.5 5.5 -0.117411
10.5 6 -0.150133
10.5 6.5 -0.110033
10.5 7 0.0459682
10.5 7.5 0.211904
10.5 8 0.235193
10.5 8.5 0.162265
10.5 9 0.17093
10.5 9.5 0.300137
10.5 10 0.380659
10.5 10.5 0.291791
10.5 11 0.111029
10.5 11.5 0.0739555
10.5 12 0.220516
10.5 12.5 0.311074
10.5 13 0.193788
10.5 13.5 -0.0326068
10.5 14 -0.152637
10.5 14.5 -0.114443
10.5 15 -0.0639247
10.5 15.5 -0.103961
10.5 16 -0.161443
10.5 16.5 -0.0636277
10.5 17 0.136933
10.5 17.5 0.236525
10.5 18 0.0927708
10.5 18.5 -0.0677014
10.5 19 -0.0860938
10.5 19.5 -0.0059116
10.5 20 -0.00119077
10.5 20.5 0

11 0 0
11 0.5 -0.0267619
11 1 -0.174463
11 1.5 -0.128553
11 2 -0.017063
11 2.5 0.117152
11 3 0.204934
11 3.5 0.17423
11 4 0.0760108
11 4.5 0.0194181
11 5 0.0361555
11 5.5 0.0498506
11 6 0.0521847
11 6.5 0.0748423
11 7 0.158083
11 7.5 0.260899
11 8 0.244219
11 8.5 0.122637
11 9 0.0735265
11 9.5 0.109672
11 10 0.109631
11 10.5 -0.00849046
11 11 -0.141996
11 11.5 -0.102918
11 12 0.142145
11 12.5 0.31874
11 13 0.250241
11 13.5 0.0681292
11 14 -0.0277814
11 14.5 0.0511308
11 15 0.15483
11 15.5 0.130105
11 16 0.0729181
11 16.5 0.120799
11 17 0.237522
11 17.5 0.228797
11 18 0.0540059
11 18.5 -0.138806
11 19 -0.164912
11 19.5 -0.0964678
11 20 -0.0153384
11 20.5 0

11.5 0 0
11.5 0.5 -0.0304587
11.5 1 -0.193013
11.5 1.5 -0.161584
11.5 2 -0.0976397
11.5 2.5 0.0335133
11.5 3 0.143296
11.5 3.5 0.166605
11.5 4 0.140598
11.5 4.5 0.107641
11.5 5 0.158653
11.5 5.5 0.205071
11.5 6 0.236248
11.5 6.5 0.260319
11.5 7 0.312152
11.5 7.5 0.368645
11.5 8 0.34558
11.5 8.5 0.225728
11.5 9 0.131111
11.5 9.5 0.0819322
11.5 10 0.0182171
11.5 10.5 -0.11332
11.5 11 -0.176081
11.5 11.5 -0.0602823
11.5 12 0.204974
11.5 12.5 0.396248
11.5 13 0.384023
11.5 13.5 0.237575
11.5 14 0.159008
11.5 14.5 0.214591
11.5 15 0.2874
11.5 15.5 0.262413
11.5 16 0.218087
11.5 16.5 0.205372
11.5 17 0.226295
11.5 17.5 0.140119
11.5 18 -0.0498322
11.5 18.5 -0.196714
11.5 19 -0.201662
11.5 19.5 -0.126363
11.5 20 -0.0194603
11.5 20.5 0

12 0 0
12 0.5 -0.012765
12 1 -0.0800607
12 1.5 -0.0858052
12 2 -0.0943067
12 2.5 -0.0527272
12 3 0.00859049
12 3.5 0.0203054
12 4 0.00339793
12 4.5 -0.00697472
12 5 0.0566163
12 5.5 0.144049
12 6 0.231891
12 6.5 0.296789
12 7 0.3551
12 7.5 0.43072
12 8 0.458138
12 8.5 0.406235
12 9 0.329776
12 9.5 0.252612
12 10 0.171871
12 10.5 0.0606323
12 11 0.0481796
12 11.5 0.153256
12 12 0.351907
12 12.5 0.484844
12 13 0.446124
12 13.5 0.319277
12 14 0.205327
12 14.5 0.177765
12 15 0.183117
12 15.5 0.147912
12 16 0.115922
12 16.5 0.110308
12 17 0.100194
12 17.5 0.0058408
12 18 -0.121406
12 18.5 -0.194995
12 19 -0.136231
12 19.5 -0.0262795
12 20 -0.0046104
12 20.5 0

12.5 0 0
12.5 0.5 0.00290892
12.5 1 0.019823
12.5 1.5 0.00234928
12.5 2 -0.0330819
12.5 2.5 -0.0541735
12.5 3 -0.0652729
12.5 3.5 -0.0854293
12.5 4 -0.111711
12.5 4.5 -0.146751
12.5 5 -0.120157
12.5 5.5 -0.0253454
12.5 6 0.0843547
12.5 6.5 0.177558
12.5 7 0.260752
12.5 7.5 0.341711
12.5 8 0.435322
12.5 8.5 0.484016
12.5 9 0.472092
12.5 9.5 0.425642
12.5 10 0.353702
12.5 10.5 0.290513
12.5 11 0.275409
12.5 11.5 0.343313
12.5 12 0.423004
12.5 12.5 0.445898
12.5 13 0.378542
12.5 13.5 0.229665
12.5 14 0.093535
12.5 14.5 0.00435521
12.5 15 -0.0450689
12.5 15.5 -0.0540199
12.5 16 -0.0299602
12.5 16.5 0.00807962
12.5 17 0.0359136
12.5 17.5 -0.0216245
12.5 18 -0.11012
12.5 18.5 -0.124243
12.5 19 -0.0519891
12.5 19.5 0.0507154
12.5 20 0.00791718
12.5 20.5 0

13 0 0
13 0.5 -0.010483
13 1 -0.0714353
13 1.5 -0.00992852
13 2 0.0320871
13 2.5 0.0218461
13 3 -0.0106954
13 3.5 -0.0245329
13 4 -0.0263454
13 4.5 -0.0551286
13 5 -0.0922937
13 5.5 -0.0541023
13 6 0.0314392
13 6.5 0.0995052
13 7 0.124896
13 7.5 0.151707
13 8 0.239863
13 8.5 0.345381
13 9 0.387532
13 9.5 0.368031
13 10 0.303811
13 10.5 0.269147
13 11 0.266256
13 11.5 0.292447
13 12 0.293952
13 12.5 0.265106
13 13 0.21045
13 13.5 0.119743
13 14 0.0101267
13 14.5 -0.0807692
13 15 -0.112894
13 15.5 -0.0664886
13 16 0.0264613
13 16.5 0.10926
13 17 0.120421
13 17.5 0.0542478
13 18 -0.0337397
13 18.5 -0.0661447
13 19 -0.0554788
13 19.5 -0.0338818
13 20 -0.00545367
13 20.5 0

13.5 0 0
13.5 0.5 -0.0446846
13.5 1 -0.291315
13.5 1.5 -0.100104
13.5 2 0.0613695
13.5 2.5 0.10965
13.5 3 0.123046
13.5 3.5 0.159798
13.5 4 0.231329
13.5 4.5 0.213859
13.5 5 0.121048
13.5 5.5 0.0729172
13.5 6 0.108879
13.5 6.5 0.11794
13.5 7 0.0638666
13.5 7.5 -0.0152252
13.5 8 0.0105577
13.5 8.5 0.118807
13.5 9 0.199517
13.5 9.5 0.179814
13.5 10 0.111505
13.5 10.5 0.0860007
13.5 11 0.0990448
13.5 11.5 0.122318
13.5 12 0.113266
13.5 12.5 0.0791712
13.5 13 0.0771307
13.5 13.5 0.0730618
13.5 14 0.0329854
13.5 14.5 -0.0283722
13.5 15 -0.016238
13.5 15.5 0.0858968
13.5 16 0.23537
13.5 16.5 0.326277
13.5 17 0.30105
13.5 17.5 0.173216
13.5 18 0.0606608
13.5 18.5 -0.0423874
13.5 19 -0.137368
13.5 19.5 -0.226477
13.5 20 -0.0348767
13.5 20.5 0

14 0 0
14 0.5 -0.0582669
14 1 -0.381642
14 1.5 -0.139297
14 2 0.0566648
14 2.5 0.110401
14 3 0.137186
14 3.5 0.246474
14 4 0.37244
14 4.5 0.361999
14 5 0.217952
14 5.5 0.111943
14 6 0.119758
14 6.5 0.128047
14 7 0.0465609
14 7.5 -0.0869784
14 8 -0.104021
14 8.5 0.0287793
14 9 0.133695
14 9.5 0.128478
14 10 0.0412161
14 10.5 0.00278802
14 11 0.0255671
14 11.5 0.0695051
14 12 0.0586421
14 12.5 0.0359597
14 13 0.0430603
14 13.5 0.0769545
14 14 0.0498819
14 14.5 -0.0281914
14 15 -0.0108966
14 15.5 0.133809
14 16 0.315586
14 16.5 0.402583
14 17 0.33267
14 17.5 0.189225
14 18 0.0800858
14 18.5 -0.0239972
14 19 -0.158677
14 19.5 -0.296451
14 20 -0.0457468
14 20.5 0

14.5 0 0
14.5 0.5 -0.0376019
14.5 1 -0.247473
14.5 1.5 -0.048899
14.5 2 0.0700108
14.5 2.5 0.0275197
14.5 3 -0.00113308
14.5 3.5 0.116052
14.5 4 0.28501
14.5 4.5 0.279562
14.5 5 0.0999612
14.5 5.5 -0.0424047
14.5 6 -0.00148133
14.5 6.5 0.0793833
14.5 7 0.0415032
14.5 7.5 -0.0756022
14.5 8 -0.0844682
14.5 8.5 0.0743624
14.5 9 0.254719
14.5 9.5 0.276666
14.5 10 0.191207
14.5 10.5 0.123528
14.5 11 0.149179
14.5 11.5 0.180076
14.5 12 0.154305
14.5 12.5 0.0865073
14.5 13 0.0666541
14.5 13.5 0.071267
14.5 14 0.00319755
14.5 14.5 -0.118472
14.5 15 -0.146405
14.5 15.5 -0.0188206
14.5 16 0.168321
14.5 16.5 0.246294
14.5 17 0.176946
14.5 17.5 0.0591628
14.5 18 0.0192864
14.5 18.5 0.00207043
14.5 19 -0.0587703
14.5 19.5 -0.15189
14.5 20 -0.0232899
14.5 20.5 0

15 0 0
15 0.5 -0.00938707
15 1 -0.059993
15 1.5 0.0829752
15 2 0.109791
15 2.5 -0.0497116
15 3 -0.155359
15 3.5 -0.0435657
15 4 0.149658
15 4.5 0.159551
15 5 -0.0473275
15 5.5 -0.190615
15 6 -0.0975955
15 6.5 0.0675345
15 7 0.0878914
15 7.5 -0.0397406
15 8 -0.070538
15 8.5 0.0873933
15 9 0.300761
15 9.5 0.355203
15 10 0.260827
15 10.5 0.187114
15 11 0.213604
15 11.5 0.245466
15 12 0.199279
15 12.5 0.115769
15 13 0.0868975
15 13.5 0.0800278
15 14 -0.00298071
15 14.5 -0.169796
15 15 -0.259137
15 15.5 -0.172705
15 16 -0.00489915
15 16.5 0.0629496
15 17 -0.0050864
15 17.5 -0.0714444
15 18 -0.0322649
15 18.5 0.0440216
15 19 0.0658011
15 19.5 0.0366379
15 20 0.0054017
15 20.5 0

15.5 0 0
15.5 0.5 0.00315111
15.5 1 0.0236603
15.5 1.5 0.134752
15.5 2 0.113016
15.5 2.5 -0.100861
15.5 3 -0.250661
15.5 3.5 -0.112652
15.5 4 0.102181
15.5 4.5 0.151866
15.5 5 -0.0430406
15.5 5.5 -0.165863
15.5 6 -0.0441546
15.5 6.5 0.189091
15.5 7 0.202691
15.5 7.5 0.0262041
15.5 8 -0.105875
15.5 8.5 -0.0125991
15.5 9 0.173248
15.5 9.5 0.227673
15.5 10 0.118343
15.5 10.5 0.0518318
15.5 11 0.0851702
15.5 11.5 0.144173
15.5 12 0.105972
15.5 12.5 0.0603768
15.5 13 0.0923863
15.5 13.5 0.160396
15.5 14 0.111352
15.5 14.5 -0.0482934
15.5 15 -0.188479
15.5 15.5 -0.147309
15.5 16 -0.0280698
15.5 16.5 0.00512366
15.5 17 -0.0913573
15.5 17.5 -0.122482
15.5 18 -0.0714227
15.5 18.5 0.0475205
15.5 19 0.107455
15.5 19.5 0.103387
15.5 20 0.0150258
15.5 20.5 0

16 0 0
16 0.5 0.0034034
16 1 0.0272371
16 1.5 0.134391
16 2 0.100251
16 2.5 -0.136535
16 3 -0.309633
16 3.5 -0.175811
16 4 0.0698485
16 4.5 0.161067
16 5 0.030527
16 5.5 -0.034055
16 6 0.129304
16 6.5 0.372615
16 7 0.350397
16 7.5 0.106026
16 8 -0.0940295
16 8.5 -0.0768495
16 9 0.0520403
16 9.5 0.0764158
16 10 -0.0227197
16 10.5 -0.0801624
16 11 -0.0290609
16 11.5 0.0394654
16 12 0.0271782
16 12.5 0.0107779
16 13 0.108503
16 13.5 0.258182
16 14 0.288617
16 14.5 0.164618
16 15 -0.00595156
16 15.5 -0.0350335
16 16 0.0133096
16 16.5 0.0039269
16 17 -0.106861
16 17.5 -0.155116
16 18 -0.0985417
16 18.5 0.0197451
16 19 0.0756225
16 19.5 0.0799162
16 20 0.0123347
16 20.5 0

16.5 0 0
16.5 0.5 0.0128307
16.5 1 0.089921
16.5 1.5 0.167869
16.5 2 0.0922292
16.5 2.5 -0.187527
16.5 3 -0.389472
16.5 3.5 -0.290066
16.5 4 -0.0689266
16.5 4.5 0.0501256
16.5 5 -0.00189887
16.5 5.5 0.00348845
16.5 6 0.210558
16.5 6.5 0.438731
16.5 7 0.40523
16.5 7.5 0.16616
16.5 8 -0.0250253
16.5 8.5 -0.00726981
16.5 9 0.101981
16.5 9.5 0.141063
16.5 10 0.057082
16.5 10.5 0.019942
16.5 11 0.0602277
16.5 11.5 0.105872
16.5 12 0.0488339
16.5 12.5 0.0149015
16.5 13 0.104031
16.5 13.5 0.276849
16.5 14 0.35125
16.5 14.5 0.243682
16.5 15 0.066734
16.5 15.5 -0.0156316
16.5 16 -0.0145474
16.5 16.5 -0.0548879
16.5 17 -0.182106
16.5 17.5 -0.226312
16.5 18 -0.149498
16.5 18.5 -0.00456878
16.5 19 0.0871051
16.5 19.5 0.104545
16.5 20 0.015025
16.5 20.5 0

17 0 0
17 0.5 0.0308799
17 1 0.214582
17 1.5 0.220827
17 2 0.0743903
17 2.5 -0.231845
17 3 -0.44332
17 3.5 -0.387942
17 4 -0.203312
17 4.5 -0.0786695
17 5 -0.0983195
17 5.5 -0.0619725
17 6 0.115987
17 6.5 0.311281
17 7 0.291467
17 7.5 0.148714
17 8 0.058144
17 8.5 0.141725
17 9 0.271073
17 9.5 0.314434
17 10 0.282481
17 10.5 0.246546
17 11 0.282638
17 11.5 0.26001
17 12 0.132431
17 12.5 0.0266305
17 13 0.0428552
17 13.5 0.168395
17 14 0.219671
17 14.5 0.139269
17 15 -0.0051923
17 15.5 -0.0561164
17 16 -0.060038
17 16.5 -0.104037
17 17 -0.232832
17 17.5 -0.29057
17 18 -0.201084
17 18.5 -0.0140415
17 19 0.12287
17 19.5 0.177451
17 20 0.0270234
17 20.5 0

17.5 0 0
17.5 0.5 0.03691
17.5 1 0.239149
17.5 1.5 0.168647
17.5 2 0.0075896
17.5 2.5 -0.241937
17.5 3 -0.370105
17.5 3.5 -0.309312
17.5 4 -0.157764
17.5 4.5 -0.0520345
17.5 5 -0.0603896
17.5 5.5 -0.0536919
17.5 6 0.0383643
17.5 6.5 0.126689
17.5 7 0.114519
17.5 7.5 0.054018
17.5 8 0.0668927
17.5 8.5 0.192034
17.5 9 0.311589
17.5 9.5 0.332277
17.5 10 0.290905
17.5 10.5 0.294992
17.5 11 0.326548
17.5 11.5 0.27232
17.5 12 0.10993
17.5 12.5 -0.0385405
17.5 13 -0.0571488
17.5 13.5 0.0260685
17.5 14 0.0578449
17.5 14.5 0.0163075
17.5 15 -0.0139674
17.5 15.5 0.0134917
17.5 16 0.0414138
17.5 16.5 -0.00959797
17.5 17 -0.164224
17.5 17.5 -0.27038
17.5 18 -0.20326
17.5 18.5 -0.0392901
17.5 19 0.100436
17.5 19.5 0.15232
17.5 20 0.0232044
17.5 20.5 0

18 0 0
18 0.5 0.0133892
18 1 0.0895532
18 1.5 0.0114572
18 2 -0.096758
18 2.5 -0.188423
18 3 -0.165475
18 3.5 -0.0331583
18 4 0.104715
18 4.5 0.182058
18 5 0.159442
18 5.5 0.128029
18 6 0.108308
18 6.5 0.0624326
18 7 -0.0142368
18 7.5 -0.0406481
18 8 0.0173891
18 8.5 0.115148
18 9 0.162508
18 9.5 0.107632
18 10 0.0737545
18 10.5 0.0842222
18 11 0.128526
18 11.5 0.079655
18 12 -0.0300245
18 12.5 -0.118234
18 13 -0.102597
18 13.5 -0.0262461
18 14 0.00473234
18 14.5 0.035796
18 15 0.125461
18 15.5 0.251662
18 16 0.313685
18 16.5 0.241723
18 17 0.0307449
18 17.5 -0.138273
18 18 -0.148227
18 18.5 -0.0669206
18 19 -0.010824
18 19.5 -0.0269691
18 20 -0.00446888
18 20.5 0

18.5 0 0
18.5 0.5 -0.0109467
18.5 1 -0.0745635
18.5 1.5 -0.147069
18.5 2 -0.182003
18.5 2.5 -0.121782
18.5 3 0.0472477
18.5 3.5 0.220677
18.5 4 0.323503
18.5 4.5 0.351028
18.5 5 0.3355
18.5 5.5 0.310146
18.5 6 0.206752
18.5 6.5 0.0362152
18.5 7 -0.0956345
18.5 7.5 -0.114808
18.5 8 -0.0344427
18.5 8.5 0.0307569
18.5 9 -0.0034152
18.5 9.5 -0.0721008
18.5 10 -0.0887827
18.5 10.5 -0.0614289
18.5 11 -0.0446156
18.5 11.5 -0.0826113
18.5 12 -0.15554
18.5 12.5 -0.171168
18.5 13 -0.102727
18.5 13.5 -0.02642
18.5 14 0.0109776
18.5 14.5 0.091209
18.5 15 0.260989
18.5 15.5 0.430167
18.5 16 0.482961
18.5 16.5 0.386343
18.5 17 0.173163
18.5 17.5 -0.0160667
18.5 18 -0.0751189
18.5 18.5 -0.0771086
18.5 19 -0.107155
18.5 19.5 -0.184658
18.5 20 -0.0285495
18.5 20.5 0

19 0 0
19 0.5 -0.00926856
19 1 -0.0606582
19 1.5 -0.166901
19 2 -0.210043
19 2.5 -0.0833426
19 3 0.130479
19 3.5 0.253785
19 4 0.25636
19 4.5 0.248534
19 5 0.270291
19 5.5 0.288368
19 6 0.167057
19 6.5 -0.0505829
19 7 -0.177864
19 7.5 -0.129878
19 8 0.00344534
19 8.5 0.0531049
19 9 -0.00501776
19 9.5 -0.0382209
19 10 0.00596401
19 10.5 0.0540169
19 11 0.0215301
19 11.5 -0.0640849
19 12 -0.137049
19 12.5 -0.125258
19 13 -0.0537472
19 13.5 -0.0212191
19 14 -0.0183588
19 14.5 0.0413887
19 15 0.201397
19 15.5 0.351277
19 16 0.357735
19 16.5 0.251384
19 17 0.0792013
19 17.5 -0.0405238
19 18 -0.0558985
19 18.5 -0.0393067
19 19 -0.071855
19 19.5 -0.14568
19 20 -0.02298
19 20.5 0

19.5 0 0
19.5 0.5 0.0135843
19.5 1 0.087713
19.5 1.5 -0.086225
19.5 2 -0.177439
19.5 2.5 -0.0667287
19.5 3 0.0989977
19.5 3.5 0.112954
19.5 4 0.0190119
19.5 4.5 -0.028647
19.5 5 0.0721113
19.5 5.5 0.143154
19.5 6 0.0605712
19.5 6.5 -0.172041
19.5 7 -0.25781
19.5 7.5 -0.107063
19.5 8 0.100417
19.5 8.5 0.165025
19.5 9 0.100178
19.5 9.5 0.123328
19.5 10 0.262328
19.5 10.5 0.340933
19.5 11 0.259853
19.5 11.5 0.0951187
19.5 12 -0.0274357
19.5 12.5 -0.010134
19.5 13 0.0244663
19.5 13.5 -0.0240288
19.5 14 -0.0926403
19.5 14.5 -0.0841452
19.5 15 0.0416851
19.5 15.5 0.102881
19.5 16 0.0511122
19.5 16.5 -0.0495347
19.5 17 -0.107227
19.5 17.5 -0.121264
19.5 18 -0.052476
19.5 18.5 0.0127753
19.5 19 0.0379548
19.5 19.5 0.0334109
19.5 20 0.00507945
19.5 20.5 0

20 0 0
20 0.5 0.0269236
20 1 0.17826
20 1.5 -0.0390534
20 2 -0.165887
20 2.5 -0.0748556
20 3 0.0696078
20 3.5 0.0298169
20 4 -0.130003
20 4.5 -0.159896
20 5 -0.0116917
20 5.5 0.12703
20 6 0.0338772
20 6.5 -0.180898
20 7 -0.245419
20 7.5 -0.0680098
20 8 0.127583
20 8.5 0.169547
20 9 0.0907558
20 9.5 0.141148
20 10 0.33894
20 10.5 0.430463
20 11 0.316463
20 11.5 0.111657
20 12 0.0172541
20 12.5 0.077909
20 13 0.107996
20 13.5 0.0294323
20 14 -0.0913032
20 14.5 -0.110223
20 15 -0.0366289
20 15.5 -0.00634668
20 16 -0.108916
20 16.5 -0.199462
20 17 -0.207302
20 17.5 -0.158563
20 18 -0.0756509
20 18.5 0.00901614
20 19 0.0888238
20 19.5 0.145816
20 20 0.0218446
20 20.5 0

20.5 0 0
20.5 0.5 0.0182406
20.5 1 0.119036
20.5 1.5 -0.0792001
20.5 2 -0.173307
20.5 2.5 -0.061584
20.5 3 0.0845265
20.5 3.5 0.0326583
20.5 4 -0.104197
20.5 4.5 -0.105251
20.5 5 0.124599
20.5 5.5 0.262529
20.5 6 0.163438
20.5 6.5 -0.119957
20.5 7 -0.221045
20.5 7.5 -0.0638963
20.5 8 0.0982038
20.5 8.5 0.0563163
20.5 9 -0.0700265
20.5 9.5 -0.036835
20.5 10 0.15508
20.5 10.5 0.253109
20.5 11 0.139627
20.5 11.5 -0.0258037
20.5 12 -0.0576952
20.5 12.5 0.0602462
20.5 13 0.131347
20.5 13.5 0.0559359
20.5 14 -0.0269891
20.5 14.5 -0.00169922
20.5 15 0.0939409
20.5 15.5 0.0636348
20.5 16 -0.0571027
20.5 16.5 -0.160707
20.5 17 -0.136874
20.5 17.5 -0.106438
20.5 18 -0.0638172
20.5 18.5 -0.0370536
20.5 19 0.0267127
20.5 19.5 0.0961985
20.5 20 0.0149773
20.5 20.5 0

21 0 0
21 0.5 0.00648696
21 1 0.0423578
21 1.5 -0.118877
21 2 -0.17636
21 2.5 -0.0403156
21 3 0.11748
21 3.5 0.0832258
21 4 -0.0535906
21 4.5 -0.0149112
21 5 0.206511
21 5.5 0.367874
21 6 0.218321
21 6.5 -0.060289
21 7 -0.170892
21 7.5 -0.0643819
21 8 0.0384482
21 8.5 -0.0442956
21 9 -0.190143
21 9.5 -0.157335
21 10 0.0219703
21 10.5 0.0869935
21 11 -0.0415569
21 11.5 -0.178532
21 12 -0.136537
21 12.5 0.0278304
21 13 0.117407
21 13.5 0.0598901
21 14 0.00818787
21 14.5 0.0848814
21 15 0.170877
21 15.5 0.146595
21 16 0.0173113
21 16.5 -0.0433472
21 17 -0.0299035
21 17.5 -0.0157877
21 18 -0.0495804
21 18.5 -0.0866702
21 19 -0.0392256
21 19.5 0.0179921
21 20 0.0018183
21 20.5 0

21.5 0 0
21.5 0.5 0.00891516
21.5 1 0.0601168
21.5 1.5 -0.0834883
21.5 2 -0.127321
21.5 2.5 -0.0117501
21.5 3 0.108176
21.5 3.5 0.0534834
21.5 4 -0.0791608
21.5 4.5 -0.0732446
21.5 5 0.124127
21.5 5.5 0.253541
21.5 6 0.135249
21.5 6.5 -0.105827
21.5 7 -0.174684
21.5 7.5 -0.0734437
21.5 8 0.0190044
21.5 8.5 -0.053044
21.5 9 -0.150249
21.5 9.5 -0.0685874
21.5 10 0.118764
21.5 10.5 0.156399
21.5 11 -0.0226651
21.5 11.5 -0.183173
21.5 12 -0.154818
21.5 12.5 -0.0115713
21.5 13 0.0540403
21.5 13.5 -0.0261443
21.5 14 -0.0665022
21.5 14.5 0.0282732
21.5 15 0.123509
21.5 15.5 0.0673476
21.5 16 -0.0312603
21.5 16.5 -0.0411286
21.5 17 0.034675
21.5 17.5 0.0567156
21.5 18 -0.00735424
21.5 18.5 -0.081068
21.5 19 -0.0414416
21.5 19.5 0.0246383
21.5 20 0.00275905
21.5 20.5 0

22 0 0
22 0.5 0.0172856
22 1 0.11223
22 1.5 -0.0328967
22 2 -0.0832998
22 2.5 0.0140336
22 3 0.0827584
22 3.5 -0.007309
22 4 -0.178594
22 4.5 -0.182859
22 5 -0.0299577
22 5.5 0.105864
22 6 0.0387663
22 6.5 -0.107762
22 7 -0.136371
22 7.5 -0.0523454
22 8 0.00318473
22 8.5 -0.039957
22 9 -0.0653767
22 9.5 0.0781455
22 10 0.26658
22 10.5 0.2791
22 11 0.0705015
22 11.5 -0.124329
22 12 -0.131271
22 12.5 -0.0353491
22 13 -0.0190346
22 13.5 -0.0929444
22 14 -0.111173
22 14.5 -0.0177036
22 15 0.0483752
22 15.5 -0.0207219
22 16 -0.123277
22 16.5 -0.0856294
22 17 0.0221198
22 17.5 0.085623
22 18 0.00697957
22 18.5 -0.0756029
22 19 -0.0300138
22 19.5 0.0643332
22 20 0.00976929
22 20.5 0

22.5 0 0
22.5 0.5 0.0106643
22.5 1 0.0659235
22.5 1.5 -0.033994
22.5 2 -0.0455883
22.5 2.5 0.0168833
22.5 3 0.0592831
22.5 3.5 -0.0289983
22.5 4 -0.180117
22.5 4.5 -0.187177
22.5 5 -0.0294177
22.5 5.5 0.120216
22.5 6 0.136311
22.5 6.5 0.0419114
22.5 7 -0.00398154
22.5 7.5 0.0118584
22.5 8 -0.0171527
22.5 8.5 -0.0782126
22.5 9 -0.0653056
22.5 9.5 0.102836
22.5 10 0.26676
22.5 10.5 0.260471
22.5 11 0.0564877
22.5 11.5 -0.129269
22.5 12 -0.142177
22.5 12.5 -0.0557411
22.5 13 -0.036901
22.5 13.5 -0.056065
22.5 14 -0.0113949
22.5 14.5 0.111512
22.5 15 0.173663
22.5 15.5 0.0472143
22.5 16 -0.0995223
22.5 16.5 -0.0870205
22.5 17 0.0304757
22.5 17.5 0.099922
22.5 18 0.0288154
22.5 18.5 -0.083095
22.5 19 -0.056852
22.5 19.5 0.01802
22.5 20 0.00238761
22.5 20.5 0

23 0 0
23 0.5 -0.0047512
23 1 -0.0231015
23 1.5 -0.0576567
23 2 -0.0409158
23 2.5 0.00806612
23 3 0.0397491
23 3.5 -0.00144889
23 4 -0.103432
23 4.5 -0.0776997
23 5 0.0632488
23 5.5 0.230676
23 6 0.296381
23 6.5 0.26162
23 7 0.178291
23 7.5 0.100211
23 8 -0.0242849
23 8.5 -0.127658
23 9 -0.132081
23 9.5 -0.0268191
23 10 0.0756487
23 10.5 0.0389578
23 11 -0.105233
23 11.5 -0.209763
23 12 -0.155098
23 12.5 -0.029993
23 13 0.0189538
23 13.5 0.0705537
23 14 0.185687
23 14.5 0.325893
23 15 0.346689
23 15.5 0.198068
23 16 0.00788263
23 16.5 -0.0352116
23 17 0.027098
23 17.5 0.0868744
23 18 0.013425
23 18.5 -0.0900278
23 19 -0.100165
23 19.5 -0.0600839
23 20 -0.00880109
23 20.5 0

23.5 0 0
23.5 0.5 0.000666404
23.5 1 0.00166829
23.5 1.5 -0.0181534
23.5 2 -0.0139201
23.5 2.5 -0.0104922
23.5 3 -0.0172503
23.5 3.5 -0.0601378
23.5 4 -0.135345
23.5 4.5 -0.103064
23.5 5 0.0270871
23.5 5.5 0.179287
23.5 6 0.282025
23.5 6.5 0.289326
23.5 7 0.230868
23.5 7.5 0.136681
23.5 8 0.0130519
23.5 8.5 -0.104729
23.5 9 -0.152384
23.5 9.5 -0.124708
23.5 10 -0.134542
23.5 10.5 -0.169382
23.5 11 -0.223811
23.5 11.5 -0.206316
23.5 12 -0.120251
23.5 12.5 -0.00948962
23.5 13 0.0600445
23.5 13.5 0.131233
23.5 14 0.248583
23.5 14.5 0.34319
23.5 15 0.325729
23.5 15.5 0.152584
23.5 16 -0.0351122
23.5 16.5 -0.10361
23.5 17 -0.0763338
23.5 17.5 -0.00199636
23.5 18 -0.00955531
23.5 18.5 -0.0553065
23.5 19 -0.0479367
23.5 19.5 -0.00881803
23.5 20 -0.00149555
23.5 20.5 0

24 0 0
24 0.5 0.0213441
24 1 0.145221
24 1.5 0.107382
24 2 0.0504642
24 2.5 -0.0268706
24 3 -0.114582
24 3.5 -0.168809
24 4 -0.213673
24 4.5 -0.217499
24 5 -0.176667
24 5.5 -0.0893685
24 6 0.017023
24 6.5 0.113935
24 7 0.133246
24 7.5 0.11164
24 8 0.0468569
24 8.5 -0.0249041
24 9 -0.0478536
24 9.5 -0.0838709
24 10 -0.13174
24 10.5 -0.190212
24 11 -0.161165
24 11.5 -0.0958958
24 12 -0.0147378
24 12.5 0.0329243
24 13 0.0485766
24 13.5 0.0719974
24 14 0.098529
24 14.5 0.108528
24 15 0.0389516
24 15.5 -0.0828476
24 16 -0.197547
24 16.5 -0.24134
24 17 -0.203359
24 17.5 -0.107054
24 18 -0.0374471
24 18.5 0.0239265
24 19 0.0872699
24 19.5 0.157403
24 20 0.024604
24 20.5 0

24.5 0 0
24.5 0.5 0.0289541
24.5 1 0.184655
24.5 1.5 0.153898
24.5 2 0.0953055
24.5 2.5 -0.0242472
24.5 3 -0.136413
24.5 3.5 -0.177317
24.5 4 -0.181873
24.5 4.5 -0.217105
24.5 5 -0.275312
24.5 5.5 -0.291231
24.5 6 -0.222847
24.5 6.5 -0.0956086
24.5 7 -0.00463063
24.5 7.5 0.0195689
24.5 8 0.0388525
24.5 8.5 0.0633832
24.5 9 0.0697338
24.5 9.5 0.0336827
24.5 10 -0.0293523
24.5 10.5 -0.0664704
24.5 11 -0.00941556
24.5 11.5 0.0683711
24.5 12 0.0807571
24.5 12.5 0.0429114
24.5 13 -0.00487152
24.5 13.5 -0.048222
24.5 14 -0.0841422
24.5 14.5 -0.142897
24.5 15 -0.211791
24.5 15.5 -0.250612
24.5 16 -0.246176
24.5 16.5 -0.235019
24.5 17 -0.204643
24.5 17.5 -0.123723
24.5 18 -0.0281583
24.5 18.5 0.0687121
24.5 19 0.153694
24.5 19.5 0.217
24.5 20 0.033505
24.5 20.5 0

25 0 0
25 0.5 -0.00375441
25 1 -0.0246396
25 1.5 0.0500401
25 2 0.0789468
25 2.5 0.0310183
25 3 -0.0268461
25 3.5 -0.00424805
25 4 0.0690542
25 4.5 0.049052
25 5 -0.0825868
25 5.5 -0.209957
25 6 -0.213804
25 6.5 -0.122681
25 7 -0.0478961
25 7.5 -0.0207393
25 8 0.00587495
25 8.5 0.0550628
25 9 0.0908296
25 9.5 0.0469975
25 10 -0.0309559
25 10.5 -0.0367558
25 11 0.0664718
25 11.5 0.148159
25 12 0.115435
25 12.5 0.0250692
25 13 -0.0256248
25 13.5 -0.0471572
25 14 -0.106138
25 14.5 -0.189577
25 15 -0.221331
25 15.5 -0.148751
25 16 -0.020156
25 16.5 0.0411985
25 17 0.0163143
25 17.5 -0.0101622
25 18 0.0251894
25 18.5 0.063553
25 19 0.0430131
25 19.5 0.0099502
25 20 0.00232345
25 20.5 0

25.5 0 0
25.5 0.5 -0.0461186
25.5 1 -0.303698
25.5 1.5 -0.116862
25.5 2 0.0287892
25.5 2.5 0.070414
25.5 3 0.10691
25.5 3.5 0.238621
25.5 4 0.401665
25.5 4.5 0.398495
25.5 5 0.207671
25.5 5.5 -0.00858564
25.5 6 -0.0763726
25.5 6.5 -0.0327404
25.5 7 -0.00668266
25.5 7.5 -0.042432
25.5 8 -0.051028
25.5 8.5 0.00880087
25.5 9 0.0409211
25.5 9.5 -0.0344508
25.5 10 -0.118064
25.5 10.5 -0.090366
25.5 11 0.0437931
25.5 11.5 0.135543
25.5 12 0.100678
25.5 12.5 0.00814118
25.5 13 -0.0185124
25.5 13.5 0.00432718
25.5 14 -0.0292224
25.5 14.5 -0.114056
25.5 15 -0.106062
25.5 15.5 0.0701387
25.5 16 0.300952
25.5 16.5 0.385575
25.5 17 0.294512
25.5 17.5 0.148719
25.5 18 0.0814019
25.5 18.5 0.023677
25.5 19 -0.113489
25.5 19.5 -0.279958
25.5 20 -0.0428407
25.5 20.5 0

26 0 0
26 0.5 0
26 1 -0.0461186
26 1.5 -0.0180095
26 2 0.0043392
26 2.5 0.00969017
26 3 0.0160351
26 3.5 0.0368774
26 4 0.0611887
26 4.5 0.0612409
26 5 0.0313968
26 5.5 -0.00118231
26 6 -0.0112787
26 6.5 -0.00512928
26 7 -0.000736274
26 7.5 -0.00734261
26 8 -0.00866187
26 8.5 0.00238925
26 9 0.00627712
26 9.5 -0.00496217
26 10 -0.0181486
26 10.5 -0.0121898
26 11 0.00639511
26 11.5 0.0203231
26 12 0.0153173
26 12.5 0.00191861
26 13 -0.00308015
26 13.5 -0.000350598
26 14 -0.0043399
26 14.5 -0.0176122
26 15 -0.0161207
26 15.5 0.0113128
26 16 0.0456391
26 16.5 0.058937
26 17 0.0450009
26 17.5 0.0227429
26 18 0.0120537
26 18.5 0.00347556
26 19 -0.0165947
26 19.5 -0.0428407
26 20 0
26 20.5 0

26.5 0 0
26.5 0.5 0
26.5 1 0
26.5 1.5 0
26.5 2 0
26.5 2.5 0
26.5 3 0
26.5 3.5 0
26.5 4 0
26.5 4.5 0
26.5 5 0
26.5 5.5 0
26.5 6 0
26.5 6.5 0
26.5 7 0
26.5 7.5 0
26.5 8 0
26.5 8.5 0
26.5 9 0
26.5 9.5 0
26.5 10 0
26.5 10.5 0
26.5 11 0
26.5 11.5 0
26.5 12 0
26.5 12.5 0
26.5 13 0
26.5 13.5 0
26.5 14 0
26.5 14.5 0
26.5 15 0
26.5 15.5 0
26.5 16 0
26.5 16.5 0
26.5 17 0
26.5 17.5 0
26.5 18 0
26.5 18.5 0
26.5 19 0
26.5 19.5 0
26.5 20 0
26.5 20.5 0

