0 0 0
0 0.5 0
0 1 0
0 1.5 0
0 2 0
0 2.5 0
0 3 0
0 3.5 0
0 4 0
0 4.5 0
0 5 0
0 5.5 0
0 6 0
0 6.5 0
0 7 0
0 7.5 0
0 8 0
0 8.5 0
0 9 0
0 9.5 0
0 10 0
0 10.5 0
0 11 0
0 11.5 0
0 12 0
0 12.5 0
0 13 0
0 13.5 0
0 14 0
0 14.5 0
0 15 0
0 15.5 0
0 16 0
0 16.5 0
0 17 0
0 17.5 0
0 18 0
0 18.5 0
0 19 0
0 19.5 0
0 20 0
0 20.5 0

0.5 0 0
0.5 0.5 0
0.5 1 0.000252438
0.5 1.5 -6.79678e-05
0.5 2 -0.000611053
0.5 2.5 -0.00104268
0.5 3 -0.000930687
0.5 3.5 -0.000535198
0.5 4 0.000206039
0.5 4.5 0.000918341
0.5 5 0.00103276
0.5 5.5 0.00119137
0.5 6 0.00119858
0.5 6.5 0.00115539
0.5 7 0.00124298
0.5 7.5 0.00153021
0.5 8 0.0019921
0.5 8.5 0.00273133
0.5 9 0.0035873
0.5 9.5 0.00315397
0.5 10 0.00315603
0.5 10.5 0.00233237
0.5 11 0.00308263
0.5 11.5 0.00255411
0.5 12 0.00283149
0.5 12.5 0.00253434
0.5 13 0.00190577
0.5 13.5 0.00147279
0.5 14 0.0014026
0.5 14.5 0.00116718
0.5 15 0.00072913
0.5 15.5 0.000836793
0.5 16 0.000821471
0.5 16.5 0.000829402
0.5 17 0.000952232
0.5 17.5 0.000232996
0.5 18 -0.000374832
0.5 18.5 -0.000479269
0.5 19 -0.000719951
0.5 19.5 -0.000660458
0.5 20 0
0.5 20.5 0

1 0 0
1 0.5 0.000252438
1 1 0.00182333
1 1.5 -0.000139865
1 2 -0.00374516
1 2.5 -0.00646652
1 3 -0.00614462
1 3.5 -0.00321284
1 4 0.00207708
1 4.5 0.00527991
1 5 0.00714311
1 5.5 0.00657274
1 6 0.00795584
1 6.5 0.00762634
1 7 0.00798483
1 7.5 0.00931663
1 8 0.0124183
1 8.5 0.0176604
1 9 0.0219167
1 9.5 0.0212709
1 10 0.0185587
1 10.5 0.016366
1 11 0.0175911
1 11.5 0.0174155
1 12 0.0172743
1 12.5 0.0156405
1 13 0.0117182
1 13.5 0.00954387
1 14 0.00855745
1 14.5 0.00638237
1 15 0.00565707
1 15.5 0.00431507
1 16 0.00581925
1 16.5 0.00599885
1 17 0.00584644
1 17.5 0.0018813
1 18 -0.00203297
1 18.5 -0.00406917
1 19 -0.00439177
1 19.5 -0.00402594
1 20 -0.000660458
1 20.5 0

1.5 0 0
1.5 0.5 -0.00018745
1.5 1 -0.000766427
1.5 1.5 -0.000758836
1.5 2 -0.00190359
1.5 2.5 -0.00264321
1.5 3 -0.00313941
1.5 3.5 0.000162309
1.5 4 0.00346296
1.5 4.5 0.00379495
1.5 5 0.00523119
1.5 5.5 0.00389937
1.5 6 0.00591139
1.5 6.5 0.00757223
1.5 7 0.00692098
1.5 7.5 0.00691199
1.5 8 0.00780235
1.5 8.5 0.0115332
1.5 9 0.0102076
1.5 9.5 0.0123144
1.5 10 0.00714946
1.5 10.5 0.00981214
1.5 11 0.0046432
1.5 11.5 0.0106279
1.5 12 0.00829919
1.5 12.5 0.00871089
1.5 13 0.00793314
1.5 13.5 0.00822126
1.5 14 0.00623678
1.5 14.5 0.00578735
1.5 15 0.00621509
1.5 15.5 0.00353748
1.5 16 0.0050602
1.5 16.5 0.00477942
1.5 17 0.00233358
1.5 17.5 0.00190686
1.5 18 -0.000931862
1.5 18.5 -0.00449763
1.5 19 -0.00310989
1.5 19.5 -0.00282954
1.5 20 -0.000458762
1.5 20.5 0

2 0 0
2 0.5 -0.000343784
2 1 -0.00270177
2 1.5 -0.00272071
2 2 -0.000459647
2 2.5 -0.00147799
2 3 -0.000294429
2 3.5 0.00155642
2 4 0.00323736
2 4.5 0.000735204
2 5 -0.000334342
2 5.5 0.00307684
2 6 0.00388872
2 6.5 0.00688277
2 7 0.00599153
2 7.5 0.00601043
2 8 0.00739229
2 8.5 0.00548041
2 9 0.00445979
2 9.5 0.00372463
2 10 0.00298987
2 10.5 0.00184099
2 11 0.00278712
2 11.5 0.00227343
2 12 0.00398172
2 12.5 0.00424965
2 13 0.00585683
2 13.5 0.00782576
2 14 0.00655628
2 14.5 0.0077474
2 15 0.00465203
2 15.5 0.00464085
2 16 0.00211255
2 16.5 -0.000693141
2 17 -0.00162126
2 17.5 -0.0028117
2 18 -0.00181733
2 18.5 -0.00244473
2 19 -0.000179952
2 19.5 -0.000896449
2 20 -0.000226514
2 20.5 0

2.5 0 0
2.5 0.5 -0.000514407
2.5 1 -0.0036331
2.5 1.5 -0.00114564
2.5 2 0.000993991
2.5 2.5 0.00298189
2.5 3 0.00194508
2.5 3.5 0.00056317
2.5 4 -0.00162883
2.5 4.5 -0.00146989
2.5 5 -0.00342369
2.5 5.5 -0.0013653
2.5 6 0.00113477
2.5 6.5 0.00329513
2.5 7 0.00440718
2.5 7.5 0.00279206
2.5 8 0.00242736
2.5 8.5 -0.00134426
2.5 9 -0.00345202
2.5 9.5 -0.00337986
2.5 10 -0.00587749
2.5 10.5 -0.0028232
2.5 11 -0.00479822
2.5 11.5 -0.00311802
2.5 12 -0.00203343
2.5 12.5 -0.000873057
2.5 13 0.00268959
2.5 13.5 0.00384715
2.5 14 0.00358763
2.5 14.5 0.0036194
2.5 15 0.0029545
2.5 15.5 0.00169553
2.5 16 -0.0039629
2.5 16.5 -0.00625324
2.5 17 -0.00749283
2.5 17.5 -0.00370817
2.5 18 -0.000865489
2.5 18.5 0.000108238
2.5 19 0.00113326
2.5 19.5 0.0022143
2.5 20 0.000385035
2.5 20.5 0

3 0 0
3 0.5 -0.000778042
3 1 -0.00482132
3 1.5 -0.000675439
3 2 0.00285644
3 2.5 0.0049723
3 3 0.00435798
3 3.5 0.00188337
3 4 -0.00120624
3 4.5 -0.00385114
3 5 -0.00541219
3 5.5 -0.0011574
3 6 0.000480991
3 6.5 0.00117639
3 7 0.0012642
3 7.5 0.000580658
3 8 -0.00131377
3 8.5 -0.00290588
3 9 -0.00425703
3 9.5 -0.0030645
3 10 -0.000742294
3 10.5 0.00183388
3 11 -0.00119843
3 11.5 -0.00162709
3 12 -0.00328246
3 12.5 0.000112103
3 13 0.000903105
3 13.5 0.00193477
3 14 0.00166521
3 14.5 0.000109695
3 15 -0.000972375
3 15.5 -0.00189328
3 16 -0.00526395
3 16.5 -0.00738422
3 17 -0.00711827
3 17.5 -0.00287642
3 18 0.000949183
3 18.5 0.00338759
3 19 0.00169538
3 19.5 0.00215114
3 20 0.000471732
3 20.5 0

3.5 0 0
3.5 0.5 -0.000989006
3.5 1 -0.00628944
3.5 1.5 -0.00163577
3.5 2 0.00213792
3.5 2.5 0.0064896
3.5 3 0.0069157
3.5 3.5 0.00445054
3.5 4 0.00260791
3.5 4.5 -0.00097161
3.5 5 -0.00101817
3.5 5.5 -0.000925408
3.5 6 -0.00274532
3.5 6.5 -0.00164519
3.5 7 -0.00413881
3.5 7.5 -0.00478416
3.5 8 -0.00411116
3.5 8.5 -0.00853354
3.5 9 -0.00699234
3.5 9.5 -0.00706656
3.5 10 -0.00427661
3.5 10.5 -0.000822073
3.5 11 -0.00162945
3.5 11.5 -0.00388391
3.5 12 -0.0051012
3.5 12.5 -0.00821686
3.5 13 -0.00428976
3.5 13.5 -0.00271319
3.5 14 -0.00446428
3.5 14.5 -0.00276018
3.5 15 -0.00171386
3.5 15.5 -0.00147209
3.5 16 -0.00279753
3.5 16.5 -0.00314143
3.5 17 -0.00197045
3.5 17.5 0.00115185
3.5 18 0.00328972
3.5 18.5 0.0034822
3.5 19 0.0018182
3.5 19.5 -0.00137256
3.5 20 -0.00010965
3.5 20.5 0

4 0 0
4 0.5 -0.00102834
4 1 -0.00608191
4 1.5 -0.0002442
4 2 0.0038378
4 2.5 0.00538844
4 3 0.0063519
4 3.5 0.00441618
4 4 0.00249537
4 4.5 0.00169012
4 5 0.00223456
4 5.5 0.00169473
4 6 -0.00162015
4 6.5 -0.00537057
4 7 -0.0102197
4 7.5 -0.0115608
4 8 -0.0118688
4 8.5 -0.0121243
4 9 -0.0116245
4 9.5 -0.00942467
4 10 -0.00390979
4 10.5 -0.00125401
4 11 -0.00296489
4 11.5 -0.0066133
4 12 -0.00975567
4 12.5 -0.0109169
4 13 -0.00984392
4 13.5 -0.0083098
4 14 -0.00868199
4 14.5 -0.00805401
4 15 -0.00395492
4 15.5 -0.000559247
4 16 0.000621768
4 16.5 0.00108184
4 17 0.00165082
4 17.5 0.00505817
4 18 0.00558031
4 18.5 0.00391232
4 19 0.000549777
4 19.5 -0.00356756
4 20 -0.000593198
4 20.5 0

4.5 0 0
4.5 0.5 -0.000180985
4.5 1 -0.000389223
4.5 1.5 0.00296177
4.5 2 0.00118662
4.5 2.5 0.00461754
4.5 3 0.00131529
4.5 3.5 -0.000684379
4.5 4 0.000887349
4.5 4.5 -0.000332449
4.5 5 0.00269945
4.5 5.5 -0.00176989
4.5 6 -0.00562291
4.5 6.5 -0.00869013
4.5 7 -0.0168617
4.5 7.5 -0.0167592
4.5 8 -0.0180335
4.5 8.5 -0.0153232
4.5 9 -0.0136947
4.5 9.5 -0.0103528
4.5 10 -0.0122219
4.5 10.5 -0.00366512
4.5 11 -0.00894629
4.5 11.5 -0.00781482
4.5 12 -0.0140965
4.5 12.5 -0.0161779
4.5 13 -0.018075
4.5 13.5 -0.0158636
4.5 14 -0.0168935
4.5 14.5 -0.0115292
4.5 15 -0.00528823
4.5 15.5 -0.00286803
4.5 16 0.0018451
4.5 16.5 0.000919449
4.5 17 0.00281059
4.5 17.5 0.00695349
4.5 18 0.00415578
4.5 18.5 0.00397788
4.5 19 0.000979618
4.5 19.5 -0.00232075
4.5 20 -0.000283413
4.5 20.5 0

5 0 0
5 0.5 0.0012138
5 1 0.00863327
5 1.5 0.00814475
5 2 0.00494982
5 2.5 -0.00131252
5 3 -0.00379737
5 3.5 -0.00603795
5 4 -0.0058663
5 4.5 -0.00660127
5 5 -0.00556693
5 5.5 -0.00620264
5 6 -0.0110363
5 6.5 -0.015875
5 7 -0.018261
5 7.5 -0.0184924
5 8 -0.0146189
5 8.5 -0.0152226
5 9 -0.0165617
5 9.5 -0.0134828
5 10 -0.00990906
5 10.5 -0.00890683
5 11 -0.0103612
5 11.5 -0.0119623
5 12 -0.0160179
5 12.5 -0.0183482
5 13 -0.0189169
5 13.5 -0.0198369
5 14 -0.0193674
5 14.5 -0.0168558
5 15 -0.0137067
5 15.5 -0.0098569
5 16 -0.00437933
5 16.5 -0.00217364
5 17 0.00105877
5 17.5 0.00333184
5 18 0.00415604
5 18.5 0.00256904
5 19 0.00434614
5 19.5 0.00415803
5 20 0.000645213
5 20.5 0

5.5 0 0
5.5 0.5 0.0023687
5.5 1 0.0162345
5.5 1.5 0.0117651
5.5 2 0.00274669
5.5 2.5 -0.00135993
5.5 3 -0.00589505
5.5 3.5 -0.0108473
5.5 4 -0.0120285
5.5 4.5 -0.0146066
5.5 5 -0.0101684
5.5 5.5 -0.0127305
5.5 6 -0.0156211
5.5 6.5 -0.018981
5.5 7 -0.0174379
5.5 7.5 -0.019522
5.5 8 -0.0158283
5.5 8.5 -0.0170846
5.5 9 -0.016585
5.5 9.5 -0.0164661
5.5 10 -0.0187973
5.5 10.5 -0.0141533
5.5 11 -0.0175938
5.5 11.5 -0.0184458
5.5 12 -0.0200275
5.5 12.5 -0.0222127
5.5 13 -0.0205789
5.5 13.5 -0.0216888
5.5 14 -0.0192491
5.5 14.5 -0.0173058
5.5 15 -0.0141655
5.5 15.5 -0.0146605
5.5 16 -0.0109777
5.5 16.5 -0.008944
5.5 17 -0.00438571
5.5 17.5 -0.00179847
5.5 18 0.00280895
5.5 18.5 0.00457183
5.5 19 0.00779616
5.5 19.5 0.0102488
5.5 20 0.00167674
5.5 20.5 0

6 0 0
6 0.5 0.00244972
6 1 0.0170391
6 1.5 0.0118116
6 2 0.00478349
6 2.5 8.3405e-05
6 3 -0.00691328
6 3.5 -0.00914008
6 4 -0.0127311
6 4.5 -0.0140706
6 5 -0.0122593
6 5.5 -0.0126572
6 6 -0.0126489
6 6.5 -0.0163417
6 7 -0.0160677
6 7.5 -0.0150582
6 8 -0.0121043
6 8.5 -0.014543
6 9 -0.0191054
6 9.5 -0.0227232
6 10 -0.0233269
6 10.5 -0.0246335
6 11 -0.0254899
6 11.5 -0.0240533
6 12 -0.0217687
6 12.5 -0.0203668
6 13 -0.0176689
6 13.5 -0.0158508
6 14 -0.0119814
6 14.5 -0.0112734
6 15 -0.0119324
6 15.5 -0.0138223
6 16 -0.014361
6 16.5 -0.0112162
6 17 -0.00620176
6 17.5 -0.00113331
6 18 0.000402861
6 18.5 0.00479647
6 19 0.00982873
6 19.5 0.0129444
6 20 0.00199593
6 20.5 0

6.5 0 0
6.5 0.5 0.00213216
6.5 1 0.0138616
6.5 1.5 0.00866441
6.5 2 0.00412654
6.5 2.5 -0.000963562
6.5 3 -0.00171336
6.5 3.5 -0.0058271
6.5 4 -0.00798942
6.5 4.5 -0.0117271
6.5 5 -0.0102983
6.5 5.5 -0.0108279
6.5 6 -0.0117312
6.5 6.5 -0.0148143
6.5 7 -0.013796
6.5 7.5 -0.0140731
6.5 8 -0.0139098
6.5 8.5 -0.0159076
6.5 9 -0.0190509
6.5 9.5 -0.0261478
6.5 10 -0.0313451
6.5 10.5 -0.0334316
6.5 11 -0.0301667
6.5 11.5 -0.0262256
6.5 12 -0.021571
6.5 12.5 -0.0210452
6.5 13 -0.0178734
6.5 13.5 -0.0136028
6.5 14 -0.0122154
6.5 14.5 -0.00866017
6.5 15 -0.00774055
6.5 15.5 -0.0123432
6.5 16 -0.0131318
6.5 16.5 -0.0112989
6.5 17 -0.00588291
6.5 17.5 -0.00311465
6.5 18 0.00181338
6.5 18.5 0.00295743
6.5 19 0.00862479
6.5 19.5 0.0129886
6.5 20 0.00210722
6.5 20.5 0

7 0 0
7 0.5 0.00146745
7 1 0.0105999
7 1.5 0.00824923
7 2 0.00689699
7 2.5 0.00366767
7 3 -0.00116481
7 3.5 -0.00198817
7 4 -0.00661894
7 4.5 -0.0103742
7 5 -0.0116252
7 5.5 -0.0128268
7 6 -0.0134514
7 6.5 -0.0141798
7 7 -0.0143545
7 7.5 -0.013071
7 8 -0.0127988
7 8.5 -0.0139474
7 9 -0.0223582
7 9.5 -0.0283789
7 10 -0.0294637
7 10.5 -0.0326415
7 11 -0.0295381
7 11.5 -0.0257202
7 12 -0.0223055
7 12.5 -0.0177395
7 13 -0.0170214
7 13.5 -0.0126015
7 14 -0.0105392
7 14.5 -0.00864917
7 15 -0.0111761
7 15.5 -0.0121336
7 16 -0.0132167
7 16.5 -0.0116138
7 17 -0.00629375
7 17.5 -0.000511593
7 18 0.0022004
7 18.5 0.00457721
7 19 0.0103082
7 19.5 0.0121645
7 20 0.00181677
7 20.5 0

7.5 0 0
7.5 0.5 0.00118918
7.5 1 0.00865708
7.5 1.5 0.0090182
7.5 2 0.00633808
7.5 2.5 0.004737
7.5 3 0.00174766
7.5 3.5 -0.00341267
7.5 4 -0.00756156
7.5 4.5 -0.0132531
7.5 5 -0.0158503
7.5 5.5 -0.0188133
7.5 6 -0.0186476
7.5 6.5 -0.0221966
7.5 7 -0.0207938
7.5 7.5 -0.0193249
7.5 8 -0.0195506
7.5 8.5 -0.0224387
7.5 9 -0.0260382
7.5 9.5 -0.0304947
7.5 10 -0.0358115
7.5 10.5 -0.031946
7.5 11 -0.0304136
7.5 11.5 -0.0259326
7.5 12 -0.0238127
7.5 12.5 -0.0225169
7.5 13 -0.0219546
7.5 13.5 -0.0217727
7.5 14 -0.0194629
7.5 14.5 -0.019247
7.5 15 -0.0160369
7.5 15.5 -0.0170262
7.5 16 -0.0157557
7.5 16.5 -0.0133117
7.5 17 -0.00668911
7.5 17.5 -0.00107442
7.5 18 0.00344456
7.5 18.5 0.00674766
7.5 19 0.00972109
7.5 19.5 0.0116608
7.5 20 0.0018669
7.5 20.5 0

8 0 0
8 0.5 0.000854478
8 1 0.00650462
8 1.5 0.00840159
8 2 0.00920094
8 2.5 0.00743709
8 3 0.00438346
8 3.5 -0.00214552
8 4 -0.00680995
8 4.5 -0.0141234
8 5 -0.0165295
8 5.5 -0.0223034
8 6 -0.023595
8 6.5 -0.0271627
8 7 -0.0251762
8 7.5 -0.0249637
8 8 -0.0230349
8 8.5 -0.0246357
8 9 -0.028848
8 9.5 -0.0317688
8 10 -0.0290953
8 10.5 -0.0325195
8 11 -0.0259836
8 11.5 -0.0238821
8 12 -0.0223608
8 12.5 -0.024945
8 13 -0.0268235
8 13.5 -0.0273425
8 14 -0.026369
8 14.5 -0.0270721
8 15 -0.0225381
8 15.5 -0.0195802
8 16 -0.0139855
8 16.5 -0.0118474
8 17 -0.00358328
8 17.5 0.00186003
8 18 0.00621434
8 18.5 0.00761388
8 19 0.0101875
8 19.5 0.0093964
8 20 0.0013882
8 20.5 0

8.5 0 0
8.5 0.5 0.000689451
8.5 1 0.00363107
8.5 1.5 0.00575619
8.5 2 0.00709111
8.5 2.5 0.00744462
8.5 3 0.00603408
8.5 3.5 -0.000173475
8.5 4 -0.00399288
8.5 4.5 -0.00971926
8.5 5 -0.0117862
8.5 5.5 -0.0186306
8.5 6 -0.0208196
8.5 6.5 -0.0259014
8.5 7 -0.0281616
8.5 7.5 -0.0272782
8.5 8 -0.0287825
8.5 8.5 -0.0281125
8.5 9 -0.0310519
8.5 9.5 -0.0332026
8.5 10 -0.034969
8.5 10.5 -0.0302439
8.5 11 -0.0282539
8.5 11.5 -0.0237006
8.5 12 -0.0250941
8.5 12.5 -0.0265483
8.5 13 -0.0296415
8.5 13.5 -0.0311106
8.5 14 -0.0286473
8.5 14.5 -0.0268162
8.5 15 -0.0186006
8.5 15.5 -0.015482
8.5 16 -0.00971804
8.5 16.5 -0.00620756
8.5 17 -0.00109461
8.5 17.5 0.00338513
8.5 18 0.00644915
8.5 18.5 0.00764904
8.5 19 0.00797981
8.5 19.5 0.00640373
8.5 20 0.000988824
8.5 20.5 0

9 0 0
9 0.5 0.000317958
9 1 0.00212534
9 1.5 0.00557764
9 2 0.00616678
9 2.5 0.00893778
9 3 0.00448366
9 3.5 0.00147747
9 4 -0.00474435
9 4.5 -0.00869858
9 5 -0.0104817
9 5.5 -0.0173278
9 6 -0.0205814
9 6.5 -0.0263356
9 7 -0.0285528
9 7.5 -0.0296246
9 8 -0.028454
9 8.5 -0.0315353
9 9 -0.0320322
9 9.5 -0.0370193
9 10 -0.0342407
9 10.5 -0.0312344
9 11 -0.0266554
9 11.5 -0.027104
9 12 -0.0252864
9 12.5 -0.0293738
9 13 -0.0294914
9 13.5 -0.0305551
9 14 -0.0283285
9 14.5 -0.0278594
9 15 -0.0198147
9 15.5 -0.0138443
9 16 -0.00917354
9 16.5 -0.00672726
9 17 -0.00367002
9 17.5 0.00454638
9 18 0.00713664
9 18.5 0.00903875
9 19 0.0053829
9 19.5 0.00398975
9 20 0.000896584
9 20.5 0

9.5 0 0
9.5 0.5 0.000691532
9.5 1 0.0037571
9.5 1.5 0.00610297
9.5 2 0.0079978
9.5 2.5 0.00672714
9.5 3 0.00316933
9.5 3.5 -0.000699612
9.5 4 -0.00511021
9.5 4.5 -0.0092096
9.5 5 -0.0132218
9.5 5.5 -0.0177512
9.5 6 -0.0195865
9.5 6.5 -0.0264987
9.5 7 -0.027711
9.5 7.5 -0.0255962
9.5 8 -0.0259352
9.5 8.5 -0.0271732
9.5 9 -0.0323581
9.5 9.5 -0.0344265
9.5 10 -0.0353831
9.5 10.5 -0.0323851
9.5 11 -0.0273264
9.5 11.5 -0.0244766
9.5 12 -0.0271013
9.5 12.5 -0.026548
9.5 13 -0.0288774
9.5 13.5 -0.0273237
9.5 14 -0.026467
9.5 14.5 -0.0259328
9.5 15 -0.0195664
9.5 15.5 -0.013863
9.5 16 -0.0100051
9.5 16.5 -0.00841198
9.5 17 -0.00498465
9.5 17.5 0.00149316
9.5 18 0.00702003
9.5 18.5 0.010797
9.5 19 0.00858909
9.5 19.5 0.00455223
9.5 20 0.000710758
9.5 20.5 0

10 0 0
10 0.5 0.000954747
10 1 0.00699653
10 1.5 0.00936576
10 2 0.00912337
10 2.5 0.00860718
10 3 0.00122383
10 3.5 -0.00399726
10 4 -0.0118711
10 4.5 -0.0150106
10 5 -0.0187446
10 5.5 -0.0195846
10 6 -0.0233538
10 6.5 -0.0255851
10 7 -0.0255084
10 7.5 -0.0251481
10 8 -0.0216391
10 8.5 -0.023947
10 9 -0.0264953
10 9.5 -0.0332712
10 10 -0.0335926
10 10.5 -0.0314448
10 11 -0.0270441
10 11.5 -0.024636
10 12 -0.0225568
10 12.5 -0.0251047
10 13 -0.0232383
10 13.5 -0.0241461
10 14 -0.0241018
10 14.5 -0.0243054
10 15 -0.0237612
10 15.5 -0.0170528
10 16 -0.0174556
10 16.5 -0.0122178
10 17 -0.00970154
10 17.5 -0.00165843
10 18 0.00677206
10 18.5 0.0123197
10 19 0.00968792
10 19.5 0.0073257
10 20 0.00128086
10 20.5 0

10.5 0 0
10.5 0.5 0.00113627
10.5 1 0.00765427
10.5 1.5 0.00989933
10.5 2 0.0107994
10.5 2.5 0.00765092
10.5 3 0.00300606
10.5 3.5 -0.0036531
10.5 4 -0.0120104
10.5 4.5 -0.0157146
10.5 5 -0.0222366
10.5 5.5 -0.0232197
10.5 6 -0.0235826
10.5 6.5 -0.0269402
10.5 7 -0.0229169
10.5 7.5 -0.0213118
10.5 8 -0.0192933
10.5 8.5 -0.0208777
10.5 9 -0.0262203
10.5 9.5 -0.0305604
10.5 10 -0.037075
10.5 10.5 -0.0341973
10.5 11 -0.0321862
10.5 11.5 -0.0285241
10.5 12 -0.0276116
10.5 12.5 -0.0225843
10.5 13 -0.0210847
10.5 13.5 -0.0217081
10.5 14 -0.0203676
10.5 14.5 -0.0231733
10.5 15 -0.0220975
10.5 15.5 -0.0170665
10.5 16 -0.0168353
10.5 16.5 -0.0116239
10.5 17 -0.00901892
10.5 17.5 -0.00211864
10.5 18 0.00901256
10.5 18.5 0.0117014
10.5 19 0.0102173
10.5 19.5 0.00726601
10.5 20 0.00115557
10.5 20.5 0

11 0 0
11 0.5 0.000705341
11 1 0.00510431
11 1.5 0.00748028
11 2 0.0110826
11 2.5 0.0116671
11 3 0.00629447
11 3.5 0.00311461
11 4 -0.00662297
11 4.5 -0.0158423
11 5 -0.0197738
11 5.5 -0.025514
11 6 -0.0263788
11 6.5 -0.0277695
11 7 -0.0252294
11 7.5 -0.0223946
11 8 -0.0194176
11 8.5 -0.0189925
11 9 -0.0244268
11 9.5 -0.0329978
11 10 -0.0362491
11 10.5 -0.0404962
11 11 -0.0351811
11 11.5 -0.0313768
11 12 -0.0284951
11 12.5 -0.0236023
11 13 -0.0223638
11 13.5 -0.0207084
11 14 -0.0205518
11 14.5 -0.0220413
11 15 -0.0209325
11 15.5 -0.0176506
11 16 -0.0104624
11 16.5 -0.0075093
11 17 -0.0027429
11 17.5 0.00421084
11 18 0.00877989
11 18.5 0.0130334
11 19 0.0102001
11 19.5 0.00361758
11 20 0.000398866
11 20.5 0

11.5 0 0
11.5 0.5 0.000410758
11.5 1 0.0032065
11.5 1.5 0.00708739
11.5 2 0.0103646
11.5 2.5 0.0121433
11.5 3 0.00904075
11.5 3.5 0.0023915
11.5 4 -0.00488298
11.5 4.5 -0.0128948
11.5 5 -0.0174235
11.5 5.5 -0.0239294
11.5 6 -0.028232
11.5 6.5 -0.031516
11.5 7 -0.0292816
11.5 7.5 -0.0276866
11.5 8 -0.0239363
11.5 8.5 -0.0257349
11.5 9 -0.0263685
11.5 9.5 -0.0365973
11.5 10 -0.041182
11.5 10.5 -0.0452248
11.5 11 -0.0409548
11.5 11.5 -0.0398002
11.5 12 -0.0315603
11.5 12.5 -0.0306194
11.5 13 -0.0256307
11.5 13.5 -0.0252691
11.5 14 -0.0251007
11.5 14.5 -0.0248396
11.5 15 -0.022017
11.5 15.5 -0.0158904
11.5 16 -0.00870966
11.5 16.5 -0.00335282
11.5 17 0.00238142
11.5 17.5 0.00610829
11.5 18 0.0103934
11.5 18.5 0.00956012
11.5 19 0.00579942
11.5 19.5 0.00157034
11.5 20 0.000289657
11.5 20.5 0

12 0 0
12 0.5 0.000588094
12 1 0.00430092
12 1.5 0.00718534
12 2 0.0100009
12 2.5 0.0123241
12 3 0.00872474
12 3.5 0.00422547
12 4 -0.00403663
12 4.5 -0.0107888
12 5 -0.0154732
12 5.5 -0.0238721
12 6 -0.0272318
12 6.5 -0.0320977
12 7 -0.031531
12 7.5 -0.0304345
12 8 -0.025161
12 8.5 -0.0251512
12 9 -0.0272888
12 9.5 -0.0340861
12 10 -0.0409148
12 10.5 -0.044709
12 11 -0.0390238
12 11.5 -0.0337132
12 12 -0.0308618
12 12.5 -0.0284968
12 13 -0.0271247
12 13.5 -0.0302356
12 14 -0.0276533
12 14.5 -0.0279138
12 15 -0.0235995
12 15.5 -0.0174581
12 16 -0.00719
12 16.5 -1.98415e-05
12 17 0.00537979
12 17.5 0.00931712
12 18 0.0101672
12 18.5 0.0103576
12 19 0.00575834
12 19.5 0.00196696
12 20 0.000324743
12 20.5 0

12.5 0 0
12.5 0.5 0.00130002
12.5 1 0.00846413
12.5 1.5 0.00820246
12.5 2 0.0102757
12.5 2.5 0.00800025
12.5 3 0.00456798
12.5 3.5 -0.000702984
12.5 4 -0.00721704
12.5 4.5 -0.0109637
12.5 5 -0.0145884
12.5 5.5 -0.021119
12.5 6 -0.0250079
12.5 6.5 -0.0329468
12.5 7 -0.0294554
12.5 7.5 -0.0282936
12.5 8 -0.024947
12.5 8.5 -0.0246234
12.5 9 -0.0244815
12.5 9.5 -0.0339925
12.5 10 -0.0369545
12.5 10.5 -0.0408237
12.5 11 -0.0343707
12.5 11.5 -0.0317461
12.5 12 -0.0234164
12.5 12.5 -0.023658
12.5 13 -0.026343
12.5 13.5 -0.0325855
12.5 14 -0.0280795
12.5 14.5 -0.029105
12.5 15 -0.0248981
12.5 15.5 -0.0177491
12.5 16 -0.0083705
12.5 16.5 -0.000219176
12.5 17 0.00496071
12.5 17.5 0.0055082
12.5 18 0.00715987
12.5 18.5 0.0085809
12.5 19 0.00619666
12.5 19.5 0.00609124
12.5 20 0.0010037
12.5 20.5 0

13 0 0
13 0.5 0.00173457
13 1 0.0115098
13 1.5 0.00907379
13 2 0.00840737
13 2.5 0.00552984
13 3 0.0010631
13 3.5 -0.00419741
13 4 -0.00979638
13 4.5 -0.0123664
13 5 -0.013288
13 5.5 -0.0188197
13 6 -0.0194749
13 6.5 -0.0256294
13 7 -0.0209223
13 7.5 -0.0257418
13 8 -0.0247622
13 8.5 -0.0270481
13 9 -0.0274888
13 9.5 -0.0349032
13 10 -0.0387787
13 10.5 -0.0400307
13 11 -0.0339635
13 11.5 -0.0283076
13 12 -0.020139
13 12.5 -0.0204052
13 13 -0.0217426
13 13.5 -0.0291449
13 14 -0.0244182
13 14.5 -0.0268164
13 15 -0.0210221
13 15.5 -0.0171448
13 16 -0.0100249
13 16.5 -0.00277784
13 17 0.00191569
13 17.5 0.00447199
13 18 0.00462698
13 18.5 0.003351
13 19 0.00686066
13 19.5 0.0100541
13 20 0.00163947
13 20.5 0

13.5 0 0
13.5 0.5 0.0018073
13.5 1 0.0116449
13.5 1.5 0.00957289
13.5 2 0.00827131
13.5 2.5 0.00280339
13.5 3 -0.0020067
13.5 3.5 -0.00587157
13.5 4 -0.00969997
13.5 4.5 -0.0112459
13.5 5 -0.0105061
13.5 5.5 -0.0147999
13.5 6 -0.016452
13.5 6.5 -0.0190642
13.5 7 -0.019649
13.5 7.5 -0.0227373
13.5 8 -0.0248157
13.5 8.5 -0.026907
13.5 9 -0.0316302
13.5 9.5 -0.0358718
13.5 10 -0.0385675
13.5 10.5 -0.040022
13.5 11 -0.0333522
13.5 11.5 -0.0254967
13.5 12 -0.0203608
13.5 12.5 -0.016284
13.5 13 -0.0197113
13.5 13.5 -0.0252445
13.5 14 -0.0217171
13.5 14.5 -0.0209716
13.5 15 -0.016566
13.5 15.5 -0.0145598
13.5 16 -0.0091769
13.5 16.5 -0.00407031
13.5 17 -0.000914612
13.5 17.5 -0.000642061
13.5 18 0.000136318
13.5 18.5 0.00478098
13.5 19 0.0087665
13.5 19.5 0.013299
13.5 20 0.0019562
13.5 20.5 0

14 0 0
14 0.5 0.0017636
14 1 0.0112543
14 1.5 0.00797553
14 2 0.00601238
14 2.5 0.00454159
14 3 -0.00197676
14 3.5 -0.0051145
14 4 -0.00780579
14 4.5 -0.00908762
14 5 -0.00955054
14 5.5 -0.0108366
14 6 -0.0148969
14 6.5 -0.016556
14 7 -0.0181843
14 7.5 -0.0237612
14 8 -0.0257048
14 8.5 -0.0319139
14 9 -0.0323558
14 9.5 -0.0381073
14 10 -0.0397489
14 10.5 -0.039418
14 11 -0.0340044
14 11.5 -0.0291602
14 12 -0.0191935
14 12.5 -0.0221013
14 13 -0.0197299
14 13.5 -0.0209367
14 14 -0.0184377
14 14.5 -0.0139715
14 15 -0.0117512
14 15.5 -0.010873
14 16 -0.00952896
14 16.5 -0.00558025
14 17 -0.00552606
14 17.5 -0.00295102
14 18 -0.00217256
14 18.5 0.00304442
14 19 0.00910004
14 19.5 0.0159605
14 20 0.00247371
14 20.5 0

14.5 0 0
14.5 0.5 0.00153749
14.5 1 0.00965425
14.5 1.5 0.00821021
14.5 2 0.00878619
14.5 2.5 0.0054234
14.5 3 0.00167074
14.5 3.5 -0.00427311
14.5 4 -0.00898685
14.5 4.5 -0.0116212
14.5 5 -0.0151916
14.5 5.5 -0.0158866
14.5 6 -0.0177374
14.5 6.5 -0.0207503
14.5 7 -0.0220244
14.5 7.5 -0.0270019
14.5 8 -0.0318605
14.5 8.5 -0.03169
14.5 9 -0.0343141
14.5 9.5 -0.0307089
14.5 10 -0.0302268
14.5 10.5 -0.0327412
14.5 11 -0.0315877
14.5 11.5 -0.0270561
14.5 12 -0.0243449
14.5 12.5 -0.0194004
14.5 13 -0.0216369
14.5 13.5 -0.0240521
14.5 14 -0.0198514
14.5 14.5 -0.0159302
14.5 15 -0.0152479
14.5 15.5 -0.0135215
14.5 16 -0.0142249
14.5 16.5 -0.0118564
14.5 17 -0.00889179
14.5 17.5 -0.00596222
14.5 18 -0.00052956
14.5 18.5 0.00482171
14.5 19 0.0114192
14.5 19.5 0.0176621
14.5 20 0.00261543
14.5 20.5 0

15 0 0
15 0.5 0.00137515
15 1 0.00845289
15 1.5 0.00613665
15 2 0.00771095
15 2.5 0.00900901
15 3 0.00688314
15 3.5 0.000630875
15 4 -0.00584472
15 4.5 -0.0104446
15 5 -0.0158205
15 5.5 -0.0165793
15 6 -0.0215807
15 6.5 -0.022345
15 7 -0.026714
15 7.5 -0.0295812
15 8 -0.033768
15 8.5 -0.0357126
15 9 -0.0302426
15 9.5 -0.0293196
15 10 -0.0281045
15 10.5 -0.031717
15 11 -0.0306819
15 11.5 -0.0297907
15 12 -0.0262664
15 12.5 -0.0276614
15 13 -0.0244634
15 13.5 -0.0246331
15 14 -0.0220503
15 14.5 -0.0149079
15 15 -0.0153276
15 15.5 -0.0140442
15 16 -0.014319
15 16.5 -0.00917977
15 17 -0.00588009
15 17.5 -0.0024844
15 18 0.0010167
15 18.5 0.00609653
15 19 0.012478
15 19.5 0.0160523
15 20 0.00237882
15 20.5 0

15.5 0 0
15.5 0.5 0.00063
15.5 1 0.00385063
15.5 1.5 0.00505324
15.5 2 0.00984856
15.5 2.5 0.00867952
15.5 3 0.00974459
15.5 3.5 0.00388963
15.5 4 -0.00340274
15.5 4.5 -0.00786766
15.5 5 -0.0144055
15.5 5.5 -0.0165186
15.5 6 -0.0192353
15.5 6.5 -0.0247415
15.5 7 -0.0265527
15.5 7.5 -0.0296889
15.5 8 -0.0326131
15.5 8.5 -0.0355161
15.5 9 -0.0298847
15.5 9.5 -0.0262961
15.5 10 -0.0217311
15.5 10.5 -0.0269589
15.5 11 -0.0279482
15.5 11.5 -0.0337607
15.5 12 -0.0280568
15.5 12.5 -0.026942
15.5 13 -0.0240581
15.5 13.5 -0.0249926
15.5 14 -0.0204901
15.5 14.5 -0.0186145
15.5 15 -0.0149983
15.5 15.5 -0.00961722
15.5 16 -0.0103167
15.5 16.5 -0.00487306
15.5 17 -0.00181414
15.5 17.5 -0.000430205
15.5 18 0.00540094
15.5 18.5 0.00689804
15.5 19 0.00914955
15.5 19.5 0.00989327
15.5 20 0.00143359
15.5 20.5 0

16 0 0
16 0.5 0.000319132
16 1 0.0021951
16 1.5 0.00242993
16 2 0.00706341
16 2.5 0.0106894
16 3 0.0111658
16 3.5 0.00571386
16 4 0.000666762
16 4.5 -0.00788439
16 5 -0.0104597
16 5.5 -0.0167605
16 6 -0.0174663
16 6.5 -0.0248412
16 7 -0.0270582
16 7.5 -0.0299784
16 8 -0.0338842
16 8.5 -0.0325228
16 9 -0.0281401
16 9.5 -0.0227737
16 10 -0.0222117
16 10.5 -0.0242014
16 11 -0.026957
16 11.5 -0.0307864
16 12 -0.0314708
16 12.5 -0.0293956
16 13 -0.0262823
16 13.5 -0.0264796
16 14 -0.0229003
16 14.5 -0.0204468
16 15 -0.011993
16 15.5 -0.00856011
16 16 -0.00304292
16 16.5 -0.000707445
16 17 0.00559873
16 17.5 0.00593935
16 18 0.00652776
16 18.5 0.00768222
16 19 0.00640814
16 19.5 0.00332798
16 20 0.000355188
16 20.5 0

16.5 0 0
16.5 0.5 0.0006034
16.5 1 0.00344886
16.5 1.5 0.00246656
16.5 2 0.00626346
16.5 2.5 0.00632808
16.5 3 0.00508461
16.5 3.5 0.00426715
16.5 4 0.00277958
16.5 4.5 -0.000581626
16.5 5 -0.00699381
16.5 5.5 -0.011007
16.5 6 -0.0146938
16.5 6.5 -0.0215071
16.5 7 -0.0235027
16.5 7.5 -0.0232237
16.5 8 -0.0241379
16.5 8.5 -0.0264514
16.5 9 -0.0217827
16.5 9.5 -0.0177989
16.5 10 -0.0150408
16.5 10.5 -0.0165834
16.5 11 -0.0193452
16.5 11.5 -0.0254686
16.5 12 -0.0247767
16.5 12.5 -0.026051
16.5 13 -0.0236961
16.5 13.5 -0.025745
16.5 14 -0.021343
16.5 14.5 -0.0171218
16.5 15 -0.0113037
16.5 15.5 -0.00167904
16.5 16 0.00335298
16.5 16.5 0.00642749
16.5 17 0.00752919
16.5 17.5 0.00688719
16.5 18 0.00621591
16.5 18.5 0.00526088
16.5 19 0.0037223
16.5 19.5 0.000103202
16.5 20 -4.09579e-05
16.5 20.5 0

17 0 0
17 0.5 0.00136019
17 1 0.00857438
17 1.5 0.00625427
17 2 0.00390716
17 2.5 0.00143967
17 3 0.000277926
17 3.5 1.82848e-05
17 4 -0.0036883
17 4.5 -0.00704967
17 5 -0.00833078
17 5.5 -0.0153731
17 6 -0.0172703
17 6.5 -0.020555
17 7 -0.0192407
17 7.5 -0.0225241
17 8 -0.0227003
17 8.5 -0.0215251
17 9 -0.0194777
17 9.5 -0.0133995
17 10 -0.0128189
17 10.5 -0.0100512
17 11 -0.0150913
17 11.5 -0.0194647
17 12 -0.0237593
17 12.5 -0.0230101
17 13 -0.0244022
17 13.5 -0.0272797
17 14 -0.0222031
17 14.5 -0.0207746
17 15 -0.0134088
17 15.5 -0.00850272
17 16 -0.000895391
17 16.5 0.0034255
17 17 0.0046941
17 17.5 0.0048035
17 18 0.00559448
17 18.5 0.00451251
17 19 0.00383148
17 19.5 0.00206109
17 20 0.000340155
17 20.5 0

17.5 0 0
17.5 0.5 0.00219626
17.5 1 0.0143869
17.5 1.5 0.00904546
17.5 2 0.0021316
17.5 2.5 -0.00110881
17.5 3 -0.00644508
17.5 3.5 -0.00713622
17.5 4 -0.00872751
17.5 4.5 -0.007673
17.5 5 -0.00872806
17.5 5.5 -0.0104158
17.5 6 -0.0124794
17.5 6.5 -0.0154796
17.5 7 -0.0178204
17.5 7.5 -0.0205917
17.5 8 -0.0230149
17.5 8.5 -0.023743
17.5 9 -0.0210849
17.5 9.5 -0.0178042
17.5 10 -0.0155681
17.5 10.5 -0.0144198
17.5 11 -0.0173247
17.5 11.5 -0.0209296
17.5 12 -0.0233611
17.5 12.5 -0.0258722
17.5 13 -0.0246669
17.5 13.5 -0.021391
17.5 14 -0.0160869
17.5 14.5 -0.0134967
17.5 15 -0.0110737
17.5 15.5 -0.0070348
17.5 16 -0.00390639
17.5 16.5 -8.89898e-05
17.5 17 -0.00128732
17.5 17.5 -0.000566773
17.5 18 0.000462159
17.5 18.5 0.00513223
17.5 19 0.00666181
17.5 19.5 0.00669244
17.5 20 0.00102928
17.5 20.5 0

18 0 0
18 0.5 0.00259478
18 1 0.0165339
18 1.5 0.00920889
18 2 0.00175632
18 2.5 -0.00602447
18 3 -0.00664643
18 3.5 -0.00813415
18 4 -0.00812087
18 4.5 -0.0075032
18 5 -0.00505164
18 5.5 -0.00602049
18 6 -0.00617284
18 6.5 -0.0111326
18 7 -0.0123666
18 7.5 -0.0167865
18 8 -0.0208971
18 8.5 -0.0243334
18 9 -0.0227059
18 9.5 -0.0223237
18 10 -0.0237636
18 10.5 -0.0206053
18 11 -0.0218562
18 11.5 -0.0228517
18 12 -0.0236123
18 12.5 -0.0229101
18 13 -0.0178315
18 13.5 -0.0153237
18 14 -0.00766928
18 14.5 -0.00628754
18 15 -0.00299094
18 15.5 -0.00604347
18 16 -0.00530749
18 16.5 -0.00574553
18 17 -0.00566215
18 17.5 -0.00439354
18 18 -0.0012609
18 18.5 0.00261458
18 19 0.0074612
18 19.5 0.0114291
18 20 0.00176621
18 20.5 0

18.5 0 0
18.5 0.5 0.00239951
18.5 1 0.0154909
18.5 1.5 0.00737311
18.5 2 0.00199152
18.5 2.5 -0.00681223
18.5 3 -0.00795451
18.5 3.5 -0.00649141
18.5 4 -0.00416548
18.5 4.5 -0.00247785
18.5 5 -0.00150523
18.5 5.5 -0.00157807
18.5 6 -0.00353845
18.5 6.5 -0.00785732
18.5 7 -0.00998669
18.5 7.5 -0.0159054
18.5 8 -0.0217077
18.5 8.5 -0.0235919
18.5 9 -0.0243484
18.5 9.5 -0.0239007
18.5 10 -0.0239004
18.5 10.5 -0.0242109
18.5 11 -0.0237071
18.5 11.5 -0.0246633
18.5 12 -0.0242971
18.5 12.5 -0.0214656
18.5 13 -0.0167341
18.5 13.5 -0.010045
18.5 14 -0.00295297
18.5 14.5 0.00110962
18.5 15 0.000940124
18.5 15.5 -0.000555051
18.5 16 -0.00278781
18.5 16.5 -0.00711054
18.5 17 -0.0088466
18.5 17.5 -0.0084594
18.5 18 -0.00349938
18.5 18.5 0.000647206
18.5 19 0.00864773
18.5 19.5 0.0140108
18.5 20 0.00210896
18.5 20.5 0

19 0 0
19 0.5 0.0018331
19 1 0.0120487
19 1.5 0.00684549
19 2 0.000716742
19 2.5 -0.0049489
19 3 -0.00772981
19 3.5 -0.00481226
19 4 -0.00294727
19 4.5 -0.00301196
19 5 -0.00350192
19 5.5 -0.00377289
19 6 -0.00346139
19 6.5 -0.00495226
19 7 -0.0109112
19 7.5 -0.0152319
19 8 -0.0206483
19 8.5 -0.0213599
19 9 -0.0185866
19 9.5 -0.0190149
19 10 -0.018866
19 10.5 -0.0190374
19 11 -0.018525
19 11.5 -0.0195672
19 12 -0.0197482
19 12.5 -0.0185074
19 13 -0.0159841
19 13.5 -0.0087561
19 14 -0.00323705
19 14.5 0.00121667
19 15 0.00141266
19 15.5 -0.00211913
19 16 -0.00576294
19 16.5 -0.00949918
19 17 -0.0115391
19 17.5 -0.00957695
19 18 -0.0065822
19 18.5 0.000503465
19 19 0.00732804
19 19.5 0.0155094
19 20 0.00244551
19 20.5 0

19.5 0 0
19.5 0.5 0.00110055
19.5 1 0.00900515
19.5 1.5 0.00723817
19.5 2 0.00148157
19.5 2.5 -0.00353449
19.5 3 -0.00223909
19.5 3.5 0.000210672
19.5 4 -9.73162e-05
19.5 4.5 -0.00102278
19.5 5 -0.00397101
19.5 5.5 -0.0076934
19.5 6 -0.0108646
19.5 6.5 -0.0100902
19.5 7 -0.0140819
19.5 7.5 -0.0171375
19.5 8 -0.0171441
19.5 8.5 -0.0152791
19.5 9 -0.013398
19.5 9.5 -0.0106922
19.5 10 -0.0115098
19.5 10.5 -0.010512
19.5 11 -0.012346
19.5 11.5 -0.0130842
19.5 12 -0.0139017
19.5 12.5 -0.0157896
19.5 13 -0.0176559
19.5 13.5 -0.0130254
19.5 14 -0.00911414
19.5 14.5 -0.00325962
19.5 15 -0.000578157
19.5 15.5 -0.00282291
19.5 16 -0.00676537
19.5 16.5 -0.00804767
19.5 17 -0.00758625
19.5 17.5 -0.00690972
19.5 18 -0.0041296
19.5 18.5 0.0021112
19.5 19 0.00804228
19.5 19.5 0.0139798
19.5 20 0.0020867
19.5 20.5 0

20 0 0
20 0.5 0.00109459
20 1 0.00704956
20 1.5 0.00284409
20 2 0.00288504
20 2.5 -0.00226297
20 3 -0.00317783
20 3.5 -0.000288319
20 4 0.00147713
20 4.5 0.000762315
20 5 -0.00386234
20 5.5 -0.00795462
20 6 -0.00788958
20 6.5 -0.00816716
20 7 -0.00935978
20 7.5 -0.0130921
20 8 -0.0122475
20 8.5 -0.0116991
20 9 -0.00890367
20 9.5 -0.00496326
20 10 -0.00321126
20 10.5 -0.00505878
20 11 -0.00498563
20 11.5 -0.00573746
20 12 -0.00806961
20 12.5 -0.0122284
20 13 -0.0137005
20 13.5 -0.0114066
20 14 -0.00539659
20 14.5 -0.00317265
20 15 -0.000807435
20 15.5 -0.00237646
20 16 -0.00425825
20 16.5 -0.00560454
20 17 -0.00715284
20 17.5 -0.00565569
20 18 -0.00402993
20 18.5 -0.000379185
20 19 0.00696864
20 19.5 0.0119879
20 20 0.00173737
20 20.5 0

20.5 0 0
20.5 0.5 0.000725216
20.5 1 0.00554018
20.5 1.5 0.00376326
20.5 2 0.000478977
20.5 2.5 -0.00341609
20.5 3 -0.000170494
20.5 3.5 0.00196355
20.5 4 0.00274309
20.5 4.5 -9.57626e-05
20.5 5 -0.00182271
20.5 5.5 -0.00559753
20.5 6 -0.00865888
20.5 6.5 -0.00624776
20.5 7 -0.00776995
20.5 7.5 -0.0129871
20.5 8 -0.011766
20.5 8.5 -0.0111941
20.5 9 -0.00899107
20.5 9.5 -0.00751437
20.5 10 -0.00590643
20.5 10.5 -0.00436746
20.5 11 -0.00479317
20.5 11.5 -0.00567254
20.5 12 -0.00560184
20.5 12.5 -0.0107096
20.5 13 -0.0109015
20.5 13.5 -0.0102933
20.5 14 -0.00683222
20.5 14.5 -0.00406878
20.5 15 -0.000992298
20.5 15.5 -0.0033348
20.5 16 -0.00397076
20.5 16.5 -0.00412845
20.5 17 -0.00240674
20.5 17.5 -0.00290912
20.5 18 -0.00146027
20.5 18.5 0.001114
20.5 19 0.005385
20.5 19.5 0.0084561
20.5 20 0.00117139
20.5 20.5 0

21 0 0
21 0.5 0.00115143
21 1 0.00754905
21 1.5 0.00353055
21 2 -0.000658346
21 2.5 -0.00565726
21 3 -0.00613014
21 3.5 -0.00312854
21 4 0.000934354
21 4.5 0.000305251
21 5 -0.00228718
21 5.5 -0.00233902
21 6 -0.000715953
21 6.5 -0.00131469
21 7 -0.00304914
21 7.5 -0.00652204
21 8 -0.0103642
21 8.5 -0.0119444
21 9 -0.0105283
21 9.5 -0.00996697
21 10 -0.00682758
21 10.5 -0.00535923
21 11 -0.00262529
21 11.5 -0.00517555
21 12 -0.00597923
21 12.5 -0.00848843
21 13 -0.00845718
21 13.5 -0.00448725
21 14 -0.00197429
21 14.5 -0.000991285
21 15 0.00029878
21 15.5 -0.00244613
21 16 -0.00263478
21 16.5 -0.00584025
21 17 -0.00602488
21 17.5 -0.00347179
21 18 -0.00225114
21 18.5 0.00110921
21 19 0.00379172
21 19.5 0.00678725
21 20 0.00108401
21 20.5 0

21.5 0 0
21.5 0.5 0.001748
21.5 1 0.0109254
21.5 1.5 0.00442607
21.5 2 0.00109747
21.5 2.5 -0.00701169
21.5 3 -0.00680146
21.5 3.5 -0.0063705
21.5 4 -0.00408445
21.5 4.5 -0.00346637
21.5 5 -0.00361059
21.5 5.5 -0.00471576
21.5 6 -0.00419665
21.5 6.5 -0.00433885
21.5 7 -0.00581314
21.5 7.5 -0.0059933
21.5 8 -0.0116903
21.5 8.5 -0.0109294
21.5 9 -0.0131706
21.5 9.5 -0.011426
21.5 10 -0.00881982
21.5 10.5 -0.00767471
21.5 11 -0.0028701
21.5 11.5 -0.00409497
21.5 12 -0.00763727
21.5 12.5 -0.00815811
21.5 13 -0.00971503
21.5 13.5 -0.00469194
21.5 14 -0.00436951
21.5 14.5 -0.00465178
21.5 15 -0.00433927
21.5 15.5 -0.00533338
21.5 16 -0.00542806
21.5 16.5 -0.00834665
21.5 17 -0.00681814
21.5 17.5 -0.00410161
21.5 18 0.000510682
21.5 18.5 0.00267311
21.5 19 0.00559283
21.5 19.5 0.00601727
21.5 20 0.000893952
21.5 20.5 0

22 0 0
22 0.5 0.00179541
22 1 0.0109078
22 1.5 0.00499569
22 2 0.001223
22 2.5 -0.00718083
22 3 -0.00574241
22 3.5 -0.00735226
22 4 -0.00692531
22 4.5 -0.00599957
22 5 -0.00747763
22 5.5 -0.00478255
22 6 -0.00371245
22 6.5 -0.00384969
22 7 -0.00286832
22 7.5 -0.0048274
22 8 -0.00675029
22 8.5 -0.00908104
22 9 -0.00779136
22 9.5 -0.00772096
22 10 -0.0050366
22 10.5 -0.000824476
22 11 0.000963127
22 11.5 -0.00325095
22 12 -0.00635613
22 12.5 -0.00965161
22 13 -0.0066129
22 13.5 -0.00547169
22 14 -0.00298915
22 14.5 -0.00449752
22 15 -0.00547215
22 15.5 -0.00594017
22 16 -0.00741048
22 16.5 -0.00653296
22 17 -0.00666839
22 17.5 -0.00395114
22 18 0.00261138
22 18.5 0.00207275
22 19 0.00485847
22 19.5 0.00361897
22 20 0.000574915
22 20.5 0

22.5 0 0
22.5 0.5 0.000767336
22.5 1 0.00518876
22.5 1.5 0.00308202
22.5 2 0.000867819
22.5 2.5 -0.000996174
22.5 3 -0.00368402
22.5 3.5 -0.00215487
22.5 4 -0.00197503
22.5 4.5 -0.000560135
22.5 5 -0.00341924
22.5 5.5 -0.00504786
22.5 6 -0.00243531
22.5 6.5 -0.00282262
22.5 7 -0.00258973
22.5 7.5 -0.00222229
22.5 8 -0.0027557
22.5 8.5 -0.00428181
22.5 9 -0.00319262
22.5 9.5 -0.00130628
22.5 10 0.00203086
22.5 10.5 0.0024187
22.5 11 0.00307625
22.5 11.5 -0.000729302
22.5 12 -0.00525062
22.5 12.5 -0.0072827
22.5 13 -0.00675502
22.5 13.5 -0.00362028
22.5 14 -0.00145542
22.5 14.5 -0.00368871
22.5 15 -0.00103855
22.5 15.5 -0.00122698
22.5 16 0.000847419
22.5 16.5 0.00253221
22.5 17 -0.00101782
22.5 17.5 0.00157784
22.5 18 0.00356924
22.5 18.5 0.00519905
22.5 19 0.00212844
22.5 19.5 -0.00250892
22.5 20 -0.000413152
22.5 20.5 0

23 0 0
23 0.5 -0.000501899
23 1 -0.0030819
23 1.5 -0.00138461
23 2 -0.000819977
23 2.5 0.00032253
23 3 0.000985128
23 3.5 0.00305865
23 4 0.00269409
23 4.5 0.00261817
23 5 -0.000250665
23 5.5 -0.00185172
23 6 -0.0026102
23 6.5 -0.00229513
23 7 -9.75697e-05
23 7.5 -0.000290867
23 8 -0.00119011
23 8.5 -0.00103809
23 9 7.23904e-05
23 9.5 0.00158559
23 10 0.00485234
23 10.5 0.00498989
23 11 0.00294221
23 11.5 -0.00451569
23 12 -0.00687392
23 12.5 -0.00653995
23 13 -0.00429623
23 13.5 -0.00299575
23 14 -0.0022106
23 14.5 -0.00105817
23 15 0.00235572
23 15.5 0.00471001
23 16 0.00541242
23 16.5 0.00672809
23 17 0.00501462
23 17.5 0.00311387
23 18 0.00379164
23 18.5 0.00304783
23 19 -0.00277023
23 19.5 -0.00943607
23 20 -0.00140683
23 20.5 0

23.5 0 0
23.5 0.5 -0.00140126
23.5 1 -0.0089634
23.5 1.5 -0.00527139
23.5 2 0.000188897
23.5 2.5 0.00393418
23.5 3 0.00599741
23.5 3.5 0.00732905
23.5 4 0.00993917
23.5 4.5 0.00765339
23.5 5 0.00364778
23.5 5.5 0.00239444
23.5 6 0.00128688
23.5 6.5 0.00192375
23.5 7 0.000405887
23.5 7.5 0.00414991
23.5 8 0.00290185
23.5 8.5 0.00170892
23.5 9 0.00637739
23.5 9.5 0.00782264
23.5 10 0.0111596
23.5 10.5 0.00661652
23.5 11 0.00701809
23.5 11.5 -0.00351607
23.5 12 -0.00410444
23.5 12.5 -0.00496747
23.5 13 -0.00243082
23.5 13.5 0.00224501
23.5 14 0.00167999
23.5 14.5 0.00466508
23.5 15 0.00607918
23.5 15.5 0.0119379
23.5 16 0.0126027
23.5 16.5 0.00922866
23.5 17 0.00820319
23.5 17.5 0.00634544
23.5 18 0.00561481
23.5 18.5 0.00136852
23.5 19 -0.00425086
23.5 19.5 -0.0132378
23.5 20 -0.00215245
23.5 20.5 0

24 0 0
24 0.5 -0.00137524
24 1 -0.00882921
24 1.5 -0.00522143
24 2 0.000130815
24 2.5 0.00321458
24 3 0.00763149
24 3.5 0.00836914
24 4 0.00807488
24 4.5 0.00535334
24 5 0.00370079
24 5.5 0.00192847
24 6 0.000126304
24 6.5 -0.000914853
24 7 -0.0029967
24 7.5 0.00297609
24 8 0.00275537
24 8.5 0.00631504
24 9 0.00619909
24 9.5 0.0113329
24 10 0.00962326
24 10.5 0.0103633
24 11 0.00359544
24 11.5 0.00114589
24 12 -0.00359339
24 12.5 -0.00203205
24 13 -0.00211952
24 13.5 0.000401681
24 14 -0.00190134
24 14.5 0.00205305
24 15 0.00555572
24 15.5 0.00652651
24 16 0.00890783
24 16.5 0.00824765
24 17 0.00812088
24 17.5 0.00557409
24 18 0.00363263
24 18.5 0.00206354
24 19 -0.00311691
24 19.5 -0.0103829
24 20 -0.00176973
24 20.5 0

24.5 0 0
24.5 0.5 -0.000859814
24.5 1 -0.0053127
24.5 1.5 -0.00229716
24.5 2 0.00128792
24.5 2.5 0.000974735
24.5 3 0.00324136
24.5 3.5 0.00268875
24.5 4 0.00298341
24.5 4.5 0.00291518
24.5 5 6.97538e-05
24.5 5.5 0.0010814
24.5 6 0.00183346
24.5 6.5 1.74486e-05
24.5 7 0.00140936
24.5 7.5 0.00398616
24.5 8 0.00510387
24.5 8.5 0.00554995
24.5 9 0.00853092
24.5 9.5 0.0118945
24.5 10 0.0109345
24.5 10.5 0.00972582
24.5 11 0.00708915
24.5 11.5 0.00342049
24.5 12 0.00417972
24.5 12.5 0.00326948
24.5 13 0.00304591
24.5 13.5 0.00238522
24.5 14 0.00119146
24.5 14.5 0.00058463
24.5 15 0.00130438
24.5 15.5 0.00387375
24.5 16 0.00235242
24.5 16.5 0.00290507
24.5 17 0.00244483
24.5 17.5 0.000897972
24.5 18 0.00243203
24.5 18.5 -0.00178017
24.5 19 -0.00231348
24.5 19.5 -0.00443584
24.5 20 -0.0006754
24.5 20.5 0

25 0 0
25 0.5 -0.000222208
25 1 -0.00091779
25 1.5 0.000317785
25 2 0.000636134
25 2.5 -0.000191175
25 3 0.000475845
25 3.5 -0.00107354
25 4 -0.00243652
25 4.5 0.000426629
25 5 -3.87058e-05
25 5.5 0.00361762
25 6 0.00186258
25 6.5 0.00300866
25 7 0.00234692
25 7.5 0.00424047
25 8 0.00645729
25 8.5 0.00595764
25 9 0.00548104
25 9.5 0.00320796
25 10 0.000837318
25 10.5 -0.000975164
25 11 0.00213131
25 11.5 0.00639161
25 12 0.00920413
25 12.5 0.00830202
25 13 0.00803045
25 13.5 0.0028592
25 14 0.000453111
25 14.5 0.00172309
25 15 -0.000937738
25 15.5 -3.94339e-05
25 16 -0.00297607
25 16.5 -0.0003996
25 17 -0.000280531
25 17.5 -0.000787754
25 18 -0.00192476
25 18.5 -0.00183082
25 19 0.00192578
25 19.5 0.00188005
25 20 8.45969e-05
25 20.5 0

25.5 0 0
25.5 0.5 9.21781e-05
25.5 1 0.000604352
25.5 1.5 0.000394672
25.5 2 -0.000290383
25.5 2.5 -0.00095394
25.5 3 -0.00385668
25.5 3.5 -0.00480636
25.5 4 -0.00432164
25.5 4.5 -0.0010039
25.5 5 0.00316536
25.5 5.5 0.00602312
25.5 6 0.00638123
25.5 6.5 0.00721489
25.5 7 0.0078103
25.5 7.5 0.00824332
25.5 8 0.00741654
25.5 8.5 0.00579232
25.5 9 0.000819593
25.5 9.5 -0.00360899
25.5 10 -0.00712548
25.5 10.5 -0.00625326
25.5 11 -0.00183492
25.5 11.5 0.00641499
25.5 12 0.0126952
25.5 12.5 0.0156426
25.5 13 0.0128886
25.5 13.5 0.00897378
25.5 14 0.00573502
25.5 14.5 0.00373492
25.5 15 0.000901616
25.5 15.5 -0.001449
25.5 16 -0.00422909
25.5 16.5 -0.00402664
25.5 17 -0.00321311
25.5 17.5 -0.00279173
25.5 18 -0.00413591
25.5 18.5 -0.00320284
25.5 19 4.20631e-05
25.5 19.5 0.00508616
25.5 20 0.000813912
25.5 20.5 0

26 0 0
26 0.5 0
26 1 9.21781e-05
26 1.5 -2.96203e-05
26 2 -0.000149497
26 2.5 -0.00020498
26 3 -0.000707194
26 3.5 -0.000906669
26 4 -0.000621012
26 4.5 -0.000286193
26 5 0.000654397
26 5.5 0.000718488
26 6 0.00105226
26 6.5 0.00109937
26 7 0.0013629
26 7.5 0.00120191
26 8 0.00106599
26 8.5 0.000857457
26 9 0.00013381
26 9.5 -0.00065141
26 10 -0.000921914
26 10.5 -0.000826183
26 11 -0.000201542
26 11.5 0.000851315
26 12 0.0018765
26 12.5 0.00244561
26 13 0.00191148
26 13.5 0.00149098
26 14 0.00111313
26 14.5 0.000432281
26 15 0.000217235
26 15.5 -0.00043072
26 16 -0.000514146
26 16.5 -0.000788112
26 17 -0.000596565
26 17.5 -0.000547709
26 18 -0.000664242
26 18.5 -0.000590082
26 19 -0.000287722
26 19.5 0.000813912
26 20 0
26 20.5 0

26.5 0 0
26.5 0.5 0
26.5 1 0
26.5 1.5 0
26.5 2 0
26.5 2.5 0
26.5 3 0
26.5 3.5 0
26.5 4 0
26.5 4.5 0
26.5 5 0
26.5 5.5 0
26.5 6 0
26.5 6.5 0
26.5 7 0
26.5 7.5 0
26.5 8 0
26.5 8.5 0
26.5 9 0
26.5 9.5 0
26.5 10 0
26.5 10.5 0
26.5 11 0
26.5 11.5 0
26.5 12 0
26.5 12.5 0
26.5 13 0
26.5 13.5 0
26.5 14 0
26.5 14.5 0
26.5 15 0
26.5 15.5 0
26.5 16 0
26.5 16.5 0
26.5 17 0
26.5 17.5 0
26.5 18 0
26.5 18.5 0
26.5 19 0
26.5 19.5 0
26.5 20 0
26.5 20.5 0

