0 0 0
0 0.5 0
0 1 0
0 1.5 0
0 2 0
0 2.5 0
0 3 0
0 3.5 0
0 4 0
0 4.5 0
0 5 0
0 5.5 0
0 6 0
0 6.5 0
0 7 0
0 7.5 0
0 8 0
0 8.5 0
0 9 0
0 9.5 0
0 10 0
0 10.5 0
0 11 0
0 11.5 0
0 12 0
0 12.5 0
0 13 0
0 13.5 0
0 14 0
0 14.5 0
0 15 0
0 15.5 0
0 16 0
0 16.5 0
0 17 0
0 17.5 0
0 18 0
0 18.5 0
0 19 0
0 19.5 0
0 20 0
0 20.5 0

0.5 0 0
0.5 0.5 0
0.5 1 0.00155528
0.5 1.5 -0.00159685
0.5 2 -0.00514401
0.5 2.5 -0.0050284
0.5 3 -0.00259348
0.5 3.5 -4.60383e-05
0.5 4 0.00266998
0.5 4.5 0.00479899
0.5 5 0.00876789
0.5 5.5 0.0103776
0.5 6 0.00791772
0.5 6.5 0.00231241
0.5 7 -0.000463603
0.5 7.5 0.000756198
0.5 8 0.00558754
0.5 8.5 0.00821802
0.5 9 0.00537011
0.5 9.5 0.000571291
0.5 10 -0.00183303
0.5 10.5 0.00145638
0.5 11 0.00552202
0.5 11.5 0.00820982
0.5 12 0.00808868
0.5 12.5 0.00647207
0.5 13 0.00644136
0.5 13.5 0.00585463
0.5 14 0.00468896
0.5 14.5 0.00413387
0.5 15 0.00577446
0.5 15.5 0.00670261
0.5 16 0.00487598
0.5 16.5 -0.000833605
0.5 17 -0.00517141
0.5 17.5 -0.00544607
0.5 18 -0.00176583
0.5 18.5 0.00127526
0.5 19 0.000260893
0.5 19.5 -0.00199311
0.5 20 0
0.5 20.5 0

1 0 0
1 0.5 0.00155528
1 1 0.0100076
1 1.5 -0.0120865
1 2 -0.0320312
1 2.5 -0.0318716
1 3 -0.0165775
1 3.5 0.00048904
1 4 0.0154544
1 4.5 0.0327275
1 5 0.055666
1 5.5 0.0683459
1 6 0.0500414
1 6.5 0.0160092
1 7 -0.00615351
1 7.5 0.00571617
1 8 0.0353444
1 8.5 0.0523626
1 9 0.0356639
1 9.5 0.00149087
1 10 -0.0104648
1 10.5 0.00731967
1 11 0.0373153
1 11.5 0.0515284
1 12 0.0502158
1 12.5 0.0433972
1 13 0.0407404
1 13.5 0.0384746
1 14 0.0291468
1 14.5 0.0273286
1 15 0.0363204
1 15.5 0.0440398
1 16 0.0301541
1 16.5 -0.00407349
1 17 -0.0349691
1 17.5 -0.0349878
1 18 -0.00981397
1 18.5 0.00942158
1 19 0.00244762
1 19.5 -0.0134581
1 20 -0.00199311
1 20.5 0

1.5 0 0
1.5 0.5 7.62928e-05
1.5 1 -0.00124188
1.5 1.5 -0.0138903
1.5 2 -0.0172479
1.5 2.5 -0.00917858
1.5 3 0.00665686
1.5 3.5 0.0195783
1.5 4 0.0223474
1.5 4.5 0.0273003
1.5 5 0.0311525
1.5 5.5 0.0298463
1.5 6 0.0108512
1.5 6.5 -0.0129602
1.5 7 -0.0301634
1.5 7.5 -0.0220705
1.5 8 -0.00417116
1.5 8.5 0.00514364
1.5 9 -0.000203834
1.5 9.5 -0.018867
1.5 10 -0.020151
1.5 10.5 -0.0101793
1.5 11 0.00499469
1.5 11.5 0.00197676
1.5 12 -0.00873822
1.5 12.5 -0.0102634
1.5 13 -0.00626361
1.5 13.5 -0.000699888
1.5 14 0.00311497
1.5 14.5 0.00930905
1.5 15 0.0182925
1.5 15.5 0.0302801
1.5 16 0.0271973
1.5 16.5 0.0119313
1.5 17 -0.00521257
1.5 17.5 -0.0063923
1.5 18 0.00634864
1.5 18.5 0.0109001
1.5 19 -0.000959321
1.5 19.5 -0.0205023
1.5 20 -0.00321065
1.5 20.5 0

2 0 0
2 0.5 -0.00129467
2 1 -0.00859333
2 1.5 -0.00610516
2 2 -0.00262069
2 2.5 0.00699682
2 3 0.0216328
2 3.5 0.0265122
2 4 0.0184583
2 4.5 0.00428126
2 5 -0.010377
2 5.5 -0.0249582
2 6 -0.0312987
2 6.5 -0.0385627
2 7 -0.0375677
2 7.5 -0.0376682
2 8 -0.0230461
2 8.5 -0.0188435
2 9 -0.00934714
2 9.5 -0.00544956
2 10 0.00648593
2 10.5 0.00618165
2 11 0.00402391
2 11.5 -0.0173576
2 12 -0.0368128
2 12.5 -0.051934
2 13 -0.0457462
2 13.5 -0.029589
2 14 -0.013699
2 14.5 -0.0115553
2 15 -0.00648991
2 15.5 -0.00183691
2 16 0.00680765
2 16.5 0.0120952
2 17 0.0136468
2 17.5 0.0146375
2 18 0.0172678
2 18.5 0.0096806
2 19 -0.00474777
2 19.5 -0.0200883
2 20 -0.00286399
2 20.5 0

2.5 0 0
2.5 0.5 -0.000637362
2.5 1 -0.00370553
2.5 1.5 0.00571131
2.5 2 0.0187625
2.5 2.5 0.0162064
2.5 3 0.0138108
2.5 3.5 0.00631319
2.5 4 -0.0106221
2.5 4.5 -0.0262999
2.5 5 -0.0479875
2.5 5.5 -0.0546315
2.5 6 -0.0449444
2.5 6.5 -0.0317102
2.5 7 -0.0204704
2.5 7.5 -0.00772725
2.5 8 0.00188898
2.5 8.5 0.0144697
2.5 9 0.028521
2.5 9.5 0.0522307
2.5 10 0.0672021
2.5 10.5 0.06268
2.5 11 0.0459269
2.5 11.5 0.0152356
2.5 12 -0.0135803
2.5 12.5 -0.0291439
2.5 13 -0.0322271
2.5 13.5 -0.0231587
2.5 14 -0.0192144
2.5 14.5 -0.0163166
2.5 15 -0.0193431
2.5 15.5 -0.0288388
2.5 16 -0.0254467
2.5 16.5 -0.0113017
2.5 17 0.00174693
2.5 17.5 0.0178319
2.5 18 0.0183731
2.5 18.5 0.00939004
2.5 19 0.00196303
2.5 19.5 -0.00691918
2.5 20 -0.000992508
2.5 20.5 0

3 0 0
3 0.5 -0.000505824
3 1 -0.00140214
3 1.5 0.0149203
3 2 0.0188316
3 2.5 0.0157692
3 3 -0.00572626
3 3.5 -0.0277734
3 4 -0.0445274
3 4.5 -0.0439196
3 5 -0.0466674
3 5.5 -0.0400974
3 6 -0.0221133
3 6.5 0.00763793
3 7 0.0266233
3 7.5 0.0334584
3 8 0.0334442
3 8.5 0.0257536
3 9 0.0457802
3 9.5 0.0646481
3 10 0.0848411
3 10.5 0.0776701
3 11 0.0621517
3 11.5 0.0369053
3 12 0.0183068
3 12.5 0.00601826
3 13 0.00569328
3 13.5 0.00989685
3 14 0.00717354
3 14.5 0.00627716
3 15 -0.00682302
3 15.5 -0.0321743
3 16 -0.0460627
3 16.5 -0.0314784
3 17 -0.0121615
3 17.5 0.00510562
3 18 0.00653064
3 18.5 0.00503469
3 19 -0.000447226
3 19.5 0.00377664
3 20 0.000956428
3 20.5 0

3.5 0 0
3.5 0.5 -0.00195324
3.5 1 -0.0115381
3.5 1.5 0.012243
3.5 2 0.0263054
3.5 2.5 0.0198787
3.5 3 -0.0151005
3.5 3.5 -0.0449338
3.5 4 -0.0528069
3.5 4.5 -0.0349959
3.5 5 -0.0205129
3.5 5.5 -0.000303695
3.5 6 0.0265267
3.5 6.5 0.0538886
3.5 7 0.0610762
3.5 7.5 0.0507636
3.5 8 0.0310478
3.5 8.5 0.00720362
3.5 9 0.00535075
3.5 9.5 0.0255254
3.5 10 0.0209642
3.5 10.5 0.0163417
3.5 11 0.00447882
3.5 11.5 0.00837541
3.5 12 0.0159045
3.5 12.5 0.0228448
3.5 13 0.0258987
3.5 13.5 0.0303293
3.5 14 0.0394091
3.5 14.5 0.0429844
3.5 15 0.0277607
3.5 15.5 -0.00449617
3.5 16 -0.0357798
3.5 16.5 -0.0308401
3.5 17 -0.0100436
3.5 17.5 0.00483599
3.5 18 0.0037957
3.5 18.5 -0.00155977
3.5 19 -0.00320661
3.5 19.5 -0.0026735
3.5 20 -0.000722142
3.5 20.5 0

4 0 0
4 0.5 -0.00268405
4 1 -0.0184417
4 1.5 0.00767955
4 2 0.0251539
4 2.5 0.0117636
4 3 -0.0223358
4 3.5 -0.0427207
4 4 -0.0370434
4 4.5 -0.00981494
4 5 0.020859
4 5.5 0.0393784
4 6 0.0539227
4 6.5 0.0637893
4 7 0.0573949
4 7.5 0.0276162
4 8 -0.0110425
4 8.5 -0.0482618
4 9 -0.0680084
4 9.5 -0.0758916
4 10 -0.0886048
4 10.5 -0.105357
4 11 -0.0951404
4 11.5 -0.0625016
4 12 -0.0184592
4 12.5 0.00649648
4 13 0.0142876
4 13.5 0.0203847
4 14 0.0401108
4 14.5 0.0578008
4 15 0.0520745
4 15.5 0.0173835
4 16 -0.00875487
4 16.5 -0.0109385
4 17 0.0055641
4 17.5 0.0139975
4 18 0.00199338
4 18.5 -0.0148144
4 19 -0.017101
4 19.5 -0.00666014
4 20 -0.000744259
4 20.5 0

4.5 0 0
4.5 0.5 -0.00107851
4.5 1 -0.00668107
4.5 1.5 0.0116634
4.5 2 0.0220501
4.5 2.5 0.0118186
4.5 3 -0.0170704
4.5 3.5 -0.030762
4.5 4 -0.0251686
4.5 4.5 -0.00282418
4.5 5 0.0132798
4.5 5.5 0.0266388
4.5 6 0.0330091
4.5 6.5 0.0365634
4.5 7 0.0168728
4.5 7.5 -0.0084507
4.5 8 -0.0466236
4.5 8.5 -0.0737413
4.5 9 -0.105769
4.5 9.5 -0.114607
4.5 10 -0.144827
4.5 10.5 -0.15324
4.5 11 -0.147051
4.5 11.5 -0.087795
4.5 12 -0.0389117
4.5 12.5 -0.00754534
4.5 13 -0.00796139
4.5 13.5 -0.0105085
4.5 14 -0.00155573
4.5 14.5 0.0269266
4.5 15 0.0225232
4.5 15.5 0.00273205
4.5 16 -0.00597224
4.5 16.5 0.00440597
4.5 17 0.0211025
4.5 17.5 0.0288016
4.5 18 0.00344132
4.5 18.5 -0.0185083
4.5 19 -0.0133833
4.5 19.5 0.00357923
4.5 20 0.000878589
4.5 20.5 0

5 0 0
5 0.5 0.000657065
5 1 0.000922902
5 1.5 0.00964346
5 2 0.021826
5 2.5 0.0102193
5 3 -0.0114138
5 3.5 -0.0200511
5 4 -0.0228438
5 4.5 -0.00985123
5 5 -0.00887619
5 5.5 -0.0131735
5 6 -0.010144
5 6.5 -0.00312763
5 7 -0.00565637
5 7.5 -0.0148735
5 8 -0.0342032
5 8.5 -0.0555583
5 9 -0.0731272
5 9.5 -0.0838566
5 10 -0.108919
5 10.5 -0.123553
5 11 -0.106285
5 11.5 -0.0605732
5 12 -0.0137379
5 12.5 0.0123218
5 13 -0.006141
5 13.5 -0.0383621
5 14 -0.0421581
5 14.5 -0.026817
5 15 -0.0245404
5 15.5 -0.0275449
5 16 -0.0223967
5 16.5 0.00308679
5 17 0.0257296
5 17.5 0.0305973
5 18 0.00431861
5 18.5 -0.0173106
5 19 -0.00324901
5 19.5 0.0160968
5 20 0.00224309
5 20.5 0

5.5 0 0
5.5 0.5 -0.00293217
5.5 1 -0.0214256
5.5 1.5 -0.0080988
5.5 2 0.00978914
5.5 2.5 0.0190686
5.5 3 0.0126162
5.5 3.5 0.00982614
5.5 4 0.000932261
5.5 4.5 0.0030353
5.5 5 -0.0107792
5.5 5.5 -0.0232337
5.5 6 -0.0269139
5.5 6.5 -0.0157056
5.5 7 -0.00864603
5.5 7.5 0.00287394
5.5 8 -0.00301771
5.5 8.5 -0.0104613
5.5 9 -0.0147102
5.5 9.5 -0.0275379
5.5 10 -0.0370874
5.5 10.5 -0.0582891
5.5 11 -0.038299
5.5 11.5 -0.00229883
5.5 12 0.0377502
5.5 12.5 0.0452986
5.5 13 0.004723
5.5 13.5 -0.0340103
5.5 14 -0.0518839
5.5 14.5 -0.0423789
5.5 15 -0.0373291
5.5 15.5 -0.0320126
5.5 16 -0.0243393
5.5 16.5 0.0126479
5.5 17 0.0391258
5.5 17.5 0.0366072
5.5 18 0.00120349
5.5 18.5 -0.0208268
5.5 19 -0.0137874
5.5 19.5 0.008734
5.5 20 0.00132945
5.5 20.5 0

6 0 0
6 0.5 -0.0103851
6 1 -0.0684686
6 1.5 -0.0355533
6 2 0.00462545
6 2.5 0.0406864
6 3 0.0537281
6 3.5 0.0583022
6 4 0.0553296
6 4.5 0.0441475
6 5 0.020525
6 5.5 -0.0120411
6 6 -0.018355
6 6.5 -0.0193973
6 7 -0.0116501
6 7.5 0.00457629
6 8 0.00835008
6 8.5 0.0128201
6 9 0.00899723
6 9.5 0.00630163
6 10 -0.0148345
6 10.5 -0.0300906
6 11 -0.0166632
6 11.5 0.0235611
6 12 0.0472129
6 12.5 0.0483806
6 13 0.00827777
6 13.5 -0.0314573
6 14 -0.0396633
6 14.5 -0.0299371
6 15 -0.0116916
6 15.5 -0.00461219
6 16 0.014374
6 16.5 0.0487275
6 17 0.0741452
6 17.5 0.0576011
6 18 0.00798923
6 18.5 -0.0314895
6 19 -0.0363956
6 19.5 -0.0175816
6 20 -0.00251812
6 20.5 0

6.5 0 0
6.5 0.5 -0.0146928
6.5 1 -0.0972961
6.5 1.5 -0.0449641
6.5 2 0.0146805
6.5 2.5 0.0541187
6.5 3 0.0730165
6.5 3.5 0.0895782
6.5 4 0.07617
6.5 4.5 0.0622541
6.5 5 0.0390664
6.5 5.5 0.00755773
6.5 6 -0.018168
6.5 6.5 -0.0385992
6.5 7 -0.0346416
6.5 7.5 -0.0241368
6.5 8 -0.0206375
6.5 8.5 -0.0129333
6.5 9 -0.0164146
6.5 9.5 -0.0301408
6.5 10 -0.0470342
6.5 10.5 -0.0667809
6.5 11 -0.0511325
6.5 11.5 -0.0164163
6.5 12 0.0120145
6.5 12.5 0.0132878
6.5 13 -0.0211077
6.5 13.5 -0.0523443
6.5 14 -0.0419297
6.5 14.5 -0.017831
6.5 15 0.00728882
6.5 15.5 0.01993
6.5 16 0.0355363
6.5 16.5 0.0680863
6.5 17 0.0836345
6.5 17.5 0.0691297
6.5 18 0.0120979
6.5 18.5 -0.0307609
6.5 19 -0.0409879
6.5 19.5 -0.0292125
6.5 20 -0.00453324
6.5 20.5 0

7 0 0
7 0.5 -0.0106269
7 1 -0.0699348
7 1.5 -0.0229366
7 2 0.0268771
7 2.5 0.0617666
7 3 0.0718331
7 3.5 0.0629458
7 4 0.0500009
7 4.5 0.0373165
7 5 0.012038
7 5.5 -0.0184755
7 6 -0.0417185
7 6.5 -0.0664636
7 7 -0.0789788
7 7.5 -0.0675266
7 8 -0.0580727
7 8.5 -0.0417829
7 9 -0.0490853
7 9.5 -0.0658513
7 10 -0.0967795
7 10.5 -0.107463
7 11 -0.0988323
7 11.5 -0.0565901
7 12 -0.0354934
7 12.5 -0.0316378
7 13 -0.0634649
7 13.5 -0.0924091
7 14 -0.076061
7 14.5 -0.0401407
7 15 -0.011537
7 15.5 0.00621973
7 16 0.016358
7 16.5 0.0448899
7 17 0.070938
7 17.5 0.0570574
7 18 0.0167492
7 18.5 -0.016504
7 19 -0.0192156
7 19.5 -0.00152283
7 20 -0.000394905
7 20.5 0

7.5 0 0
7.5 0.5 -0.00263562
7.5 1 -0.0185471
7.5 1.5 0.0119427
7.5 2 0.0432522
7.5 2.5 0.0508943
7.5 3 0.0329227
7.5 3.5 0.0100369
7.5 4 -0.0132425
7.5 4.5 -0.0159005
7.5 5 -0.0263918
7.5 5.5 -0.0419086
7.5 6 -0.059227
7.5 6.5 -0.0791704
7.5 7 -0.092031
7.5 7.5 -0.0823143
7.5 8 -0.0676393
7.5 8.5 -0.0615284
7.5 9 -0.0560382
7.5 9.5 -0.0862017
7.5 10 -0.104351
7.5 10.5 -0.133783
7.5 11 -0.11118
7.5 11.5 -0.0794133
7.5 12 -0.0436561
7.5 12.5 -0.0474691
7.5 13 -0.0781045
7.5 13.5 -0.105363
7.5 14 -0.102989
7.5 14.5 -0.0633445
7.5 15 -0.0329638
7.5 15.5 -0.0244082
7.5 16 -0.0233555
7.5 16.5 -4.34114e-05
7.5 17 0.0245608
7.5 17.5 0.0252325
7.5 18 0.00537872
7.5 18.5 -0.00534114
7.5 19 0.0085037
7.5 19.5 0.0409007
7.5 20 0.00634646
7.5 20.5 0

8 0 0
8 0.5 0.00235566
8 1 0.0137958
8 1.5 0.0297054
8 2 0.039042
8 2.5 0.023366
8 3 -0.013937
8 3.5 -0.0430393
8 4 -0.0546256
8 4.5 -0.0450335
8 5 -0.0373156
8 5.5 -0.0346449
8 6 -0.0392948
8 6.5 -0.0449399
8 7 -0.0500506
8 7.5 -0.0492809
8 8 -0.0418535
8 8.5 -0.0303292
8 9 -0.0378601
8 9.5 -0.0557906
8 10 -0.0987139
8 10.5 -0.119833
8 11 -0.101749
8 11.5 -0.0569293
8 12 -0.0223451
8 12.5 -0.014616
8 13 -0.0495997
8 13.5 -0.0837264
8 14 -0.076701
8 14.5 -0.0459998
8 15 -0.0264187
8 15.5 -0.0246457
8 16 -0.0360244
8 16.5 -0.0296404
8 17 -0.00839494
8 17.5 -0.0014075
8 18 -0.0127731
8 18.5 -0.0148702
8 19 0.0168563
8 19.5 0.0549757
8 20 0.0086652
8 20.5 0

8.5 0 0
8.5 0.5 0.00122756
8.5 1 0.00628182
8.5 1.5 0.0210716
8.5 2 0.0193919
8.5 2.5 -0.00433975
8.5 3 -0.0373451
8.5 3.5 -0.0519808
8.5 4 -0.0552145
8.5 4.5 -0.0266797
8.5 5 -0.00430156
8.5 5.5 0.00382617
8.5 6 0.0192854
8.5 6.5 0.024576
8.5 7 0.0174977
8.5 7.5 0.00272994
8.5 8 -0.0106974
8.5 8.5 -0.00497121
8.5 9 -0.0247489
8.5 9.5 -0.0383502
8.5 10 -0.0784653
8.5 10.5 -0.0968984
8.5 11 -0.0903696
8.5 11.5 -0.0404223
8.5 12 0.0026954
8.5 12.5 0.0227584
8.5 13 -0.0042205
8.5 13.5 -0.0282161
8.5 14 -0.0200724
8.5 14.5 0.00776168
8.5 15 0.0189652
8.5 15.5 0.00333871
8.5 16 -0.00809016
8.5 16.5 -0.00947731
8.5 17 -0.0117277
8.5 17.5 -0.0115815
8.5 18 -0.0255202
8.5 18.5 -0.0212716
8.5 19 -0.00412741
8.5 19.5 0.0282461
8.5 20 0.00503631
8.5 20.5 0

9 0 0
9 0.5 -0.00151602
9 1 -0.0100403
9 1.5 0.0121661
9 2 0.0156326
9 2.5 -0.00171656
9 3 -0.0300911
9 3.5 -0.0468761
9 4 -0.042862
9 4.5 -0.0161503
9 5 0.0125833
9 5.5 0.0262228
9 6 0.0487699
9 6.5 0.061546
9 7 0.0635658
9 7.5 0.032599
9 8 0.00418231
9 8.5 -0.0027222
9 9 -0.0153505
9 9.5 -0.0196536
9 10 -0.0560498
9 10.5 -0.0705287
9 11 -0.0764036
9 11.5 -0.0273187
9 12 0.00701345
9 12.5 0.0210992
9 13 0.0124399
9 13.5 0.0020284
9 14 0.0195884
9 14.5 0.0359171
9 15 0.0481494
9 15.5 0.0248035
9 16 0.00211271
9 16.5 -0.00205458
9 17 0.00261965
9 17.5 -0.000149644
9 18 -0.009257
9 18.5 -0.0192661
9 19 -0.0144786
9 19.5 -0.00063836
9 20 8.38247e-05
9 20.5 0

9.5 0 0
9.5 0.5 -0.000956702
9.5 1 -0.00535955
9.5 1.5 0.0193438
9.5 2 0.0287391
9.5 2.5 0.0103856
9.5 3 -0.0237439
9.5 3.5 -0.0453196
9.5 4 -0.0506121
9.5 4.5 -0.0283378
9.5 5 -0.023893
9.5 5.5 -0.012711
9.5 6 0.0178387
9.5 6.5 0.0428511
9.5 7 0.0408584
9.5 7.5 0.0147903
9.5 8 -0.0163985
9.5 8.5 -0.0267637
9.5 9 -0.0193642
9.5 9.5 -0.0100041
9.5 10 -0.0199269
9.5 10.5 -0.0407113
9.5 11 -0.0492947
9.5 11.5 -0.0409156
9.5 12 -0.0183097
9.5 12.5 -0.00737743
9.5 13 -0.0148391
9.5 13.5 -0.00774947
9.5 14 0.00297871
9.5 14.5 0.0138097
9.5 15 0.0151356
9.5 15.5 -0.011116
9.5 16 -0.0312748
9.5 16.5 -0.0171891
9.5 17 -0.00711734
9.5 17.5 0.000982266
9.5 18 0.00168399
9.5 18.5 0.00467284
9.5 19 -0.00193757
9.5 19.5 0.00131837
9.5 20 0.000577405
9.5 20.5 0

10 0 0
10 0.5 -5.57404e-05
10 1 0.00326434
10 1.5 0.0340489
10 2 0.0438341
10 2.5 0.0316985
10 3 -0.00543395
10 3.5 -0.0395672
10 4 -0.0595333
10 4.5 -0.056815
10 5 -0.0591892
10 5.5 -0.0555833
10 6 -0.0347956
10 6.5 -0.0179051
10 7 -0.0152826
10 7.5 -0.0363673
10 8 -0.0520601
10 8.5 -0.0502756
10 9 -0.0304319
10 9.5 -0.0084043
10 10 -0.0117041
10 10.5 -0.0310561
10 11 -0.0456457
10 11.5 -0.0444064
10 12 -0.0542274
10 12.5 -0.0596709
10 13 -0.0624958
10 13.5 -0.0534124
10 14 -0.0327894
10 14.5 -0.0243628
10 15 -0.0275518
10 15.5 -0.054132
10 16 -0.0747389
10 16.5 -0.0517813
10 17 -0.0222578
10 17.5 0.00464052
10 18 0.0275748
10 18.5 0.0307125
10 19 0.0196602
10 19.5 0.0160119
10 20 0.00280046
10 20.5 0

10.5 0 0
10.5 0.5 -0.00179608
10.5 1 -0.0124469
10.5 1.5 0.0262725
10.5 2 0.0576339
10.5 2.5 0.0417338
10.5 3 0.00567027
10.5 3.5 -0.0253753
10.5 4 -0.045555
10.5 4.5 -0.0496867
10.5 5 -0.0601575
10.5 5.5 -0.0550624
10.5 6 -0.0399373
10.5 6.5 -0.0418494
10.5 7 -0.047869
10.5 7.5 -0.0668914
10.5 8 -0.0792984
10.5 8.5 -0.0745512
10.5 9 -0.0548237
10.5 9.5 -0.042185
10.5 10 -0.0343662
10.5 10.5 -0.0503506
10.5 11 -0.0625857
10.5 11.5 -0.078201
10.5 12 -0.0833716
10.5 12.5 -0.0931931
10.5 13 -0.0833559
10.5 13.5 -0.0579258
10.5 14 -0.0342284
10.5 14.5 -0.0243329
10.5 15 -0.0318646
10.5 15.5 -0.0582913
10.5 16 -0.0747403
10.5 16.5 -0.0594913
10.5 17 -0.0338025
10.5 17.5 0.00333399
10.5 18 0.0347954
10.5 18.5 0.0441844
10.5 19 0.0281168
10.5 19.5 0.0124714
10.5 20 0.00189148
10.5 20.5 0

11 0 0
11 0.5 -0.00627226
11 1 -0.0385754
11 1.5 0.00812386
11 2 0.0432407
11 2.5 0.043278
11 3 0.0250249
11 3.5 -0.00237137
11 4 -0.0191011
11 4.5 -0.0169319
11 5 -0.00637202
11 5.5 0.000363767
11 6 0.00123522
11 6.5 -0.022141
11 7 -0.0442856
11 7.5 -0.0689037
11 8 -0.0817664
11 8.5 -0.0732973
11 9 -0.0714163
11 9.5 -0.0713951
11 10 -0.0785686
11 10.5 -0.0830982
11 11 -0.083502
11 11.5 -0.0821848
11 12 -0.0939641
11 12.5 -0.0964138
11 13 -0.080935
11 13.5 -0.0410764
11 14 0.00750805
11 14.5 0.0218349
11 15 0.0155253
11 15.5 -0.0125233
11 16 -0.0405939
11 16.5 -0.0397245
11 17 -0.0207287
11 17.5 6.61246e-05
11 18 0.0318865
11 18.5 0.038563
11 19 0.0138037
11 19.5 -0.0104486
11 20 -0.00110387
11 20.5 0

11.5 0 0
11.5 0.5 -0.00561995
11.5 1 -0.0390402
11.5 1.5 -0.00633714
11.5 2 0.0266791
11.5 2.5 0.0251845
11.5 3 0.0209085
11.5 3.5 0.00768509
11.5 4 -0.00581928
11.5 4.5 0.0131648
11.5 5 0.026487
11.5 5.5 0.049625
11.5 6 0.0345051
11.5 6.5 0.00486891
11.5 7 -0.0359883
11.5 7.5 -0.0532239
11.5 8 -0.0602902
11.5 8.5 -0.0575726
11.5 9 -0.0663862
11.5 9.5 -0.0906431
11.5 10 -0.0890814
11.5 10.5 -0.0944652
11.5 11 -0.0745763
11.5 11.5 -0.0779841
11.5 12 -0.0847985
11.5 12.5 -0.0748121
11.5 13 -0.0547963
11.5 13.5 -0.00403038
11.5 14 0.034503
11.5 14.5 0.0526299
11.5 15 0.042594
11.5 15.5 0.0263176
11.5 16 -0.0116342
11.5 16.5 -0.0234977
11.5 17 -0.0266413
11.5 17.5 -0.0136883
11.5 18 0.021845
11.5 18.5 0.0339804
11.5 19 0.0107808
11.5 19.5 -0.0169802
11.5 20 -0.00265866
11.5 20.5 0

12 0 0
12 0.5 0.000477447
12 1 0.00584904
12 1.5 0.0111263
12 2 0.00530076
12 2.5 0.00283115
12 3 -0.00749691
12 3.5 -0.0178705
12 4 -0.0215611
12 4.5 -0.0187075
12 5 0.0107188
12 5.5 0.0357888
12 6 0.0314789
12 6.5 0.00015216
12 7 -0.0398199
12 7.5 -0.0491901
12 8 -0.0451256
12 8.5 -0.0267254
12 9 -0.0467939
12 9.5 -0.0618486
12 10 -0.0772441
12 10.5 -0.0595726
12 11 -0.0440319
12 11.5 -0.0336108
12 12 -0.0597524
12 12.5 -0.0600383
12 13 -0.0417664
12 13.5 -0.00299049
12 14 0.0195494
12 14.5 0.0286683
12 15 0.024245
12 15.5 0.00757434
12 16 -0.0158986
12 16.5 -0.0416699
12 17 -0.053779
12 17.5 -0.0369104
12 18 0.00436253
12 18.5 0.0307249
12 19 0.0237666
12 19.5 0.00715126
12 20 0.0013017
12 20.5 0

12.5 0 0
12.5 0.5 0.00911895
12.5 1 0.0603331
12.5 1.5 0.0312317
12.5 2 -0.00675135
12.5 2.5 -0.0247857
12.5 3 -0.0317812
12.5 3.5 -0.036426
12.5 4 -0.0565868
12.5 4.5 -0.0534934
12.5 5 -0.0323736
12.5 5.5 -0.00468439
12.5 6 -0.00893609
12.5 6.5 -0.0330423
12.5 7 -0.0588837
12.5 7.5 -0.0625561
12.5 8 -0.0425346
12.5 8.5 -0.0330208
12.5 9 -0.0443012
12.5 9.5 -0.0694938
12.5 10 -0.0588582
12.5 10.5 -0.0447729
12.5 11 -0.0196939
12.5 11.5 -0.0309152
12.5 12 -0.0508823
12.5 12.5 -0.0639135
12.5 13 -0.0519284
12.5 13.5 -0.0284965
12.5 14 -0.0248772
12.5 14.5 -0.0298369
12.5 15 -0.0334712
12.5 15.5 -0.032517
12.5 16 -0.0504032
12.5 16.5 -0.0584613
12.5 17 -0.0708714
12.5 17.5 -0.0574308
12.5 18 -0.00772299
12.5 18.5 0.0397741
12.5 19 0.0438166
12.5 19.5 0.0371072
12.5 20 0.0058779
12.5 20.5 0

13 0 0
13 0.5 0.0137847
13 1 0.0897797
13 1.5 0.0329892
13 2 -0.0188445
13 2.5 -0.036996
13 3 -0.0333408
13 3.5 -0.0292255
13 4 -0.0433065
13 4.5 -0.0591446
13 5 -0.0510842
13 5.5 -0.0354248
13 6 -0.0363001
13 6.5 -0.0656217
13 7 -0.0838631
13 7.5 -0.0816755
13 8 -0.0671387
13 8.5 -0.0416329
13 9 -0.0510372
13 9.5 -0.064124
13 10 -0.0642308
13 10.5 -0.0346665
13 11 -0.0167097
13 11.5 -0.0251372
13 12 -0.0644379
13 12.5 -0.0822911
13 13 -0.0780992
13 13.5 -0.0693048
13 14 -0.0658593
13 14.5 -0.0743403
13 15 -0.0636213
13 15.5 -0.0451327
13 16 -0.0389346
13 16.5 -0.0438083
13 17 -0.0543591
13 17.5 -0.0444956
13 18 0.00108162
13 18.5 0.0400206
13 19 0.0437167
13 19.5 0.0374161
13 20 0.00605215
13 20.5 0

13.5 0 0
13.5 0.5 0.0124673
13.5 1 0.0790179
13.5 1.5 0.0155904
13.5 2 -0.0363419
13.5 2.5 -0.0380578
13.5 3 -0.0117986
13.5 3.5 0.00593203
13.5 4 -0.00394617
13.5 4.5 -0.0293551
13.5 5 -0.0361168
13.5 5.5 -0.0329656
13.5 6 -0.045108
13.5 6.5 -0.0752048
13.5 7 -0.087437
13.5 7.5 -0.0909487
13.5 8 -0.0693664
13.5 8.5 -0.0532912
13.5 9 -0.0600463
13.5 9.5 -0.0765098
13.5 10 -0.0647741
13.5 10.5 -0.0385968
13.5 11 -0.0232748
13.5 11.5 -0.0358357
13.5 12 -0.0725024
13.5 12.5 -0.100839
13.5 13 -0.0896101
13.5 13.5 -0.0830163
13.5 14 -0.0788831
13.5 14.5 -0.0753658
13.5 15 -0.0534491
13.5 15.5 -0.0198063
13.5 16 -0.00328228
13.5 16.5 -0.00495093
13.5 17 -0.0166989
13.5 17.5 -0.0165229
13.5 18 0.013429
13.5 18.5 0.0350121
13.5 19 0.0262734
13.5 19.5 0.00895854
13.5 20 0.00162093
13.5 20.5 0

14 0 0
14 0.5 0.00899245
14 1 0.056349
14 1.5 -0.000765615
14 2 -0.040876
14 2.5 -0.0331415
14 3 0.0097582
14 3.5 0.0356406
14 4 0.024495
14 4.5 -0.00495284
14 5 -0.0196451
14 5.5 -0.0312923
14 6 -0.04863
14 6.5 -0.0745025
14 7 -0.0858622
14 7.5 -0.0693826
14 8 -0.0374592
14 8.5 -0.0174949
14 9 -0.0297741
14 9.5 -0.0454396
14 10 -0.0471583
14 10.5 -0.0141763
14 11 -0.00420126
14 11.5 -0.0180172
14 12 -0.0510374
14 12.5 -0.0785683
14 13 -0.0806085
14 13.5 -0.074971
14 14 -0.0737283
14 14.5 -0.064086
14 15 -0.0363549
14 15.5 -0.00358287
14 16 0.0204674
14 16.5 0.0208569
14 17 0.00760425
14 17.5 0.00484348
14 18 0.0248719
14 18.5 0.0289324
14 19 0.0106747
14 19.5 -0.0170492
14 20 -0.00239058
14 20.5 0

14.5 0 0
14.5 0.5 0.00734412
14.5 1 0.0458616
14.5 1.5 -0.000341786
14.5 2 -0.0322044
14.5 2.5 -0.028946
14.5 3 0.0025136
14.5 3.5 0.0227774
14.5 4 0.0182113
14.5 4.5 -0.00884346
14.5 5 -0.0215758
14.5 5.5 -0.035467
14.5 6 -0.0498207
14.5 6.5 -0.0640901
14.5 7 -0.0589923
14.5 7.5 -0.0339364
14.5 8 0.00142605
14.5 8.5 0.0209777
14.5 9 0.00752494
14.5 9.5 -0.0212856
14.5 10 -0.015622
14.5 10.5 0.0087829
14.5 11 0.0208554
14.5 11.5 0.00879252
14.5 12 -0.017218
14.5 12.5 -0.0402172
14.5 13 -0.0496222
14.5 13.5 -0.0540471
14.5 14 -0.0579151
14.5 14.5 -0.0550019
14.5 15 -0.0308626
14.5 15.5 -0.00405519
14.5 16 0.0128338
14.5 16.5 0.00198054
14.5 17 -0.0049396
14.5 17.5 -0.00185805
14.5 18 0.0151493
14.5 18.5 0.0281492
14.5 19 0.0117096
14.5 19.5 -0.0151981
14.5 20 -0.00189521
14.5 20.5 0

15 0 0
15 0.5 0.00740211
15 1 0.0466287
15 1.5 0.010581
15 2 -0.0146072
15 2.5 -0.022508
15 3 -0.00197047
15 3.5 -0.00179267
15 4 -0.00604802
15 4.5 -0.0216327
15 5 -0.0286757
15 5.5 -0.031872
15 6 -0.0467364
15 6.5 -0.0488347
15 7 -0.0396125
15 7.5 -0.00997371
15 8 0.0217862
15 8.5 0.0202372
15 9 0.00266352
15 9.5 -0.019481
15 10 -0.0306396
15 10.5 -0.00728951
15 11 -0.00146346
15 11.5 0.0056273
15 12 -0.0103689
15 12.5 -0.0286213
15 13 -0.0303033
15 13.5 -0.0334259
15 14 -0.0406004
15 14.5 -0.0345448
15 15 -0.0205017
15 15.5 -0.00689456
15 16 -0.0114215
15 16.5 -0.0217927
15 17 -0.023497
15 17.5 -0.0171149
15 18 0.0143762
15 18.5 0.026055
15 19 0.0262377
15 19.5 0.00385682
15 20 0.000267046
15 20.5 0

15.5 0 0
15.5 0.5 0.00807883
15.5 1 0.051641
15.5 1.5 0.0218719
15.5 2 -0.00534716
15.5 2.5 -0.0264155
15.5 3 -0.0299018
15.5 3.5 -0.0257207
15.5 4 -0.0259266
15.5 4.5 -0.0235279
15.5 5 -0.014888
15.5 5.5 -0.0136973
15.5 6 -0.0164113
15.5 6.5 -0.0257751
15.5 7 -0.0198785
15.5 7.5 -0.00471962
15.5 8 -0.00428071
15.5 8.5 -0.0138067
15.5 9 -0.0507075
15.5 9.5 -0.0681581
15.5 10 -0.0924662
15.5 10.5 -0.0655014
15.5 11 -0.0638004
15.5 11.5 -0.048191
15.5 12 -0.0486469
15.5 12.5 -0.033623
15.5 13 -0.023046
15.5 13.5 -0.0217925
15.5 14 -0.0142073
15.5 14.5 -0.00849174
15.5 15 -0.00430798
15.5 15.5 -0.0107107
15.5 16 -0.0166396
15.5 16.5 -0.0348165
15.5 17 -0.0404075
15.5 17.5 -0.0266095
15.5 18 -0.00608137
15.5 18.5 0.0164599
15.5 19 0.0269039
15.5 19.5 0.0225998
15.5 20 0.00354709
15.5 20.5 0

16 0 0
16 0.5 0.0093588
16 1 0.0604093
16 1.5 0.0269976
16 2 -0.0100879
16 2.5 -0.0296017
16 3 -0.0427902
16 3.5 -0.0393192
16 4 -0.0233292
16 4.5 -0.0196707
16 5 -0.00479782
16 5.5 0.0071597
16 6 0.000228429
16 6.5 -0.00796902
16 7 -0.0120958
16 7.5 -0.0186438
16 8 -0.0368412
16 8.5 -0.0617335
16 9 -0.0969323
16 9.5 -0.119048
16 10 -0.132691
16 10.5 -0.122201
16 11 -0.116082
16 11.5 -0.0986557
16 12 -0.0824305
16 12.5 -0.0549674
16 13 -0.0289085
16 13.5 -0.0101879
16 14 0.00295443
16 14.5 0.0114801
16 15 0.00443714
16 15.5 -0.00491807
16 16 -0.0200474
16 16.5 -0.0415058
16 17 -0.0358309
16 17.5 -0.0228258
16 18 -0.00938958
16 18.5 0.00749672
16 19 0.0193525
16 19.5 0.0335417
16 20 0.00600981
16 20.5 0

16.5 0 0
16.5 0.5 0.0108294
16.5 1 0.0692857
16.5 1.5 0.0312773
16.5 2 -0.0101969
16.5 2.5 -0.0383241
16.5 3 -0.0518331
16.5 3.5 -0.0435148
16.5 4 -0.0330603
16.5 4.5 -0.0233048
16.5 5 -0.00991902
16.5 5.5 -0.00648595
16.5 6 -0.00405239
16.5 6.5 -0.00534868
16.5 7 -0.011074
16.5 7.5 -0.0224376
16.5 8 -0.0533387
16.5 8.5 -0.0799494
16.5 9 -0.107432
16.5 9.5 -0.10939
16.5 10 -0.112375
16.5 10.5 -0.10754
16.5 11 -0.116354
16.5 11.5 -0.101314
16.5 12 -0.0881859
16.5 12.5 -0.057064
16.5 13 -0.0246513
16.5 13.5 -0.0127463
16.5 14 -0.00470015
16.5 14.5 0.00226708
16.5 15 -0.00914632
16.5 15.5 -0.0222457
16.5 16 -0.0282282
16.5 16.5 -0.0397942
16.5 17 -0.0376096
16.5 17.5 -0.0238424
16.5 18 -0.0154298
16.5 18.5 0.00376856
16.5 19 0.0294357
16.5 19.5 0.041077
16.5 20 0.00614397
16.5 20.5 0

17 0 0
17 0.5 0.0101929
17 1 0.0651274
17 1.5 0.0286418
17 2 -0.00916545
17 2.5 -0.0375496
17 3 -0.044684
17 3.5 -0.0359915
17 4 -0.0277926
17 4.5 -0.0310192
17 5 -0.0317548
17 5.5 -0.0304377
17 6 -0.0257972
17 6.5 -0.0118084
17 7 -0.00898144
17 7.5 -0.0133459
17 8 -0.0362089
17 8.5 -0.0529673
17 9 -0.0643741
17 9.5 -0.0522372
17 10 -0.0466658
17 10.5 -0.0356722
17 11 -0.0517701
17 11.5 -0.0484351
17 12 -0.0391034
17 12.5 -0.0181597
17 13 -0.0134634
17 13.5 -0.0160181
17 14 -0.0208208
17 14.5 -0.0207591
17 15 -0.0360752
17 15.5 -0.0458491
17 16 -0.0443
17 16.5 -0.0460283
17 17 -0.0346492
17 17.5 -0.0204802
17 18 -0.0109037
17 18.5 0.00540688
17 19 0.0291909
17 19.5 0.0442594
17 20 0.00668632
17 20.5 0

17.5 0 0
17.5 0.5 0.00598414
17.5 1 0.0391495
17.5 1.5 0.0138692
17.5 2 -0.0109398
17.5 2.5 -0.019421
17.5 3 -0.0181749
17.5 3.5 -0.0184473
17.5 4 -0.0130918
17.5 4.5 -0.0179715
17.5 5 -0.0281127
17.5 5.5 -0.0405949
17.5 6 -0.0373661
17.5 6.5 -0.0259704
17.5 7 -0.0209753
17.5 7.5 -0.0225313
17.5 8 -0.0348073
17.5 8.5 -0.0372159
17.5 9 -0.0307506
17.5 9.5 -0.0100368
17.5 10 0.00618362
17.5 10.5 0.00163995
17.5 11 0.000974983
17.5 11.5 -0.000826304
17.5 12 -0.00282834
17.5 12.5 -0.00818139
17.5 13 -0.0192735
17.5 13.5 -0.0238822
17.5 14 -0.0358893
17.5 14.5 -0.0377229
17.5 15 -0.0399195
17.5 15.5 -0.0441614
17.5 16 -0.0388252
17.5 16.5 -0.0332355
17.5 17 -0.0180081
17.5 17.5 -0.0124727
17.5 18 -0.0116938
17.5 18.5 -0.000156298
17.5 19 0.019862
17.5 19.5 0.0326038
17.5 20 0.00484525
17.5 20.5 0

18 0 0
18 0.5 -0.000509809
18 1 -0.0050293
18 1.5 -0.00796587
18 2 0.00106125
18 2.5 0.00754478
18 3 0.0169715
18 3.5 0.0233793
18 4 0.0231184
18 4.5 0.0127163
18 5 -0.0045647
18 5.5 -0.0169026
18 6 -0.0384401
18 6.5 -0.0349876
18 7 -0.0425429
18 7.5 -0.0484422
18 8 -0.0545823
18 8.5 -0.0581879
18 9 -0.0538179
18 9.5 -0.0411031
18 10 -0.0321183
18 10.5 -0.0296849
18 11 -0.0273121
18 11.5 -0.0212714
18 12 -0.0181778
18 12.5 -0.0219968
18 13 -0.035611
18 13.5 -0.0403398
18 14 -0.0431099
18 14.5 -0.0284163
18 15 -0.0286
18 15.5 -0.014685
18 16 -0.00463985
18 16.5 0.000396526
18 17 0.00666143
18 17.5 0.0134597
18 18 0.00652745
18 18.5 -0.00221611
18 19 0.00386939
18 19.5 0.00429082
18 20 0.000499567
18 20.5 0

18.5 0 0
18.5 0.5 -0.00555705
18.5 1 -0.0374042
18.5 1.5 -0.0163234
18.5 2 0.0110937
18.5 2.5 0.0280072
18.5 3 0.0401394
18.5 3.5 0.0394353
18.5 4 0.0365765
18.5 4.5 0.0268639
18.5 5 0.00858948
18.5 5.5 -0.00474043
18.5 6 -0.0312242
18.5 6.5 -0.0491733
18.5 7 -0.0664304
18.5 7.5 -0.0695215
18.5 8 -0.0722276
18.5 8.5 -0.0661517
18.5 9 -0.0691114
18.5 9.5 -0.0685095
18.5 10 -0.0782631
18.5 10.5 -0.069267
18.5 11 -0.0663566
18.5 11.5 -0.0521103
18.5 12 -0.0461688
18.5 12.5 -0.0447792
18.5 13 -0.0556321
18.5 13.5 -0.0577779
18.5 14 -0.0403577
18.5 14.5 -0.0227265
18.5 15 -0.0173631
18.5 15.5 0.00607732
18.5 16 0.0154996
18.5 16.5 0.025167
18.5 17 0.0288342
18.5 17.5 0.0261177
18.5 18 0.0179046
18.5 18.5 0.00231973
18.5 19 -0.00731465
18.5 19.5 -0.0159864
18.5 20 -0.00262926
18.5 20.5 0

19 0 0
19 0.5 -0.00647323
19 1 -0.0411659
19 1.5 -0.00752672
19 2 0.0268732
19 2.5 0.047248
19 3 0.0516902
19 3.5 0.0405789
19 4 0.0184752
19 4.5 0.00416271
19 5 -0.0114636
19 5.5 -0.0175805
19 6 -0.0313398
19 6.5 -0.0472059
19 7 -0.0569411
19 7.5 -0.0526151
19 8 -0.0468447
19 8.5 -0.0473284
19 9 -0.0492384
19 9.5 -0.0660877
19 10 -0.0701621
19 10.5 -0.0789473
19 11 -0.0700293
19 11.5 -0.0632225
19 12 -0.0463917
19 12.5 -0.0382194
19 13 -0.0345087
19 13.5 -0.0376098
19 14 -0.0378674
19 14.5 -0.0307519
19 15 -0.0275719
19 15.5 -0.0117992
19 16 0.00219473
19 16.5 0.027568
19 17 0.0354818
19 17.5 0.0311903
19 18 0.0214742
19 18.5 0.0112998
19 19 -0.00505799
19 19.5 -0.00974366
19 20 -0.00160417
19 20.5 0

19.5 0 0
19.5 0.5 -0.00355956
19.5 1 -0.02188
19.5 1.5 0.00507166
19.5 2 0.0333194
19.5 2.5 0.0435494
19.5 3 0.0280655
19.5 3.5 0.00553039
19.5 4 -0.0168813
19.5 4.5 -0.0371527
19.5 5 -0.0438273
19.5 5.5 -0.039571
19.5 6 -0.0364746
19.5 6.5 -0.0310931
19.5 7 -0.0234664
19.5 7.5 -0.00509557
19.5 8 0.0132262
19.5 8.5 0.0158399
19.5 9 0.0173346
19.5 9.5 -0.00158502
19.5 10 -0.0152047
19.5 10.5 -0.0336255
19.5 11 -0.0327084
19.5 11.5 -0.0249583
19.5 12 -0.00292092
19.5 12.5 0.00782711
19.5 13 0.00885687
19.5 13.5 -0.00762938
19.5 14 -0.0242889
19.5 14.5 -0.0378482
19.5 15 -0.0462368
19.5 15.5 -0.0377175
19.5 16 -0.0246605
19.5 16.5 -0.00454993
19.5 17 0.0112034
19.5 17.5 0.0119692
19.5 18 0.00433243
19.5 18.5 0.00171149
19.5 19 0.0066771
19.5 19.5 0.0130624
19.5 20 0.00179111
19.5 20.5 0

20 0 0
20 0.5 -0.00157518
20 1 -0.00945662
20 1.5 0.0112145
20 2 0.0235799
20 2.5 0.0193089
20 3 0.0017313
20 3.5 -0.0208183
20 4 -0.0382367
20 4.5 -0.049223
20 5 -0.053043
20 5.5 -0.0386341
20 6 -0.0205564
20 6.5 -0.00276698
20 7 0.0138353
20 7.5 0.0390927
20 8 0.052558
20 8.5 0.0547129
20 9 0.0606353
20 9.5 0.037773
20 10 0.0222846
20 10.5 -0.00665599
20 11 -0.0051166
20 11.5 -0.00465611
20 12 0.0322928
20 12.5 0.0499116
20 13 0.0426152
20 13.5 0.0260405
20 14 -0.00571321
20 14.5 -0.0312577
20 15 -0.0416112
20 15.5 -0.0416597
20 16 -0.0340622
20 16.5 -0.0124594
20 17 -0.00231559
20 17.5 -0.0107964
20 18 -0.0136939
20 18.5 -0.00599568
20 19 0.000450561
20 19.5 0.0223766
20 20 0.00375554
20 20.5 0

20.5 0 0
20.5 0.5 -0.00146641
20.5 1 -0.00926361
20.5 1.5 0.00751429
20.5 2 0.0145481
20.5 2.5 0.0184894
20.5 3 -0.00322529
20.5 3.5 -0.015372
20.5 4 -0.0211805
20.5 4.5 -0.0288298
20.5 5 -0.0266811
20.5 5.5 -0.0220982
20.5 6 -0.0101628
20.5 6.5 0.00817179
20.5 7 0.0246163
20.5 7.5 0.0310973
20.5 8 0.0400431
20.5 8.5 0.0444888
20.5 9 0.0380884
20.5 9.5 0.0267419
20.5 10 0.00430654
20.5 10.5 -0.0220473
20.5 11 -0.0257317
20.5 11.5 -0.00504374
20.5 12 0.0278269
20.5 12.5 0.0508278
20.5 13 0.0432881
20.5 13.5 0.0082319
20.5 14 -0.0122361
20.5 14.5 -0.0247943
20.5 15 -0.0298144
20.5 15.5 -0.0146389
20.5 16 0.0012196
20.5 16.5 0.00840601
20.5 17 0.0110349
20.5 17.5 0.00636056
20.5 18 -0.0116762
20.5 18.5 -0.0135096
20.5 19 -0.00513332
20.5 19.5 0.0119173
20.5 20 0.00169997
20.5 20.5 0

21 0 0
21 0.5 -0.00116806
21 1 -0.00814485
21 1.5 0.00949527
21 2 0.0189166
21 2.5 0.0150788
21 3 -0.000660236
21 3.5 -0.00527115
21 4 -0.00546658
21 4.5 0.000786548
21 5 -0.00843073
21 5.5 -0.0179967
21 6 -0.0198202
21 6.5 -0.00943095
21 7 -0.00906775
21 7.5 -0.0131923
21 8 -0.0275481
21 8.5 -0.0279605
21 9 -0.0231071
21 9.5 -0.0287865
21 10 -0.0435062
21 10.5 -0.0634856
21 11 -0.0660514
21 11.5 -0.0465283
21 12 -0.00792046
21 12.5 0.00987957
21 13 -0.00537388
21 13.5 -0.0306118
21 14 -0.0481762
21 14.5 -0.0393268
21 15 -0.0266828
21 15.5 -0.00208238
21 16 0.0177256
21 16.5 0.0293745
21 17 0.0295214
21 17.5 0.0219705
21 18 -0.00415628
21 18.5 -0.00932648
21 19 -0.00747953
21 19.5 0.00624025
21 20 0.000810986
21 20.5 0

21.5 0 0
21.5 0.5 -0.000293415
21.5 1 -0.000814511
21.5 1.5 0.0166596
21.5 2 0.0272108
21.5 2.5 0.0191545
21.5 3 0.00216358
21.5 3.5 -0.00987502
21.5 4 0.0011819
21.5 4.5 0.00847996
21.5 5 -0.00786347
21.5 5.5 -0.0341273
21.5 6 -0.0498557
21.5 6.5 -0.0464757
21.5 7 -0.0553402
21.5 7.5 -0.067393
21.5 8 -0.0803338
21.5 8.5 -0.0654362
21.5 9 -0.0503765
21.5 9.5 -0.0324127
21.5 10 -0.0486392
21.5 10.5 -0.064792
21.5 11 -0.068441
21.5 11.5 -0.0435201
21.5 12 -0.0272894
21.5 12.5 -0.0222916
21.5 13 -0.0566138
21.5 13.5 -0.0869328
21.5 14 -0.0888578
21.5 14.5 -0.0652939
21.5 15 -0.0390121
21.5 15.5 -0.00892444
21.5 16 0.00589008
21.5 16.5 0.0159655
21.5 17 0.0264258
21.5 17.5 0.025941
21.5 18 0.0124845
21.5 18.5 -0.00176319
21.5 19 0.000822458
21.5 19.5 0.0120091
21.5 20 0.00180391
21.5 20.5 0

22 0 0
22 0.5 1.7277e-05
22 1 -0.00304194
22 1.5 0.0125854
22 2 0.0296056
22 2.5 0.0178058
22 3 -0.00801019
22 3.5 -0.0180943
22 4 -0.000955269
22 4.5 0.014295
22 5 -0.00895766
22 5.5 -0.0309539
22 6 -0.054158
22 6.5 -0.0402634
22 7 -0.0486307
22 7.5 -0.0594637
22 8 -0.0670617
22 8.5 -0.0596854
22 9 -0.0314436
22 9.5 -0.011662
22 10 -0.00716476
22 10.5 -0.0298246
22 11 -0.0351025
22 11.5 -0.0236324
22 12 -0.00462157
22 12.5 -0.00680425
22 13 -0.0391382
22 13.5 -0.0706872
22 14 -0.0835189
22 14.5 -0.0543637
22 15 -0.0413401
22 15.5 -0.017034
22 16 -0.00924698
22 16.5 -0.00310564
22 17 0.007104
22 17.5 0.0182402
22 18 0.00804316
22 18.5 -0.00277076
22 19 0.00864773
22 19.5 0.0204545
22 20 0.00249001
22 20.5 0

22.5 0 0
22.5 0.5 -0.00337654
22.5 1 -0.020587
22.5 1.5 0.00389997
22.5 2 0.0162673
22.5 2.5 0.0129377
22.5 3 -0.016121
22.5 3.5 -0.026813
22.5 4 -0.00277408
22.5 4.5 0.019324
22.5 5 0.0208264
22.5 5.5 0.00309768
22.5 6 0.00684089
22.5 6.5 0.0080453
22.5 7 0.01201
22.5 7.5 -0.00162955
22.5 8 -0.0157521
22.5 8.5 -0.0120833
22.5 9 0.0117422
22.5 9.5 0.032714
22.5 10 0.0283755
22.5 10.5 0.0105521
22.5 11 0.000784254
22.5 11.5 0.0136128
22.5 12 0.033678
22.5 12.5 0.0337913
22.5 13 0.014727
22.5 13.5 -0.00825202
22.5 14 -0.00759008
22.5 14.5 0.00395548
22.5 15 0.0111707
22.5 15.5 -0.000220079
22.5 16 -0.00618793
22.5 16.5 -0.0135817
22.5 17 -1.77053e-05
22.5 17.5 0.0053111
22.5 18 -0.0136073
22.5 18.5 -0.0137379
22.5 19 -0.00302495
22.5 19.5 0.0116536
22.5 20 0.00173325
22.5 20.5 0

23 0 0
23 0.5 -0.00503409
23 1 -0.0346971
23 1.5 -0.00933079
23 2 0.0141203
23 2.5 0.00304942
23 3 -0.0164726
23 3.5 -0.0197781
23 4 0.00444292
23 4.5 0.0324523
23 5 0.0411763
23 5.5 0.0383336
23 6 0.0450876
23 6.5 0.0571564
23 7 0.0554128
23 7.5 0.0492098
23 8 0.027996
23 8.5 0.0166342
23 9 0.0235214
23 9.5 0.029125
23 10 0.0192727
23 10.5 0.00829212
23 11 -0.0038671
23 11.5 0.0110476
23 12 0.042065
23 12.5 0.0596124
23 13 0.0552055
23 13.5 0.0508858
23 14 0.0587822
23 14.5 0.0642963
23 15 0.0465832
23 15.5 0.0220339
23 16 0.00490656
23 16.5 -0.0052921
23 17 -0.00122761
23 17.5 -0.00493059
23 18 -0.0182785
23 18.5 -0.0229039
23 19 -0.0131352
23 19.5 0.00246615
23 20 0.000159187
23 20.5 0

23.5 0 0
23.5 0.5 -0.00251346
23.5 1 -0.0164142
23.5 1.5 -0.00113744
23.5 2 0.0055765
23.5 2.5 -0.0023132
23.5 3 -0.0250447
23.5 3.5 -0.0294784
23.5 4 -0.0106407
23.5 4.5 0.0141751
23.5 5 0.02958
23.5 5.5 0.0298976
23.5 6 0.0435867
23.5 6.5 0.0495931
23.5 7 0.0520698
23.5 7.5 0.0484668
23.5 8 0.02258
23.5 8.5 0.0123081
23.5 9 -0.0015646
23.5 9.5 0.00785933
23.5 10 -0.0119438
23.5 10.5 -0.0193454
23.5 11 -0.0310652
23.5 11.5 -0.00758738
23.5 12 0.00794307
23.5 12.5 0.035635
23.5 13 0.0479103
23.5 13.5 0.0543097
23.5 14 0.0664324
23.5 14.5 0.064961
23.5 15 0.0448399
23.5 15.5 0.0124994
23.5 16 -0.00128346
23.5 16.5 -0.0155247
23.5 17 -0.0147298
23.5 17.5 -0.0134222
23.5 18 -0.0312992
23.5 18.5 -0.024856
23.5 19 -0.00555085
23.5 19.5 0.01487
23.5 20 0.00220624
23.5 20.5 0

24 0 0
24 0.5 0.00223481
24 1 0.0147412
24 1.5 0.016699
24 2 0.012372
24 2.5 0.000576925
24 3 -0.0207816
24 3.5 -0.0305807
24 4 -0.0258147
24 4.5 -0.0173637
24 5 -0.0103806
24 5.5 -0.00850314
24 6 -0.00553229
24 6.5 0.00747348
24 7 0.00884171
24 7.5 0.0122146
24 8 -0.000772043
24 8.5 -0.0126153
24 9 -0.02497
24 9.5 -0.0264626
24 10 -0.030744
24 10.5 -0.0327387
24 11 -0.0381546
24 11.5 -0.0329125
24 12 -0.0235761
24 12.5 -0.00324927
24 13 0.00640735
24 13.5 0.0184646
24 14 0.0181431
24 14.5 0.0170439
24 15 -0.00519441
24 15.5 -0.0216872
24 16 -0.0258985
24 16.5 -0.0294575
24 17 -0.0244869
24 17.5 -0.020667
24 18 -0.0212432
24 18.5 -0.00348915
24 19 0.0156058
24 19.5 0.0344191
24 20 0.00510474
24 20.5 0

24.5 0 0
24.5 0.5 0.00443554
24.5 1 0.0307467
24.5 1.5 0.0217062
24.5 2 0.0090327
24.5 2.5 -0.00224908
24.5 3 -0.0124111
24.5 3.5 -0.0152977
24.5 4 -0.0259714
24.5 4.5 -0.0306878
24.5 5 -0.0379963
24.5 5.5 -0.0352725
24.5 6 -0.0321534
24.5 6.5 -0.0255568
24.5 7 -0.0262218
24.5 7.5 -0.0140463
24.5 8 -0.0160567
24.5 8.5 -0.0130526
24.5 9 -0.0250186
24.5 9.5 -0.015045
24.5 10 -0.024897
24.5 10.5 -0.00900524
24.5 11 -0.0175007
24.5 11.5 -0.0174878
24.5 12 -0.0346812
24.5 12.5 -0.028638
24.5 13 -0.0239921
24.5 13.5 -0.0161774
24.5 14 -0.0186296
24.5 14.5 -0.0257929
24.5 15 -0.0402002
24.5 15.5 -0.0411145
24.5 16 -0.0305719
24.5 16.5 -0.0231946
24.5 17 -0.0256361
24.5 17.5 -0.0141204
24.5 18 -0.00643287
24.5 18.5 0.0109819
24.5 19 0.0252015
24.5 19.5 0.0303763
24.5 20 0.00438129
24.5 20.5 0

25 0 0
25 0.5 0.00197341
25 1 0.0127668
25 1.5 -0.0016777
25 2 -0.00963635
25 2.5 -0.00715378
25 3 0.0096084
25 3.5 0.010361
25 4 0.00763812
25 4.5 -0.00773949
25 5 -0.0159122
25 5.5 -0.0115301
25 6 -0.0182255
25 6.5 -0.0187828
25 7 -0.0212068
25 7.5 -0.0122379
25 8 0.00629798
25 8.5 0.00729793
25 9 0.00261255
25 9.5 0.00578076
25 10 0.0105892
25 10.5 0.0244027
25 11 0.0242739
25 11.5 0.0185227
25 12 -0.00728639
25 12.5 -0.0205838
25 13 -0.016629
25 13.5 -0.016516
25 14 -0.0178584
25 14.5 -0.0182841
25 15 -0.0150695
25 15.5 -0.00109707
25 16 0.00116573
25 16.5 -0.00312297
25 17 -0.00434129
25 17.5 -0.000555678
25 18 0.0150854
25 18.5 0.0145738
25 19 0.0069424
25 19.5 -0.0116277
25 20 -0.00203792
25 20.5 0

25.5 0 0
25.5 0.5 -0.00211751
25.5 1 -0.0151988
25.5 1.5 -0.0318129
25.5 2 -0.0349994
25.5 2.5 -0.00991297
25.5 3 0.0268847
25.5 3.5 0.0449725
25.5 4 0.0376827
25.5 4.5 0.0205742
25.5 5 0.0198972
25.5 5.5 0.0228958
25.5 6 0.0188976
25.5 6.5 0.00530759
25.5 7 -0.00139657
25.5 7.5 0.0100759
25.5 8 0.03015
25.5 8.5 0.0364852
25.5 9 0.028315
25.5 9.5 0.0189377
25.5 10 0.0321141
25.5 10.5 0.0530551
25.5 11 0.0620162
25.5 11.5 0.0426061
25.5 12 0.017986
25.5 12.5 0.0018238
25.5 13 0.00256429
25.5 13.5 0.00806067
25.5 14 0.00582141
25.5 14.5 0.00798803
25.5 15 0.0223457
25.5 15.5 0.0366418
25.5 16 0.0414784
25.5 16.5 0.0291432
25.5 17 0.0194366
25.5 17.5 0.0196405
25.5 18 0.0248123
25.5 18.5 0.0130418
25.5 19 -0.0227989
25.5 19.5 -0.0627066
25.5 20 -0.00943016
25.5 20.5 0

26 0 0
26 0.5 0
26 1 -0.00211751
26 1.5 -0.00481257
26 2 -0.00563619
26 2.5 -0.00138635
26 3 0.00392412
26 3.5 0.00751731
26 4 0.00526341
26 4.5 0.00311238
26 5 0.00301766
26 5.5 0.00344903
26 6 0.00333472
26 6.5 0.000555662
26 7 -4.03714e-05
26 7.5 0.00179707
26 8 0.00414692
26 8.5 0.0057141
26 9 0.00466747
26 9.5 0.00296482
26 10 0.00522911
26 10.5 0.00851615
26 11 0.00998329
26 11.5 0.00635291
26 12 0.00292295
26 12.5 0.000294687
26 13 0.000245619
26 13.5 0.00145123
26 14 0.001085
26 14.5 0.00105703
26 15 0.00353542
26 15.5 0.00541126
26 16 0.00605748
26 16.5 0.00483979
26 17 0.00277729
26 17.5 0.00320043
26 18 0.00356666
26 18.5 0.00207625
26 19 -0.00378922
26 19.5 -0.00943016
26 20 0
26 20.5 0

26.5 0 0
26.5 0.5 0
26.5 1 0
26.5 1.5 0
26.5 2 0
26.5 2.5 0
26.5 3 0
26.5 3.5 0
26.5 4 0
26.5 4.5 0
26.5 5 0
26.5 5.5 0
26.5 6 0
26.5 6.5 0
26.5 7 0
26.5 7.5 0
26.5 8 0
26.5 8.5 0
26.5 9 0
26.5 9.5 0
26.5 10 0
26.5 10.5 0
26.5 11 0
26.5 11.5 0
26.5 12 0
26.5 12.5 0
26.5 13 0
26.5 13.5 0
26.5 14 0
26.5 14.5 0
26.5 15 0
26.5 15.5 0
26.5 16 0
26.5 16.5 0
26.5 17 0
26.5 17.5 0
26.5 18 0
26.5 18.5 0
26.5 19 0
26.5 19.5 0
26.5 20 0
26.5 20.5 0

