0 0 0
0 0.5 0
0 1 0
0 1.5 0
0 2 0
0 2.5 0
0 3 0
0 3.5 0
0 4 0
0 4.5 0
0 5 0
0 5.5 0
0 6 0
0 6.5 0
0 7 0
0 7.5 0
0 8 0
0 8.5 0
0 9 0
0 9.5 0
0 10 0
0 10.5 0
0 11 0
0 11.5 0
0 12 0
0 12.5 0
0 13 0
0 13.5 0
0 14 0
0 14.5 0
0 15 0
0 15.5 0
0 16 0
0 16.5 0
0 17 0
0 17.5 0
0 18 0
0 18.5 0
0 19 0
0 19.5 0
0 20 0
0 20.5 0

0.5 0 0
0.5 0.5 0
0.5 1 0.0795904
0.5 1.5 0.0335482
0.5 2 -0.000737065
0.5 2.5 -0.00590568
0.5 3 -0.00834801
0.5 3.5 -0.0319645
0.5 4 -0.0591218
0.5 4.5 -0.0544864
0.5 5 -0.0235527
0.5 5.5 -0.00871823
0.5 6 -0.03322
0.5 6.5 -0.0669867
0.5 7 -0.0697052
0.5 7.5 -0.0449433
0.5 8 -0.0300663
0.5 8.5 -0.0390723
0.5 9 -0.0482124
0.5 9.5 -0.0404654
0.5 10 -0.0341225
0.5 10.5 -0.0494978
0.5 11 -0.0657237
0.5 11.5 -0.0514028
0.5 12 -0.0204739
0.5 12.5 -0.0264425
0.5 13 -0.0812016
0.5 13.5 -0.123774
0.5 14 -0.0944455
0.5 14.5 -0.0215173
0.5 15 0.00762851
0.5 15.5 -0.0341078
0.5 16 -0.075085
0.5 16.5 -0.0469674
0.5 17 0.0141133
0.5 17.5 0.0205203
0.5 18 -0.0367178
0.5 18.5 -0.0604608
0.5 19 0.0173604
0.5 19.5 0.132653
0.5 20 0
0.5 20.5 0

1 0 0
1 0.5 0.0795904
1 1 0.520749
1 1.5 0.219017
1 2 -0.00490549
1 2.5 -0.03969
1 3 -0.0548984
1 3.5 -0.209973
1 4 -0.384618
1 4.5 -0.354731
1 5 -0.150079
1 5.5 -0.0547082
1 6 -0.21394
1 6.5 -0.436177
1 7 -0.456261
1 7.5 -0.296361
1 8 -0.198257
1 8.5 -0.255676
1 9 -0.315017
1 9.5 -0.266133
1 10 -0.227581
1 10.5 -0.326503
1 11 -0.431298
1 11.5 -0.336164
1 12 -0.135597
1 12.5 -0.175022
1 13 -0.534138
1 13.5 -0.811414
1 14 -0.616212
1 14.5 -0.139065
1 15 0.0527398
1 15.5 -0.219631
1 16 -0.486609
1 16.5 -0.305479
1 17 0.0946691
1 17.5 0.1332
1 18 -0.239703
1 18.5 -0.395689
1 19 0.113266
1 19.5 0.866353
1 20 0.132653
1 20.5 0

1.5 0 0
1.5 0.5 0.020547
1.5 1 0.136665
1.5 1.5 0.0140044
1.5 2 -0.0483656
1.5 2.5 0.00316802
1.5 3 0.0514547
1.5 3.5 -0.00527135
1.5 4 -0.0738017
1.5 4.5 -0.0115319
1.5 5 0.158228
1.5 5.5 0.234217
1.5 6 0.107756
1.5 6.5 -0.0916706
1.5 7 -0.17733
1.5 7.5 -0.145718
1.5 8 -0.13838
1.5 8.5 -0.210462
1.5 9 -0.264162
1.5 9.5 -0.232919
1.5 10 -0.21314
1.5 10.5 -0.292461
1.5 11 -0.380402
1.5 11.5 -0.312732
1.5 12 -0.139903
1.5 12.5 -0.0977281
1.5 13 -0.272248
1.5 13.5 -0.404749
1.5 14 -0.227747
1.5 14.5 0.136271
1.5 15 0.293734
1.5 15.5 0.102203
1.5 16 -0.132353
1.5 16.5 -0.0817025
1.5 17 0.142744
1.5 17.5 0.150858
1.5 18 -0.114088
1.5 18.5 -0.274474
1.5 19 -0.0321532
1.5 19.5 0.372157
1.5 20 0.0564228
1.5 20.5 0

2 0 0
2 0.5 -0.0118801
2 1 -0.0735907
2 1.5 -0.0524408
2 2 -0.0076261
2 2.5 0.0556071
2 3 0.0843084
2 3.5 0.0608375
2 4 0.0349996
2 4.5 0.0825797
2 5 0.182728
2 5.5 0.245249
2 6 0.195716
2 6.5 0.0874319
2 7 0.00931237
2 7.5 -0.015612
2 8 -0.0352769
2 8.5 -0.0738667
2 9 -0.100016
2 9.5 -0.0936289
2 10 -0.102682
2 10.5 -0.169982
2 11 -0.243541
2 11.5 -0.21899
2 12 -0.0972486
2 12.5 0.00465111
2 13 -0.00465972
2 13.5 -0.042408
2 14 0.0345686
2 14.5 0.197657
2 15 0.263591
2 15.5 0.143731
2 16 -0.0417014
2 16.5 -0.0903865
2 17 0.00432151
2 17.5 0.0850928
2 18 0.0444949
2 18.5 -0.0319652
2 19 -0.0282288
2 19.5 0.0354978
2 20 0.00490746
2 20.5 0

2.5 0 0
2.5 0.5 0.00500365
2.5 1 0.0329019
2.5 1.5 0.0983807
2.5 2 0.144612
2.5 2.5 0.098211
2.5 3 -0.000712951
2.5 3.5 -0.0963319
2.5 4 -0.162067
2.5 4.5 -0.210552
2.5 5 -0.228809
2.5 5.5 -0.202458
2.5 6 -0.131858
2.5 6.5 -0.072465
2.5 7 -0.0421157
2.5 7.5 -0.00985989
2.5 8 0.0580645
2.5 8.5 0.124966
2.5 9 0.145267
2.5 9.5 0.106098
2.5 10 0.0407969
2.5 10.5 -0.00602527
2.5 11 -0.0457321
2.5 11.5 -0.0633135
2.5 12 -0.0343779
2.5 12.5 0.0488345
2.5 13 0.123803
2.5 13.5 0.104741
2.5 14 -0.00431218
2.5 14.5 -0.133532
2.5 15 -0.214414
2.5 15.5 -0.268518
2.5 16 -0.341324
2.5 16.5 -0.398493
2.5 17 -0.320343
2.5 17.5 -0.0713146
2.5 18 0.213693
2.5 18.5 0.313137
2.5 19 0.187652
2.5 19.5 0.00215741
2.5 20 -7.72386e-05
2.5 20.5 0

3 0 0
3 0.5 0.0133115
3 1 0.0846931
3 1.5 0.201572
3 2 0.250553
3 2.5 0.131112
3 3 -0.0530908
3 3.5 -0.16899
3 4 -0.242644
3 4.5 -0.373659
3 5 -0.531278
3 5.5 -0.5703
3 6 -0.450571
3 6.5 -0.28519
3 7 -0.196243
3 7.5 -0.124707
3 8 0.0210057
3 8.5 0.195449
3 9 0.2396
3 9.5 0.121819
3 10 -0.00614166
3 10.5 -0.00726636
3 11 0.0378684
3 11.5 0.00928293
3 12 -0.0670045
3 12.5 -0.0448116
3 13 0.0809961
3 13.5 0.104309
3 14 -0.13268
3 14.5 -0.483599
3 15 -0.661318
3 15.5 -0.600603
3 16 -0.509824
3 16.5 -0.514335
3 17 -0.46136
3 17.5 -0.128905
3 18 0.356877
3 18.5 0.570424
3 19 0.308051
3 19.5 -0.088888
3 20 -0.0131589
3 20.5 0

3.5 0 0
3.5 0.5 -0.0329506
3.5 1 -0.219087
3.5 1.5 0.028383
3.5 2 0.186773
3.5 2.5 0.123682
3.5 3 0.0286154
3.5 3.5 0.0651637
3.5 4 0.129728
3.5 4.5 0.0171155
3.5 5 -0.229493
3.5 5.5 -0.367564
3.5 6 -0.2993
3.5 6.5 -0.209248
3.5 7 -0.252674
3.5 7.5 -0.303514
3.5 8 -0.175876
3.5 8.5 0.0535271
3.5 9 0.101877
3.5 9.5 -0.0969055
3.5 10 -0.268208
3.5 10.5 -0.186408
3.5 11 -0.00476188
3.5 11.5 -0.0114993
3.5 12 -0.203316
3.5 12.5 -0.268796
3.5 13 -0.0763759
3.5 13.5 0.0905835
3.5 14 -0.0816267
3.5 14.5 -0.457365
3.5 15 -0.597164
3.5 15.5 -0.357204
3.5 16 -0.0792456
3.5 16.5 -0.0742197
3.5 17 -0.172354
3.5 17.5 0.00723346
3.5 18 0.433824
3.5 18.5 0.568985
3.5 19 0.116023
3.5 19.5 -0.518264
3.5 20 -0.0789776
3.5 20.5 0

4 0 0
4 0.5 -0.093262
4 1 -0.61125
4 1.5 -0.237162
4 2 0.0295672
4 2.5 0.0635188
4 3 0.1118
4 3.5 0.364597
4 4 0.636653
4 4.5 0.62462
4 5 0.365185
4 5.5 0.176881
4 6 0.171525
4 6.5 0.109983
4 7 -0.17544
4 7.5 -0.441949
4 8 -0.378201
4 8.5 -0.0916147
4 9 0.00729945
4 9.5 -0.211125
4 10 -0.383079
4 10.5 -0.201764
4 11 0.11494
4 11.5 0.108558
4 12 -0.234499
4 12.5 -0.449284
4 13 -0.238249
4 13.5 0.0987885
4 14 0.100294
4 14.5 -0.164626
4 15 -0.193669
4 15.5 0.218598
4 16 0.637209
4 16.5 0.598917
4 17 0.267681
4 17.5 0.168588
4 18 0.385602
4 18.5 0.38609
4 19 -0.204013
4 19.5 -0.983425
4 20 -0.150007
4 20.5 0

4.5 0 0
4.5 0.5 -0.0918672
4.5 1 -0.60105
4.5 1.5 -0.247482
4.5 2 -0.0332192
4.5 2.5 -0.0582437
4.5 3 -0.0171243
4.5 3.5 0.305483
4.5 4 0.67947
4.5 4.5 0.729764
4.5 5 0.516938
4.5 5.5 0.380858
4.5 6 0.426575
4.5 6.5 0.336025
4.5 7 -0.0693599
4.5 7.5 -0.443925
4.5 8 -0.362445
4.5 8.5 0.0602188
4.5 9 0.282275
4.5 9.5 0.105306
4.5 10 -0.0486858
4.5 10.5 0.204398
4.5 11 0.602
4.5 11.5 0.567782
4.5 12 0.0417336
4.5 12.5 -0.391528
4.5 13 -0.288633
4.5 13.5 0.0905905
4.5 14 0.186833
4.5 14.5 -0.0201317
4.5 15 -0.0157355
4.5 15.5 0.442175
4.5 16 0.908469
4.5 16.5 0.822173
4.5 17 0.342053
4.5 17.5 0.0673014
4.5 18 0.199763
4.5 18.5 0.236383
4.5 19 -0.26451
4.5 19.5 -0.971288
4.5 20 -0.148137
4.5 20.5 0

5 0 0
5 0.5 -0.0297325
5 1 -0.193951
5 1.5 0.0168224
5 2 0.046999
5 2.5 -0.181175
5 3 -0.314518
5 3.5 -0.108935
5 4 0.191427
5 4.5 0.217239
5 5 0.0384082
5 5.5 0.0493725
5 6 0.295079
5 6.5 0.366428
5 7 0.0469467
5 7.5 -0.270533
5 8 -0.079215
5 8.5 0.500298
5 9 0.833469
5 9.5 0.674941
5 10 0.499617
5 10.5 0.752103
5 11 1.1942
5 11.5 1.1592
5 12 0.52752
5 12.5 -0.090631
5 13 -0.157936
5 13.5 0.124334
5 14 0.169003
5 14.5 -0.109826
5 15 -0.216842
5 15.5 0.134255
5 16 0.529636
5 16.5 0.429417
5 17 -0.0502392
5 17.5 -0.280983
5 18 -0.032188
5 18.5 0.215397
5 19 -0.020758
5 19.5 -0.499984
5 20 -0.0761636
5 20.5 0

5.5 0 0
5.5 0.5 0.0149826
5.5 1 0.0969805
5.5 1.5 0.211729
5.5 2 0.125569
5.5 2.5 -0.235366
5.5 3 -0.508268
5.5 3.5 -0.438386
5.5 4 -0.254481
5.5 4.5 -0.299346
5.5 5 -0.452259
5.5 5.5 -0.315623
5.5 6 0.135844
5.5 6.5 0.409549
5.5 7 0.243196
5.5 7.5 0.0253878
5.5 8 0.284893
5.5 8.5 0.892753
5.5 9 1.20691
5.5 9.5 0.9688
5.5 10 0.694135
5.5 10.5 0.897672
5.5 11 1.3655
5.5 11.5 1.42975
5.5 12 0.887818
5.5 12.5 0.26773
5.5 13 0.115972
5.5 13.5 0.291993
5.5 14 0.260776
5.5 14.5 -0.109155
5.5 15 -0.35627
5.5 15.5 -0.196415
5.5 16 0.0521226
5.5 16.5 -0.0844735
5.5 17 -0.482635
5.5 17.5 -0.576612
5.5 18 -0.172933
5.5 18.5 0.243095
5.5 19 0.186324
5.5 19.5 -0.130789
5.5 20 -0.0195386
5.5 20.5 0

6 0 0
6 0.5 -0.00675862
6 1 -0.0443455
6 1.5 0.118702
6 2 0.0979148
6 2.5 -0.203616
6 3 -0.442267
6 3.5 -0.375478
6 4 -0.218501
6 4.5 -0.285619
6 5 -0.432522
6 5.5 -0.260689
6 6 0.241798
6 6.5 0.584055
6 7 0.476545
6 7.5 0.275527
6 8 0.480211
6 8.5 0.97164
6 9 1.13692
6 9.5 0.753004
6 10 0.359149
6 10.5 0.488756
6 11 0.991375
6 11.5 1.2224
6 12 0.916051
6 12.5 0.468593
6 13 0.361389
6 13.5 0.521267
6 14 0.504655
6 14.5 0.178156
6 15 -0.109769
6 15.5 -0.0979899
6 16 -0.0281203
6 16.5 -0.239986
6 17 -0.582069
6 17.5 -0.584198
6 18 -0.14521
6 18.5 0.232669
6 19 0.129757
6 19.5 -0.228482
6 20 -0.0348902
6 20.5 0

6.5 0 0
6.5 0.5 -0.0503396
6.5 1 -0.32773
6.5 1.5 -0.0732464
6.5 2 0.0226139
6.5 2.5 -0.137267
6.5 3 -0.263027
6.5 3.5 -0.126463
6.5 4 0.0716582
6.5 4.5 0.0487826
6.5 5 -0.0823054
6.5 5.5 0.0399597
6.5 6 0.436385
6.5 6.5 0.689607
6.5 7 0.545702
6.5 7.5 0.320087
6.5 8 0.440713
6.5 8.5 0.793357
6.5 9 0.838193
6.5 9.5 0.392331
6.5 10 -0.0407781
6.5 10.5 0.0390246
6.5 11 0.525548
6.5 11.5 0.854312
6.5 12 0.740397
6.5 12.5 0.456375
6.5 13 0.405758
6.5 13.5 0.576252
6.5 14 0.643817
6.5 14.5 0.4736
6.5 15 0.27886
6.5 15.5 0.22647
6.5 16 0.151733
6.5 16.5 -0.138739
6.5 17 -0.452983
6.5 17.5 -0.407604
6.5 18 -0.0188951
6.5 18.5 0.225639
6.5 19 -0.0368325
6.5 19.5 -0.509083
6.5 20 -0.0780882
6.5 20.5 0

7 0 0
7 0.5 -0.0498468
7 1 -0.326404
7 1.5 -0.0907931
7 2 0.0139535
7 2.5 -0.108244
7 3 -0.207112
7 3.5 -0.0730377
7 4 0.134236
7 4.5 0.16158
7 5 0.0661298
7 5.5 0.120182
7 6 0.361398
7 6.5 0.486883
7 7 0.326698
7 7.5 0.149678
7 8 0.286728
7 8.5 0.617118
7 9 0.690396
7 9.5 0.370962
7 10 0.0406312
7 10.5 0.115406
7 11 0.491287
7 11.5 0.739931
7 12 0.619077
7 12.5 0.338252
7 13 0.226748
7 13.5 0.331535
7 14 0.439823
7 14.5 0.42166
7 15 0.353822
7 15.5 0.299623
7 16 0.143564
7 16.5 -0.174234
7 17 -0.419827
7 17.5 -0.300173
7 18 0.0836106
7 18.5 0.263786
7 19 -0.0411908
7 19.5 -0.523479
7 20 -0.0800413
7 20.5 0

7.5 0 0
7.5 0.5 -0.0173913
7.5 1 -0.116164
7.5 1.5 0.0249133
7.5 2 0.0564509
7.5 2.5 -0.0965755
7.5 3 -0.241473
7.5 3.5 -0.19643
7.5 4 -0.0478837
7.5 4.5 0.000753148
7.5 5 -0.0429033
7.5 5.5 -0.0271043
7.5 6 0.0796913
7.5 6.5 0.104989
7.5 7 -0.0125867
7.5 7.5 -0.0694624
7.5 8 0.15173
7.5 8.5 0.528996
7.5 9 0.737474
7.5 9.5 0.672348
7.5 10 0.582714
7.5 10.5 0.685708
7.5 11 0.881994
7.5 11.5 0.886075
7.5 12 0.59623
7.5 12.5 0.207119
7.5 13 -0.0113557
7.5 13.5 -0.0119205
7.5 14 0.074583
7.5 14.5 0.126866
7.5 15 0.144386
7.5 15.5 0.0997644
7.5 16 -0.0748128
7.5 16.5 -0.346457
7.5 17 -0.48076
7.5 17.5 -0.276579
7.5 18 0.12255
7.5 18.5 0.303746
7.5 19 0.0639694
7.5 19.5 -0.315375
7.5 20 -0.0477366
7.5 20.5 0

8 0 0
8 0.5 -0.0160127
8 1 -0.107419
8 1.5 -0.00726415
8 2 0.0262918
8 2.5 -0.062153
8 3 -0.161418
8 3.5 -0.160343
8 4 -0.073632
8 4.5 -0.00911912
8 5 0.00168569
8 5.5 8.91693e-05
8 6 -0.0145453
8 6.5 -0.0845107
8 7 -0.181569
8 7.5 -0.160836
8 8 0.0653207
8 8.5 0.39614
8 9 0.660337
8 9.5 0.833083
8 10 0.997807
8 10.5 1.16074
8 11 1.16966
8 11.5 0.911808
8 12 0.471311
8 12.5 0.0699427
8 13 -0.131374
8 13.5 -0.139325
8 14 -0.0641081
8 14.5 0.0202958
8 15 0.0710828
8 15.5 0.0405105
8 16 -0.112609
8 16.5 -0.307605
8 17 -0.352106
8 17.5 -0.148329
8 18 0.151455
8 18.5 0.240454
8 19 0.011848
8 19.5 -0.301907
8 20 -0.0456529
8 20.5 0

8.5 0 0
8.5 0.5 -0.055012
8.5 1 -0.361867
8.5 1.5 -0.247298
8.5 2 -0.127257
8.5 2.5 -0.0226044
8.5 3 0.0596309
8.5 3.5 0.127585
8.5 4 0.21095
8.5 4.5 0.29775
8.5 5 0.369616
8.5 5.5 0.359122
8.5 6 0.224349
8.5 6.5 0.0316831
8.5 7 -0.0955274
8.5 7.5 -0.0766006
8.5 8 0.0410992
8.5 8.5 0.17485
8.5 9 0.328267
8.5 9.5 0.591207
8.5 10 0.934212
8.5 10.5 1.14635
8.5 11 1.02664
8.5 11.5 0.617347
8.5 12 0.180257
8.5 12.5 -0.056956
8.5 13 -0.073414
8.5 13.5 0.0229987
8.5 14 0.137947
8.5 14.5 0.244391
8.5 15 0.302436
8.5 15.5 0.276219
8.5 16 0.158531
8.5 16.5 0.0349573
8.5 17 0.0324918
8.5 17.5 0.135069
8.5 18 0.206162
8.5 18.5 0.0795312
8.5 19 -0.248316
8.5 19.5 -0.584832
8.5 20 -0.0888466
8.5 20.5 0

9 0 0
9 0.5 -0.0665205
9 1 -0.434358
9 1.5 -0.399769
9 2 -0.301366
9 2.5 -0.0760877
9 3 0.169137
9 3.5 0.320523
9 4 0.403073
9 4.5 0.529037
9 5 0.673621
9 5.5 0.684829
9 6 0.47525
9 6.5 0.193208
9 7 0.0531775
9 7.5 0.0872283
9 8 0.116093
9 8.5 0.0416648
9 9 0.0152452
9 9.5 0.256772
9 10 0.666625
9 10.5 0.899423
9 11 0.705471
9 11.5 0.260669
9 12 -0.0687738
9 12.5 -0.091123
9 13 0.0785306
9 13.5 0.259757
9 14 0.387893
9 14.5 0.484164
9 15 0.525457
9 15.5 0.467556
9 16 0.338662
9 16.5 0.260358
9 17 0.286574
9 17.5 0.32619
9 18 0.228304
9 18.5 -0.0477949
9 19 -0.417808
9 19.5 -0.73641
9 20 -0.112148
9 20.5 0

9.5 0 0
9.5 0.5 -0.00177459
9.5 1 -0.0129478
9.5 1.5 -0.25143
9.5 2 -0.395257
9.5 2.5 -0.267407
9.5 3 -0.0201142
9.5 3.5 0.109519
9.5 4 0.154324
9.5 4.5 0.297192
9.5 5 0.539603
9.5 5.5 0.628226
9.5 6 0.423867
9.5 6.5 0.131333
9.5 7 0.0549335
9.5 7.5 0.204537
9.5 8 0.280494
9.5 8.5 0.141017
9.5 9 0.0184702
9.5 9.5 0.21821
9.5 10 0.63052
9.5 10.5 0.836011
9.5 11 0.601701
9.5 11.5 0.172763
9.5 12 -0.0635522
9.5 12.5 0.0187206
9.5 13 0.205846
9.5 13.5 0.32135
9.5 14 0.384911
9.5 14.5 0.457344
9.5 15 0.462059
9.5 15.5 0.315159
9.5 16 0.0950799
9.5 16.5 -0.00151471
9.5 17 0.0825238
9.5 17.5 0.178092
9.5 18 0.127651
9.5 18.5 -0.0693392
9.5 19 -0.267542
9.5 19.5 -0.405757
9.5 20 -0.0617121
9.5 20.5 0

10 0 0
10 0.5 0.0860749
10 1 0.561595
10 1.5 0.0204041
10 2 -0.425428
10 2.5 -0.477009
10 3 -0.32241
10 3.5 -0.268874
10 4 -0.288056
10 4.5 -0.134892
10 5 0.198179
10 5.5 0.383384
10 6 0.218267
10 6.5 -0.051841
10 7 -0.0566693
10 7.5 0.216571
10 8 0.411898
10 8.5 0.328093
10 9 0.208665
10 9.5 0.385491
10 10 0.755864
10 10.5 0.905813
10 11 0.64913
10 11.5 0.265434
10 12 0.100432
10 12.5 0.167678
10 13 0.226677
10 13.5 0.194327
10 14 0.205656
10 14.5 0.318185
10 15 0.341006
10 15.5 0.0907209
10 16 -0.292039
10 16.5 -0.48657
10 17 -0.38452
10 17.5 -0.17976
10 18 -0.0785959
10 18.5 -0.0566881
10 19 0.0218894
10 19.5 0.148033
10 20 0.0233261
10 20.5 0

10.5 0 0
10.5 0.5 0.10578
10.5 1 0.691417
10.5 1.5 0.0640763
10.5 2 -0.455486
10.5 2.5 -0.525971
10.5 3 -0.364569
10.5 3.5 -0.317706
10.5 4 -0.363824
10.5 4.5 -0.20445
10.5 5 0.168294
10.5 5.5 0.389002
10.5 6 0.221539
10.5 6.5 -0.0897712
10.5 7 -0.12894
10.5 7.5 0.138852
10.5 8 0.358684
10.5 8.5 0.31302
10.5 9 0.21924
10.5 9.5 0.371911
10.5 10 0.668088
10.5 10.5 0.743085
10.5 11 0.495271
10.5 11.5 0.202658
10.5 12 0.128281
10.5 12.5 0.174388
10.5 13 0.119495
10.5 13.5 0.00843224
10.5 14 0.0923561
10.5 14.5 0.391035
10.5 15 0.542725
10.5 15.5 0.259084
10.5 16 -0.272104
10.5 16.5 -0.603696
10.5 17 -0.567513
10.5 17.5 -0.366282
10.5 18 -0.236451
10.5 18.5 -0.127546
10.5 19 0.104004
10.5 19.5 0.377919
10.5 20 0.0580861
10.5 20.5 0

11 0 0
11 0.5 0.0467606
11 1 0.305902
11 1.5 -0.153434
11 2 -0.474089
11 2.5 -0.366475
11 3 -0.0810366
11 3.5 0.0373262
11 4 0.016599
11 4.5 0.159465
11 5 0.487969
11 5.5 0.658297
11 6 0.432767
11 6.5 0.0450139
11 7 -0.0953196
11 7.5 0.0490941
11 8 0.171185
11 8.5 0.0927791
11 9 0.0135064
11 9.5 0.147095
11 10 0.371962
11 10.5 0.371399
11 11 0.139507
11 11.5 -0.0403581
11 12 -0.00181704
11 12.5 0.0608901
11 13 -0.0452078
11 13.5 -0.150201
11 14 0.0898158
11 14.5 0.626061
11 15 0.965204
11 15.5 0.74734
11 16 0.186888
11 16.5 -0.208069
11 17 -0.26452
11 17.5 -0.209709
11 18 -0.256886
11 18.5 -0.277754
11 19 -0.0915224
11 19.5 0.177752
11 20 0.0275473
11 20.5 0

11.5 0 0
11.5 0.5 -0.00843964
11.5 1 -0.0553699
11.5 1.5 -0.299856
11.5 2 -0.402331
11.5 2.5 -0.167704
11.5 3 0.176344
11.5 3.5 0.329141
11.5 4 0.337279
11.5 4.5 0.449032
11.5 5 0.680949
11.5 5.5 0.750107
11.5 6 0.489568
11.5 6.5 0.118849
11.5 7 -0.0358521
11.5 7.5 0.0236785
11.5 8 0.0541858
11.5 8.5 -0.0350242
11.5 9 -0.0639774
11.5 9.5 0.101059
11.5 10 0.286986
11.5 10.5 0.228768
11.5 11 -0.000660861
11.5 11.5 -0.109382
11.5 12 -0.0166421
11.5 12.5 0.0249375
11.5 13 -0.151817
11.5 13.5 -0.281616
11.5 14 0.0147711
11.5 14.5 0.651638
11.5 15 1.0938
11.5 15.5 0.975112
11.5 16 0.526912
11.5 16.5 0.22002
11.5 17 0.155921
11.5 17.5 0.0566665
11.5 18 -0.211418
11.5 18.5 -0.402262
11.5 19 -0.267836
11.5 19.5 -3.517e-05
11.5 20 0.000102462
11.5 20.5 0

12 0 0
12 0.5 0.0076684
12 1 0.0492937
12 1.5 -0.136255
12 2 -0.236202
12 2.5 -0.125879
12 3 0.0514101
12 3.5 0.137194
12 4 0.17346
12 4.5 0.29528
12 5 0.443377
12 5.5 0.439294
12 6 0.22329
12 6.5 0.00666427
12 7 -0.0100536
12 7.5 0.09467
12 8 0.125189
12 8.5 0.0897853
12 9 0.167415
12 9.5 0.420538
12 10 0.599823
12 10.5 0.507143
12 11 0.266559
12 11.5 0.177865
12 12 0.242574
12 12.5 0.190914
12 13 -0.114719
12 13.5 -0.365285
12 14 -0.184887
12 14.5 0.334176
12 15 0.69955
12 15.5 0.624873
12 16 0.34288
12 16.5 0.233052
12 17 0.253494
12 17.5 0.0992314
12 18 -0.266949
12 18.5 -0.453933
12 19 -0.194354
12 19.5 0.227163
12 20 0.0351211
12 20.5 0

12.5 0 0
12.5 0.5 0.0651358
12.5 1 0.424611
12.5 1.5 0.189343
12.5 2 -0.0649885
12.5 2.5 -0.259305
12.5 3 -0.372855
12.5 3.5 -0.38366
12.5 4 -0.258011
12.5 4.5 -0.0425301
12.5 5 0.106911
12.5 5.5 0.070106
12.5 6 -0.0609239
12.5 6.5 -0.0863172
12.5 7 0.0609665
12.5 7.5 0.218087
12.5 8 0.24589
12.5 8.5 0.251554
12.5 9 0.413502
12.5 9.5 0.708739
12.5 10 0.876041
12.5 10.5 0.757024
12.5 11 0.539425
12.5 11.5 0.479283
12.5 12 0.532715
12.5 12.5 0.414984
12.5 13 0.0302047
12.5 13.5 -0.307589
12.5 14 -0.277022
12.5 14.5 0.0257105
12.5 15 0.201629
12.5 15.5 0.0776602
12.5 16 -0.0870297
12.5 16.5 -0.0524742
12.5 17 0.0394624
12.5 17.5 -0.118843
12.5 18 -0.45295
12.5 18.5 -0.488775
12.5 19 0.0261249
12.5 19.5 0.689904
12.5 20 0.10586
12.5 20.5 0

13 0 0
13 0.5 0.0861943
13 1 0.565628
13 1.5 0.362036
13 2 0.043535
13 2.5 -0.368826
13 3 -0.69864
13 3.5 -0.734816
13 4 -0.448884
13 4.5 -0.0697986
13 5 0.121782
13 5.5 0.0766334
13 6 -0.0102869
13 6.5 0.0557189
13 7 0.224993
13 7.5 0.293517
13 8 0.214108
13 8.5 0.163591
13 9 0.30626
13 9.5 0.544846
13 10 0.627172
13 10.5 0.482502
13 11 0.342532
13 11.5 0.392538
13 12 0.524183
13 12.5 0.459893
13 13 0.161087
13 13.5 -0.0965793
13 14 -0.0742703
13 14.5 0.0992411
13 15 0.106469
13 15.5 -0.0984517
13 16 -0.258713
13 16.5 -0.205182
13 17 -0.140065
13 17.5 -0.328484
13 18 -0.615992
13 18.5 -0.522606
13 19 0.148369
13 19.5 0.929379
13 20 0.141762
13 20.5 0

13.5 0 0
13.5 0.5 0.0461465
13.5 1 0.306467
13.5 1.5 0.304686
13.5 2 0.135709
13.5 2.5 -0.283348
13.5 3 -0.681492
13.5 3.5 -0.690592
13.5 4 -0.281315
13.5 4.5 0.204726
13.5 5 0.415975
13.5 5.5 0.35333
13.5 6 0.276025
13.5 6.5 0.333145
13.5 7 0.389392
13.5 7.5 0.269982
13.5 8 0.0275736
13.5 8.5 -0.0911376
13.5 9 0.000103873
13.5 9.5 0.130676
13.5 10 0.0814155
13.5 10.5 -0.101164
13.5 11 -0.150586
13.5 11.5 0.0374186
13.5 12 0.282045
13.5 12.5 0.331507
13.5 13 0.199318
13.5 13.5 0.142829
13.5 14 0.276878
13.5 14.5 0.431283
13.5 15 0.359018
13.5 15.5 0.0900977
13.5 16 -0.110746
13.5 16.5 -0.120006
13.5 17 -0.129235
13.5 17.5 -0.330571
13.5 18 -0.578717
13.5 18.5 -0.472231
13.5 19 0.114408
13.5 19.5 0.779575
13.5 20 0.118398
13.5 20.5 0

14 0 0
14 0.5 -0.0117694
14 1 -0.0744036
14 1.5 0.186025
14 2 0.273662
14 2.5 -0.0307623
14 3 -0.427684
14 3.5 -0.467449
14 4 -0.0848154
14 4.5 0.345324
14 5 0.498015
14 5.5 0.427293
14 6 0.397743
14 6.5 0.455094
14 7 0.405152
14 7.5 0.135711
14 8 -0.146
14 8.5 -0.194603
14 9 -0.0310564
14 9.5 0.0516815
14 10 -0.10405
14 10.5 -0.342883
14 11 -0.35224
14 11.5 -0.11049
14 12 0.145834
14 12.5 0.214509
14 13 0.178138
14 13.5 0.243503
14 14 0.449005
14 14.5 0.578361
14 15 0.45738
14 15.5 0.174607
14 16 -0.0287524
14 16.5 -0.0682275
14 17 -0.0721492
14 17.5 -0.186976
14 18 -0.324935
14 18.5 -0.263681
14 19 0.0721475
14 19.5 0.446277
14 20 0.0674745
14 20.5 0

14.5 0 0
14.5 0.5 -0.0489393
14.5 1 -0.323068
14.5 1.5 0.125871
14.5 2 0.415228
14.5 2.5 0.227294
14.5 3 -0.165462
14.5 3.5 -0.286187
14.5 4 -0.0591876
14.5 4.5 0.191994
14.5 5 0.221271
14.5 5.5 0.161205
14.5 6 0.229981
14.5 6.5 0.347901
14.5 7 0.256388
14.5 7.5 -0.0450561
14.5 8 -0.229835
14.5 8.5 -0.0491523
14.5 9 0.316649
14.5 9.5 0.460924
14.5 10 0.252023
14.5 10.5 -0.0386689
14.5 11 -0.0817196
14.5 11.5 0.0964533
14.5 12 0.239095
14.5 12.5 0.211446
14.5 13 0.144208
14.5 13.5 0.209151
14.5 14 0.350796
14.5 14.5 0.378316
14.5 15 0.208864
14.5 15.5 -0.0291639
14.5 16 -0.163963
14.5 16.5 -0.15859
14.5 17 -0.0916499
14.5 17.5 -0.0349145
14.5 18 -0.00321723
14.5 18.5 0.0355396
14.5 19 0.0842195
14.5 19.5 0.130768
14.5 20 0.019969
14.5 20.5 0

15 0 0
15 0.5 -0.0733777
15 1 -0.485078
15 1.5 0.0495078
15 2 0.443944
15 2.5 0.364802
15 3 0.0442402
15 3.5 -0.0943177
15 4 0.00936002
15 4.5 0.0720051
15 5 -0.0255575
15 5.5 -0.0792867
15 6 0.0701558
15 6.5 0.223324
15 7 0.0909346
15 7.5 -0.234245
15 8 -0.31921
15 8.5 0.0703053
15 9 0.615199
15 9.5 0.828936
15 10 0.603023
15 10.5 0.288858
15 11 0.20111
15 11.5 0.280332
15 12 0.283667
15 12.5 0.170911
15 13 0.0959294
15 13.5 0.148623
15 14 0.198392
15 14.5 0.112924
15 15 -0.0600382
15 15.5 -0.178244
15 16 -0.178824
15 16.5 -0.125866
15 17 -0.0476832
15 17.5 0.0825379
15 18 0.22767
15 18.5 0.239997
15 19 0.0506744
15 19.5 -0.180965
15 20 -0.0271246
15 20.5 0

15.5 0 0
15.5 0.5 -0.100272
15.5 1 -0.66077
15.5 1.5 -0.111017
15.5 2 0.331879
15.5 2.5 0.377648
15.5 3 0.228118
15.5 3.5 0.214787
15.5 4 0.308278
15.5 4.5 0.269804
15.5 5 0.0740712
15.5 5.5 -0.0031749
15.5 6 0.157941
15.5 6.5 0.273463
15.5 7 0.0439323
15.5 7.5 -0.36909
15.5 8 -0.469177
15.5 8.5 -0.0467837
15.5 9 0.509903
15.5 9.5 0.705777
15.5 10 0.481445
15.5 10.5 0.192789
15.5 11 0.105791
15.5 11.5 0.118071
15.5 12 0.056178
15.5 12.5 -0.0324892
15.5 13 0.00740518
15.5 13.5 0.15075
15.5 14 0.186354
15.5 14.5 0.0563155
15.5 15 -0.0487072
15.5 15.5 0.0312301
15.5 16 0.198201
15.5 16.5 0.251987
15.5 17 0.190177
15.5 17.5 0.201097
15.5 18 0.29662
15.5 18.5 0.252573
15.5 19 -0.0888599
15.5 19.5 -0.502577
15.5 20 -0.0764098
15.5 20.5 0

16 0 0
16 0.5 -0.111095
16 1 -0.728506
16 1.5 -0.226222
16 2 0.197728
16 2.5 0.331629
16 3 0.343829
16 3.5 0.463485
16 4 0.594715
16 4.5 0.506728
16 5 0.25372
16 5.5 0.141677
16 6 0.282899
16 6.5 0.367401
16 7 0.0887785
16 7.5 -0.370404
16 8 -0.520389
16 8.5 -0.198947
16 9 0.231796
16 9.5 0.335144
16 10 0.128448
16 10.5 -0.070504
16 11 -0.10137
16 11.5 -0.116841
16 12 -0.221259
16 12.5 -0.262028
16 13 -0.0783518
16 13.5 0.171334
16 14 0.212842
16 14.5 0.0582591
16 15 0.0350872
16 15.5 0.323146
16 16 0.668188
16 16.5 0.708411
16 17 0.461593
16 17.5 0.257391
16 18 0.237834
16 18.5 0.160844
16 19 -0.202292
16 19.5 -0.6564
16 20 -0.100277
16 20.5 0

16.5 0 0
16.5 0.5 -0.0792855
16.5 1 -0.519176
16.5 1.5 -0.138297
16.5 2 0.172886
16.5 2.5 0.261805
16.5 3 0.274057
16.5 3.5 0.386052
16.5 4 0.465935
16.5 4.5 0.32077
16.5 5 0.0388332
16.5 5.5 -0.0598679
16.5 6 0.122361
16.5 6.5 0.282994
16.5 7 0.129885
16.5 7.5 -0.189386
16.5 8 -0.292224
16.5 8.5 -0.0578036
16.5 9 0.209097
16.5 9.5 0.218649
16.5 10 0.0594316
16.5 10.5 0.00415826
16.5 11 0.0597254
16.5 11.5 0.0158407
16.5 12 -0.173323
16.5 12.5 -0.254383
16.5 13 -0.0683581
16.5 13.5 0.161309
16.5 14 0.102531
16.5 14.5 -0.16071
16.5 15 -0.195555
16.5 15.5 0.207172
16.5 16 0.69268
16.5 16.5 0.778169
16.5 17 0.457946
16.5 17.5 0.157148
16.5 18 0.109845
16.5 18.5 0.109074
16.5 19 -0.13365
16.5 19.5 -0.485397
16.5 20 -0.074045
16.5 20.5 0

17 0 0
17 0.5 -0.0227394
17 1 -0.150721
17 1.5 0.0808464
17 2 0.240057
17 2.5 0.192807
17 3 0.0707337
17 3.5 0.0247995
17 4 -0.0280353
17 4.5 -0.226064
17 5 -0.476474
17 5.5 -0.502612
17 6 -0.232498
17 6.5 0.0778417
17 7 0.158563
17 7.5 0.0886707
17 8 0.121917
17 8.5 0.302676
17 9 0.408504
17 9.5 0.324407
17 10 0.221451
17 10.5 0.314564
17 11 0.475443
17 11.5 0.433252
17 12 0.167928
17 12.5 -0.0118603
17 13 0.0665371
17 13.5 0.15662
17 14 -0.073743
17 14.5 -0.50536
17 15 -0.654154
17 15.5 -0.281735
17 16 0.242667
17 16.5 0.403999
17 17 0.169455
17 17.5 -0.0467766
17 18 0.0100496
17 18.5 0.140302
17 19 0.0598815
17 19.5 -0.147307
17 20 -0.0219959
17 20.5 0

17.5 0 0
17.5 0.5 0.00732028
17.5 1 0.0454803
17.5 1.5 0.187182
17.5 2 0.258714
17.5 2.5 0.131598
17.5 3 -0.0847189
17.5 3.5 -0.241186
17.5 4 -0.368657
17.5 4.5 -0.54947
17.5 5 -0.711504
17.5 5.5 -0.65867
17.5 6 -0.355839
17.5 6.5 0.00525088
17.5 7 0.22146
17.5 7.5 0.326265
17.5 8 0.424267
17.5 8.5 0.498243
17.5 9 0.403445
17.5 9.5 0.176112
17.5 10 0.0713187
17.5 10.5 0.256934
17.5 11 0.543958
17.5 11.5 0.601594
17.5 12 0.396347
17.5 12.5 0.215749
17.5 13 0.23144
17.5 13.5 0.239195
17.5 14 -0.0709783
17.5 14.5 -0.572806
17.5 15 -0.822503
17.5 15.5 -0.582725
17.5 16 -0.158244
17.5 16.5 0.0153309
17.5 17 -0.101085
17.5 17.5 -0.17064
17.5 18 -0.0135156
17.5 18.5 0.18108
17.5 19 0.160206
17.5 19.5 0.0123929
17.5 20 0.00239551
17.5 20.5 0

18 0 0
18 0.5 -0.0085888
18 1 -0.0561124
18 1.5 0.0686916
18 2 0.145711
18 2.5 0.0886431
18 3 -0.0486885
18 3.5 -0.155762
18 4 -0.23378
18 4.5 -0.318644
18 5 -0.372957
18 5.5 -0.299266
18 6 -0.0886871
18 6.5 0.15201
18 7 0.321338
18 7.5 0.423819
18 8 0.465058
18 8.5 0.364111
18 9 0.046941
18 9.5 -0.35623
18 10 -0.531655
18 10.5 -0.331443
18 11 0.050325
18 11.5 0.281085
18 12 0.283635
18 12.5 0.254976
18 13 0.331402
18 13.5 0.369562
18 14 0.157816
18 14.5 -0.222738
18 15 -0.448086
18 15.5 -0.34782
18 16 -0.121651
18 16.5 -0.0459494
18 17 -0.122042
18 17.5 -0.118699
18 18 0.0413336
18 18.5 0.16546
18 19 0.0716533
18 19.5 -0.119472
18 20 -0.0181075
18 20.5 0

18.5 0 0
18.5 0.5 -0.0327198
18.5 1 -0.211289
18.5 1.5 -0.121473
18.5 2 -0.0360603
18.5 2.5 0.026709
18.5 3 0.0722265
18.5 3.5 0.107119
18.5 4 0.118198
18.5 4.5 0.104504
18.5 5 0.0929568
18.5 5.5 0.124274
18.5 6 0.191018
18.5 6.5 0.265961
18.5 7 0.347
18.5 7.5 0.427916
18.5 8 0.428306
18.5 8.5 0.219175
18.5 9 -0.223589
18.5 9.5 -0.715071
18.5 10 -0.962054
18.5 10.5 -0.819624
18.5 11 -0.437883
18.5 11.5 -0.0811144
18.5 12 0.123202
18.5 12.5 0.245427
18.5 13 0.357533
18.5 13.5 0.411054
18.5 14 0.328395
18.5 14.5 0.163591
18.5 15 0.0618522
18.5 15.5 0.080997
18.5 16 0.115729
18.5 16.5 0.0603054
18.5 17 -0.0250914
18.5 17.5 -0.0129407
18.5 18 0.085918
18.5 18.5 0.104122
18.5 19 -0.0683838
18.5 19.5 -0.296311
18.5 20 -0.0455297
18.5 20.5 0

19 0 0
19 0.5 -0.0239187
19 1 -0.157352
19 1.5 -0.197525
19 2 -0.186512
19 2.5 -0.0526624
19 3 0.134863
19 3.5 0.248672
19 4 0.241943
19 4.5 0.172366
19 5 0.115899
19 5.5 0.0862215
19 6 0.0704159
19 6.5 0.0979474
19 7 0.226789
19 7.5 0.423011
19 8 0.52094
19 8.5 0.376347
19 9 -0.0133219
19 9.5 -0.445187
19 10 -0.678907
19 10.5 -0.623317
19 11 -0.342143
19 11.5 -0.00341848
19 12 0.253429
19 12.5 0.382585
19 13 0.374719
19 13.5 0.284647
19 14 0.187656
19 14.5 0.149572
19 15 0.161908
19 15.5 0.162502
19 16 0.0992491
19 16.5 0.00250004
19 17 -0.0375117
19 17.5 0.0107648
19 18 0.077662
19 18.5 0.0470291
19 19 -0.103029
19 19.5 -0.274261
19 20 -0.0420126
19 20.5 0

19.5 0 0
19.5 0.5 0.00474507
19.5 1 0.0281733
19.5 1.5 -0.16605
19.5 2 -0.264186
19.5 2.5 -0.10655
19.5 3 0.152533
19.5 3.5 0.253134
19.5 4 0.108901
19.5 4.5 -0.105005
19.5 5 -0.247596
19.5 5.5 -0.312036
19.5 6 -0.328748
19.5 6.5 -0.245785
19.5 7 0.0279619
19.5 7.5 0.408892
19.5 8 0.665489
19.5 8.5 0.629137
19.5 9 0.374474
19.5 9.5 0.0996013
19.5 10 -0.0328912
19.5 10.5 -0.0271784
19.5 11 0.104461
19.5 11.5 0.311756
19.5 12 0.522229
19.5 12.5 0.574654
19.5 13 0.394602
19.5 13.5 0.0815378
19.5 14 -0.148674
19.5 14.5 -0.191887
19.5 15 -0.132458
19.5 15.5 -0.128634
19.5 16 -0.185832
19.5 16.5 -0.196255
19.5 17 -0.111314
19.5 17.5 0.0146852
19.5 18 0.0614427
19.5 18.5 0.0171025
19.5 19 -0.0721525
19.5 19.5 -0.140937
19.5 20 -0.0209158
19.5 20.5 0

20 0 0
20 0.5 0.0133059
20 1 0.0792752
20 1.5 -0.192667
20 2 -0.308835
20 2.5 -0.0739804
20 3 0.268531
20 3.5 0.325933
20 4 0.0594675
20 4.5 -0.268665
20 5 -0.441628
20 5.5 -0.493392
20 6 -0.511745
20 6.5 -0.424
20 7 -0.101508
20 7.5 0.338301
20 8 0.616198
20 8.5 0.556104
20 9 0.328078
20 9.5 0.1625
20 10 0.154352
20 10.5 0.176433
20 11 0.206971
20 11.5 0.304011
20 12 0.490005
20 12.5 0.559138
20 13 0.365368
20 13.5 -0.0247407
20 14 -0.324343
20 14.5 -0.390168
20 15 -0.341553
20 15.5 -0.337691
20 16 -0.350494
20 16.5 -0.242866
20 17 -0.00770716
20 17.5 0.164189
20 18 0.148185
20 18.5 -0.00142454
20 19 -0.11334
20 19.5 -0.157688
20 20 -0.0235039
20 20.5 0

20.5 0 0
20.5 0.5 -0.00707548
20.5 1 -0.0468878
20.5 1.5 -0.290155
20.5 2 -0.34146
20.5 2.5 0.00973374
20.5 3 0.435632
20.5 3.5 0.499186
20.5 4 0.189222
20.5 4.5 -0.116935
20.5 5 -0.205146
20.5 5.5 -0.198731
20.5 6 -0.268577
20.5 6.5 -0.301246
20.5 7 -0.0931286
20.5 7.5 0.252075
20.5 8 0.384173
20.5 8.5 0.142798
20.5 9 -0.216686
20.5 9.5 -0.366161
20.5 10 -0.268472
20.5 10.5 -0.173318
20.5 11 -0.17643
20.5 11.5 -0.133029
20.5 12 0.0887072
20.5 12.5 0.307482
20.5 13 0.290228
20.5 13.5 0.0456661
20.5 14 -0.174587
20.5 14.5 -0.219528
20.5 15 -0.193057
20.5 15.5 -0.227571
20.5 16 -0.239834
20.5 16.5 -0.0576866
20.5 17 0.257586
20.5 17.5 0.431982
20.5 18 0.296934
20.5 18.5 -0.000636392
20.5 19 -0.241237
20.5 19.5 -0.355722
20.5 20 -0.0538895
20.5 20.5 0

21 0 0
21 0.5 -0.0173357
21 1 -0.11375
21 1.5 -0.338751
21 2 -0.348
21 2.5 0.0516797
21 3 0.490958
21 3.5 0.524033
21 4 0.223494
21 4.5 0.0254368
21 5 0.107709
21 5.5 0.211458
21 6 0.0860069
21 6.5 -0.0930777
21 7 -0.0197452
21 7.5 0.236299
21 8 0.255175
21 8.5 -0.144494
21 9 -0.645745
21 9.5 -0.811347
21 10 -0.627526
21 10.5 -0.435152
21 11 -0.438186
21 11.5 -0.447653
21 12 -0.246164
21 12.5 0.0802015
21 13 0.249051
21 13.5 0.184681
21 14 0.0790269
21 14.5 0.0711351
21 15 0.055692
21 15.5 -0.0477442
21 16 -0.120827
21 16.5 0.0464868
21 17 0.391202
21 17.5 0.578413
21 18 0.409682
21 18.5 0.0188962
21 19 -0.307013
21 19.5 -0.486213
21 20 -0.0743763
21 20.5 0

21.5 0 0
21.5 0.5 0.00315192
21.5 1 0.022391
21.5 1.5 -0.242426
21.5 2 -0.307951
21.5 2.5 0.00929354
21.5 3 0.335634
21.5 3.5 0.268846
21.5 4 -0.047668
21.5 4.5 -0.153304
21.5 5 0.0811274
21.5 5.5 0.289435
21.5 6 0.171801
21.5 6.5 -0.0519166
21.5 7 0.0189792
21.5 7.5 0.336398
21.5 8 0.419296
21.5 8.5 0.0171295
21.5 9 -0.512983
21.5 9.5 -0.654721
21.5 10 -0.379602
21.5 10.5 -0.104434
21.5 11 -0.119735
21.5 11.5 -0.238493
21.5 12 -0.160448
21.5 12.5 0.103911
21.5 13 0.282507
21.5 13.5 0.254732
21.5 14 0.16569
21.5 14.5 0.133707
21.5 15 0.0742838
21.5 15.5 -0.100974
21.5 16 -0.248045
21.5 16.5 -0.141702
21.5 17 0.19566
21.5 17.5 0.443825
21.5 18 0.365926
21.5 18.5 0.0593024
21.5 19 -0.226018
21.5 19.5 -0.38712
21.5 20 -0.0588672
21.5 20.5 0

22 0 0
22 0.5 0.0263314
22 1 0.170089
22 1.5 -0.127816
22 2 -0.246908
22 2.5 -0.0209201
22 3 0.185621
22 3.5 0.00931349
22 4 -0.365937
22 4.5 -0.457708
22 5 -0.167692
22 5.5 0.100719
22 6 0.0280105
22 6.5 -0.14442
22 7 0.0046353
22 7.5 0.434684
22 8 0.639887
22 8.5 0.340227
22 9 -0.125339
22 9.5 -0.216511
22 10 0.117853
22 10.5 0.437235
22 11 0.404766
22 11.5 0.175879
22 12 0.098121
22 12.5 0.222511
22 13 0.301082
22 13.5 0.203578
22 14 0.0581577
22 14.5 -0.0048735
22 15 -0.0621299
22 15.5 -0.228847
22 16 -0.415461
22 16.5 -0.383937
22 17 -0.0954699
22 17.5 0.200476
22 18 0.257894
22 18.5 0.0944423
22 19 -0.102412
22 19.5 -0.216713
22 20 -0.0325143
22 20.5 0

22.5 0 0
22.5 0.5 0.011864
22.5 1 0.0758705
22.5 1.5 -0.144856
22.5 2 -0.189724
22.5 2.5 0.064483
22.5 3 0.258802
22.5 3.5 0.0733881
22.5 4 -0.330756
22.5 4.5 -0.480785
22.5 5 -0.258145
22.5 5.5 -0.0193416
22.5 6 -0.0578378
22.5 6.5 -0.189353
22.5 7 -0.0407904
22.5 7.5 0.367749
22.5 8 0.574835
22.5 8.5 0.32938
22.5 9 -0.0584992
22.5 9.5 -0.0977105
22.5 10 0.244491
22.5 10.5 0.54343
22.5 11 0.483797
22.5 11.5 0.210552
22.5 12 0.0724063
22.5 12.5 0.135528
22.5 13 0.175956
22.5 13.5 0.0696149
22.5 14 -0.0753868
22.5 14.5 -0.0981451
22.5 15 -0.062274
22.5 15.5 -0.13065
22.5 16 -0.274143
22.5 16.5 -0.304955
22.5 17 -0.126965
22.5 17.5 0.122506
22.5 18 0.20841
22.5 18.5 0.104586
22.5 19 -0.0850819
22.5 19.5 -0.22229
22.5 20 -0.0332012
22.5 20.5 0

23 0 0
23 0.5 -0.0298115
23 1 -0.197194
23 1.5 -0.255393
23 2 -0.132395
23 2.5 0.2295
23 3 0.511647
23 3.5 0.39153
23 4 0.0117969
23 4.5 -0.220559
23 5 -0.132737
23 5.5 0.0157147
23 6 -0.0209062
23 6.5 -0.147261
23 7 -0.0978019
23 7.5 0.118708
23 8 0.196655
23 8.5 -0.0246255
23 9 -0.293964
23 9.5 -0.267349
23 10 0.0468562
23 10.5 0.26079
23 11 0.142982
23 11.5 -0.146771
23 12 -0.272487
23 12.5 -0.175648
23 13 -0.0657009
23 13.5 -0.092498
23 14 -0.150411
23 14.5 -0.0801971
23 15 0.0805043
23 15.5 0.160176
23 16 0.109752
23 16.5 0.0475368
23 17 0.109299
23 17.5 0.231005
23 18 0.259249
23 18.5 0.10107
23 19 -0.153563
23 19.5 -0.373116
23 20 -0.0566994
23 20.5 0

23.5 0 0
23.5 0.5 -0.0494516
23.5 1 -0.323067
23.5 1.5 -0.261787
23.5 2 -0.0526289
23.5 2.5 0.325235
23.5 3 0.600914
23.5 3.5 0.543408
23.5 4 0.216135
23.5 4.5 -0.0545588
23.5 5 -0.10668
23.5 5.5 -0.0448674
23.5 6 -0.0560647
23.5 6.5 -0.148273
23.5 7 -0.183984
23.5 7.5 -0.140991
23.5 8 -0.151697
23.5 8.5 -0.259866
23.5 9 -0.303015
23.5 9.5 -0.143524
23.5 10 0.126607
23.5 10.5 0.212109
23.5 11 0.000308754
23.5 11.5 -0.327883
23.5 12 -0.477935
23.5 12.5 -0.401125
23.5 13 -0.270277
23.5 13.5 -0.22965
23.5 14 -0.222038
23.5 14.5 -0.118072
23.5 15 0.0897168
23.5 15.5 0.257333
23.5 16 0.292075
23.5 16.5 0.261198
23.5 17 0.25749
23.5 17.5 0.298928
23.5 18 0.269111
23.5 18.5 0.111073
23.5 19 -0.159395
23.5 19.5 -0.399089
23.5 20 -0.0607943
23.5 20.5 0

24 0 0
24 0.5 -0.023745
24 1 -0.156919
24 1.5 -0.0886457
24 2 0.0504739
24 2.5 0.241864
24 3 0.360171
24 3.5 0.292784
24 4 0.0690313
24 4.5 -0.163325
24 5 -0.276286
24 5.5 -0.269539
24 6 -0.223362
24 6.5 -0.2147
24 7 -0.235167
24 7.5 -0.25753
24 8 -0.233395
24 8.5 -0.122953
24 9 0.106057
24 9.5 0.390223
24 10 0.59496
24 10.5 0.554123
24 11 0.284389
24 11.5 -0.0574262
24 12 -0.278366
24 12.5 -0.328531
24 13 -0.294514
24 13.5 -0.286568
24 14 -0.292169
24 14.5 -0.249511
24 15 -0.120954
24 15.5 0.0206193
24 16 0.102708
24 16.5 0.118439
24 17 0.122223
24 17.5 0.149058
24 18 0.162445
24 18.5 0.104073
24 19 -0.0326809
24 19.5 -0.163623
24 20 -0.0247293
24 20.5 0

24.5 0 0
24.5 0.5 0.01474
24.5 1 0.0953227
24.5 1.5 0.129241
24.5 2 0.120778
24.5 2.5 0.0359682
24.5 3 -0.0692824
24.5 3.5 -0.121715
24.5 4 -0.152163
24.5 4.5 -0.21871
24.5 5 -0.315048
24.5 5.5 -0.344349
24.5 6 -0.265669
24.5 6.5 -0.173498
24.5 7 -0.165461
24.5 7.5 -0.215115
24.5 8 -0.161978
24.5 8.5 0.0913172
24.5 9 0.443084
24.5 9.5 0.70442
24.5 10 0.758288
24.5 10.5 0.6415
24.5 11 0.454136
24.5 11.5 0.257768
24.5 12 0.0679742
24.5 12.5 -0.0834421
24.5 13 -0.170635
24.5 13.5 -0.203272
24.5 14 -0.222432
24.5 14.5 -0.251684
24.5 15 -0.251453
24.5 15.5 -0.204131
24.5 16 -0.136816
24.5 16.5 -0.103981
24.5 17 -0.11242
24.5 17.5 -0.105696
24.5 18 -0.0508363
24.5 18.5 0.0433101
24.5 19 0.113785
24.5 19.5 0.162743
24.5 20 0.0251896
24.5 20.5 0

25 0 0
25 0.5 0.0268612
25 1 0.176725
25 1.5 0.227043
25 2 0.13434
25 2.5 -0.162129
25 3 -0.415263
25 3.5 -0.371238
25 4 -0.0992451
25 4.5 0.0942387
25 5 0.0665679
25 5.5 -0.020164
25 6 0.00971952
25 6.5 0.0892697
25 7 0.0360375
25 7.5 -0.129058
25 8 -0.179617
25 8.5 0.0120201
25 9 0.254272
25 9.5 0.291923
25 10 0.106683
25 10.5 -0.0389244
25 11 0.0154916
25 11.5 0.161494
25 12 0.183771
25 12.5 0.0666895
25 13 -0.033084
25 13.5 -0.00738801
25 14 0.0544468
25 14.5 0.0400735
25 15 -0.0378936
25 15.5 -0.0780581
25 16 -0.0609865
25 16.5 -0.0750969
25 17 -0.170202
25 17.5 -0.270254
25 18 -0.249122
25 18.5 -0.0802777
25 19 0.156896
25 19.5 0.352159
25 20 0.0537562
25 20.5 0

25.5 0 0
25.5 0.5 0.0181711
25.5 1 0.122908
25.5 1.5 0.233402
25.5 2 0.127382
25.5 2.5 -0.290692
25.5 3 -0.616786
25.5 3.5 -0.438909
25.5 4 0.120863
25.5 4.5 0.554653
25.5 5 0.590688
25.5 5.5 0.438042
25.5 6 0.393484
25.5 6.5 0.412523
25.5 7 0.250016
25.5 7.5 -0.0863666
25.5 8 -0.301706
25.5 8.5 -0.251029
25.5 9 -0.185096
25.5 9.5 -0.40788
25.5 10 -0.815018
25.5 10.5 -0.977321
25.5 11 -0.674549
25.5 11.5 -0.178034
25.5 12 0.0984984
25.5 12.5 0.0832396
25.5 13 0.0451047
25.5 13.5 0.17946
25.5 14 0.373151
25.5 14.5 0.421705
25.5 15 0.318283
25.5 15.5 0.224189
25.5 16 0.198182
25.5 16.5 0.121607
25.5 17 -0.0914327
25.5 17.5 -0.331116
25.5 18 -0.392528
25.5 18.5 -0.200733
25.5 19 0.131269
25.5 19.5 0.412436
25.5 20 0.0623297
25.5 20.5 0

26 0 0
26 0.5 0
26 1 0.0181711
26 1.5 0.0353565
26 2 0.0197018
26 2.5 -0.0441125
26 3 -0.0937836
26 3.5 -0.0664665
26 4 0.0189277
26 4.5 0.0849036
26 5 0.0900547
26 5.5 0.0665964
26 6 0.059826
26 6.5 0.0630179
26 7 0.0382846
26 7.5 -0.013392
26 8 -0.0461634
26 8.5 -0.038644
26 9 -0.0280274
26 9.5 -0.0624646
26 10 -0.124327
26 10.5 -0.149217
26 11 -0.102875
26 11.5 -0.027527
26 12 0.0147877
26 12.5 0.0120729
26 13 0.00653446
26 13.5 0.0270922
26 14 0.0570921
26 14.5 0.0645175
26 15 0.0485238
26 15.5 0.0343283
26 16 0.0305452
26 16.5 0.0191173
26 17 -0.0134243
26 17.5 -0.050131
26 18 -0.0597264
26 18.5 -0.0305531
26 19 0.0198985
26 19.5 0.0623297
26 20 0
26 20.5 0

26.5 0 0
26.5 0.5 0
26.5 1 0
26.5 1.5 0
26.5 2 0
26.5 2.5 0
26.5 3 0
26.5 3.5 0
26.5 4 0
26.5 4.5 0
26.5 5 0
26.5 5.5 0
26.5 6 0
26.5 6.5 0
26.5 7 0
26.5 7.5 0
26.5 8 0
26.5 8.5 0
26.5 9 0
26.5 9.5 0
26.5 10 0
26.5 10.5 0
26.5 11 0
26.5 11.5 0
26.5 12 0
26.5 12.5 0
26.5 13 0
26.5 13.5 0
26.5 14 0
26.5 14.5 0
26.5 15 0
26.5 15.5 0
26.5 16 0
26.5 16.5 0
26.5 17 0
26.5 17.5 0
26.5 18 0
26.5 18.5 0
26.5 19 0
26.5 19.5 0
26.5 20 0
26.5 20.5 0

