0 0 0
0 0.5 0
0 1 0
0 1.5 0
0 2 0
0 2.5 0
0 3 0
0 3.5 0
0 4 0
0 4.5 0
0 5 0
0 5.5 0
0 6 0
0 6.5 0
0 7 0
0 7.5 0
0 8 0
0 8.5 0
0 9 0
0 9.5 0
0 10 0
0 10.5 0
0 11 0
0 11.5 0
0 12 0
0 12.5 0
0 13 0
0 13.5 0
0 14 0
0 14.5 0
0 15 0
0 15.5 0
0 16 0
0 16.5 0
0 17 0
0 17.5 0
0 18 0
0 18.5 0
0 19 0
0 19.5 0
0 20 0
0 20.5 0

0.5 0 0
0.5 0.5 0
0.5 1 0.0801908
0.5 1.5 0.036568
0.5 2 0.00272397
0.5 2.5 -0.00722589
0.5 3 -0.0105995
0.5 3.5 -0.0319683
0.5 4 -0.0536374
0.5 4.5 -0.0483885
0.5 5 -0.0186516
0.5 5.5 -0.00733657
0.5 6 -0.0348335
0.5 6.5 -0.0706141
0.5 7 -0.0770231
0.5 7.5 -0.0523185
0.5 8 -0.0368535
0.5 8.5 -0.0446352
0.5 9 -0.0557735
0.5 9.5 -0.0546413
0.5 10 -0.0498711
0.5 10.5 -0.0595654
0.5 11 -0.066772
0.5 11.5 -0.0477146
0.5 12 -0.0201047
0.5 12.5 -0.0293086
0.5 13 -0.0831954
0.5 13.5 -0.124479
0.5 14 -0.0981949
0.5 14.5 -0.0294639
0.5 15 0.00203726
0.5 15.5 -0.0293935
0.5 16 -0.0621699
0.5 16.5 -0.0373134
0.5 17 0.0139103
0.5 17.5 0.0139006
0.5 18 -0.0376742
0.5 18.5 -0.0557205
0.5 19 0.0219744
0.5 19.5 0.131953
0.5 20 0
0.5 20.5 0

1 0 0
1 0.5 0.0801908
1 1 0.525336
1 1.5 0.237047
1 2 0.0100587
1 2.5 -0.0479807
1 3 -0.0736125
1 3.5 -0.209167
1 4 -0.354754
1 4.5 -0.315601
1 5 -0.123354
1 5.5 -0.0451815
1 6 -0.220025
1 6.5 -0.457348
1 7 -0.496179
1 7.5 -0.344084
1 8 -0.238885
1 8.5 -0.289261
1 9 -0.36672
1 9.5 -0.355996
1 10 -0.333592
1 10.5 -0.390741
1 11 -0.437646
1 11.5 -0.312015
1 12 -0.130313
1 12.5 -0.191553
1 13 -0.546822
1 13.5 -0.815302
1 14 -0.638293
1 14.5 -0.187049
1 15 0.0189616
1 15.5 -0.191474
1 16 -0.40584
1 16.5 -0.24355
1 17 0.0873478
1 17.5 0.0925343
1 18 -0.250772
1 18.5 -0.36747
1 19 0.137578
1 19.5 0.861137
1 20 0.131953
1 20.5 0

1.5 0 0
1.5 0.5 0.0199046
1.5 1 0.131834
1.5 1.5 0.0164521
1.5 2 -0.0484253
1.5 2.5 0.0045754
1.5 3 0.0473481
1.5 3.5 0.00638242
1.5 4 -0.0624135
1.5 4.5 -0.00667614
1.5 5 0.137313
1.5 5.5 0.205323
1.5 6 0.0879089
1.5 6.5 -0.106815
1.5 7 -0.18257
1.5 7.5 -0.154761
1.5 8 -0.121861
1.5 8.5 -0.17284
1.5 9 -0.225041
1.5 9.5 -0.199728
1.5 10 -0.191321
1.5 10.5 -0.244446
1.5 11 -0.308211
1.5 11.5 -0.24215
1.5 12 -0.0901167
1.5 12.5 -0.0775747
1.5 13 -0.258646
1.5 13.5 -0.390336
1.5 14 -0.227844
1.5 14.5 0.10633
1.5 15 0.253699
1.5 15.5 0.0866824
1.5 16 -0.111304
1.5 16.5 -0.0595294
1.5 17 0.133515
1.5 17.5 0.137458
1.5 18 -0.116662
1.5 18.5 -0.25511
1.5 19 -0.027256
1.5 19.5 0.356499
1.5 20 0.055066
1.5 20.5 0

2 0 0
2 0.5 -0.0139158
2 1 -0.0918126
2 1.5 -0.0706934
2 2 -0.0107177
2 2.5 0.0762662
2 3 0.110161
2 3.5 0.092228
2 4 0.0511794
2 4.5 0.0688342
2 5 0.137002
2 5.5 0.186863
2 6 0.153976
2 6.5 0.0673069
2 7 -0.00153183
2 7.5 -0.020143
2 8 -0.0259913
2 8.5 -0.0380149
2 9 -0.0369527
2 9.5 -0.0112717
2 10 -0.0178006
2 10.5 -0.0969928
2 11 -0.180454
2 11.5 -0.180316
2 12 -0.0802886
2 12.5 0.00622804
2 13 -0.00315399
2 13.5 -0.028427
2 14 0.0407643
2 14.5 0.179641
2 15 0.224368
2 15.5 0.108075
2 16 -0.0687638
2 16.5 -0.0963409
2 17 0.0261991
2 17.5 0.119423
2 18 0.0663221
2 18.5 -0.0213485
2 19 -0.037963
2 19.5 0.00123465
2 20 -3.76562e-05
2 20.5 0

2.5 0 0
2.5 0.5 0.000773244
2.5 1 0.0053876
2.5 1.5 0.0827965
2.5 2 0.139652
2.5 2.5 0.124851
2.5 3 0.0489736
2.5 3.5 -0.0437806
2.5 4 -0.128647
2.5 4.5 -0.206623
2.5 5 -0.261142
2.5 5.5 -0.244307
2.5 6 -0.15217
2.5 6.5 -0.0831932
2.5 7 -0.0506403
2.5 7.5 -0.0407003
2.5 8 0.00163464
2.5 8.5 0.0887302
2.5 9 0.130904
2.5 9.5 0.117465
2.5 10 0.0569156
2.5 10.5 -0.0315876
2.5 11 -0.101889
2.5 11.5 -0.142953
2.5 12 -0.117757
2.5 12.5 -0.0134693
2.5 13 0.0802697
2.5 13.5 0.0999129
2.5 14 0.023111
2.5 14.5 -0.110746
2.5 15 -0.209506
2.5 15.5 -0.293976
2.5 16 -0.371729
2.5 16.5 -0.383906
2.5 17 -0.260824
2.5 17.5 0.00036108
2.5 18 0.261567
2.5 18.5 0.32538
2.5 19 0.160838
2.5 19.5 -0.0484099
2.5 20 -0.0077823
2.5 20.5 0

3 0 0
3 0.5 0.0142708
3 1 0.089939
3 1.5 0.200557
3 2 0.250859
3 2.5 0.144611
3 3 -0.0260725
3 3.5 -0.148303
3 4 -0.240531
3 4.5 -0.385075
3 5 -0.553653
3 5.5 -0.571264
3 6 -0.421704
3 6.5 -0.264832
3 7 -0.202598
3 7.5 -0.196871
3 8 -0.0865417
3 8.5 0.0754742
3 9 0.155508
3 9.5 0.0583175
3 10 -0.0766903
3 10.5 -0.131783
3 11 -0.121061
3 11.5 -0.163851
3 12 -0.213787
3 12.5 -0.167163
3 13 0.00631885
3 13.5 0.0771479
3 14 -0.0882659
3 14.5 -0.409397
3 15 -0.621739
3 15.5 -0.617429
3 16 -0.55346
3 16.5 -0.528479
3 17 -0.410854
3 17.5 -0.0561786
3 18 0.405362
3 18.5 0.581937
3 19 0.294219
3 19.5 -0.119432
3 20 -0.0182728
3 20.5 0

3.5 0 0
3.5 0.5 -0.0229679
3.5 1 -0.153034
3.5 1.5 0.062703
3.5 2 0.194002
3.5 2.5 0.112822
3.5 3 -0.0132291
3.5 3.5 -0.00430131
3.5 4 0.0296708
3.5 4.5 -0.0708557
3.5 5 -0.268201
3.5 5.5 -0.347487
3.5 6 -0.24859
3.5 6.5 -0.142231
3.5 7 -0.223195
3.5 7.5 -0.32877
3.5 8 -0.238551
3.5 8.5 -0.0371385
3.5 9 0.0336623
3.5 9.5 -0.138422
3.5 10 -0.323757
3.5 10.5 -0.301496
3.5 11 -0.146149
3.5 11.5 -0.142868
3.5 12 -0.295589
3.5 12.5 -0.335234
3.5 13 -0.114738
3.5 13.5 0.0935401
3.5 14 -0.0277048
3.5 14.5 -0.362356
3.5 15 -0.544845
3.5 15.5 -0.401101
3.5 16 -0.197441
3.5 16.5 -0.17857
3.5 17 -0.204401
3.5 17.5 0.0360728
3.5 18 0.4529
3.5 18.5 0.570854
3.5 19 0.123998
3.5 19.5 -0.484272
3.5 20 -0.0735695
3.5 20.5 0

4 0 0
4 0.5 -0.0768071
4 1 -0.505923
4 1.5 -0.182986
4 2 0.0295007
4 2.5 0.0126224
4 3 0.00843808
4 3.5 0.210576
4 4 0.454211
4 4.5 0.477118
4 5 0.306572
4 5.5 0.200646
4 6 0.243313
4 6.5 0.201611
4 7 -0.0776607
4 7.5 -0.372334
4 8 -0.334595
4 8.5 -0.0501071
4 9 0.0372563
4 9.5 -0.164301
4 10 -0.334485
4 10.5 -0.19386
4 11 0.102813
4 11.5 0.124219
4 12 -0.18618
4 12.5 -0.38337
4 13 -0.19011
4 13.5 0.144953
4 14 0.180205
4 14.5 -0.0638409
4 15 -0.146945
4 15.5 0.140835
4 16 0.456148
4 16.5 0.419636
4 17 0.154048
4 17.5 0.115516
4 18 0.358992
4 18.5 0.367387
4 19 -0.175203
4 19.5 -0.888473
4 20 -0.13518
4 20.5 0

4.5 0 0
4.5 0.5 -0.0807516
4.5 1 -0.525608
4.5 1.5 -0.20959
4.5 2 -0.0386241
4.5 2.5 -0.0989045
4.5 3 -0.109695
4.5 3.5 0.158535
4.5 4 0.505129
4.5 4.5 0.600125
4.5 5 0.472345
4.5 5.5 0.426102
4.5 6 0.515798
4.5 6.5 0.439075
4.5 7 0.0439604
4.5 7.5 -0.317474
4.5 8 -0.236781
4.5 8.5 0.170616
4.5 9 0.368809
4.5 9.5 0.184354
4.5 10 0.0442108
4.5 10.5 0.278687
4.5 11 0.669446
4.5 11.5 0.663273
4.5 12 0.18273
4.5 12.5 -0.241891
4.5 13 -0.183965
4.5 13.5 0.151584
4.5 14 0.261599
4.5 14.5 0.0789254
4.5 15 0.0380523
4.5 15.5 0.387499
4.5 16 0.745443
4.5 16.5 0.647187
4.5 17 0.219361
4.5 17.5 -0.00165182
4.5 18 0.148432
4.5 18.5 0.204632
4.5 19 -0.240907
4.5 19.5 -0.879369
4.5 20 -0.134099
4.5 20.5 0

5 0 0
5 0.5 -0.0299457
5 1 -0.194177
5 1.5 0.00759537
5 2 0.0276582
5 2.5 -0.192158
5 3 -0.334177
5 3.5 -0.167043
5 4 0.12374
5 4.5 0.166489
5 5 0.0569272
5 5.5 0.110445
5 6 0.348337
5 6.5 0.411673
5 7 0.102806
5 7.5 -0.172926
5 8 0.0247762
5 8.5 0.56394
5 9 0.852443
5 9.5 0.672928
5 10 0.505714
5 10.5 0.75961
5 11 1.21653
5 11.5 1.21539
5 12 0.6426
5 12.5 0.0307649
5 13 -0.0951741
5 13.5 0.136432
5 14 0.172697
5 14.5 -0.0571851
5 15 -0.145838
5 15.5 0.143204
5 16 0.470935
5 16.5 0.342166
5 17 -0.103954
5 17.5 -0.313774
5 18 -0.0638433
5 18.5 0.178854
5 19 -0.0334587
5 19.5 -0.468584
5 20 -0.0712528
5 20.5 0

5.5 0 0
5.5 0.5 0.00465187
5.5 1 0.0321239
5.5 1.5 0.161404
5.5 2 0.101705
5.5 2.5 -0.201646
5.5 3 -0.436956
5.5 3.5 -0.365498
5.5 4 -0.209853
5.5 4.5 -0.261895
5.5 5 -0.40007
5.5 5.5 -0.274135
5.5 6 0.100911
5.5 6.5 0.327109
5.5 7 0.181466
5.5 7.5 0.0155983
5.5 8 0.308988
5.5 8.5 0.883262
5.5 9 1.13941
5.5 9.5 0.883509
5.5 10 0.632733
5.5 10.5 0.861815
5.5 11 1.34455
5.5 11.5 1.42153
5.5 12 0.909186
5.5 12.5 0.293651
5.5 13 0.0849327
5.5 13.5 0.185009
5.5 14 0.147241
5.5 14.5 -0.143121
5.5 15 -0.31257
5.5 15.5 -0.131373
5.5 16 0.0995625
5.5 16.5 -0.0501343
5.5 17 -0.451269
5.5 17.5 -0.54126
5.5 18 -0.169316
5.5 18.5 0.210215
5.5 19 0.148611
5.5 19.5 -0.157488
5.5 20 -0.0241706
5.5 20.5 0

6 0 0
6 0.5 -0.0202945
6 1 -0.133852
6 1.5 0.0501661
6 2 0.0652764
6 2.5 -0.138077
6 3 -0.310109
6 3.5 -0.230839
6 4 -0.118948
6 4.5 -0.2199
6 5 -0.393671
6 5.5 -0.287473
6 6 0.110966
6 6.5 0.395231
6 7 0.328916
6 7.5 0.21683
6 8 0.479127
6 8.5 0.959354
6 9 1.09382
6 9.5 0.721445
6 10 0.361102
6 10.5 0.539655
6 11 1.02371
6 11.5 1.23703
6 12 0.930539
6 12.5 0.459102
6 13 0.272003
6 13.5 0.342588
6 14 0.291851
6 14.5 0.0433948
6 15 -0.125222
6 15.5 -0.0380242
6 16 0.0651737
6 16.5 -0.147194
6 17 -0.499156
6 17.5 -0.515771
6 18 -0.13405
6 18.5 0.204786
6 19 0.0745881
6 19.5 -0.267773
6 20 -0.0404779
6 20.5 0

6.5 0 0
6.5 0.5 -0.0651762
6.5 1 -0.423752
6.5 1.5 -0.140993
6.5 2 -0.0030211
6.5 2.5 -0.0719064
6.5 3 -0.14107
6.5 3.5 0.0149991
6.5 4 0.161909
6.5 4.5 0.104634
6.5 5 -0.0657974
6.5 5.5 -0.0247334
6.5 6 0.268999
6.5 6.5 0.473192
6.5 7 0.398404
6.5 7.5 0.300721
6.5 8 0.512475
6.5 8.5 0.87768
6.5 9 0.91818
6.5 9.5 0.494589
6.5 10 0.103614
6.5 10.5 0.214633
6.5 11 0.689017
6.5 11.5 0.969258
6.5 12 0.8283
6.5 12.5 0.492881
6.5 13 0.353606
6.5 13.5 0.422216
6.5 14 0.419899
6.5 14.5 0.302824
6.5 15 0.224883
6.5 15.5 0.267521
6.5 16 0.237066
6.5 16.5 -0.0587564
6.5 17 -0.391201
6.5 17.5 -0.357237
6.5 18 -0.0206595
6.5 18.5 0.196978
6.5 19 -0.084634
6.5 19.5 -0.545614
6.5 20 -0.0831288
6.5 20.5 0

7 0 0
7 0.5 -0.0661922
7 1 -0.431883
7 1.5 -0.162314
7 2 -0.0198062
7 2.5 -0.0514421
7 3 -0.100519
7 3.5 0.040616
7 4 0.209366
7 4.5 0.21354
7 5 0.0998248
7 5.5 0.0983734
7 6 0.257607
7 6.5 0.342396
7 7 0.255497
7 7.5 0.207559
7 8 0.443352
7 8.5 0.801069
7 9 0.863176
7 9.5 0.542295
7 10 0.239412
7 10.5 0.349687
7 11 0.710775
7 11.5 0.918243
7 12 0.779056
7 12.5 0.459887
7 13 0.260658
7 13.5 0.260961
7 14 0.296498
7 14.5 0.307158
7 15 0.329464
7 15.5 0.345347
7 16 0.2207
7 16.5 -0.109933
7 17 -0.375349
7 17.5 -0.270121
7 18 0.0750766
7 18.5 0.236048
7 19 -0.0890307
7 19.5 -0.568524
7 20 -0.0869514
7 20.5 0

7.5 0 0
7.5 0.5 -0.0333063
7.5 1 -0.216966
7.5 1.5 -0.0327836
7.5 2 0.044718
7.5 2.5 -0.06335
7.5 3 -0.194008
7.5 3.5 -0.144572
7.5 4 -0.0141649
7.5 4.5 0.0549074
7.5 5 0.0390671
7.5 5.5 0.0363688
7.5 6 0.0767413
7.5 6.5 0.0753531
7.5 7 0.00504663
7.5 7.5 0.0429404
7.5 8 0.343081
7.5 8.5 0.722035
7.5 9 0.889513
7.5 9.5 0.792295
7.5 10 0.704053
7.5 10.5 0.813343
7.5 11 1.02496
7.5 11.5 1.02401
7.5 12 0.748127
7.5 12.5 0.368273
7.5 13 0.0919349
7.5 13.5 -0.00289566
7.5 14 0.0307214
7.5 14.5 0.107465
7.5 15 0.183063
7.5 15.5 0.177857
7.5 16 0.0037175
7.5 16.5 -0.300411
7.5 17 -0.474301
7.5 17.5 -0.274605
7.5 18 0.106523
7.5 18.5 0.276252
7.5 19 0.024206
7.5 19.5 -0.364527
7.5 20 -0.0556513
7.5 20.5 0

8 0 0
8 0.5 -0.0228805
8 1 -0.14898
8 1.5 -0.0231839
8 2 0.0269365
8 2.5 -0.0509672
8 3 -0.171253
8 3.5 -0.200377
8 4 -0.113038
8 4.5 -0.000893139
8 5 0.058258
8 5.5 0.0781754
8 6 0.0344653
8 6.5 -0.0597461
8 7 -0.132552
8 7.5 -0.0582557
8 8 0.211064
8 8.5 0.534383
8 9 0.750725
8 9.5 0.860229
8 10 0.98785
8 10.5 1.14529
8 11 1.18029
8 11.5 0.96573
8 12 0.578201
8 12.5 0.195859
8 13 -0.0382541
8 13.5 -0.0983929
8 14 -0.0602252
8 14.5 0.0231291
8 15 0.0941492
8 15.5 0.0799117
8 16 -0.0818464
8 16.5 -0.301476
8 17 -0.372443
8 17.5 -0.171959
8 18 0.129921
8 18.5 0.22418
8 19 -0.00463772
8 19.5 -0.317341
8 20 -0.0482225
8 20.5 0

8.5 0 0
8.5 0.5 -0.0488357
8.5 1 -0.321373
8.5 1.5 -0.212043
8.5 2 -0.110712
8.5 2.5 -0.0392965
8.5 3 -0.0189039
8.5 3.5 0.0168272
8.5 4 0.0959822
8.5 4.5 0.244869
8.5 5 0.38093
8.5 5.5 0.399138
8.5 6 0.268134
8.5 6.5 0.0563603
8.5 7 -0.0676026
8.5 7.5 -0.0338874
8.5 8 0.105829
8.5 8.5 0.239041
8.5 9 0.37191
8.5 9.5 0.585255
8.5 10 0.889202
8.5 10.5 1.08834
8.5 11 0.987551
8.5 11.5 0.605751
8.5 12 0.220296
8.5 12.5 0.00366824
8.5 13 -0.0339766
8.5 13.5 0.0291586
8.5 14 0.129909
8.5 14.5 0.225393
8.5 15 0.287813
8.5 15.5 0.252373
8.5 16 0.129006
8.5 16.5 0.00493747
8.5 17 -0.0158488
8.5 17.5 0.0971092
8.5 18 0.176345
8.5 18.5 0.0711367
8.5 19 -0.234683
8.5 19.5 -0.547279
8.5 20 -0.0829389
8.5 20.5 0

9 0 0
9 0.5 -0.0562856
9 1 -0.370049
9 1.5 -0.348646
9 2 -0.278354
9 2.5 -0.102083
9 3 0.0738891
9 3.5 0.187109
9 4 0.284827
9 4.5 0.460498
9 5 0.667069
9 5.5 0.709481
9 6 0.512713
9 6.5 0.218204
9 7 0.0679831
9 7.5 0.0778943
9 8 0.0999512
9 8.5 0.0630949
9 9 0.0587164
9 9.5 0.267904
9 10 0.647181
9 10.5 0.834515
9 11 0.670829
9 11.5 0.249759
9 12 -0.0654165
9 12.5 -0.091033
9 13 0.06159
9 13.5 0.245314
9 14 0.372869
9 14.5 0.455235
9 15 0.496585
9 15.5 0.433822
9 16 0.306257
9 16.5 0.230758
9 17 0.258925
9 17.5 0.298888
9 18 0.206942
9 18.5 -0.0561598
9 19 -0.403455
9 19.5 -0.6981
9 20 -0.106027
9 20.5 0

9.5 0 0
9.5 0.5 -0.00241686
9.5 1 -0.0166753
9.5 1.5 -0.234285
9.5 2 -0.370789
9.5 2.5 -0.274168
9.5 3 -0.093754
9.5 3.5 0.0293658
9.5 4 0.10244
9.5 4.5 0.289005
9.5 5 0.576349
9.5 5.5 0.697625
9.5 6 0.512874
9.5 6.5 0.224093
9.5 7 0.0985597
9.5 7.5 0.192417
9.5 8 0.253984
9.5 8.5 0.150127
9.5 9 0.0937362
9.5 9.5 0.295749
9.5 10 0.675545
9.5 10.5 0.83203
9.5 11 0.610147
9.5 11.5 0.180677
9.5 12 -0.056723
9.5 12.5 0.00246729
9.5 13 0.192425
9.5 13.5 0.338085
9.5 14 0.421356
9.5 14.5 0.500455
9.5 15 0.499053
9.5 15.5 0.346689
9.5 16 0.120328
9.5 16.5 0.0161454
9.5 17 0.104836
9.5 17.5 0.198116
9.5 18 0.11359
9.5 18.5 -0.0836416
9.5 19 -0.291435
9.5 19.5 -0.432544
9.5 20 -0.0655354
9.5 20.5 0

10 0 0
10 0.5 0.0726745
10 1 0.473116
10 1.5 -0.00886908
10 2 -0.412616
10 2.5 -0.461079
10 3 -0.337645
10 3.5 -0.287402
10 4 -0.273812
10 4.5 -0.0782639
10 5 0.273602
10 5.5 0.494692
10 6 0.375307
10 6.5 0.0952191
10 7 0.0345812
10 7.5 0.218201
10 8 0.386381
10 8.5 0.357282
10 9 0.317863
10 9.5 0.507632
10 10 0.845405
10 10.5 0.960906
10 11 0.701275
10 11.5 0.305586
10 12 0.117682
10 12.5 0.154651
10 13 0.239277
10 13.5 0.256238
10 14 0.322344
10 14.5 0.444345
10 15 0.440727
10 15.5 0.170812
10 16 -0.224528
10 16.5 -0.427302
10 17 -0.329249
10 17.5 -0.145511
10 18 -0.078517
10 18.5 -0.0795161
10 19 -0.0313484
10 19.5 0.0660651
10 20 0.0105668
10 20.5 0

10.5 0 0
10.5 0.5 0.0901403
10.5 1 0.591235
10.5 1.5 0.0425484
10.5 2 -0.422384
10.5 2.5 -0.496819
10.5 3 -0.35913
10.5 3.5 -0.336537
10.5 4 -0.368939
10.5 4.5 -0.187148
10.5 5 0.205442
10.5 5.5 0.468783
10.5 6 0.357498
10.5 6.5 0.0569385
10.5 7 -0.0221667
10.5 7.5 0.163094
10.5 8 0.346635
10.5 8.5 0.363607
10.5 9 0.338983
10.5 9.5 0.521621
10.5 10 0.796876
10.5 10.5 0.845681
10.5 11 0.59259
10.5 11.5 0.289977
10.5 12 0.167113
10.5 12.5 0.189199
10.5 13 0.15417
10.5 13.5 0.0997656
10.5 14 0.228153
10.5 14.5 0.506702
10.5 15 0.613832
10.5 15.5 0.297951
10.5 16 -0.249447
10.5 16.5 -0.594892
10.5 17 -0.565226
10.5 17.5 -0.374058
10.5 18 -0.239458
10.5 18.5 -0.137317
10.5 19 0.0781121
10.5 19.5 0.326521
10.5 20 0.050206
10.5 20.5 0

11 0 0
11 0.5 0.0410697
11 1 0.268061
11 1.5 -0.132524
11 2 -0.411724
11 2.5 -0.33701
11 3 -0.105596
11 3.5 -0.0466573
11 4 -0.0741517
11 4.5 0.0742064
11 5 0.433886
11 5.5 0.658472
11 6 0.496376
11 6.5 0.152189
11 7 -0.00713773
11 7.5 0.0830048
11 8 0.20671
11 8.5 0.181064
11 9 0.160073
11 9.5 0.323735
11 10 0.527959
11 10.5 0.528921
11 11 0.297828
11 11.5 0.108832
11 12 0.094413
11 12.5 0.11367
11 13 0.0205745
11 13.5 -0.0589829
11 14 0.18701
11 14.5 0.67568
11 15 0.948524
11 15.5 0.693546
11 16 0.106401
11 16.5 -0.320577
11 17 -0.366048
11 17.5 -0.288129
11 18 -0.283902
11 18.5 -0.261866
11 19 -0.0467662
11 19.5 0.222009
11 20 0.0341298
11 20.5 0

11.5 0 0
11.5 0.5 -0.00705705
11.5 1 -0.0443375
11.5 1.5 -0.253323
11.5 2 -0.345206
11.5 2.5 -0.146409
11.5 3 0.127012
11.5 3.5 0.228969
11.5 4 0.209485
11.5 4.5 0.325843
11.5 5 0.578803
11.5 5.5 0.709411
11.5 6 0.525228
11.5 6.5 0.207789
11.5 7 0.0504118
11.5 7.5 0.0847576
11.5 8 0.134459
11.5 8.5 0.0860357
11.5 9 0.0940126
11.5 9.5 0.261445
11.5 10 0.419483
11.5 10.5 0.386451
11.5 11 0.17711
11.5 11.5 0.0694275
11.5 12 0.118667
11.5 12.5 0.114257
11.5 13 -0.0519572
11.5 13.5 -0.175072
11.5 14 0.0878752
11.5 14.5 0.661028
11.5 15 1.03022
11.5 15.5 0.881421
11.5 16 0.411443
11.5 16.5 0.0778254
11.5 17 -0.00114663
11.5 17.5 -0.0654732
11.5 18 -0.260462
11.5 18.5 -0.367658
11.5 19 -0.188993
11.5 19.5 0.09385
11.5 20 0.0147858
11.5 20.5 0

12 0 0
12 0.5 0.00587046
12 1 0.0358673
12 1.5 -0.124571
12 2 -0.21686
12 2.5 -0.132641
12 3 0.00877869
12 3.5 0.0867931
12 4 0.125647
12 4.5 0.245494
12 5 0.422998
12 5.5 0.457411
12 6 0.298661
12 6.5 0.129895
12 7 0.101355
12 7.5 0.197702
12 8 0.22604
12 8.5 0.19848
12 9 0.274906
12 9.5 0.499645
12 10 0.658636
12 10.5 0.592867
12 11 0.39487
12 11.5 0.311884
12 12 0.349444
12 12.5 0.293686
12 13 0.012006
12 13.5 -0.224477
12 14 -0.0902741
12 14.5 0.372316
12 15 0.693266
12 15.5 0.614289
12 16 0.339785
12 16.5 0.178183
12 17 0.145842
12 17.5 -0.00910217
12 18 -0.321625
12 18.5 -0.438296
12 19 -0.152198
12 19.5 0.267819
12 20 0.0415275
12 20.5 0

12.5 0 0
12.5 0.5 0.052764
12.5 1 0.344857
12.5 1.5 0.136773
12.5 2 -0.0991952
12.5 2.5 -0.273307
12.5 3 -0.346704
12.5 3.5 -0.334384
12.5 4 -0.173983
12.5 4.5 0.0570689
12.5 5 0.205166
12.5 5.5 0.189372
12.5 6 0.0722191
12.5 6.5 0.0595433
12.5 7 0.190975
12.5 7.5 0.33988
12.5 8 0.36443
12.5 8.5 0.356097
12.5 9 0.485717
12.5 9.5 0.72139
12.5 10 0.872567
12.5 10.5 0.791113
12.5 11 0.613969
12.5 11.5 0.57678
12.5 12 0.621496
12.5 12.5 0.507827
12.5 13 0.170749
12.5 13.5 -0.147661
12.5 14 -0.149349
12.5 14.5 0.110171
12.5 15 0.277366
12.5 15.5 0.197492
12.5 16 0.0480164
12.5 16.5 0.0496914
12.5 17 0.063634
12.5 17.5 -0.148276
12.5 18 -0.466229
12.5 18.5 -0.493111
12.5 19 -0.00343087
12.5 19.5 0.610384
12.5 20 0.0931918
12.5 20.5 0

13 0 0
13 0.5 0.0688692
13 1 0.456061
13 1.5 0.274544
13 2 -0.0234963
13 2.5 -0.402618
13 3 -0.656137
13 3.5 -0.620818
13 4 -0.287837
13 4.5 0.0997704
13 5 0.286792
13 5.5 0.209064
13 6 0.105751
13 6.5 0.167367
13 7 0.339335
13 7.5 0.424683
13 8 0.360369
13 8.5 0.294167
13 9 0.414317
13 9.5 0.618536
13 10 0.707431
13 10.5 0.603684
13 11 0.477211
13 11.5 0.511805
13 12 0.624301
13 12.5 0.565367
13 13 0.298603
13 13.5 0.0376013
13 14 0.0309174
13 14.5 0.168822
13 15 0.20648
13 15.5 0.0627393
13 16 -0.049545
13 16.5 -0.0302813
13 17 -0.0483451
13 17.5 -0.297632
13 18 -0.599403
13 18.5 -0.536784
13 19 0.0696201
13 19.5 0.770632
13 20 0.117173
13 20.5 0

13.5 0 0
13.5 0.5 0.0352354
13.5 1 0.232524
13.5 1.5 0.210141
13.5 2 0.0402937
13.5 2.5 -0.325989
13.5 3 -0.628087
13.5 3.5 -0.56072
13.5 4 -0.108876
13.5 4.5 0.372113
13.5 5 0.543381
13.5 5.5 0.430655
13.5 6 0.313693
13.5 6.5 0.361166
13.5 7 0.444724
13.5 7.5 0.362454
13.5 8 0.172325
13.5 8.5 0.0841171
13.5 9 0.192351
13.5 9.5 0.327244
13.5 10 0.304737
13.5 10.5 0.157316
13.5 11 0.0842725
13.5 11.5 0.219231
13.5 12 0.411097
13.5 12.5 0.431375
13.5 13 0.302579
13.5 13.5 0.217903
13.5 14 0.307455
13.5 14.5 0.440299
13.5 15 0.405719
13.5 15.5 0.216518
13.5 16 0.0659297
13.5 16.5 0.0419897
13.5 17 -0.010396
13.5 17.5 -0.266937
13.5 18 -0.542101
13.5 18.5 -0.479716
13.5 19 0.0282971
13.5 19.5 0.619074
13.5 20 0.094136
13.5 20.5 0

14 0 0
14 0.5 -0.0156064
14 1 -0.101309
14 1.5 0.112192
14 2 0.172299
14 2.5 -0.0983038
14 3 -0.407914
14 3.5 -0.362402
14 4 0.0812227
14 4.5 0.502426
14 5 0.609408
14 5.5 0.465747
14 6 0.387208
14 6.5 0.433775
14 7 0.40844
14 7.5 0.215148
14 8 -0.00736313
14 8.5 -0.00343721
14 9 0.195617
14 9.5 0.320675
14 10 0.205425
14 10.5 -0.0101798
14 11 -0.0682937
14 11.5 0.0884065
14 12 0.27379
14 12.5 0.311922
14 13 0.245157
14 13.5 0.279837
14 14 0.448864
14 14.5 0.573732
14 15 0.496961
14 15.5 0.271627
14 16 0.109082
14 16.5 0.0601952
14 17 0.0283364
14 17.5 -0.126612
14 18 -0.295755
14 18.5 -0.27513
14 19 -0.00270775
14 19.5 0.321539
14 20 0.0485072
14 20.5 0

14.5 0 0
14.5 0.5 -0.0474315
14.5 1 -0.314181
14.5 1.5 0.0668389
14.5 2 0.305243
14.5 2.5 0.143822
14.5 3 -0.16728
14.5 3.5 -0.201946
14.5 4 0.0919889
14.5 4.5 0.346858
14.5 5 0.345985
14.5 5.5 0.224647
14.5 6 0.242935
14.5 6.5 0.341851
14.5 7 0.27317
14.5 7.5 0.0220839
14.5 8 -0.123715
14.5 8.5 0.100965
14.5 9 0.508697
14.5 9.5 0.684325
14.5 10 0.509461
14.5 10.5 0.228652
14.5 11 0.136901
14.5 11.5 0.234688
14.5 12 0.326375
14.5 12.5 0.274403
14.5 13 0.195359
14.5 13.5 0.25235
14.5 14 0.393989
14.5 14.5 0.433257
14.5 15 0.295794
14.5 15.5 0.0848399
14.5 16 -0.041906
14.5 16.5 -0.054486
14.5 17 -0.00781568
14.5 17.5 0.00854323
14.5 18 0.00635614
14.5 18.5 0.00899787
14.5 19 0.0228981
14.5 19.5 0.0433508
14.5 20 0.00624375
14.5 20.5 0

15 0 0
15 0.5 -0.0644472
15 1 -0.430079
15 1.5 0.0130448
15 2 0.339833
15 2.5 0.257835
15 3 -0.00370503
15 3.5 -0.0767768
15 4 0.0959389
15 4.5 0.18877
15 5 0.0917479
15 5.5 0.0169685
15 6 0.144848
15 6.5 0.291422
15 7 0.161986
15 7.5 -0.147797
15 8 -0.212559
15 8.5 0.164517
15 9 0.741959
15 9.5 0.966629
15 10 0.758789
15 10.5 0.434391
15 11 0.307089
15 11.5 0.324969
15 12 0.333908
15 12.5 0.224165
15 13 0.174204
15 13.5 0.234968
15 14 0.32314
15 14.5 0.26898
15 15 0.0932962
15 15.5 -0.0665105
15 16 -0.108681
15 16.5 -0.0894984
15 17 -0.0250599
15 17.5 0.0832592
15 18 0.198519
15 18.5 0.186375
15 19 0.0126132
15 19.5 -0.202117
15 20 -0.0309402
15 20.5 0

15.5 0 0
15.5 0.5 -0.0818545
15.5 1 -0.543491
15.5 1.5 -0.102776
15.5 2 0.237693
15.5 2.5 0.24136
15.5 3 0.118534
15.5 3.5 0.141609
15.5 4 0.286266
15.5 4.5 0.295897
15.5 5 0.145652
15.5 5.5 0.0873473
15.5 6 0.265786
15.5 6.5 0.395602
15.5 7 0.181002
15.5 7.5 -0.23433
15.5 8 -0.350401
15.5 8.5 0.0450624
15.5 9 0.607521
15.5 9.5 0.823799
15.5 10 0.602218
15.5 10.5 0.302756
15.5 11 0.172585
15.5 11.5 0.166532
15.5 12 0.119577
15.5 12.5 0.043943
15.5 13 0.112512
15.5 13.5 0.295308
15.5 14 0.380863
15.5 14.5 0.266048
15.5 15 0.116209
15.5 15.5 0.0889819
15.5 16 0.167633
15.5 16.5 0.184616
15.5 17 0.123161
15.5 17.5 0.130201
15.5 18 0.221625
15.5 18.5 0.184696
15.5 19 -0.0911043
15.5 19.5 -0.432003
15.5 20 -0.0655432
15.5 20.5 0

16 0 0
16 0.5 -0.0909705
16 1 -0.595689
16 1.5 -0.190636
16 2 0.131649
16 2.5 0.201996
16 3 0.200405
16 3.5 0.324281
16 4 0.479535
16 4.5 0.466878
16 5 0.275298
16 5.5 0.221809
16 6 0.419502
16 6.5 0.536887
16 7 0.287044
16 7.5 -0.1809
16 8 -0.369164
16 8.5 -0.077443
16 9 0.343039
16 9.5 0.462942
16 10 0.278078
16 10.5 0.0645345
16 11 -0.00331383
16 11.5 -0.0226567
16 12 -0.104951
16 12.5 -0.122536
16 13 0.0783838
16 13.5 0.355568
16 14 0.446576
16 14.5 0.289013
16 15 0.184065
16 15.5 0.333305
16 16 0.551079
16 16.5 0.559134
16 17 0.331311
16 17.5 0.152304
16 18 0.140295
16 18.5 0.0881284
16 19 -0.184174
16 19.5 -0.537539
16 20 -0.0817108
16 20.5 0

16.5 0 0
16.5 0.5 -0.0692454
16.5 1 -0.45552
16.5 1.5 -0.132593
16.5 2 0.12391
16.5 2.5 0.172017
16.5 3 0.170269
16.5 3.5 0.281691
16.5 4 0.388742
16.5 4.5 0.297145
16.5 5 0.0815866
16.5 5.5 0.0467738
16.5 6 0.28581
16.5 6.5 0.487224
16.5 7 0.346965
16.5 7.5 0.0101002
16.5 8 -0.145281
16.5 8.5 0.0459571
16.5 9 0.316072
16.5 9.5 0.347915
16.5 10 0.212769
16.5 10.5 0.145344
16.5 11 0.184948
16.5 11.5 0.142494
16.5 12 -0.0218013
16.5 12.5 -0.0948168
16.5 13 0.100634
16.5 13.5 0.357636
16.5 14 0.33536
16.5 14.5 0.0728573
16.5 15 -0.0391353
16.5 15.5 0.231714
16.5 16 0.594519
16.5 16.5 0.653346
16.5 17 0.375075
16.5 17.5 0.0908967
16.5 18 0.0350304
16.5 18.5 0.0363054
16.5 19 -0.143113
16.5 19.5 -0.413175
16.5 20 -0.0626055
16.5 20.5 0

17 0 0
17 0.5 -0.0294057
17 1 -0.194887
17 1.5 0.0306939
17 2 0.188666
17 2.5 0.155488
17 3 0.0465133
17 3.5 0.0079497
17 4 -0.0168951
17 4.5 -0.17224
17 5 -0.37716
17 5.5 -0.364415
17 6 -0.0590829
17 6.5 0.256954
17 7 0.334487
17 7.5 0.236159
17 8 0.215743
17 8.5 0.373432
17 9 0.482751
17 9.5 0.416827
17 10 0.344498
17 10.5 0.423165
17 11 0.588541
17 11.5 0.551588
17 12 0.29588
17 12.5 0.123292
17 13 0.195789
17 13.5 0.301723
17 14 0.116715
17 14.5 -0.300997
17 15 -0.487643
17 15.5 -0.210946
17 16 0.23028
17 16.5 0.378172
17 17 0.171019
17 17.5 -0.0424912
17 18 -0.0217953
17 18.5 0.0742325
17 19 -0.00159399
17 19.5 -0.177235
17 20 -0.026374
17 20.5 0

17.5 0 0
17.5 0.5 -0.00732986
17.5 1 -0.051043
17.5 1.5 0.107761
17.5 2 0.206979
17.5 2.5 0.127519
17.5 3 -0.0553828
17.5 3.5 -0.1941
17.5 4 -0.293992
17.5 4.5 -0.44577
17.5 5 -0.580311
17.5 5.5 -0.511
17.5 6 -0.212983
17.5 6.5 0.130665
17.5 7 0.32434
17.5 7.5 0.396798
17.5 8 0.46864
17.5 8.5 0.538572
17.5 9 0.479171
17.5 9.5 0.280869
17.5 10 0.208805
17.5 10.5 0.395468
17.5 11 0.675969
17.5 11.5 0.721841
17.5 12 0.513487
17.5 12.5 0.307853
17.5 13 0.30313
17.5 13.5 0.30552
17.5 14 0.0337049
17.5 14.5 -0.428961
17.5 15 -0.67814
17.5 15.5 -0.476821
17.5 16 -0.100061
17.5 16.5 0.0632092
17.5 17 -0.0451649
17.5 17.5 -0.138815
17.5 18 -0.0202517
17.5 18.5 0.131242
17.5 19 0.0851256
17.5 19.5 -0.0677654
17.5 20 -0.0101786
17.5 20.5 0

18 0 0
18 0.5 -0.0173109
18 1 -0.11424
18 1.5 0.0148983
18 2 0.11265
18 2.5 0.0732026
18 3 -0.0310323
18 3.5 -0.133415
18 4 -0.19148
18 4.5 -0.253167
18 5 -0.294088
18 5.5 -0.224985
18 6 -0.0265692
18 6.5 0.189305
18 7 0.337714
18 7.5 0.43323
18 8 0.499314
18 8.5 0.441892
18 9 0.186873
18 9.5 -0.16065
18 10 -0.305884
18 10.5 -0.107697
18 11 0.254018
18 11.5 0.452531
18 12 0.414319
18 12.5 0.329316
18 13 0.353532
18 13.5 0.364542
18 14 0.177112
18 14.5 -0.184259
18 15 -0.391209
18 15.5 -0.294079
18 16 -0.0869961
18 16.5 -0.0301891
18 17 -0.112597
18 17.5 -0.120713
18 18 0.029537
18 18.5 0.130224
18 19 0.0303656
18 19.5 -0.154577
18 20 -0.0232722
18 20.5 0

18.5 0 0
18.5 0.5 -0.0307486
18.5 1 -0.201965
18.5 1.5 -0.142311
18.5 2 -0.0706042
18.5 2.5 -0.0128759
18.5 3 0.0496999
18.5 3.5 0.0894514
18.5 4 0.106733
18.5 4.5 0.107991
18.5 5 0.116359
18.5 5.5 0.147301
18.5 6 0.203976
18.5 6.5 0.25458
18.5 7 0.320527
18.5 7.5 0.412728
18.5 8 0.466839
18.5 8.5 0.341799
18.5 9 -0.0191111
18.5 9.5 -0.444484
18.5 10 -0.664054
18.5 10.5 -0.520213
18.5 11 -0.170743
18.5 11.5 0.128682
18.5 12 0.261368
18.5 12.5 0.302125
18.5 13 0.364547
18.5 13.5 0.404121
18.5 14 0.31543
18.5 14.5 0.147041
18.5 15 0.0581276
18.5 15.5 0.0827642
18.5 16 0.106651
18.5 16.5 0.0251611
18.5 17 -0.0856167
18.5 17.5 -0.0834425
18.5 18 0.0457995
18.5 18.5 0.0859623
18.5 19 -0.0604162
18.5 19.5 -0.265409
18.5 20 -0.0406527
18.5 20.5 0

19 0 0
19 0.5 -0.0214026
19 1 -0.137884
19 1.5 -0.202498
19 2 -0.219542
19 2.5 -0.105534
19 3 0.0805743
19 3.5 0.210799
19 4 0.222626
19 4.5 0.17857
19 5 0.154173
19 5.5 0.135484
19 6 0.115879
19 6.5 0.1236
19 7 0.224129
19 7.5 0.419502
19 8 0.566054
19 8.5 0.484722
19 9 0.165122
19 9.5 -0.214959
19 10 -0.43062
19 10.5 -0.367711
19 11 -0.121121
19 11.5 0.148979
19 12 0.338113
19 12.5 0.416021
19 13 0.404681
19 13.5 0.319809
19 14 0.22504
19 14.5 0.184926
19 15 0.197326
19 15.5 0.198423
19 16 0.121106
19 16.5 -0.0267385
19 17 -0.125717
19 17.5 -0.0985938
19 18 0.0036995
19 18.5 0.0293576
19 19 -0.0844277
19 19.5 -0.23656
19 20 -0.036405
19 20.5 0

19.5 0 0
19.5 0.5 0.00345018
19.5 1 0.0221027
19.5 1.5 -0.185709
19.5 2 -0.298039
19.5 2.5 -0.14764
19.5 3 0.131247
19.5 3.5 0.238895
19.5 4 0.128533
19.5 4.5 -0.0570593
19.5 5 -0.174249
19.5 5.5 -0.205394
19.5 6 -0.23381
19.5 6.5 -0.171421
19.5 7 0.0582573
19.5 7.5 0.407179
19.5 8 0.685172
19.5 8.5 0.683358
19.5 9 0.453345
19.5 9.5 0.193718
19.5 10 0.0578617
19.5 10.5 0.064303
19.5 11 0.172896
19.5 11.5 0.344884
19.5 12 0.505447
19.5 12.5 0.552314
19.5 13 0.424214
19.5 13.5 0.157129
19.5 14 -0.0393325
19.5 14.5 -0.082027
19.5 15 -0.0505987
19.5 15.5 -0.0206685
19.5 16 -0.0862397
19.5 16.5 -0.159533
19.5 17 -0.149226
19.5 17.5 -0.0786645
19.5 18 -0.000127182
19.5 18.5 -0.00922529
19.5 19 -0.0750562
19.5 19.5 -0.143847
19.5 20 -0.02181
19.5 20.5 0

20 0 0
20 0.5 0.0133851
20 1 0.0784746
20 1.5 -0.207234
20 2 -0.335004
20 2.5 -0.120763
20 3 0.231895
20 3.5 0.316897
20 4 0.0780542
20 4.5 -0.229167
20 5 -0.368931
20 5.5 -0.399186
20 6 -0.425993
20 6.5 -0.361277
20 7 -0.0944158
20 7.5 0.317296
20 8 0.605436
20 8.5 0.545155
20 9 0.311556
20 9.5 0.158671
20 10 0.122941
20 10.5 0.150901
20 11 0.16492
20 11.5 0.237948
20 12 0.390321
20 12.5 0.482849
20 13 0.357255
20 13.5 0.0319314
20 14 -0.228749
20 14.5 -0.289955
20 15 -0.260977
20 15.5 -0.239553
20 16 -0.227389
20 16.5 -0.164593
20 17 -0.0175581
20 17.5 0.0904336
20 18 0.0781798
20 18.5 -0.0361187
20 19 -0.125907
20 19.5 -0.172628
20 20 -0.025973
20 20.5 0

20.5 0 0
20.5 0.5 -0.0020515
20.5 1 -0.0155686
20.5 1.5 -0.279518
20.5 2 -0.35818
20.5 2.5 -0.0272661
20.5 3 0.397852
20.5 3.5 0.458575
20.5 4 0.163599
20.5 4.5 -0.117265
20.5 5 -0.189646
20.5 5.5 -0.167187
20.5 6 -0.243283
20.5 6.5 -0.299196
20.5 7 -0.120751
20.5 7.5 0.192068
20.5 8 0.349597
20.5 8.5 0.1426
20.5 9 -0.201652
20.5 9.5 -0.358149
20.5 10 -0.297407
20.5 10.5 -0.198917
20.5 11 -0.207888
20.5 11.5 -0.174823
20.5 12 0.00996566
20.5 12.5 0.223681
20.5 13 0.245722
20.5 13.5 0.0408113
20.5 14 -0.147053
20.5 14.5 -0.209026
20.5 15 -0.196922
20.5 15.5 -0.189774
20.5 16 -0.164578
20.5 16.5 0.00628665
20.5 17 0.255918
20.5 17.5 0.372276
20.5 18 0.252432
20.5 18.5 -0.024272
20.5 19 -0.245433
20.5 19.5 -0.35254
20.5 20 -0.0530153
20.5 20.5 0

21 0 0
21 0.5 -0.0129966
21 1 -0.0857028
21 1.5 -0.318858
21 2 -0.346978
21 2.5 0.0155885
21 3 0.417486
21 3.5 0.457655
21 4 0.175914
21 4.5 0.00740321
21 5 0.10318
21 5.5 0.207094
21 6 0.0796972
21 6.5 -0.116294
21 7 -0.0660245
21 7.5 0.186117
21 8 0.25155
21 8.5 -0.0902663
21 9 -0.532245
21 9.5 -0.694491
21 10 -0.536362
21 10.5 -0.358632
21 11 -0.352167
21 11.5 -0.381186
21 12 -0.219198
21 12.5 0.0565826
21 13 0.208802
21 13.5 0.155996
21 14 0.0503131
21 14.5 0.013498
21 15 0.00403906
21 15.5 -0.0607982
21 16 -0.0878543
21 16.5 0.0891497
21 17 0.386466
21 17.5 0.535291
21 18 0.363127
21 18.5 0.00375441
21 19 -0.310976
21 19.5 -0.484339
21 20 -0.0737941
21 20.5 0

21.5 0 0
21.5 0.5 -0.00212307
21.5 1 -0.018358
21.5 1.5 -0.260266
21.5 2 -0.304161
21.5 2.5 0.00734301
21.5 3 0.296651
21.5 3.5 0.226497
21.5 4 -0.0671829
21.5 4.5 -0.131285
21.5 5 0.121822
21.5 5.5 0.322253
21.5 6 0.207084
21.5 6.5 -0.0347964
21.5 7 0.00737142
21.5 7.5 0.30842
21.5 8 0.437984
21.5 8.5 0.118191
21.5 9 -0.334948
21.5 9.5 -0.460566
21.5 10 -0.214751
21.5 10.5 0.0441886
21.5 11 0.0427842
21.5 11.5 -0.0836684
21.5 12 -0.0391355
21.5 12.5 0.15019
21.5 13 0.272912
21.5 13.5 0.236813
21.5 14 0.150717
21.5 14.5 0.103295
21.5 15 0.0512535
21.5 15.5 -0.103805
21.5 16 -0.213277
21.5 16.5 -0.0856219
21.5 17 0.231184
21.5 17.5 0.448254
21.5 18 0.352131
21.5 18.5 0.0372585
21.5 19 -0.269655
21.5 19.5 -0.43036
21.5 20 -0.0645309
21.5 20.5 0

22 0 0
22 0.5 0.0110103
22 1 0.0683735
22 1.5 -0.16079
22 2 -0.216161
22 2.5 0.0146523
22 3 0.179305
22 3.5 -0.00948984
22 4 -0.360107
22 4.5 -0.406586
22 5 -0.0953517
22 5.5 0.170132
22 6 0.103536
22 6.5 -0.0919012
22 7 0.0119185
22 7.5 0.403691
22 8 0.624028
22 8.5 0.388219
22 9 0.00738709
22 9.5 -0.0687328
22 10 0.247358
22 10.5 0.545399
22 11 0.53693
22 11.5 0.309313
22 12 0.213503
22 12.5 0.270128
22 13 0.29217
22 13.5 0.190053
22 14 0.0724758
22 14.5 0.00819235
22 15 -0.0534483
22 15.5 -0.214113
22 16 -0.376117
22 16.5 -0.326042
22 17 -0.043743
22 17.5 0.233639
22 18 0.267113
22 18.5 0.0748042
22 19 -0.155468
22 19.5 -0.290453
22 20 -0.0434504
22 20.5 0

22.5 0 0
22.5 0.5 0.000614568
22.5 1 0.0010702
22.5 1.5 -0.144314
22.5 2 -0.126856
22.5 2.5 0.112472
22.5 3 0.251458
22.5 3.5 0.0238656
22.5 4 -0.364331
22.5 4.5 -0.480495
22.5 5 -0.225578
22.5 5.5 0.0266986
22.5 6 -0.00911746
22.5 6.5 -0.152749
22.5 7 -0.045467
22.5 7.5 0.303633
22.5 8 0.489441
22.5 8.5 0.279163
22.5 9 -0.0394752
22.5 9.5 -0.060855
22.5 10 0.264005
22.5 10.5 0.548501
22.5 11 0.508336
22.5 11.5 0.254012
22.5 12 0.112406
22.5 12.5 0.126471
22.5 13 0.134606
22.5 13.5 0.0323126
22.5 14 -0.0776622
22.5 14.5 -0.0882812
22.5 15 -0.0670744
22.5 15.5 -0.154566
22.5 16 -0.296594
22.5 16.5 -0.314304
22.5 17 -0.117464
22.5 17.5 0.130515
22.5 18 0.217751
22.5 18.5 0.1052
22.5 19 -0.0912565
22.5 19.5 -0.239688
22.5 20 -0.0362319
22.5 20.5 0

23 0 0
23 0.5 -0.0278425
23 1 -0.18208
23 1.5 -0.19598
23 2 -0.0503679
23 2.5 0.265462
23 3 0.462089
23 3.5 0.275893
23 4 -0.104767
23 4.5 -0.309358
23 5 -0.194546
23 5.5 -0.0113338
23 6 -0.0231082
23 6.5 -0.139179
23 7 -0.109928
23 7.5 0.053581
23 8 0.0880376
23 8.5 -0.118891
23 9 -0.348445
23 9.5 -0.297043
23 10 -0.00372308
23 10.5 0.201908
23 11 0.0919661
23 11.5 -0.166214
23 12 -0.289279
23 12.5 -0.211862
23 13 -0.117101
23 13.5 -0.124358
23 14 -0.160093
23 14.5 -0.0983888
23 15 0.0218447
23 15.5 0.0601884
23 16 -0.0172146
23 16.5 -0.0673146
23 17 0.0361274
23 17.5 0.186178
23 18 0.237956
23 18.5 0.114722
23 19 -0.102561
23 19.5 -0.282033
23 20 -0.0425329
23 20.5 0

23.5 0 0
23.5 0.5 -0.0394712
23.5 1 -0.260349
23.5 1.5 -0.196917
23.5 2 0.00673362
23.5 2.5 0.321534
23.5 3 0.513932
23.5 3.5 0.40549
23.5 4 0.0802199
23.5 4.5 -0.164801
23.5 5 -0.170468
23.5 5.5 -0.0690846
23.5 6 -0.0305039
23.5 6.5 -0.0924262
23.5 7 -0.129398
23.5 7.5 -0.131233
23.5 8 -0.197278
23.5 8.5 -0.331749
23.5 9 -0.367851
23.5 9.5 -0.193142
23.5 10 0.0541153
23.5 10.5 0.136467
23.5 11 -0.070018
23.5 11.5 -0.364752
23.5 12 -0.496231
23.5 12.5 -0.409371
23.5 13 -0.254906
23.5 13.5 -0.188016
23.5 14 -0.167049
23.5 14.5 -0.0859967
23.5 15 0.0651113
23.5 15.5 0.170046
23.5 16 0.165887
23.5 16.5 0.117122
23.5 17 0.134939
23.5 17.5 0.200817
23.5 18 0.211467
23.5 18.5 0.103656
23.5 19 -0.0909297
23.5 19.5 -0.262376
23.5 20 -0.0397552
23.5 20.5 0

24 0 0
24 0.5 -0.0189278
24 1 -0.129755
24 1.5 -0.0784074
24 2 0.0444037
24 2.5 0.211067
24 3 0.298536
24 3.5 0.218051
24 4 0.00921308
24 4.5 -0.182527
24 5 -0.264769
24 5.5 -0.206935
24 6 -0.120473
24 6.5 -0.085571
24 7 -0.10592
24 7.5 -0.163342
24 8 -0.198704
24 8.5 -0.138104
24 9 0.0586001
24 9.5 0.329037
24 10 0.515601
24 10.5 0.469915
24 11 0.211606
24 11.5 -0.0926702
24 12 -0.271043
24 12.5 -0.282139
24 13 -0.208171
24 13.5 -0.160053
24 14 -0.152074
24 14.5 -0.12313
24 15 -0.0462407
24 15.5 0.0406413
24 16 0.0704845
24 16.5 0.0568499
24 17 0.0426917
24 17.5 0.0652742
24 18 0.0911378
24 18.5 0.0656844
24 19 -0.0139331
24 19.5 -0.0910027
24 20 -0.0131685
24 20.5 0

24.5 0 0
24.5 0.5 0.0105629
24.5 1 0.0671122
24.5 1.5 0.0896763
24.5 2 0.0820083
24.5 2.5 0.00983885
24.5 3 -0.0698399
24.5 3.5 -0.0917359
24.5 4 -0.0980105
24.5 4.5 -0.163034
24.5 5 -0.246279
24.5 5.5 -0.257197
24.5 6 -0.164795
24.5 6.5 -0.065514
24.5 7 -0.0594222
24.5 7.5 -0.114982
24.5 8 -0.0967228
24.5 8.5 0.0959245
24.5 9 0.407057
24.5 9.5 0.641838
24.5 10 0.677518
24.5 10.5 0.569976
24.5 11 0.394026
24.5 11.5 0.223298
24.5 12 0.0746301
24.5 12.5 -0.0343854
24.5 13 -0.0810389
24.5 13.5 -0.0884788
24.5 14 -0.0992726
24.5 14.5 -0.130299
24.5 15 -0.143755
24.5 15.5 -0.117732
24.5 16 -0.0712245
24.5 16.5 -0.0673821
24.5 17 -0.102563
24.5 17.5 -0.117775
24.5 18 -0.087125
24.5 18.5 -0.00153708
24.5 19 0.0893812
24.5 19.5 0.140767
24.5 20 0.021427
24.5 20.5 0

25 0 0
25 0.5 0.0232298
25 1 0.153068
25 1.5 0.1902
25 2 0.102656
25 2.5 -0.151877
25 3 -0.352487
25 3.5 -0.278269
25 4 -0.0257487
25 4.5 0.129009
25 5 0.068912
25 5.5 -0.0389224
25 6 -0.0282771
25 6.5 0.0501356
25 7 0.0192816
25 7.5 -0.118684
25 8 -0.150346
25 8.5 0.0194735
25 9 0.231266
25 9.5 0.237892
25 10 0.0630433
25 10.5 -0.0719868
25 11 -0.0137253
25 11.5 0.124798
25 12 0.167296
25 12.5 0.0660241
25 13 -0.0238405
25 13.5 -0.0229477
25 14 0.0192024
25 14.5 0.0103619
25 15 -0.0389137
25 15.5 -0.0535608
25 16 -0.0168564
25 16.5 -0.0152927
25 17 -0.107113
25 17.5 -0.207824
25 18 -0.213362
25 18.5 -0.0776245
25 19 0.130316
25 19.5 0.294607
25 20 0.0445303
25 20.5 0

25.5 0 0
25.5 0.5 0.0229351
25.5 1 0.152689
25.5 1.5 0.228723
25.5 2 0.111104
25.5 2.5 -0.260932
25.5 3 -0.524248
25.5 3.5 -0.334339
25.5 4 0.174267
25.5 4.5 0.528447
25.5 5 0.488937
25.5 5.5 0.275713
25.5 6 0.186657
25.5 6.5 0.196302
25.5 7 0.0747006
25.5 7.5 -0.181392
25.5 8 -0.328544
25.5 8.5 -0.258051
25.5 9 -0.203448
25.5 9.5 -0.423763
25.5 10 -0.799321
25.5 10.5 -0.944858
25.5 11 -0.657435
25.5 11.5 -0.199461
25.5 12 0.0493851
25.5 12.5 0.0146867
25.5 13 -0.0648454
25.5 13.5 0.00673396
25.5 14 0.155951
25.5 14.5 0.212771
25.5 15 0.164659
25.5 15.5 0.142361
25.5 16 0.176229
25.5 16.5 0.151791
25.5 17 -0.0149996
25.5 17.5 -0.228843
25.5 18 -0.294395
25.5 18.5 -0.143314
25.5 19 0.130837
25.5 19.5 0.371788
25.5 20 0.0561859
25.5 20.5 0

26 0 0
26 0.5 0
26 1 0.0229351
26 1.5 0.0351751
26 2 0.0172885
26 2.5 -0.0399141
26 3 -0.0800973
26 3.5 -0.0510911
26 4 0.0273188
26 4.5 0.08121
26 5 0.0754756
26 5.5 0.0418158
26 6 0.0287613
26 6.5 0.0301657
26 7 0.0115845
26 7.5 -0.0275067
26 8 -0.0507417
26 8.5 -0.0393663
26 9 -0.0315
26 9.5 -0.0638659
26 10 -0.121495
26 10.5 -0.143418
26 11 -0.100573
26 11.5 -0.0302955
26 12 0.00653169
26 12.5 0.00198662
26 13 -0.0106458
26 13.5 0.00105823
26 14 0.024506
26 14.5 0.0329129
26 15 0.0257958
26 15.5 0.0223235
26 16 0.0276335
26 16.5 0.0234251
26 17 -0.00191138
26 17.5 -0.0350294
26 18 -0.0446989
26 18.5 -0.0213012
26 19 0.0195898
26 19.5 0.0561859
26 20 0
26 20.5 0

26.5 0 0
26.5 0.5 0
26.5 1 0
26.5 1.5 0
26.5 2 0
26.5 2.5 0
26.5 3 0
26.5 3.5 0
26.5 4 0
26.5 4.5 0
26.5 5 0
26.5 5.5 0
26.5 6 0
26.5 6.5 0
26.5 7 0
26.5 7.5 0
26.5 8 0
26.5 8.5 0
26.5 9 0
26.5 9.5 0
26.5 10 0
26.5 10.5 0
26.5 11 0
26.5 11.5 0
26.5 12 0
26.5 12.5 0
26.5 13 0
26.5 13.5 0
26.5 14 0
26.5 14.5 0
26.5 15 0
26.5 15.5 0
26.5 16 0
26.5 16.5 0
26.5 17 0
26.5 17.5 0
26.5 18 0
26.5 18.5 0
26.5 19 0
26.5 19.5 0
26.5 20 0
26.5 20.5 0

