0 0 0
0 0.5 0
0 1 0
0 1.5 0
0 2 0
0 2.5 0
0 3 0
0 3.5 0
0 4 0
0 4.5 0
0 5 0
0 5.5 0
0 6 0
0 6.5 0
0 7 0
0 7.5 0
0 8 0
0 8.5 0
0 9 0
0 9.5 0
0 10 0
0 10.5 0
0 11 0
0 11.5 0
0 12 0
0 12.5 0
0 13 0
0 13.5 0
0 14 0
0 14.5 0
0 15 0
0 15.5 0
0 16 0
0 16.5 0
0 17 0
0 17.5 0
0 18 0
0 18.5 0
0 19 0
0 19.5 0
0 20 0
0 20.5 0

0.5 0 0
0.5 0.5 0
0.5 1 5.36277e-05
0.5 1.5 7.17369e-05
0.5 2 -4.01394e-06
0.5 2.5 8.99473e-05
0.5 3 5.83058e-07
0.5 3.5 -1.64801e-05
0.5 4 -8.18911e-05
0.5 4.5 -6.38116e-05
0.5 5 -0.000164324
0.5 5.5 -8.35759e-05
0.5 6 -0.00015974
0.5 6.5 -0.000110839
0.5 7 -9.76496e-05
0.5 7.5 -8.43778e-05
0.5 8 -9.40364e-05
0.5 8.5 -8.48333e-05
0.5 9 -0.000177699
0.5 9.5 -0.000122151
0.5 10 -0.000202248
0.5 10.5 -9.42144e-05
0.5 11 -0.00018564
0.5 11.5 -0.000138871
0.5 12 -0.000191516
0.5 12.5 -0.000190957
0.5 13 -7.8216e-05
0.5 13.5 -7.5246e-05
0.5 14 -8.97054e-05
0.5 14.5 -7.26094e-05
0.5 15 -0.000120904
0.5 15.5 -4.29467e-05
0.5 16 -9.48208e-05
0.5 16.5 -1.71109e-06
0.5 17 -8.25234e-05
0.5 17.5 2.21508e-05
0.5 18 1.76572e-05
0.5 18.5 6.45118e-05
0.5 19 6.08057e-05
0.5 19.5 4.91964e-05
0.5 20 0
0.5 20.5 0

1 0 0
1 0.5 5.36277e-05
1 1 0.000399628
1 1.5 0.000307723
1 2 9.52362e-05
1 2.5 0.000320108
1 3 8.24958e-05
1 3.5 -4.03105e-05
1 4 -0.000373888
1 4.5 -0.00054803
1 5 -0.000955307
1 5.5 -0.000779207
1 6 -0.000899564
1 6.5 -0.000744348
1 7 -0.000616342
1 7.5 -0.00047424
1 8 -0.000434042
1 8.5 -0.000744319
1 9 -0.000927952
1 9.5 -0.000939379
1 10 -0.000957602
1 10.5 -0.000754685
1 11 -0.000862468
1 11.5 -0.00100665
1 12 -0.0010605
1 12.5 -0.00104573
1 13 -0.00064472
1 13.5 -0.000521824
1 14 -0.000573885
1 14.5 -0.000542368
1 15 -0.000786701
1 15.5 -0.000515097
1 16 -0.00046366
1 16.5 -0.000274521
1 17 -0.000446183
1 17.5 -1.42628e-05
1 18 9.85967e-05
1 18.5 0.000367439
1 19 0.000346273
1 19.5 0.000324686
1 20 4.91964e-05
1 20.5 0

1.5 0 0
1.5 0.5 7.84995e-05
1.5 1 0.000382141
1.5 1.5 -6.95001e-05
1.5 2 0.000357279
1.5 2.5 -0.000283391
1.5 3 0.000201032
1.5 3.5 0.00012304
1.5 4 0.000159467
1.5 4.5 -0.00048758
1.5 5 -0.000345322
1.5 5.5 -0.000790458
1.5 6 -0.000449257
1.5 6.5 -0.000435715
1.5 7 -0.000484571
1.5 7.5 -0.000271543
1.5 8 -0.000335395
1.5 8.5 -0.000790588
1.5 9 -0.000603554
1.5 9.5 -0.000951845
1.5 10 -0.000525391
1.5 10.5 -0.000911398
1.5 11 -0.00038946
1.5 11.5 -0.00087903
1.5 12 -0.000534147
1.5 12.5 -0.000293675
1.5 13 -0.00085403
1.5 13.5 -0.000315666
1.5 14 -0.000501801
1.5 14.5 -0.000613851
1.5 15 -0.000448601
1.5 15.5 -0.000709439
1.5 16 -0.00011395
1.5 16.5 -0.000549748
1.5 17 6.69484e-05
1.5 17.5 -0.000273042
1.5 18 -3.99952e-05
1.5 18.5 0.000208021
1.5 19 0.000190823
1.5 19.5 0.000208002
1.5 20 4.10211e-05
1.5 20.5 0

2 0 0
2 0.5 5.40653e-05
2 1 0.000300583
2 1.5 0.00018897
2 2 -0.000305162
2 2.5 -0.000372441
2 3 -0.000315358
2 3.5 0.000392744
2 4 -0.000495409
2 4.5 4.77129e-05
2 5 -0.00013587
2 5.5 -0.000328914
2 6 -0.000613608
2 6.5 -0.000356666
2 7 -0.000698264
2 7.5 -0.000873879
2 8 -0.00122087
2 8.5 -0.000784607
2 9 -0.00123766
2 9.5 -0.00107823
2 10 -0.00152472
2 10.5 -0.00070656
2 11 -0.00134468
2 11.5 -0.000471346
2 12 -0.00137558
2 12.5 -0.00115306
2 13 -0.000226917
2 13.5 -0.000832562
2 14 -0.000375047
2 14.5 -0.00053451
2 15 -0.000818586
2 15.5 1.19074e-05
2 16 -0.000364896
2 16.5 0.000336848
2 17 -0.000282943
2 17.5 0.000209595
2 18 0.000111484
2 18.5 -0.000133719
2 19 -0.000107806
2 19.5 0.000146434
2 20 4.63885e-05
2 20.5 0

2.5 0 0
2.5 0.5 2.24445e-05
2.5 1 0.000146017
2.5 1.5 0.000112879
2.5 2 -8.08511e-05
2.5 2.5 -0.00069482
2.5 3 0.000340009
2.5 3.5 -0.000108653
2.5 4 0.000716853
2.5 4.5 -0.00073083
2.5 5 0.000794797
2.5 5.5 -0.000744461
2.5 6 0.000194343
2.5 6.5 -0.00046486
2.5 7 0.000251819
2.5 7.5 -0.000375284
2.5 8 -0.000757887
2.5 8.5 -0.000114654
2.5 9 0.000531334
2.5 9.5 0.000429356
2.5 10 0.000402592
2.5 10.5 0.000575428
2.5 11 0.000955758
2.5 11.5 0.000597938
2.5 12 0.000364085
2.5 12.5 7.65512e-05
2.5 13 -0.000764236
2.5 13.5 -0.000400281
2.5 14 -0.000214284
2.5 14.5 -0.00102784
2.5 15 0.000496139
2.5 15.5 -0.000865361
2.5 16 0.000585684
2.5 16.5 -0.000345489
2.5 17 0.000986537
2.5 17.5 -0.000366408
2.5 18 0.00035101
2.5 18.5 -0.000404241
2.5 19 0.000211808
2.5 19.5 1.24082e-05
2.5 20 -2.0611e-05
2.5 20.5 0

3 0 0
3 0.5 -7.76907e-06
3 1 4.31132e-05
3 1.5 0.000111193
3 2 -0.000147256
3 2.5 -0.000183942
3 3 0.000470135
3 3.5 0.000284911
3 4 0.000393398
3 4.5 -7.87794e-05
3 5 -7.96861e-05
3 5.5 6.82543e-05
3 6 -0.000341034
3 6.5 -0.000102527
3 7 -0.000317618
3 7.5 0.000171589
3 8 -0.000849342
3 8.5 0.000368116
3 9 -0.000399053
3 9.5 6.329e-05
3 10 -0.000608657
3 10.5 -7.3873e-05
3 11 -0.000230109
3 11.5 0.000323397
3 12 -0.00071227
3 12.5 0.000397397
3 13 -0.000668396
3 13.5 -0.000284747
3 14 -0.000670561
3 14.5 -0.00019842
3 15 -0.000151486
3 15.5 -7.21091e-05
3 16 0.000253221
3 16.5 0.00024281
3 17 0.000573523
3 17.5 0.000409705
3 18 0.000188674
3 18.5 2.09412e-06
3 19 -5.54719e-05
3 19.5 -4.4321e-05
3 20 -4.31648e-06
3 20.5 0

3.5 0 0
3.5 0.5 -3.1032e-05
3.5 1 0.000120491
3.5 1.5 0.000451392
3.5 2 -0.000236662
3.5 2.5 -0.000411758
3.5 3 0.000459029
3.5 3.5 3.70177e-05
3.5 4 0.000626813
3.5 4.5 -0.000351938
3.5 5 0.000563615
3.5 5.5 -0.000352682
3.5 6 0.000287798
3.5 6.5 -0.000275095
3.5 7 5.04939e-05
3.5 7.5 -6.59185e-05
3.5 8 -0.00104726
3.5 8.5 0.000337694
3.5 9 -0.000264904
3.5 9.5 0.000651501
3.5 10 -0.000233497
3.5 10.5 0.000650915
3.5 11 -0.000130167
3.5 11.5 0.000984288
3.5 12 -0.000168756
3.5 12.5 0.000645676
3.5 13 -0.000490378
3.5 13.5 -0.000284472
3.5 14 0.000430311
3.5 14.5 -0.000427734
3.5 15 0.00015901
3.5 15.5 -0.000570333
3.5 16 0.000785648
3.5 16.5 -0.000476344
3.5 17 0.000737961
3.5 17.5 -8.34654e-05
3.5 18 -8.20535e-05
3.5 18.5 0.000121509
3.5 19 5.42883e-05
3.5 19.5 0.000257649
3.5 20 3.16376e-05
3.5 20.5 0

4 0 0
4 0.5 4.16064e-05
4 1 4.28092e-05
4 1.5 -0.000463758
4 2 -0.000253923
4 2.5 -0.000484186
4 3 -3.5666e-05
4 3.5 -0.000844219
4 4 -0.00017729
4 4.5 -0.00129391
4 5 -0.00047727
4 5.5 -0.000455176
4 6 -0.000268231
4 6.5 0.000451128
4 7 0.000870921
4 7.5 0.000918088
4 8 0.00022334
4 8.5 0.000918799
4 9 0.00116926
4 9.5 0.00102035
4 10 0.000932818
4 10.5 0.000560357
4 11 0.00107519
4 11.5 0.00036374
4 12 0.000670464
4 12.5 0.00126016
4 13 0.000416498
4 13.5 0.000568195
4 14 0.000100902
4 14.5 0.000213732
4 15 -0.000121567
4 15.5 -0.000425278
4 16 -0.00051206
4 16.5 -0.00130544
4 17 0.000153745
4 17.5 -0.000942923
4 18 -0.000496621
4 18.5 -0.000553131
4 19 0.000196816
4 19.5 0.000195921
4 20 3.2004e-05
4 20.5 0

4.5 0 0
4.5 0.5 -4.07394e-05
4.5 1 -0.00012144
4.5 1.5 1.06767e-05
4.5 2 0.000562577
4.5 2.5 -0.0012309
4.5 3 0.000253675
4.5 3.5 -0.000661654
4.5 4 -0.00058378
4.5 4.5 -0.000878019
4.5 5 -9.99296e-05
4.5 5.5 -0.000970308
4.5 6 0.000286484
4.5 6.5 0.000647288
4.5 7 0.000894371
4.5 7.5 0.00102949
4.5 8 0.000825992
4.5 8.5 0.00161047
4.5 9 0.00111992
4.5 9.5 0.001752
4.5 10 0.00106175
4.5 10.5 0.00116199
4.5 11 0.000846807
4.5 11.5 0.000806925
4.5 12 0.000452705
4.5 12.5 0.00130147
4.5 13 0.000574203
4.5 13.5 0.000973965
4.5 14 0.00108186
4.5 14.5 0.000197788
4.5 15 0.000318365
4.5 15.5 -0.000942301
4.5 16 0.000173385
4.5 16.5 -0.000662987
4.5 17 -9.42247e-05
4.5 17.5 -0.00100099
4.5 18 -1.73573e-05
4.5 18.5 -0.000357105
4.5 19 -0.000351028
4.5 19.5 0.000330155
4.5 20 9.23147e-05
4.5 20.5 0

5 0 0
5 0.5 -3.94126e-05
5 1 -0.000428495
5 1.5 -0.000486379
5 2 -0.000244759
5 2.5 -0.000582527
5 3 -0.000251382
5 3.5 -0.00112574
5 4 -0.000175377
5 4.5 -0.000667767
5 5 -5.27551e-06
5 5.5 0.00063875
5 6 0.000718159
5 6.5 0.00184412
5 7 0.00164996
5 7.5 0.00203195
5 8 0.00143415
5 8.5 0.00215978
5 9 0.00173034
5 9.5 0.00200791
5 10 0.00226087
5 10.5 0.00123226
5 11 0.00175625
5 11.5 0.00090717
5 12 0.00102804
5 12.5 0.00153343
5 13 0.00153173
5 13.5 0.00146883
5 14 0.00131637
5 14.5 0.00187992
5 15 0.00128383
5 15.5 0.000901289
5 16 1.04723e-05
5 16.5 -0.000829639
5 17 -0.000384858
5 17.5 -0.000810875
5 18 -0.000727111
5 18.5 -0.00061324
5 19 0.000153277
5 19.5 -0.000188851
5 20 -7.56892e-05
5 20.5 0

5.5 0 0
5.5 0.5 -1.98555e-05
5.5 1 -0.000472623
5.5 1.5 -0.000844772
5.5 2 -0.000399122
5.5 2.5 -0.000640192
5.5 3 -0.000235101
5.5 3.5 -0.000877316
5.5 4 -0.000205365
5.5 4.5 -0.000755505
5.5 5 0.000280982
5.5 5.5 -0.000221591
5.5 6 0.000518507
5.5 6.5 0.002078
5.5 7 0.00130447
5.5 7.5 0.00179106
5.5 8 0.000762759
5.5 8.5 0.00233549
5.5 9 0.00155242
5.5 9.5 0.0021208
5.5 10 0.00150465
5.5 10.5 0.00143495
5.5 11 0.00139725
5.5 11.5 0.00144185
5.5 12 0.000918083
5.5 12.5 0.00205502
5.5 13 0.000957984
5.5 13.5 0.00159912
5.5 14 0.000893761
5.5 14.5 0.00109045
5.5 15 0.000543142
5.5 15.5 1.46572e-05
5.5 16 0.000325571
5.5 16.5 -0.000609044
5.5 17 0.000474855
5.5 17.5 -0.000360317
5.5 18 -0.000349576
5.5 18.5 -0.000463753
5.5 19 -0.000536089
5.5 19.5 -0.000532414
5.5 20 -7.64979e-05
5.5 20.5 0

6 0 0
6 0.5 -4.17768e-05
6 1 -0.000494751
6 1.5 -0.000795741
6 2 -0.00030331
6 2.5 -0.000650018
6 3 -0.000547559
6 3.5 -0.000702326
6 4 -0.000388879
6 4.5 1.75258e-05
6 5 0.000289267
6 5.5 0.000635449
6 6 0.000939032
6 6.5 0.00209009
6 7 0.0020139
6 7.5 0.00163895
6 8 0.00152493
6 8.5 0.00171514
6 9 0.00178955
6 9.5 0.00257325
6 10 0.00231426
6 10.5 0.00214138
6 11 0.00127001
6 11.5 0.00195325
6 12 0.00159385
6 12.5 0.00186941
6 13 0.0013368
6 13.5 0.00116941
6 14 0.0013382
6 14.5 0.00128293
6 15 0.00125191
6 15.5 0.000606538
6 16 0.000582815
6 16.5 0.00026823
6 17 0.000133697
6 17.5 -0.000205523
6 18 4.32514e-05
6 18.5 -0.000490586
6 19 -0.000549418
6 19.5 -0.000775946
6 20 -0.000134924
6 20.5 0

6.5 0 0
6.5 0.5 -2.99002e-05
6.5 1 -0.000618343
6.5 1.5 -0.000912909
6.5 2 -0.000358909
6.5 2.5 -0.000642611
6.5 3 -0.000632467
6.5 3.5 -0.000210133
6.5 4 1.40809e-05
6.5 4.5 0.000367775
6.5 5 0.000743302
6.5 5.5 0.000636979
6.5 6 0.0012019
6.5 6.5 0.0022759
6.5 7 0.00130027
6.5 7.5 0.00144208
6.5 8 0.00143137
6.5 8.5 0.00117387
6.5 9 0.00149733
6.5 9.5 0.00270827
6.5 10 0.00145859
6.5 10.5 0.00252276
6.5 11 0.00108147
6.5 11.5 0.00209892
6.5 12 0.00188398
6.5 12.5 0.00161204
6.5 13 0.00151939
6.5 13.5 0.00107803
6.5 14 0.0010144
6.5 14.5 0.0012831
6.5 15 0.00125009
6.5 15.5 0.00107017
6.5 16 0.000755905
6.5 16.5 0.000355596
6.5 17 0.000930057
6.5 17.5 6.14092e-06
6.5 18 -0.000363809
6.5 18.5 -0.000383538
6.5 19 -0.000338029
6.5 19.5 -0.0010927
6.5 20 -0.000203667
6.5 20.5 0

7 0 0
7 0.5 -0.00011131
7 1 -0.000645239
7 1.5 -0.000371516
7 2 -0.000559822
7 2.5 -0.000274017
7 3 -0.000500179
7 3.5 -0.000113073
7 4 3.70456e-05
7 4.5 0.00026826
7 5 0.000658147
7 5.5 0.00087173
7 6 0.00180056
7 6.5 0.00241202
7 7 0.00222478
7 7.5 0.00112081
7 8 0.00174075
7 8.5 0.00100076
7 9 0.00198474
7 9.5 0.00172294
7 10 0.00217452
7 10.5 0.00149341
7 11 0.00149853
7 11.5 0.00151124
7 12 0.00176223
7 12.5 0.00115832
7 13 0.00212052
7 13.5 0.000877899
7 14 0.00195113
7 14.5 0.00137421
7 15 0.00174047
7 15.5 0.0009167
7 16 0.000590214
7 16.5 0.0011113
7 17 0.000463928
7 17.5 0.000335792
7 18 -9.97608e-05
7 18.5 0.000144895
7 19 -0.000770654
7 19.5 -0.00107675
7 20 -0.000185621
7 20.5 0

7.5 0 0
7.5 0.5 -8.10155e-05
7.5 1 -0.000779619
7.5 1.5 -0.00094576
7.5 2 -0.00108182
7.5 2.5 -0.000757869
7.5 3 -0.000484999
7.5 3.5 7.10949e-05
7.5 4 0.000270697
7.5 4.5 0.000557097
7.5 5 0.00126274
7.5 5.5 0.00167248
7.5 6 0.00157209
7.5 6.5 0.00322197
7.5 7 0.00186339
7.5 7.5 0.00237713
7.5 8 0.00170137
7.5 8.5 0.00218461
7.5 9 0.00204849
7.5 9.5 0.00257407
7.5 10 0.00295077
7.5 10.5 0.00229793
7.5 11 0.00235607
7.5 11.5 0.00194382
7.5 12 0.0020085
7.5 12.5 0.00288134
7.5 13 0.00165027
7.5 13.5 0.00241114
7.5 14 0.00152387
7.5 14.5 0.00241711
7.5 15 0.00161004
7.5 15.5 0.00151449
7.5 16 0.000443105
7.5 16.5 0.000879423
7.5 17 0.00060706
7.5 17.5 0.000215218
7.5 18 -0.000187204
7.5 18.5 -0.000335286
7.5 19 -0.000870752
7.5 19.5 -0.00114383
7.5 20 -0.000177469
7.5 20.5 0

8 0 0
8 0.5 -0.000181047
8 1 -0.00111285
8 1.5 -0.000541626
8 2 -0.000712074
8 2.5 -0.000506765
8 3 -0.000837546
8 3.5 4.79447e-05
8 4 0.000251758
8 4.5 0.0010541
8 5 0.000642251
8 5.5 0.00229994
8 6 0.00213377
8 6.5 0.00330451
8 7 0.00258037
8 7.5 0.00252221
8 8 0.00244666
8 8.5 0.00250994
8 9 0.0022751
8 9.5 0.00299643
8 10 0.00266689
8 10.5 0.00256427
8 11 0.00215177
8 11.5 0.00239998
8 12 0.00245888
8 12.5 0.00254326
8 13 0.00321349
8 13.5 0.00244142
8 14 0.00211204
8 14.5 0.00314968
8 15 0.00196145
8 15.5 0.00184224
8 16 0.000681456
8 16.5 0.00124164
8 17 0.000181699
8 17.5 0.000316311
8 18 -0.000444785
8 18.5 7.77827e-05
8 19 -0.00104797
8 19.5 -0.00115901
8 20 -0.000184709
8 20.5 0

8.5 0 0
8.5 0.5 -0.000206506
8.5 1 -0.00126131
8.5 1.5 -0.000782341
8.5 2 -0.000442088
8.5 2.5 -0.000158248
8.5 3 0.000144836
8.5 3.5 0.00060185
8.5 4 0.000860202
8.5 4.5 0.00101589
8.5 5 0.00114501
8.5 5.5 0.00177895
8.5 6 0.00170106
8.5 6.5 0.0028903
8.5 7 0.00246968
8.5 7.5 0.00255192
8.5 8 0.0029211
8.5 8.5 0.00252461
8.5 9 0.00293863
8.5 9.5 0.00299348
8.5 10 0.00295068
8.5 10.5 0.00240063
8.5 11 0.00261256
8.5 11.5 0.00154317
8.5 12 0.00248983
8.5 12.5 0.00287204
8.5 13 0.00275125
8.5 13.5 0.0033806
8.5 14 0.00257081
8.5 14.5 0.00243895
8.5 15 0.00171822
8.5 15.5 0.00148797
8.5 16 0.000889565
8.5 16.5 0.000931618
8.5 17 0.000492845
8.5 17.5 0.000151223
8.5 18 0.000456543
8.5 18.5 0.000128728
8.5 19 -0.00100096
8.5 19.5 -0.00110666
8.5 20 -0.000163044
8.5 20.5 0

9 0 0
9 0.5 -0.000258106
9 1 -0.0014598
9 1.5 -0.000706223
9 2 -0.000145812
9 2.5 -0.000117736
9 3 0.000258011
9 3.5 0.00065957
9 4 0.000842853
9 4.5 0.000697473
9 5 0.000919564
9 5.5 0.00138216
9 6 0.00174228
9 6.5 0.00258204
9 7 0.00253338
9 7.5 0.00264116
9 8 0.00279883
9 8.5 0.00406711
9 9 0.00291874
9 9.5 0.00395247
9 10 0.00342929
9 10.5 0.00361672
9 11 0.00248754
9 11.5 0.00347969
9 12 0.00287595
9 12.5 0.0035548
9 13 0.00311891
9 13.5 0.00255564
9 14 0.00203109
9 14.5 0.00213982
9 15 0.00154095
9 15.5 0.00100851
9 16 0.000654881
9 16.5 0.000634713
9 17 0.000750011
9 17.5 6.94951e-05
9 18 0.000156449
9 18.5 -0.000437782
9 19 -0.000468409
9 19.5 -0.00134524
9 20 -0.000262668
9 20.5 0

9.5 0 0
9.5 0.5 -0.000300557
9.5 1 -0.00168853
9.5 1.5 -0.00051644
9.5 2 -0.00063128
9.5 2.5 -0.0001187
9.5 3 0.000725915
9.5 3.5 0.001151
9.5 4 0.00141915
9.5 4.5 0.00170186
9.5 5 0.00194455
9.5 5.5 0.00216109
9.5 6 0.00208945
9.5 6.5 0.00302067
9.5 7 0.00224221
9.5 7.5 0.00334036
9.5 8 0.00258396
9.5 8.5 0.00360458
9.5 9 0.00312042
9.5 9.5 0.00352768
9.5 10 0.00357016
9.5 10.5 0.00322205
9.5 11 0.00314498
9.5 11.5 0.0029507
9.5 12 0.00286696
9.5 12.5 0.00365881
9.5 13 0.00291851
9.5 13.5 0.00368473
9.5 14 0.002606
9.5 14.5 0.00257666
9.5 15 0.00180088
9.5 15.5 0.00175814
9.5 16 0.00161884
9.5 16.5 0.00139095
9.5 17 0.00126063
9.5 17.5 0.000585203
9.5 18 0.000377161
9.5 18.5 -0.00019147
9.5 19 -0.000872056
9.5 19.5 -0.00148795
9.5 20 -0.000260537
9.5 20.5 0

10 0 0
10 0.5 -0.000254847
10 1 -0.00159653
10 1.5 -0.00105413
10 2 -0.000549195
10 2.5 -0.000634211
10 3 0.000834509
10 3.5 0.000721747
10 4 0.00148291
10 4.5 0.00109286
10 5 0.00128356
10 5.5 0.00186308
10 6 0.00232952
10 6.5 0.00324739
10 7 0.00313617
10 7.5 0.0042259
10 8 0.00400909
10 8.5 0.004996
10 9 0.0043879
10 9.5 0.00538904
10 10 0.00488837
10 10.5 0.00534316
10 11 0.00465533
10 11.5 0.00524755
10 12 0.00427337
10 12.5 0.00460593
10 13 0.00382042
10 13.5 0.00355655
10 14 0.00267756
10 14.5 0.00250871
10 15 0.00192216
10 15.5 0.00137708
10 16 0.0016205
10 16.5 0.000938782
10 17 0.00155019
10 17.5 0.000551036
10 18 0.000365457
10 18.5 -0.000364552
10 19 -0.000902791
10 19.5 -0.00185458
10 20 -0.000324673
10 20.5 0

10.5 0 0
10.5 0.5 -0.000196962
10.5 1 -0.00139509
10.5 1.5 -0.00120919
10.5 2 -0.00105185
10.5 2.5 -0.000393985
10.5 3 -0.000319903
10.5 3.5 0.000909568
10.5 4 0.000787669
10.5 4.5 0.00174718
10.5 5 0.00160346
10.5 5.5 0.00190936
10.5 6 0.00172787
10.5 6.5 0.00310902
10.5 7 0.00294659
10.5 7.5 0.00389601
10.5 8 0.00376536
10.5 8.5 0.00398109
10.5 9 0.00439577
10.5 9.5 0.00402047
10.5 10 0.00507477
10.5 10.5 0.00444481
10.5 11 0.00486264
10.5 11.5 0.00434333
10.5 12 0.00421375
10.5 12.5 0.00394257
10.5 13 0.00303686
10.5 13.5 0.00380774
10.5 14 0.00229691
10.5 14.5 0.00245839
10.5 15 0.0012511
10.5 15.5 0.00145593
10.5 16 0.00123361
10.5 16.5 0.00159486
10.5 17 0.000906509
10.5 17.5 0.000886752
10.5 18 -1.42837e-05
10.5 18.5 -0.00060995
10.5 19 -0.000874921
10.5 19.5 -0.00195412
10.5 20 -0.000337115
10.5 20.5 0

11 0 0
11 0.5 -0.000181572
11 1 -0.00112918
11 1.5 -0.00071408
11 2 -0.001929
11 2.5 -0.000796446
11 3 -0.00108253
11 3.5 0.000365399
11 4 0.000254506
11 4.5 0.000596341
11 5 0.00120401
11 5.5 0.00118802
11 6 0.00208503
11 6.5 0.00245561
11 7 0.00267092
11 7.5 0.00343171
11 8 0.00425008
11 8.5 0.00375303
11 9 0.00454585
11 9.5 0.00361692
11 10 0.00438972
11 10.5 0.0045503
11 11 0.00512671
11 11.5 0.00419748
11 12 0.00493496
11 12.5 0.00319201
11 13 0.00373274
11 13.5 0.00263573
11 14 0.00203351
11 14.5 0.00144135
11 15 0.00130361
11 15.5 0.000851642
11 16 0.000915334
11 16.5 0.000615964
11 17 7.21521e-05
11 17.5 0.000648897
11 18 -0.00104293
11 18.5 -0.00033231
11 19 -0.00162833
11 19.5 -0.00182721
11 20 -0.000228348
11 20.5 0

11.5 0 0
11.5 0.5 -8.05171e-05
11.5 1 -0.00104472
11.5 1.5 -0.00149649
11.5 2 -0.000647515
11.5 2.5 -0.000678623
11.5 3 -0.000193856
11.5 3.5 -0.000310193
11.5 4 0.000872884
11.5 4.5 0.000861569
11.5 5 0.000965166
11.5 5.5 0.00151413
11.5 6 0.00189372
11.5 6.5 0.00245861
11.5 7 0.00329315
11.5 7.5 0.00432665
11.5 8 0.00441209
11.5 8.5 0.00409233
11.5 9 0.00458761
11.5 9.5 0.00427075
11.5 10 0.00464762
11.5 10.5 0.00460175
11.5 11 0.00464786
11.5 11.5 0.00423762
11.5 12 0.00450126
11.5 12.5 0.00433852
11.5 13 0.00358588
11.5 13.5 0.00355659
11.5 14 0.00270413
11.5 14.5 0.0018873
11.5 15 0.00130709
11.5 15.5 0.00121107
11.5 16 0.00136049
11.5 16.5 0.000467955
11.5 17 0.00111936
11.5 17.5 0.000423624
11.5 18 -0.000250874
11.5 18.5 -0.000247311
11.5 19 -0.000789349
11.5 19.5 -0.00176139
11.5 20 -0.000307879
11.5 20.5 0

12 0 0
12 0.5 -0.000264331
12 1 -0.00130265
12 1.5 -0.000464892
12 2 -0.000968855
12 2.5 -0.000275851
12 3 -0.000192932
12 3.5 4.51341e-05
12 4 0.000233028
12 4.5 0.000225446
12 5 0.000634424
12 5.5 0.00100308
12 6 0.00255818
12 6.5 0.00239998
12 7 0.00343117
12 7.5 0.00429278
12 8 0.00455642
12 8.5 0.0049128
12 9 0.00479682
12 9.5 0.00487904
12 10 0.00481149
12 10.5 0.00569177
12 11 0.00521853
12 11.5 0.00501864
12 12 0.00463068
12 12.5 0.00432032
12 13 0.00383274
12 13.5 0.00320218
12 14 0.00252425
12 14.5 0.0018726
12 15 0.00157671
12 15.5 0.00101894
12 16 0.00111048
12 16.5 0.000366587
12 17 0.00071256
12 17.5 0.000399545
12 18 -0.000177232
12 18.5 -5.79654e-05
12 19 -0.00116579
12 19.5 -0.0019074
12 20 -0.000273706
12 20.5 0

12.5 0 0
12.5 0.5 -0.000245644
12.5 1 -0.00175631
12.5 1.5 -0.00135387
12.5 2 -0.00101574
12.5 2.5 -1.81841e-05
12.5 3 9.90918e-05
12.5 3.5 0.000600928
12.5 4 0.000812491
12.5 4.5 0.000643282
12.5 5 0.0015123
12.5 5.5 0.00183702
12.5 6 0.00238524
12.5 6.5 0.00361525
12.5 7 0.00304714
12.5 7.5 0.00505121
12.5 8 0.00427114
12.5 8.5 0.00493716
12.5 9 0.00504447
12.5 9.5 0.00447566
12.5 10 0.00398241
12.5 10.5 0.0047876
12.5 11 0.00463811
12.5 11.5 0.00404122
12.5 12 0.00397201
12.5 12.5 0.00419735
12.5 13 0.00336706
12.5 13.5 0.00505108
12.5 14 0.00312232
12.5 14.5 0.00278646
12.5 15 0.00224777
12.5 15.5 0.00168234
12.5 16 0.0013719
12.5 16.5 0.000660762
12.5 17 0.000646687
12.5 17.5 0.00059468
12.5 18 0.000102322
12.5 18.5 -0.000325938
12.5 19 -0.00118378
12.5 19.5 -0.00205769
12.5 20 -0.000330626
12.5 20.5 0

13 0 0
13 0.5 -0.000317577
13 1 -0.00205921
13 1.5 -0.00148955
13 2 -0.000541534
13 2.5 -0.000457422
13 3 0.000367414
13 3.5 0.00101584
13 4 0.000946406
13 4.5 0.000847291
13 5 0.00152209
13 5.5 0.0024086
13 6 0.00200943
13 6.5 0.00369653
13 7 0.00268313
13 7.5 0.00457945
13 8 0.00469961
13 8.5 0.00551332
13 9 0.00442699
13 9.5 0.00555841
13 10 0.00514936
13 10.5 0.00608284
13 11 0.005128
13 11.5 0.00545728
13 12 0.00434216
13 12.5 0.0047903
13 13 0.00304815
13 13.5 0.00400608
13 14 0.00231899
13 14.5 0.00345983
13 15 0.0018371
13 15.5 0.00159648
13 16 0.00128575
13 16.5 0.000520253
13 17 0.00105779
13 17.5 -7.79925e-05
13 18 8.42039e-05
13 18.5 -0.000286869
13 19 -0.0010407
13 19.5 -0.00236197
13 20 -0.000385592
13 20.5 0

13.5 0 0
13.5 0.5 -0.00030909
13.5 1 -0.00218336
13.5 1.5 -0.00180259
13.5 2 -0.00107541
13.5 2.5 4.52903e-05
13.5 3 0.0005984
13.5 3.5 0.00164498
13.5 4 0.00149113
13.5 4.5 0.00145458
13.5 5 0.00167605
13.5 5.5 0.00230976
13.5 6 0.00239507
13.5 6.5 0.00387858
13.5 7 0.00288567
13.5 7.5 0.00432405
13.5 8 0.00506813
13.5 8.5 0.00426257
13.5 9 0.00501738
13.5 9.5 0.00444312
13.5 10 0.00485189
13.5 10.5 0.00468387
13.5 11 0.00523413
13.5 11.5 0.00339863
13.5 12 0.00463164
13.5 12.5 0.00352757
13.5 13 0.00410844
13.5 13.5 0.00510298
13.5 14 0.00318118
13.5 14.5 0.00375262
13.5 15 0.0017747
13.5 15.5 0.00194015
13.5 16 0.00139443
13.5 16.5 0.00101822
13.5 17 0.000816638
13.5 17.5 0.000554493
13.5 18 0.000197609
13.5 18.5 -0.000453287
13.5 19 -0.0012277
13.5 19.5 -0.00245852
13.5 20 -0.000392001
13.5 20.5 0

14 0 0
14 0.5 -0.000296229
14 1 -0.00204329
14 1.5 -0.00165056
14 2 -0.000297069
14 2.5 -0.000995121
14 3 0.000695197
14 3.5 0.000267034
14 4 0.00112259
14 4.5 0.000770611
14 5 0.00205767
14 5.5 0.00218781
14 6 0.00213642
14 6.5 0.0032638
14 7 0.0025775
14 7.5 0.00454321
14 8 0.0043893
14 8.5 0.00581865
14 9 0.00559589
14 9.5 0.00593874
14 10 0.00636062
14 10.5 0.00649471
14 11 0.00631909
14 11.5 0.00584483
14 12 0.00478522
14 12.5 0.0051913
14 13 0.00407057
14 13.5 0.00418271
14 14 0.00260547
14 14.5 0.00304822
14 15 0.00189205
14 15.5 0.00161723
14 16 0.00126586
14 16.5 0.000360631
14 17 0.000879319
14 17.5 -0.00111434
14 18 0.000656504
14 18.5 -0.00119463
14 19 -0.000932253
14 19.5 -0.00234619
14 20 -0.000383086
14 20.5 0

14.5 0 0
14.5 0.5 -0.000276467
14.5 1 -0.0018192
14.5 1.5 -0.00140689
14.5 2 -0.000428307
14.5 2.5 0.000193046
14.5 3 0.00094021
14.5 3.5 0.0012922
14.5 4 0.00161351
14.5 4.5 0.00129878
14.5 5 0.00212261
14.5 5.5 0.00191
14.5 6 0.00312913
14.5 6.5 0.00326413
14.5 7 0.00289963
14.5 7.5 0.00409933
14.5 8 0.00390606
14.5 8.5 0.00408231
14.5 9 0.00434558
14.5 9.5 0.00375177
14.5 10 0.00445656
14.5 10.5 0.00353509
14.5 11 0.00466102
14.5 11.5 0.00352148
14.5 12 0.00403695
14.5 12.5 0.00374552
14.5 13 0.00354207
14.5 13.5 0.00454765
14.5 14 0.002938
14.5 14.5 0.00250343
14.5 15 0.00263978
14.5 15.5 0.00117365
14.5 16 0.00184421
14.5 16.5 0.00128529
14.5 17 0.00158469
14.5 17.5 0.000904721
14.5 18 0.000893955
14.5 18.5 0.000121638
14.5 19 -0.00134659
14.5 19.5 -0.00212948
14.5 20 -0.000331815
14.5 20.5 0

15 0 0
15 0.5 -0.000272536
15 1 -0.00148687
15 1.5 -0.000731199
15 2 -0.00133757
15 2.5 -0.000365924
15 3 -0.000890503
15 3.5 0.000971379
15 4 0.000169418
15 4.5 0.00107266
15 5 0.00177047
15 5.5 0.00157785
15 6 0.00234759
15 6.5 0.00296969
15 7 0.00282186
15 7.5 0.00391497
15 8 0.00414481
15 8.5 0.00487587
15 9 0.00457849
15 9.5 0.00468609
15 10 0.00471455
15 10.5 0.00577994
15 11 0.00529835
15 11.5 0.00523268
15 12 0.00450331
15 12.5 0.00464705
15 13 0.00400084
15 13.5 0.00356239
15 14 0.00281056
15 14.5 0.00189066
15 15 0.00148442
15 15.5 0.000975835
15 16 0.000678747
15 16.5 0.00103421
15 17 -0.000552578
15 17.5 3.80505e-05
15 18 -0.000489314
15 18.5 -0.000187389
15 19 -0.00163057
15 19.5 -0.00187382
15 20 -0.00024136
15 20.5 0

15.5 0 0
15.5 0.5 -0.000130461
15.5 1 -0.0012813
15.5 1.5 -0.00172039
15.5 2 -0.000357416
15.5 2.5 -0.000378777
15.5 3 0.000112683
15.5 3.5 7.18613e-05
15.5 4 0.00074246
15.5 4.5 0.00120897
15.5 5 0.00132574
15.5 5.5 0.002365
15.5 6 0.00202278
15.5 6.5 0.00191018
15.5 7 0.00284741
15.5 7.5 0.00365432
15.5 8 0.00360527
15.5 8.5 0.00426051
15.5 9 0.00408866
15.5 9.5 0.00378446
15.5 10 0.00412759
15.5 10.5 0.00362644
15.5 11 0.00443961
15.5 11.5 0.00400511
15.5 12 0.00395477
15.5 12.5 0.00417397
15.5 13 0.003603
15.5 13.5 0.00351725
15.5 14 0.00236237
15.5 14.5 0.0018369
15.5 15 0.0017883
15.5 15.5 0.000954255
15.5 16 0.000895396
15.5 16.5 0.000834043
15.5 17 0.000502118
15.5 17.5 0.000405827
15.5 18 0.000682817
15.5 18.5 -0.000465523
15.5 19 -0.000852049
15.5 19.5 -0.00176076
15.5 20 -0.00031015
15.5 20.5 0

16 0 0
16 0.5 -0.000250774
16 1 -0.00138415
16 1.5 -0.000729633
16 2 -0.000308575
16 2.5 7.52927e-05
16 3 -0.000445254
16 3.5 0.00170649
16 4 -2.80236e-05
16 4.5 0.00118719
16 5 0.00192158
16 5.5 0.00122518
16 6 0.00257551
16 6.5 0.00303355
16 7 0.00401162
16 7.5 0.00368354
16 8 0.00487564
16 8.5 0.00459652
16 9 0.00485917
16 9.5 0.00472038
16 10 0.0042238
16 10.5 0.00585448
16 11 0.0050235
16 11.5 0.00562113
16 12 0.00499808
16 12.5 0.00447992
16 13 0.00420757
16 13.5 0.00321441
16 14 0.00352052
16 14.5 0.00209892
16 15 0.00169376
16 15.5 0.000771651
16 16 0.00091644
16 16.5 0.00123931
16 17 -1.59643e-05
16 17.5 0.000510315
16 18 -0.000352063
16 18.5 -5.7581e-05
16 19 -0.00139061
16 19.5 -0.00161178
16 20 -0.000208459
16 20.5 0

16.5 0 0
16.5 0.5 -0.000177272
16.5 1 -0.0013063
16.5 1.5 -0.00133224
16.5 2 -0.000252885
16.5 2.5 -0.000610105
16.5 3 -0.00021394
16.5 3.5 0.000144956
16.5 4 0.000228165
16.5 4.5 0.00130261
16.5 5 0.00108648
16.5 5.5 0.00231677
16.5 6 0.0016212
16.5 6.5 0.00197822
16.5 7 0.00223974
16.5 7.5 0.00330772
16.5 8 0.00329459
16.5 8.5 0.00355966
16.5 9 0.00366862
16.5 9.5 0.00257118
16.5 10 0.00350549
16.5 10.5 0.00214535
16.5 11 0.00351475
16.5 11.5 0.00297731
16.5 12 0.00321217
16.5 12.5 0.0030874
16.5 13 0.00254034
16.5 13.5 0.00273267
16.5 14 0.00183452
16.5 14.5 0.00259241
16.5 15 0.00192786
16.5 15.5 0.00135443
16.5 16 0.000305831
16.5 16.5 0.000599668
16.5 17 -0.000394333
16.5 17.5 -0.000220918
16.5 18 -0.000132576
16.5 18.5 -0.000765056
16.5 19 -0.000714472
16.5 19.5 -0.00145824
16.5 20 -0.000260286
16.5 20.5 0

17 0 0
17 0.5 -0.000266964
17 1 -0.00155538
17 1.5 -0.000841107
17 2 -0.000488667
17 2.5 0.000362776
17 3 0.000798897
17 3.5 -0.000231905
17 4 0.000919516
17 4.5 -0.000129803
17 5 0.00192468
17 5.5 0.0010001
17 6 0.00253372
17 6.5 0.00212042
17 7 0.00319043
17 7.5 0.00303176
17 8 0.00378117
17 8.5 0.00367416
17 9 0.00452419
17 9.5 0.00303161
17 10 0.0040541
17 10.5 0.0036381
17 11 0.00451813
17 11.5 0.0034804
17 12 0.00355503
17 12.5 0.00300912
17 13 0.00339264
17 13.5 0.00280063
17 14 0.00331217
17 14.5 0.00154493
17 15 0.00214622
17 15.5 0.000484808
17 16 0.00134895
17 16.5 -0.000796684
17 17 0.000347362
17 17.5 -0.000469953
17 18 0.000170794
17 18.5 -0.000318278
17 19 -0.000861225
17 19.5 -0.00152931
17 20 -0.000245703
17 20.5 0

17.5 0 0
17.5 0.5 -0.000189191
17.5 1 -0.00134987
17.5 1.5 -0.00153965
17.5 2 -0.000831783
17.5 2.5 -0.000365441
17.5 3 5.56178e-05
17.5 3.5 -0.000116752
17.5 4 0.000422132
17.5 4.5 0.0010565
17.5 5 0.00108851
17.5 5.5 0.00172257
17.5 6 0.00165239
17.5 6.5 0.0019743
17.5 7 0.00325394
17.5 7.5 0.00317074
17.5 8 0.00328375
17.5 8.5 0.00355694
17.5 9 0.0035828
17.5 9.5 0.00290875
17.5 10 0.00396157
17.5 10.5 0.00257839
17.5 11 0.00374121
17.5 11.5 0.00300369
17.5 12 0.00258316
17.5 12.5 0.002949
17.5 13 0.00312976
17.5 13.5 0.00266796
17.5 14 0.00217249
17.5 14.5 0.00211499
17.5 15 0.00181562
17.5 15.5 0.00123873
17.5 16 0.00069971
17.5 16.5 0.000346196
17.5 17 -0.000469306
17.5 17.5 -0.000660028
17.5 18 -0.000842454
17.5 18.5 -0.00160297
17.5 19 -0.000985912
17.5 19.5 -0.00140147
17.5 20 -0.000207709
17.5 20.5 0

18 0 0
18 0.5 -0.00020341
18 1 -0.00145469
18 1.5 -0.00129583
18 2 -0.000506713
18 2.5 -0.00012636
18 3 0.000365249
18 3.5 -3.70571e-05
18 4 0.00124598
18 4.5 0.000137975
18 5 0.00162891
18 5.5 0.000961354
18 6 0.000898919
18 6.5 0.00141181
18 7 0.00214408
18 7.5 0.00260643
18 8 0.00257987
18 8.5 0.00371805
18 9 0.00355384
18 9.5 0.00374857
18 10 0.00378443
18 10.5 0.00426781
18 11 0.00331525
18 11.5 0.00402124
18 12 0.00255183
18 12.5 0.0030354
18 13 0.00190717
18 13.5 0.00204381
18 14 0.0016495
18 14.5 0.00106549
18 15 0.00110822
18 15.5 0.000308933
18 16 0.00172819
18 16.5 -0.000329203
18 17 0.000711631
18 17.5 -0.000465121
18 18 0.00012846
18 18.5 -0.000949204
18 19 -0.00063537
18 19.5 -0.0014442
18 20 -0.000265079
18 20.5 0

18.5 0 0
18.5 0.5 -0.000164625
18.5 1 -0.00116437
18.5 1.5 -0.0012625
18.5 2 -0.000966673
18.5 2.5 -2.17419e-05
18.5 3 -0.00049683
18.5 3.5 -0.000100024
18.5 4 -0.000274013
18.5 4.5 0.00107486
18.5 5 0.000294849
18.5 5.5 0.00114545
18.5 6 0.000999142
18.5 6.5 0.00197869
18.5 7 0.00264726
18.5 7.5 0.00291956
18.5 8 0.00290913
18.5 8.5 0.00333728
18.5 9 0.00383863
18.5 9.5 0.00361497
18.5 10 0.00392943
18.5 10.5 0.00428468
18.5 11 0.00383174
18.5 11.5 0.00374911
18.5 12 0.00319079
18.5 12.5 0.0024669
18.5 13 0.00315589
18.5 13.5 0.0021399
18.5 14 0.00143811
18.5 14.5 0.00163401
18.5 15 0.000577525
18.5 15.5 0.00127847
18.5 16 0.000413287
18.5 16.5 0.000353027
18.5 17 -0.000815484
18.5 17.5 -0.000532715
18.5 18 -0.00144185
18.5 18.5 -0.000921813
18.5 19 -0.000849227
18.5 19.5 -0.00137752
18.5 20 -0.000205602
18.5 20.5 0

19 0 0
19 0.5 -0.000179505
19 1 -0.001063
19 1.5 -0.000796339
19 2 -0.000357166
19 2.5 0.000341437
19 3 0.000762617
19 3.5 0.000800546
19 4 0.000748232
19 4.5 0.00079158
19 5 0.00177088
19 5.5 0.00116123
19 6 0.00122221
19 6.5 0.00123657
19 7 0.00198699
19 7.5 0.00198398
19 8 0.0019529
19 8.5 0.00336406
19 9 0.00279653
19 9.5 0.00364635
19 10 0.00293669
19 10.5 0.003635
19 11 0.00288331
19 11.5 0.00404382
19 12 0.00192422
19 12.5 0.00285415
19 13 0.00165504
19 13.5 0.00176341
19 14 0.00170065
19 14.5 0.00110597
19 15 0.00134051
19 15.5 0.000702133
19 16 0.000945885
19 16.5 0.000498827
19 17 0.00100506
19 17.5 0.000224735
19 18 0.000208562
19 18.5 -0.000338943
19 19 -0.000347365
19 19.5 -0.00135777
19 20 -0.00025948
19 20.5 0

19.5 0 0
19.5 0.5 -9.05228e-05
19.5 1 -0.000784712
19.5 1.5 -0.00088888
19.5 2 -0.0001701
19.5 2.5 -0.000362338
19.5 3 0.000232422
19.5 3.5 -2.02622e-05
19.5 4 -0.00031142
19.5 4.5 0.000782903
19.5 5 0.00112643
19.5 5.5 0.00124258
19.5 6 0.00186693
19.5 6.5 0.0017736
19.5 7 0.00235617
19.5 7.5 0.0017212
19.5 8 0.00220831
19.5 8.5 0.0020385
19.5 9 0.0026861
19.5 9.5 0.00252283
19.5 10 0.00291835
19.5 10.5 0.00324008
19.5 11 0.00300673
19.5 11.5 0.00263997
19.5 12 0.00275373
19.5 12.5 0.00217634
19.5 13 0.00319258
19.5 13.5 0.00141004
19.5 14 0.00219239
19.5 14.5 0.00177744
19.5 15 0.000670765
19.5 15.5 0.000815937
19.5 16 0.000260741
19.5 16.5 0.000776624
19.5 17 0.00010961
19.5 17.5 -0.000167842
19.5 18 6.10245e-05
19.5 18.5 -0.000738998
19.5 19 -0.000599346
19.5 19.5 -0.00108929
19.5 20 -0.000180956
19.5 20.5 0

20 0 0
20 0.5 -0.000121065
20 1 -0.000664745
20 1.5 -0.000430617
20 2 -0.000625537
20 2.5 -0.000596135
20 3 0.000397124
20 3.5 0.000240388
20 4 0.000600021
20 4.5 0.00133265
20 5 0.00113885
20 5.5 0.00192134
20 6 0.000568463
20 6.5 0.000884032
20 7 0.000573892
20 7.5 0.000952451
20 8 4.66956e-06
20 8.5 0.00180279
20 9 0.00150671
20 9.5 0.00202283
20 10 0.000689442
20 10.5 0.00226148
20 11 0.00103832
20 11.5 0.00251437
20 12 0.000848841
20 12.5 0.00201077
20 13 0.00115851
20 13.5 0.00146504
20 14 0.00115765
20 14.5 0.00128084
20 15 0.000511212
20 15.5 0.000726776
20 16 -0.000117234
20 16.5 0.000474473
20 17 0.000521817
20 17.5 9.96686e-05
20 18 0.000296883
20 18.5 -0.000150647
20 19 -0.000388424
20 19.5 -0.00100432
20 20 -0.000171377
20 20.5 0

20.5 0 0
20.5 0.5 -0.000116332
20.5 1 -0.000754979
20.5 1.5 -0.000598354
20.5 2 -0.000108412
20.5 2.5 0.000660864
20.5 3 0.000231326
20.5 3.5 0.000763726
20.5 4 0.000233477
20.5 4.5 0.000753181
20.5 5 0.0011934
20.5 5.5 0.000903666
20.5 6 0.00194113
20.5 6.5 0.00145658
20.5 7 0.00214489
20.5 7.5 0.00079779
20.5 8 0.00195968
20.5 8.5 0.000805635
20.5 9 0.00233103
20.5 9.5 0.00142224
20.5 10 0.00205758
20.5 10.5 0.00211735
20.5 11 0.00192147
20.5 11.5 0.00127587
20.5 12 0.00221728
20.5 12.5 0.00113221
20.5 13 0.0028657
20.5 13.5 0.000938463
20.5 14 0.00224646
20.5 14.5 0.00183232
20.5 15 0.00115783
20.5 15.5 0.000832954
20.5 16 0.000165685
20.5 16.5 0.000847166
20.5 17 0.000101415
20.5 17.5 0.000364292
20.5 18 0.000203039
20.5 18.5 -6.06537e-05
20.5 19 -0.000470821
20.5 19.5 -0.00082732
20.5 20 -0.000135965
20.5 20.5 0

21 0 0
21 0.5 -0.000178713
21 1 -0.000921786
21 1.5 -0.000215274
21 2 -1.84491e-05
21 2.5 0.000407049
21 3 0.000332727
21 3.5 0.000219053
21 4 0.000503147
21 4.5 0.000554889
21 5 0.00103185
21 5.5 0.00129656
21 6 -0.000442966
21 6.5 0.000125376
21 7 -0.000268547
21 7.5 0.000505136
21 8 8.15539e-05
21 8.5 0.00145897
21 9 0.00143789
21 9.5 0.00161233
21 10 0.000882476
21 10.5 0.00107771
21 11 0.000556128
21 11.5 0.00148635
21 12 0.000206072
21 12.5 0.00125272
21 13 0.000389583
21 13.5 0.00102504
21 14 0.000112858
21 14.5 0.00130832
21 15 0.000213537
21 15.5 0.000634291
21 16 0.000196713
21 16.5 0.000318844
21 17 0.000318858
21 17.5 -0.000668576
21 18 6.63175e-05
21 18.5 7.02195e-05
21 19 -0.000116399
21 19.5 -0.000785627
21 20 -0.000150051
21 20.5 0

21.5 0 0
21.5 0.5 -0.000127848
21.5 1 -0.000669673
21.5 1.5 -0.000300068
21.5 2 -0.000765758
21.5 2.5 0.000107485
21.5 3 -8.18477e-05
21.5 3.5 0.000208524
21.5 4 3.82753e-05
21.5 4.5 0.00016327
21.5 5 -0.000128574
21.5 5.5 0.000228175
21.5 6 0.000481688
21.5 6.5 0.000860358
21.5 7 0.00117294
21.5 7.5 0.000755266
21.5 8 0.000762734
21.5 8.5 0.000631408
21.5 9 0.0017374
21.5 9.5 0.00167744
21.5 10 0.00218118
21.5 10.5 0.00241788
21.5 11 0.00162791
21.5 11.5 0.000786624
21.5 12 0.00130124
21.5 12.5 0.000630104
21.5 13 0.0014882
21.5 13.5 0.000992874
21.5 14 0.000774548
21.5 14.5 0.000988328
21.5 15 0.000443832
21.5 15.5 0.00064607
21.5 16 -0.000512133
21.5 16.5 -0.000305429
21.5 17 -0.000695115
21.5 17.5 -0.000718402
21.5 18 -0.000722956
21.5 18.5 -0.000228065
21.5 19 -0.000378652
21.5 19.5 -0.000439251
21.5 20 -5.64488e-05
21.5 20.5 0

22 0 0
22 0.5 -8.40779e-05
22 1 -0.000530591
22 1.5 -0.000269825
22 2 0.00062632
22 2.5 -0.000178532
22 3 0.000453636
22 3.5 0.000277407
22 4 0.000584344
22 4.5 0.000471226
22 5 0.000503367
22 5.5 0.000750268
22 6 -0.000800432
22 6.5 0.000439554
22 7 5.1114e-05
22 7.5 0.000257591
22 8 -0.00059162
22 8.5 0.00121644
22 9 0.000117031
22 9.5 0.00123727
22 10 0.000313404
22 10.5 0.00105904
22 11 -0.000892866
22 11.5 0.00127506
22 12 -0.00058145
22 12.5 0.00104797
22 13 -0.000247511
22 13.5 0.000422978
22 14 0.000134285
22 14.5 0.000732141
22 15 -0.000302873
22 15.5 0.000490683
22 16 0.000195131
22 16.5 0.000559012
22 17 0.000232204
22 17.5 -0.000935243
22 18 0.000677172
22 18.5 -0.000354854
22 19 0.000663571
22 19.5 -0.000264818
22 20 -0.000150114
22 20.5 0

22.5 0 0
22.5 0.5 -7.64023e-05
22.5 1 -0.000201732
22.5 1.5 0.000199215
22.5 2 -0.000188434
22.5 2.5 -8.79228e-06
22.5 3 -0.000449253
22.5 3.5 0.000365297
22.5 4 3.75985e-05
22.5 4.5 0.000335088
22.5 5 -0.000227116
22.5 5.5 0.000318962
22.5 6 -0.000300962
22.5 6.5 0.000156179
22.5 7 0.000314793
22.5 7.5 -0.000230086
22.5 8 -0.000325193
22.5 8.5 -0.000191894
22.5 9 -0.00035653
22.5 9.5 -0.000433688
22.5 10 0.000337012
22.5 10.5 -0.000291844
22.5 11 7.46144e-05
22.5 11.5 -0.000172174
22.5 12 -0.000532794
22.5 12.5 -0.000181419
22.5 13 2.47043e-05
22.5 13.5 -0.000430167
22.5 14 -0.00056759
22.5 14.5 0.000135911
22.5 15 -9.62317e-05
22.5 15.5 0.000113091
22.5 16 -0.000556579
22.5 16.5 5.19972e-05
22.5 17 -0.000884786
22.5 17.5 -0.000301709
22.5 18 -0.000489072
22.5 18.5 -0.000361435
22.5 19 -5.37639e-05
22.5 19.5 -0.000221126
22.5 20 -2.69324e-05
22.5 20.5 0

23 0 0
23 0.5 -6.74282e-06
23 1 -8.98358e-06
23 1.5 9.70654e-05
23 2 -0.000229704
23 2.5 0.000264178
23 3 9.05126e-05
23 3.5 -0.000543353
23 4 -0.000165323
23 4.5 -0.00042589
23 5 -0.000146662
23 5.5 -0.000144785
23 6 -0.00063178
23 6.5 -1.15675e-05
23 7 0.000267242
23 7.5 -0.0002771
23 8 -6.9654e-05
23 8.5 -0.000292214
23 9 4.71354e-05
23 9.5 -0.00040016
23 10 -0.000184304
23 10.5 -0.000329306
23 11 -0.000324369
23 11.5 1.72431e-05
23 12 0.000546076
23 12.5 5.99119e-05
23 13 -0.000182034
23 13.5 -0.000191366
23 14 -0.000166718
23 14.5 -0.000449495
23 15 -0.00054708
23 15.5 -0.000333096
23 16 -0.000119341
23 16.5 -0.00062354
23 17 -0.000669812
23 17.5 -0.000494281
23 18 -0.000134938
23 18.5 0.000217834
23 19 0.000537173
23 19.5 -0.000175048
23 20 -9.91875e-05
23 20.5 0

23.5 0 0
23.5 0.5 2.78227e-05
23.5 1 0.000130583
23.5 1.5 0.000111417
23.5 2 0.000654732
23.5 2.5 -0.000674659
23.5 3 -0.000243666
23.5 3.5 -0.00061678
23.5 4 -0.000166356
23.5 4.5 0.000400257
23.5 5 -0.000635253
23.5 5.5 0.000341579
23.5 6 -0.000347194
23.5 6.5 -0.000798987
23.5 7 0.000325585
23.5 7.5 -0.000622802
23.5 8 -0.000456219
23.5 8.5 -0.000404358
23.5 9 -0.000999385
23.5 9.5 -0.0011901
23.5 10 -0.000222466
23.5 10.5 -0.00125417
23.5 11 -0.000699107
23.5 11.5 -0.000377061
23.5 12 -0.000120005
23.5 12.5 -8.44591e-05
23.5 13 -0.000128311
23.5 13.5 -0.00119081
23.5 14 -0.000579937
23.5 14.5 -0.000440258
23.5 15 -0.000270856
23.5 15.5 -0.000411089
23.5 16 -0.000467304
23.5 16.5 0.000161405
23.5 17 -5.64688e-05
23.5 17.5 -0.000186838
23.5 18 0.00063123
23.5 18.5 0.000169017
23.5 19 0.000291213
23.5 19.5 -0.00011776
23.5 20 -7.02406e-05
23.5 20.5 0

24 0 0
24 0.5 -4.3862e-06
24 1 7.38608e-05
24 1.5 0.000268122
24 2 -9.96442e-05
24 2.5 0.000170993
24 3 -0.000598063
24 3.5 -0.000233473
24 4 -0.000885008
24 4.5 -0.000564155
24 5 0.000107822
24 5.5 -0.00110167
24 6 0.000437464
24 6.5 1.70152e-05
24 7 0.00104771
24 7.5 0.000175111
24 8 0.000879452
24 8.5 -0.000944972
24 9 0.0012915
24 9.5 -0.00120505
24 10 0.000194302
24 10.5 -0.000725099
24 11 0.00104417
24 11.5 -0.000765112
24 12 0.00156063
24 12.5 -0.000291349
24 13 0.000855175
24 13.5 -6.13271e-05
24 14 0.000597924
24 14.5 -0.000886675
24 15 -2.52719e-05
24 15.5 -0.00065115
24 16 -0.000266109
24 16.5 -0.000349392
24 17 -0.000951644
24 17.5 -0.000124758
24 18 -0.00064353
24 18.5 0.000251798
24 19 -0.000124392
24 19.5 -9.38791e-05
24 20 -8.01047e-06
24 20.5 0

24.5 0 0
24.5 0.5 2.1666e-05
24.5 1 0.000141962
24.5 1.5 0.00017037
24.5 2 0.000646755
24.5 2.5 -3.2253e-05
24.5 3 0.000210633
24.5 3.5 -0.000515034
24.5 4 -0.000449838
24.5 4.5 0.000216624
24.5 5 -0.00060081
24.5 5.5 8.49997e-05
24.5 6 -0.00035271
24.5 6.5 -0.00139865
24.5 7 -9.22081e-06
24.5 7.5 -0.000537969
24.5 8 -0.00123112
24.5 8.5 3.78013e-05
24.5 9 -0.00138613
24.5 9.5 -0.00140096
24.5 10 -0.000789381
24.5 10.5 -0.00154107
24.5 11 -0.00124055
24.5 11.5 -0.000288466
24.5 12 -0.00109655
24.5 12.5 0.000115449
24.5 13 -0.000558995
24.5 13.5 -0.00112183
24.5 14 -0.000326281
24.5 14.5 -0.00108648
24.5 15 -0.000505809
24.5 15.5 -0.000648069
24.5 16 -0.000176103
24.5 16.5 0.000284816
24.5 17 7.82394e-05
24.5 17.5 0.000559848
24.5 18 0.000795543
24.5 18.5 0.000678709
24.5 19 -1.58688e-05
24.5 19.5 6.95079e-05
24.5 20 1.48173e-05
24.5 20.5 0

25 0 0
25 0.5 -1.37992e-05
25 1 0.000229757
25 1.5 0.000725967
25 2 -0.000577051
25 2.5 0.000534476
25 3 -0.000424443
25 3.5 0.000320197
25 4 -0.000360596
25 4.5 -0.00028679
25 5 -0.00024723
25 5.5 -0.000853659
25 6 -6.14744e-05
25 6.5 -0.000337302
25 7 -0.000119487
25 7.5 -0.000639144
25 8 -0.000172004
25 8.5 -0.00147793
25 9 -0.000392295
25 9.5 -0.00103511
25 10 -0.000755102
25 10.5 -0.000621862
25 11 -0.00037821
25 11.5 -0.00165338
25 12 -0.000330065
25 12.5 -0.00123249
25 13 -0.000163355
25 13.5 -0.000329105
25 14 6.5904e-05
25 14.5 -0.000634647
25 15 -0.000445209
25 15.5 -0.000732253
25 16 -0.000405485
25 16.5 -0.000126331
25 17 -0.00059221
25 17.5 0.000244766
25 18 -0.000657844
25 18.5 0.00104754
25 19 -0.000367662
25 19.5 0.000390412
25 20 0.000122967
25 20.5 0

25.5 0 0
25.5 0.5 7.36623e-05
25.5 1 0.000435597
25.5 1.5 0.000204917
25.5 2 0.000359899
25.5 2.5 0.000290397
25.5 3 0.000389448
25.5 3.5 0.000208712
25.5 4 -0.000104344
25.5 4.5 -0.000350102
25.5 5 -0.000730779
25.5 5.5 -0.000747448
25.5 6 -0.000972355
25.5 6.5 -0.00127794
25.5 7 -0.00136574
25.5 7.5 -0.00148841
25.5 8 -0.00145297
25.5 8.5 -0.00118167
25.5 9 -0.00119616
25.5 9.5 -0.00101863
25.5 10 -0.000747826
25.5 10.5 -0.000961736
25.5 11 -0.00103006
25.5 11.5 -0.00139074
25.5 12 -0.00169153
25.5 12.5 -0.00163294
25.5 13 -0.00131233
25.5 13.5 -0.000967179
25.5 14 -0.000865669
25.5 14.5 -0.000756738
25.5 15 -0.000843804
25.5 15.5 -0.000627819
25.5 16 -0.00059534
25.5 16.5 -0.00037798
25.5 17 -0.000116165
25.5 17.5 3.75377e-05
25.5 18 0.000238067
25.5 18.5 0.000197971
25.5 19 0.000630088
25.5 19.5 0.00053788
25.5 20 8.1904e-05
25.5 20.5 0

26 0 0
26 0.5 0
26 1 7.36623e-05
26 1.5 -2.36251e-05
26 2 0.000130606
26 2.5 -5.11288e-06
26 3 0.000123539
26 3.5 2.8004e-06
26 4 2.08664e-05
26 4.5 -5.01703e-05
26 5 -0.000100503
26 5.5 -5.81945e-05
26 6 -0.000184495
26 6.5 -0.000202805
26 7 -0.000280582
26 7.5 -0.00022451
26 8 -0.000278866
26 8.5 -0.000105374
26 9 -0.000224037
26 9.5 -0.000128862
26 10 -0.000124492
26 10.5 -0.00016428
26 11 -0.000195972
26 11.5 -0.000130219
26 12 -0.00031885
26 12.5 -0.00019222
26 13 -0.000261412
26 13.5 -0.00015683
26 14 -0.000191681
26 14.5 -8.99715e-05
26 15 -0.000123313
26 15.5 -6.29809e-05
26 16 -6.59225e-05
26 16.5 -5.76966e-05
26 17 4.90428e-05
26 17.5 -2.16164e-05
26 18 0.000121815
26 18.5 -6.42439e-05
26 19 0.000162832
26 19.5 8.1904e-05
26 20 0
26 20.5 0

26.5 0 0
26.5 0.5 0
26.5 1 0
26.5 1.5 0
26.5 2 0
26.5 2.5 0
26.5 3 0
26.5 3.5 0
26.5 4 0
26.5 4.5 0
26.5 5 0
26.5 5.5 0
26.5 6 0
26.5 6.5 0
26.5 7 0
26.5 7.5 0
26.5 8 0
26.5 8.5 0
26.5 9 0
26.5 9.5 0
26.5 10 0
26.5 10.5 0
26.5 11 0
26.5 11.5 0
26.5 12 0
26.5 12.5 0
26.5 13 0
26.5 13.5 0
26.5 14 0
26.5 14.5 0
26.5 15 0
26.5 15.5 0
26.5 16 0
26.5 16.5 0
26.5 17 0
26.5 17.5 0
26.5 18 0
26.5 18.5 0
26.5 19 0
26.5 19.5 0
26.5 20 0
26.5 20.5 0

