0 0 0
0 0.5 0
0 1 0
0 1.5 0
0 2 0
0 2.5 0
0 3 0
0 3.5 0
0 4 0
0 4.5 0
0 5 0
0 5.5 0
0 6 0
0 6.5 0
0 7 0
0 7.5 0
0 8 0
0 8.5 0
0 9 0
0 9.5 0
0 10 0
0 10.5 0
0 11 0
0 11.5 0
0 12 0
0 12.5 0
0 13 0
0 13.5 0
0 14 0
0 14.5 0
0 15 0
0 15.5 0
0 16 0
0 16.5 0
0 17 0
0 17.5 0
0 18 0
0 18.5 0
0 19 0
0 19.5 0
0 20 0
0 20.5 0

0.5 0 0
0.5 0.5 0
0.5 1 -2.63699e-05
0.5 1.5 -2.96957e-05
0.5 2 -2.29035e-06
0.5 2.5 -0.00017327
0.5 3 -0.000112855
0.5 3.5 -8.14878e-05
0.5 4 1.83837e-05
0.5 4.5 6.6058e-05
0.5 5 0.000113732
0.5 5.5 -9.29153e-05
0.5 6 0.000212695
0.5 6.5 -3.15465e-05
0.5 7 0.000271264
0.5 7.5 6.75562e-05
0.5 8 0.000215461
0.5 8.5 0.000104558
0.5 9 0.000343469
0.5 9.5 0.000139056
0.5 10 0.000452144
0.5 10.5 0.000207676
0.5 11 0.000546688
0.5 11.5 0.000254124
0.5 12 0.000494289
0.5 12.5 0.000119015
0.5 13 0.000274151
0.5 13.5 -4.04445e-05
0.5 14 0.000175248
0.5 14.5 -0.000206337
0.5 15 -6.70045e-05
0.5 15.5 -0.000178137
0.5 16 -0.000177135
0.5 16.5 -0.000165108
0.5 17 -7.27594e-05
0.5 17.5 -4.10995e-05
0.5 18 -1.5769e-05
0.5 18.5 -5.97212e-05
0.5 19 -1.13154e-05
0.5 19.5 4.86651e-05
0.5 20 0
0.5 20.5 0

1 0 0
1 0.5 -2.63699e-05
1 1 -7.46379e-05
1 1.5 -0.000247444
1 2 -0.000479995
1 2.5 -0.000867857
1 3 -0.00055143
1 3.5 -0.000195271
1 4 0.000456693
1 4.5 0.000714273
1 5 0.000698526
1 5.5 0.000601879
1 6 0.00067256
1 6.5 0.000569946
1 7 0.000830219
1 7.5 0.00112092
1 8 0.00105656
1 8.5 0.00149751
1 9 0.00162318
1 9.5 0.0016661
1 10 0.00205698
1 10.5 0.00217273
1 11 0.00233078
1 11.5 0.00257782
1 12 0.00248668
1 12.5 0.00218871
1 13 0.00135261
1 13.5 0.000625069
1 14 0.000364795
1 14.5 -0.000171469
1 15 -0.000475133
1 15.5 -0.000814381
1 16 -0.00106189
1 16.5 -0.000814319
1 17 3.9136e-05
1 17.5 -0.000127396
1 18 -0.000316986
1 18.5 -0.000485333
1 19 -0.000266263
1 19.5 0.000322771
1 20 4.86651e-05
1 20.5 0

1.5 0 0
1.5 0.5 -0.00011586
1.5 1 -0.000813168
1.5 1.5 -0.000858968
1.5 2 -0.00125227
1.5 2.5 -0.000247076
1.5 3 0.000247653
1.5 3.5 0.000704992
1.5 4 0.00130964
1.5 4.5 0.00177234
1.5 5 0.00108812
1.5 5.5 0.00309813
1.5 6 0.000606616
1.5 6.5 0.00235236
1.5 7 0.000644775
1.5 7.5 0.00238631
1.5 8 0.00176203
1.5 8.5 0.00298822
1.5 9 0.00147113
1.5 9.5 0.00353167
1.5 10 0.00149022
1.5 10.5 0.00334113
1.5 11 0.00121816
1.5 11.5 0.00351679
1.5 12 0.0018229
1.5 12.5 0.00404497
1.5 13 0.00155259
1.5 13.5 0.00251589
1.5 14 0.00051225
1.5 14.5 0.00278802
1.5 15 0.00118124
1.5 15.5 0.00114249
1.5 16 9.34274e-05
1.5 16.5 0.000369549
1.5 17 0.000591717
1.5 17.5 0.000261576
1.5 18 -0.000431726
1.5 18.5 -0.000961294
1.5 19 -0.00093985
1.5 19.5 -0.000544362
1.5 20 -4.68837e-05
1.5 20.5 0

2 0 0
2 0.5 -0.000189866
2 1 -0.00146923
2 1.5 -0.00117528
2 2 -0.00127866
2 2.5 -0.000774682
2 3 -0.000667073
2 3.5 3.83507e-05
2 4 0.000112929
2 4.5 0.000576245
2 5 0.00160431
2 5.5 0.00181471
2 6 0.00171142
2 6.5 0.00351968
2 7 0.00193601
2 7.5 0.00196909
2 8 0.0025279
2 8.5 0.000757223
2 9 0.00275608
2 9.5 0.00213993
2 10 0.00273864
2 10.5 0.00371575
2 11 0.00186421
2 11.5 0.00123481
2 12 0.00203165
2 12.5 0.000853237
2 13 0.0020041
2 13.5 0.00276425
2 14 0.00208567
2 14.5 0.00355784
2 15 0.00216434
2 15.5 0.000974897
2 16 0.00132379
2 16.5 0.00012749
2 17 -0.000483656
2 17.5 -0.000214495
2 18 -0.00138251
2 18.5 -0.000998874
2 19 -0.00114041
2 19.5 -0.00111174
2 20 -0.000143342
2 20.5 0

2.5 0 0
2.5 0.5 -0.000145212
2.5 1 -0.000930962
2.5 1.5 -0.0005181
2.5 2 -0.000690524
2.5 2.5 0.000755931
2.5 3 0.000133484
2.5 3.5 0.00103554
2.5 4 0.000937336
2.5 4.5 0.000232711
2.5 5 0.00107443
2.5 5.5 0.000478581
2.5 6 0.000697711
2.5 6.5 0.00123725
2.5 7 0.000160325
2.5 7.5 0.0022174
2.5 8 7.60072e-05
2.5 8.5 0.00280078
2.5 9 0.000663744
2.5 9.5 0.0021307
2.5 10 -0.000306256
2.5 10.5 0.00169452
2.5 11 -0.00128439
2.5 11.5 0.00088809
2.5 12 -0.00103006
2.5 12.5 0.00139501
2.5 13 0.000198583
2.5 13.5 0.00178429
2.5 14 0.000724201
2.5 14.5 0.00216055
2.5 15 0.00191483
2.5 15.5 0.00119
2.5 16 0.000908206
2.5 16.5 0.000991598
2.5 17 0.00107762
2.5 17.5 0.00049581
2.5 18 -0.000282315
2.5 18.5 0.000190841
2.5 19 -0.000962291
2.5 19.5 -0.000953594
2.5 20 -0.00011892
2.5 20.5 0

3 0 0
3 0.5 5.6392e-05
3 1 -0.000109307
3 1.5 -0.000519916
3 2 0.000447604
3 2.5 0.000436499
3 3 0.000675916
3 3.5 0.000709463
3 4 -0.00183138
3 4.5 -0.00139471
3 5 -0.000887416
3 5.5 -0.000548677
3 6 -0.000591303
3 6.5 0.00244861
3 7 0.00149347
3 7.5 0.00168847
3 8 0.000563117
3 8.5 0.000277635
3 9 -0.000338384
3 9.5 -0.0004956
3 10 -0.000996255
3 10.5 -0.00118903
3 11 -0.0017106
3 11.5 -0.00159187
3 12 -0.00190248
3 12.5 -0.000299968
3 13 0.000351702
3 13.5 0.00210938
3 14 0.000543881
3 14.5 0.00183058
3 15 0.000118136
3 15.5 0.000386624
3 16 0.000533765
3 16.5 0.000408567
3 17 -0.000803414
3 17.5 0.00101036
3 18 0.000922026
3 18.5 0.000248624
3 19 0.000235386
3 19.5 -0.000515694
3 20 -0.000125052
3 20.5 0

3.5 0 0
3.5 0.5 8.04224e-05
3.5 1 0.000320656
3.5 1.5 0.000139698
3.5 2 0.000690921
3.5 2.5 0.000412466
3.5 3 0.000569438
3.5 3.5 -0.000973115
3.5 4 -0.000581108
3.5 4.5 -0.00146729
3.5 5 -0.00100384
3.5 5.5 -0.00164997
3.5 6 -0.00232404
3.5 6.5 6.76024e-05
3.5 7 -0.00222073
3.5 7.5 9.82946e-05
3.5 8 -0.000609656
3.5 8.5 -0.000118631
3.5 9 -0.000393258
3.5 9.5 -0.00142901
3.5 10 -0.00225758
3.5 10.5 -0.00187899
3.5 11 -0.00241798
3.5 11.5 -0.00184182
3.5 12 -0.00166531
3.5 12.5 -0.00139301
3.5 13 -0.0017927
3.5 13.5 -0.000197393
3.5 14 -0.00214748
3.5 14.5 0.000102555
3.5 15 -0.00183799
3.5 15.5 -0.000730402
3.5 16 0.000831498
3.5 16.5 0.000385107
3.5 17 0.00095941
3.5 17.5 -6.94554e-05
3.5 18 0.00151879
3.5 18.5 0.0011199
3.5 19 4.51518e-05
3.5 19.5 -0.000563048
3.5 20 -8.5142e-05
3.5 20.5 0

4 0 0
4 0.5 1.73388e-05
4 1 0.000198553
4 1.5 0.000367728
4 2 0.000614245
4 2.5 0.0015782
4 3 -0.000357958
4 3.5 -0.000199181
4 4 -0.00149562
4 4.5 -0.00131174
4 5 -0.000915808
4 5.5 -8.38522e-05
4 6 -0.000772347
4 6.5 -0.00031904
4 7 0.000478325
4 7.5 -0.00087777
4 8 -0.0012658
4 8.5 -0.00152201
4 9 -0.00140871
4 9.5 -0.000937611
4 10 -0.00166191
4 10.5 -0.00123499
4 11 -0.00142583
4 11.5 -0.00136899
4 12 -0.00107003
4 12.5 -0.00175531
4 13 -0.00109121
4 13.5 -0.00115045
4 14 -0.00145367
4 14.5 -0.000873469
4 15 -0.00114674
4 15.5 8.95479e-05
4 16 0.000389982
4 16.5 0.00101938
4 17 0.000973757
4 17.5 0.00181583
4 18 0.0011504
4 18.5 0.00149068
4 19 0.00030617
4 19.5 -0.000907317
4 20 -0.000185362
4 20.5 0

4.5 0 0
4.5 0.5 0.000146185
4.5 1 0.000641774
4.5 1.5 2.73495e-05
4.5 2 0.00103719
4.5 2.5 0.000645434
4.5 3 -0.000387739
4.5 3.5 -0.000517909
4.5 4 -0.000889256
4.5 4.5 -0.00167524
4.5 5 -0.000624519
4.5 5.5 -0.00198177
4.5 6 -0.00172716
4.5 6.5 -0.000954102
4.5 7 -0.00250241
4.5 7.5 -0.00236558
4.5 8 -0.00124281
4.5 8.5 -0.00144881
4.5 9 -0.000425197
4.5 9.5 -0.00063115
4.5 10 0.000771156
4.5 10.5 -0.000490709
4.5 11 0.000616565
4.5 11.5 -0.000839631
4.5 12 -0.000134525
4.5 12.5 -0.00185408
4.5 13 -0.00161656
4.5 13.5 -0.001319
4.5 14 -0.00338851
4.5 14.5 -0.00217423
4.5 15 -0.00209402
4.5 15.5 -0.00204624
4.5 16 0.000982939
4.5 16.5 0.000418259
4.5 17 0.000628418
4.5 17.5 0.00186039
4.5 18 0.00163473
4.5 18.5 0.000958181
4.5 19 0.000360525
4.5 19.5 -0.000624192
4.5 20 -0.00015466
4.5 20.5 0

5 0 0
5 0.5 0.000296224
5 1 0.0015838
5 1.5 0.00086144
5 2 0.000875351
5 2.5 -0.00119303
5 3 -0.00153448
5 3.5 -0.00182909
5 4 -0.00307237
5 4.5 -0.00183736
5 5 -0.00359328
5 5.5 -0.00270151
5 6 -0.00204861
5 6.5 -0.00263257
5 7 -0.00184706
5 7.5 -0.0036019
5 8 -0.00156927
5 8.5 -0.00214439
5 9 -0.00117816
5 9.5 -0.00173442
5 10 -0.00140746
5 10.5 -0.000921085
5 11 -0.000359374
5 11.5 -0.00146463
5 12 -0.000159163
5 12.5 -0.00180198
5 13 -0.00100405
5 13.5 -0.00224203
5 14 -0.00264055
5 14.5 -0.00416201
5 15 -0.00379266
5 15.5 -0.00259956
5 16 -0.00256769
5 16.5 -0.000718209
5 17 -0.000722248
5 17.5 -7.71628e-05
5 18 0.000745267
5 18.5 0.000489217
5 19 0.000929474
5 19.5 0.000490239
5 20 7.73894e-05
5 20.5 0

5.5 0 0
5.5 0.5 0.000429155
5.5 1 0.00260753
5.5 1.5 0.00152808
5.5 2 0.00155836
5.5 2.5 0.00100203
5.5 3 -0.000561122
5.5 3.5 -0.00211147
5.5 4 -0.0017484
5.5 4.5 -0.00323908
5.5 5 -0.00198287
5.5 5.5 -0.00372028
5.5 6 -0.00339965
5.5 6.5 -0.00251557
5.5 7 -0.00476125
5.5 7.5 -0.00326858
5.5 8 -0.00323156
5.5 8.5 -0.00347876
5.5 9 -0.00377978
5.5 9.5 -0.00294073
5.5 10 -0.00384117
5.5 10.5 -0.00312961
5.5 11 -0.00205122
5.5 11.5 -0.00222109
5.5 12 -0.00282677
5.5 12.5 -0.00301431
5.5 13 -0.00274135
5.5 13.5 -0.00160801
5.5 14 -0.00423319
5.5 14.5 -0.0040571
5.5 15 -0.00422452
5.5 15.5 -0.00363682
5.5 16 -0.00103214
5.5 16.5 -0.0027377
5.5 17 -0.00107504
5.5 17.5 -0.000130335
5.5 18 0.00132984
5.5 18.5 0.00184661
5.5 19 0.00190832
5.5 19.5 0.00186903
5.5 20 0.000263352
5.5 20.5 0

6 0 0
6 0.5 0.000448297
6 1 0.00274338
6 1.5 0.00210979
6 2 0.00131715
6 2.5 -7.22045e-05
6 3 -0.000581421
6 3.5 -0.0021771
6 4 -0.00219921
6 4.5 -0.0030674
6 5 -0.00353741
6 5.5 -0.00449066
6 6 -0.00389938
6 6.5 -0.00544302
6 7 -0.00391935
6 7.5 -0.00614778
6 8 -0.0039069
6 8.5 -0.00435176
6 9 -0.00481854
6 9.5 -0.00639152
6 10 -0.00669346
6 10.5 -0.00635882
6 11 -0.00489571
6 11.5 -0.00508349
6 12 -0.003493
6 12.5 -0.00503465
6 13 -0.00302068
6 13.5 -0.0046025
6 14 -0.00272341
6 14.5 -0.00526071
6 15 -0.00386778
6 15.5 -0.00356839
6 16 -0.00344925
6 16.5 -0.00272022
6 17 -0.00159296
6 17.5 -0.000722473
6 18 0.00119767
6 18.5 0.00204971
6 19 0.00213917
6 19.5 0.00253191
6 20 0.000382022
6 20.5 0

6.5 0 0
6.5 0.5 0.000279364
6.5 1 0.0022457
6.5 1.5 0.00208283
6.5 2 0.000528431
6.5 2.5 0.0012331
6.5 3 -0.000546447
6.5 3.5 -0.00131087
6.5 4 -0.00077518
6.5 4.5 -0.0030123
6.5 5 -0.00178575
6.5 5.5 -0.00371531
6.5 6 -0.00503733
6.5 6.5 -0.00465506
6.5 7 -0.00645868
6.5 7.5 -0.0055653
6.5 8 -0.00361029
6.5 8.5 -0.00530991
6.5 9 -0.00412432
6.5 9.5 -0.00615766
6.5 10 -0.00563987
6.5 10.5 -0.0067628
6.5 11 -0.00373116
6.5 11.5 -0.00543803
6.5 12 -0.00448189
6.5 12.5 -0.0057448
6.5 13 -0.0035295
6.5 13.5 -0.00296032
6.5 14 -0.00420182
6.5 14.5 -0.00385413
6.5 15 -0.0030906
6.5 15.5 -0.00299937
6.5 16 -0.00185615
6.5 16.5 -0.00259507
6.5 17 -0.00171061
6.5 17.5 -0.000560984
6.5 18 0.000163693
6.5 18.5 0.00196084
6.5 19 0.00111284
6.5 19.5 0.00239776
6.5 20 0.000490517
6.5 20.5 0

7 0 0
7 0.5 0.000273508
7 1 0.00180956
7 1.5 0.00163605
7 2 0.00073619
7 2.5 -0.000236503
7 3 -0.00105674
7 3.5 -0.00125721
7 4 -0.00167367
7 4.5 -0.00165873
7 5 -0.00271439
7 5.5 -0.00280388
7 6 -0.00381583
7 6.5 -0.00388843
7 7 -0.00423189
7 7.5 -0.00401675
7 8 -0.00385775
7 8.5 -0.00333752
7 9 -0.00340854
7 9.5 -0.00386633
7 10 -0.00471767
7 10.5 -0.00390945
7 11 -0.00321564
7 11.5 -0.00359229
7 12 -0.00369098
7 12.5 -0.00372923
7 13 -0.00396706
7 13.5 -0.00299433
7 14 -0.00237379
7 14.5 -0.00236623
7 15 -0.00275986
7 15.5 -0.00150412
7 16 -0.00280852
7 16.5 -0.00195191
7 17 -0.00159775
7 17.5 -0.001112
7 18 0.000607832
7 18.5 0.00122203
7 19 0.00131599
7 19.5 0.00182286
7 20 0.000332455
7 20.5 0

7.5 0 0
7.5 0.5 0.000349014
7.5 1 0.00223728
7.5 1.5 0.00110292
7.5 2 0.00148421
7.5 2.5 0.000979467
7.5 3 0.000343087
7.5 3.5 -0.000753759
7.5 4 -0.000700357
7.5 4.5 -0.00137908
7.5 5 -0.00197686
7.5 5.5 -0.0019254
7.5 6 -0.00382028
7.5 6.5 -0.00367062
7.5 7 -0.00482455
7.5 7.5 -0.00338697
7.5 8 -0.00379073
7.5 8.5 -0.00382502
7.5 9 -0.00406733
7.5 9.5 -0.00318767
7.5 10 -0.00418579
7.5 10.5 -0.00330244
7.5 11 -0.00345279
7.5 11.5 -0.00374951
7.5 12 -0.00457052
7.5 12.5 -0.00442462
7.5 13 -0.00432227
7.5 13.5 -0.00279442
7.5 14 -0.00331531
7.5 14.5 -0.00197925
7.5 15 -0.00131767
7.5 15.5 -0.000524111
7.5 16 -0.000528108
7.5 16.5 -0.00137014
7.5 17 -0.000762421
7.5 17.5 -0.000194361
7.5 18 0.00117369
7.5 18.5 0.00176284
7.5 19 0.00167121
7.5 19.5 0.00172756
7.5 20 0.00024213
7.5 20.5 0

8 0 0
8 0.5 0.000594786
8 1 0.00328659
8 1.5 0.00134445
8 2 0.00114977
8 2.5 -0.00100773
8 3 -0.00151391
8 3.5 -0.00170775
8 4 -0.00282246
8 4.5 -0.00111268
8 5 -0.00391305
8 5.5 -0.00270635
8 6 -0.00355337
8 6.5 -0.00323146
8 7 -0.00416935
8 7.5 -0.00436972
8 8 -0.00462249
8 8.5 -0.00493091
8 9 -0.00451023
8 9.5 -0.00478511
8 10 -0.00332818
8 10.5 -0.00385911
8 11 -0.00335392
8 11.5 -0.00466055
8 12 -0.00477571
8 12.5 -0.00503308
8 13 -0.00501304
8 13.5 -0.00363125
8 14 -0.00355195
8 14.5 -0.00199301
8 15 -0.00236695
8 15.5 -0.000664584
8 16 -0.00251747
8 16.5 -0.00118817
8 17 -0.00102536
8 17.5 -0.000691953
8 18 0.000318398
8 18.5 0.000645561
8 19 0.00169572
8 19.5 0.00197873
8 20 0.000359449
8 20.5 0

8.5 0 0
8.5 0.5 0.000636541
8.5 1 0.00399444
8.5 1.5 0.00193897
8.5 2 0.00254768
8.5 2.5 0.000805731
8.5 3 -0.000298306
8.5 3.5 -0.00118618
8.5 4 -0.00174086
8.5 4.5 -0.00290121
8.5 5 -0.00294622
8.5 5.5 -0.0042866
8.5 6 -0.00507064
8.5 6.5 -0.00564669
8.5 7 -0.00601431
8.5 7.5 -0.00655323
8.5 8 -0.00727375
8.5 8.5 -0.00758333
8.5 9 -0.00741301
8.5 9.5 -0.007125
8.5 10 -0.00553495
8.5 10.5 -0.00652102
8.5 11 -0.00556513
8.5 11.5 -0.00733553
8.5 12 -0.00694838
8.5 12.5 -0.00766074
8.5 13 -0.00799259
8.5 13.5 -0.00653453
8.5 14 -0.00579433
8.5 14.5 -0.00394172
8.5 15 -0.0022201
8.5 15.5 -0.00239979
8.5 16 -0.000953724
8.5 16.5 -0.000723198
8.5 17 -0.000173537
8.5 17.5 0.00118199
8.5 18 0.00180141
8.5 18.5 0.00215195
8.5 19 0.00272692
8.5 19.5 0.00196319
8.5 20 0.000192655
8.5 20.5 0

9 0 0
9 0.5 0.000697308
9 1 0.00412
9 1.5 0.00212312
9 2 0.00205815
9 2.5 -0.000237568
9 3 -0.00100514
9 3.5 -0.00166384
9 4 -0.00180717
9 4.5 -0.0023036
9 5 -0.00349198
9 5.5 -0.00312947
9 6 -0.00509791
9 6.5 -0.00488046
9 7 -0.0049093
9 7.5 -0.00678266
9 8 -0.00861754
9 8.5 -0.00965564
9 9 -0.0089336
9 9.5 -0.00783536
9 10 -0.00744514
9 10.5 -0.00700195
9 11 -0.00752272
9 11.5 -0.00893913
9 12 -0.00851062
9 12.5 -0.00967809
9 13 -0.00838506
9 13.5 -0.00580942
9 14 -0.00600974
9 14.5 -0.00320974
9 15 -0.00255557
9 15.5 -0.00252811
9 16 -0.00225255
9 16.5 -0.00118839
9 17 0.000283441
9 17.5 0.000736872
9 18 0.0018831
9 18.5 0.00177903
9 19 0.00217227
9 19.5 0.00200131
9 20 0.000255194
9 20.5 0

9.5 0 0
9.5 0.5 0.000687132
9.5 1 0.00410206
9.5 1.5 0.00163715
9.5 2 0.00134173
9.5 2.5 0.000431327
9.5 3 3.62861e-06
9.5 3.5 -0.00191756
9.5 4 -0.000114286
9.5 4.5 -0.00170693
9.5 5 -0.00156169
9.5 5.5 -0.00410719
9.5 6 -0.00525187
9.5 6.5 -0.0055992
9.5 7 -0.00715001
9.5 7.5 -0.00601938
9.5 8 -0.00700048
9.5 8.5 -0.00787238
9.5 9 -0.00756217
9.5 9.5 -0.00706908
9.5 10 -0.00723858
9.5 10.5 -0.0071856
9.5 11 -0.00718822
9.5 11.5 -0.0084402
9.5 12 -0.00837465
9.5 12.5 -0.00811657
9.5 13 -0.00826926
9.5 13.5 -0.00612811
9.5 14 -0.0060272
9.5 14.5 -0.00376213
9.5 15 -0.00190756
9.5 15.5 -0.00164439
9.5 16 -0.00063634
9.5 16.5 -0.00125882
9.5 17 0.000902636
9.5 17.5 0.000353336
9.5 18 0.00233795
9.5 18.5 0.0023622
9.5 19 0.0020012
9.5 19.5 0.0017065
9.5 20 0.000223996
9.5 20.5 0

10 0 0
10 0.5 0.000697885
10 1 0.00389657
10 1.5 0.00154625
10 2 0.00163211
10 2.5 -0.000157091
10 3 -0.00145983
10 3.5 -0.00114311
10 4 -0.00189636
10 4.5 -0.00135719
10 5 -0.0024917
10 5.5 -0.00353347
10 6 -0.00538348
10 6.5 -0.00442482
10 7 -0.00468991
10 7.5 -0.00453013
10 8 -0.00600885
10 8.5 -0.00671528
10 9 -0.00680578
10 9.5 -0.0059903
10 10 -0.00538176
10 10.5 -0.00546417
10 11 -0.00570118
10 11.5 -0.00675507
10 12 -0.00695302
10 12.5 -0.0067639
10 13 -0.00657651
10 13.5 -0.00443048
10 14 -0.00488312
10 14.5 -0.00223298
10 15 -0.00177834
10 15.5 -0.00169336
10 16 -0.00258729
10 16.5 -0.00208794
10 17 -0.00131717
10 17.5 0.000632499
10 18 0.00111722
10 18.5 0.00207694
10 19 0.0024109
10 19.5 0.00234951
10 20 0.000313185
10 20.5 0

10.5 0 0
10.5 0.5 0.000587091
10.5 1 0.00392323
10.5 1.5 0.00199972
10.5 2 0.00103238
10.5 2.5 0.000877829
10.5 3 -0.000875819
10.5 3.5 -0.000396814
10.5 4 0.000253993
10.5 4.5 -0.00016892
10.5 5 -0.00155973
10.5 5.5 -0.00329024
10.5 6 -0.00496401
10.5 6.5 -0.00638176
10.5 7 -0.00692594
10.5 7.5 -0.00550286
10.5 8 -0.00676043
10.5 8.5 -0.00510003
10.5 9 -0.00665629
10.5 9.5 -0.00431672
10.5 10 -0.00473206
10.5 10.5 -0.00386099
10.5 11 -0.00558578
10.5 11.5 -0.00513698
10.5 12 -0.00684062
10.5 12.5 -0.00609672
10.5 13 -0.00661545
10.5 13.5 -0.00509587
10.5 14 -0.0052321
10.5 14.5 -0.0035842
10.5 15 -0.00124816
10.5 15.5 -0.0010991
10.5 16 -0.00264096
10.5 16.5 -0.0018136
10.5 17 -0.00130047
10.5 17.5 5.92016e-05
10.5 18 0.000952124
10.5 18.5 0.00248122
10.5 19 0.00210027
10.5 19.5 0.00310289
10.5 20 0.000498956
10.5 20.5 0

11 0 0
11 0.5 0.000703668
11 1 0.00401978
11 1.5 0.00195678
11 2 0.000654423
11 2.5 -0.000125313
11 3 -0.0012277
11 3.5 -0.00156443
11 4 -0.00197276
11 4.5 -0.000434116
11 5 -0.00231386
11 5.5 -0.00286086
11 6 -0.00535674
11 6.5 -0.00510119
11 7 -0.00610723
11 7.5 -0.00687493
11 8 -0.00538848
11 8.5 -0.00746701
11 9 -0.00569626
11 9.5 -0.00558527
11 10 -0.00432805
11 10.5 -0.00502932
11 11 -0.0053127
11 11.5 -0.00633599
11 12 -0.00563177
11 12.5 -0.00767994
11 13 -0.00585415
11 13.5 -0.00511648
11 14 -0.00461013
11 14.5 -0.0012205
11 15 -0.00214993
11 15.5 -0.00202507
11 16 -0.00405641
11 16.5 -0.0040794
11 17 -0.00317608
11 17.5 -0.00185916
11 18 -0.000298308
11 18.5 0.00163094
11 19 0.00247449
11 19.5 0.00437412
11 20 0.000694356
11 20.5 0

11.5 0 0
11.5 0.5 0.00067713
11.5 1 0.00425039
11.5 1.5 0.00221952
11.5 2 0.00126464
11.5 2.5 0.000530591
11.5 3 0.000448803
11.5 3.5 -0.00121359
11.5 4 -0.000452407
11.5 4.5 0.000708714
11.5 5 -0.0023756
11.5 5.5 -0.00295264
11.5 6 -0.00524255
11.5 6.5 -0.00662387
11.5 7 -0.00845849
11.5 7.5 -0.00612545
11.5 8 -0.00771541
11.5 8.5 -0.00664049
11.5 9 -0.00814265
11.5 9.5 -0.00494493
11.5 10 -0.00623012
11.5 10.5 -0.00512732
11.5 11 -0.0075724
11.5 11.5 -0.00595282
11.5 12 -0.00683714
11.5 12.5 -0.00566006
11.5 13 -0.00844146
11.5 13.5 -0.0055222
11.5 14 -0.00583573
11.5 14.5 -0.00349586
11.5 15 -0.00174429
11.5 15.5 -0.00187018
11.5 16 -0.00374841
11.5 16.5 -0.00227101
11.5 17 -0.00196033
11.5 17.5 -0.00148651
11.5 18 0.0011049
11.5 18.5 0.00164412
11.5 19 0.00262687
11.5 19.5 0.0047579
11.5 20 0.000787737
11.5 20.5 0

12 0 0
12 0.5 0.000774029
12 1 0.00451614
12 1.5 0.00214606
12 2 0.00121621
12 2.5 3.53389e-05
12 3 -0.000769872
12 3.5 -0.0016546
12 4 -0.000665082
12 4.5 -6.65846e-05
12 5 -0.00173931
12 5.5 -0.0035612
12 6 -0.00411851
12 6.5 -0.00535166
12 7 -0.00713808
12 7.5 -0.00700103
12 8 -0.0075463
12 8.5 -0.00768824
12 9 -0.00641381
12 9.5 -0.00578535
12 10 -0.00535683
12 10.5 -0.00565866
12 11 -0.00588848
12 11.5 -0.00605639
12 12 -0.00604291
12 12.5 -0.00750741
12 13 -0.00690662
12 13.5 -0.00619256
12 14 -0.00548954
12 14.5 -0.00312367
12 15 -0.00228419
12 15.5 -0.00291669
12 16 -0.0030698
12 16.5 -0.00273985
12 17 -0.00162172
12 17.5 -0.00145231
12 18 -5.237e-05
12 18.5 0.00126224
12 19 0.00288669
12 19.5 0.00511192
12 20 0.000779457
12 20.5 0

12.5 0 0
12.5 0.5 0.000623185
12.5 1 0.00431748
12.5 1.5 0.00288691
12.5 2 0.00154004
12.5 2.5 -0.000150987
12.5 3 -0.000551453
12.5 3.5 -0.00183361
12.5 4 -0.000651772
12.5 4.5 -0.000154401
12.5 5 -0.00087518
12.5 5.5 -0.00321844
12.5 6 -0.00368171
12.5 6.5 -0.00572835
12.5 7 -0.00691106
12.5 7.5 -0.00579487
12.5 8 -0.00667772
12.5 8.5 -0.00777674
12.5 9 -0.00636912
12.5 9.5 -0.0061182
12.5 10 -0.00473952
12.5 10.5 -0.00677259
12.5 11 -0.00473489
12.5 11.5 -0.00646987
12.5 12 -0.00468944
12.5 12.5 -0.00635074
12.5 13 -0.00652898
12.5 13.5 -0.00596966
12.5 14 -0.00505732
12.5 14.5 -0.00464657
12.5 15 -0.00232452
12.5 15.5 -0.00243319
12.5 16 -0.00219402
12.5 16.5 -0.00141822
12.5 17 -0.000973752
12.5 17.5 -0.000655914
12.5 18 0.000380103
12.5 18.5 0.00148561
12.5 19 0.00277862
12.5 19.5 0.00435867
12.5 20 0.00066799
12.5 20.5 0

13 0 0
13 0.5 0.000719924
13 1 0.00417207
13 1.5 0.00188446
13 2 0.0005369
13 2.5 -0.000597218
13 3 -0.00167988
13 3.5 -0.00197808
13 4 -0.00112161
13 4.5 0.000840662
13 5 -0.00131261
13 5.5 -0.0024496
13 6 -0.00341925
13 6.5 -0.00545494
13 7 -0.00447406
13 7.5 -0.00578145
13 8 -0.00496502
13 8.5 -0.00601025
13 9 -0.00549133
13 9.5 -0.0055514
13 10 -0.00391098
13 10.5 -0.00643876
13 11 -0.004021
13 11.5 -0.00509163
13 12 -0.00403455
13 12.5 -0.00532015
13 13 -0.00453792
13 13.5 -0.00603311
13 14 -0.00419301
13 14.5 -0.00371127
13 15 -0.00205486
13 15.5 -0.00169491
13 16 -0.00261115
13 16.5 -0.000559951
13 17 -0.00114143
13 17.5 -0.00101814
13 18 -0.000347276
13 18.5 0.000149006
13 19 0.0018459
13 19.5 0.00402912
13 20 0.000634154
13 20.5 0

13.5 0 0
13.5 0.5 0.000592768
13.5 1 0.00386738
13.5 1.5 0.00210001
13.5 2 0.00106643
13.5 2.5 -0.00146977
13.5 3 -0.00157441
13.5 3.5 -0.00178478
13.5 4 -0.00101359
13.5 4.5 -0.000589992
13.5 5 -0.001642
13.5 5.5 -0.00254967
13.5 6 -0.00339966
13.5 6.5 -0.00441098
13.5 7 -0.00343811
13.5 7.5 -0.00524213
13.5 8 -0.00446948
13.5 8.5 -0.00662132
13.5 9 -0.00503732
13.5 9.5 -0.00505377
13.5 10 -0.00349771
13.5 10.5 -0.00522064
13.5 11 -0.00405362
13.5 11.5 -0.00507461
13.5 12 -0.00407964
13.5 12.5 -0.0058472
13.5 13 -0.0044574
13.5 13.5 -0.00575357
13.5 14 -0.0038277
13.5 14.5 -0.00405088
13.5 15 -0.00220643
13.5 15.5 -0.00194335
13.5 16 -0.00163545
13.5 16.5 -0.000278285
13.5 17 -0.000966076
13.5 17.5 -0.00110196
13.5 18 -0.00109355
13.5 18.5 -0.000239897
13.5 19 0.00194773
13.5 19.5 0.00346474
13.5 20 0.00055357
13.5 20.5 0

14 0 0
14 0.5 0.000617814
14 1 0.00372085
14 1.5 0.00218354
14 2 0.00147146
14 2.5 0.000580828
14 3 -0.00101478
14 3.5 -0.00234312
14 4 -0.000536302
14 4.5 -0.000921953
14 5 -0.00217344
14 5.5 -0.00399583
14 6 -0.00337251
14 6.5 -0.00725671
14 7 -0.00528231
14 7.5 -0.00647106
14 8 -0.00699487
14 8.5 -0.00546926
14 9 -0.00614395
14 9.5 -0.00486358
14 10 -0.00547804
14 10.5 -0.00611899
14 11 -0.0059411
14 11.5 -0.00569177
14 12 -0.00593469
14 12.5 -0.0060419
14 13 -0.00653845
14 13.5 -0.00749932
14 14 -0.00453681
14 14.5 -0.00563766
14 15 -0.00137244
14 15.5 -0.0022375
14 16 -0.0020876
14 16.5 -0.000623284
14 17 9.30613e-05
14 17.5 -0.00154861
14 18 4.43947e-06
14 18.5 0.000558894
14 19 0.00213985
14 19.5 0.00378619
14 20 0.000584897
14 20.5 0

14.5 0 0
14.5 0.5 0.000536379
14.5 1 0.0036489
14.5 1.5 0.00285057
14.5 2 0.00225028
14.5 2.5 0.000430327
14.5 3 0.000204653
14.5 3.5 -0.00158818
14.5 4 -0.00215788
14.5 4.5 -0.00301723
14.5 5 -0.00428406
14.5 5.5 -0.00433969
14.5 6 -0.00530235
14.5 6.5 -0.0057994
14.5 7 -0.0046003
14.5 7.5 -0.00625855
14.5 8 -0.00623913
14.5 8.5 -0.00777413
14.5 9 -0.00503333
14.5 9.5 -0.00676534
14.5 10 -0.00428093
14.5 10.5 -0.00752059
14.5 11 -0.00592645
14.5 11.5 -0.00866987
14.5 12 -0.00687809
14.5 12.5 -0.0074664
14.5 13 -0.00573887
14.5 13.5 -0.00603277
14.5 14 -0.00496147
14.5 14.5 -0.00472755
14.5 15 -0.0036944
14.5 15.5 -0.0027744
14.5 16 -0.00319745
14.5 16.5 -0.00231671
14.5 17 -0.00187946
14.5 17.5 -0.00075463
14.5 18 -7.92335e-05
14.5 18.5 0.00062717
14.5 19 0.00365578
14.5 19.5 0.00391247
14.5 20 0.000536966
14.5 20.5 0

15 0 0
15 0.5 0.000567868
15 1 0.00335447
15 1.5 0.00263534
15 2 0.00310334
15 2.5 0.000275054
15 3 0.000563505
15 3.5 -0.00163757
15 4 -0.00189039
15 4.5 -0.00343578
15 5 -0.00441058
15 5.5 -0.00519864
15 6 -0.00504415
15 6.5 -0.00734665
15 7 -0.00610973
15 7.5 -0.0072707
15 8 -0.00734599
15 8.5 -0.00656286
15 9 -0.00559773
15 9.5 -0.00664974
15 10 -0.00589222
15 10.5 -0.00775051
15 11 -0.00739412
15 11.5 -0.00868508
15 12 -0.00803644
15 12.5 -0.00761654
15 13 -0.00658412
15 13.5 -0.00703205
15 14 -0.00459466
15 14.5 -0.00554536
15 15 -0.00288296
15 15.5 -0.00313458
15 16 -0.00343948
15 16.5 -0.00219584
15 17 -0.00101312
15 17.5 -0.00214928
15 18 0.000628649
15 18.5 0.000298191
15 19 0.00314393
15 19.5 0.00449268
15 20 0.000664316
15 20.5 0

15.5 0 0
15.5 0.5 0.000352458
15.5 1 0.00259508
15.5 1.5 0.00265673
15.5 2 0.00210063
15.5 2.5 0.00174906
15.5 3 0.0010078
15.5 3.5 -0.00134878
15.5 4 -0.00119918
15.5 4.5 -0.00292805
15.5 5 -0.00335376
15.5 5.5 -0.00390546
15.5 6 -0.0046973
15.5 6.5 -0.00517888
15.5 7 -0.0065782
15.5 7.5 -0.00569547
15.5 8 -0.00693004
15.5 8.5 -0.00538932
15.5 9 -0.00434735
15.5 9.5 -0.00469261
15.5 10 -0.005524
15.5 10.5 -0.0056212
15.5 11 -0.00752233
15.5 11.5 -0.00704068
15.5 12 -0.00695124
15.5 12.5 -0.00584031
15.5 13 -0.00591321
15.5 13.5 -0.00543437
15.5 14 -0.00552492
15.5 14.5 -0.00380716
15.5 15 -0.0033509
15.5 15.5 -0.00235441
15.5 16 -0.00231411
15.5 16.5 -0.00249396
15.5 17 -0.000912874
15.5 17.5 -0.00142305
15.5 18 0.000133997
15.5 18.5 0.00180151
15.5 19 0.00308034
15.5 19.5 0.00360598
15.5 20 0.000533353
15.5 20.5 0

16 0 0
16 0.5 0.000307162
16 1 0.00187612
16 1.5 0.00158753
16 2 0.000602306
16 2.5 0.000660479
16 3 0.000311629
16 3.5 -0.000794871
16 4 -0.00114558
16 4.5 -0.00276391
16 5 -0.00308106
16 5.5 -0.0033316
16 6 -0.00354433
16 6.5 -0.00454312
16 7 -0.00553805
16 7.5 -0.00520135
16 8 -0.00658001
16 8.5 -0.00590671
16 9 -0.00444295
16 9.5 -0.00415295
16 10 -0.00358899
16 10.5 -0.00546667
16 11 -0.00619263
16 11.5 -0.00699874
16 12 -0.00660482
16 12.5 -0.00559862
16 13 -0.00553367
16 13.5 -0.00431023
16 14 -0.00421623
16 14.5 -0.00333756
16 15 -0.00303612
16 15.5 -0.002669
16 16 -0.00165034
16 16.5 -0.00217618
16 17 -0.000740354
16 17.5 -0.00151813
16 18 -0.000489276
16 18.5 0.000557079
16 19 0.00150926
16 19.5 0.0028634
16 20 0.000514714
16 20.5 0

16.5 0 0
16.5 0.5 0.000226801
16.5 1 0.00155853
16.5 1.5 0.00115861
16.5 2 0.000697184
16.5 2.5 0.00116546
16.5 3 0.00105169
16.5 3.5 0.000521591
16.5 4 9.46946e-05
16.5 4.5 -0.00102863
16.5 5 -0.00170416
16.5 5.5 -0.000829842
16.5 6 -0.00261367
16.5 6.5 -0.00335695
16.5 7 -0.00613831
16.5 7.5 -0.00467254
16.5 8 -0.00620986
16.5 8.5 -0.00472357
16.5 9 -0.00267366
16.5 9.5 -0.00314972
16.5 10 -0.00187123
16.5 10.5 -0.00321854
16.5 11 -0.0045714
16.5 11.5 -0.00544323
16.5 12 -0.00492748
16.5 12.5 -0.0040786
16.5 13 -0.00482714
16.5 13.5 -0.00320908
16.5 14 -0.00488343
16.5 14.5 -0.00239196
16.5 15 -0.00211576
16.5 15.5 -0.00138888
16.5 16 -0.000591398
16.5 16.5 8.09048e-05
16.5 17 0.00115871
16.5 17.5 0.000112247
16.5 18 0.000639723
16.5 18.5 0.000924427
16.5 19 0.00149165
16.5 19.5 0.00192402
16.5 20 0.000331959
16.5 20.5 0

17 0 0
17 0.5 0.000199106
17 1 0.00154114
17 1.5 0.00188798
17 2 0.00070734
17 2.5 0.00160928
17 3 0.000469054
17 3.5 0.000217304
17 4 -0.000626426
17 4.5 -0.00171836
17 5 -0.00256642
17 5.5 -0.00165494
17 6 -0.00235493
17 6.5 -0.00236989
17 7 -0.00338041
17 7.5 -0.00378788
17 8 -0.0041715
17 8.5 -0.00504013
17 9 -0.00344832
17 9.5 -0.0030567
17 10 -0.00282565
17 10.5 -0.00286187
17 11 -0.00387426
17 11.5 -0.00405711
17 12 -0.00317644
17 12.5 -0.00312862
17 13 -0.00257088
17 13.5 -0.00245031
17 14 -0.00302183
17 14.5 -0.00287616
17 15 -0.00352358
17 15.5 -0.00255636
17 16 -0.00106564
17 16.5 -0.000613528
17 17 -0.000239206
17 17.5 0.000362368
17 18 0.000270365
17 18.5 0.00157275
17 19 0.00160512
17 19.5 0.00193401
17 20 0.000270436
17 20.5 0

17.5 0 0
17.5 0.5 0.000271593
17.5 1 0.002009
17.5 1.5 0.00203483
17.5 2 -0.000323185
17.5 2.5 0.00171798
17.5 3 0.000201322
17.5 3.5 -0.00012639
17.5 4 -0.000200601
17.5 4.5 -0.000665655
17.5 5 -0.00175044
17.5 5.5 -0.0015605
17.5 6 -0.00249148
17.5 6.5 -0.00136807
17.5 7 -0.00546415
17.5 7.5 -0.00256855
17.5 8 -0.00519993
17.5 8.5 -0.0043719
17.5 9 -0.00423385
17.5 9.5 -0.00585474
17.5 10 -0.00437036
17.5 10.5 -0.00497072
17.5 11 -0.0054906
17.5 11.5 -0.00354787
17.5 12 -0.00332388
17.5 12.5 -0.00188866
17.5 13 -0.00260549
17.5 13.5 -0.000727416
17.5 14 -0.00477799
17.5 14.5 -0.00246378
17.5 15 -0.00354464
17.5 15.5 -0.00227801
17.5 16 -0.00136166
17.5 16.5 -0.00017549
17.5 17 0.000632409
17.5 17.5 0.000701064
17.5 18 0.000401702
17.5 18.5 0.00167325
17.5 19 0.00120905
17.5 19.5 0.00207927
17.5 20 0.000383906
17.5 20.5 0

18 0 0
18 0.5 0.000335849
18 1 0.00203838
18 1.5 0.00139283
18 2 0.000482529
18 2.5 0.00106131
18 3 0.000903404
18 3.5 0.00044375
18 4 -0.00117623
18 4.5 -0.00171377
18 5 -0.00282472
18 5.5 -0.00169309
18 6 -0.00225139
18 6.5 -0.0023514
18 7 -0.00171687
18 7.5 -0.00299714
18 8 -0.00177089
18 8.5 -0.00360102
18 9 -0.0046244
18 9.5 -0.00590748
18 10 -0.00686531
18 10.5 -0.00468138
18 11 -0.00508852
18 11.5 -0.00332967
18 12 -0.00192595
18 12.5 -0.00143217
18 13 0.000314479
18 13.5 -0.00192396
18 14 -0.00189652
18 14.5 -0.00323445
18 15 -0.00359305
18 15.5 -0.00230516
18 16 -0.00190122
18 16.5 -0.000567787
18 17 -0.000826642
18 17.5 6.0392e-05
18 18 -0.000343546
18 18.5 0.00107963
18 19 0.00213465
18 19.5 0.00229052
18 20 0.00027095
18 20.5 0

18.5 0 0
18.5 0.5 0.000220247
18.5 1 0.00157932
18.5 1.5 0.00122927
18.5 2 -0.00084583
18.5 2.5 0.00100799
18.5 3 -0.00103289
18.5 3.5 0.000505123
18.5 4 0.00102849
18.5 4.5 -0.00045922
18.5 5 -0.000388884
18.5 5.5 -0.00178118
18.5 6 -0.00177657
18.5 6.5 -0.000889307
18.5 7 -0.0036927
18.5 7.5 -0.0021312
18.5 8 -0.00191345
18.5 8.5 -0.00304505
18.5 9 -0.00348017
18.5 9.5 -0.00608889
18.5 10 -0.00488494
18.5 10.5 -0.00574964
18.5 11 -0.00435281
18.5 11.5 -0.00354533
18.5 12 -0.00215924
18.5 12.5 -0.000813008
18.5 13 -0.000810451
18.5 13.5 -0.000343305
18.5 14 -0.00315456
18.5 14.5 -0.0022033
18.5 15 -0.00243197
18.5 15.5 -0.00153833
18.5 16 0.000655362
18.5 16.5 -1.30221e-05
18.5 17 0.000173704
18.5 17.5 0.000372853
18.5 18 -0.000471536
18.5 18.5 0.00102319
18.5 19 0.00109341
18.5 19.5 0.00157353
18.5 20 0.000315712
18.5 20.5 0

19 0 0
19 0.5 8.7445e-05
19 1 0.000931648
19 1.5 0.00141168
19 2 1.65399e-05
19 2.5 0.00097039
19 3 0.0017344
19 3.5 0.000275982
19 4 2.67804e-05
19 4.5 -0.00263616
19 5 -0.0030639
19 5.5 -0.00243621
19 6 -0.00240062
19 6.5 -0.00216983
19 7 -0.00201154
19 7.5 -0.00102244
19 8 -0.00134945
19 8.5 -0.00203317
19 9 -0.00423921
19 9.5 -0.00435437
19 10 -0.00716452
19 10.5 -0.00524097
19 11 -0.00553941
19 11.5 -0.00333219
19 12 -0.00319947
19 12.5 -0.000675978
19 13 -0.000815604
19 13.5 -0.00107939
19 14 -0.0019547
19 14.5 -0.00277615
19 15 -0.00250127
19 15.5 -0.00164225
19 16 -0.000640241
19 16.5 -0.000655614
19 17 0.000542392
19 17.5 6.31847e-05
19 18 0.000262624
19 18.5 0.000543502
19 19 0.000991697
19 19.5 0.00141674
19 20 0.000196553
19 20.5 0

19.5 0 0
19.5 0.5 0.000127575
19.5 1 0.000961318
19.5 1.5 0.00125422
19.5 2 2.94801e-05
19.5 2.5 0.00133476
19.5 3 0.000803869
19.5 3.5 0.000497823
19.5 4 0.0017432
19.5 4.5 -0.000264286
19.5 5 -3.18485e-05
19.5 5.5 -0.00173793
19.5 6 -0.0021162
19.5 6.5 -0.000131929
19.5 7 -0.00276222
19.5 7.5 -0.000709983
19.5 8 3.68212e-06
19.5 8.5 -0.0015988
19.5 9 -0.00272661
19.5 9.5 -0.00576384
19.5 10 -0.00662629
19.5 10.5 -0.00567091
19.5 11 -0.00585015
19.5 11.5 -0.003989
19.5 12 -0.00276066
19.5 12.5 -0.000641278
19.5 13 -0.000281658
19.5 13.5 -0.000922446
19.5 14 -0.0028198
19.5 14.5 -3.64768e-05
19.5 15 -0.00086183
19.5 15.5 0.000496851
19.5 16 0.00281138
19.5 16.5 0.00075876
19.5 17 0.00159812
19.5 17.5 0.00065171
19.5 18 0.000241436
19.5 18.5 0.000657124
19.5 19 0.000615156
19.5 19.5 0.00133972
19.5 20 0.000218655
19.5 20.5 0

20 0 0
20 0.5 0.000256203
20 1 0.0019078
20 1.5 0.00103951
20 2 -2.96631e-05
20 2.5 0.0009798
20 3 0.000802314
20 3.5 0.00123878
20 4 -0.000862658
20 4.5 -0.00128592
20 5 -0.00314937
20 5.5 -0.00220758
20 6 -0.002374
20 6.5 -0.000636048
20 7 -0.00189651
20 7.5 -0.0010227
20 8 -0.0013187
20 8.5 -0.00264045
20 9 -0.00371292
20 9.5 -0.00599174
20 10 -0.00530558
20 10.5 -0.00591626
20 11 -0.00547822
20 11.5 -0.00412539
20 12 -0.00426657
20 12.5 -0.00186013
20 13 -0.00159663
20 13.5 -0.00158237
20 14 -0.0028511
20 14.5 -0.00175983
20 15 -0.00142708
20 15.5 0.000609357
20 16 0.000443956
20 16.5 0.000741546
20 17 0.000994483
20 17.5 0.00156189
20 18 -0.000771161
20 18.5 0.00041796
20 19 0.000635134
20 19.5 0.00123762
20 20 0.000246549
20 20.5 0

20.5 0 0
20.5 0.5 0.000200924
20.5 1 0.00145199
20.5 1.5 0.0012766
20.5 2 0.00040902
20.5 2.5 -0.000215163
20.5 3 0.000487046
20.5 3.5 0.000347041
20.5 4 0.000485961
20.5 4.5 -0.000648655
20.5 5 -0.00135955
20.5 5.5 -0.00161945
20.5 6 -0.00231606
20.5 6.5 0.000466589
20.5 7 -0.00224468
20.5 7.5 -0.000355935
20.5 8 -0.00123364
20.5 8.5 -0.00205736
20.5 9 -0.00409839
20.5 9.5 -0.00480873
20.5 10 -0.00632728
20.5 10.5 -0.00401745
20.5 11 -0.00600592
20.5 11.5 -0.00375679
20.5 12 -0.00345231
20.5 12.5 -0.00128753
20.5 13 -0.00189189
20.5 13.5 -0.000830767
20.5 14 -0.00283373
20.5 14.5 0.0001888
20.5 15 -0.00153384
20.5 15.5 -0.000482312
20.5 16 0.0020839
20.5 16.5 0.00126335
20.5 17 0.00136685
20.5 17.5 0.000870343
20.5 18 0.000910749
20.5 18.5 0.000469331
20.5 19 0.00042488
20.5 19.5 0.000588543
20.5 20 7.60375e-05
20.5 20.5 0

21 0 0
21 0.5 0.00023349
21 1 0.00148829
21 1.5 0.000362024
21 2 -0.00140806
21 2.5 -0.000483441
21 3 -0.00011387
21 3.5 0.000103408
21 4 -0.000479235
21 4.5 -0.00101378
21 5 -0.00224028
21 5.5 -5.7092e-05
21 6 -0.000223665
21 6.5 0.00132574
21 7 -0.000420018
21 7.5 0.00116868
21 8 -0.000171875
21 8.5 -0.00141537
21 9 -0.00247913
21 9.5 -0.00349125
21 10 -0.00373323
21 10.5 -0.00344544
21 11 -0.00277667
21 11.5 -0.00259541
21 12 -0.00212854
21 12.5 0.00063109
21 13 -0.000526933
21 13.5 0.000968233
21 14 -0.000442703
21 14.5 -0.00015656
21 15 -0.00139485
21 15.5 -9.6615e-05
21 16 -0.000432871
21 16.5 0.000590217
21 17 0.000944314
21 17.5 0.00076972
21 18 0.000338808
21 18.5 -0.00019784
21 19 -0.000276137
21 19.5 -0.000237093
21 20 -5.65522e-06
21 20.5 0

21.5 0 0
21.5 0.5 0.000230339
21.5 1 0.00103657
21.5 1.5 -0.000389595
21.5 2 -0.000385062
21.5 2.5 -0.00147853
21.5 3 -0.00120076
21.5 3.5 -0.000425009
21.5 4 0.000558146
21.5 4.5 -0.000150336
21.5 5 0.000737363
21.5 5.5 0.00023158
21.5 6 0.0005096
21.5 6.5 0.00131294
21.5 7 0.0012267
21.5 7.5 0.00143196
21.5 8 0.0014582
21.5 8.5 -0.000657111
21.5 9 -0.00119369
21.5 9.5 -0.00242959
21.5 10 -0.00134043
21.5 10.5 -0.000614956
21.5 11 -0.00107188
21.5 11.5 -0.00121222
21.5 12 -0.000262731
21.5 12.5 0.00110182
21.5 13 0.00117475
21.5 13.5 0.00107329
21.5 14 0.000669258
21.5 14.5 0.000562436
21.5 15 0.000262366
21.5 15.5 -0.000422595
21.5 16 0.00137641
21.5 16.5 0.000201765
21.5 17 0.000971126
21.5 17.5 0.000968003
21.5 18 0.00062745
21.5 18.5 8.91127e-06
21.5 19 0.00018534
21.5 19.5 -0.000971249
21.5 20 -0.00016586
21.5 20.5 0

22 0 0
22 0.5 0.000100976
22 1 0.000704124
22 1.5 0.00017651
22 2 -0.000603237
22 2.5 -6.58261e-05
22 3 -0.000921298
22 3.5 0.000161458
22 4 0.000153254
22 4.5 -0.000831198
22 5 -0.000300074
22 5.5 -0.000207813
22 6 0.000156334
22 6.5 0.000860576
22 7 0.000871619
22 7.5 0.00117274
22 8 0.000403222
22 8.5 -0.000748399
22 9 -0.00165232
22 9.5 -0.0020998
22 10 -0.0023077
22 10.5 0.000406162
22 11 -0.000296455
22 11.5 -0.00012846
22 12 0.000201247
22 12.5 0.00135951
22 13 0.0009604
22 13.5 0.00117429
22 14 0.000940295
22 14.5 -0.000657692
22 15 -0.000298503
22 15.5 -0.00085357
22 16 -0.000708688
22 16.5 0.000319223
22 17 3.51399e-05
22 17.5 0.00115118
22 18 0.000365264
22 18.5 0.000681814
22 19 0.000163356
22 19.5 -0.000690526
22 20 -0.00012296
22 20.5 0

22.5 0 0
22.5 0.5 0.000113447
22.5 1 0.000404909
22.5 1.5 6.90336e-05
22.5 2 -0.000861801
22.5 2.5 9.19092e-05
22.5 3 -0.000901191
22.5 3.5 -0.0010624
22.5 4 0.000617069
22.5 4.5 -0.00203737
22.5 5 -0.000465114
22.5 5.5 -0.000385975
22.5 6 -0.00124868
22.5 6.5 -0.000248315
22.5 7 -0.00182191
22.5 7.5 -0.000171346
22.5 8 -0.00121272
22.5 8.5 -0.00221553
22.5 9 -0.00227013
22.5 9.5 -0.00376266
22.5 10 -0.00145919
22.5 10.5 -0.0013021
22.5 11 -0.000718623
22.5 11.5 -0.0016458
22.5 12 -0.00152181
22.5 12.5 -0.000280018
22.5 13 -0.000112238
22.5 13.5 0.000973205
22.5 14 -0.00121353
22.5 14.5 2.89562e-06
22.5 15 -0.00151731
22.5 15.5 -0.00194545
22.5 16 -0.0006242
22.5 16.5 -0.00244021
22.5 17 -0.000234502
22.5 17.5 6.50146e-05
22.5 18 -0.00012368
22.5 18.5 0.000913112
22.5 19 -0.000258827
22.5 19.5 -0.00010781
22.5 20 5.8014e-05
22.5 20.5 0

23 0 0
23 0.5 -0.000100071
23 1 -0.000459126
23 1.5 0.000219958
23 2 -0.000138837
23 2.5 0.0017581
23 3 0.00059205
23 3.5 1.03478e-05
23 4 0.00110139
23 4.5 -0.00193931
23 5 -0.00156584
23 5.5 -0.0018391
23 6 -0.00172273
23 6.5 -0.00210891
23 7 -0.000218718
23 7.5 -0.00212029
23 8 -0.00208714
23 8.5 -0.00272703
23 9 -0.00371079
23 9.5 -0.00315504
23 10 -0.00308549
23 10.5 -0.00169401
23 11 -0.00268541
23 11.5 -0.00281686
23 12 -0.0019985
23 12.5 -0.00179364
23 13 -0.00126748
23 13.5 -0.000977605
23 14 0.00054167
23 14.5 -0.00147442
23 15 -0.000718885
23 15.5 -0.00177902
23 16 -0.00131824
23 16.5 -0.00202825
23 17 0.000176176
23 17.5 0.000553452
23 18 0.000760628
23 18.5 0.0018854
23 19 -1.99642e-05
23 19.5 -8.87267e-05
23 20 5.53851e-09
23 20.5 0

23.5 0 0
23.5 0.5 -0.00010456
23.5 1 -0.00130156
23.5 1.5 -0.00147631
23.5 2 0.000904749
23.5 2.5 0.000826423
23.5 3 0.00182545
23.5 3.5 0.000975657
23.5 4 0.00120051
23.5 4.5 -0.000728778
23.5 5 0.000161175
23.5 5.5 -0.00106863
23.5 6 -3.82933e-05
23.5 6.5 -0.00147862
23.5 7 -0.00116092
23.5 7.5 -0.000535851
23.5 8 -0.00195242
23.5 8.5 -0.0013059
23.5 9 -0.00230106
23.5 9.5 -0.00155818
23.5 10 -0.000393656
23.5 10.5 -5.51822e-05
23.5 11 -0.00124225
23.5 11.5 -0.00184563
23.5 12 -0.00241213
23.5 12.5 -0.000934459
23.5 13 -0.00134782
23.5 13.5 0.0004557
23.5 14 0.000121642
23.5 14.5 0.00017052
23.5 15 0.0011199
23.5 15.5 -0.0008613
23.5 16 6.48012e-05
23.5 16.5 -0.00159566
23.5 17 0.000438672
23.5 17.5 -0.000126225
23.5 18 0.00168398
23.5 18.5 -5.83058e-05
23.5 19 -0.000159817
23.5 19.5 -0.000457043
23.5 20 -8.35605e-05
23.5 20.5 0

24 0 0
24 0.5 -0.000375201
24 1 -0.00207279
24 1.5 -0.000639778
24 2 -0.000213871
24 2.5 0.000702711
24 3 0.000460499
24 3.5 0.00160025
24 4 0.00108778
24 4.5 5.62195e-05
24 5 0.000116488
24 5.5 6.928e-05
24 6 0.00100717
24 6.5 0.00040251
24 7 0.00140709
24 7.5 0.000936269
24 8 0.000549113
24 8.5 0.000346233
24 9 0.000985376
24 9.5 0.000370689
24 10 0.00047003
24 10.5 0.000443922
24 11 0.000520183
24 11.5 -0.000311587
24 12 0.000967989
24 12.5 0.000813535
24 13 0.000784829
24 13.5 0.00198575
24 14 0.0024294
24 14.5 0.00119145
24 15 0.00142166
24 15.5 0.000686232
24 16 0.000145925
24 16.5 -0.000623673
24 17 0.000324563
24 17.5 0.000481121
24 18 -0.000145915
24 18.5 -7.80507e-05
24 19 -0.000700322
24 19.5 -0.00117128
24 20 -0.000162712
24 20.5 0

24.5 0 0
24.5 0.5 -0.000207845
24.5 1 -0.0016842
24.5 1.5 -0.00122284
24.5 2 0.000522242
24.5 2.5 -0.000171261
24.5 3 0.00119578
24.5 3.5 -0.000548655
24.5 4 0.00113018
24.5 4.5 0.000685821
24.5 5 0.00141013
24.5 5.5 0.00130508
24.5 6 0.00182652
24.5 6.5 0.00106368
24.5 7 0.000531838
24.5 7.5 0.00186782
24.5 8 0.00121165
24.5 8.5 0.0027224
24.5 9 0.00254281
24.5 9.5 0.00271829
24.5 10 0.00303148
24.5 10.5 0.00336524
24.5 11 0.00214747
24.5 11.5 0.00216569
24.5 12 0.00180837
24.5 12.5 0.00177335
24.5 13 0.00126141
24.5 13.5 0.0019234
24.5 14 0.00139172
24.5 14.5 0.00238047
24.5 15 0.00219661
24.5 15.5 0.00167365
24.5 16 0.00142241
24.5 16.5 -0.00104276
24.5 17 0.000717749
24.5 17.5 -0.000876229
24.5 18 0.000388616
24.5 18.5 -0.000285838
24.5 19 -0.000527251
24.5 19.5 -0.00103111
24.5 20 -0.000208207
24.5 20.5 0

25 0 0
25 0.5 -6.64295e-06
25 1 -9.48736e-05
25 1.5 -6.97954e-05
25 2 1.70645e-05
25 2.5 -0.00166487
25 3 -0.00116413
25 3.5 0.000208211
25 4 -0.000290735
25 4.5 0.000664445
25 5 0.000933339
25 5.5 0.00184123
25 6 0.00167713
25 6.5 0.000984106
25 7 0.001571
25 7.5 0.00111143
25 8 0.00189898
25 8.5 0.00104125
25 9 0.00318753
25 9.5 0.00141084
25 10 0.00288759
25 10.5 0.00119058
25 11 0.00302182
25 11.5 0.00117237
25 12 0.00237627
25 12.5 0.000982974
25 13 0.00110365
25 13.5 0.000668061
25 14 0.00150795
25 14.5 0.00150702
25 15 0.00152275
25 15.5 0.00171001
25 16 0.000754673
25 16.5 0.000600914
25 17 0.000310237
25 17.5 -0.000441744
25 18 -0.000949581
25 18.5 -0.0012013
25 19 -0.000409748
25 19.5 -4.63922e-05
25 20 -1.57596e-05
25 20.5 0

25.5 0 0
25.5 0.5 0.000208806
25.5 1 0.00137686
25.5 1.5 0.000637188
25.5 2 -0.000200357
25.5 2.5 -0.00127282
25.5 3 -0.00177702
25.5 3.5 -0.00152225
25.5 4 -0.000868077
25.5 4.5 0.000550946
25.5 5 0.000884562
25.5 5.5 0.00129963
25.5 6 0.00102232
25.5 6.5 0.00104998
25.5 7 0.000553688
25.5 7.5 0.000191601
25.5 8 0.000477632
25.5 8.5 0.000944451
25.5 9 0.00165144
25.5 9.5 0.00154153
25.5 10 0.00116486
25.5 10.5 0.00108091
25.5 11 0.00131524
25.5 11.5 0.00163886
25.5 12 0.00170907
25.5 12.5 0.000606376
25.5 13 6.31876e-06
25.5 13.5 -0.000421117
25.5 14 -0.000132675
25.5 14.5 0.000645624
25.5 15 0.000479883
25.5 15.5 0.00103421
25.5 16 0.0005087
25.5 16.5 0.000416217
25.5 17 -0.000433477
25.5 17.5 -0.000893894
25.5 18 -0.000987529
25.5 18.5 -0.000863575
25.5 19 0.000184448
25.5 19.5 0.000894961
25.5 20 0.000135359
25.5 20.5 0

26 0 0
26 0.5 0
26 1 0.000208806
26 1.5 8.71913e-05
26 2 -8.11428e-05
26 2.5 -7.81828e-05
26 3 -0.000237845
26 3.5 -0.000296207
26 4 -6.11002e-05
26 4.5 8.23101e-05
26 5 0.000185173
26 5.5 0.00015166
26 6 0.00015536
26 6.5 0.000200321
26 7 8.17819e-05
26 7.5 5.03816e-05
26 8 5.88762e-05
26 8.5 0.000286397
26 9 0.000215391
26 9.5 0.000403874
26 10 0.000160559
26 10.5 0.000309195
26 11 0.000149363
26 11.5 0.000406511
26 12 0.000244302
26 12.5 0.000202632
26 13 3.1031e-05
26 13.5 -3.88088e-05
26 14 -4.44955e-05
26 14.5 6.98991e-05
26 15 9.97705e-05
26 15.5 7.92029e-05
26 16 0.000111497
26 16.5 7.53865e-05
26 17 -7.47389e-05
26 17.5 -0.000132917
26 18 -0.000148944
26 18.5 -8.51149e-05
26 19 2.92641e-05
26 19.5 0.000135359
26 20 0
26 20.5 0

26.5 0 0
26.5 0.5 0
26.5 1 0
26.5 1.5 0
26.5 2 0
26.5 2.5 0
26.5 3 0
26.5 3.5 0
26.5 4 0
26.5 4.5 0
26.5 5 0
26.5 5.5 0
26.5 6 0
26.5 6.5 0
26.5 7 0
26.5 7.5 0
26.5 8 0
26.5 8.5 0
26.5 9 0
26.5 9.5 0
26.5 10 0
26.5 10.5 0
26.5 11 0
26.5 11.5 0
26.5 12 0
26.5 12.5 0
26.5 13 0
26.5 13.5 0
26.5 14 0
26.5 14.5 0
26.5 15 0
26.5 15.5 0
26.5 16 0
26.5 16.5 0
26.5 17 0
26.5 17.5 0
26.5 18 0
26.5 18.5 0
26.5 19 0
26.5 19.5 0
26.5 20 0
26.5 20.5 0

