0 0 0
0 0.5 0
0 1 0
0 1.5 0
0 2 0
0 2.5 0
0 3 0
0 3.5 0
0 4 0
0 4.5 0
0 5 0
0 5.5 0
0 6 0
0 6.5 0
0 7 0
0 7.5 0
0 8 0
0 8.5 0
0 9 0
0 9.5 0
0 10 0
0 10.5 0
0 11 0
0 11.5 0
0 12 0
0 12.5 0
0 13 0
0 13.5 0
0 14 0
0 14.5 0
0 15 0
0 15.5 0
0 16 0
0 16.5 0
0 17 0
0 17.5 0
0 18 0
0 18.5 0
0 19 0
0 19.5 0
0 20 0
0 20.5 0

0.5 0 0
0.5 0.5 0
0.5 1 2.06249e-05
0.5 1.5 5.34618e-05
0.5 2 0.000230602
0.5 2.5 0.000285785
0.5 3 -3.25167e-05
0.5 3.5 -0.000352827
0.5 4 -0.00037385
0.5 4.5 -0.000470903
0.5 5 -0.000487727
0.5 5.5 -0.000432891
0.5 6 -4.47622e-05
0.5 6.5 4.64465e-05
0.5 7 -2.69366e-05
0.5 7.5 -0.000419831
0.5 8 -0.000191635
0.5 8.5 -4.41093e-05
0.5 9 0.000405802
0.5 9.5 0.000396829
0.5 10 0.000476755
0.5 10.5 0.000187846
0.5 11 -0.000194012
0.5 11.5 -0.000352541
0.5 12 -0.000169002
0.5 12.5 -0.000332516
0.5 13 -0.000168588
0.5 13.5 -0.000114821
0.5 14 -0.000204835
0.5 14.5 -0.00030444
0.5 15 -0.000184287
0.5 15.5 -0.000314063
0.5 16 2.48254e-05
0.5 16.5 4.98894e-05
0.5 17 0.000201063
0.5 17.5 0.000123493
0.5 18 -2.41315e-05
0.5 18.5 -2.5146e-05
0.5 19 -2.51938e-05
0.5 19.5 2.01782e-05
0.5 20 0
0.5 20.5 0

1 0 0
1 0.5 2.06249e-05
1 1 -1.84942e-07
1 1.5 0.000739286
1 2 0.00147572
1 2.5 0.00121337
1 3 0.000107175
1 3.5 -0.00162122
1 4 -0.00238537
1 4.5 -0.00279884
1 5 -0.00307118
1 5.5 -0.00235432
1 6 -0.00032778
1 6.5 0.000198549
1 7 3.60369e-05
1 7.5 -0.00135361
1 8 -0.000882142
1 8.5 0.000435358
1 9 0.0025617
1 9.5 0.00361566
1 10 0.00272229
1 10.5 0.00108045
1 11 -0.000935093
1 11.5 -0.00135976
1 12 -0.00117493
1 12.5 -0.00106507
1 13 -0.000588791
1 13.5 -0.000687274
1 14 -0.000618414
1 14.5 -0.00162385
1 15 -0.00186306
1 15.5 -0.00160609
1 16 -0.000240113
1 16.5 0.0011095
1 17 0.00172479
1 17.5 0.000720148
1 18 -0.000117188
1 18.5 -0.000635949
1 19 -0.000129012
1 19.5 0.000349142
1 20 2.01782e-05
1 20.5 0

1.5 0 0
1.5 0.5 -0.000268094
1.5 1 -0.00130906
1.5 1.5 0.00107958
1.5 2 0.000997104
1.5 2.5 0.000425782
1.5 3 0.000687299
1.5 3.5 0.00132839
1.5 4 -2.42093e-05
1.5 4.5 -0.000496572
1.5 5 -0.000317553
1.5 5.5 -0.000161279
1.5 6 -0.000693491
1.5 6.5 3.78305e-05
1.5 7 -0.000533281
1.5 7.5 0.000278158
1.5 8 -0.0016661
1.5 8.5 6.42865e-05
1.5 9 0.000145452
1.5 9.5 0.00222893
1.5 10 -0.000166066
1.5 10.5 -0.00137596
1.5 11 -0.00123048
1.5 11.5 -0.000543505
1.5 12 -0.00187467
1.5 12.5 0.000585003
1.5 13 0.00023206
1.5 13.5 -0.000456782
1.5 14 -0.00041308
1.5 14.5 -0.00020804
1.5 15 -0.00163638
1.5 15.5 -8.95315e-05
1.5 16 0.000454126
1.5 16.5 0.00265633
1.5 17 0.00273129
1.5 17.5 0.0018332
1.5 18 -5.88521e-05
1.5 18.5 -0.00112068
1.5 19 -0.000764209
1.5 19.5 2.33659e-05
1.5 20 -1.37727e-05
1.5 20.5 0

2 0 0
2 0.5 -0.000163375
2 1 -0.00171256
2 1.5 -0.0020316
2 2 0.000338251
2 2.5 0.000948743
2 3 0.00161281
2 3.5 0.0013963
2 4 0.00310363
2 4.5 0.00070548
2 5 0.00219167
2 5.5 -0.000147716
2 6 -0.000485591
2 6.5 -0.000847533
2 7 -0.00190239
2 7.5 -0.00151387
2 8 -0.00266203
2 8.5 -0.00361636
2 9 -0.000313158
2 9.5 -0.00272243
2 10 -0.000426328
2 10.5 -0.0016276
2 11 -0.000595855
2 11.5 -0.00308108
2 12 -0.00130153
2 12.5 -0.00103495
2 13 -0.00144598
2 13.5 -0.000495714
2 14 -0.000497343
2 14.5 9.30604e-05
2 15 0.00074444
2 15.5 -0.000545512
2 16 0.00145947
2 16.5 0.00141506
2 17 0.0029007
2 17.5 0.000862992
2 18 0.000121196
2 18.5 -0.0016898
2 19 -0.0013776
2 19.5 -0.000593917
2 20 -1.47587e-05
2 20.5 0

2.5 0 0
2.5 0.5 -0.000335462
2.5 1 -0.00227879
2.5 1.5 -0.00119119
2.5 2 0.00104836
2.5 2.5 0.000446309
2.5 3 0.00124062
2.5 3.5 0.00255543
2.5 4 0.00268819
2.5 4.5 0.00468388
2.5 5 0.00293296
2.5 5.5 0.0014783
2.5 6 8.58876e-05
2.5 6.5 -0.00086516
2.5 7 0.000262591
2.5 7.5 -0.000438047
2.5 8 -0.0012095
2.5 8.5 -0.000547817
2.5 9 -0.00124091
2.5 9.5 -3.32203e-05
2.5 10 -0.000962816
2.5 10.5 -0.000440278
2.5 11 0.000772566
2.5 11.5 0.00161839
2.5 12 0.00101789
2.5 12.5 0.000968771
2.5 13 -0.000103551
2.5 13.5 0.00069154
2.5 14 0.00206353
2.5 14.5 -4.02449e-05
2.5 15 0.000610505
2.5 15.5 0.00229996
2.5 16 0.000883866
2.5 16.5 0.00351024
2.5 17 0.00145536
2.5 17.5 0.00135297
2.5 18 0.000652725
2.5 18.5 -0.00274105
2.5 19 -0.00105947
2.5 19.5 -0.000117176
2.5 20 9.52966e-06
2.5 20.5 0

3 0 0
3 0.5 -0.000130788
3 1 -0.00116988
3 1.5 -0.000782713
3 2 -0.00113626
3 2.5 0.000123407
3 3 -0.0018917
3 3.5 0.00143823
3 4 0.00173406
3 4.5 0.0032534
3 5 0.00220615
3 5.5 0.00135979
3 6 -0.00245528
3 6.5 6.15882e-05
3 7 -0.000400379
3 7.5 0.00127563
3 8 0.000451939
3 8.5 0.00074638
3 9 -0.000378695
3 9.5 0.00106703
3 10 0.00213952
3 10.5 0.00130498
3 11 0.0035287
3 11.5 0.00359857
3 12 0.00322933
3 12.5 0.00313353
3 13 0.00112484
3 13.5 0.000690339
3 14 -0.000208118
3 14.5 0.00119794
3 15 -0.000815637
3 15.5 -0.000122645
3 16 -0.00122268
3 16.5 0.000227628
3 17 -0.00166246
3 17.5 0.000870754
3 18 -0.00197874
3 18.5 -0.00145312
3 19 -0.000704143
3 19.5 0.000514903
3 20 0.000162024
3 20.5 0

3.5 0 0
3.5 0.5 0.000175523
3.5 1 0.000938406
3.5 1.5 -5.23139e-06
3.5 2 -0.000844434
3.5 2.5 -0.00124836
3.5 3 -0.00244096
3.5 3.5 -0.00119177
3.5 4 0.00149324
3.5 4.5 0.00187956
3.5 5 0.00143301
3.5 5.5 0.00319817
3.5 6 0.000757822
3.5 6.5 0.00150019
3.5 7 0.00352479
3.5 7.5 0.00293115
3.5 8 0.00265187
3.5 8.5 0.000581694
3.5 9 0.000660716
3.5 9.5 -0.00150581
3.5 10 -0.00207239
3.5 10.5 0.000774375
3.5 11 0.00285952
3.5 11.5 0.00299541
3.5 12 0.00437011
3.5 12.5 0.00316778
3.5 13 0.00336042
3.5 13.5 0.00366918
3.5 14 0.00324436
3.5 14.5 0.00301346
3.5 15 0.000525989
3.5 15.5 0.00093445
3.5 16 -0.00148492
3.5 16.5 -0.00367467
3.5 17 -0.00221324
3.5 17.5 -0.00146372
3.5 18 -0.00144091
3.5 18.5 5.76677e-05
3.5 19 0.00059132
3.5 19.5 0.00159338
3.5 20 0.000269083
3.5 20.5 0

4 0 0
4 0.5 0.000373793
4 1 0.00296542
4 1.5 0.00209309
4 2 0.000726248
4 2.5 -0.00193355
4 3 -0.00416704
4 3.5 -0.00354454
4 4 -0.00271554
4 4.5 0.00013017
4 5 0.000666097
4 5.5 0.0005363
4 6 -0.000346407
4 6.5 0.00171479
4 7 0.00304798
4 7.5 0.00603792
4 8 0.00420341
4 8.5 0.00189806
4 9 -0.00143355
4 9.5 -0.00167043
4 10 -0.00309104
4 10.5 -0.000522878
4 11 0.000266714
4 11.5 0.00300685
4 12 0.00297794
4 12.5 0.0033166
4 13 0.00331988
4 13.5 0.00504316
4 14 0.00267246
4 14.5 0.00275394
4 15 0.000504098
4 15.5 -0.000881008
4 16 -0.00382839
4 16.5 -0.00460876
4 17 -0.00499623
4 17.5 -0.00356639
4 18 -0.00142414
4 18.5 0.00154711
4 19 0.00268438
4 19.5 0.00233171
4 20 0.000271324
4 20.5 0

4.5 0 0
4.5 0.5 0.000736661
4.5 1 0.00459998
4.5 1.5 0.00122895
4.5 2 0.000199452
4.5 2.5 -0.00293405
4.5 3 -0.00403766
4.5 3.5 -0.00318437
4.5 4 -0.00419778
4.5 4.5 -0.00147473
4.5 5 -0.00105104
4.5 5.5 0.000574309
4.5 6 0.000587682
4.5 6.5 0.000850583
4.5 7 0.00194246
4.5 7.5 0.0037461
4.5 8 0.00393999
4.5 8.5 0.000335062
4.5 9 -0.00302719
4.5 9.5 -0.00589274
4.5 10 -0.00610792
4.5 10.5 -0.00442486
4.5 11 -0.00231547
4.5 11.5 -0.000494755
4.5 12 -0.000523599
4.5 12.5 -0.00115963
4.5 13 0.000527574
4.5 13.5 0.00191454
4.5 14 0.0025691
4.5 14.5 0.00196464
4.5 15 -0.000204284
4.5 15.5 -0.000887683
4.5 16 -0.0029435
4.5 16.5 -0.00486531
4.5 17 -0.00674594
4.5 17.5 -0.00392203
4.5 18 -0.000753779
4.5 18.5 0.00188311
4.5 19 0.00266207
4.5 19.5 0.00227035
4.5 20 0.000333094
4.5 20.5 0

5 0 0
5 0.5 0.000673749
5 1 0.00449471
5 1.5 0.00195262
5 2 -0.00139887
5 2.5 -0.00280192
5 3 -0.00290521
5 3.5 -0.0016404
5 4 -0.00303256
5 4.5 -0.00204692
5 5 -0.000127087
5 5.5 0.000674509
5 6 0.000310131
5 6.5 0.000317889
5 7 0.00161591
5 7.5 0.00425043
5 8 0.00530587
5 8.5 0.00225336
5 9 -0.00190458
5 9.5 -0.00305252
5 10 -0.00611628
5 10.5 -0.00130377
5 11 -0.00218385
5 11.5 -0.0012355
5 12 -0.00151445
5 12.5 -0.00102756
5 13 -0.000519369
5 13.5 0.000499843
5 14 0.000520703
5 14.5 0.000383131
5 15 0.000704182
5 15.5 0.000753192
5 16 -0.000634095
5 16.5 -0.00234291
5 17 -0.0046394
5 17.5 -0.00244837
5 18 -0.000612685
5 18.5 0.00199852
5 19 0.00185757
5 19.5 0.00118913
5 20 0.000218287
5 20.5 0

5.5 0 0
5.5 0.5 0.000423868
5.5 1 0.00349935
5.5 1.5 0.00125944
5.5 2 -0.00180304
5.5 2.5 -0.00124077
5.5 3 -0.000649822
5.5 3.5 -0.000466789
5.5 4 -0.000497119
5.5 4.5 -0.00119572
5.5 5 -0.00262983
5.5 5.5 -0.00152101
5.5 6 -0.00176307
5.5 6.5 -0.00281525
5.5 7 -0.000168991
5.5 7.5 0.00121357
5.5 8 0.00365815
5.5 8.5 0.00116675
5.5 9 -0.00182277
5.5 9.5 -0.00354619
5.5 10 -0.00319309
5.5 10.5 -0.000845074
5.5 11 -0.000250459
5.5 11.5 -0.00131017
5.5 12 -0.00350996
5.5 12.5 -0.00376563
5.5 13 -0.00338755
5.5 13.5 -0.00275082
5.5 14 -0.00204094
5.5 14.5 -0.00302544
5.5 15 -0.00141988
5.5 15.5 0.00106518
5.5 16 0.000666923
5.5 16.5 -0.00112784
5.5 17 -0.00243751
5.5 17.5 -0.0016966
5.5 18 0.00181348
5.5 18.5 0.00274759
5.5 19 0.00112216
5.5 19.5 -0.000903774
5.5 20 -0.00011676
5.5 20.5 0

6 0 0
6 0.5 5.60538e-05
6 1 0.000572595
6 1.5 0.000278519
6 2 -0.000916135
6 2.5 -0.000324918
6 3 0.00253488
6 3.5 0.00400186
6 4 0.0023803
6 4.5 0.000881566
6 5 -0.000662195
6 5.5 0.000407766
6 6 -0.00166111
6 6.5 -0.00136554
6 7 -0.00107311
6 7.5 0.000159805
6 8 0.0028883
6 8.5 0.00284184
6 9 0.00125961
6 9.5 -0.00190417
6 10 0.000791283
6 10.5 0.00125828
6 11 0.00299369
6 11.5 0.00236691
6 12 -0.002097
6 12.5 -0.00520629
6 13 -0.00338833
6 13.5 -0.0032875
6 14 -0.002042
6 14.5 -0.00122712
6 15 -0.000819623
6 15.5 0.00257674
6 16 0.00322508
6 16.5 0.00252761
6 17 0.000915779
6 17.5 0.00225229
6 18 0.0042422
6 18.5 0.00359376
6 19 -0.000543302
6 19.5 -0.00329958
6 20 -0.000576527
6 20.5 0

6.5 0 0
6.5 0.5 -0.000227609
6.5 1 -0.000602765
6.5 1.5 -0.00116557
6.5 2 -0.00318603
6.5 2.5 0.00122993
6.5 3 0.00508276
6.5 3.5 0.00580455
6.5 4 0.00290622
6.5 4.5 0.00125151
6.5 5 -0.000344398
6.5 5.5 0.0016268
6.5 6 0.00108043
6.5 6.5 -0.00344919
6.5 7 -0.00279928
6.5 7.5 -0.000817377
6.5 8 0.00302503
6.5 8.5 0.000422929
6.5 9 0.00142313
6.5 9.5 -0.00181498
6.5 10 0.000141111
6.5 10.5 0.00177118
6.5 11 0.00501858
6.5 11.5 0.00108605
6.5 12 -0.00125078
6.5 12.5 -0.00675285
6.5 13 -0.00472937
6.5 13.5 -0.00415607
6.5 14 -0.00154101
6.5 14.5 -0.0021631
6.5 15 -2.28544e-05
6.5 15.5 0.00368495
6.5 16 0.00318446
6.5 16.5 0.00401632
6.5 17 0.00372103
6.5 17.5 0.00299535
6.5 18 0.00418398
6.5 18.5 0.00499864
6.5 19 -0.00222662
6.5 19.5 -0.00521474
6.5 20 -0.000703278
6.5 20.5 0

7 0 0
7 0.5 -0.000324365
7 1 -0.00186106
7 1.5 -0.00158693
7 2 -0.0021532
7 2.5 0.000110322
7 3 0.00295951
7 3.5 0.00549745
7 4 0.00459748
7 4.5 0.00272917
7 5 0.00227636
7 5.5 0.00366855
7 6 0.0033799
7 6.5 0.000574993
7 7 0.000406189
7 7.5 0.00105575
7 8 0.00347965
7 8.5 0.00413322
7 9 0.00372469
7 9.5 0.000854959
7 10 0.00394244
7 10.5 0.00535175
7 11 0.00674792
7 11.5 0.00453593
7 12 6.82952e-05
7 12.5 -0.00351622
7 13 -0.000635515
7 13.5 -0.000415453
7 14 0.00258678
7 14.5 0.00164214
7 15 0.00216227
7 15.5 0.00512753
7 16 0.00451676
7 16.5 0.00289568
7 17 0.00103885
7 17.5 0.00214465
7 18 0.00313811
7 18.5 0.00268403
7 19 -0.00162367
7 19.5 -0.00556459
7 20 -0.000950827
7 20.5 0

7.5 0 0
7.5 0.5 -0.00033101
7.5 1 -0.000637174
7.5 1.5 -0.00102233
7.5 2 -0.00297295
7.5 2.5 -0.0020127
7.5 3 0.00180954
7.5 3.5 0.00367712
7.5 4 0.00224015
7.5 4.5 0.00241909
7.5 5 0.00175284
7.5 5.5 0.00485936
7.5 6 0.00407686
7.5 6.5 0.0026646
7.5 7 0.00293029
7.5 7.5 0.00425418
7.5 8 0.00570746
7.5 8.5 0.0035722
7.5 9 0.00259593
7.5 9.5 0.00273793
7.5 10 0.00365687
7.5 10.5 0.00718345
7.5 11 0.00735882
7.5 11.5 0.00365354
7.5 12 0.000678221
7.5 12.5 -0.000202464
7.5 13 0.0018621
7.5 13.5 0.00367857
7.5 14 0.00396926
7.5 14.5 0.00393936
7.5 15 0.00334937
7.5 15.5 0.00540065
7.5 16 0.00154168
7.5 16.5 0.000685259
7.5 17 -0.00139824
7.5 17.5 -0.000862803
7.5 18 0.00322671
7.5 18.5 0.00234908
7.5 19 -0.00208538
7.5 19.5 -0.00443436
7.5 20 -0.000597923
7.5 20.5 0

8 0 0
8 0.5 0.000110191
8 1 0.000682408
8 1.5 -0.00123881
8 2 -0.00487144
8 2.5 -0.00357511
8 3 -0.00142957
8 3.5 0.00114714
8 4 -0.000112684
8 4.5 0.00106766
8 5 0.00305105
8 5.5 0.00722339
8 6 0.00613776
8 6.5 0.00533007
8 7 0.00402556
8 7.5 0.00507509
8 8 0.00625304
8 8.5 0.00451289
8 9 0.0042633
8 9.5 0.00231133
8 10 0.00334678
8 10.5 0.00619411
8 11 0.00748793
8 11.5 0.00464519
8 12 0.0036242
8 12.5 0.00193374
8 13 0.00379343
8 13.5 0.00547424
8 14 0.0061718
8 14.5 0.00699287
8 15 0.00491525
8 15.5 0.00449954
8 16 0.000168366
8 16.5 -0.00129753
8 17 -0.00331856
8 17.5 -0.00334722
8 18 -0.00124916
8 18.5 0.000774389
8 19 -0.00158337
8 19.5 -0.00190673
8 20 -0.000170709
8 20.5 0

8.5 0 0
8.5 0.5 0.000150089
8.5 1 0.00179768
8.5 1.5 0.000755037
8.5 2 -0.00379998
8.5 2.5 -0.00342389
8.5 3 -0.00241088
8.5 3.5 -0.000822959
8.5 4 -0.000510966
8.5 4.5 0.00118575
8.5 5 0.00201245
8.5 5.5 0.00702488
8.5 6 0.00621586
8.5 6.5 0.00514821
8.5 7 0.00379086
8.5 7.5 0.00338432
8.5 8 0.00188056
8.5 8.5 0.00151891
8.5 9 -0.0018799
8.5 9.5 -0.00211221
8.5 10 -0.000709963
8.5 10.5 0.00165276
8.5 11 0.00232885
8.5 11.5 0.00138878
8.5 12 -0.000221273
8.5 12.5 0.0022022
8.5 13 0.00252822
8.5 13.5 0.00653367
8.5 14 0.00724236
8.5 14.5 0.00718014
8.5 15 0.00349403
8.5 15.5 0.00180717
8.5 16 -0.00101569
8.5 16.5 -0.00284017
8.5 17 -0.00483121
8.5 17.5 -0.00345023
8.5 18 -0.00106457
8.5 18.5 0.00157892
8.5 19 6.98659e-05
8.5 19.5 -0.000153217
8.5 20 4.203e-05
8.5 20.5 0

9 0 0
9 0.5 0.000208212
9 1 0.00122836
9 1.5 -9.69787e-05
9 2 -0.000803523
9 2.5 -0.00406098
9 3 -0.00328758
9 3.5 -0.00309915
9 4 -0.000750544
9 4.5 -5.79571e-05
9 5 0.00252147
9 5.5 0.00159215
9 6 0.00192025
9 6.5 -0.000121083
9 7 0.00164213
9 7.5 -0.000585622
9 8 0.000598209
9 8.5 -0.0012211
9 9 -0.00210868
9 9.5 -0.00236068
9 10 -0.00306521
9 10.5 -0.000716292
9 11 0.00111524
9 11.5 0.000918267
9 12 0.00118863
9 12.5 -1.45241e-05
9 13 0.00085131
9 13.5 0.00145173
9 14 0.00316325
9 14.5 0.00231304
9 15 0.00158682
9 15.5 -0.00145164
9 16 -0.00223133
9 16.5 -0.00502912
9 17 -0.00377977
9 17.5 -0.00501074
9 18 -0.000438585
9 18.5 0.00137584
9 19 0.00220302
9 19.5 0.000466104
9 20 -8.32106e-05
9 20.5 0

9.5 0 0
9.5 0.5 -8.2573e-05
9.5 1 -0.000692267
9.5 1.5 -0.00106067
9.5 2 -0.00132036
9.5 2.5 -0.00190219
9.5 3 -0.00215459
9.5 3.5 0.00048026
9.5 4 0.00201493
9.5 4.5 0.00202183
9.5 5 0.00145095
9.5 5.5 0.005875
9.5 6 0.000266574
9.5 6.5 0.00227084
9.5 7 0.000283373
9.5 7.5 -1.46288e-06
9.5 8 -0.00159002
9.5 8.5 -0.0020917
9.5 9 -0.00109147
9.5 9.5 -0.00122058
9.5 10 -8.07854e-05
9.5 10.5 0.00189282
9.5 11 0.00181942
9.5 11.5 6.04542e-05
9.5 12 0.000279225
9.5 12.5 0.00220691
9.5 13 0.000119149
9.5 13.5 0.00234365
9.5 14 0.00154994
9.5 14.5 0.00422751
9.5 15 -0.000739151
9.5 15.5 0.00199637
9.5 16 -0.000232937
9.5 16.5 -0.00154426
9.5 17 -0.00195048
9.5 17.5 -0.00164304
9.5 18 -0.000209691
9.5 18.5 0.000365118
9.5 19 -0.000386127
9.5 19.5 -0.00104209
9.5 20 -0.000115009
9.5 20.5 0

10 0 0
10 0.5 -0.000552495
10 1 -0.00317989
10 1.5 -0.00106933
10 2 -0.00108533
10 2.5 -0.00105326
10 3 -9.92516e-05
10 3.5 0.000584124
10 4 0.00358786
10 4.5 0.00464881
10 5 0.00257433
10 5.5 0.00306061
10 6 -0.000570947
10 6.5 0.000634937
10 7 0.00181159
10 7.5 0.00051434
10 8 0.00201399
10 8.5 0.00176639
10 9 0.00210194
10 9.5 0.0050249
10 10 0.00452258
10 10.5 0.00610876
10 11 0.00469525
10 11.5 0.00407401
10 12 0.00445003
10 12.5 0.00361612
10 13 0.00233959
10 13.5 0.000597367
10 14 0.000459937
10 14.5 0.0017938
10 15 0.00156721
10 15.5 0.00274239
10 16 0.00100493
10 16.5 0.00131297
10 17 0.00164093
10 17.5 -0.000331241
10 18 -0.000979138
10 18.5 -0.00107867
10 19 -0.00112695
10 19.5 -0.00287178
10 20 -0.000509054
10 20.5 0

10.5 0 0
10.5 0.5 -0.00070568
10.5 1 -0.00405118
10.5 1.5 -0.000719858
10.5 2 -0.000778761
10.5 2.5 -0.00274889
10.5 3 -0.0012693
10.5 3.5 -0.00191632
10.5 4 0.00123478
10.5 4.5 0.00359299
10.5 5 0.00246014
10.5 5.5 0.00612799
10.5 6 0.00364026
10.5 6.5 0.0061097
10.5 7 0.00485775
10.5 7.5 0.00629588
10.5 8 0.00657054
10.5 8.5 0.00556253
10.5 9 0.007472
10.5 9.5 0.00792683
10.5 10 0.0100927
10.5 10.5 0.0082419
10.5 11 0.0084272
10.5 11.5 0.00547343
10.5 12 0.00771019
10.5 12.5 0.00729427
10.5 13 0.00554942
10.5 13.5 0.00590507
10.5 14 0.00333615
10.5 14.5 0.00604279
10.5 15 0.00395954
10.5 15.5 0.00555744
10.5 16 0.00396405
10.5 16.5 0.00267183
10.5 17 0.000736847
10.5 17.5 -0.00114307
10.5 18 -0.000511234
10.5 18.5 -0.00242458
10.5 19 -0.00341463
10.5 19.5 -0.00385254
10.5 20 -0.000558494
10.5 20.5 0

11 0 0
11 0.5 -0.000370447
11 1 -0.00245011
11 1.5 -0.00123713
11 2 -0.00125258
11 2.5 -0.00338231
11 3 -0.00346037
11 3.5 -0.0023749
11 4 6.28486e-06
11 4.5 0.00241482
11 5 0.00482867
11 5.5 0.00379196
11 6 0.00428
11 6.5 0.00663194
11 7 0.0091673
11 7.5 0.00927768
11 8 0.00857944
11 8.5 0.0103976
11 9 0.0115435
11 9.5 0.0111583
11 10 0.0109701
11 10.5 0.0091695
11 11 0.00946143
11 11.5 0.00998612
11 12 0.0100254
11 12.5 0.00998654
11 13 0.00796689
11 13.5 0.00581407
11 14 0.00477165
11 14.5 0.00585098
11 15 0.00690753
11 15.5 0.00593708
11 16 0.00546891
11 16.5 0.00383889
11 17 0.00155574
11 17.5 -0.00270277
11 18 -0.00329414
11 18.5 -0.00252271
11 19 -0.00299691
11 19.5 -0.00350014
11 20 -0.000504387
11 20.5 0

11.5 0 0
11.5 0.5 -0.000199049
11.5 1 -0.000454003
11.5 1.5 0.00133795
11.5 2 -0.000243239
11.5 2.5 -0.00287407
11.5 3 -0.00272996
11.5 3.5 -0.00377703
11.5 4 -0.00294213
11.5 4.5 -0.000399501
11.5 5 0.000668875
11.5 5.5 0.00461654
11.5 6 0.00443395
11.5 6.5 0.00828472
11.5 7 0.00900056
11.5 7.5 0.0115183
11.5 8 0.00991641
11.5 8.5 0.0076902
11.5 9 0.00859268
11.5 9.5 0.0099366
11.5 10 0.00708863
11.5 10.5 0.00754228
11.5 11 0.00558543
11.5 11.5 0.00539717
11.5 12 0.00889635
11.5 12.5 0.0105305
11.5 13 0.00759164
11.5 13.5 0.00724577
11.5 14 0.00521886
11.5 14.5 0.00634033
11.5 15 0.00360627
11.5 15.5 0.00492995
11.5 16 0.00297077
11.5 16.5 0.00281496
11.5 17 0.000761536
11.5 17.5 -0.00180295
11.5 18 -0.00232305
11.5 18.5 -0.00203632
11.5 19 -0.00125784
11.5 19.5 -0.00149615
11.5 20 -0.000284806
11.5 20.5 0

12 0 0
12 0.5 -8.00044e-05
12 1 -0.000564807
12 1.5 0.00021933
12 2 -0.0010895
12 2.5 -0.00402278
12 3 -0.00456133
12 3.5 -0.00547325
12 4 -0.00330244
12 4.5 0.000107216
12 5 0.00123256
12 5.5 0.00197904
12 6 0.00447938
12 6.5 0.00621293
12 7 0.00914592
12 7.5 0.00808703
12 8 0.00611845
12 8.5 0.010148
12 9 0.00909506
12 9.5 0.00853103
12 10 0.00730402
12 10.5 0.00444951
12 11 0.00456386
12 11.5 0.00808781
12 12 0.00676694
12 12.5 0.00984304
12 13 0.00685726
12 13.5 0.00392857
12 14 0.00489535
12 14.5 0.00252833
12 15 0.0052951
12 15.5 0.00459971
12 16 0.00322195
12 16.5 0.00267433
12 17 -0.000573781
12 17.5 -0.00421412
12 18 -0.00425017
12 18.5 -0.00289883
12 19 -0.00108175
12 19.5 -0.0013125
12 20 -0.000294633
12 20.5 0

12.5 0 0
12.5 0.5 -0.000546605
12.5 1 -0.00326476
12.5 1.5 -0.0017225
12.5 2 -0.00139822
12.5 2.5 -0.00290923
12.5 3 -0.00199711
12.5 3.5 -0.00147789
12.5 4 0.000305353
12.5 4.5 0.00239731
12.5 5 0.00246359
12.5 5.5 0.00514898
12.5 6 0.0064481
12.5 6.5 0.00932595
12.5 7 0.0103395
12.5 7.5 0.0110599
12.5 8 0.0104996
12.5 8.5 0.00824028
12.5 9 0.0115627
12.5 9.5 0.00926969
12.5 10 0.009477
12.5 10.5 0.00750497
12.5 11 0.00836301
12.5 11.5 0.00604211
12.5 12 0.0112238
12.5 12.5 0.0116057
12.5 13 0.00899027
12.5 13.5 0.00913595
12.5 14 0.00619921
12.5 14.5 0.00702159
12.5 15 0.00581112
12.5 15.5 0.00560704
12.5 16 0.00473329
12.5 16.5 0.00292028
12.5 17 0.00233234
12.5 17.5 -0.000910343
12.5 18 -0.00205107
12.5 18.5 -0.00331562
12.5 19 -0.00324422
12.5 19.5 -0.00332325
12.5 20 -0.000506364
12.5 20.5 0

13 0 0
13 0.5 -0.00152244
13 1 -0.00863685
13 1.5 -0.00259043
13 2 -0.00300979
13 2.5 -0.00154902
13 3 -0.000743726
13 3.5 0.00206784
13 4 0.00415552
13 4.5 0.00723111
13 5 0.00684052
13 5.5 0.00696653
13 6 0.00595336
13 6.5 0.00928907
13 7 0.0101738
13 7.5 0.0102762
13 8 0.0100645
13 8.5 0.0154866
13 9 0.0140691
13 9.5 0.0156509
13 10 0.0137578
13 10.5 0.0112122
13 11 0.0117466
13 11.5 0.0152595
13 12 0.0144256
13 12.5 0.0154045
13 13 0.0116008
13 13.5 0.00871343
13 14 0.00589899
13 14.5 0.00775004
13 15 0.00785277
13 15.5 0.0082808
13 16 0.00703939
13 16.5 0.00604906
13 17 0.00352492
13 17.5 0.000659917
13 18 -0.00297439
13 18.5 -0.00315306
13 19 -0.00588233
13 19.5 -0.00678851
13 20 -0.00102738
13 20.5 0

13.5 0 0
13.5 0.5 -0.00174763
13.5 1 -0.0109026
13.5 1.5 -0.00569744
13.5 2 -0.00248249
13.5 2.5 -0.000934682
13.5 3 0.00414883
13.5 3.5 0.00407937
13.5 4 0.00813391
13.5 4.5 0.00843374
13.5 5 0.00770593
13.5 5.5 0.011445
13.5 6 0.00728274
13.5 6.5 0.00915781
13.5 7 0.00572337
13.5 7.5 0.00849683
13.5 8 0.00916769
13.5 8.5 0.0102127
13.5 9 0.0145979
13.5 9.5 0.0150545
13.5 10 0.01651
13.5 10.5 0.0137073
13.5 11 0.0129095
13.5 11.5 0.011135
13.5 12 0.01345
13.5 12.5 0.0145503
13.5 13 0.0109702
13.5 13.5 0.00958336
13.5 14 0.00587017
13.5 14.5 0.0104621
13.5 15 0.00757409
13.5 15.5 0.00905503
13.5 16 0.00824909
13.5 16.5 0.00489002
13.5 17 0.00604546
13.5 17.5 0.00198177
13.5 18 -9.87063e-06
13.5 18.5 -0.00402264
13.5 19 -0.00760837
13.5 19.5 -0.00822412
13.5 20 -0.00119017
13.5 20.5 0

14 0 0
14 0.5 -0.00152862
14 1 -0.0102718
14 1.5 -0.007038
14 2 -0.000797854
14 2.5 0.00131744
14 3 0.00564748
14 3.5 0.00355221
14 4 0.00847335
14 4.5 0.00828266
14 5 0.00915397
14 5.5 0.00757755
14 6 0.00614906
14 6.5 0.00594991
14 7 0.00626096
14 7.5 0.00521098
14 8 0.0060718
14 8.5 0.0083847
14 9 0.0121717
14 9.5 0.0154158
14 10 0.0128664
14 10.5 0.0131197
14 11 0.00928445
14 11.5 0.0117683
14 12 0.0127734
14 12.5 0.0117182
14 13 0.00932075
14 13.5 0.0066799
14 14 0.00694671
14 14.5 0.00695976
14 15 0.00695022
14 15.5 0.00749574
14 16 0.00764912
14 16.5 0.00424219
14 17 0.00697797
14 17.5 0.00128172
14 18 0.000518796
14 18.5 -0.00439433
14 19 -0.00538816
14 19.5 -0.00714347
14 20 -0.0012193
14 20.5 0

14.5 0 0
14.5 0.5 -0.00132723
14.5 1 -0.00814628
14.5 1.5 -0.00381155
14.5 2 -0.000445975
14.5 2.5 -5.7982e-05
14.5 3 0.00295119
14.5 3.5 0.00335488
14.5 4 0.00470195
14.5 4.5 0.0064454
14.5 5 0.00547458
14.5 5.5 0.00660588
14.5 6 0.00568584
14.5 6.5 0.00450976
14.5 7 0.0057636
14.5 7.5 0.00406171
14.5 8 0.00415544
14.5 8.5 0.00591101
14.5 9 0.00844845
14.5 9.5 0.0123982
14.5 10 0.0123074
14.5 10.5 0.00965194
14.5 11 0.00649821
14.5 11.5 0.00800071
14.5 12 0.00944339
14.5 12.5 0.0102621
14.5 13 0.00952073
14.5 13.5 0.006619
14.5 14 0.00636756
14.5 14.5 0.00590239
14.5 15 0.00500756
14.5 15.5 0.00400986
14.5 16 0.00217664
14.5 16.5 0.00344527
14.5 17 0.00340006
14.5 17.5 0.00145767
14.5 18 0.00067816
14.5 18.5 -0.00376553
14.5 19 -0.00460149
14.5 19.5 -0.0050208
14.5 20 -0.000719263
14.5 20.5 0

15 0 0
15 0.5 -0.000910683
15 1 -0.0063937
15 1.5 -0.00376058
15 2 -0.000963409
15 2.5 1.19747e-05
15 3 0.00224357
15 3.5 0.000276925
15 4 0.00324508
15 4.5 0.0012095
15 5 0.00448889
15 5.5 0.00441428
15 6 0.00492824
15 6.5 0.0072627
15 7 0.00883227
15 7.5 0.00606864
15 8 0.00662746
15 8.5 0.00560752
15 9 0.00976212
15 9.5 0.00962987
15 10 0.0113888
15 10.5 0.00621923
15 11 0.00859459
15 11.5 0.0067934
15 12 0.0109598
15 12.5 0.0109028
15 13 0.011164
15 13.5 0.00966889
15 14 0.00826099
15 14.5 0.00649563
15 15 0.00377461
15 15.5 6.75416e-05
15 16 0.000639602
15 16.5 -0.0019971
15 17 0.00369183
15 17.5 0.00146604
15 18 0.000586352
15 18.5 -0.00305251
15 19 -0.00394508
15 19.5 -0.00373547
15 20 -0.000528148
15 20.5 0

15.5 0 0
15.5 0.5 -0.00112868
15.5 1 -0.00630455
15.5 1.5 -0.00168219
15.5 2 -0.00200073
15.5 2.5 -0.000230267
15.5 3 -3.56053e-05
15.5 3.5 0.0013235
15.5 4 0.00292264
15.5 4.5 0.00430005
15.5 5 0.00469342
15.5 5.5 0.00825949
15.5 6 0.010444
15.5 6.5 0.0121464
15.5 7 0.0152387
15.5 7.5 0.0122899
15.5 8 0.0104984
15.5 8.5 0.0108625
15.5 9 0.00988541
15.5 9.5 0.0135543
15.5 10 0.0104441
15.5 10.5 0.0101739
15.5 11 0.0085094
15.5 11.5 0.0103862
15.5 12 0.0131928
15.5 12.5 0.0166568
15.5 13 0.0163331
15.5 13.5 0.0153314
15.5 14 0.0138781
15.5 14.5 0.0114531
15.5 15 0.00813749
15.5 15.5 0.00532948
15.5 16 0.000599498
15.5 16.5 0.000538061
15.5 17 0.00299232
15.5 17.5 0.001483
15.5 18 -0.00102434
15.5 18.5 -0.00269234
15.5 19 -0.00471991
15.5 19.5 -0.00439509
15.5 20 -0.000597353
15.5 20.5 0

16 0 0
16 0.5 -0.00108182
16 1 -0.00692364
16 1.5 -0.00426038
16 2 -0.000591805
16 2.5 0.000491228
16 3 -0.0010248
16 3.5 0.000144285
16 4 0.00152604
16 4.5 0.00306652
16 5 0.00484397
16 5.5 0.00760488
16 6 0.011278
16 6.5 0.0146072
16 7 0.0158991
16 7.5 0.0156334
16 8 0.0139478
16 8.5 0.0133362
16 9 0.0127819
16 9.5 0.0140509
16 10 0.0132336
16 10.5 0.0103726
16 11 0.011268
16 11.5 0.0130011
16 12 0.0151494
16 12.5 0.017427
16 13 0.0178167
16 13.5 0.0163658
16 14 0.0144704
16 14.5 0.0123274
16 15 0.00900215
16 15.5 0.00465221
16 16 0.000744336
16 16.5 6.86072e-05
16 17 0.00130419
16 17.5 0.00130032
16 18 -0.000783061
16 18.5 -0.00258403
16 19 -0.00443624
16 19.5 -0.00616272
16 20 -0.000981162
16 20.5 0

16.5 0 0
16.5 0.5 -0.00112779
16.5 1 -0.00727563
16.5 1.5 -0.00368043
16.5 2 -0.0011532
16.5 2.5 -0.00147452
16.5 3 -7.89279e-05
16.5 3.5 0.000898339
16.5 4 0.00176731
16.5 4.5 0.00313802
16.5 5 0.00539756
16.5 5.5 0.00876514
16.5 6 0.010557
16.5 6.5 0.0133194
16.5 7 0.0161249
16.5 7.5 0.0165427
16.5 8 0.015551
16.5 8.5 0.0136349
16.5 9 0.0119561
16.5 9.5 0.0110583
16.5 10 0.00907591
16.5 10.5 0.00879237
16.5 11 0.00885177
16.5 11.5 0.010862
16.5 12 0.014785
16.5 12.5 0.0159778
16.5 13 0.0168988
16.5 13.5 0.0143824
16.5 14 0.0131252
16.5 14.5 0.0114453
16.5 15 0.00924273
16.5 15.5 0.00698995
16.5 16 0.00374408
16.5 16.5 0.00184391
16.5 17 0.0018442
16.5 17.5 0.00187026
16.5 18 -0.00101884
16.5 18.5 -0.00249489
16.5 19 -0.00562459
16.5 19.5 -0.00671028
16.5 20 -0.00101038
16.5 20.5 0

17 0 0
17 0.5 -0.00119131
17 1 -0.00719986
17 1.5 -0.00328085
17 2 -0.00215724
17 2.5 0.00213299
17 3 -0.000494245
17 3.5 0.00174219
17 4 0.00316778
17 4.5 0.00391798
17 5 0.00577056
17 5.5 0.00501353
17 6 0.00763844
17 6.5 0.00953038
17 7 0.012084
17 7.5 0.0134276
17 8 0.0142371
17 8.5 0.0145001
17 9 0.0119
17 9.5 0.0110334
17 10 0.00863469
17 10.5 0.00818104
17 11 0.00881278
17 11.5 0.0115956
17 12 0.0135166
17 12.5 0.0137478
17 13 0.0114444
17 13.5 0.00997541
17 14 0.00808294
17 14.5 0.00688726
17 15 0.00876191
17 15.5 0.00725191
17 16 0.00663937
17 16.5 0.00432155
17 17 0.00162571
17 17.5 0.00362764
17 18 -0.00100212
17 18.5 -0.00225275
17 19 -0.00479416
17 19.5 -0.0073924
17 20 -0.00118128
17 20.5 0

17.5 0 0
17.5 0.5 -0.00130812
17.5 1 -0.00842176
17.5 1.5 -0.00416821
17.5 2 -0.000552332
17.5 2.5 0.00228292
17.5 3 0.00323674
17.5 3.5 0.00313615
17.5 4 0.00397539
17.5 4.5 0.00181817
17.5 5 0.0042053
17.5 5.5 0.00355441
17.5 6 0.00424546
17.5 6.5 0.00870917
17.5 7 0.0111143
17.5 7.5 0.0142668
17.5 8 0.0137709
17.5 8.5 0.0148486
17.5 9 0.0141243
17.5 9.5 0.010538
17.5 10 0.0100092
17.5 10.5 0.00781311
17.5 11 0.0110372
17.5 11.5 0.0127115
17.5 12 0.0135132
17.5 12.5 0.0128513
17.5 13 0.00982781
17.5 13.5 0.00816162
17.5 14 0.00499716
17.5 14.5 0.00523173
17.5 15 0.00675891
17.5 15.5 0.00625379
17.5 16 0.00786008
17.5 16.5 0.00443918
17.5 17 0.00501517
17.5 17.5 0.0056434
17.5 18 0.00183795
17.5 18.5 -0.00148576
17.5 19 -0.00572432
17.5 19.5 -0.00868482
17.5 20 -0.00127704
17.5 20.5 0

18 0 0
18 0.5 -0.00143921
18 1 -0.00930761
18 1.5 -0.00508332
18 2 -0.002501
18 2.5 0.00277006
18 3 0.0048999
18 3.5 0.00583975
18 4 0.00535878
18 4.5 0.00324932
18 5 0.00397787
18 5.5 0.00352031
18 6 0.00294594
18 6.5 0.00650789
18 7 0.00793046
18 7.5 0.0112076
18 8 0.0133061
18 8.5 0.0147087
18 9 0.0116011
18 9.5 0.00954001
18 10 0.00842237
18 10.5 0.00875709
18 11 0.00948547
18 11.5 0.0126958
18 12 0.0125755
18 12.5 0.0113131
18 13 0.00734764
18 13.5 0.00579177
18 14 0.00272106
18 14.5 0.00414616
18 15 0.00646877
18 15.5 0.00582118
18 16 0.00750078
18 16.5 0.00675846
18 17 0.00506094
18 17.5 0.0050416
18 18 0.00144026
18 18.5 -0.00115997
18 19 -0.00649454
18 19.5 -0.00947889
18 20 -0.00141287
18 20.5 0

18.5 0 0
18.5 0.5 -0.00138855
18.5 1 -0.00938886
18.5 1.5 -0.0061454
18.5 2 -0.00226847
18.5 2.5 0.00314829
18.5 3 0.00539925
18.5 3.5 0.00594585
18.5 4 0.00572017
18.5 4.5 0.00254874
18.5 5 0.00260137
18.5 5.5 0.00285234
18.5 6 0.00189982
18.5 6.5 0.00502493
18.5 7 0.00582579
18.5 7.5 0.0104198
18.5 8 0.0117067
18.5 8.5 0.0126012
18.5 9 0.0103036
18.5 9.5 0.00764491
18.5 10 0.00485513
18.5 10.5 0.00645697
18.5 11 0.00731415
18.5 11.5 0.0121813
18.5 12 0.0102934
18.5 12.5 0.00982233
18.5 13 0.00717114
18.5 13.5 0.00642878
18.5 14 0.00305823
18.5 14.5 0.00323
18.5 15 0.00298284
18.5 15.5 0.0036715
18.5 16 0.00696948
18.5 16.5 0.00534768
18.5 17 0.00452066
18.5 17.5 0.00398028
18.5 18 0.000600109
18.5 18.5 -0.000462521
18.5 19 -0.00592817
18.5 19.5 -0.00996521
18.5 20 -0.00146468
18.5 20.5 0

19 0 0
19 0.5 -0.00138746
19 1 -0.00840424
19 1.5 -0.00424329
19 2 0.000337048
19 2.5 0.00232713
19 3 0.00639643
19 3.5 0.00710229
19 4 0.00657056
19 4.5 0.00260082
19 5 0.00274656
19 5.5 0.000814584
19 6 0.00354214
19 6.5 0.00286986
19 7 0.00542065
19 7.5 0.0081026
19 8 0.0109131
19 8.5 0.0112032
19 9 0.00902118
19 9.5 0.00689873
19 10 0.00502627
19 10.5 0.00558029
19 11 0.00714998
19 11.5 0.0107046
19 12 0.00912827
19 12.5 0.00899139
19 13 0.0081444
19 13.5 0.00581965
19 14 0.00522532
19 14.5 0.00108372
19 15 0.0024501
19 15.5 0.00124729
19 16 0.00552551
19 16.5 0.00351089
19 17 0.00397403
19 17.5 0.00480148
19 18 0.00398285
19 18.5 7.66342e-05
19 19 -0.00360263
19 19.5 -0.00865146
19 20 -0.00139315
19 20.5 0

19.5 0 0
19.5 0.5 -0.000771129
19.5 1 -0.00539376
19.5 1.5 -0.00448044
19.5 2 -0.00143215
19.5 2.5 0.00122852
19.5 3 0.00558877
19.5 3.5 0.00536797
19.5 4 0.00468784
19.5 4.5 0.00209389
19.5 5 0.00189726
19.5 5.5 0.000553568
19.5 6 0.00213416
19.5 6.5 0.00361695
19.5 7 0.00438629
19.5 7.5 0.00841487
19.5 8 0.00994489
19.5 8.5 0.0106864
19.5 9 0.00876938
19.5 9.5 0.00526379
19.5 10 0.00386475
19.5 10.5 0.00552954
19.5 11 0.00709316
19.5 11.5 0.00894883
19.5 12 0.00985067
19.5 12.5 0.00777888
19.5 13 0.00721649
19.5 13.5 0.00790559
19.5 14 0.00480497
19.5 14.5 0.00224938
19.5 15 0.00207418
19.5 15.5 -0.000487778
19.5 16 0.00117741
19.5 16.5 0.00243449
19.5 17 0.00241668
19.5 17.5 0.00115584
19.5 18 0.00309184
19.5 18.5 -3.01227e-05
19.5 19 -0.00244805
19.5 19.5 -0.00582768
19.5 20 -0.000929746
19.5 20.5 0

20 0 0
20 0.5 -0.000780362
20 1 -0.00453978
20 1.5 -0.00278845
20 2 -0.00239813
20 2.5 2.8956e-06
20 3 0.00476949
20 3.5 0.00487345
20 4 0.00533938
20 4.5 0.0011324
20 5 0.00296138
20 5.5 0.00316138
20 6 0.00440972
20 6.5 0.00524157
20 7 0.00552682
20 7.5 0.00896364
20 8 0.00965001
20 8.5 0.00942819
20 9 0.00832202
20 9.5 0.00343749
20 10 0.00558695
20 10.5 0.0024103
20 11 0.00794575
20 11.5 0.0078829
20 12 0.00800748
20 12.5 0.00877314
20 13 0.0104267
20 13.5 0.0103588
20 14 0.00652258
20 14.5 0.00420493
20 15 0.0024019
20 15.5 -0.00158924
20 16 0.00215606
20 16.5 0.000187806
20 17 0.00182671
20 17.5 0.00207163
20 18 0.00168476
20 18.5 0.000695025
20 19 -0.00364311
20 19.5 -0.0049391
20 20 -0.000607435
20 20.5 0

20.5 0 0
20.5 0.5 -0.000773539
20.5 1 -0.00551807
20.5 1.5 -0.00471701
20.5 2 -0.00314719
20.5 2.5 -0.000382277
20.5 3 0.00405082
20.5 3.5 0.00368819
20.5 4 0.0046266
20.5 4.5 0.00235454
20.5 5 0.00499657
20.5 5.5 0.0016662
20.5 6 0.00651033
20.5 6.5 0.00460674
20.5 7 0.00667837
20.5 7.5 0.00900718
20.5 8 0.0114969
20.5 8.5 0.0119635
20.5 9 0.0099622
20.5 9.5 0.00771663
20.5 10 0.00684313
20.5 10.5 0.0081521
20.5 11 0.00947028
20.5 11.5 0.0107583
20.5 12 0.0116332
20.5 12.5 0.00890884
20.5 13 0.0104569
20.5 13.5 0.0107836
20.5 14 0.00943876
20.5 14.5 0.00396889
20.5 15 0.0056707
20.5 15.5 -0.00150476
20.5 16 0.000838103
20.5 16.5 2.4697e-05
20.5 17 0.0010496
20.5 17.5 0.00103993
20.5 18 0.00230973
20.5 18.5 -0.000556377
20.5 19 -0.00296421
20.5 19.5 -0.00603004
20.5 20 -0.000930314
20.5 20.5 0

21 0 0
21 0.5 -0.00115779
21 1 -0.00730199
21 1.5 -0.00480287
21 2 -0.00212965
21 2.5 0.000888387
21 3 0.00403136
21 3.5 0.00551616
21 4 0.00579431
21 4.5 0.00171898
21 5 0.00374392
21 5.5 0.0034325
21 6 0.00608214
21 6.5 0.00380021
21 7 0.0053535
21 7.5 0.00746929
21 8 0.0101114
21 8.5 0.0101315
21 9 0.010456
21 9.5 0.00739952
21 10 0.00811431
21 10.5 0.00774856
21 11 0.0105025
21 11.5 0.0105377
21 12 0.00979852
21 12.5 0.00849011
21 13 0.00894432
21 13.5 0.00814966
21 14 0.00951396
21 14.5 0.00429914
21 15 0.00303191
21 15.5 0.000206001
21 16 0.00306681
21 16.5 2.18109e-05
21 17 0.00142574
21 17.5 0.0035622
21 18 0.00306537
21 18.5 4.74553e-05
21 19 -0.00414126
21 19.5 -0.00771617
21 20 -0.00111119
21 20.5 0

21.5 0 0
21.5 0.5 -0.00101754
21.5 1 -0.00657446
21.5 1.5 -0.0041573
21.5 2 -0.0016438
21.5 2.5 0.00296294
21.5 3 0.0046545
21.5 3.5 0.00668791
21.5 4 0.00421676
21.5 4.5 0.00223905
21.5 5 0.00232123
21.5 5.5 0.00155194
21.5 6 0.00041736
21.5 6.5 0.00143999
21.5 7 0.00215534
21.5 7.5 0.0052249
21.5 8 0.00537712
21.5 8.5 0.00742638
21.5 9 0.00563648
21.5 9.5 0.00548039
21.5 10 0.00474096
21.5 10.5 0.00642604
21.5 11 0.00651872
21.5 11.5 0.00859239
21.5 12 0.00441181
21.5 12.5 0.00436737
21.5 13 0.00343433
21.5 13.5 0.00506842
21.5 14 0.0036806
21.5 14.5 0.00282762
21.5 15 0.0014485
21.5 15.5 0.00118154
21.5 16 0.000673707
21.5 16.5 0.00117949
21.5 17 0.00197745
21.5 17.5 0.00351066
21.5 18 0.00275975
21.5 18.5 0.00163921
21.5 19 -0.00409925
21.5 19.5 -0.00694297
21.5 20 -0.000969
21.5 20.5 0

22 0 0
22 0.5 -0.000764995
22 1 -0.00474109
22 1.5 -0.00187899
22 2 0.000911468
22 2.5 0.00360294
22 3 0.00555892
22 3.5 0.00393716
22 4 0.00479162
22 4.5 -0.000231139
22 5 -0.00113957
22 5.5 -0.00109879
22 6 2.50666e-05
22 6.5 0.000210646
22 7 -0.000599929
22 7.5 0.00114017
22 8 0.00291652
22 8.5 0.00277055
22 9 0.00172617
22 9.5 0.00128874
22 10 0.00325498
22 10.5 0.00417825
22 11 0.00390346
22 11.5 0.00228978
22 12 0.000928954
22 12.5 -0.00152249
22 13 -0.0017959
22 13.5 0.00021813
22 14 0.00100618
22 14.5 1.10727e-05
22 15 0.000677379
22 15.5 0.00048199
22 16 0.000861971
22 16.5 0.00102443
22 17 0.00214039
22 17.5 0.00339467
22 18 0.00579359
22 18.5 0.0016237
22 19 -0.00162332
22 19.5 -0.00484858
22 20 -0.000849526
22 20.5 0

22.5 0 0
22.5 0.5 -0.000412255
22.5 1 -0.00219851
22.5 1.5 0.000159881
22.5 2 0.000766284
22.5 2.5 0.00227642
22.5 3 0.00183647
22.5 3.5 0.00199521
22.5 4 0.000898473
22.5 4.5 -0.00220339
22.5 5 -0.00122231
22.5 5.5 -0.00268324
22.5 6 -0.0006214
22.5 6.5 2.05532e-06
22.5 7 0.0017414
22.5 7.5 0.00137416
22.5 8 0.000404601
22.5 8.5 0.00239561
22.5 9 0.000724512
22.5 9.5 -9.22916e-05
22.5 10 0.000463693
22.5 10.5 -0.000895682
22.5 11 0.00125004
22.5 11.5 0.0010052
22.5 12 -0.00155387
22.5 12.5 -0.00232955
22.5 13 -0.00176718
22.5 13.5 -0.00271097
22.5 14 -2.91293e-05
22.5 14.5 -0.000676283
22.5 15 0.0016395
22.5 15.5 0.00108713
22.5 16 0.00151425
22.5 16.5 0.000254751
22.5 17 0.00131076
22.5 17.5 0.00237677
22.5 18 0.00290233
22.5 18.5 0.00235941
22.5 19 -0.00228447
22.5 19.5 -0.00290902
22.5 20 -0.000305412
22.5 20.5 0

23 0 0
23 0.5 -3.89939e-06
23 1 -8.42766e-05
23 1.5 0.000253742
23 2 0.0019412
23 2.5 0.0019156
23 3 0.00157323
23 3.5 -0.000866153
23 4 -0.000192923
23 4.5 -0.00202679
23 5 -0.00263844
23 5.5 -0.00259587
23 6 0.000344207
23 6.5 0.000687452
23 7 0.00168019
23 7.5 -3.66148e-05
23 8 0.00286672
23 8.5 -0.00187743
23 9 -0.00291934
23 9.5 -0.0032574
23 10 -0.00385011
23 10.5 -0.00222702
23 11 -0.00218187
23 11.5 -0.0034261
23 12 -0.00210778
23 12.5 -0.00487817
23 13 -0.00281455
23 13.5 -0.00145307
23 14 0.000409629
23 14.5 -0.000375898
23 15 0.000621752
23 15.5 0.000781678
23 16 0.00106536
23 16.5 0.000270478
23 17 2.77809e-05
23 17.5 0.00108644
23 18 0.00350132
23 18.5 0.000707374
23 19 -5.73278e-05
23 19.5 -0.00123888
23 20 -0.000251494
23 20.5 0

23.5 0 0
23.5 0.5 9.83066e-05
23.5 1 0.000714074
23.5 1.5 0.00100826
23.5 2 0.00125288
23.5 2.5 0.00134177
23.5 3 -0.000501703
23.5 3.5 -2.89206e-06
23.5 4 -0.00153222
23.5 4.5 -0.00175816
23.5 5 -0.00109615
23.5 5.5 0.000717735
23.5 6 0.00409451
23.5 6.5 0.00343701
23.5 7 0.00521429
23.5 7.5 0.00244647
23.5 8 0.00254917
23.5 8.5 0.00146524
23.5 9 -0.00273145
23.5 9.5 -0.00253524
23.5 10 -0.00340276
23.5 10.5 -0.00246546
23.5 11 -0.00341455
23.5 11.5 -0.000986974
23.5 12 -0.0007287
23.5 12.5 -0.00135385
23.5 13 0.0014006
23.5 13.5 7.86448e-05
23.5 14 0.00331335
23.5 14.5 0.00188436
23.5 15 0.00261312
23.5 15.5 0.002069
23.5 16 0.00171416
23.5 16.5 0.00145498
23.5 17 -0.000178718
23.5 17.5 0.000340585
23.5 18 -0.000383853
23.5 18.5 0.00194885
23.5 19 0.000245973
23.5 19.5 -8.277e-05
23.5 20 -8.21488e-05
23.5 20.5 0

24 0 0
24 0.5 0.000482675
24 1 0.00242956
24 1.5 -0.000481848
24 2 0.00144882
24 2.5 -0.000796769
24 3 -0.000965558
24 3.5 -0.00173972
24 4 -0.00229138
24 4.5 -0.00291316
24 5 -0.0019976
24 5.5 -0.000278466
24 6 0.00438264
24 6.5 0.00382015
24 7 0.00483075
24 7.5 0.00344605
24 8 0.00189937
24 8.5 -0.00130303
24 9 -0.00365563
24 9.5 -0.00173702
24 10 -0.00422985
24 10.5 -0.00230696
24 11 -0.00318661
24 11.5 -0.00248498
24 12 -0.00140389
24 12.5 -0.000740205
24 13 0.000789036
24 13.5 0.002893
24 14 0.00402834
24 14.5 0.00140584
24 15 0.00122077
24 15.5 -0.000219234
24 16 -0.000906067
24 16.5 -0.000724667
24 17 0.000120843
24 17.5 -0.00136743
24 18 -0.00017712
24 18.5 -0.000771992
24 19 0.00188875
24 19.5 0.00138884
24 20 0.000111596
24 20.5 0

24.5 0 0
24.5 0.5 0.000433788
24.5 1 0.00266334
24.5 1.5 0.00158134
24.5 2 -0.000433253
24.5 2.5 -0.00179268
24.5 3 -0.0025417
24.5 3.5 -0.000863585
24.5 4 -0.0016255
24.5 4.5 -0.000858217
24.5 5 -0.000705224
24.5 5.5 -0.00121773
24.5 6 0.00153836
24.5 6.5 0.00126928
24.5 7 0.00230473
24.5 7.5 -0.000548381
24.5 8 -0.00066084
24.5 8.5 -0.00214274
24.5 9 -0.00313567
24.5 9.5 -0.00261359
24.5 10 -0.00443641
24.5 10.5 -0.00355981
24.5 11 -0.00334078
24.5 11.5 -0.00256768
24.5 12 -0.000922929
24.5 12.5 -0.00178206
24.5 13 0.000482041
24.5 13.5 0.000670301
24.5 14 0.000513202
24.5 14.5 0.000136962
24.5 15 0.000299371
24.5 15.5 -0.000514704
24.5 16 -0.0015948
24.5 16.5 -0.000666768
24.5 17 0.000609503
24.5 17.5 -0.00123937
24.5 18 -0.0023397
24.5 18.5 -0.000546756
24.5 19 0.00136474
24.5 19.5 0.0029238
24.5 20 0.000440707
24.5 20.5 0

25 0 0
25 0.5 0.000312943
25 1 0.00273083
25 1.5 0.00248664
25 2 -0.000737347
25 2.5 -0.00157026
25 3 -0.00138692
25 3.5 -0.00119701
25 4 -0.000560223
25 4.5 0.00036705
25 5 -0.000274254
25 5.5 -0.000417475
25 6 -0.00217795
25 6.5 -0.00364298
25 7 -0.00497953
25 7.5 -0.00587774
25 8 -0.00425365
25 8.5 -0.00456472
25 9 -0.00251131
25 9.5 -0.00275027
25 10 0.00025161
25 10.5 -0.00355594
25 11 -0.000710262
25 11.5 -0.0037975
25 12 -0.00323169
25 12.5 -0.00325236
25 13 -0.00274422
25 13.5 -0.00267391
25 14 -0.00337178
25 14.5 -0.00296513
25 15 -0.00186677
25 15.5 -0.00161403
25 16 -0.00219632
25 16.5 -0.000774569
25 17 7.16508e-05
25 17.5 -0.000560083
25 18 -0.00104527
25 18.5 -0.000522005
25 19 0.000905948
25 19.5 0.00335929
25 20 0.000629473
25 20.5 0

25.5 0 0
25.5 0.5 0.000390906
25.5 1 0.00272834
25.5 1.5 0.00140753
25.5 2 -0.000136876
25.5 2.5 -0.000283518
25.5 3 -0.000678755
25.5 3.5 -0.000335886
25.5 4 0.000709067
25.5 4.5 0.00196006
25.5 5 0.00134973
25.5 5.5 -0.00051011
25.5 6 -0.00417728
25.5 6.5 -0.00755842
25.5 7 -0.00974781
25.5 7.5 -0.0099492
25.5 8 -0.00906994
25.5 8.5 -0.00608797
25.5 9 -0.00326061
25.5 9.5 -0.001212
25.5 10 -4.71582e-05
25.5 10.5 -0.000967388
25.5 11 -0.00253377
25.5 11.5 -0.00322044
25.5 12 -0.00428982
25.5 12.5 -0.00490441
25.5 13 -0.00646177
25.5 13.5 -0.00726129
25.5 14 -0.00623138
25.5 14.5 -0.00400604
25.5 15 -0.00239425
25.5 15.5 -0.000869215
25.5 16 -0.000262128
25.5 16.5 9.51075e-05
25.5 17 -0.000327676
25.5 17.5 -0.000732694
25.5 18 -0.00122733
25.5 18.5 -0.000463836
25.5 19 0.00125086
25.5 19.5 0.00367187
25.5 20 0.000586116
25.5 20.5 0

26 0 0
26 0.5 0
26 1 0.000390906
26 1.5 0.000124043
26 2 0.000123457
26 2.5 -2.49646e-05
26 3 -0.000106891
26 3.5 -0.000140858
26 4 0.000115484
26 4.5 0.000230901
26 5 0.000248245
26 5.5 -0.000126189
26 6 -0.000677844
26 6.5 -0.00121484
26 7 -0.00145716
26 7.5 -0.00144513
26 8 -0.00147825
26 8.5 -0.000855717
26 9 -0.000540118
26 9.5 -3.87385e-06
26 10 -0.000228097
26 10.5 7.71898e-05
26 11 -0.000590066
26 11.5 -0.000335995
26 12 -0.000591502
26 12.5 -0.000669488
26 13 -0.00102394
26 13.5 -0.00123151
26 14 -0.00094137
26 14.5 -0.000582502
26 15 -0.000409126
26 15.5 -0.000154294
26 16 7.39219e-05
26 16.5 -8.08122e-05
26 17 -0.000159172
26 17.5 -0.000225445
26 18 -0.000180394
26 18.5 -8.4799e-05
26 19 0.00029482
26 19.5 0.000586116
26 20 0
26 20.5 0

26.5 0 0
26.5 0.5 0
26.5 1 0
26.5 1.5 0
26.5 2 0
26.5 2.5 0
26.5 3 0
26.5 3.5 0
26.5 4 0
26.5 4.5 0
26.5 5 0
26.5 5.5 0
26.5 6 0
26.5 6.5 0
26.5 7 0
26.5 7.5 0
26.5 8 0
26.5 8.5 0
26.5 9 0
26.5 9.5 0
26.5 10 0
26.5 10.5 0
26.5 11 0
26.5 11.5 0
26.5 12 0
26.5 12.5 0
26.5 13 0
26.5 13.5 0
26.5 14 0
26.5 14.5 0
26.5 15 0
26.5 15.5 0
26.5 16 0
26.5 16.5 0
26.5 17 0
26.5 17.5 0
26.5 18 0
26.5 18.5 0
26.5 19 0
26.5 19.5 0
26.5 20 0
26.5 20.5 0

