0 0 0
0 0.5 0
0 1 0
0 1.5 0
0 2 0
0 2.5 0
0 3 0
0 3.5 0
0 4 0
0 4.5 0
0 5 0
0 5.5 0
0 6 0
0 6.5 0
0 7 0
0 7.5 0
0 8 0
0 8.5 0
0 9 0
0 9.5 0
0 10 0
0 10.5 0
0 11 0
0 11.5 0
0 12 0
0 12.5 0
0 13 0
0 13.5 0
0 14 0
0 14.5 0
0 15 0
0 15.5 0
0 16 0
0 16.5 0
0 17 0
0 17.5 0
0 18 0
0 18.5 0
0 19 0
0 19.5 0
0 20 0
0 20.5 0

0.5 0 0
0.5 0.5 0
0.5 1 -0.000220288
0.5 1.5 5.61826e-05
0.5 2 0.000321612
0.5 2.5 0.000333863
0.5 3 0.000120595
0.5 3.5 -2.34115e-05
0.5 4 -0.000127151
0.5 4.5 -0.000148297
0.5 5 -5.61851e-05
0.5 5.5 -0.000133338
0.5 6 -0.000136761
0.5 6.5 5.03562e-05
0.5 7 -0.000162883
0.5 7.5 -0.000398296
0.5 8 -0.000496619
0.5 8.5 -0.000572799
0.5 9 -0.000306743
0.5 9.5 -4.8563e-05
0.5 10 -0.000228882
0.5 10.5 -0.000359415
0.5 11 -0.00046935
0.5 11.5 -0.000436238
0.5 12 -0.000426688
0.5 12.5 -0.000257094
0.5 13 -0.000320222
0.5 13.5 -0.000280125
0.5 14 -6.16819e-05
0.5 14.5 -6.94103e-06
0.5 15 -0.000214096
0.5 15.5 -0.000316976
0.5 16 -0.000342079
0.5 16.5 -0.000318496
0.5 17 -5.74913e-05
0.5 17.5 6.23605e-06
0.5 18 -7.33052e-05
0.5 18.5 -2.79881e-05
0.5 19 0.000120585
0.5 19.5 0.000369372
0.5 20 0
0.5 20.5 0

1 0 0
1 0.5 -0.000220288
1 1 -0.00137899
1 1.5 0.000441222
1 2 0.0015928
1 2.5 0.00196525
1 3 0.000840324
1 3.5 -0.000411158
1 4 -0.00088278
1 4.5 -0.00124479
1 5 -0.00101624
1 5.5 -0.000994791
1 6 -0.000486111
1 6.5 -7.29109e-05
1 7 -0.000588399
1 7.5 -0.00241232
1 8 -0.00340383
1 8.5 -0.00329631
1 9 -0.0017993
1 9.5 -0.000364499
1 10 -0.00119676
1 10.5 -0.00181852
1 11 -0.00325151
1 11.5 -0.00285443
1 12 -0.00249288
1 12.5 -0.00194528
1 13 -0.00188391
1 13.5 -0.00171995
1 14 -0.000320148
1 14.5 -4.44608e-05
1 15 -0.000851894
1 15.5 -0.00222191
1 16 -0.00264457
1 16.5 -0.00223023
1 17 -0.00079983
1 17.5 -0.000242525
1 18 -0.000599319
1 18.5 -0.000320047
1 19 0.000687936
1 19.5 0.0023641
1 20 0.000369372
1 20.5 0

1.5 0 0
1.5 0.5 -0.000129237
1.5 1 -0.000699681
1.5 1.5 0.000277176
1.5 2 0.000300929
1.5 2.5 0.000524337
1.5 3 0.000169303
1.5 3.5 -0.000773523
1.5 4 -0.000747756
1.5 4.5 -0.000775146
1.5 5 -0.00171936
1.5 5.5 -0.000708819
1.5 6 -0.000563504
1.5 6.5 -0.000702949
1.5 7 -0.000254063
1.5 7.5 -0.00134099
1.5 8 -0.00225172
1.5 8.5 -0.00144268
1.5 9 -0.00126862
1.5 9.5 -0.00103904
1.5 10 -0.00141956
1.5 10.5 -0.0015909
1.5 11 -0.00312518
1.5 11.5 -0.0022495
1.5 12 -0.00119956
1.5 12.5 -0.00161377
1.5 13 -0.00124452
1.5 13.5 -0.00114331
1.5 14 -0.00135771
1.5 14.5 -0.000489794
1.5 15 -0.000175461
1.5 15.5 -0.00123535
1.5 16 -0.00232066
1.5 16.5 -0.00127409
1.5 17 -0.000842736
1.5 17.5 -0.000218406
1.5 18 -0.000337977
1.5 18.5 -0.000825337
1.5 19 -3.932e-05
1.5 19.5 0.00114891
1.5 20 0.000212095
1.5 20.5 0

2 0 0
2 0.5 1.89003e-05
2 1 0.00011739
2 1.5 4.02881e-05
2 2 0.00153229
2 2.5 -0.000203089
2 3 -0.00082873
2 3.5 -0.000154455
2 4 0.000759317
2 4.5 7.53255e-06
2 5 0.000918038
2 5.5 0.000622554
2 6 0.000400947
2 6.5 0.00126848
2 7 -0.000451703
2 7.5 0.00138905
2 8 -0.000767415
2 8.5 0.000440696
2 9 -0.00129896
2 9.5 -0.0013357
2 10 -0.00140893
2 10.5 -0.00303574
2 11 -0.00204832
2 11.5 -0.000857293
2 12 8.84811e-05
2 12.5 0.000504174
2 13 -0.000877776
2 13.5 2.47025e-05
2 14 -0.000678869
2 14.5 0.000612992
2 15 0.000236104
2 15.5 6.79951e-05
2 16 0.00150072
2 16.5 0.00053576
2 17 0.00057188
2 17.5 0.000423376
2 18 5.66146e-05
2 18.5 0.000240095
2 19 0.00018804
2 19.5 -0.000223189
2 20 -7.68391e-05
2 20.5 0

2.5 0 0
2.5 0.5 0.000236588
2.5 1 0.00157724
2.5 1.5 0.000975611
2.5 2 -0.00102229
2.5 2.5 -0.000776235
2.5 3 -0.00143988
2.5 3.5 -0.00113064
2.5 4 -0.000834315
2.5 4.5 0.000564205
2.5 5 0.000937077
2.5 5.5 0.000610671
2.5 6 0.00117344
2.5 6.5 -0.000345222
2.5 7 0.000154653
2.5 7.5 -0.000457494
2.5 8 -0.000444374
2.5 8.5 -0.000486341
2.5 9 -0.000268444
2.5 9.5 -0.0014146
2.5 10 -0.000772877
2.5 10.5 -0.000777573
2.5 11 -0.000388581
2.5 11.5 -0.000560333
2.5 12 0.00109949
2.5 12.5 0.00016877
2.5 13 4.06692e-05
2.5 13.5 -0.00114552
2.5 14 -0.000216449
2.5 14.5 -0.000759513
2.5 15 0.000894665
2.5 15.5 0.000795776
2.5 16 0.000851902
2.5 16.5 0.00236978
2.5 17 0.000510541
2.5 17.5 4.53905e-05
2.5 18 0.000112271
2.5 18.5 0.000174734
2.5 19 0.000377901
2.5 19.5 -0.000531448
2.5 20 -0.000108956
2.5 20.5 0

3 0 0
3 0.5 0.000499182
3 1 0.00292834
3 1.5 0.000490662
3 2 0.000682754
3 2.5 -0.00196584
3 3 -0.00135607
3 3.5 -0.00136091
3 4 0.000377955
3 4.5 -0.00172509
3 5 -1.13049e-05
3 5.5 -0.000876178
3 6 -0.000810834
3 6.5 -0.00138311
3 7 -0.00169311
3 7.5 0.00117747
3 8 0.000381418
3 8.5 -0.000215627
3 9 -0.000977826
3 9.5 -0.00207278
3 10 -0.000658202
3 10.5 -0.00163274
3 11 -0.000430833
3 11.5 -0.000696249
3 12 0.000459783
3 12.5 0.000694055
3 13 -0.00146764
3 13.5 -0.00124671
3 14 -0.000442934
3 14.5 -0.00117098
3 15 -0.00150206
3 15.5 -0.000147733
3 16 0.0015153
3 16.5 -1.89578e-05
3 17 0.00162695
3 17.5 -0.000489423
3 18 0.000192307
3 18.5 0.000840561
3 19 0.000981716
3 19.5 -3.27662e-05
3 20 -6.07549e-05
3 20.5 0

3.5 0 0
3.5 0.5 0.000522375
3.5 1 0.00264545
3.5 1.5 -0.000140299
3.5 2 -0.00104223
3.5 2.5 -0.00305242
3.5 3 -0.0011467
3.5 3.5 -0.00187157
3.5 4 0.000313014
3.5 4.5 0.000530611
3.5 5 0.000697534
3.5 5.5 0.00042047
3.5 6 -0.000405942
3.5 6.5 -0.0015771
3.5 7 -0.000555626
3.5 7.5 -8.33351e-05
3.5 8 0.000895022
3.5 8.5 0.000716189
3.5 9 0.000533937
3.5 9.5 0.000495418
3.5 10 0.00071203
3.5 10.5 0.0010246
3.5 11 0.00113787
3.5 11.5 0.0007781
3.5 12 0.000699475
3.5 12.5 0.000359314
3.5 13 0.000230741
3.5 13.5 -0.0011032
3.5 14 -0.000183843
3.5 14.5 -0.00141275
3.5 15 0.000213911
3.5 15.5 0.00109471
3.5 16 0.000724236
3.5 16.5 0.00129652
3.5 17 0.000203456
3.5 17.5 -0.00191498
3.5 18 0.000381377
3.5 18.5 -0.000807273
3.5 19 0.00078018
3.5 19.5 -0.000163399
3.5 20 -4.34327e-05
3.5 20.5 0

4 0 0
4 0.5 0.000150299
4 1 0.00121103
4 1.5 5.86768e-05
4 2 -0.00158108
4 2.5 -0.00170086
4 3 -0.000799806
4 3.5 0.000106799
4 4 0.0011157
4 4.5 0.000517748
4 5 -8.6618e-05
4 5.5 4.73829e-05
4 6 0.00119466
4 6.5 0.000424365
4 7 0.00108648
4 7.5 0.00243991
4 8 0.00183633
4 8.5 0.00377108
4 9 0.00191464
4 9.5 0.00312243
4 10 0.00179764
4 10.5 0.00377287
4 11 0.00252887
4 11.5 0.0029881
4 12 6.26432e-05
4 12.5 0.00237181
4 13 0.00130017
4 13.5 0.00249686
4 14 0.00318794
4 14.5 0.00191674
4 15 0.000818718
4 15.5 0.00168301
4 16 0.000917223
4 16.5 -0.000768483
4 17 -0.00135432
4 17.5 -0.000115922
4 18 6.63309e-05
4 18.5 0.00084815
4 19 0.000918467
4 19.5 -0.000955721
4 20 -0.000220349
4 20.5 0

4.5 0 0
4.5 0.5 0.000109502
4.5 1 -0.000276908
4.5 1.5 -0.00231067
4.5 2 -0.0019547
4.5 2.5 -0.00214926
4.5 3 0.000603146
4.5 3.5 0.00192791
4.5 4 0.00249393
4.5 4.5 0.00116329
4.5 5 0.00185663
4.5 5.5 8.11413e-05
4.5 6 0.000466982
4.5 6.5 0.00042888
4.5 7 0.00203851
4.5 7.5 0.003927
4.5 8 0.00407566
4.5 8.5 0.00428677
4.5 9 0.00402799
4.5 9.5 0.0031285
4.5 10 0.00422115
4.5 10.5 0.00408415
4.5 11 0.00453356
4.5 11.5 0.00198719
4.5 12 0.00105815
4.5 12.5 0.00141838
4.5 13 0.00260223
4.5 13.5 0.00335798
4.5 14 0.00358463
4.5 14.5 0.00193336
4.5 15 0.00254031
4.5 15.5 0.00123333
4.5 16 0.00193139
4.5 16.5 0.00119258
4.5 17 -0.000441023
4.5 17.5 -0.000958103
4.5 18 -0.000296098
4.5 18.5 -0.000546706
4.5 19 0.000239928
4.5 19.5 -0.00179334
4.5 20 -0.000342468
4.5 20.5 0

5 0 0
5 0.5 -0.000130358
5 1 -0.000805431
5 1.5 -0.00163426
5 2 -0.00344629
5 2.5 -0.000619429
5 3 -0.000457712
5 3.5 0.00284027
5 4 0.0012707
5 4.5 0.0012198
5 5 -0.000784093
5 5.5 -0.000208554
5 6 0.00169113
5 6.5 0.000601035
5 7 0.00402587
5 7.5 0.00389862
5 8 0.00413228
5 8.5 0.00350815
5 9 0.00443035
5 9.5 0.0045484
5 10 0.00549983
5 10.5 0.0063539
5 11 0.00534539
5 11.5 0.00277149
5 12 0.00233097
5 12.5 0.00156293
5 13 0.00376031
5 13.5 0.00388675
5 14 0.00536814
5 14.5 0.00270949
5 15 0.00174039
5 15.5 0.00139736
5 16 0.000159659
5 16.5 0.000543553
5 17 -0.00270498
5 17.5 -0.000342606
5 18 -0.000891812
5 18.5 0.000665704
5 19 -0.000742618
5 19.5 -0.00229378
5 20 -0.00029325
5 20.5 0

5.5 0 0
5.5 0.5 7.50352e-06
5.5 1 -8.0701e-05
5.5 1.5 -0.00141359
5.5 2 -0.00164098
5.5 2.5 -0.00101108
5.5 3 0.00210826
5.5 3.5 0.000241976
5.5 4 0.00304978
5.5 4.5 0.00177421
5.5 5 0.0007216
5.5 5.5 -0.000411514
5.5 6 -0.000154631
5.5 6.5 0.00100641
5.5 7 0.00166333
5.5 7.5 0.00351272
5.5 8 0.00343441
5.5 8.5 0.00362169
5.5 9 0.0023082
5.5 9.5 0.0017601
5.5 10 0.00344609
5.5 10.5 0.00351533
5.5 11 0.0053365
5.5 11.5 0.00329127
5.5 12 0.00137162
5.5 12.5 0.0012999
5.5 13 0.00214417
5.5 13.5 0.00437745
5.5 14 0.00320302
5.5 14.5 0.00168863
5.5 15 -0.000385575
5.5 15.5 -0.000727217
5.5 16 0.00208876
5.5 16.5 -7.93891e-05
5.5 17 0.00037804
5.5 17.5 -0.00131928
5.5 18 0.00040859
5.5 18.5 0.000523891
5.5 19 -0.000747516
5.5 19.5 -0.00146345
5.5 20 -0.000257937
5.5 20.5 0

6 0 0
6 0.5 9.22591e-05
6 1 0.000948435
6 1.5 -0.000504078
6 2 -0.00196122
6 2.5 -0.00103902
6 3 0.000650684
6 3.5 0.00200731
6 4 6.57617e-05
6 4.5 -0.00037538
6 5 -0.000786815
6 5.5 -0.00024761
6 6 0.00252767
6 6.5 0.00205233
6 7 0.00491612
6 7.5 0.00254867
6 8 0.00325523
6 8.5 0.00183582
6 9 0.00171512
6 9.5 0.000813257
6 10 0.00251707
6 10.5 0.00310542
6 11 0.00567465
6 11.5 0.00219199
6 12 0.00260486
6 12.5 0.000918643
6 13 0.00397355
6 13.5 0.00332616
6 14 0.00488275
6 14.5 0.00128858
6 15 0.00016934
6 15.5 -3.44678e-05
6 16 0.000172101
6 16.5 0.000841744
6 17 -0.00152978
6 17.5 -0.00044855
6 18 0.000732152
6 18.5 0.000703414
6 19 -5.28133e-05
6 19.5 -0.00156721
6 20 -0.000250846
6 20.5 0

6.5 0 0
6.5 0.5 0.00039029
6.5 1 0.00220884
6.5 1.5 -0.00120093
6.5 2 -0.00260899
6.5 2.5 -0.00184216
6.5 3 -0.000120584
6.5 3.5 -0.00018885
6.5 4 -0.000266184
6.5 4.5 0.0015703
6.5 5 0.00010495
6.5 5.5 0.000338138
6.5 6 0.00335668
6.5 6.5 0.00274424
6.5 7 0.00460262
6.5 7.5 0.00414289
6.5 8 0.00393473
6.5 8.5 0.00267793
6.5 9 -6.76874e-05
6.5 9.5 -8.23037e-05
6.5 10 0.00218244
6.5 10.5 0.00146361
6.5 11 0.00389417
6.5 11.5 0.0027992
6.5 12 0.00244328
6.5 12.5 0.00344126
6.5 13 0.00413276
6.5 13.5 0.00470466
6.5 14 0.00467391
6.5 14.5 -0.000104257
6.5 15 -0.00105535
6.5 15.5 -0.00029927
6.5 16 4.85301e-05
6.5 16.5 0.0014535
6.5 17 0.000212352
6.5 17.5 8.29264e-06
6.5 18 0.00101234
6.5 18.5 0.000103084
6.5 19 0.000189674
6.5 19.5 -0.00120737
6.5 20 -0.00025278
6.5 20.5 0

7 0 0
7 0.5 0.000302886
7 1 0.00196687
7 1.5 -0.000483298
7 2 -0.00270565
7 2.5 -0.00214647
7 3 -0.000341138
7 3.5 0.000272356
7 4 -0.000147206
7 4.5 -0.00167182
7 5 0.00101398
7 5.5 0.000551692
7 6 0.00547156
7 6.5 0.00387789
7 7 0.00664185
7 7.5 0.00475259
7 8 0.00590991
7 8.5 0.00456119
7 9 0.00361759
7 9.5 0.00278459
7 10 0.00490986
7 10.5 0.00467989
7 11 0.00834146
7 11.5 0.00547081
7 12 0.00562796
7 12.5 0.00453919
7 13 0.00684921
7 13.5 0.00489183
7 14 0.00620393
7 14.5 0.00126292
7 15 0.00160519
7 15.5 -0.00112839
7 16 0.000373794
7 16.5 0.000383491
7 17 -0.000497936
7 17.5 -0.000492064
7 18 0.000197721
7 18.5 3.97787e-06
7 19 -0.000883842
7 19.5 -0.00130928
7 20 -0.000154885
7 20.5 0

7.5 0 0
7.5 0.5 8.34022e-05
7.5 1 0.00123451
7.5 1.5 0.000209753
7.5 2 -0.00271237
7.5 2.5 -0.00257688
7.5 3 -0.000254031
7.5 3.5 -0.00169916
7.5 4 0.000840616
7.5 4.5 0.0003577
7.5 5 -0.000213393
7.5 5.5 0.00153008
7.5 6 0.00392406
7.5 6.5 0.00456394
7.5 7 0.00637139
7.5 7.5 0.00546515
7.5 8 0.00687718
7.5 8.5 0.00524386
7.5 9 0.00515832
7.5 9.5 0.00431397
7.5 10 0.00881835
7.5 10.5 0.0079579
7.5 11 0.00945621
7.5 11.5 0.00649048
7.5 12 0.00602098
7.5 12.5 0.00449961
7.5 13 0.00592643
7.5 13.5 0.00593186
7.5 14 0.00630661
7.5 14.5 0.0027233
7.5 15 0.000325684
7.5 15.5 -0.000921906
7.5 16 0.000600069
7.5 16.5 0.000796178
7.5 17 0.000943074
7.5 17.5 -0.00168015
7.5 18 -0.000407364
7.5 18.5 0.00027422
7.5 19 -0.00110416
7.5 19.5 -0.0015894
7.5 20 -0.000228374
7.5 20.5 0

8 0 0
8 0.5 9.48688e-05
8 1 0.000354516
8 1.5 -0.00154171
8 2 -0.0026277
8 2.5 -0.00101559
8 3 2.69497e-05
8 3.5 0.00119153
8 4 0.000305863
8 4.5 -0.000783946
8 5 -0.001734
8 5.5 0.000212618
8 6 0.00334135
8 6.5 0.00261226
8 7 0.00436615
8 7.5 0.00566236
8 8 0.00630887
8 8.5 0.00533111
8 9 0.0059728
8 9.5 0.00783732
8 10 0.0101322
8 10.5 0.0106292
8 11 0.00967363
8 11.5 0.00652914
8 12 0.00513878
8 12.5 0.00468748
8 13 0.00543084
8 13.5 0.00533126
8 14 0.00494923
8 14.5 0.00223238
8 15 0.000619223
8 15.5 -0.000386851
8 16 -0.000680634
8 16.5 0.000407075
8 17 -0.000596016
8 17.5 -0.00025645
8 18 -0.000644961
8 18.5 -0.000354493
8 19 -0.0008773
8 19.5 -0.00207915
8 20 -0.000307789
8 20.5 0

8.5 0 0
8.5 0.5 -8.70249e-05
8.5 1 -0.000697759
8.5 1.5 -0.00143757
8.5 2 -0.00145295
8.5 2.5 -0.00101469
8.5 3 0.00157562
8.5 3.5 0.00205895
8.5 4 0.000409182
8.5 4.5 -0.000359232
8.5 5 0.00055838
8.5 5.5 0.000820866
8.5 6 0.00324377
8.5 6.5 0.00266151
8.5 7 0.00398253
8.5 7.5 0.00330956
8.5 8 0.00533329
8.5 8.5 0.00429614
8.5 9 0.00636546
8.5 9.5 0.00683028
8.5 10 0.0103307
8.5 10.5 0.00753635
8.5 11 0.00817295
8.5 11.5 0.00436026
8.5 12 0.00343715
8.5 12.5 0.0024306
8.5 13 0.00450766
8.5 13.5 0.00423262
8.5 14 0.00522112
8.5 14.5 0.00258021
8.5 15 0.00299864
8.5 15.5 0.000349608
8.5 16 0.000151324
8.5 16.5 0.00181279
8.5 17 0.000313942
8.5 17.5 -0.00117631
8.5 18 -0.000149513
8.5 18.5 -0.000817153
8.5 19 -0.000594232
8.5 19.5 -0.00205611
8.5 20 -0.000336931
8.5 20.5 0

9 0 0
9 0.5 -0.00028561
9 1 -0.00180245
9 1.5 -0.0014882
9 2 -0.000348091
9 2.5 -0.000220821
9 3 0.000595215
9 3.5 0.000935348
9 4 0.00112467
9 4.5 1.35002e-05
9 5 -0.000773774
9 5.5 0.000771467
9 6 0.00292915
9 6.5 0.00317262
9 7 0.00386687
9 7.5 0.00402305
9 8 0.00560027
9 8.5 0.0046344
9 9 0.00499727
9 9.5 0.00748211
9 10 0.0087773
9 10.5 0.00759523
9 11 0.00680113
9 11.5 0.00384347
9 12 0.00293336
9 12.5 0.0042483
9 13 0.00542575
9 13.5 0.00537813
9 14 0.00558462
9 14.5 0.00440609
9 15 0.00224538
9 15.5 0.00111812
9 16 -0.000251693
9 16.5 -8.78856e-05
9 17 -0.000610941
9 17.5 -0.000582596
9 18 -0.000445053
9 18.5 -0.000671466
9 19 -0.000220772
9 19.5 -0.00233519
9 20 -0.000455912
9 20.5 0

9.5 0 0
9.5 0.5 -0.00039731
9.5 1 -0.00286815
9.5 1.5 -0.00272588
9.5 2 -0.00100423
9.5 2.5 -0.000291489
9.5 3 0.0020485
9.5 3.5 0.00263718
9.5 4 0.00441863
9.5 4.5 0.00152171
9.5 5 0.00349945
9.5 5.5 0.00368098
9.5 6 0.00353541
9.5 6.5 0.00448768
9.5 7 0.00590644
9.5 7.5 0.00597635
9.5 8 0.00796249
9.5 8.5 0.00555777
9.5 9 0.00738213
9.5 9.5 0.00735756
9.5 10 0.00973851
9.5 10.5 0.00752238
9.5 11 0.00705173
9.5 11.5 0.00470023
9.5 12 0.00607318
9.5 12.5 0.00655644
9.5 13 0.00797787
9.5 13.5 0.00650272
9.5 14 0.00630245
9.5 14.5 0.00392548
9.5 15 0.00408633
9.5 15.5 0.00269229
9.5 16 0.00293398
9.5 16.5 0.00125076
9.5 17 0.0015088
9.5 17.5 0.00030024
9.5 18 0.000123375
9.5 18.5 -0.00200715
9.5 19 -0.00139938
9.5 19.5 -0.00326598
9.5 20 -0.000588532
9.5 20.5 0

10 0 0
10 0.5 -0.000624742
10 1 -0.00412077
10 1.5 -0.003394
10 2 -0.00189868
10 2.5 -0.00039426
10 3 0.000322325
10 3.5 0.00327166
10 4 0.00358406
10 4.5 0.00372626
10 5 0.00387353
10 5.5 0.00504541
10 6 0.00587504
10 6.5 0.00690792
10 7 0.00914802
10 7.5 0.0104297
10 8 0.0111278
10 8.5 0.0110547
10 9 0.0104514
10 9.5 0.0104113
10 10 0.013142
10 10.5 0.00987122
10 11 0.011412
10 11.5 0.00965557
10 12 0.0112062
10 12.5 0.0122657
10 13 0.011381
10 13.5 0.00907613
10 14 0.00823222
10 14.5 0.00649101
10 15 0.00424956
10 15.5 0.00403882
10 16 0.00343406
10 16.5 0.00371937
10 17 0.00225091
10 17.5 0.00135321
10 18 -0.00150441
10 18.5 -0.00236135
10 19 -0.00282821
10 19.5 -0.00423791
10 20 -0.000695915
10 20.5 0

10.5 0 0
10.5 0.5 -0.000796269
10.5 1 -0.00491217
10.5 1.5 -0.00340943
10.5 2 -0.00295301
10.5 2.5 -0.000108306
10.5 3 0.000403827
10.5 3.5 0.00386873
10.5 4 0.00400334
10.5 4.5 0.00448554
10.5 5 0.0056655
10.5 5.5 0.00591867
10.5 6 0.00709577
10.5 6.5 0.00722887
10.5 7 0.00935597
10.5 7.5 0.0103634
10.5 8 0.0117482
10.5 8.5 0.0118867
10.5 9 0.0131482
10.5 9.5 0.0105361
10.5 10 0.0134192
10.5 10.5 0.0106974
10.5 11 0.013153
10.5 11.5 0.0108015
10.5 12 0.0137274
10.5 12.5 0.0125735
10.5 13 0.0121209
10.5 13.5 0.00966796
10.5 14 0.00699582
10.5 14.5 0.00554567
10.5 15 0.00554434
10.5 15.5 0.00371041
10.5 16 0.0041454
10.5 16.5 0.00486775
10.5 17 0.00289499
10.5 17.5 0.00177869
10.5 18 -0.00213337
10.5 18.5 -0.00275237
10.5 19 -0.00368509
10.5 19.5 -0.00505024
10.5 20 -0.00078647
10.5 20.5 0

11 0 0
11 0.5 -0.000793573
11 1 -0.00490732
11 1.5 -0.00324979
11 2 -0.00167822
11 2.5 0.000439266
11 3 0.000266797
11 3.5 0.00398814
11 4 0.00423583
11 4.5 0.00583898
11 5 0.00573618
11 5.5 0.00541713
11 6 0.00634515
11 6.5 0.0073785
11 7 0.00997323
11 7.5 0.0113522
11 8 0.0118388
11 8.5 0.0110408
11 9 0.0118656
11 9.5 0.0106831
11 10 0.0122038
11 10.5 0.0096252
11 11 0.0123284
11 11.5 0.0114249
11 12 0.0141772
11 12.5 0.0130968
11 13 0.0118523
11 13.5 0.00949706
11 14 0.00643785
11 14.5 0.0045421
11 15 0.00437473
11 15.5 0.00391941
11 16 0.00478132
11 16.5 0.00520368
11 17 0.00280555
11 17.5 0.00204878
11 18 -0.00162254
11 18.5 -0.00303924
11 19 -0.00320107
11 19.5 -0.0041543
11 20 -0.000723126
11 20.5 0

11.5 0 0
11.5 0.5 -0.000630788
11.5 1 -0.00376148
11.5 1.5 -0.00227149
11.5 2 -0.00243026
11.5 2.5 0.000321472
11.5 3 0.000193434
11.5 3.5 0.00306245
11.5 4 0.00294368
11.5 4.5 0.00396194
11.5 5 0.00393343
11.5 5.5 0.00365342
11.5 6 0.00433334
11.5 6.5 0.00512934
11.5 7 0.00684174
11.5 7.5 0.00863548
11.5 8 0.00818995
11.5 8.5 0.00740974
11.5 9 0.00886446
11.5 9.5 0.00817544
11.5 10 0.00807418
11.5 10.5 0.00825286
11.5 11 0.00849978
11.5 11.5 0.0093137
11.5 12 0.0112066
11.5 12.5 0.0107959
11.5 13 0.00993879
11.5 13.5 0.00705222
11.5 14 0.00316634
11.5 14.5 0.00303929
11.5 15 0.00262232
11.5 15.5 0.00200756
11.5 16 0.00195326
11.5 16.5 0.00361469
11.5 17 0.00225177
11.5 17.5 0.00114878
11.5 18 -0.00233164
11.5 18.5 -0.00300702
11.5 19 -0.00329456
11.5 19.5 -0.00192323
11.5 20 -0.000255782
11.5 20.5 0

12 0 0
12 0.5 -0.000584783
12 1 -0.00361704
12 1.5 -0.00185976
12 2 2.76166e-05
12 2.5 0.000646279
12 3 0.0015572
12 3.5 0.00298656
12 4 0.00301659
12 4.5 0.0027007
12 5 0.00406701
12 5.5 0.00235936
12 6 0.00409401
12 6.5 0.0050227
12 7 0.00744031
12 7.5 0.00575157
12 8 0.00703934
12 8.5 0.0061855
12 9 0.00802327
12 9.5 0.0087621
12 10 0.00968023
12 10.5 0.00855928
12 11 0.00803939
12 11.5 0.00752122
12 12 0.00973501
12 12.5 0.00866618
12 13 0.00910194
12 13.5 0.00535719
12 14 0.00430886
12 14.5 0.0030948
12 15 0.00318807
12 15.5 0.000646413
12 16 0.00250954
12 16.5 0.00256005
12 17 0.00257091
12 17.5 0.0014221
12 18 -0.0011458
12 18.5 -0.00270116
12 19 -0.00166537
12 19.5 -0.000611088
12 20 -0.000139432
12 20.5 0

12.5 0 0
12.5 0.5 -0.000816638
12.5 1 -0.00490849
12.5 1.5 -0.00224515
12.5 2 0.000297536
12.5 2.5 0.00162658
12.5 3 0.0020344
12.5 3.5 0.0036409
12.5 4 0.00365152
12.5 4.5 0.00275676
12.5 5 0.00343972
12.5 5.5 0.00399386
12.5 6 0.00498037
12.5 6.5 0.0072979
12.5 7 0.00886355
12.5 7.5 0.00823042
12.5 8 0.00982135
12.5 8.5 0.00782102
12.5 9 0.0122249
12.5 9.5 0.0127975
12.5 10 0.0134507
12.5 10.5 0.0122602
12.5 11 0.0119112
12.5 11.5 0.0109223
12.5 12 0.0127375
12.5 12.5 0.0106217
12.5 13 0.00991767
12.5 13.5 0.00719999
12.5 14 0.00619696
12.5 14.5 0.0057879
12.5 15 0.00408102
12.5 15.5 0.00254287
12.5 16 0.00202026
12.5 16.5 0.00214277
12.5 17 0.002306
12.5 17.5 0.000735516
12.5 18 -0.0016879
12.5 18.5 -0.00278404
12.5 19 -0.00255271
12.5 19.5 -0.00106016
12.5 20 -0.00013326
12.5 20.5 0

13 0 0
13 0.5 -0.00099695
13 1 -0.00640686
13 1.5 -0.00354213
13 2 -0.000896471
13 2.5 0.00120589
13 3 0.00223542
13 3.5 0.0035136
13 4 0.00258419
13 4.5 0.00363219
13 5 0.00340345
13 5.5 0.00483818
13 6 0.0066148
13 6.5 0.00763573
13 7 0.0110991
13 7.5 0.00911132
13 8 0.0108066
13 8.5 0.0113573
13 9 0.0127745
13 9.5 0.0163071
13 10 0.0147527
13 10.5 0.0143502
13 11 0.012573
13 11.5 0.0123073
13 12 0.0117483
13 12.5 0.0112985
13 13 0.0112173
13 13.5 0.00879433
13 14 0.00790958
13 14.5 0.00683705
13 15 0.00683897
13 15.5 0.00397012
13 16 0.00139846
13 16.5 0.0026344
13 17 0.00147079
13 17.5 0.000407808
13 18 -0.00189128
13 18.5 -0.003722
13 19 -0.00302298
13 19.5 -0.00258081
13 20 -0.00041815
13 20.5 0

13.5 0 0
13.5 0.5 -0.00119612
13.5 1 -0.00729072
13.5 1.5 -0.00375635
13.5 2 0.000896336
13.5 2.5 0.00158957
13.5 3 0.00323548
13.5 3.5 0.00470652
13.5 4 0.00454753
13.5 4.5 0.00326013
13.5 5 0.00405022
13.5 5.5 0.00524918
13.5 6 0.00850562
13.5 6.5 0.00995484
13.5 7 0.0113126
13.5 7.5 0.0106796
13.5 8 0.0122321
13.5 8.5 0.0121285
13.5 9 0.014871
13.5 9.5 0.0137286
13.5 10 0.014715
13.5 10.5 0.0107738
13.5 11 0.0117738
13.5 11.5 0.0107167
13.5 12 0.0133243
13.5 12.5 0.0117448
13.5 13 0.0113536
13.5 13.5 0.0105513
13.5 14 0.0103928
13.5 14.5 0.00991747
13.5 15 0.00740194
13.5 15.5 0.00348486
13.5 16 0.00279846
13.5 16.5 0.00221629
13.5 17 0.0036882
13.5 17.5 0.00241164
13.5 18 -0.00026756
13.5 18.5 -0.00305163
13.5 19 -0.0041103
13.5 19.5 -0.00400761
13.5 20 -0.000644936
13.5 20.5 0

14 0 0
14 0.5 -0.000942268
14 1 -0.00632184
14 1.5 -0.00377211
14 2 -0.000453945
14 2.5 -0.000888006
14 3 0.000899206
14 3.5 0.00155021
14 4 0.00143584
14 4.5 0.00366584
14 5 0.00438065
14 5.5 0.0046558
14 6 0.00957377
14 6.5 0.00880982
14 7 0.0127436
14 7.5 0.00954425
14 8 0.0126997
14 8.5 0.0109727
14 9 0.013795
14 9.5 0.0126525
14 10 0.0150363
14 10.5 0.0102027
14 11 0.0128664
14 11.5 0.0101842
14 12 0.0116024
14 12.5 0.0103285
14 13 0.0131276
14 13.5 0.00914038
14 14 0.0108002
14 14.5 0.00696508
14 15 0.00794887
14 15.5 0.00343756
14 16 0.00132461
14 16.5 0.00333169
14 17 0.00205261
14 17.5 0.000602278
14 18 -0.00166332
14 18.5 -0.00482846
14 19 -0.00354672
14 19.5 -0.00418393
14 20 -0.000657435
14 20.5 0

14.5 0 0
14.5 0.5 -0.000721079
14.5 1 -0.00414069
14.5 1.5 -0.00218504
14.5 2 -0.000395375
14.5 2.5 0.00173586
14.5 3 -0.000535681
14.5 3.5 0.00334732
14.5 4 0.00127172
14.5 4.5 0.00252072
14.5 5 0.00410967
14.5 5.5 0.00410469
14.5 6 0.0081404
14.5 6.5 0.00946414
14.5 7 0.0115039
14.5 7.5 0.00953056
14.5 8 0.0105874
14.5 8.5 0.00932359
14.5 9 0.00973896
14.5 9.5 0.0106866
14.5 10 0.0113064
14.5 10.5 0.00844197
14.5 11 0.00870501
14.5 11.5 0.00784237
14.5 12 0.0100179
14.5 12.5 0.00936476
14.5 13 0.0111108
14.5 13.5 0.00967668
14.5 14 0.00984396
14.5 14.5 0.00754598
14.5 15 0.00549842
14.5 15.5 0.00200925
14.5 16 0.00238043
14.5 16.5 0.00330489
14.5 17 0.00116226
14.5 17.5 0.002676
14.5 18 -0.000996241
14.5 18.5 -0.0015202
14.5 19 -0.00360061
14.5 19.5 -0.00343547
14.5 20 -0.000483544
14.5 20.5 0

15 0 0
15 0.5 -0.000468384
15 1 -0.00348921
15 1.5 -0.00277028
15 2 -0.00155844
15 2.5 -0.00120994
15 3 -0.000808176
15 3.5 -0.000599516
15 4 -0.000329525
15 4.5 0.00154267
15 5 0.00376305
15 5.5 0.00410994
15 6 0.00785113
15 6.5 0.00786408
15 7 0.0107575
15 7.5 0.0084788
15 8 0.012197
15 8.5 0.00994074
15 9 0.0124402
15 9.5 0.0112376
15 10 0.0136879
15 10.5 0.00959523
15 11 0.0121255
15 11.5 0.0100085
15 12 0.0124041
15 12.5 0.00945818
15 13 0.011674
15 13.5 0.00702387
15 14 0.00802131
15 14.5 0.00458226
15 15 0.00492658
15 15.5 0.00126435
15 16 0.000974713
15 16.5 0.00277048
15 17 0.00243245
15 17.5 -0.000679853
15 18 -0.00277736
15 18.5 -0.0036097
15 19 -0.00364406
15 19.5 -0.00327199
15 20 -0.000481621
15 20.5 0

15.5 0 0
15.5 0.5 -0.000725234
15.5 1 -0.00428852
15.5 1.5 -0.00299104
15.5 2 -0.00168536
15.5 2.5 -1.96989e-05
15.5 3 -1.28745e-05
15.5 3.5 0.00280734
15.5 4 0.00166796
15.5 4.5 0.00257082
15.5 5 0.00448722
15.5 5.5 0.00601207
15.5 6 0.00892977
15.5 6.5 0.0088937
15.5 7 0.010028
15.5 7.5 0.00874343
15.5 8 0.0107462
15.5 8.5 0.00920166
15.5 9 0.0108
15.5 9.5 0.0109869
15.5 10 0.0121534
15.5 10.5 0.00988283
15.5 11 0.0108615
15.5 11.5 0.0108517
15.5 12 0.0117285
15.5 12.5 0.0103851
15.5 13 0.0104022
15.5 13.5 0.00878484
15.5 14 0.00840232
15.5 14.5 0.00597566
15.5 15 0.00545085
15.5 15.5 0.00291169
15.5 16 0.00189245
15.5 16.5 0.00345477
15.5 17 0.00262659
15.5 17.5 0.00223048
15.5 18 -9.87169e-05
15.5 18.5 -0.0013816
15.5 19 -0.00482442
15.5 19.5 -0.00487153
15.5 20 -0.000604899
15.5 20.5 0

16 0 0
16 0.5 -0.000745613
16 1 -0.00539844
16 1.5 -0.0044266
16 2 -0.00141259
16 2.5 -0.00117041
16 3 0.0014952
16 3.5 0.00118747
16 4 0.00380232
16 4.5 0.00471157
16 5 0.00738303
16 5.5 0.00724039
16 6 0.00927942
16 6.5 0.00786277
16 7 0.00918839
16 7.5 0.00847413
16 8 0.0094147
16 8.5 0.0116918
16 9 0.00990848
16 9.5 0.0116732
16 10 0.0106405
16 10.5 0.0115363
16 11 0.0110045
16 11.5 0.0115923
16 12 0.00928373
16 12.5 0.00999442
16 13 0.00954789
16 13.5 0.00759954
16 14 0.00846265
16 14.5 0.00625502
16 15 0.00754526
16 15.5 0.00490691
16 16 0.00455011
16 16.5 0.00386186
16 17 0.00407025
16 17.5 -0.000277564
16 18 -0.000487871
16 18.5 -0.00221895
16 19 -0.00334766
16 19.5 -0.00539798
16 20 -0.000956895
16 20.5 0

16.5 0 0
16.5 0.5 -0.000861111
16.5 1 -0.0056391
16.5 1.5 -0.00409575
16.5 2 -0.00150589
16.5 2.5 -0.000278194
16.5 3 0.000654373
16.5 3.5 0.00441428
16.5 4 0.00421931
16.5 4.5 0.00465513
16.5 5 0.00703041
16.5 5.5 0.00842998
16.5 6 0.00968201
16.5 6.5 0.00944327
16.5 7 0.00905047
16.5 7.5 0.00849118
16.5 8 0.00978833
16.5 8.5 0.00951188
16.5 9 0.0119946
16.5 9.5 0.0115262
16.5 10 0.0113233
16.5 10.5 0.0118783
16.5 11 0.0110677
16.5 11.5 0.0102043
16.5 12 0.010013
16.5 12.5 0.00898432
16.5 13 0.00960085
16.5 13.5 0.0091956
16.5 14 0.00862419
16.5 14.5 0.00905048
16.5 15 0.00958765
16.5 15.5 0.00642081
16.5 16 0.00513841
16.5 16.5 0.0038131
16.5 17 0.00203926
16.5 17.5 0.00120661
16.5 18 -0.000879327
16.5 18.5 -0.00203172
16.5 19 -0.00356579
16.5 19.5 -0.00499921
16.5 20 -0.000714046
16.5 20.5 0

17 0 0
17 0.5 -0.000651315
17 1 -0.00413524
17 1.5 -0.0030434
17 2 -0.00138178
17 2.5 -0.00113002
17 3 -5.07799e-05
17 3.5 0.00179791
17 4 0.00234978
17 4.5 0.00412785
17 5 0.0059115
17 5.5 0.00742536
17 6 0.00758796
17 6.5 0.00667188
17 7 0.00740918
17 7.5 0.0070234
17 8 0.00693631
17 8.5 0.00932184
17 9 0.00839288
17 9.5 0.0104689
17 10 0.00932951
17 10.5 0.0103485
17 11 0.00868512
17 11.5 0.00911383
17 12 0.00657667
17 12.5 0.00776231
17 13 0.00744579
17 13.5 0.00769394
17 14 0.008372
17 14.5 0.00730119
17 15 0.00671147
17 15.5 0.00545938
17 16 0.00306403
17 16.5 0.00122452
17 17 -0.000588011
17 17.5 -0.00159995
17 18 -0.00208968
17 18.5 -0.00221337
17 19 -0.001363
17 19.5 -0.00266923
17 20 -0.000461211
17 20.5 0

17.5 0 0
17.5 0.5 -0.000503269
17.5 1 -0.00365979
17.5 1.5 -0.0031555
17.5 2 -0.000538828
17.5 2.5 -5.9066e-05
17.5 3 0.000632035
17.5 3.5 0.00220406
17.5 4 0.00288073
17.5 4.5 0.00136524
17.5 5 0.00419991
17.5 5.5 0.00569809
17.5 6 0.00582561
17.5 6.5 0.00788615
17.5 7 0.00610226
17.5 7.5 0.00746202
17.5 8 0.0073624
17.5 8.5 0.010856
17.5 9 0.010703
17.5 9.5 0.0122397
17.5 10 0.0120134
17.5 10.5 0.0124005
17.5 11 0.0110077
17.5 11.5 0.0112916
17.5 12 0.00765602
17.5 12.5 0.00892162
17.5 13 0.00705948
17.5 13.5 0.00857062
17.5 14 0.00586148
17.5 14.5 0.00781199
17.5 15 0.0064824
17.5 15.5 0.00360628
17.5 16 0.00352116
17.5 16.5 0.000188999
17.5 17 -0.00103807
17.5 17.5 -0.00257111
17.5 18 -0.00225482
17.5 18.5 -0.00103783
17.5 19 -0.00182019
17.5 19.5 -0.00141968
17.5 20 -0.00016687
17.5 20.5 0

18 0 0
18 0.5 -0.000472861
18 1 -0.00276244
18 1.5 -0.00258697
18 2 -0.00184021
18 2.5 -0.00043536
18 3 -0.00123588
18 3.5 0.00162532
18 4 0.000560913
18 4.5 0.00280793
18 5 0.00280432
18 5.5 0.00584337
18 6 0.00561257
18 6.5 0.00691546
18 7 0.00766494
18 7.5 0.00717533
18 8 0.0096197
18 8.5 0.00890231
18 9 0.0116939
18 9.5 0.0120079
18 10 0.0127747
18 10.5 0.0130089
18 11 0.0126853
18 11.5 0.00992621
18 12 0.00924304
18 12.5 0.00680034
18 13 0.0082615
18 13.5 0.00764435
18 14 0.00705276
18 14.5 0.00628439
18 15 0.0040233
18 15.5 0.00392781
18 16 0.00197308
18 16.5 0.000755287
18 17 -0.00239835
18 17.5 -0.0024336
18 18 -0.00272888
18 18.5 -0.00110099
18 19 -0.000831986
18 19.5 -0.0013393
18 20 -0.000260385
18 20.5 0

18.5 0 0
18.5 0.5 -0.000251747
18.5 1 -0.00241936
18.5 1.5 -0.00362405
18.5 2 -0.00229479
18.5 2.5 -0.0013921
18.5 3 -0.00161882
18.5 3.5 0.00185245
18.5 4 0.000937126
18.5 4.5 0.00158302
18.5 5 0.00458547
18.5 5.5 0.00607238
18.5 6 0.0071646
18.5 6.5 0.00673896
18.5 7 0.0056858
18.5 7.5 0.00803681
18.5 8 0.00696292
18.5 8.5 0.011584
18.5 9 0.0109571
18.5 9.5 0.011988
18.5 10 0.0119725
18.5 10.5 0.0123557
18.5 11 0.0127544
18.5 11.5 0.0116024
18.5 12 0.00880754
18.5 12.5 0.00929332
18.5 13 0.00562221
18.5 13.5 0.00800861
18.5 14 0.00506617
18.5 14.5 0.00587323
18.5 15 0.00600319
18.5 15.5 0.00357249
18.5 16 0.00295765
18.5 16.5 0.000449244
18.5 17 -0.00140485
18.5 17.5 -0.000837425
18.5 18 -0.00270876
18.5 18.5 -0.00229834
18.5 19 -0.00239832
18.5 19.5 -0.00182101
18.5 20 -0.000204702
18.5 20.5 0

19 0 0
19 0.5 -0.000105881
19 1 -0.00121153
19 1.5 -0.00288496
19 2 -0.00285127
19 2.5 -0.00329611
19 3 -0.00256078
19 3.5 -0.000955929
19 4 0.000389083
19 4.5 0.00268448
19 5 0.0051048
19 5.5 0.00727618
19 6 0.00692403
19 6.5 0.00745088
19 7 0.00655355
19 7.5 0.00675117
19 8 0.00801037
19 8.5 0.00955633
19 9 0.0102395
19 9.5 0.00915812
19 10 0.0101047
19 10.5 0.0101723
19 11 0.0112639
19 11.5 0.0105275
19 12 0.00868274
19 12.5 0.00684628
19 13 0.00680562
19 13.5 0.00676631
19 14 0.00581608
19 14.5 0.00543365
19 15 0.00458517
19 15.5 0.00434599
19 16 0.00339056
19 16.5 0.00118786
19 17 -0.000809818
19 17.5 -0.0016959
19 18 -0.00228933
19 18.5 -0.00250221
19 19 -0.00156557
19 19.5 -0.00195472
19 20 -0.000341044
19 20.5 0

19.5 0 0
19.5 0.5 4.62356e-05
19.5 1 -0.00016864
19.5 1.5 -0.00214012
19.5 2 -0.00310293
19.5 2.5 -0.00366558
19.5 3 -0.00235481
19.5 3.5 -0.000803529
19.5 4 0.00133532
19.5 4.5 0.00276875
19.5 5 0.00582636
19.5 5.5 0.00753324
19.5 6 0.00758954
19.5 6.5 0.00643154
19.5 7 0.00453797
19.5 7.5 0.00691452
19.5 8 0.0053764
19.5 8.5 0.00696526
19.5 9 0.00589859
19.5 9.5 0.00690581
19.5 10 0.00607055
19.5 10.5 0.00766977
19.5 11 0.00782768
19.5 11.5 0.00827207
19.5 12 0.00597633
19.5 12.5 0.00596891
19.5 13 0.00380936
19.5 13.5 0.0061963
19.5 14 0.00444526
19.5 14.5 0.00443252
19.5 15 0.0043525
19.5 15.5 0.00541927
19.5 16 0.00386076
19.5 16.5 0.000747461
19.5 17 0.000703188
19.5 17.5 -0.00040854
19.5 18 -0.0011183
19.5 18.5 -0.00176642
19.5 19 -0.00239498
19.5 19.5 -0.00209722
19.5 20 -0.000238806
19.5 20.5 0

20 0 0
20 0.5 0.000127388
20 1 0.000543785
20 1.5 -0.00198432
20 2 -0.00273689
20 2.5 -0.0027575
20 3 -0.00288187
20 3.5 -0.000267718
20 4 -0.000135521
20 4.5 0.00298407
20 5 0.0061902
20 5.5 0.00779655
20 6 0.0074818
20 6.5 0.00601577
20 7 0.0037547
20 7.5 0.00410146
20 8 0.0039619
20 8.5 0.00690799
20 9 0.00452434
20 9.5 0.00506629
20 10 0.00544362
20 10.5 0.00640618
20 11 0.00596743
20 11.5 0.00684837
20 12 0.00185365
20 12.5 0.00343822
20 13 0.00333393
20 13.5 0.00430804
20 14 0.00369873
20 14.5 0.00512732
20 15 0.00470393
20 15.5 0.00446597
20 16 0.00381297
20 16.5 0.00216052
20 17 7.3032e-05
20 17.5 0.000337308
20 18 -0.00160229
20 18.5 -0.00205645
20 19 -0.00142432
20 19.5 -0.00192826
20 20 -0.000300758
20 20.5 0

20.5 0 0
20.5 0.5 -0.000102092
20.5 1 -0.000528727
20.5 1.5 -0.00139079
20.5 2 -0.00263991
20.5 2.5 -0.00331744
20.5 3 -0.00211468
20.5 3.5 -0.000360631
20.5 4 0.000769073
20.5 4.5 0.00384195
20.5 5 0.00524273
20.5 5.5 0.00681551
20.5 6 0.00759933
20.5 6.5 0.00379653
20.5 7 0.00151922
20.5 7.5 0.00252557
20.5 8 0.00181748
20.5 8.5 0.00271491
20.5 9 0.00340491
20.5 9.5 0.00500169
20.5 10 0.00430606
20.5 10.5 0.00529281
20.5 11 0.00482842
20.5 11.5 0.00337045
20.5 12 0.00135251
20.5 12.5 -0.000144476
20.5 13 0.000289576
20.5 13.5 0.00347676
20.5 14 0.00380922
20.5 14.5 0.00458029
20.5 15 0.00559382
20.5 15.5 0.00589462
20.5 16 0.00351934
20.5 16.5 0.00239708
20.5 17 0.000858481
20.5 17.5 -0.00109757
20.5 18 -0.000775995
20.5 18.5 -0.000910645
20.5 19 -0.00269063
20.5 19.5 -0.00246176
20.5 20 -0.000236608
20.5 20.5 0

21 0 0
21 0.5 -1.57979e-05
21 1 -0.000828109
21 1.5 -0.00283219
21 2 -0.00171174
21 2.5 -0.00382811
21 3 -0.000169706
21 3.5 -0.00132676
21 4 0.000534013
21 4.5 0.00162806
21 5 0.00378093
21 5.5 0.00559338
21 6 0.00548714
21 6.5 0.00314833
21 7 0.0011894
21 7.5 0.00127414
21 8 0.00414356
21 8.5 0.0029797
21 9 0.00651756
21 9.5 0.00424511
21 10 0.00844432
21 10.5 0.0060276
21 11 0.00748482
21 11.5 0.00273057
21 12 0.00145627
21 12.5 -0.00100354
21 13 0.0017025
21 13.5 0.00310274
21 14 0.00387871
21 14.5 0.00393812
21 15 0.00436698
21 15.5 0.00378647
21 16 0.00310477
21 16.5 -0.000209688
21 17 7.78952e-05
21 17.5 -0.002628
21 18 -0.000929138
21 18.5 -0.0020272
21 19 -0.000853831
21 19.5 -0.00199856
21 20 -0.00033094
21 20.5 0

21.5 0 0
21.5 0.5 -2.69301e-05
21.5 1 -0.000468138
21.5 1.5 -0.00148756
21.5 2 -0.00211945
21.5 2.5 -0.00185291
21.5 3 -0.00174155
21.5 3.5 -0.00074751
21.5 4 0.000482899
21.5 4.5 0.0008546
21.5 5 0.00336554
21.5 5.5 0.00441382
21.5 6 0.00525323
21.5 6.5 0.00276267
21.5 7 0.00215794
21.5 7.5 0.00159782
21.5 8 0.00162286
21.5 8.5 0.00351707
21.5 9 0.00445401
21.5 9.5 0.00550973
21.5 10 0.00626964
21.5 10.5 0.00707833
21.5 11 0.00494825
21.5 11.5 0.00303587
21.5 12 0.000255445
21.5 12.5 0.000267107
21.5 13 0.00102645
21.5 13.5 0.00240769
21.5 14 0.00431544
21.5 14.5 0.00439152
21.5 15 0.00487342
21.5 15.5 0.00331569
21.5 16 0.00230286
21.5 16.5 -0.000496732
21.5 17 -0.00138097
21.5 17.5 -0.00270232
21.5 18 -0.00179521
21.5 18.5 -0.000813743
21.5 19 -0.00126347
21.5 19.5 -0.000518603
21.5 20 6.07385e-06
21.5 20.5 0

22 0 0
22 0.5 4.69111e-05
22 1 0.000533229
22 1.5 0.000391469
22 2 -0.00255978
22 2.5 -0.00205931
22 3 -0.0018817
22 3.5 -0.000201429
22 4 -0.00176271
22 4.5 -0.00131395
22 5 0.00117851
22 5.5 0.0030065
22 6 0.00390364
22 6.5 0.00187672
22 7 0.00195189
22 7.5 0.00069065
22 8 0.00296113
22 8.5 0.00268004
22 9 0.00400934
22 9.5 0.00379747
22 10 0.00572461
22 10.5 0.00551175
22 11 0.00515522
22 11.5 0.0013715
22 12 -3.64949e-06
22 12.5 -0.000824242
22 13 0.0026186
22 13.5 0.00222592
22 14 0.00370551
22 14.5 0.00249665
22 15 0.0024108
22 15.5 0.000722047
22 16 0.000557212
22 16.5 -0.00183906
22 17 -0.00389512
22 17.5 -0.0027757
22 18 -0.00275217
22 18.5 0.000191504
22 19 -0.000325628
22 19.5 0.00125292
22 20 0.000314391
22 20.5 0

22.5 0 0
22.5 0.5 0.000157806
22.5 1 0.00120418
22.5 1.5 0.000484776
22.5 2 0.000737245
22.5 2.5 -0.000120227
22.5 3 0.000866759
22.5 3.5 -0.00123883
22.5 4 -0.000284956
22.5 4.5 -0.000679837
22.5 5 0.000752854
22.5 5.5 0.00136769
22.5 6 -0.000311669
22.5 6.5 0.000824262
22.5 7 -0.00126129
22.5 7.5 -0.000476348
22.5 8 -9.64817e-06
22.5 8.5 0.0011696
22.5 9 0.000395487
22.5 9.5 0.00110808
22.5 10 0.00237265
22.5 10.5 0.00199768
22.5 11 0.00124188
22.5 11.5 0.00128315
22.5 12 -0.000882127
22.5 12.5 -0.000501252
22.5 13 -0.000656508
22.5 13.5 0.000655193
22.5 14 0.000133998
22.5 14.5 0.000250296
22.5 15 0.000426588
22.5 15.5 0.000825988
22.5 16 0.000120198
22.5 16.5 -0.00141684
22.5 17 -0.00173055
22.5 17.5 -0.00275232
22.5 18 0.00010915
22.5 18.5 0.00101007
22.5 19 0.00171546
22.5 19.5 0.00153662
22.5 20 0.000180649
22.5 20.5 0

23 0 0
23 0.5 9.22827e-05
23 1 0.000829941
23 1.5 0.00118615
23 2 -0.00179344
23 2.5 -0.00151647
23 3 -0.000878214
23 3.5 3.22235e-05
23 4 -0.00188908
23 4.5 0.00106069
23 5 -0.000573682
23 5.5 0.00185177
23 6 0.000978574
23 6.5 -0.00100166
23 7 0.000274533
23 7.5 -0.000879744
23 8 -0.00146789
23 8.5 -0.00119307
23 9 -0.000964308
23 9.5 -0.00211845
23 10 -0.000750268
23 10.5 -0.00115505
23 11 0.00119969
23 11.5 -0.000203206
23 12 -0.000424074
23 12.5 -0.000479399
23 13 -0.000118906
23 13.5 -0.000516392
23 14 0.000115329
23 14.5 -0.00142581
23 15 -0.000635914
23 15.5 0.001425
23 16 -0.000749616
23 16.5 7.57127e-05
23 17 -0.00232015
23 17.5 -0.0010305
23 18 -0.00142651
23 18.5 -0.0002214
23 19 0.000929036
23 19.5 0.000824924
23 20 0.000130655
23 20.5 0

23.5 0 0
23.5 0.5 -6.40495e-05
23.5 1 -0.000292381
23.5 1.5 -7.02145e-05
23.5 2 0.000313094
23.5 2.5 0.00113208
23.5 3 0.00149486
23.5 3.5 0.00187094
23.5 4 0.001596
23.5 4.5 0.00215553
23.5 5 0.00285334
23.5 5.5 0.00097694
23.5 6 0.000601848
23.5 6.5 0.000344249
23.5 7 -0.000827719
23.5 7.5 0.000157774
23.5 8 -0.00104687
23.5 8.5 -0.000633536
23.5 9 -0.000744529
23.5 9.5 -0.00269234
23.5 10 -0.00296597
23.5 10.5 -0.00074449
23.5 11 0.000443776
23.5 11.5 0.00135371
23.5 12 0.000452241
23.5 12.5 0.000356915
23.5 13 0.000388235
23.5 13.5 -1.37354e-05
23.5 14 -0.00125152
23.5 14.5 -0.000526523
23.5 15 0.00127183
23.5 15.5 0.00138047
23.5 16 0.0023406
23.5 16.5 0.00167266
23.5 17 0.00130937
23.5 17.5 0.00123756
23.5 18 0.00109971
23.5 18.5 0.00109036
23.5 19 0.000639748
23.5 19.5 -0.000806597
23.5 20 -0.000230425
23.5 20.5 0

24 0 0
24 0.5 -9.5666e-05
24 1 -0.000761048
24 1.5 -0.000400881
24 2 -0.000977211
24 2.5 -0.000795929
24 3 8.99283e-05
24 3.5 0.000294944
24 4 0.000340032
24 4.5 0.00101741
24 5 0.00107491
24 5.5 9.91266e-05
24 6 0.00135743
24 6.5 -0.000320221
24 7 0.00228513
24 7.5 0.000307796
24 8 0.00110998
24 8.5 0.000403835
24 9 0.00120901
24 9.5 -0.00175979
24 10 0.00168388
24 10.5 -0.000101996
24 11 0.00357314
24 11.5 0.00246252
24 12 0.00343179
24 12.5 0.00166842
24 13 0.0019934
24 13.5 -0.00170109
24 14 0.000334899
24 14.5 -0.00119602
24 15 0.000655284
24 15.5 0.000360119
24 16 0.000998531
24 16.5 0.000714629
24 17 0.000992819
24 17.5 0.000225278
24 18 3.19975e-05
24 18.5 -0.000255904
24 19 -0.000754344
24 19.5 -0.00108201
24 20 -0.000179779
24 20.5 0

24.5 0 0
24.5 0.5 -2.09693e-06
24.5 1 -5.89371e-05
24.5 1.5 -0.000524085
24.5 2 -0.00018676
24.5 2.5 0.000714079
24.5 3 -0.000120065
24.5 3.5 0.000585611
24.5 4 0.00066725
24.5 4.5 -0.000656072
24.5 5 -0.000586962
24.5 5.5 -0.00160517
24.5 6 -0.0017968
24.5 6.5 -0.000589178
24.5 7 0.000685076
24.5 7.5 0.000801556
24.5 8 0.00134936
24.5 8.5 -0.000871409
24.5 9 -0.000459026
24.5 9.5 4.06172e-05
24.5 10 -0.000901126
24.5 10.5 0.000962748
24.5 11 0.000267853
24.5 11.5 0.00152555
24.5 12 0.00171432
24.5 12.5 0.000866405
24.5 13 0.00182409
24.5 13.5 -0.00081288
24.5 14 -0.00185804
24.5 14.5 -0.00212247
24.5 15 -0.000522209
24.5 15.5 -0.000845995
24.5 16 -0.000659007
24.5 16.5 0.0005103
24.5 17 0.000683254
24.5 17.5 0.000908358
24.5 18 -7.59255e-05
24.5 18.5 0.000104985
24.5 19 -0.000843356
24.5 19.5 -0.000610409
24.5 20 -1.18564e-05
24.5 20.5 0

25 0 0
25 0.5 4.41885e-05
25 1 0.000523604
25 1.5 0.00123723
25 2 8.25846e-05
25 2.5 0.0010907
25 3 0.000338471
25 3.5 0.000424272
25 4 -0.000783474
25 4.5 -0.00102643
25 5 -0.00233101
25 5.5 -0.00274138
25 6 -0.00254827
25 6.5 -0.00170798
25 7 -0.000229319
25 7.5 -0.000821717
25 8 -0.0011811
25 8.5 -0.00105412
25 9 -0.00147663
25 9.5 -0.00208092
25 10 -0.00253336
25 10.5 -0.00328523
25 11 -0.00332597
25 11.5 -0.00224711
25 12 -0.000733268
25 12.5 -0.00106389
25 13 -0.00142731
25 13.5 -0.00184607
25 14 -0.00110095
25 14.5 -0.000955999
25 15 -0.00176643
25 15.5 -0.00188079
25 16 -0.0015169
25 16.5 -0.000371294
25 17 0.000671813
25 17.5 0.00099001
25 18 2.08566e-06
25 18.5 0.000632308
25 19 -1.72643e-05
25 19.5 0.00097905
25 20 0.000158785
25 20.5 0

25.5 0 0
25.5 0.5 0.000208444
25.5 1 0.00131782
25.5 1.5 0.00157391
25.5 2 0.00200972
25.5 2.5 0.00102451
25.5 3 0.000260651
25.5 3.5 -0.000420827
25.5 4 -0.00103769
25.5 4.5 -0.00203754
25.5 5 -0.00353206
25.5 5.5 -0.00456882
25.5 6 -0.00456935
25.5 6.5 -0.00381952
25.5 7 -0.00312177
25.5 7.5 -0.00316572
25.5 8 -0.00386034
25.5 8.5 -0.00436117
25.5 9 -0.0047832
25.5 9.5 -0.00521143
25.5 10 -0.00627199
25.5 10.5 -0.0073794
25.5 11 -0.00737157
25.5 11.5 -0.00668229
25.5 12 -0.00552142
25.5 12.5 -0.00461398
25.5 13 -0.00428354
25.5 13.5 -0.00335244
25.5 14 -0.00243267
25.5 14.5 -0.00227686
25.5 15 -0.00291752
25.5 15.5 -0.00335929
25.5 16 -0.00295079
25.5 16.5 -0.00123751
25.5 17 0.000500055
25.5 17.5 0.000978874
25.5 18 0.000927519
25.5 18.5 0.000425791
25.5 19 0.00133894
25.5 19.5 0.00192143
25.5 20 0.000266028
25.5 20.5 0

26 0 0
26 0.5 0
26 1 0.000208444
26 1.5 0.000211358
26 2 0.000394029
26 2.5 0.000112355
26 3 3.23656e-05
26 3.5 -0.000136648
26 4 -0.000140846
26 4.5 -0.000316948
26 5 -0.000460453
26 5.5 -0.00073285
26 6 -0.000694056
26 6.5 -0.000615911
26 7 -0.000595247
26 7.5 -0.00049898
26 8 -0.000605192
26 8.5 -0.000729118
26 9 -0.000737073
26 9.5 -0.000803899
26 10 -0.000993442
26 10.5 -0.00110274
26 11 -0.00110923
26 11.5 -0.00103077
26 12 -0.000919326
26 12.5 -0.000727439
26 13 -0.000673561
26 13.5 -0.000514145
26 14 -0.000422365
26 14.5 -0.000445497
26 15 -0.00043821
26 15.5 -0.000527086
26 16 -0.000432062
26 16.5 -0.000196369
26 17 5.75325e-05
26 17.5 0.000138986
26 18 0.000199288
26 18.5 4.25727e-05
26 19 0.000216276
26 19.5 0.000266028
26 20 0
26 20.5 0

26.5 0 0
26.5 0.5 0
26.5 1 0
26.5 1.5 0
26.5 2 0
26.5 2.5 0
26.5 3 0
26.5 3.5 0
26.5 4 0
26.5 4.5 0
26.5 5 0
26.5 5.5 0
26.5 6 0
26.5 6.5 0
26.5 7 0
26.5 7.5 0
26.5 8 0
26.5 8.5 0
26.5 9 0
26.5 9.5 0
26.5 10 0
26.5 10.5 0
26.5 11 0
26.5 11.5 0
26.5 12 0
26.5 12.5 0
26.5 13 0
26.5 13.5 0
26.5 14 0
26.5 14.5 0
26.5 15 0
26.5 15.5 0
26.5 16 0
26.5 16.5 0
26.5 17 0
26.5 17.5 0
26.5 18 0
26.5 18.5 0
26.5 19 0
26.5 19.5 0
26.5 20 0
26.5 20.5 0

