0 0 0
0 0.5 0
0 1 0
0 1.5 0
0 2 0
0 2.5 0
0 3 0
0 3.5 0
0 4 0
0 4.5 0
0 5 0
0 5.5 0
0 6 0
0 6.5 0
0 7 0
0 7.5 0
0 8 0
0 8.5 0
0 9 0
0 9.5 0
0 10 0
0 10.5 0
0 11 0
0 11.5 0
0 12 0
0 12.5 0
0 13 0
0 13.5 0
0 14 0
0 14.5 0
0 15 0
0 15.5 0
0 16 0
0 16.5 0
0 17 0
0 17.5 0
0 18 0
0 18.5 0
0 19 0
0 19.5 0
0 20 0
0 20.5 0

0.5 0 0
0.5 0.5 0
0.5 1 0.0772525
0.5 1.5 0.0343552
0.5 2 0.00398394
0.5 2.5 -0.00091331
0.5 3 -0.00512863
0.5 3.5 -0.0312977
0.5 4 -0.0610211
0.5 4.5 -0.0587123
0.5 5 -0.0311206
0.5 5.5 -0.0173169
0.5 6 -0.039122
0.5 6.5 -0.0681472
0.5 7 -0.0685159
0.5 7.5 -0.0447068
0.5 8 -0.0333334
0.5 8.5 -0.0438015
0.5 9 -0.0504243
0.5 9.5 -0.0389489
0.5 10 -0.0307311
0.5 10.5 -0.0484305
0.5 11 -0.0682379
0.5 11.5 -0.0569622
0.5 12 -0.0271419
0.5 12.5 -0.0317456
0.5 13 -0.0855268
0.5 13.5 -0.126285
0.5 14 -0.0951721
0.5 14.5 -0.0226602
0.5 15 0.00370689
0.5 15.5 -0.0397819
0.5 16 -0.0794973
0.5 16.5 -0.0464106
0.5 17 0.0189685
0.5 17.5 0.0258656
0.5 18 -0.0337348
0.5 18.5 -0.0605451
0.5 19 0.0167727
0.5 19.5 0.132204
0.5 20 0
0.5 20.5 0

1 0 0
1 0.5 0.0772525
1 1 0.505964
1 1.5 0.226316
1 2 0.0239105
1 2.5 -0.00847974
1 3 -0.0357043
1 3.5 -0.205888
1 4 -0.396146
1 4.5 -0.383148
1 5 -0.198707
1 5.5 -0.110431
1 6 -0.251796
1 6.5 -0.444644
1 7 -0.446177
1 7.5 -0.295033
1 8 -0.218015
1 8.5 -0.286088
1 9 -0.331366
1 9.5 -0.254948
1 10 -0.206476
1 10.5 -0.318531
1 11 -0.449352
1 11.5 -0.37138
1 12 -0.176524
1 12.5 -0.210658
1 13 -0.560961
1 13.5 -0.827726
1 14 -0.621076
1 14.5 -0.146703
1 15 0.0282741
1 15.5 -0.256618
1 16 -0.514594
1 16.5 -0.302821
1 17 0.125889
1 17.5 0.168281
1 18 -0.223065
1 18.5 -0.39748
1 19 0.108292
1 19.5 0.864223
1 20 0.132204
1 20.5 0

1.5 0 0
1.5 0.5 0.0198187
1.5 1 0.13388
1.5 1.5 0.024434
1.5 2 -0.0345402
1.5 2.5 0.0105638
1.5 3 0.0453658
1.5 3.5 -0.0194465
1.5 4 -0.0919428
1.5 4.5 -0.0329017
1.5 5 0.136059
1.5 5.5 0.215267
1.5 6 0.106587
1.5 6.5 -0.0742474
1.5 7 -0.147891
1.5 7.5 -0.121688
1.5 8 -0.127183
1.5 8.5 -0.207932
1.5 9 -0.258163
1.5 9.5 -0.212625
1.5 10 -0.189854
1.5 10.5 -0.277544
1.5 11 -0.376344
1.5 11.5 -0.308412
1.5 12 -0.127856
1.5 12.5 -0.0854153
1.5 13 -0.259502
1.5 13.5 -0.393251
1.5 14 -0.219037
1.5 14.5 0.137768
1.5 15 0.285455
1.5 15.5 0.080691
1.5 16 -0.152461
1.5 16.5 -0.0902589
1.5 17 0.146316
1.5 17.5 0.159441
1.5 18 -0.117187
1.5 18.5 -0.282819
1.5 19 -0.0352865
1.5 19.5 0.381601
1.5 20 0.058073
1.5 20.5 0

2 0 0
2 0.5 -0.0104403
2 1 -0.0652406
2 1.5 -0.047929
2 2 -0.00790122
2 2.5 0.0458846
2 3 0.0614767
2 3.5 0.0320527
2 4 0.0163811
2 4.5 0.0797267
2 5 0.196296
2 5.5 0.270489
2 6 0.228129
2 6.5 0.12259
2 7 0.0413239
2 7.5 0.0140024
2 8 -0.016887
2 8.5 -0.0599555
2 9 -0.0951283
2 9.5 -0.0938018
2 10 -0.113607
2 10.5 -0.178074
2 11 -0.248977
2 11.5 -0.204912
2 12 -0.0643605
2 12.5 0.0487096
2 13 0.0345264
2 13.5 -0.0164551
2 14 0.0436109
2 14.5 0.203619
2 15 0.271846
2 15.5 0.148594
2 16 -0.0451861
2 16.5 -0.102071
2 17 -0.00845215
2 17.5 0.0715864
2 18 0.0300214
2 18.5 -0.0416819
2 19 -0.0249233
2 19.5 0.0507476
2 20 0.00699592
2 20.5 0

2.5 0 0
2.5 0.5 0.00634106
2.5 1 0.041115
2.5 1.5 0.0971416
2.5 2 0.126696
2.5 2.5 0.0822222
2.5 3 -0.0194857
2.5 3.5 -0.107825
2.5 4 -0.156465
2.5 4.5 -0.189184
2.5 5 -0.189969
2.5 5.5 -0.156656
2.5 6 -0.100882
2.5 6.5 -0.0524283
2.5 7 -0.0305529
2.5 7.5 -0.00661243
2.5 8 0.0498469
2.5 8.5 0.106351
2.5 9 0.112346
2.5 9.5 0.05089
2.5 10 -0.0252126
2.5 10.5 -0.070343
2.5 11 -0.0918176
2.5 11.5 -0.0793858
2.5 12 -0.0214584
2.5 12.5 0.0759459
2.5 13 0.146939
2.5 13.5 0.115255
2.5 14 -0.00550757
2.5 14.5 -0.134317
2.5 15 -0.207052
2.5 15.5 -0.245841
2.5 16 -0.319613
2.5 16.5 -0.388794
2.5 17 -0.322389
2.5 17.5 -0.087845
2.5 18 0.192805
2.5 18.5 0.306308
2.5 19 0.185492
2.5 19.5 0.0131109
2.5 20 0.00173327
2.5 20.5 0

3 0 0
3 0.5 0.015035
3 1 0.0931421
3 1.5 0.192342
3 2 0.234242
3 2.5 0.112806
3 3 -0.0554193
3 3.5 -0.148882
3 4 -0.206261
3 4.5 -0.337039
3 5 -0.498951
3 5.5 -0.549317
3 6 -0.44422
3 6.5 -0.305453
3 7 -0.22678
3 7.5 -0.162109
3 8 -0.0122935
3 8.5 0.171035
3 9 0.195955
3 9.5 0.0610935
3 10 -0.0859826
3 10.5 -0.0841893
3 11 -0.0216567
3 11.5 -0.022071
3 12 -0.0793406
3 12.5 -0.0475405
3 13 0.072409
3 13.5 0.0791963
3 14 -0.160974
3 14.5 -0.510066
3 15 -0.671959
3 15.5 -0.582714
3 16 -0.47174
3 16.5 -0.489162
3 17 -0.455166
3 17.5 -0.136944
3 18 0.346994
3 18.5 0.563632
3 19 0.314536
3 19.5 -0.0818632
3 20 -0.0125226
3 20.5 0

3.5 0 0
3.5 0.5 -0.030348
3.5 1 -0.203217
3.5 1.5 0.0207057
3.5 2 0.162657
3.5 2.5 0.10778
3.5 3 0.0382486
3.5 3.5 0.104217
3.5 4 0.176178
3.5 4.5 0.0465378
3.5 5 -0.219645
3.5 5.5 -0.379919
3.5 6 -0.335449
3.5 6.5 -0.263313
3.5 7 -0.305993
3.5 7.5 -0.346909
3.5 8 -0.201888
3.5 8.5 0.0467037
3.5 9 0.0965295
3.5 9.5 -0.120077
3.5 10 -0.287901
3.5 10.5 -0.20632
3.5 11 -0.0121346
3.5 11.5 -0.0201592
3.5 12 -0.212212
3.5 12.5 -0.282898
3.5 13 -0.098617
3.5 13.5 0.0561273
3.5 14 -0.130925
3.5 14.5 -0.508631
3.5 15 -0.634458
3.5 15.5 -0.365362
3.5 16 -0.0531293
3.5 16.5 -0.051045
3.5 17 -0.166944
3.5 17.5 0.00493655
3.5 18 0.424379
3.5 18.5 0.568567
3.5 19 0.120741
3.5 19.5 -0.502665
3.5 20 -0.0759788
3.5 20.5 0

4 0 0
4 0.5 -0.0901526
4 1 -0.591305
4 1.5 -0.244256
4 2 0.00590145
4 2.5 0.0520879
4 3 0.127871
4 3.5 0.400678
4 4 0.668699
4 4.5 0.632858
4 5 0.342859
4 5.5 0.134402
4 6 0.116241
4 6.5 0.0508776
4 7 -0.219176
4 7.5 -0.459091
4 8 -0.364046
4 8.5 -0.0481626
4 9 0.0682454
4 9.5 -0.141714
4 10 -0.302414
4 10.5 -0.110122
4 11 0.193664
4 11.5 0.16201
4 12 -0.214512
4 12.5 -0.45102
4 13 -0.246898
4 13.5 0.0780563
4 14 0.0612192
4 14.5 -0.219962
4 15 -0.242807
4 15.5 0.194827
4 16 0.634967
4 16.5 0.604016
4 17 0.258832
4 17.5 0.149599
4 18 0.375148
4 18.5 0.394519
4 19 -0.185543
4 19.5 -0.963626
4 20 -0.147168
4 20.5 0

4.5 0 0
4.5 0.5 -0.0906522
4.5 1 -0.593253
4.5 1.5 -0.257111
4.5 2 -0.052743
4.5 2.5 -0.0681697
4.5 3 -0.0045187
4.5 3.5 0.332344
4.5 4 0.698703
4.5 4.5 0.734286
4.5 5 0.500093
4.5 5.5 0.35717
4.5 6 0.3982
4.5 6.5 0.308162
4.5 7 -0.0763611
4.5 7.5 -0.433865
4.5 8 -0.322291
4.5 8.5 0.119523
4.5 9 0.371323
4.5 9.5 0.20664
4.5 10 0.078687
4.5 10.5 0.335014
4.5 11 0.722871
4.5 11.5 0.636852
4.5 12 0.0714219
4.5 12.5 -0.38928
4.5 13 -0.281989
4.5 13.5 0.100858
4.5 14 0.192832
4.5 14.5 -0.0376852
4.5 15 -0.0325644
4.5 15.5 0.440827
4.5 16 0.903608
4.5 16.5 0.814299
4.5 17 0.317345
4.5 17.5 0.0365777
4.5 18 0.18885
4.5 18.5 0.246654
4.5 19 -0.249266
4.5 19.5 -0.961339
4.5 20 -0.14698
4.5 20.5 0

5 0 0
5 0.5 -0.0296184
5 1 -0.191497
5 1.5 0.00894039
5 2 0.0275645
5 2.5 -0.191103
5 3 -0.303064
5 3.5 -0.0918517
5 4 0.211265
5 4.5 0.221958
5 5 0.048735
5 5.5 0.0626012
5 6 0.304614
5 6.5 0.371603
5 7 0.0503062
5 7.5 -0.263172
5 8 -0.0572488
5 8.5 0.537587
5 9 0.889609
5 9.5 0.748513
5 10 0.59132
5 10.5 0.858589
5 11 1.27298
5 11.5 1.19741
5 12 0.527236
5 12.5 -0.112407
5 13 -0.159897
5 13.5 0.153037
5 14 0.206068
5 14.5 -0.080696
5 15 -0.187443
5 15.5 0.161503
5 16 0.548198
5 16.5 0.422064
5 17 -0.0731144
5 17.5 -0.312706
5 18 -0.0411959
5 18.5 0.223997
5 19 -0.0157313
5 19.5 -0.502279
5 20 -0.0762962
5 20.5 0

5.5 0 0
5.5 0.5 0.0179501
5.5 1 0.118513
5.5 1.5 0.221658
5.5 2 0.117438
5.5 2.5 -0.249883
5.5 3 -0.517305
5.5 3.5 -0.44225
5.5 4 -0.257883
5.5 4.5 -0.30722
5.5 5 -0.449165
5.5 5.5 -0.297056
5.5 6 0.153359
5.5 6.5 0.418176
5.5 7 0.241495
5.5 7.5 0.00663481
5.5 8 0.269411
5.5 8.5 0.888761
5.5 9 1.21237
5.5 9.5 0.994344
5.5 10 0.724221
5.5 10.5 0.945714
5.5 11 1.38566
5.5 11.5 1.41562
5.5 12 0.838544
5.5 12.5 0.213271
5.5 13 0.0988274
5.5 13.5 0.308938
5.5 14 0.294221
5.5 14.5 -0.0732527
5.5 15 -0.323925
5.5 15.5 -0.167111
5.5 16 0.0696186
5.5 16.5 -0.0953718
5.5 17 -0.514628
5.5 17.5 -0.603374
5.5 18 -0.173079
5.5 18.5 0.258109
5.5 19 0.201769
5.5 19.5 -0.132433
5.5 20 -0.0199039
5.5 20.5 0

6 0 0
6 0.5 0.00249867
6 1 0.0167143
6 1.5 0.152294
6 2 0.0933592
6 2.5 -0.235043
6 3 -0.481741
6 3.5 -0.421041
6 4 -0.267786
6 4.5 -0.328338
6 5 -0.454949
6 5.5 -0.252531
6 6 0.252211
6 6.5 0.59478
6 7 0.475202
6 7.5 0.254556
6 8 0.454862
6 8.5 0.945874
6 9 1.12196
6 9.5 0.751996
6 10 0.372829
6 10.5 0.519693
6 11 0.994087
6 11.5 1.18692
6 12 0.860827
6 12.5 0.413477
6 13 0.341407
6 13.5 0.534847
6 14 0.523224
6 14.5 0.192561
6 15 -0.106787
6 15.5 -0.0990263
6 16 -0.0421486
6 16.5 -0.276306
6 17 -0.635158
6 17.5 -0.623126
6 18 -0.148904
6 18.5 0.260781
6 19 0.159492
6 19.5 -0.211946
6 20 -0.0325148
6 20.5 0

6.5 0 0
6.5 0.5 -0.0371071
6.5 1 -0.240218
6.5 1.5 -0.0344752
6.5 2 0.00742766
6.5 2.5 -0.185301
6.5 3 -0.321122
6.5 3.5 -0.201832
6.5 4 0.00488531
6.5 4.5 -0.0133244
6.5 5 -0.125219
6.5 5.5 0.0258361
6.5 6 0.445651
6.5 6.5 0.721209
6.5 7 0.570916
6.5 7.5 0.329064
6.5 8 0.445254
6.5 8.5 0.79455
6.5 9 0.849987
6.5 9.5 0.424967
6.5 10 0.00309278
6.5 10.5 0.107007
6.5 11 0.563402
6.5 11.5 0.85881
6.5 12 0.723414
6.5 12.5 0.439357
6.5 13 0.416085
6.5 13.5 0.60989
6.5 14 0.661941
6.5 14.5 0.471474
6.5 15 0.256929
6.5 15.5 0.198604
6.5 16 0.117627
6.5 16.5 -0.193789
6.5 17 -0.513255
6.5 17.5 -0.458536
6.5 18 -0.0242002
6.5 18.5 0.249399
6.5 19 -0.00340478
6.5 19.5 -0.485383
6.5 20 -0.0742966
6.5 20.5 0

7 0 0
7 0.5 -0.0396592
7 1 -0.258999
7 1.5 -0.0680161
7 2 -0.0110014
7 2.5 -0.163862
7 3 -0.267877
7 3.5 -0.127477
7 4 0.088029
7 4.5 0.122085
7 5 0.0439083
7 5.5 0.128485
7 6 0.390711
7 6.5 0.54466
7 7 0.396904
7 7.5 0.203805
7 8 0.32544
7 8.5 0.641008
7 9 0.728543
7 9.5 0.42735
7 10 0.126406
7 10.5 0.209475
7 11 0.568509
7 11.5 0.777198
7 12 0.642595
7 12.5 0.360244
7 13 0.276741
7 13.5 0.405249
7 14 0.490902
7 14.5 0.437062
7 15 0.344621
7 15.5 0.28145
7 16 0.122613
7 16.5 -0.210546
7 17 -0.473039
7 17.5 -0.342834
7 18 0.0723464
7 18.5 0.278033
7 19 -0.0236687
7 19.5 -0.519203
7 20 -0.079337
7 20.5 0

7.5 0 0
7.5 0.5 -0.0128379
7.5 1 -0.0861706
7.5 1.5 0.0200642
7.5 2 0.0180236
7.5 2.5 -0.146278
7.5 3 -0.274642
7.5 3.5 -0.206965
7.5 4 -0.0444516
7.5 4.5 0.00239661
7.5 5 -0.037484
7.5 5.5 -0.00700114
7.5 6 0.118903
7.5 6.5 0.171107
7.5 7 0.0654277
7.5 7.5 -0.00456834
7.5 8 0.192419
7.5 8.5 0.563645
7.5 9 0.76962
7.5 9.5 0.738904
7.5 10 0.660256
7.5 10.5 0.793108
7.5 11 0.961446
7.5 11.5 0.936231
7.5 12 0.614621
7.5 12.5 0.235937
7.5 13 0.0445713
7.5 13.5 0.0686257
7.5 14 0.145399
7.5 14.5 0.161677
7.5 15 0.151624
7.5 15.5 0.106814
7.5 16 -0.0629223
7.5 16.5 -0.351502
7.5 17 -0.505932
7.5 17.5 -0.300075
7.5 18 0.115208
7.5 18.5 0.308725
7.5 19 0.0648398
7.5 19.5 -0.337351
7.5 20 -0.0513369
7.5 20.5 0

8 0 0
8 0.5 -0.0153606
8 1 -0.103164
8 1.5 -0.0262434
8 2 -0.00700877
8 2.5 -0.0873428
8 3 -0.155123
8 3.5 -0.126012
8 4 -0.0306033
8 4.5 0.0184864
8 5 0.0168362
8 5.5 0.00845805
8 6 0.00262787
8 6.5 -0.0561144
8 7 -0.144586
8 7.5 -0.128108
8 8 0.0842466
8 8.5 0.399041
8 9 0.672673
8 9.5 0.862151
8 10 1.06836
8 10.5 1.24913
8 11 1.23861
8 11.5 0.939567
8 12 0.468251
8 12.5 0.0608119
8 13 -0.105086
8 13.5 -0.0835498
8 14 -0.0151712
8 14.5 0.0380984
8 15 0.0738099
8 15.5 0.0460874
8 16 -0.0891712
8 16.5 -0.286935
8 17 -0.352732
8 17.5 -0.157762
8 18 0.153791
8 18.5 0.253622
8 19 0.00902821
8 19.5 -0.328003
8 20 -0.0498096
8 20.5 0

8.5 0 0
8.5 0.5 -0.0542559
8.5 1 -0.355646
8.5 1.5 -0.258621
8.5 2 -0.141596
8.5 2.5 -0.0204793
8.5 3 0.0879228
8.5 3.5 0.174061
8.5 4 0.257982
8.5 4.5 0.317951
8.5 5 0.359834
8.5 5.5 0.336442
8.5 6 0.190245
8.5 6.5 -0.00168962
8.5 7 -0.119128
8.5 7.5 -0.0885397
8.5 8 0.0351096
8.5 8.5 0.157187
8.5 9 0.331263
8.5 9.5 0.609531
8.5 10 0.988509
8.5 10.5 1.21952
8.5 11 1.08977
8.5 11.5 0.633714
8.5 12 0.155565
8.5 12.5 -0.1009
8.5 13 -0.0886518
8.5 13.5 0.033875
8.5 14 0.140913
8.5 14.5 0.218715
8.5 15 0.270786
8.5 15.5 0.265078
8.5 16 0.159233
8.5 16.5 0.0377029
8.5 17 0.0292865
8.5 17.5 0.132947
8.5 18 0.218038
8.5 18.5 0.0978177
8.5 19 -0.230748
8.5 19.5 -0.585318
8.5 20 -0.0896534
8.5 20.5 0

9 0 0
9 0.5 -0.0639083
9 1 -0.419259
9 1.5 -0.409497
9 2 -0.315719
9 2.5 -0.0782483
9 3 0.193464
9 3.5 0.363701
9 4 0.448903
9 4.5 0.54693
9 5 0.660121
9 5.5 0.651555
9 6 0.420571
9 6.5 0.128199
9 7 -0.00999611
9 7.5 0.050388
9 8 0.0999241
9 8.5 0.0297393
9 9 0.0236775
9 9.5 0.267353
9 10 0.716209
9 10.5 0.957788
9 11 0.769973
9 11.5 0.274642
9 12 -0.0893377
9 12.5 -0.127794
9 13 0.0543291
9 13.5 0.246563
9 14 0.358501
9 14.5 0.441395
9 15 0.477197
9 15.5 0.443755
9 16 0.339081
9 16.5 0.260094
9 17 0.275094
9 17.5 0.309871
9 18 0.223653
9 18.5 -0.0347536
9 19 -0.394396
9 19.5 -0.714599
9 20 -0.109007
9 20.5 0

9.5 0 0
9.5 0.5 -0.000122935
9.5 1 -0.00215702
9.5 1.5 -0.264764
9.5 2 -0.424721
9.5 2.5 -0.281413
9.5 3 -0.00606021
9.5 3.5 0.150809
9.5 4 0.206218
9.5 4.5 0.333542
9.5 5 0.56471
9.5 5.5 0.638695
9.5 6 0.403458
9.5 6.5 0.0868634
9.5 7 0.0136762
9.5 7.5 0.182285
9.5 8 0.28455
9.5 8.5 0.159519
9.5 9 0.0390941
9.5 9.5 0.230911
9.5 10 0.652175
9.5 10.5 0.877227
9.5 11 0.649341
9.5 11.5 0.205438
9.5 12 -0.0535222
9.5 12.5 0.0137218
9.5 13 0.209055
9.5 13.5 0.320604
9.5 14 0.375419
9.5 14.5 0.440296
9.5 15 0.449176
9.5 15.5 0.33088
9.5 16 0.130342
9.5 16.5 0.0147787
9.5 17 0.077188
9.5 17.5 0.163585
9.5 18 0.110055
9.5 18.5 -0.0752326
9.5 19 -0.258508
9.5 19.5 -0.389371
9.5 20 -0.0594192
9.5 20.5 0

10 0 0
10 0.5 0.0880151
10 1 0.570897
10 1.5 -0.00394863
10 2 -0.468554
10 2.5 -0.516922
10 3 -0.327822
10 3.5 -0.237219
10 4 -0.22981
10 4.5 -0.0748522
10 5 0.25739
10 5.5 0.436098
10 6 0.249311
10 6.5 -0.0433364
10 7 -0.0560342
10 7.5 0.23092
10 8 0.436533
10 8.5 0.356615
10 9 0.231673
10 9.5 0.391996
10 10 0.764097
10 10.5 0.934354
10 11 0.687033
10 11.5 0.294749
10 12 0.132408
10 12.5 0.200905
10 13 0.266534
10 13.5 0.228678
10 14 0.222687
10 14.5 0.332322
10 15 0.363815
10 15.5 0.147307
10 16 -0.213965
10 16.5 -0.438775
10 17 -0.372133
10 17.5 -0.197225
10 18 -0.11426
10 18.5 -0.0859939
10 19 0.0142887
10 19.5 0.149266
10 20 0.0229418
10 20.5 0

10.5 0 0
10.5 0.5 0.110157
10.5 1 0.720503
10.5 1.5 0.0476141
10.5 2 -0.512868
10.5 2.5 -0.576857
10.5 3 -0.380281
10.5 3.5 -0.303573
10.5 4 -0.32106
10.5 4.5 -0.1574
10.5 5 0.224473
10.5 5.5 0.441992
10.5 6 0.257155
10.5 6.5 -0.0576857
10.5 7 -0.0995042
10.5 7.5 0.178776
10.5 8 0.403422
10.5 8.5 0.354515
10.5 9 0.250619
10.5 9.5 0.400473
10.5 10 0.69063
10.5 10.5 0.785838
10.5 11 0.540565
10.5 11.5 0.25677
10.5 12 0.178669
10.5 12.5 0.235902
10.5 13 0.174467
10.5 13.5 0.0442503
10.5 14 0.111245
10.5 14.5 0.401067
10.5 15 0.564409
10.5 15.5 0.316397
10.5 16 -0.194212
10.5 16.5 -0.548189
10.5 17 -0.539274
10.5 17.5 -0.37889
10.5 18 -0.275395
10.5 18.5 -0.167948
10.5 19 0.0855032
10.5 19.5 0.378546
10.5 20 0.0582015
10.5 20.5 0

11 0 0
11 0.5 0.0546355
11 1 0.355565
11 1.5 -0.154648
11 2 -0.51843
11 2.5 -0.418139
11 3 -0.108872
11 3.5 0.0348735
11 4 0.0370202
11 4.5 0.178203
11 5 0.498378
11 5.5 0.662139
11 6 0.433706
11 6.5 0.0664495
11 7 -0.0656193
11 7.5 0.0914262
11 8 0.217249
11 8.5 0.130933
11 9 0.0520812
11 9.5 0.194945
11 10 0.427274
11 10.5 0.439781
11 11 0.200844
11 11.5 0.0136412
11 12 0.0538753
11 12.5 0.122101
11 13 0.00830658
11 13.5 -0.123717
11 14 0.0729985
11 14.5 0.59694
11 15 0.947004
11 15.5 0.764143
11 16 0.234362
11 16.5 -0.168934
11 17 -0.243719
11 17.5 -0.212354
11 18 -0.284545
11 18.5 -0.309341
11 19 -0.0984475
11 19.5 0.19096
11 20 0.0287684
11 20.5 0

11.5 0 0
11.5 0.5 -0.00215421
11.5 1 -0.0110669
11.5 1.5 -0.292159
11.5 2 -0.432531
11.5 2.5 -0.196488
11.5 3 0.155344
11.5 3.5 0.324426
11.5 4 0.347498
11.5 4.5 0.441382
11.5 5 0.661168
11.5 5.5 0.710385
11.5 6 0.46513
11.5 6.5 0.120321
11.5 7 -0.00774361
11.5 7.5 0.0591948
11.5 8 0.0920514
11.5 8.5 -0.0039268
11.5 9 -0.0220915
11.5 9.5 0.175931
11.5 10 0.362974
11.5 10.5 0.316045
11.5 11 0.0639964
11.5 11.5 -0.0505968
11.5 12 0.0401071
11.5 12.5 0.0717063
11.5 13 -0.113703
11.5 13.5 -0.280956
11.5 14 -0.017176
11.5 14.5 0.602831
11.5 15 1.05494
11.5 15.5 0.956455
11.5 16 0.547731
11.5 16.5 0.246991
11.5 17 0.181996
11.5 17.5 0.0719463
11.5 18 -0.227204
11.5 18.5 -0.426874
11.5 19 -0.276094
11.5 19.5 0.0111147
11.5 20 0.00176428
11.5 20.5 0

12 0 0
12 0.5 0.00818343
12 1 0.0502786
12 1.5 -0.14492
12 2 -0.24532
12 2.5 -0.133849
12 3 0.0598552
12 3.5 0.156684
12 4 0.195073
12 4.5 0.307727
12 5 0.432749
12 5.5 0.406924
12 6 0.1982
12 6.5 0.0112837
12 7 0.0233121
12 7.5 0.131969
12 8 0.156208
12 8.5 0.101666
12 9 0.204594
12 9.5 0.473526
12 10 0.675006
12 10.5 0.570049
12 11 0.313153
12 11.5 0.200099
12 12 0.282253
12 12.5 0.228998
12 13 -0.0854048
12 13.5 -0.360179
12 14 -0.197992
12 14.5 0.31002
12 15 0.676277
12 15.5 0.617439
12 16 0.360316
12 16.5 0.268242
12 17 0.299022
12 17.5 0.131234
12 18 -0.264732
12 18.5 -0.475083
12 19 -0.212982
12 19.5 0.216972
12 20 0.0331852
12 20.5 0

12.5 0 0
12.5 0.5 0.0581648
12.5 1 0.379361
12.5 1.5 0.164919
12.5 2 -0.0602579
12.5 2.5 -0.237593
12.5 3 -0.340507
12.5 3.5 -0.349891
12.5 4 -0.211674
12.5 4.5 -0.00348961
12.5 5 0.125247
12.5 5.5 0.0681801
12.5 6 -0.0571877
12.5 6.5 -0.0636793
12.5 7 0.100202
12.5 7.5 0.259053
12.5 8 0.27291
12.5 8.5 0.272563
12.5 9 0.447216
12.5 9.5 0.771142
12.5 10 0.931674
12.5 10.5 0.806147
12.5 11 0.560528
12.5 11.5 0.49934
12.5 12 0.55773
12.5 12.5 0.448351
12.5 13 0.0624061
12.5 13.5 -0.28736
12.5 14 -0.2539
12.5 14.5 0.0515013
12.5 15 0.226801
12.5 15.5 0.102111
12.5 16 -0.0497129
12.5 16.5 -0.00862462
12.5 17 0.0962103
12.5 17.5 -0.0683759
12.5 18 -0.44039
12.5 18.5 -0.516101
12.5 19 -0.00541465
12.5 19.5 0.65821
12.5 20 0.100586
12.5 20.5 0

13 0 0
13 0.5 0.0750639
13 1 0.494452
13 1.5 0.339629
13 2 0.0625036
13 2.5 -0.334558
13 3 -0.66579
13 3.5 -0.708444
13 4 -0.415779
13 4.5 -0.027876
13 5 0.16013
13 5.5 0.103458
13 6 0.0163032
13 6.5 0.102458
13 7 0.277882
13 7.5 0.349804
13 8 0.261693
13 8.5 0.19134
13 9 0.346353
13 9.5 0.599848
13 10 0.68909
13 10.5 0.52533
13 11 0.359802
13 11.5 0.40474
13 12 0.559744
13 12.5 0.507971
13 13 0.20924
13 13.5 -0.0439209
13 14 -0.016628
13 14.5 0.165596
13 15 0.162986
13 15.5 -0.0609602
13 16 -0.229032
13 16.5 -0.177224
13 17 -0.102022
13 17.5 -0.292058
13 18 -0.614851
13 18.5 -0.550919
13 19 0.117135
13 19.5 0.903803
13 20 0.137513
13 20.5 0

13.5 0 0
13.5 0.5 0.0359501
13.5 1 0.242799
13.5 1.5 0.294773
13.5 2 0.166298
13.5 2.5 -0.251429
13.5 3 -0.669645
13.5 3.5 -0.698375
13.5 4 -0.282676
13.5 4.5 0.22628
13.5 5 0.447897
13.5 5.5 0.387281
13.5 6 0.317546
13.5 6.5 0.390784
13.5 7 0.449608
13.5 7.5 0.33143
13.5 8 0.0767304
13.5 8.5 -0.0541495
13.5 9 0.0490692
13.5 9.5 0.200166
13.5 10 0.147438
13.5 10.5 -0.0501744
13.5 11 -0.125239
13.5 11.5 0.0609356
13.5 12 0.323304
13.5 12.5 0.395799
13.5 13 0.261715
13.5 13.5 0.204413
13.5 14 0.346064
13.5 14.5 0.501351
13.5 15 0.41296
13.5 15.5 0.115512
13.5 16 -0.106155
13.5 16.5 -0.12116
13.5 17 -0.12174
13.5 17.5 -0.323293
13.5 18 -0.592889
13.5 18.5 -0.501775
13.5 19 0.0976921
13.5 19.5 0.778227
13.5 20 0.117856
13.5 20.5 0

14 0 0
14 0.5 -0.0195361
14 1 -0.12161
14 1.5 0.188157
14 2 0.306253
14 2.5 -0.00340368
14 3 -0.4361
14 3.5 -0.49756
14 4 -0.103153
14 4.5 0.354183
14 5 0.52456
14 5.5 0.469146
14 6 0.447312
14 6.5 0.520261
14 7 0.470517
14 7.5 0.192567
14 8 -0.120724
14 8.5 -0.182554
14 9 -0.00643457
14 9.5 0.102959
14 10 -0.0485133
14 10.5 -0.30562
14 11 -0.33956
14 11.5 -0.0945629
14 12 0.180922
14 12.5 0.273252
14 13 0.237371
14 13.5 0.306695
14 14 0.513082
14 14.5 0.642952
14 15 0.503739
14 15.5 0.196583
14 16 -0.0339436
14 16.5 -0.0828455
14 17 -0.0800005
14 17.5 -0.194622
14 18 -0.35078
14 18.5 -0.288668
14 19 0.0630268
14 19.5 0.463322
14 20 0.0697851
14 20.5 0

14.5 0 0
14.5 0.5 -0.0550083
14.5 1 -0.359718
14.5 1.5 0.125789
14.5 2 0.436502
14.5 2.5 0.243982
14.5 3 -0.166886
14.5 3.5 -0.305014
14.5 4 -0.0686635
14.5 4.5 0.205563
14.5 5 0.248574
14.5 5.5 0.205407
14.5 6 0.279162
14.5 6.5 0.400774
14.5 7 0.303232
14.5 7.5 -0.0167521
14.5 8 -0.231435
14.5 8.5 -0.0675563
14.5 9 0.312995
14.5 9.5 0.489565
14.5 10 0.281661
14.5 10.5 -0.0233666
14.5 11 -0.0848137
14.5 11.5 0.0965324
14.5 12 0.254336
14.5 12.5 0.244326
14.5 13 0.185491
14.5 13.5 0.251061
14.5 14 0.397026
14.5 14.5 0.428026
14.5 15 0.247326
14.5 15.5 -0.00604762
14.5 16 -0.16017
14.5 16.5 -0.151756
14.5 17 -0.0832204
14.5 17.5 -0.0393287
14.5 18 -0.0205517
14.5 18.5 0.00507713
14.5 19 0.0721551
14.5 19.5 0.143975
14.5 20 0.0214141
14.5 20.5 0

15 0 0
15 0.5 -0.0782274
15 1 -0.515143
15 1.5 0.0398986
15 2 0.449051
15 2.5 0.372651
15 3 0.0406029
15 3.5 -0.0886257
15 4 0.021162
15 4.5 0.0964988
15 5 0.00511977
15 5.5 -0.0473698
15 6 0.111705
15 6.5 0.263244
15 7 0.121696
15 7.5 -0.227478
15 8 -0.342551
15 8.5 0.0464589
15 9 0.60553
15 9.5 0.843483
15 10 0.634951
15 10.5 0.305866
15 11 0.206061
15 11.5 0.273727
15 12 0.290101
15 12.5 0.196357
15 13 0.120826
15 13.5 0.172899
15 14 0.227901
15 14.5 0.14089
15 15 -0.0395491
15 15.5 -0.159215
15 16 -0.154994
15 16.5 -0.0993498
15 17 -0.025679
15 17.5 0.096917
15 18 0.211504
15 18.5 0.212794
15 19 0.0272579
15 19.5 -0.182075
15 20 -0.0271337
15 20.5 0

15.5 0 0
15.5 0.5 -0.104893
15.5 1 -0.689696
15.5 1.5 -0.12729
15.5 2 0.329129
15.5 2.5 0.388517
15.5 3 0.249629
15.5 3.5 0.233759
15.5 4 0.336171
15.5 4.5 0.294255
15.5 5 0.0901514
15.5 5.5 0.00690018
15.5 6 0.163593
15.5 6.5 0.288565
15.5 7 0.0548524
15.5 7.5 -0.369238
15.5 8 -0.471046
15.5 8.5 -0.0486835
15.5 9 0.539627
15.5 9.5 0.750171
15.5 10 0.550234
15.5 10.5 0.24084
15.5 11 0.150667
15.5 11.5 0.151173
15.5 12 0.0934228
15.5 12.5 -0.00598007
15.5 13 0.0258914
15.5 13.5 0.162938
15.5 14 0.189341
15.5 14.5 0.0566828
15.5 15 -0.0481983
15.5 15.5 0.0452858
15.5 16 0.219623
15.5 16.5 0.283245
15.5 17 0.227136
15.5 17.5 0.220631
15.5 18 0.300846
15.5 18.5 0.235206
15.5 19 -0.108518
15.5 19.5 -0.51599
15.5 20 -0.078776
15.5 20.5 0

16 0 0
16 0.5 -0.117539
16 1 -0.768641
16 1.5 -0.24589
16 2 0.203591
16 2.5 0.347949
16 3 0.375139
16 3.5 0.497912
16 4 0.617224
16 4.5 0.52719
16 5 0.254514
16 5.5 0.130255
16 6 0.275081
16 6.5 0.367315
16 7 0.0978469
16 7.5 -0.350142
16 8 -0.489383
16 8.5 -0.155688
16 9 0.298135
16 9.5 0.418614
16 10 0.222974
16 10.5 0.0164539
16 11 -0.0188939
16 11.5 -0.0433877
16 12 -0.151127
16 12.5 -0.208325
16 13 -0.0493391
16 13.5 0.181767
16 14 0.206965
16 14.5 0.0440465
16 15 0.0285904
16 15.5 0.327467
16 16 0.684424
16 16.5 0.744057
16 17 0.490064
16 17.5 0.276253
16 18 0.24444
16 18.5 0.152805
16 19 -0.216024
16 19.5 -0.68004
16 20 -0.104727
16 20.5 0

16.5 0 0
16.5 0.5 -0.0884209
16.5 1 -0.57713
16.5 1.5 -0.166027
16.5 2 0.182307
16.5 2.5 0.292772
16.5 3 0.323592
16.5 3.5 0.422689
16.5 4 0.497124
16.5 4.5 0.34308
16.5 5 0.0474123
16.5 5.5 -0.0563919
16.5 6 0.120693
16.5 6.5 0.284745
16.5 7 0.145862
16.5 7.5 -0.160625
16.5 8 -0.235354
16.5 8.5 0.0162761
16.5 9 0.296006
16.5 9.5 0.300515
16.5 10 0.145317
16.5 10.5 0.082307
16.5 11 0.151031
16.5 11.5 0.10083
16.5 12 -0.0891797
16.5 12.5 -0.191253
16.5 13 -0.0344222
16.5 13.5 0.180055
16.5 14 0.11162
16.5 14.5 -0.162294
16.5 15 -0.186346
16.5 15.5 0.227201
16.5 16 0.714355
16.5 16.5 0.810114
16.5 17 0.493082
16.5 17.5 0.178596
16.5 18 0.127983
16.5 18.5 0.103903
16.5 19 -0.159679
16.5 19.5 -0.520419
16.5 20 -0.0794027
16.5 20.5 0

17 0 0
17 0.5 -0.0328204
17 1 -0.214854
17 1.5 0.0532064
17 2 0.249649
17 2.5 0.229396
17 3 0.116359
17 3.5 0.0605986
17 4 -0.000195893
17 4.5 -0.198358
17 5 -0.451002
17 5.5 -0.480628
17 6 -0.214872
17 6.5 0.083407
17 7 0.171513
17 7.5 0.116377
17 8 0.17684
17 8.5 0.368935
17 9 0.482433
17 9.5 0.377435
17 10 0.27052
17 10.5 0.346334
17 11 0.528579
17 11.5 0.487261
17 12 0.221998
17 12.5 0.0234137
17 13 0.0951597
17 13.5 0.182024
17 14 -0.0487205
17 14.5 -0.484162
17 15 -0.619102
17 15.5 -0.242686
17 16 0.27679
17 16.5 0.443494
17 17 0.205182
17 17.5 -0.0225278
17 18 0.0245401
17 18.5 0.135065
17 19 0.0295886
17 19.5 -0.191676
17 20 -0.028804
17 20.5 0

17.5 0 0
17.5 0.5 0.000260918
17.5 1 4.08181e-05
17.5 1.5 0.17331
17.5 2 0.272408
17.5 2.5 0.159445
17.5 3 -0.0543137
17.5 3.5 -0.218292
17.5 4 -0.356518
17.5 4.5 -0.535787
17.5 5 -0.690634
17.5 5.5 -0.630869
17.5 6 -0.332067
17.5 6.5 0.0171381
17.5 7 0.241522
17.5 7.5 0.353768
17.5 8 0.47335
17.5 8.5 0.548178
17.5 9 0.447609
17.5 9.5 0.197593
17.5 10 0.0772813
17.5 10.5 0.2666
17.5 11 0.551567
17.5 11.5 0.6103
17.5 12 0.41027
17.5 12.5 0.23477
17.5 13 0.260987
17.5 13.5 0.260788
17.5 14 -0.0369704
17.5 14.5 -0.541484
17.5 15 -0.787726
17.5 15.5 -0.548536
17.5 16 -0.12943
17.5 16.5 0.0461614
17.5 17 -0.073986
17.5 17.5 -0.147029
17.5 18 0.00861168
17.5 18.5 0.182952
17.5 19 0.137344
17.5 19.5 -0.0254396
17.5 20 -0.00328778
17.5 20.5 0

18 0 0
18 0.5 -0.00970843
18 1 -0.0613322
18 1.5 0.075875
18 2 0.154479
18 2.5 0.0928423
18 3 -0.0496928
18 3.5 -0.171155
18 4 -0.253776
18 4.5 -0.33611
18 5 -0.379415
18 5.5 -0.299465
18 6 -0.0675116
18 6.5 0.171693
18 7 0.354219
18 7.5 0.468342
18 8 0.519981
18 8.5 0.426406
18 9 0.102252
18 9.5 -0.309033
18 10 -0.494449
18 10.5 -0.298102
18 11 0.0765621
18 11.5 0.303678
18 12 0.302657
18 12.5 0.277991
18 13 0.362677
18 13.5 0.401372
18 14 0.191434
18 14.5 -0.203339
18 15 -0.429051
18 15.5 -0.346789
18 16 -0.126316
18 16.5 -0.044248
18 17 -0.112304
18 17.5 -0.114937
18 18 0.0479622
18 18.5 0.170375
18 19 0.0642573
18 19.5 -0.132016
18 20 -0.0199561
18 20.5 0

18.5 0 0
18.5 0.5 -0.0288
18.5 1 -0.183992
18.5 1.5 -0.106056
18.5 2 -0.0373275
18.5 2.5 0.0142101
18.5 3 0.0486979
18.5 3.5 0.0756405
18.5 4 0.0843052
18.5 4.5 0.071223
18.5 5 0.0722097
18.5 5.5 0.111502
18.5 6 0.204915
18.5 6.5 0.304382
18.5 7 0.407425
18.5 7.5 0.489094
18.5 8 0.492964
18.5 8.5 0.277518
18.5 9 -0.16119
18.5 9.5 -0.654769
18.5 10 -0.893228
18.5 10.5 -0.762066
18.5 11 -0.383406
18.5 11.5 -0.0383083
18.5 12 0.163547
18.5 12.5 0.28165
18.5 13 0.405441
18.5 13.5 0.459481
18.5 14 0.361954
18.5 14.5 0.175688
18.5 15 0.0647681
18.5 15.5 0.0592634
18.5 16 0.0897257
18.5 16.5 0.0391827
18.5 17 -0.0364097
18.5 17.5 -0.0199659
18.5 18 0.0830752
18.5 18.5 0.105419
18.5 19 -0.0627682
18.5 19.5 -0.289389
18.5 20 -0.0444931
18.5 20.5 0

19 0 0
19 0.5 -0.019261
19 1 -0.125654
19 1.5 -0.186796
19 2 -0.202913
19 2.5 -0.0865
19 3 0.0954617
19 3.5 0.215624
19 4 0.223393
19 4.5 0.16032
19 5 0.112844
19 5.5 0.0875967
19 6 0.090681
19 6.5 0.142786
19 7 0.285335
19 7.5 0.471663
19 8 0.562146
19 8.5 0.412917
19 9 0.0264498
19 9.5 -0.387376
19 10 -0.621809
19 10.5 -0.554903
19 11 -0.284934
19 11.5 0.04796
19 12 0.296317
19 12.5 0.416707
19 13 0.405914
19 13.5 0.319188
19 14 0.223711
19 14.5 0.173322
19 15 0.176303
19 15.5 0.156047
19 16 0.0838365
19 16.5 -0.0220535
19 17 -0.0575656
19 17.5 -0.00180849
19 18 0.0681213
19 18.5 0.0403326
19 19 -0.101086
19 19.5 -0.271933
19 20 -0.0416288
19 20.5 0

19.5 0 0
19.5 0.5 0.00681382
19.5 1 0.040175
19.5 1.5 -0.171009
19.5 2 -0.288379
19.5 2.5 -0.136593
19.5 3 0.137181
19.5 3.5 0.249877
19.5 4 0.12594
19.5 4.5 -0.0797614
19.5 5 -0.222288
19.5 5.5 -0.288696
19.5 6 -0.300306
19.5 6.5 -0.208114
19.5 7 0.0627297
19.5 7.5 0.421109
19.5 8 0.656688
19.5 8.5 0.617528
19.5 9 0.358592
19.5 9.5 0.102783
19.5 10 -0.0258258
19.5 10.5 0.00357087
19.5 11 0.134274
19.5 11.5 0.343907
19.5 12 0.53367
19.5 12.5 0.575942
19.5 13 0.392632
19.5 13.5 0.0931632
19.5 14 -0.12047
19.5 14.5 -0.154917
19.5 15 -0.100619
19.5 15.5 -0.109664
19.5 16 -0.174071
19.5 16.5 -0.194369
19.5 17 -0.109513
19.5 17.5 0.0169626
19.5 18 0.0710451
19.5 18.5 0.0181625
19.5 19 -0.0803628
19.5 19.5 -0.16037
19.5 20 -0.024002
19.5 20.5 0

20 0 0
20 0.5 0.0123094
20 1 0.0750653
20 1.5 -0.200658
20 2 -0.32146
20 2.5 -0.0805708
20 3 0.273681
20 3.5 0.352033
20 4 0.0958428
20 4.5 -0.23115
20 5 -0.407213
20 5.5 -0.472449
20 6 -0.499072
20 6.5 -0.412112
20 7 -0.0996457
20 7.5 0.31924
20 8 0.576697
20 8.5 0.511935
20 9 0.270176
20 9.5 0.129782
20 10 0.126667
20 10.5 0.180666
20 11 0.210273
20 11.5 0.31963
20 12 0.47266
20 12.5 0.529695
20 13 0.334953
20 13.5 -0.0389899
20 14 -0.309439
20 14.5 -0.360561
20 15 -0.311933
20 15.5 -0.314319
20 16 -0.331516
20 16.5 -0.231511
20 17 0.0024752
20 17.5 0.187112
20 18 0.16842
20 18.5 0.00992702
20 19 -0.117467
20 19.5 -0.187216
20 20 -0.0283292
20 20.5 0

20.5 0 0
20.5 0.5 -0.00815037
20.5 1 -0.0560924
20.5 1.5 -0.302336
20.5 2 -0.344906
20.5 2.5 0.0099397
20.5 3 0.45492
20.5 3.5 0.523566
20.5 4 0.216183
20.5 4.5 -0.0957995
20.5 5 -0.192602
20.5 5.5 -0.195375
20.5 6 -0.269131
20.5 6.5 -0.303589
20.5 7 -0.10465
20.5 7.5 0.232603
20.5 8 0.353212
20.5 8.5 0.103416
20.5 9 -0.258203
20.5 9.5 -0.399583
20.5 10 -0.291036
20.5 10.5 -0.169929
20.5 11 -0.165158
20.5 11.5 -0.126075
20.5 12 0.0662697
20.5 12.5 0.26877
20.5 13 0.258253
20.5 13.5 0.044182
20.5 14 -0.157382
20.5 14.5 -0.195901
20.5 15 -0.173907
20.5 15.5 -0.228442
20.5 16 -0.249582
20.5 16.5 -0.0660769
20.5 17 0.256966
20.5 17.5 0.440492
20.5 18 0.321546
20.5 18.5 0.0129903
20.5 19 -0.238331
20.5 19.5 -0.375102
20.5 20 -0.0569903
20.5 20.5 0

21 0 0
21 0.5 -0.0194516
21 1 -0.125788
21 1.5 -0.34962
21 2 -0.354199
21 2.5 0.0556277
21 3 0.503296
21 3.5 0.539869
21 4 0.236932
21 4.5 0.0238678
21 5 0.104238
21 5.5 0.207621
21 6 0.0907663
21 6.5 -0.0857939
21 7 -0.00381425
21 7.5 0.255001
21 8 0.286832
21 8.5 -0.117219
21 9 -0.631941
21 9.5 -0.798337
21 10 -0.608377
21 10.5 -0.400839
21 11 -0.397402
21 11.5 -0.414693
21 12 -0.238618
21 12.5 0.0762225
21 13 0.258802
21 13.5 0.220196
21 14 0.131363
21 14.5 0.105583
21 15 0.0735166
21 15.5 -0.0624193
21 16 -0.147435
21 16.5 0.0218931
21 17 0.370911
21 17.5 0.568711
21 18 0.417458
21 18.5 0.0309272
21 19 -0.302635
21 19.5 -0.499399
21 20 -0.0761238
21 20.5 0

21.5 0 0
21.5 0.5 0.00087569
21.5 1 0.00519684
21.5 1.5 -0.261844
21.5 2 -0.322822
21.5 2.5 0.007413
21.5 3 0.347977
21.5 3.5 0.289979
21.5 4 -0.0429402
21.5 4.5 -0.16076
21.5 5 0.0796154
21.5 5.5 0.304094
21.5 6 0.202786
21.5 6.5 -0.0117957
21.5 7 0.0763929
21.5 7.5 0.406561
21.5 8 0.501162
21.5 8.5 0.0844656
21.5 9 -0.462714
21.5 9.5 -0.631877
21.5 10 -0.350166
21.5 10.5 -0.0657978
21.5 11 -0.0707651
21.5 11.5 -0.206213
21.5 12 -0.134466
21.5 12.5 0.127837
21.5 13 0.342027
21.5 13.5 0.344719
21.5 14 0.252968
21.5 14.5 0.192526
21.5 15 0.101932
21.5 15.5 -0.104139
21.5 16 -0.262569
21.5 16.5 -0.1541
21.5 17 0.178525
21.5 17.5 0.428421
21.5 18 0.361057
21.5 18.5 0.0638396
21.5 19 -0.227346
21.5 19.5 -0.403386
21.5 20 -0.0614433
21.5 20.5 0

22 0 0
22 0.5 0.0243949
22 1 0.160612
22 1.5 -0.14172
22 2 -0.264741
22 2.5 -0.0270644
22 3 0.198697
22 3.5 0.0306653
22 4 -0.359217
22 4.5 -0.470884
22 5 -0.168844
22 5.5 0.111398
22 6 0.0638966
22 6.5 -0.112014
22 7 0.0538065
22 7.5 0.500835
22 8 0.714821
22 8.5 0.408845
22 9 -0.0858262
22 9.5 -0.199995
22 10 0.122515
22 10.5 0.458614
22 11 0.430018
22 11.5 0.200745
22 12 0.111652
22 12.5 0.238426
22 13 0.345129
22 13.5 0.277388
22 14 0.137503
22 14.5 0.0414724
22 15 -0.0336024
22 15.5 -0.227177
22 16 -0.4148
22 16.5 -0.378242
22 17 -0.0948027
22 17.5 0.187762
22 18 0.252093
22 18.5 0.0967697
22 19 -0.109857
22 19.5 -0.239741
22 20 -0.0355005
22 20.5 0

22.5 0 0
22.5 0.5 0.0141655
22.5 1 0.0882552
22.5 1.5 -0.149694
22.5 2 -0.201663
22.5 2.5 0.0536415
22.5 3 0.277348
22.5 3.5 0.0991452
22.5 4 -0.325713
22.5 4.5 -0.499339
22.5 5 -0.284553
22.5 5.5 -0.0332844
22.5 6 -0.0759743
22.5 6.5 -0.20227
22.5 7 -0.0424393
22.5 7.5 0.380023
22.5 8 0.602706
22.5 8.5 0.354209
22.5 9 -0.0553043
22.5 9.5 -0.120845
22.5 10 0.219697
22.5 10.5 0.534851
22.5 11 0.483533
22.5 11.5 0.203615
22.5 12 0.0509993
22.5 12.5 0.11666
22.5 13 0.177533
22.5 13.5 0.0823495
22.5 14 -0.0678895
22.5 14.5 -0.109304
22.5 15 -0.0854176
22.5 15.5 -0.139115
22.5 16 -0.27417
22.5 16.5 -0.29207
22.5 17 -0.121525
22.5 17.5 0.116751
22.5 18 0.222876
22.5 18.5 0.114116
22.5 19 -0.0811446
22.5 19.5 -0.234617
22.5 20 -0.0351398
22.5 20.5 0

23 0 0
23 0.5 -0.0251248
23 1 -0.163846
23 1.5 -0.244991
23 2 -0.144568
23 2.5 0.226771
23 3 0.520883
23 3.5 0.407459
23 4 0.00941446
23 4.5 -0.247274
23 5 -0.173427
23 5.5 -0.0264107
23 6 -0.0716068
23 6.5 -0.202485
23 7 -0.14533
23 7.5 0.0828073
23 8 0.181662
23 8.5 -0.0310127
23 9 -0.310673
23 9.5 -0.288147
23 10 0.0255099
23 10.5 0.251917
23 11 0.143974
23 11.5 -0.148935
23 12 -0.300523
23 12.5 -0.218557
23 13 -0.107345
23 13.5 -0.133034
23 14 -0.206132
23 14.5 -0.146459
23 15 0.0280419
23 15.5 0.132838
23 16 0.100113
23 16.5 0.0530522
23 17 0.110985
23 17.5 0.235268
23 18 0.271684
23 18.5 0.123721
23 19 -0.140045
23 19.5 -0.373938
23 20 -0.0566672
23 20.5 0

23.5 0 0
23.5 0.5 -0.0458449
23.5 1 -0.300591
23.5 1.5 -0.258026
23.5 2 -0.0580595
23.5 2.5 0.318912
23.5 3 0.617374
23.5 3.5 0.563237
23.5 4 0.227173
23.5 4.5 -0.0682071
23.5 5 -0.133565
23.5 5.5 -0.0733432
23.5 6 -0.101501
23.5 6.5 -0.192843
23.5 7 -0.224743
23.5 7.5 -0.182644
23.5 8 -0.170071
23.5 8.5 -0.268817
23.5 9 -0.304296
23.5 9.5 -0.152751
23.5 10 0.131305
23.5 10.5 0.225636
23.5 11 0.0257476
23.5 11.5 -0.317081
23.5 12 -0.478489
23.5 12.5 -0.424877
23.5 13 -0.30643
23.5 13.5 -0.275752
23.5 14 -0.284464
23.5 14.5 -0.181047
23.5 15 0.0410325
23.5 15.5 0.241048
23.5 16 0.291675
23.5 16.5 0.271309
23.5 17 0.268143
23.5 17.5 0.30399
23.5 18 0.299001
23.5 18.5 0.132191
23.5 19 -0.150212
23.5 19.5 -0.407368
23.5 20 -0.062042
23.5 20.5 0

24 0 0
24 0.5 -0.0238316
24 1 -0.157521
24 1.5 -0.0997839
24 2 0.0366763
24 2.5 0.231659
24 3 0.368977
24 3.5 0.314828
24 4 0.0903341
24 4.5 -0.149109
24 5 -0.268383
24 5.5 -0.261657
24 6 -0.220855
24 6.5 -0.219404
24 7 -0.243992
24 7.5 -0.266776
24 8 -0.234606
24 8.5 -0.112726
24 9 0.123927
24 9.5 0.415205
24 10 0.615976
24 10.5 0.584309
24 11 0.31732
24 11.5 -0.0243367
24 12 -0.252989
24 12.5 -0.318147
24 13 -0.29839
24 13.5 -0.300373
24 14 -0.313035
24 14.5 -0.267201
24 15 -0.121392
24 15.5 0.0380045
24 16 0.123108
24 16.5 0.139624
24 17 0.136357
24 17.5 0.159973
24 18 0.178223
24 18.5 0.106981
24 19 -0.0408164
24 19.5 -0.187334
24 20 -0.0282835
24 20.5 0

24.5 0 0
24.5 0.5 0.0124661
24.5 1 0.0777713
24.5 1.5 0.110936
24.5 2 0.109605
24.5 2.5 0.0300678
24.5 3 -0.063884
24.5 3.5 -0.115381
24.5 4 -0.132703
24.5 4.5 -0.193839
24.5 5 -0.279626
24.5 5.5 -0.309625
24.5 6 -0.236261
24.5 6.5 -0.150835
24.5 7 -0.146685
24.5 7.5 -0.207185
24.5 8 -0.151262
24.5 8.5 0.100154
24.5 9 0.467266
24.5 9.5 0.719293
24.5 10 0.784902
24.5 10.5 0.653066
24.5 11 0.476391
24.5 11.5 0.276568
24.5 12 0.102611
24.5 12.5 -0.0582403
24.5 13 -0.153698
24.5 13.5 -0.192679
24.5 14 -0.210776
24.5 14.5 -0.22893
24.5 15 -0.215791
24.5 15.5 -0.165695
24.5 16 -0.11043
24.5 16.5 -0.089697
24.5 17 -0.0966984
24.5 17.5 -0.100558
24.5 18 -0.0451902
24.5 18.5 0.0311859
24.5 19 0.0957791
24.5 19.5 0.141151
24.5 20 0.0220213
24.5 20.5 0

25 0 0
25 0.5 0.0255347
25 1 0.167519
25 1.5 0.226015
25 2 0.141153
25 2.5 -0.157693
25 3 -0.425002
25 3.5 -0.381017
25 4 -0.109531
25 4.5 0.0978286
25 5 0.0845652
25 5.5 -0.00245812
25 6 0.0336323
25 6.5 0.10673
25 7 0.0499924
25 7.5 -0.125911
25 8 -0.190818
25 8.5 0.00106855
25 9 0.252785
25 9.5 0.287827
25 10 0.106662
25 10.5 -0.0516272
25 11 0.000263411
25 11.5 0.143018
25 12 0.184786
25 12.5 0.0777541
25 13 -0.0240493
25 13.5 0.00147857
25 14 0.0697724
25 14.5 0.0590851
25 15 -0.0183203
25 15.5 -0.0719912
25 16 -0.0593612
25 16.5 -0.0716102
25 17 -0.168763
25 17.5 -0.272538
25 18 -0.265688
25 18.5 -0.0945148
25 19 0.150896
25 19.5 0.362604
25 20 0.0555352
25 20.5 0

25.5 0 0
25.5 0.5 0.0190773
25.5 1 0.130568
25.5 1.5 0.257688
25.5 2 0.155824
25.5 2.5 -0.278026
25.5 3 -0.63337
25.5 3.5 -0.473928
25.5 4 0.0890925
25.5 4.5 0.540988
25.5 5 0.584178
25.5 5.5 0.435275
25.5 6 0.392183
25.5 6.5 0.411766
25.5 7 0.245835
25.5 7.5 -0.103709
25.5 8 -0.336224
25.5 8.5 -0.289539
25.5 9 -0.212211
25.5 9.5 -0.420334
25.5 10 -0.834444
25.5 10.5 -1.01438
25.5 11 -0.725795
25.5 11.5 -0.220338
25.5 12 0.0719434
25.5 12.5 0.0693515
25.5 13 0.0330857
25.5 13.5 0.167284
25.5 14 0.370745
25.5 14.5 0.424448
25.5 15 0.314264
25.5 15.5 0.207982
25.5 16 0.173441
25.5 16.5 0.104194
25.5 17 -0.103245
25.5 17.5 -0.345364
25.5 18 -0.415489
25.5 18.5 -0.215232
25.5 19 0.146794
25.5 19.5 0.463896
25.5 20 0.0700596
25.5 20.5 0

26 0 0
26 0.5 0
26 1 0.0190773
26 1.5 0.039139
26 2 0.0242064
26 2.5 -0.0421803
26 3 -0.0961119
26 3.5 -0.0724666
26 4 0.0146277
26 4.5 0.0830001
26 5 0.0891222
26 5.5 0.0662782
26 6 0.0591803
26 6.5 0.0631722
26 7 0.0375463
26 7.5 -0.016124
26 8 -0.0509834
26 8.5 -0.0444065
26 9 -0.0327082
26 9.5 -0.064181
26 10 -0.127685
26 10.5 -0.155304
26 11 -0.11136
26 11.5 -0.0336279
26 12 0.0105856
26 12.5 0.0101077
26 13 0.00484234
26 13.5 0.0252456
26 14 0.0565354
26 14.5 0.0651814
26 15 0.0479086
26 15.5 0.032102
26 16 0.0271422
26 16.5 0.016079
26 17 -0.0149728
26 17.5 -0.0524556
26 18 -0.0629287
26 18.5 -0.0328183
26 19 0.0224402
26 19.5 0.0700596
26 20 0
26 20.5 0

26.5 0 0
26.5 0.5 0
26.5 1 0
26.5 1.5 0
26.5 2 0
26.5 2.5 0
26.5 3 0
26.5 3.5 0
26.5 4 0
26.5 4.5 0
26.5 5 0
26.5 5.5 0
26.5 6 0
26.5 6.5 0
26.5 7 0
26.5 7.5 0
26.5 8 0
26.5 8.5 0
26.5 9 0
26.5 9.5 0
26.5 10 0
26.5 10.5 0
26.5 11 0
26.5 11.5 0
26.5 12 0
26.5 12.5 0
26.5 13 0
26.5 13.5 0
26.5 14 0
26.5 14.5 0
26.5 15 0
26.5 15.5 0
26.5 16 0
26.5 16.5 0
26.5 17 0
26.5 17.5 0
26.5 18 0
26.5 18.5 0
26.5 19 0
26.5 19.5 0
26.5 20 0
26.5 20.5 0

