0 0 0
0 0.5 0
0 1 0
0 1.5 0
0 2 0
0 2.5 0
0 3 0
0 3.5 0
0 4 0
0 4.5 0
0 5 0
0 5.5 0
0 6 0
0 6.5 0
0 7 0
0 7.5 0
0 8 0
0 8.5 0
0 9 0
0 9.5 0
0 10 0
0 10.5 0
0 11 0
0 11.5 0
0 12 0
0 12.5 0
0 13 0
0 13.5 0
0 14 0
0 14.5 0
0 15 0
0 15.5 0
0 16 0
0 16.5 0
0 17 0
0 17.5 0
0 18 0
0 18.5 0
0 19 0
0 19.5 0
0 20 0
0 20.5 0

0.5 0 0
0.5 0.5 0
0.5 1 0.0770096
0.5 1.5 0.0318697
0.5 2 -0.000766168
0.5 2.5 -0.00488819
0.5 3 -0.00715891
0.5 3.5 -0.0320123
0.5 4 -0.0595629
0.5 4.5 -0.0538569
0.5 5 -0.0205948
0.5 5.5 -0.00381859
0.5 6 -0.0276776
0.5 6.5 -0.061782
0.5 7 -0.0654858
0.5 7.5 -0.042148
0.5 8 -0.0274152
0.5 8.5 -0.0355969
0.5 9 -0.0430455
0.5 9.5 -0.0337923
0.5 10 -0.0282744
0.5 10.5 -0.0455182
0.5 11 -0.064847
0.5 11.5 -0.0517967
0.5 12 -0.0203945
0.5 12.5 -0.023749
0.5 13 -0.0761957
0.5 13.5 -0.117222
0.5 14 -0.0870163
0.5 14.5 -0.0149828
0.5 15 0.0119385
0.5 15.5 -0.0322471
0.5 16 -0.0749873
0.5 16.5 -0.046145
0.5 17 0.016779
0.5 17.5 0.0228171
0.5 18 -0.0351864
0.5 18.5 -0.0612092
0.5 19 0.0146795
0.5 19.5 0.129105
0.5 20 0
0.5 20.5 0

1 0 0
1 0.5 0.0770096
1 1 0.504243
1 1.5 0.207681
1 2 -0.0064196
1 2.5 -0.0347734
1 3 -0.0480157
1 3.5 -0.21028
1 4 -0.390168
1 4.5 -0.351246
1 5 -0.132339
1 5.5 -0.0214034
1 6 -0.17791
1 6.5 -0.40346
1 7 -0.431341
1 7.5 -0.276863
1 8 -0.180632
1 8.5 -0.232672
1 9 -0.28178
1 9.5 -0.223301
1 10 -0.188658
1 10.5 -0.301571
1 11 -0.425936
1 11.5 -0.339458
1 12 -0.133218
1 12.5 -0.156456
1 13 -0.501707
1 13.5 -0.768686
1 14 -0.570619
1 14.5 -0.0964632
1 15 0.0813421
1 15.5 -0.208443
1 16 -0.487384
1 16.5 -0.299849
1 17 0.108531
1 17.5 0.148845
1 18 -0.231986
1 18.5 -0.401867
1 19 0.097001
1 19.5 0.843905
1 20 0.129105
1 20.5 0

1.5 0 0
1.5 0.5 0.0189284
1.5 1 0.125132
1.5 1.5 0.00509535
1.5 2 -0.0522454
1.5 2.5 0.00274018
1.5 3 0.0522541
1.5 3.5 -0.00451059
1.5 4 -0.0762626
1.5 4.5 -0.00556829
1.5 5 0.175563
1.5 5.5 0.258078
1.5 6 0.128928
1.5 6.5 -0.0813
1.5 7 -0.174417
1.5 7.5 -0.141657
1.5 8 -0.131306
1.5 8.5 -0.197267
1.5 9 -0.239236
1.5 9.5 -0.199116
1.5 10 -0.176911
1.5 10.5 -0.266789
1.5 11 -0.364971
1.5 11.5 -0.305365
1.5 12 -0.129174
1.5 12.5 -0.0860769
1.5 13 -0.2591
1.5 13.5 -0.392478
1.5 14 -0.213903
1.5 14.5 0.155052
1.5 15 0.312916
1.5 15.5 0.113171
1.5 16 -0.126213
1.5 16.5 -0.0752753
1.5 17 0.147874
1.5 17.5 0.159881
1.5 18 -0.116412
1.5 18.5 -0.284736
1.5 19 -0.041629
1.5 19.5 0.360114
1.5 20 0.0544351
1.5 20.5 0

2 0 0
2 0.5 -0.0129385
2 1 -0.0805215
2 1.5 -0.0552328
2 2 -0.0125221
2 2.5 0.0525859
2 3 0.0808111
2 3.5 0.056674
2 4 0.0356574
2 4.5 0.088877
2 5 0.19999
2 5.5 0.255078
2 6 0.200122
2 6.5 0.0800935
2 7 -0.00539428
2 7.5 -0.0333582
2 8 -0.0462826
2 8.5 -0.0773254
2 9 -0.0937836
2 9.5 -0.0777298
2 10 -0.0794689
2 10.5 -0.150183
2 11 -0.230693
2 11.5 -0.207981
2 12 -0.0865161
2 12.5 0.000499653
2 13 -0.0183322
2 13.5 -0.0601339
2 14 0.0189388
2 14.5 0.190286
2 15 0.270064
2 15.5 0.153254
2 16 -0.0303805
2 16.5 -0.0873658
2 17 0.00656317
2 17.5 0.0840037
2 18 0.0394943
2 18.5 -0.0419528
2 19 -0.0356999
2 19.5 0.0355986
2 20 0.00524469
2 20.5 0

2.5 0 0
2.5 0.5 0.00438438
2.5 1 0.0292502
2.5 1.5 0.104044
2.5 2 0.144423
2.5 2.5 0.0989479
2.5 3 -0.00809188
2.5 3.5 -0.100748
2.5 4 -0.155798
2.5 4.5 -0.20217
2.5 5 -0.225707
2.5 5.5 -0.204005
2.5 6 -0.14732
2.5 6.5 -0.0888633
2.5 7 -0.061946
2.5 7.5 -0.0309903
2.5 8 0.0416085
2.5 8.5 0.115656
2.5 9 0.139354
2.5 9.5 0.10134
2.5 10 0.0378478
2.5 10.5 -0.0060871
2.5 11 -0.037162
2.5 11.5 -0.0493427
2.5 12 -0.0194727
2.5 12.5 0.04691
2.5 13 0.10191
2.5 13.5 0.0727421
2.5 14 -0.0412282
2.5 14.5 -0.152748
2.5 15 -0.220695
2.5 15.5 -0.263929
2.5 16 -0.332087
2.5 16.5 -0.396896
2.5 17 -0.326265
2.5 17.5 -0.081153
2.5 18 0.201052
2.5 18.5 0.313099
2.5 19 0.188145
2.5 19.5 0.015282
2.5 20 0.00208678
2.5 20.5 0

3 0 0
3 0.5 0.014645
3 1 0.0924117
3 1.5 0.211152
3 2 0.254591
3 2.5 0.122887
3 3 -0.0602586
3 3.5 -0.175413
3 4 -0.244449
3 4.5 -0.37618
3 5 -0.539967
3 5.5 -0.590908
3 6 -0.471009
3 6.5 -0.306337
3 7 -0.209949
3 7.5 -0.140301
3 8 0.00793424
3 8.5 0.181701
3 9 0.219633
3 9.5 0.0968573
3 10 -0.0287354
3 10.5 -0.0259068
3 11 0.0372999
3 11.5 0.0191463
3 12 -0.0566145
3 12.5 -0.0454012
3 13 0.0660912
3 13.5 0.0722311
3 14 -0.161772
3 14.5 -0.507418
3 15 -0.682824
3 15.5 -0.611517
3 16 -0.508929
3 16.5 -0.526185
3 17 -0.478064
3 17.5 -0.15006
3 18 0.342273
3 18.5 0.568563
3 19 0.321287
3 19.5 -0.0614273
3 20 -0.00885615
3 20.5 0

3.5 0 0
3.5 0.5 -0.0297169
3.5 1 -0.199364
3.5 1.5 0.041314
3.5 2 0.186476
3.5 2.5 0.113539
3.5 3 0.0118054
3.5 3.5 0.0498288
3.5 4 0.127227
3.5 4.5 0.0059438
3.5 5 -0.257906
3.5 5.5 -0.399809
3.5 6 -0.324086
3.5 6.5 -0.212947
3.5 7 -0.246757
3.5 7.5 -0.297476
3.5 8 -0.174568
3.5 8.5 0.0447058
3.5 9 0.078126
3.5 9.5 -0.133329
3.5 10 -0.305785
3.5 10.5 -0.218638
3.5 11 -0.0171877
3.5 11.5 -0.00768543
3.5 12 -0.187894
3.5 12.5 -0.25954
3.5 13 -0.0739665
3.5 13.5 0.0846252
3.5 14 -0.0963599
3.5 14.5 -0.475351
3.5 15 -0.62315
3.5 15.5 -0.378333
3.5 16 -0.0951756
3.5 16.5 -0.0948444
3.5 17 -0.197246
3.5 17.5 -0.0219068
3.5 18 0.413393
3.5 18.5 0.566332
3.5 19 0.132522
3.5 19.5 -0.480049
3.5 20 -0.0727595
3.5 20.5 0

4 0 0
4 0.5 -0.0887553
4 1 -0.585064
4 1.5 -0.22513
4 2 0.0223755
4 2.5 0.0436899
4 3 0.0905996
4 3.5 0.346315
4 4 0.625497
4 4.5 0.607517
4 5 0.334024
4 5.5 0.14408
4 6 0.149008
4 6.5 0.110495
4 7 -0.153124
4 7.5 -0.416191
4 8 -0.356905
4 8.5 -0.0818263
4 9 -0.00428021
4 9.5 -0.24091
4 10 -0.420983
4 10.5 -0.225329
4 11 0.110079
4 11.5 0.122571
4 12 -0.215989
4 12.5 -0.431019
4 13 -0.218932
4 13.5 0.11137
4 14 0.104517
4 14.5 -0.172978
4 15 -0.213797
4 15.5 0.194946
4 16 0.612248
4 16.5 0.571942
4 17 0.236331
4 17.5 0.132965
4 18 0.359223
4 18.5 0.381103
4 19 -0.187815
4 19.5 -0.945455
4 20 -0.143739
4 20.5 0

4.5 0 0
4.5 0.5 -0.0890946
4.5 1 -0.581948
4.5 1.5 -0.238493
4.5 2 -0.0401076
4.5 2.5 -0.0773843
4.5 3 -0.035048
4.5 3.5 0.297152
4.5 4 0.677061
4.5 4.5 0.72028
4.5 5 0.487087
4.5 5.5 0.356855
4.5 6 0.413707
4.5 6.5 0.345203
4.5 7 -0.0434529
4.5 7.5 -0.411553
4.5 8 -0.326017
4.5 8.5 0.0816002
4.5 9 0.28546
4.5 9.5 0.0919081
4.5 10 -0.0726839
4.5 10.5 0.194702
4.5 11 0.609776
4.5 11.5 0.584427
4.5 12 0.0627227
4.5 12.5 -0.377217
4.5 13 -0.2639
4.5 13.5 0.11574
4.5 14 0.203217
4.5 14.5 -0.0164421
4.5 15 -0.0288932
4.5 15.5 0.429354
4.5 16 0.893654
4.5 16.5 0.806348
4.5 17 0.318043
4.5 17.5 0.0439398
4.5 18 0.183138
4.5 18.5 0.23213
4.5 19 -0.253087
4.5 19.5 -0.952413
4.5 20 -0.145205
4.5 20.5 0

5 0 0
5 0.5 -0.0276684
5 1 -0.183848
5 1.5 0.0136123
5 2 0.031799
5 2.5 -0.197037
5 3 -0.318124
5 3.5 -0.103264
5 4 0.203602
5 4.5 0.217149
5 5 0.0297034
5 5.5 0.0368213
5 6 0.288509
5 6.5 0.37374
5 7 0.0661174
5 7.5 -0.247099
5 8 -0.0516249
5 8.5 0.516017
5 9 0.830368
5 9.5 0.662849
5 10 0.477785
5 10.5 0.746841
5 11 1.1934
5 11.5 1.16162
5 12 0.525623
5 12.5 -0.0936527
5 13 -0.145141
5 13.5 0.143708
5 14 0.185369
5 14.5 -0.104257
5 15 -0.215277
5 15.5 0.137355
5 16 0.537176
5 16.5 0.431349
5 17 -0.0523612
5 17.5 -0.287075
5 18 -0.0314153
5 18.5 0.215318
5 19 -0.0212543
5 19.5 -0.507096
5 20 -0.0769427
5 20.5 0

5.5 0 0
5.5 0.5 0.0153526
5.5 1 0.0979716
5.5 1.5 0.205839
5.5 2 0.119372
5.5 2.5 -0.238681
5.5 3 -0.495835
5.5 3.5 -0.412705
5.5 4 -0.232017
5.5 4.5 -0.295952
5.5 5 -0.46628
5.5 5.5 -0.330241
5.5 6 0.114795
5.5 6.5 0.391889
5.5 7 0.228721
5.5 7.5 0.0189718
5.5 8 0.291025
5.5 8.5 0.897313
5.5 9 1.19644
5.5 9.5 0.948683
5.5 10 0.662462
5.5 10.5 0.881129
5.5 11 1.35672
5.5 11.5 1.41482
5.5 12 0.860028
5.5 12.5 0.235011
5.5 13 0.0996894
5.5 13.5 0.286171
5.5 14 0.250392
5.5 14.5 -0.119148
5.5 15 -0.366732
5.5 15.5 -0.190638
5.5 16 0.0681397
5.5 16.5 -0.0643597
5.5 17 -0.464027
5.5 17.5 -0.557477
5.5 18 -0.148785
5.5 18.5 0.256844
5.5 19 0.186182
5.5 19.5 -0.161898
5.5 20 -0.0248029
5.5 20.5 0

6 0 0
6 0.5 -0.00644458
6 1 -0.0429733
6 1.5 0.11669
6 2 0.0984081
6 2.5 -0.18823
6 3 -0.413169
6 3.5 -0.341188
6 4 -0.194869
6 4.5 -0.285015
6 5 -0.452973
6 5.5 -0.289413
6 6 0.209444
6 6.5 0.545799
6 7 0.433476
6 7.5 0.237331
6 8 0.459308
6 8.5 0.952725
6 9 1.11169
6 9.5 0.720572
6 10 0.319604
6 10.5 0.473563
6 11 0.973511
6 11.5 1.18649
6 12 0.86222
6 12.5 0.410355
6 13 0.320718
6 13.5 0.489719
6 14 0.471887
6 14.5 0.1415
6 15 -0.138822
6 15.5 -0.107982
6 16 -0.0128824
6 16.5 -0.210154
6 17 -0.545891
6 17.5 -0.543937
6 18 -0.102476
6 18.5 0.264364
6 19 0.125014
6 19.5 -0.269571
6 20 -0.0409853
6 20.5 0

6.5 0 0
6.5 0.5 -0.0487215
6.5 1 -0.316254
6.5 1.5 -0.0669396
6.5 2 0.0299026
6.5 2.5 -0.124528
6.5 3 -0.235185
6.5 3.5 -0.0985779
6.5 4 0.0785525
6.5 4.5 0.032969
6.5 5 -0.120953
6.5 5.5 -0.00797457
6.5 6 0.383107
6.5 6.5 0.63104
6.5 7 0.488694
6.5 7.5 0.270449
6.5 8 0.407078
6.5 8.5 0.766633
6.5 9 0.803715
6.5 9.5 0.351581
6.5 10 -0.077706
6.5 10.5 0.0252084
6.5 11 0.506818
6.5 11.5 0.814903
6.5 12 0.682295
6.5 12.5 0.395613
6.5 13 0.352642
6.5 13.5 0.528824
6.5 14 0.590342
6.5 14.5 0.410709
6.5 15 0.221647
6.5 15.5 0.199185
6.5 16 0.147447
6.5 16.5 -0.122389
6.5 17 -0.425
6.5 17.5 -0.368407
6.5 18 0.0315859
6.5 18.5 0.262301
6.5 19 -0.0293734
6.5 19.5 -0.544219
6.5 20 -0.0837689
6.5 20.5 0

7 0 0
7 0.5 -0.0459699
7 1 -0.30218
7 1.5 -0.0813659
7 2 0.0189185
7 2.5 -0.0980485
7 3 -0.183896
7 3.5 -0.059935
7 4 0.126838
7 4.5 0.131372
7 5 0.0155326
7 5.5 0.0737924
7 6 0.318699
7 6.5 0.438602
7 7 0.27865
7 7.5 0.10519
7 8 0.253406
7 8.5 0.586102
7 9 0.656126
7 9.5 0.326056
7 10 0.00361738
7 10.5 0.0981683
7 11 0.478778
7 11.5 0.705359
7 12 0.567654
7 12.5 0.283682
7 13 0.183011
7 13.5 0.291552
7 14 0.395136
7 14.5 0.363164
7 15 0.29459
7 15.5 0.259414
7 16 0.121128
7 16.5 -0.177837
7 17 -0.4057
7 17.5 -0.273089
7 18 0.129272
7 18.5 0.300571
7 19 -0.0304047
7 19.5 -0.5419
7 20 -0.0827243
7 20.5 0

7.5 0 0
7.5 0.5 -0.0124386
7.5 1 -0.0839513
7.5 1.5 0.041192
7.5 2 0.0624779
7.5 2.5 -0.0958615
7.5 3 -0.230496
7.5 3.5 -0.189051
7.5 4 -0.0622327
7.5 4.5 -0.0395359
7.5 5 -0.0967881
7.5 5.5 -0.0743443
7.5 6 0.0410601
7.5 6.5 0.0721442
7.5 7 -0.0449449
7.5 7.5 -0.100915
7.5 8 0.126188
7.5 8.5 0.497991
7.5 9 0.695977
7.5 9.5 0.62664
7.5 10 0.541648
7.5 10.5 0.665979
7.5 11 0.868432
7.5 11.5 0.859997
7.5 12 0.555286
7.5 12.5 0.164344
7.5 13 -0.0424962
7.5 13.5 -0.037028
7.5 14 0.040758
7.5 14.5 0.0786321
7.5 15 0.0904643
7.5 15.5 0.0562878
7.5 16 -0.105
7.5 16.5 -0.365871
7.5 17 -0.48608
7.5 17.5 -0.267712
7.5 18 0.152697
7.5 18.5 0.335431
7.5 19 0.0857215
7.5 19.5 -0.310649
7.5 20 -0.0473711
7.5 20.5 0

8 0 0
8 0.5 -0.0100898
8 1 -0.0696451
8 1.5 0.0115701
8 2 0.0249944
8 2.5 -0.06093
8 3 -0.160928
8 3.5 -0.162771
8 4 -0.0925639
8 4.5 -0.0527312
8 5 -0.0567341
8 5.5 -0.0541683
8 6 -0.0520157
8 6.5 -0.109719
8 7 -0.202992
8 7.5 -0.180476
8 8 0.0390007
8 8.5 0.356842
8 9 0.603329
8 9.5 0.767773
8 10 0.943864
8 10.5 1.12437
8 11 1.14202
8 11.5 0.882156
8 12 0.43194
8 12.5 0.0327736
8 13 -0.15856
8 13.5 -0.159729
8 14 -0.09214
8 14.5 -0.0232653
8 15 0.0194193
8 15.5 -0.0115061
8 16 -0.154576
8 16.5 -0.338804
8 17 -0.375768
8 17.5 -0.15371
8 18 0.160481
8 18.5 0.26055
8 19 0.0373446
8 19.5 -0.272259
8 20 -0.0408127
8 20.5 0

8.5 0 0
8.5 0.5 -0.0498301
8.5 1 -0.326134
8.5 1.5 -0.222019
8.5 2 -0.117839
8.5 2.5 -0.0195856
8.5 3 0.0600179
8.5 3.5 0.125752
8.5 4 0.187384
8.5 4.5 0.253557
8.5 5 0.307728
8.5 5.5 0.302792
8.5 6 0.185477
8.5 6.5 0.00452021
8.5 7 -0.118989
8.5 7.5 -0.103423
8.5 8 0.00625458
8.5 8.5 0.117871
8.5 9 0.255997
8.5 9.5 0.514701
8.5 10 0.863234
8.5 10.5 1.09429
8.5 11 0.98438
8.5 11.5 0.575987
8.5 12 0.135188
8.5 12.5 -0.101912
8.5 13 -0.106786
8.5 13.5 -0.00309082
8.5 14 0.108382
8.5 14.5 0.202001
8.5 15 0.251689
8.5 15.5 0.226321
8.5 16 0.110601
8.5 16.5 -0.00420616
8.5 17 -0.00159189
8.5 17.5 0.117795
8.5 18 0.203701
8.5 18.5 0.095825
8.5 19 -0.215507
8.5 19.5 -0.536581
8.5 20 -0.0812762
8.5 20.5 0

9 0 0
9 0.5 -0.0614088
9 1 -0.405138
9 1.5 -0.38318
9 2 -0.291976
9 2.5 -0.0698343
9 3 0.172986
9 3.5 0.31427
9 4 0.384397
9 4.5 0.490597
9 5 0.619473
9 5.5 0.633776
9 6 0.438897
9 6.5 0.163763
9 7 0.0260914
9 7.5 0.0512082
9 8 0.0678854
9 8.5 -0.0206304
9 9 -0.0560382
9 9.5 0.174994
9 10 0.594597
9 10.5 0.834993
9 11 0.657751
9 11.5 0.212798
9 12 -0.117723
9 12.5 -0.140823
9 13 0.0336474
9 13.5 0.222139
9 14 0.355265
9 14.5 0.448958
9 15 0.486095
9 15.5 0.42552
9 16 0.29485
9 16.5 0.220816
9 17 0.257732
9 17.5 0.303821
9 18 0.220081
9 18.5 -0.0389862
9 19 -0.387906
9 19.5 -0.68457
9 20 -0.103908
9 20.5 0

9.5 0 0
9.5 0.5 0.00138256
9.5 1 0.00739035
9.5 1.5 -0.237686
9.5 2 -0.386768
9.5 2.5 -0.26012
9.5 3 -0.0184655
9.5 3.5 0.108417
9.5 4 0.149877
9.5 4.5 0.276606
9.5 5 0.504649
9.5 5.5 0.59521
9.5 6 0.398813
9.5 6.5 0.108652
9.5 7 0.0329144
9.5 7.5 0.168785
9.5 8 0.230618
9.5 8.5 0.0828185
9.5 9 -0.0406535
9.5 9.5 0.152546
9.5 10 0.570751
9.5 10.5 0.777698
9.5 11 0.550925
9.5 11.5 0.123136
9.5 12 -0.102423
9.5 12.5 -0.0245162
9.5 13 0.1619
9.5 13.5 0.282551
9.5 14 0.356826
9.5 14.5 0.435102
9.5 15 0.443938
9.5 15.5 0.294532
9.5 16 0.069341
9.5 16.5 -0.0297427
9.5 17 0.0593552
9.5 17.5 0.16315
9.5 18 0.122476
9.5 18.5 -0.0599769
9.5 19 -0.24326
9.5 19.5 -0.366663
9.5 20 -0.0557713
9.5 20.5 0

10 0 0
10 0.5 0.0884972
10 1 0.577482
10 1.5 0.0314719
10 2 -0.42051
10 2.5 -0.482373
10 3 -0.323882
10 3.5 -0.269964
10 4 -0.288059
10 4.5 -0.133976
10 5 0.192441
10 5.5 0.378449
10 6 0.212313
10 6.5 -0.0700357
10 7 -0.0863169
10 7.5 0.171968
10 8 0.359863
10 8.5 0.27617
10 9 0.164296
10 9.5 0.338073
10 10 0.703886
10 10.5 0.854015
10 11 0.603941
10 11.5 0.218273
10 12 0.0596024
10 12.5 0.124526
10 13 0.184042
10 13.5 0.148506
10 14 0.175226
10 14.5 0.311642
10 15 0.342478
10 15.5 0.0957152
10 16 -0.295798
10 16.5 -0.498594
10 17 -0.393039
10 17.5 -0.188524
10 18 -0.0806093
10 18.5 -0.0519343
10 19 0.0358931
10 19.5 0.172281
10 20 0.026985
10 20.5 0

10.5 0 0
10.5 0.5 0.109135
10.5 1 0.713622
10.5 1.5 0.0770986
10.5 2 -0.457389
10.5 2.5 -0.532448
10.5 3 -0.37852
10.5 3.5 -0.329638
10.5 4 -0.365047
10.5 4.5 -0.199769
10.5 5 0.167963
10.5 5.5 0.395317
10.5 6 0.215307
10.5 6.5 -0.106007
10.5 7 -0.163938
10.5 7.5 0.0922595
10.5 8 0.30916
10.5 8.5 0.26283
10.5 9 0.177086
10.5 9.5 0.330069
10.5 10 0.61781
10.5 10.5 0.691425
10.5 11 0.44226
10.5 11.5 0.156091
10.5 12 0.092318
10.5 12.5 0.136519
10.5 13 0.0712225
10.5 13.5 -0.0408412
10.5 14 0.0552556
10.5 14.5 0.379251
10.5 15 0.543082
10.5 15.5 0.272365
10.5 16 -0.267527
10.5 16.5 -0.608787
10.5 17 -0.573537
10.5 17.5 -0.368809
10.5 18 -0.239491
10.5 18.5 -0.122274
10.5 19 0.111958
10.5 19.5 0.395792
10.5 20 0.0608268
10.5 20.5 0

11 0 0
11 0.5 0.0522578
11 1 0.34288
11 1.5 -0.130814
11 2 -0.470109
11 2.5 -0.380055
11 3 -0.0988589
11 3.5 0.0201203
11 4 0.00985548
11 4.5 0.155385
11 5 0.489497
11 5.5 0.652878
11 6 0.414203
11 6.5 0.0104482
11 7 -0.145622
11 7.5 -0.0125857
11 8 0.111071
11 8.5 0.0370093
11 9 -0.0404829
11 9.5 0.0995654
11 10 0.317392
11 10.5 0.309553
11 11 0.0716157
11 11.5 -0.0980985
11 12 -0.0532198
11 12.5 0.00713311
11 13 -0.104487
11 13.5 -0.211884
11 14 0.037661
11 14.5 0.592896
11 15 0.957877
11 15.5 0.749185
11 16 0.187446
11 16.5 -0.213615
11 17 -0.262779
11 17.5 -0.206535
11 18 -0.251352
11 18.5 -0.2724
11 19 -0.0767378
11 19.5 0.20005
11 20 0.0305342
11 20.5 0

11.5 0 0
11.5 0.5 -0.000778433
11.5 1 -0.00469091
11.5 1.5 -0.270068
11.5 2 -0.393754
11.5 2.5 -0.17655
11.5 3 0.157364
11.5 3.5 0.307006
11.5 4 0.320317
11.5 4.5 0.436312
11.5 5 0.662186
11.5 5.5 0.723999
11.5 6 0.450448
11.5 6.5 0.0617522
11.5 7 -0.10749
11.5 7.5 -0.0542477
11.5 8 -0.0191541
11.5 8.5 -0.10681
11.5 9 -0.127102
11.5 9.5 0.0407281
11.5 10 0.213694
11.5 10.5 0.145684
11.5 11 -0.0866739
11.5 11.5 -0.189653
11.5 12 -0.0853451
11.5 12.5 -0.0469904
11.5 13 -0.223584
11.5 13.5 -0.355515
11.5 14 -0.054879
11.5 14.5 0.598803
11.5 15 1.06134
11.5 15.5 0.956236
11.5 16 0.513903
11.5 16.5 0.212102
11.5 17 0.156315
11.5 17.5 0.0642256
11.5 18 -0.201094
11.5 18.5 -0.388624
11.5 19 -0.245567
11.5 19.5 0.0294644
11.5 20 0.00439988
11.5 20.5 0

12 0 0
12 0.5 0.0155665
12 1 0.102139
12 1.5 -0.099411
12 2 -0.22134
12 2.5 -0.130101
12 3 0.0362433
12 3.5 0.113061
12 4 0.14441
12 4.5 0.265341
12 5 0.413356
12 5.5 0.398698
12 6 0.169474
12 6.5 -0.0550584
12 7 -0.0812511
12 7.5 0.0127716
12 8 0.0439034
12 8.5 0.0144152
12 9 0.102421
12 9.5 0.356203
12 10 0.526956
12 10.5 0.41827
12 11 0.170907
12 11.5 0.0838818
12 12 0.158389
12 12.5 0.111362
12 13 -0.188238
12 13.5 -0.438328
12 14 -0.252595
12 14.5 0.277764
12 15 0.653664
12 15.5 0.588697
12 16 0.314324
12 16.5 0.216167
12 17 0.250264
12 17.5 0.105909
12 18 -0.252612
12 18.5 -0.435775
12 19 -0.166378
12 19.5 0.263008
12 20 0.0401235
12 20.5 0

12.5 0 0
12.5 0.5 0.0717271
12.5 1 0.470101
12.5 1.5 0.223322
12.5 2 -0.0454294
12.5 2.5 -0.256619
12.5 3 -0.384331
12.5 3.5 -0.409873
12.5 4 -0.287129
12.5 4.5 -0.0714906
12.5 5 0.0745226
12.5 5.5 0.0325124
12.5 6 -0.106401
12.5 6.5 -0.144303
12.5 7 -0.014021
12.5 7.5 0.13484
12.5 8 0.166243
12.5 8.5 0.179594
12.5 9 0.355829
12.5 9.5 0.659923
12.5 10 0.814364
12.5 10.5 0.684038
12.5 11 0.453792
12.5 11.5 0.386349
12.5 12 0.441558
12.5 12.5 0.329146
12.5 13 -0.0435231
12.5 13.5 -0.371856
12.5 14 -0.331672
12.5 14.5 -0.0200112
12.5 15 0.16136
12.5 15.5 0.0384482
12.5 16 -0.122684
12.5 16.5 -0.0712697
12.5 17 0.03646
12.5 17.5 -0.115567
12.5 18 -0.44146
12.5 18.5 -0.471542
12.5 19 0.0537639
12.5 19.5 0.726497
12.5 20 0.111211
12.5 20.5 0

13 0 0
13 0.5 0.0909682
13 1 0.596603
13 1.5 0.387663
13 2 0.0653223
13 2.5 -0.356846
13 3 -0.700178
13 3.5 -0.755731
13 4 -0.478179
13 4.5 -0.0996614
13 5 0.091499
13 5.5 0.0446197
13 6 -0.0512923
13 6.5 -0.00362255
13 7 0.145445
13 7.5 0.215709
13 8 0.134864
13 8.5 0.0996612
13 9 0.263061
13 9.5 0.516899
13 10 0.592097
13 10.5 0.442148
13 11 0.280244
13 11.5 0.320388
13 12 0.441525
13 12.5 0.380247
13 13 0.0850437
13 13.5 -0.153773
13 14 -0.121984
13 14.5 0.0558225
13 15 0.0684157
13 15.5 -0.138279
13 16 -0.296596
13 16.5 -0.229126
13 17 -0.150194
13 17.5 -0.327482
13 18 -0.609406
13 18.5 -0.510342
13 19 0.173238
13 19.5 0.967079
13 20 0.147428
13 20.5 0

13.5 0 0
13.5 0.5 0.0484283
13.5 1 0.323
13.5 1.5 0.325966
13.5 2 0.159321
13.5 2.5 -0.265414
13.5 3 -0.675585
13.5 3.5 -0.704308
13.5 4 -0.304423
13.5 4.5 0.184008
13.5 5 0.391179
13.5 5.5 0.321699
13.5 6 0.233874
13.5 6.5 0.266773
13.5 7 0.307581
13.5 7.5 0.177444
13.5 8 -0.0595666
13.5 8.5 -0.164172
13.5 9 -0.044584
13.5 9.5 0.105398
13.5 10 0.0623143
13.5 10.5 -0.125297
13.5 11 -0.193217
13.5 11.5 -0.0263956
13.5 12 0.201856
13.5 12.5 0.248845
13.5 13 0.119613
13.5 13.5 0.0701839
13.5 14 0.224465
13.5 14.5 0.385625
13.5 15 0.32126
13.5 15.5 0.0538673
13.5 16 -0.143015
13.5 16.5 -0.139321
13.5 17 -0.137572
13.5 17.5 -0.332297
13.5 18 -0.575765
13.5 18.5 -0.463385
13.5 19 0.138205
13.5 19.5 0.815799
13.5 20 0.123862
13.5 20.5 0

14 0 0
14 0.5 -0.01152
14 1 -0.071168
14 1.5 0.203291
14 2 0.297468
14 2.5 -0.00515555
14 3 -0.416943
14 3.5 -0.466002
14 4 -0.0884105
14 4.5 0.341386
14 5 0.481579
14 5.5 0.397112
14 6 0.348613
14 6.5 0.387949
14 7 0.314911
14 7.5 0.0401626
14 8 -0.244165
14 8.5 -0.277252
14 9 -0.0885033
14 9.5 0.0217767
14 10 -0.133401
14 10.5 -0.368253
14 11 -0.396839
14 11.5 -0.167585
14 12 0.0743544
14 12.5 0.130294
14 13 0.0863889
14 13.5 0.164366
14 14 0.378636
14 14.5 0.530149
14 15 0.424923
14 15.5 0.14823
14 16 -0.0483189
14 16.5 -0.0724374
14 17 -0.0729522
14 17.5 -0.184748
14 18 -0.322603
14 18.5 -0.253454
14 19 0.0929065
14 19.5 0.478324
14 20 0.0721769
14 20.5 0

14.5 0 0
14.5 0.5 -0.0491975
14.5 1 -0.323784
14.5 1.5 0.139343
14.5 2 0.438342
14.5 2.5 0.248878
14.5 3 -0.152704
14.5 3.5 -0.279538
14.5 4 -0.0510426
14.5 4.5 0.193863
14.5 5 0.211061
14.5 5.5 0.129825
14.5 6 0.181659
14.5 6.5 0.274039
14.5 7 0.171839
14.5 7.5 -0.141572
14.5 8 -0.332735
14.5 8.5 -0.145049
14.5 9 0.239686
14.5 9.5 0.404392
14.5 10 0.193113
14.5 10.5 -0.0872939
14.5 11 -0.140231
14.5 11.5 0.036368
14.5 12 0.1672
14.5 12.5 0.127801
14.5 13 0.0516133
14.5 13.5 0.11769
14.5 14 0.275769
14.5 14.5 0.324076
14.5 15 0.180381
14.5 15.5 -0.0484877
14.5 16 -0.168275
14.5 16.5 -0.156972
14.5 17 -0.0864819
14.5 17.5 -0.0339056
14.5 18 -0.00595535
14.5 18.5 0.0400764
14.5 19 0.102609
14.5 19.5 0.159629
14.5 20 0.024164
14.5 20.5 0

15 0 0
15 0.5 -0.0720893
15 1 -0.477504
15 1.5 0.0619548
15 2 0.463399
15 2.5 0.373201
15 3 0.0433973
15 3.5 -0.0951289
15 4 0.0141731
15 4.5 0.0803957
15 5 -0.030178
15 5.5 -0.0997004
15 6 0.0380838
15 6.5 0.180927
15 7 0.0328902
15 7.5 -0.313603
15 8 -0.415903
15 8.5 -0.0332598
15 9 0.524596
15 9.5 0.74772
15 10 0.522157
15 10.5 0.207576
15 11 0.117994
15 11.5 0.200358
15 12 0.214093
15 12.5 0.0955023
15 13 0.0189978
15 13.5 0.0785033
15 14 0.146613
15 14.5 0.079894
15 15 -0.0816485
15 15.5 -0.186558
15 16 -0.178679
15 16.5 -0.122902
15 17 -0.0471096
15 17.5 0.0792309
15 18 0.218959
15 18.5 0.238367
15 19 0.0666248
15 19.5 -0.148839
15 20 -0.0222739
15 20.5 0

15.5 0 0
15.5 0.5 -0.0959919
15.5 1 -0.633621
15.5 1.5 -0.0898218
15.5 2 0.342989
15.5 2.5 0.368086
15.5 3 0.205589
15.5 3.5 0.188951
15.5 4 0.301156
15.5 4.5 0.265671
15.5 5 0.0671124
15.5 5.5 -0.0197515
15.5 6 0.137042
15.5 6.5 0.251452
15.5 7 0.0122396
15.5 7.5 -0.421963
15.5 8 -0.540734
15.5 8.5 -0.133299
15.5 9 0.423229
15.5 9.5 0.616954
15.5 10 0.379589
15.5 10.5 0.0859129
15.5 11 0.00656924
15.5 11.5 0.0419953
15.5 12 -0.00622734
15.5 12.5 -0.0857569
15.5 13 -0.042345
15.5 13.5 0.106075
15.5 14 0.158701
15.5 14.5 0.038741
15.5 15 -0.0638142
15.5 15.5 0.0141068
15.5 16 0.185512
15.5 16.5 0.234582
15.5 17 0.174574
15.5 17.5 0.183296
15.5 18 0.282927
15.5 18.5 0.247541
15.5 19 -0.0707683
15.5 19.5 -0.459434
15.5 20 -0.0696121
15.5 20.5 0

16 0 0
16 0.5 -0.104818
16 1 -0.687078
16 1.5 -0.195301
16 2 0.211804
16 2.5 0.318525
16 3 0.309132
16 3.5 0.427449
16 4 0.568916
16 4.5 0.488597
16 5 0.229534
16 5.5 0.12263
16 6 0.265265
16 6.5 0.35496
16 7 0.0688022
16 7.5 -0.401469
16 8 -0.575101
16 8.5 -0.264031
16 9 0.153916
16 9.5 0.245507
16 10 0.0151127
16 10.5 -0.190491
16 11 -0.215988
16 11.5 -0.202151
16 12 -0.280831
16 12.5 -0.300092
16 13 -0.111561
16 13.5 0.1524
16 14 0.201167
16 14.5 0.0509671
16 15 0.0164605
16 15.5 0.295425
16 16 0.633855
16 16.5 0.680843
16 17 0.436764
16 17.5 0.239809
16 18 0.221951
16 18.5 0.160042
16 19 -0.179053
16 19.5 -0.606504
16 20 -0.0925808
16 20.5 0

16.5 0 0
16.5 0.5 -0.0721918
16.5 1 -0.473796
16.5 1.5 -0.104721
16.5 2 0.190824
16.5 2.5 0.254818
16.5 3 0.244645
16.5 3.5 0.345581
16.5 4 0.431718
16.5 4.5 0.287618
16.5 5 0.00340948
16.5 5.5 -0.0953131
16.5 6 0.0947168
16.5 6.5 0.261645
16.5 7 0.11112
16.5 7.5 -0.225963
16.5 8 -0.342974
16.5 8.5 -0.117056
16.5 9 0.133865
16.5 9.5 0.120822
16.5 10 -0.0626812
16.5 10.5 -0.133414
16.5 11 -0.068817
16.5 11.5 -0.0860075
16.5 12 -0.244821
16.5 12.5 -0.302669
16.5 13 -0.10278
16.5 13.5 0.139066
16.5 14 0.0922367
16.5 14.5 -0.178953
16.5 15 -0.225908
16.5 15.5 0.164296
16.5 16 0.649686
16.5 16.5 0.744204
16.5 17 0.438619
16.5 17.5 0.146694
16.5 18 0.106084
16.5 18.5 0.112498
16.5 19 -0.112402
16.5 19.5 -0.436937
16.5 20 -0.0662465
16.5 20.5 0

17 0 0
17 0.5 -0.0176921
17 1 -0.117242
17 1.5 0.113975
17 2 0.260154
17 2.5 0.19611
17 3 0.0596926
17 3.5 0.00282057
17 4 -0.0530779
17 4.5 -0.263755
17 5 -0.525884
17 5.5 -0.558431
17 6 -0.290692
17 6.5 0.0250316
17 7 0.112845
17 7.5 0.0432928
17 8 0.0750505
17 8.5 0.255522
17 9 0.34814
17 9.5 0.236907
17 10 0.113069
17 10.5 0.181764
17 11 0.353426
17 11.5 0.334464
17 12 0.0933509
17 12.5 -0.073154
17 13 0.0174009
17 13.5 0.117887
17 14 -0.111113
17 14.5 -0.547863
17 15 -0.705615
17 15.5 -0.336232
17 16 0.199368
17 16.5 0.380232
17 17 0.167689
17 17.5 -0.0386497
17 18 0.0174955
17 18.5 0.152232
17 19 0.0777193
17 19.5 -0.113773
17 20 -0.0167973
17 20.5 0

17.5 0 0
17.5 0.5 0.00957319
17.5 1 0.0598428
17.5 1.5 0.206704
17.5 2 0.283669
17.5 2.5 0.155134
17.5 3 -0.0634695
17.5 3.5 -0.235916
17.5 4 -0.375621
17.5 4.5 -0.581753
17.5 5 -0.758992
17.5 5.5 -0.725343
17.5 6 -0.424317
17.5 6.5 -0.0642129
17.5 7 0.160652
17.5 7.5 0.266547
17.5 8 0.382021
17.5 8.5 0.461502
17.5 9 0.36303
17.5 9.5 0.117451
17.5 10 -0.0134688
17.5 10.5 0.167774
17.5 11 0.451526
17.5 11.5 0.514702
17.5 12 0.321604
17.5 12.5 0.14461
17.5 13 0.176583
17.5 13.5 0.184831
17.5 14 -0.122153
17.5 14.5 -0.63282
17.5 15 -0.880443
17.5 15.5 -0.64114
17.5 16 -0.187096
17.5 16.5 0.0137454
17.5 17 -0.0740906
17.5 17.5 -0.139935
17.5 18 0.0149173
17.5 18.5 0.198938
17.5 19 0.171913
17.5 19.5 0.0231814
17.5 20 0.00403509
17.5 20.5 0

18 0 0
18 0.5 -0.00843292
18 1 -0.0549335
18 1.5 0.0797305
18 2 0.173649
18 2.5 0.116539
18 3 -0.0190288
18 3.5 -0.135949
18 4 -0.235833
18 4.5 -0.348834
18 5 -0.426605
18 5.5 -0.373104
18 6 -0.165939
18 6.5 0.0801471
18 7 0.262128
18 7.5 0.38004
18 8 0.442296
18 8.5 0.351533
18 9 0.0310256
18 9.5 -0.375802
18 10 -0.567012
18 10.5 -0.367831
18 11 0.00506067
18 11.5 0.235544
18 12 0.234736
18 12.5 0.20447
18 13 0.2857
18 13.5 0.320973
18 14 0.0986755
18 14.5 -0.29471
18 15 -0.519169
18 15.5 -0.406064
18 16 -0.148403
18 16.5 -0.0393486
18 17 -0.0899679
18 17.5 -0.0808239
18 18 0.0715287
18 18.5 0.183547
18 19 0.079893
18 19.5 -0.123134
18 20 -0.0187911
18 20.5 0

18.5 0 0
18.5 0.5 -0.0329037
18.5 1 -0.213436
18.5 1.5 -0.120415
18.5 2 -0.0182724
18.5 2.5 0.0585774
18.5 3 0.107389
18.5 3.5 0.13158
18.5 4 0.113588
18.5 4.5 0.0713014
18.5 5 0.0383434
18.5 5.5 0.0612348
18.5 6 0.121404
18.5 6.5 0.209517
18.5 7 0.304381
18.5 7.5 0.4022
18.5 8 0.42233
18.5 8.5 0.222018
18.5 9 -0.227459
18.5 9.5 -0.727613
18.5 10 -0.983441
18.5 10.5 -0.835367
18.5 11 -0.453663
18.5 11.5 -0.103154
18.5 12 0.0991468
18.5 12.5 0.216286
18.5 13 0.330869
18.5 13.5 0.380555
18.5 14 0.278766
18.5 14.5 0.100981
18.5 15 -0.0118598
18.5 15.5 0.0263224
18.5 16 0.0887424
18.5 16.5 0.0648106
18.5 17 -0.0034986
18.5 17.5 0.020904
18.5 18 0.11693
18.5 18.5 0.122168
18.5 19 -0.0608656
18.5 19.5 -0.305734
18.5 20 -0.0470411
18.5 20.5 0

19 0 0
19 0.5 -0.0248017
19 1 -0.161913
19 1.5 -0.195446
19 2 -0.172593
19 2.5 -0.0279856
19 3 0.17182
19 3.5 0.275401
19 4 0.238381
19 4.5 0.142864
19 5 0.0678488
19 5.5 0.036548
19 6 0.020206
19 6.5 0.0586313
19 7 0.199966
19 7.5 0.408833
19 8 0.522771
19 8.5 0.368921
19 9 -0.0352323
19 9.5 -0.479857
19 10 -0.718348
19 10.5 -0.65006
19 11 -0.362108
19 11.5 -0.0294559
19 12 0.23099
19 12.5 0.362767
19 13 0.3683
19 13.5 0.27255
19 14 0.156899
19 14.5 0.0953871
19 15 0.0977992
19 15.5 0.114456
19 16 0.0714968
19 16.5 0.00319889
19 17 -0.0217098
19 17.5 0.0378611
19 18 0.107986
19 18.5 0.0680296
19 19 -0.0963687
19 19.5 -0.283799
19 20 -0.0435871
19 20.5 0

19.5 0 0
19.5 0.5 0.00389096
19.5 1 0.020678
19.5 1.5 -0.170227
19.5 2 -0.253479
19.5 2.5 -0.0800436
19.5 3 0.194304
19.5 3.5 0.283089
19.5 4 0.117511
19.5 4.5 -0.1305
19.5 5 -0.287929
19.5 5.5 -0.350436
19.5 6 -0.359996
19.5 6.5 -0.266452
19.5 7 0.0152851
19.5 7.5 0.406917
19.5 8 0.663618
19.5 8.5 0.607967
19.5 9 0.317866
19.5 9.5 0.0241571
19.5 10 -0.117103
19.5 10.5 -0.0882329
19.5 11 0.0540837
19.5 11.5 0.275082
19.5 12 0.492206
19.5 12.5 0.56004
19.5 13 0.394501
19.5 13.5 0.0810682
19.5 14 -0.169011
19.5 14.5 -0.235592
19.5 15 -0.185444
19.5 15.5 -0.167663
19.5 16 -0.202346
19.5 16.5 -0.200568
19.5 17 -0.0966655
19.5 17.5 0.0418355
19.5 18 0.0959232
19.5 18.5 0.0393643
19.5 19 -0.0637179
19.5 19.5 -0.150827
19.5 20 -0.0228334
19.5 20.5 0

20 0 0
20 0.5 0.0107336
20 1 0.0662258
20 1.5 -0.194379
20 2 -0.300931
20 2.5 -0.0436199
20 3 0.309193
20 3.5 0.362875
20 4 0.0639886
20 4.5 -0.29269
20 5 -0.477237
20 5.5 -0.524958
20 6 -0.531663
20 6.5 -0.432586
20 7 -0.104137
20 7.5 0.341588
20 8 0.609722
20 8.5 0.518567
20 9 0.241718
20 9.5 0.0576455
20 10 0.0420237
20 10.5 0.092791
20 11 0.133882
20 11.5 0.245055
20 12 0.447473
20 12.5 0.544248
20 13 0.371521
20 13.5 -0.0179434
20 14 -0.336286
20 14.5 -0.426289
20 15 -0.387514
20 15.5 -0.373616
20 16 -0.368536
20 16.5 -0.242212
20 17 0.00417593
20 17.5 0.189862
20 18 0.174745
20 18.5 0.0242431
20 19 -0.109313
20 19.5 -0.168721
20 20 -0.0250415
20 20.5 0

20.5 0 0
20.5 0.5 -0.0102969
20.5 1 -0.0704277
20.5 1.5 -0.302793
20.5 2 -0.330548
20.5 2.5 0.0466125
20.5 3 0.490604
20.5 3.5 0.541653
20.5 4 0.20238
20.5 4.5 -0.141282
20.5 5 -0.239531
20.5 5.5 -0.228729
20.5 6 -0.280124
20.5 6.5 -0.30761
20.5 7 -0.0941525
20.5 7.5 0.254756
20.5 8 0.377351
20.5 8.5 0.105249
20.5 9 -0.299569
20.5 9.5 -0.463778
20.5 10 -0.370171
20.5 10.5 -0.250635
20.5 11 -0.243381
20.5 11.5 -0.18193
20.5 12 0.0462221
20.5 12.5 0.289737
20.5 13 0.294958
20.5 13.5 0.0517618
20.5 14 -0.182458
20.5 14.5 -0.250542
20.5 15 -0.229854
20.5 15.5 -0.259006
20.5 16 -0.254117
20.5 16.5 -0.0599593
20.5 17 0.273693
20.5 17.5 0.461544
20.5 18 0.331074
20.5 18.5 0.017019
20.5 19 -0.238523
20.5 19.5 -0.369372
20.5 20 -0.0560553
20.5 20.5 0

21 0 0
21 0.5 -0.0220917
21 1 -0.144258
21 1.5 -0.352762
21 2 -0.341718
21 2.5 0.0901009
21 3 0.542448
21 3.5 0.566901
21 4 0.233797
21 4.5 0.00405153
21 5 0.0734103
21 5.5 0.178698
21 6 0.0679126
21 6.5 -0.0947614
21 7 -0.0144588
21 7.5 0.243843
21 8 0.257985
21 8.5 -0.169253
21 9 -0.702849
21 9.5 -0.884722
21 10 -0.687883
21 10.5 -0.490408
21 11 -0.482343
21 11.5 -0.490258
21 12 -0.274685
21 12.5 0.0697159
21 13 0.255724
21 13.5 0.198583
21 14 0.0802165
21 14.5 0.0474343
21 15 0.0235187
21 15.5 -0.0797345
21 16 -0.140653
21 16.5 0.0471636
21 17 0.404174
21 17.5 0.60728
21 18 0.435271
21 18.5 0.0334894
21 19 -0.309178
21 19.5 -0.505155
21 20 -0.077134
21 20.5 0

21.5 0 0
21.5 0.5 -0.00139553
21.5 1 -0.00881619
21.5 1.5 -0.258789
21.5 2 -0.299849
21.5 2.5 0.0434066
21.5 3 0.387847
21.5 3.5 0.31336
21.5 4 -0.0378761
21.5 4.5 -0.172133
21.5 5 0.0518134
21.5 5.5 0.262981
21.5 6 0.154914
21.5 6.5 -0.0543604
21.5 7 0.0253025
21.5 7.5 0.345138
21.5 8 0.422603
21.5 8.5 0.0103897
21.5 9 -0.53671
21.5 9.5 -0.691772
21.5 10 -0.411366
21.5 10.5 -0.13218
21.5 11 -0.143147
21.5 11.5 -0.267241
21.5 12 -0.181512
21.5 12.5 0.0985939
21.5 13 0.291475
21.5 13.5 0.268066
21.5 14 0.166913
21.5 14.5 0.122133
21.5 15 0.0497762
21.5 15.5 -0.126837
21.5 16 -0.265282
21.5 16.5 -0.136645
21.5 17 0.21594
21.5 17.5 0.474707
21.5 18 0.395348
21.5 18.5 0.0693687
21.5 19 -0.232985
21.5 19.5 -0.409257
21.5 20 -0.0622294
21.5 20.5 0

22 0 0
22 0.5 0.0235483
22 1 0.152247
22 1.5 -0.136324
22 2 -0.237683
22 2.5 0.00391436
22 3 0.222307
22 3.5 0.034575
22 4 -0.367998
22 4.5 -0.48248
22 5 -0.203008
22 5.5 0.0708027
22 6 0.0160448
22 6.5 -0.148031
22 7 0.0053488
22 7.5 0.4436
22 8 0.647584
22 8.5 0.340479
22 9 -0.129165
22 9.5 -0.2304
22 10 0.101722
22 10.5 0.423215
22 11 0.38553
22 11.5 0.153253
22 12 0.0854597
22 12.5 0.218582
22 13 0.307052
22 13.5 0.213887
22 14 0.0592938
22 14.5 -0.0165925
22 15 -0.0885618
22 15.5 -0.263723
22 16 -0.441352
22 16.5 -0.386986
22 17 -0.0766502
22 17.5 0.228815
22 18 0.282656
22 18.5 0.103512
22 19 -0.108709
22 19.5 -0.23516
22 20 -0.0350422
22 20.5 0

22.5 0 0
22.5 0.5 0.0129488
22.5 1 0.0822374
22.5 1.5 -0.138652
22.5 2 -0.182074
22.5 2.5 0.0751358
22.5 3 0.276503
22.5 3.5 0.0714778
22.5 4 -0.349458
22.5 4.5 -0.517652
22.5 5 -0.292437
22.5 5.5 -0.0430743
22.5 6 -0.0711842
22.5 6.5 -0.191754
22.5 7 -0.0364547
22.5 7.5 0.369758
22.5 8 0.583945
22.5 8.5 0.332732
22.5 9 -0.0589118
22.5 9.5 -0.110074
22.5 10 0.223123
22.5 10.5 0.522441
22.5 11 0.458845
22.5 11.5 0.184054
22.5 12 0.0585706
22.5 12.5 0.129896
22.5 13 0.18417
22.5 13.5 0.0725199
22.5 14 -0.0752244
22.5 14.5 -0.110954
22.5 15 -0.0914023
22.5 15.5 -0.16877
22.5 16 -0.31002
22.5 16.5 -0.32277
22.5 17 -0.114201
22.5 17.5 0.142352
22.5 18 0.232325
22.5 18.5 0.114835
22.5 19 -0.0799696
22.5 19.5 -0.225739
22.5 20 -0.0340333
22.5 20.5 0

23 0 0
23 0.5 -0.0250454
23 1 -0.164917
23 1.5 -0.234306
23 2 -0.128483
23 2.5 0.226365
23 3 0.495913
23 3.5 0.363332
23 4 -0.024568
23 4.5 -0.262561
23 5 -0.168638
23 5.5 -0.0030999
23 6 -0.029336
23 6.5 -0.147485
23 7 -0.0941274
23 7.5 0.126336
23 8 0.21323
23 8.5 -0.0113818
23 9 -0.290471
23 9.5 -0.276276
23 10 0.0244776
23 10.5 0.232206
23 11 0.117749
23 11.5 -0.159525
23 12 -0.272353
23 12.5 -0.170946
23 13 -0.0577964
23 13.5 -0.0859864
23 14 -0.149319
23 14.5 -0.0915589
23 15 0.0513943
23 15.5 0.115789
23 16 0.0634721
23 16.5 0.0157313
23 17 0.102993
23 17.5 0.241228
23 18 0.267284
23 18.5 0.113738
23 19 -0.144217
23 19.5 -0.359115
23 20 -0.0545631
23 20.5 0

23.5 0 0
23.5 0.5 -0.0428761
23.5 1 -0.283141
23.5 1.5 -0.243612
23.5 2 -0.0536884
23.5 2.5 0.304182
23.5 3 0.570302
23.5 3.5 0.502613
23.5 4 0.178995
23.5 4.5 -0.0884269
23.5 5 -0.127255
23.5 5.5 -0.0467869
23.5 6 -0.0503398
23.5 6.5 -0.136622
23.5 7 -0.165044
23.5 7.5 -0.127223
23.5 8 -0.132901
23.5 8.5 -0.238947
23.5 9 -0.291345
23.5 9.5 -0.146513
23.5 10 0.108523
23.5 10.5 0.188632
23.5 11 -0.0165665
23.5 11.5 -0.328559
23.5 12 -0.467606
23.5 12.5 -0.386068
23.5 13 -0.254987
23.5 13.5 -0.218034
23.5 14 -0.21
23.5 14.5 -0.115387
23.5 15 0.0752101
23.5 15.5 0.231567
23.5 16 0.25732
23.5 16.5 0.227345
23.5 17 0.241141
23.5 17.5 0.292851
23.5 18 0.274024
23.5 18.5 0.110914
23.5 19 -0.150816
23.5 19.5 -0.378512
23.5 20 -0.0575287
23.5 20.5 0

24 0 0
24 0.5 -0.0192002
24 1 -0.128106
24 1.5 -0.0789606
24 2 0.0406221
24 2.5 0.21428
24 3 0.322537
24 3.5 0.265461
24 4 0.0486524
24 4.5 -0.170328
24 5 -0.271644
24 5.5 -0.248994
24 6 -0.200389
24 6.5 -0.188633
24 7 -0.21082
24 7.5 -0.234996
24 8 -0.208606
24 8.5 -0.0958614
24 9 0.126343
24 9.5 0.406094
24 10 0.597817
24 10.5 0.553046
24 11 0.287825
24 11.5 -0.0435826
24 12 -0.256073
24 12.5 -0.303095
24 13 -0.271999
24 13.5 -0.267669
24 14 -0.271993
24 14.5 -0.223949
24 15 -0.105286
24 15.5 0.0244053
24 16 0.0913887
24 16.5 0.104929
24 17 0.104431
24 17.5 0.137473
24 18 0.149877
24 18.5 0.097947
24 19 -0.0274279
24 19.5 -0.151643
24 20 -0.02304
24 20.5 0

24.5 0 0
24.5 0.5 0.0161819
24.5 1 0.101802
24.5 1.5 0.123301
24.5 2 0.109287
24.5 2.5 0.0135836
24.5 3 -0.0919311
24.5 3.5 -0.137192
24.5 4 -0.148262
24.5 4.5 -0.20564
24.5 5 -0.291291
24.5 5.5 -0.316819
24.5 6 -0.242446
24.5 6.5 -0.153933
24.5 7 -0.152693
24.5 7.5 -0.203216
24.5 8 -0.149686
24.5 8.5 0.10859
24.5 9 0.466801
24.5 9.5 0.727808
24.5 10 0.77678
24.5 10.5 0.655111
24.5 11 0.472451
24.5 11.5 0.281745
24.5 12 0.0888642
24.5 12.5 -0.0687832
24.5 13 -0.161799
24.5 13.5 -0.194065
24.5 14 -0.206725
24.5 14.5 -0.226406
24.5 15 -0.224309
24.5 15.5 -0.180048
24.5 16 -0.121414
24.5 16.5 -0.104134
24.5 17 -0.122471
24.5 17.5 -0.119853
24.5 18 -0.0642306
24.5 18.5 0.0273013
24.5 19 0.109944
24.5 19.5 0.164434
24.5 20 0.0254571
24.5 20.5 0

25 0 0
25 0.5 0.0251547
25 1 0.164221
25 1.5 0.215076
25 2 0.130445
25 2.5 -0.172021
25 3 -0.418542
25 3.5 -0.368877
25 4 -0.0810959
25 4.5 0.119979
25 5 0.0928192
25 5.5 0.00111206
25 6 0.0205222
25 6.5 0.0922106
25 7 0.0355428
25 7.5 -0.135355
25 8 -0.184585
25 8.5 0.0137339
25 9 0.274163
25 9.5 0.318216
25 10 0.145056
25 10.5 -0.00278479
25 11 0.0475551
25 11.5 0.180321
25 12 0.197871
25 12.5 0.0676686
25 13 -0.0364513
25 13.5 -0.0128913
25 14 0.0590353
25 14.5 0.0539317
25 15 -0.0116885
25 15.5 -0.0452051
25 16 -0.0342677
25 16.5 -0.062341
25 17 -0.17109
25 17.5 -0.286756
25 18 -0.265324
25 18.5 -0.0928675
25 19 0.151957
25 19.5 0.348238
25 20 0.0530126
25 20.5 0

25.5 0 0
25.5 0.5 0.0147045
25.5 1 0.100952
25.5 1.5 0.223123
25.5 2 0.123915
25.5 2.5 -0.28882
25.5 3 -0.611565
25.5 3.5 -0.424927
25.5 4 0.148142
25.5 4.5 0.590206
25.5 5 0.620766
25.5 5.5 0.453346
25.5 6 0.393673
25.5 6.5 0.399422
25.5 7 0.229868
25.5 7.5 -0.107444
25.5 8 -0.320267
25.5 8.5 -0.25935
25.5 9 -0.173097
25.5 9.5 -0.373613
25.5 10 -0.768431
25.5 10.5 -0.925775
25.5 11 -0.633908
25.5 11.5 -0.153842
25.5 12 0.105887
25.5 12.5 0.0769157
25.5 13 0.0292659
25.5 13.5 0.162684
25.5 14 0.363743
25.5 14.5 0.426685
25.5 15 0.341683
25.5 15.5 0.259146
25.5 16 0.232666
25.5 16.5 0.141317
25.5 17 -0.0918591
25.5 17.5 -0.345886
25.5 18 -0.409507
25.5 18.5 -0.209717
25.5 19 0.127474
25.5 19.5 0.410365
25.5 20 0.0619487
25.5 20.5 0

26 0 0
26 0.5 0
26 1 0.0147045
26 1.5 0.0341253
26 2 0.0189537
26 2.5 -0.0433494
26 3 -0.093119
26 3.5 -0.0641129
26 4 0.0229714
26 4.5 0.0904418
26 5 0.0951323
26 5.5 0.0689402
26 6 0.0599148
26 6.5 0.061052
26 7 0.0349883
26 7.5 -0.0164698
26 8 -0.049056
26 8.5 -0.0396291
26 9 -0.0266865
26 9.5 -0.0568958
26 10 -0.117329
26 10.5 -0.141343
26 11 -0.0968887
26 11.5 -0.0232474
26 12 0.0155817
26 12.5 0.0113484
26 13 0.00411854
26 13.5 0.0248644
26 14 0.0555104
26 14.5 0.0654387
26 15 0.0522538
26 15.5 0.0395835
26 16 0.0359938
26 16.5 0.0223026
26 17 -0.0136123
26 17.5 -0.0521333
26 18 -0.062105
26 18.5 -0.0316098
26 19 0.0191926
26 19.5 0.0619487
26 20 0
26 20.5 0

26.5 0 0
26.5 0.5 0
26.5 1 0
26.5 1.5 0
26.5 2 0
26.5 2.5 0
26.5 3 0
26.5 3.5 0
26.5 4 0
26.5 4.5 0
26.5 5 0
26.5 5.5 0
26.5 6 0
26.5 6.5 0
26.5 7 0
26.5 7.5 0
26.5 8 0
26.5 8.5 0
26.5 9 0
26.5 9.5 0
26.5 10 0
26.5 10.5 0
26.5 11 0
26.5 11.5 0
26.5 12 0
26.5 12.5 0
26.5 13 0
26.5 13.5 0
26.5 14 0
26.5 14.5 0
26.5 15 0
26.5 15.5 0
26.5 16 0
26.5 16.5 0
26.5 17 0
26.5 17.5 0
26.5 18 0
26.5 18.5 0
26.5 19 0
26.5 19.5 0
26.5 20 0
26.5 20.5 0

