0 0 0
0 0.5 0
0 1 0
0 1.5 0
0 2 0
0 2.5 0
0 3 0
0 3.5 0
0 4 0
0 4.5 0
0 5 0
0 5.5 0
0 6 0
0 6.5 0
0 7 0
0 7.5 0
0 8 0
0 8.5 0
0 9 0
0 9.5 0
0 10 0
0 10.5 0
0 11 0
0 11.5 0
0 12 0
0 12.5 0
0 13 0
0 13.5 0
0 14 0
0 14.5 0
0 15 0
0 15.5 0
0 16 0
0 16.5 0
0 17 0
0 17.5 0
0 18 0
0 18.5 0
0 19 0
0 19.5 0
0 20 0
0 20.5 0

0.5 0 0
0.5 0.5 0
0.5 1 -5.17834e-06
0.5 1.5 -8.22256e-06
0.5 2 -6.11884e-05
0.5 2.5 -3.29927e-05
0.5 3 -6.8418e-05
0.5 3.5 -6.84076e-06
0.5 4 2.3639e-05
0.5 4.5 6.32325e-05
0.5 5 3.61675e-05
0.5 5.5 9.69735e-05
0.5 6 7.53419e-05
0.5 6.5 0.000120238
0.5 7 5.58595e-05
0.5 7.5 0.000118497
0.5 8 7.75911e-05
0.5 8.5 0.000103009
0.5 9 6.46923e-05
0.5 9.5 4.94193e-05
0.5 10 7.01408e-05
0.5 10.5 6.61074e-05
0.5 11 6.02236e-05
0.5 11.5 6.56574e-05
0.5 12 7.10152e-05
0.5 12.5 0.000112876
0.5 13 4.05799e-05
0.5 13.5 0.000126789
0.5 14 3.6834e-05
0.5 14.5 7.11719e-05
0.5 15 5.80935e-05
0.5 15.5 5.55534e-05
0.5 16 3.22163e-05
0.5 16.5 3.95958e-05
0.5 17 -1.76359e-05
0.5 17.5 1.14814e-05
0.5 18 -3.32844e-05
0.5 18.5 -9.96484e-06
0.5 19 -3.41904e-05
0.5 19.5 -3.90138e-05
0.5 20 0
0.5 20.5 0

1 0 0
1 0.5 -5.17834e-06
1 1 -5.69089e-05
1 1.5 -0.000171013
1 2 -0.000218043
1 2.5 -0.000208792
1 3 -0.000179936
1 3.5 -1.44724e-05
1 4 0.000164676
1 4.5 0.000326705
1 5 0.000365198
1 5.5 0.000448826
1 6 0.000483678
1 6.5 0.000532095
1 7 0.00054762
1 7.5 0.000542568
1 8 0.000553875
1 8.5 0.000538726
1 9 0.000478783
1 9.5 0.000326389
1 10 0.000503101
1 10.5 0.000375768
1 11 0.000556124
1 11.5 0.00039081
1 12 0.000600518
1 12.5 0.000545895
1 13 0.000526354
1 13.5 0.000491004
1 14 0.000394747
1 14.5 0.000358037
1 15 0.000341535
1 15.5 0.000331635
1 16 0.000258173
1 16.5 0.00020473
1 17 6.77324e-05
1 17.5 2.80517e-05
1 18 -5.36891e-06
1 18.5 -0.000140133
1 19 -0.00011264
1 19.5 -0.000218241
1 20 -3.90138e-05
1 20.5 0

1.5 0 0
1.5 0.5 -6.57963e-06
1.5 1 -0.000118685
1.5 1.5 -0.000256596
1.5 2 0.000179373
1.5 2.5 -0.000114433
1.5 3 0.000344239
1.5 3.5 0.000142463
1.5 4 0.000108455
1.5 4.5 0.00014214
1.5 5 0.000392251
1.5 5.5 0.000176426
1.5 6 0.000376104
1.5 6.5 9.34108e-05
1.5 7 0.000635603
1.5 7.5 0.000231519
1.5 8 0.000491149
1.5 8.5 0.000249218
1.5 9 0.000502789
1.5 9.5 0.000460354
1.5 10 0.000475041
1.5 10.5 0.000492204
1.5 11 0.000645104
1.5 11.5 0.000439563
1.5 12 0.000564129
1.5 12.5 0.000210775
1.5 13 0.000685535
1.5 13.5 -3.72199e-05
1.5 14 0.000464753
1.5 14.5 0.000200138
1.5 15 0.000232752
1.5 15.5 0.000211155
1.5 16 0.00020569
1.5 16.5 0.000155533
1.5 17 0.000335748
1.5 17.5 2.12057e-05
1.5 18 0.000302815
1.5 18.5 -6.42852e-05
1.5 19 3.54225e-05
1.5 19.5 -0.000141133
1.5 20 -4.51858e-05
1.5 20.5 0

2 0 0
2 0.5 -4.9833e-05
2 1 -0.000149882
2 1.5 0.000136118
2 2 -0.000315045
2 2.5 0.000502717
2 3 5.22379e-05
2 3.5 7.65784e-05
2 4 0.000120257
2 4.5 -0.000530436
2 5 3.215e-05
2 5.5 -0.000418524
2 6 -0.000207272
2 6.5 -0.000386578
2 7 -0.000397478
2 7.5 -0.000442854
2 8 0.000255822
2 8.5 2.36586e-05
2 9 0.000268294
2 9.5 0.000770957
2 10 0.000209164
2 10.5 0.000586052
2 11 0.00049355
2 11.5 0.000435946
2 12 0.000206869
2 12.5 -1.89082e-05
2 13 0.000106052
2 13.5 -0.000236197
2 14 -5.08501e-05
2 14.5 -3.44682e-05
2 15 -0.000185455
2 15.5 -0.000368838
2 16 0.000129492
2 16.5 -0.000275215
2 17 -7.84087e-05
2 17.5 0.000144459
2 18 -0.000435683
2 18.5 -7.51203e-06
2 19 -0.0002468
2 19.5 -2.85719e-05
2 20 2.19838e-05
2 20.5 0

2.5 0 0
2.5 0.5 5.29248e-06
2.5 1 -0.000187199
2.5 1.5 -0.000204406
2.5 2 0.000361042
2.5 2.5 -0.000474134
2.5 3 0.000616433
2.5 3.5 -0.000183407
2.5 4 8.65607e-05
2.5 4.5 -0.000346235
2.5 5 -0.000416401
2.5 5.5 -0.000189436
2.5 6 -0.000528715
2.5 6.5 -0.000288192
2.5 7 -0.000229404
2.5 7.5 -0.000332353
2.5 8 -0.000250193
2.5 8.5 -8.11453e-05
2.5 9 1.16463e-05
2.5 9.5 -0.000243015
2.5 10 0.000346117
2.5 10.5 -0.000432311
2.5 11 3.97162e-05
2.5 11.5 0.000202271
2.5 12 -0.000203143
2.5 12.5 -4.58147e-05
2.5 13 -0.000188999
2.5 13.5 -0.000253417
2.5 14 2.69084e-05
2.5 14.5 -0.00015759
2.5 15 -0.000283669
2.5 15.5 8.24423e-05
2.5 16 -0.000180868
2.5 16.5 -0.000592877
2.5 17 0.000245789
2.5 17.5 -0.000728857
2.5 18 8.49885e-05
2.5 18.5 -0.000581607
2.5 19 -0.000101209
2.5 19.5 0.000133516
2.5 20 2.41299e-05
2.5 20.5 0

3 0 0
3 0.5 -1.41177e-05
3 1 -3.29528e-05
3 1.5 3.96024e-05
3 2 -0.000117365
3 2.5 0.000701591
3 3 0.000295252
3 3.5 0.00012776
3 4 5.36201e-05
3 4.5 -0.000515379
3 5 0.000139128
3 5.5 -0.000807388
3 6 -0.000219939
3 6.5 -0.000493454
3 7 -0.000545368
3 7.5 -0.000388774
3 8 -7.78838e-05
3 8.5 -0.000473358
3 9 6.83418e-05
3 9.5 0.000202094
3 10 -0.000510513
3 10.5 -1.42213e-05
3 11 0.000242117
3 11.5 -9.04776e-05
3 12 2.33956e-05
3 12.5 -0.000287937
3 13 -0.000190244
3 13.5 -3.67257e-05
3 14 -0.000339855
3 14.5 -0.000265123
3 15 9.2153e-05
3 15.5 -0.000780458
3 16 0.000361363
3 16.5 -0.00044228
3 17 0.000215926
3 17.5 0.0003766
3 18 -0.000219374
3 18.5 0.00035889
3 19 -0.000299543
3 19.5 0.000146896
3 20 6.18573e-05
3 20.5 0

3.5 0 0
3.5 0.5 3.23696e-05
3.5 1 1.30743e-05
3.5 1.5 -0.000321379
3.5 2 0.000475773
3.5 2.5 -0.000327728
3.5 3 0.000552561
3.5 3.5 -0.000220262
3.5 4 2.40147e-05
3.5 4.5 -0.000150212
3.5 5 -0.000248751
3.5 5.5 -0.000221036
3.5 6 -0.000189045
3.5 6.5 -0.000282419
3.5 7 -0.000412058
3.5 7.5 -0.000303993
3.5 8 -0.000789647
3.5 8.5 -1.87682e-05
3.5 9 -0.000608818
3.5 9.5 -1.13838e-05
3.5 10 -0.000320458
3.5 10.5 -0.000413113
3.5 11 -0.000608534
3.5 11.5 4.51572e-05
3.5 12 -0.000843353
3.5 12.5 -7.62677e-05
3.5 13 -0.000485397
3.5 13.5 -8.63605e-05
3.5 14 0.000206045
3.5 14.5 7.04198e-05
3.5 15 -0.000109766
3.5 15.5 0.000284827
3.5 16 6.10934e-05
3.5 16.5 -0.000295525
3.5 17 0.000197159
3.5 17.5 -0.000579023
3.5 18 0.000228808
3.5 18.5 -0.000322486
3.5 19 6.852e-05
3.5 19.5 0.000139056
3.5 20 2.06414e-05
3.5 20.5 0

4 0 0
4 0.5 1.14213e-05
4 1 4.60494e-05
4 1.5 -1.85482e-05
4 2 -9.11307e-05
4 2.5 0.000467705
4 3 0.000407172
4 3.5 -0.000191676
4 4 5.41303e-05
4 4.5 -0.000418239
4 5 0.000152243
4 5.5 -0.000323749
4 6 -0.000783819
4 6.5 -0.000436496
4 7 -0.00103631
4 7.5 -0.000775827
4 8 -0.000850857
4 8.5 -0.000995267
4 9 -0.000545924
4 9.5 -0.000641248
4 10 -0.00114834
4 10.5 -0.00105297
4 11 -0.000344012
4 11.5 -0.000958252
4 12 -0.000499672
4 12.5 -0.000586404
4 13 -0.000840495
4 13.5 0.000127566
4 14 -0.000899498
4 14.5 -0.000409131
4 15 -0.00025417
4 15.5 -0.000783426
4 16 0.000340673
4 16.5 -0.00052348
4 17 0.000460477
4 17.5 0.000147073
4 18 -3.77377e-05
4 18.5 -0.000161125
4 19 -0.000298663
4 19.5 0.000171877
4 20 7.0417e-05
4 20.5 0

4.5 0 0
4.5 0.5 1.22655e-05
4.5 1 7.75587e-05
4.5 1.5 5.42221e-05
4.5 2 0.000387422
4.5 2.5 -0.000112647
4.5 3 0.000873329
4.5 3.5 -0.000318515
4.5 4 0.000200806
4.5 4.5 -0.000677965
4.5 5 -3.01488e-05
4.5 5.5 -0.000827281
4.5 6 -0.000383915
4.5 6.5 -0.000491994
4.5 7 -0.00063903
4.5 7.5 -0.000722876
4.5 8 -0.000434843
4.5 8.5 -0.00046488
4.5 9 -0.000131177
4.5 9.5 -0.000102594
4.5 10 -0.000233211
4.5 10.5 -0.00022703
4.5 11 -0.000300085
4.5 11.5 -4.87351e-05
4.5 12 -0.000275957
4.5 12.5 -0.000376121
4.5 13 -0.000352088
4.5 13.5 -0.000539966
4.5 14 6.19515e-05
4.5 14.5 -0.000425553
4.5 15 0.000147681
4.5 15.5 -0.000450633
4.5 16 -4.68024e-05
4.5 16.5 -0.000857581
4.5 17 0.000548468
4.5 17.5 -0.000547284
4.5 18 0.000605807
4.5 18.5 -0.000158657
4.5 19 6.52496e-05
4.5 19.5 0.0002073
4.5 20 2.76898e-05
4.5 20.5 0

5 0 0
5 0.5 2.17391e-05
5 1 0.000108791
5 1.5 0.000155865
5 2 -0.000220253
5 2.5 0.000348188
5 3 -0.000276164
5 3.5 -0.0002229
5 4 -0.000492205
5 4.5 -0.0001388
5 5 -0.000294239
5 5.5 -0.000212193
5 6 -0.000967713
5 6.5 -0.000480695
5 7 -0.00116458
5 7.5 -0.00123589
5 8 -0.000861274
5 8.5 -0.00116098
5 9 -0.00072036
5 9.5 -0.00119818
5 10 -0.000992642
5 10.5 -0.00122382
5 11 -0.00065722
5 11.5 -0.000845715
5 12 -0.000560395
5 12.5 -0.000406284
5 13 -0.000888129
5 13.5 -0.000230797
5 14 -0.0011247
5 14.5 -0.000500024
5 15 -0.000447265
5 15.5 -0.000637101
5 16 0.000112189
5 16.5 -0.000506927
5 17 -3.25273e-05
5 17.5 -5.46704e-05
5 18 -0.000314757
5 18.5 -0.000135799
5 19 -0.000130473
5 19.5 0.000303286
5 20 7.13036e-05
5 20.5 0

5.5 0 0
5.5 0.5 3.37171e-05
5.5 1 0.000210931
5.5 1.5 4.6109e-05
5.5 2 0.000740114
5.5 2.5 -2.2647e-05
5.5 3 0.000531499
5.5 3.5 -0.000379431
5.5 4 8.59034e-05
5.5 4.5 -0.00113888
5.5 5 -0.000234358
5.5 5.5 -0.000969437
5.5 6 -0.000403351
5.5 6.5 -0.000706116
5.5 7 -0.000412012
5.5 7.5 -0.000964332
5.5 8 -0.000259676
5.5 8.5 -0.000895877
5.5 9 -0.00015064
5.5 9.5 -0.000138563
5.5 10 -0.000494785
5.5 10.5 -0.0001964
5.5 11 -0.000193166
5.5 11.5 -0.000329998
5.5 12 -0.000209247
5.5 12.5 -0.000545548
5.5 13 -0.000143287
5.5 13.5 -0.000487992
5.5 14 0.000432879
5.5 14.5 -0.000453164
5.5 15 0.000513829
5.5 15.5 -0.000551885
5.5 16 -0.000330292
5.5 16.5 -0.000981994
5.5 17 0.000158799
5.5 17.5 -0.000256548
5.5 18 0.000276871
5.5 18.5 -0.000354779
5.5 19 0.00030683
5.5 19.5 0.000277548
5.5 20 4.90385e-05
5.5 20.5 0

6 0 0
6 0.5 6.21049e-05
6 1 0.000212303
6 1.5 -4.12663e-05
6 2 -3.37732e-05
6 2.5 0.00011634
6 3 -0.000275925
6 3.5 -0.000689289
6 4 -0.000917222
6 4.5 -0.000377749
6 5 -0.000925767
6 5.5 -0.000322743
6 6 -0.0014436
6 6.5 -0.00028708
6 7 -0.00164427
6 7.5 -0.000605633
6 8 -0.00136299
6 8.5 -0.000619304
6 9 -0.000691267
6 9.5 -0.00144783
6 10 -0.000685257
6 10.5 -0.00147526
6 11 -0.000771416
6 11.5 -0.000385772
6 12 -0.000862632
6 12.5 0.000426627
6 13 -0.00144711
6 13.5 4.22609e-05
6 14 -0.00137473
6 14.5 -0.000487045
6 15 -0.000521214
6 15.5 -0.000533083
6 16 -0.000548084
6 16.5 -0.000439134
6 17 -0.000514775
6 17.5 -5.23153e-06
6 18 -0.000116551
6 18.5 -8.48445e-05
6 19 0.000164431
6 19.5 0.000362008
6 20 6.19524e-05
6 20.5 0

6.5 0 0
6.5 0.5 9.06196e-06
6.5 1 0.00020435
6.5 1.5 0.000409558
6.5 2 0.000860782
6.5 2.5 0.000333522
6.5 3 0.00015731
6.5 3.5 -0.000442887
6.5 4 -0.000241344
6.5 4.5 -0.0014321
6.5 5 -0.000564948
6.5 5.5 -0.00129953
6.5 6 -0.000896444
6.5 6.5 -0.0010578
6.5 7 -0.000730348
6.5 7.5 -0.000840289
6.5 8 -0.000621175
6.5 8.5 -0.00103568
6.5 9 -0.000541327
6.5 9.5 -0.000651418
6.5 10 -0.000454544
6.5 10.5 -0.000863298
6.5 11 -0.000487957
6.5 11.5 -0.000692012
6.5 12 -0.000566769
6.5 12.5 -0.000605552
6.5 13 -0.000487665
6.5 13.5 -0.000342855
6.5 14 4.96398e-05
6.5 14.5 -0.000828383
6.5 15 0.000211786
6.5 15.5 -0.00105304
6.5 16 -0.000746976
6.5 16.5 -0.00112125
6.5 17 -0.000239829
6.5 17.5 -3.38164e-05
6.5 18 0.00014804
6.5 18.5 -6.39624e-05
6.5 19 0.000855139
6.5 19.5 0.000258413
6.5 20 5.22735e-06
6.5 20.5 0

7 0 0
7 0.5 7.6267e-05
7 1 0.000312819
7 1.5 5.6115e-05
7 2 0.000232215
7 2.5 -0.000255403
7 3 -0.000340566
7 3.5 -0.00113574
7 4 -0.00124538
7 4.5 -0.000968511
7 5 -0.00149694
7 5.5 -0.000588403
7 6 -0.00214125
7 6.5 -0.000736471
7 7 -0.00204656
7 7.5 -0.00109916
7 8 -0.00160878
7 8.5 -0.00152055
7 9 -0.00111781
7 9.5 -0.0026305
7 10 -0.00139967
7 10.5 -0.00235868
7 11 -0.00148469
7 11.5 -0.00172572
7 12 -0.00128642
7 12.5 -0.000675009
7 13 -0.00212738
7 13.5 -0.000474002
7 14 -0.00183563
7 14.5 -0.000790291
7 15 -0.00103404
7 15.5 -0.000824133
7 16 -0.000957502
7 16.5 -0.000948318
7 17 -0.000786433
7 17.5 -0.000579472
7 18 9.99249e-05
7 18.5 -0.000129657
7 19 0.000355316
7 19.5 0.000454061
7 20 6.48612e-05
7 20.5 0

7.5 0 0
7.5 0.5 8.13108e-05
7.5 1 0.000374859
7.5 1.5 0.000139986
7.5 2 0.000890802
7.5 2.5 0.000381587
7.5 3 0.00032901
7.5 3.5 -8.4619e-05
7.5 4 -0.000654869
7.5 4.5 -0.000886997
7.5 5 -0.000897083
7.5 5.5 -0.00132573
7.5 6 -0.00134051
7.5 6.5 -0.00131888
7.5 7 -0.00100929
7.5 7.5 -0.00130314
7.5 8 -0.00102102
7.5 8.5 -0.00132583
7.5 9 -0.00104293
7.5 9.5 -0.000837893
7.5 10 -0.00122812
7.5 10.5 -0.000947341
7.5 11 -0.00114609
7.5 11.5 -0.000800989
7.5 12 -0.00115696
7.5 12.5 -0.0010954
7.5 13 -0.000868553
7.5 13.5 -0.00129459
7.5 14 -0.000468527
7.5 14.5 -0.00101685
7.5 15 -0.000292489
7.5 15.5 -0.000530616
7.5 16 -0.00132019
7.5 16.5 -0.000846648
7.5 17 -0.00030316
7.5 17.5 0.000246737
7.5 18 0.000578566
7.5 18.5 -0.000255275
7.5 19 0.000647798
7.5 19.5 0.000405594
7.5 20 4.89996e-05
7.5 20.5 0

8 0 0
8 0.5 5.57642e-05
8 1 0.000519056
8 1.5 0.000545851
8 2 2.0638e-05
8 2.5 6.98851e-05
8 3 -0.000589763
8 3.5 -0.000526257
8 4 -0.00124201
8 4.5 -0.000633073
8 5 -0.00123298
8 5.5 -0.000469608
8 6 -0.0017282
8 6.5 -0.000913952
8 7 -0.00196601
8 7.5 -0.00160615
8 8 -0.00216123
8 8.5 -0.00190794
8 9 -0.00184778
8 9.5 -0.00246194
8 10 -0.00209669
8 10.5 -0.00243393
8 11 -0.00202227
8 11.5 -0.00220182
8 12 -0.00194587
8 12.5 -0.0015563
8 13 -0.00233528
8 13.5 -0.000845809
8 14 -0.00166622
8 14.5 -0.000457247
8 15 -0.000924043
8 15.5 -0.000695889
8 16 -0.000740719
8 16.5 -0.000735431
8 17 -0.000814791
8 17.5 1.95551e-05
8 18 -0.000143989
8 18.5 0.000191205
8 19 0.00028514
8 19.5 0.000525038
8 20 9.37037e-05
8 20.5 0

8.5 0 0
8.5 0.5 0.000133574
8.5 1 0.00054302
8.5 1.5 8.80559e-05
8.5 2 0.000259447
8.5 2.5 -0.000279249
8.5 3 -0.00016304
8.5 3.5 -0.000889599
8.5 4 -0.000654203
8.5 4.5 -0.001135
8.5 5 -0.000877793
8.5 5.5 -0.00118705
8.5 6 -0.00154483
8.5 6.5 -0.00131451
8.5 7 -0.0013474
8.5 7.5 -0.00108022
8.5 8 -0.00172602
8.5 8.5 -0.00147642
8.5 9 -0.00129267
8.5 9.5 -0.00186702
8.5 10 -0.00164139
8.5 10.5 -0.00167823
8.5 11 -0.00161908
8.5 11.5 -0.00114452
8.5 12 -0.0014159
8.5 12.5 -0.00119153
8.5 13 -0.00158539
8.5 13.5 -0.00120485
8.5 14 -0.00100012
8.5 14.5 -0.00106787
8.5 15 -0.00070405
8.5 15.5 -0.000880832
8.5 16 -0.00103594
8.5 16.5 -0.00115479
8.5 17 -0.000301329
8.5 17.5 -0.000589557
8.5 18 0.000295326
8.5 18.5 -0.000416565
8.5 19 0.000360403
8.5 19.5 0.000542607
8.5 20 8.59521e-05
8.5 20.5 0

9 0 0
9 0.5 9.0301e-05
9 1 0.000678601
9 1.5 0.000518357
9 2 -0.000189003
9 2.5 0.000111182
9 3 -0.000166534
9 3.5 -0.000458973
9 4 -0.000835142
9 4.5 -0.000851595
9 5 -0.00057011
9 5.5 -0.000783806
9 6 -0.00133733
9 6.5 -0.000983425
9 7 -0.00138579
9 7.5 -0.00116342
9 8 -0.00135922
9 8.5 -0.00163545
9 9 -0.00156014
9 9.5 -0.00165301
9 10 -0.00202871
9 10.5 -0.00162331
9 11 -0.00144027
9 11.5 -0.00175734
9 12 -0.00126493
9 12.5 -0.00132359
9 13 -0.00138173
9 13.5 -0.000764326
9 14 -0.00116278
9 14.5 -0.000755458
9 15 -0.000847044
9 15.5 -0.000735365
9 16 -0.000463727
9 16.5 -0.000681881
9 17 -0.000370251
9 17.5 0.000272303
9 18 6.43509e-05
9 18.5 2.72271e-05
9 19 0.000147646
9 19.5 0.00049364
9 20 0.00011448
9 20.5 0

9.5 0 0
9.5 0.5 0.000120151
9.5 1 0.000643105
9.5 1.5 0.00027318
9.5 2 0.000438062
9.5 2.5 -0.000207205
9.5 3 -0.000521117
9.5 3.5 -0.000533504
9.5 4 -0.000855946
9.5 4.5 -0.000477409
9.5 5 -0.000608697
9.5 5.5 -0.00102091
9.5 6 -0.00123958
9.5 6.5 -0.00124057
9.5 7 -0.00119746
9.5 7.5 -0.0013446
9.5 8 -0.00166666
9.5 8.5 -0.00148303
9.5 9 -0.0018773
9.5 9.5 -0.00160638
9.5 10 -0.00224695
9.5 10.5 -0.00165789
9.5 11 -0.00197727
9.5 11.5 -0.00129808
9.5 12 -0.0014873
9.5 12.5 -0.0014682
9.5 13 -0.00134855
9.5 13.5 -0.00131324
9.5 14 -0.00107518
9.5 14.5 -0.000883538
9.5 15 -0.000898902
9.5 15.5 -0.000162519
9.5 16 -0.000613534
9.5 16.5 -0.000461925
9.5 17 -0.000352608
9.5 17.5 -0.000164766
9.5 18 0.000409804
9.5 18.5 0.000109658
9.5 19 0.000331312
9.5 19.5 0.000587481
9.5 20 9.06694e-05
9.5 20.5 0

10 0 0
10 0.5 0.000116664
10 1 0.000746406
10 1.5 0.000403357
10 2 2.81423e-05
10 2.5 0.000119819
10 3 -0.000207761
10 3.5 -0.000346431
10 4 -0.00066139
10 4.5 -0.00111669
10 5 -0.000586881
10 5.5 -0.00135372
10 6 -0.000877101
10 6.5 -0.00157796
10 7 -0.00145451
10 7.5 -0.00155968
10 8 -0.000902119
10 8.5 -0.00176648
10 9 -0.0011385
10 9.5 -0.00158351
10 10 -0.00171655
10 10.5 -0.00172548
10 11 -0.00112432
10 11.5 -0.00170399
10 12 -0.00111883
10 12.5 -0.00156072
10 13 -0.00135141
10 13.5 -0.00141107
10 14 -0.00112784
10 14.5 -0.00136177
10 15 -0.000801573
10 15.5 -0.00128256
10 16 -0.000294453
10 16.5 -0.000911596
10 17 -0.000102267
10 17.5 0.000195611
10 18 -2.24282e-05
10 18.5 0.000550584
10 19 0.000109855
10 19.5 0.000556189
10 20 0.000128328
10 20.5 0

10.5 0 0
10.5 0.5 9.68213e-05
10.5 1 0.000564832
10.5 1.5 0.000585052
10.5 2 0.000585169
10.5 2.5 -0.000251319
10.5 3 -4.71049e-05
10.5 3.5 -0.000851978
10.5 4 -0.000906645
10.5 4.5 -0.000791516
10.5 5 -0.00120366
10.5 5.5 -0.00109352
10.5 6 -0.00176871
10.5 6.5 -0.00112681
10.5 7 -0.00164658
10.5 7.5 -0.00126213
10.5 8 -0.00150795
10.5 8.5 -0.00128173
10.5 9 -0.00196518
10.5 9.5 -0.00141486
10.5 10 -0.00217704
10.5 10.5 -0.00157908
10.5 11 -0.00218834
10.5 11.5 -0.00119912
10.5 12 -0.00150712
10.5 12.5 -0.000948416
10.5 13 -0.00157766
10.5 13.5 -0.00155217
10.5 14 -0.00138641
10.5 14.5 -0.00109847
10.5 15 -0.00154359
10.5 15.5 -0.000203664
10.5 16 -0.000997095
10.5 16.5 -0.00108896
10.5 17 -4.72543e-05
10.5 17.5 -0.000538484
10.5 18 0.000582222
10.5 18.5 0.00020894
10.5 19 0.000258358
10.5 19.5 0.000666628
10.5 20 0.000111063
10.5 20.5 0

11 0 0
11 0.5 0.000105112
11 1 0.000749281
11 1.5 0.000514896
11 2 -0.00044914
11 2.5 0.000223587
11 3 -0.000453425
11 3.5 3.9269e-05
11 4 -0.00094042
11 4.5 -0.00102257
11 5 -0.00102733
11 5.5 -0.00119482
11 6 -0.00117626
11 6.5 -0.00176629
11 7 -0.00181184
11 7.5 -0.00201979
11 8 -0.00135371
11 8.5 -0.00164621
11 9 -0.00144688
11 9.5 -0.00134019
11 10 -0.00169961
11 10.5 -0.00149806
11 11 -0.00134791
11 11.5 -0.0016619
11 12 -0.00143984
11 12.5 -0.00189688
11 13 -0.00164259
11 13.5 -0.00168417
11 14 -0.00120424
11 14.5 -0.00137433
11 15 -0.00101299
11 15.5 -0.000880133
11 16 -0.000749401
11 16.5 -0.00038554
11 17 -0.000209418
11 17.5 0.000108518
11 18 -0.000221175
11 18.5 0.00039537
11 19 0.000168244
11 19.5 0.000609172
11 20 0.000139817
11 20.5 0

11.5 0 0
11.5 0.5 0.000121546
11.5 1 0.000659751
11.5 1.5 0.000398866
11.5 2 0.000515195
11.5 2.5 -0.000356552
11.5 3 0.000168627
11.5 3.5 -0.00107976
11.5 4 -0.000195487
11.5 4.5 -0.00100114
11.5 5 -0.000560697
11.5 5.5 -0.00144536
11.5 6 -0.00120563
11.5 6.5 -0.00156821
11.5 7 -0.00151978
11.5 7.5 -0.00173326
11.5 8 -0.00158671
11.5 8.5 -0.00168278
11.5 9 -0.00178577
11.5 9.5 -0.00191239
11.5 10 -0.00198555
11.5 10.5 -0.00187151
11.5 11 -0.00206389
11.5 11.5 -0.00193207
11.5 12 -0.00180656
11.5 12.5 -0.00152647
11.5 13 -0.00202645
11.5 13.5 -0.00203616
11.5 14 -0.00112554
11.5 14.5 -0.00186591
11.5 15 -0.00075976
11.5 15.5 -0.000499579
11.5 16 -0.000279421
11.5 16.5 -0.00100892
11.5 17 0.000281279
11.5 17.5 -0.000511087
11.5 18 0.000633119
11.5 18.5 0.000188066
11.5 19 0.000816076
11.5 19.5 0.000578178
11.5 20 4.71857e-05
11.5 20.5 0

12 0 0
12 0.5 0.000118799
12 1 0.00076866
12 1.5 0.000519114
12 2 -0.000454169
12 2.5 -5.38565e-05
12 3 -0.000657958
12 3.5 -0.000395739
12 4 -0.00123225
12 4.5 -0.000743089
12 5 -0.00139782
12 5.5 -0.000813509
12 6 -0.0013712
12 6.5 -0.00139339
12 7 -0.00189865
12 7.5 -0.00187258
12 8 -0.0015231
12 8.5 -0.00176062
12 9 -0.00126527
12 9.5 -0.00214784
12 10 -0.00145281
12 10.5 -0.00222548
12 11 -0.00126695
12 11.5 -0.00183508
12 12 -0.00145137
12 12.5 -0.00188844
12 13 -0.00175803
12 13.5 -0.00158792
12 14 -0.00164361
12 14.5 -0.00134419
12 15 -0.00137363
12 15.5 -0.000708257
12 16 -0.00123401
12 16.5 -0.00058404
12 17 -0.000594022
12 17.5 -0.000140883
12 18 -0.000357456
12 18.5 0.000178868
12 19 6.82545e-05
12 19.5 0.000618592
12 20 0.000149786
12 20.5 0

12.5 0 0
12.5 0.5 0.000134806
12.5 1 0.000825696
12.5 1.5 0.000715839
12.5 2 1.26934e-05
12.5 2.5 -0.000126065
12.5 3 -0.000508124
12.5 3.5 -0.000968203
12.5 4 -0.000551911
12.5 4.5 -0.000782767
12.5 5 -0.00102199
12.5 5.5 -0.00103347
12.5 6 -0.00123877
12.5 6.5 -0.00116574
12.5 7 -0.00177476
12.5 7.5 -0.00150532
12.5 8 -0.001692
12.5 8.5 -0.00186353
12.5 9 -0.00186833
12.5 9.5 -0.00181879
12.5 10 -0.00211544
12.5 10.5 -0.00164339
12.5 11 -0.00183791
12.5 11.5 -0.0019695
12.5 12 -0.00152844
12.5 12.5 -0.00142505
12.5 13 -0.00191884
12.5 13.5 -0.00140257
12.5 14 -0.00149606
12.5 14.5 -0.00153719
12.5 15 -0.000820333
12.5 15.5 -0.000522014
12.5 16 -0.000627481
12.5 16.5 -0.000801602
12.5 17 -0.000484593
12.5 17.5 -0.000331507
12.5 18 -8.48541e-05
12.5 18.5 0.000408254
12.5 19 0.000491667
12.5 19.5 0.000762349
12.5 20 0.000116191
12.5 20.5 0

13 0 0
13 0.5 0.00016853
13 1 0.000998186
13 1.5 0.000514842
13 2 -0.000168638
13 2.5 -0.000379802
13 3 -0.000756236
13 3.5 -0.000765203
13 4 -0.00102907
13 4.5 -0.000804636
13 5 -0.000739475
13 5.5 -0.00102268
13 6 -0.00104364
13 6.5 -0.0012673
13 7 -0.00135223
13 7.5 -0.00135297
13 8 -0.00178992
13 8.5 -0.00189791
13 9 -0.00151859
13 9.5 -0.00265281
13 10 -0.00165841
13 10.5 -0.00248862
13 11 -0.0013957
13 11.5 -0.00219198
13 12 -0.00141265
13 12.5 -0.00165538
13 13 -0.00175939
13 13.5 -0.00131612
13 14 -0.00153246
13 14.5 -0.00148227
13 15 -0.00110923
13 15.5 -0.000973088
13 16 -0.000710444
13 16.5 -0.000713817
13 17 -0.000282563
13 17.5 -0.000181232
13 18 -8.76732e-05
13 18.5 0.000254915
13 19 0.000249034
13 19.5 0.000824367
13 20 0.000160721
13 20.5 0

13.5 0 0
13.5 0.5 0.000146
13.5 1 0.000933632
13.5 1.5 0.000704543
13.5 2 -0.000174382
13.5 2.5 1.04767e-05
13.5 3 -0.00102043
13.5 3.5 -0.000983635
13.5 4 -0.00119314
13.5 4.5 -0.00105242
13.5 5 -0.0012145
13.5 5.5 -0.00126805
13.5 6 -0.00164548
13.5 6.5 -0.00124357
13.5 7 -0.00240593
13.5 7.5 -0.00106301
13.5 8 -0.00212402
13.5 8.5 -0.0012997
13.5 9 -0.00235767
13.5 9.5 -0.00094228
13.5 10 -0.00256796
13.5 10.5 -0.000886555
13.5 11 -0.00196962
13.5 11.5 -0.00130121
13.5 12 -0.00182616
13.5 12.5 -0.00134083
13.5 13 -0.00236741
13.5 13.5 -0.00129837
13.5 14 -0.00268242
13.5 14.5 -0.00145696
13.5 15 -0.00136686
13.5 15.5 -0.000880544
13.5 16 -0.000939989
13.5 16.5 -0.000858216
13.5 17 -0.000947477
13.5 17.5 -0.000279961
13.5 18 -0.000530109
13.5 18.5 0.000354644
13.5 19 0.00043123
13.5 19.5 0.000865467
13.5 20 0.000148507
13.5 20.5 0

14 0 0
14 0.5 7.76652e-05
14 1 0.000859893
14 1.5 0.0012313
14 2 -0.000413027
14 2.5 0.000429006
14 3 -0.00102552
14 3.5 6.47396e-05
14 4 -0.00141104
14 4.5 -0.000130401
14 5 -0.0015753
14 5.5 -0.000242129
14 6 -0.00173028
14 6.5 -0.000928335
14 7 -0.00193121
14 7.5 -0.00135666
14 8 -0.00261687
14 8.5 -0.00192194
14 9 -0.00225892
14 9.5 -0.0024461
14 10 -0.00270627
14 10.5 -0.0021781
14 11 -0.00237519
14 11.5 -0.00221114
14 12 -0.00212211
14 12.5 -0.0015846
14 13 -0.00226985
14 13.5 -0.000830815
14 14 -0.0018019
14 14.5 -0.000838061
14 15 -0.0017561
14 15.5 -0.000364485
14 16 -0.00153247
14 16.5 -0.000373027
14 17 -0.00126109
14 17.5 0.00029676
14 18 -0.000385696
14 18.5 0.000717564
14 19 0.00011542
14 19.5 0.000859919
14 20 0.000181128
14 20.5 0

14.5 0 0
14.5 0.5 0.00011844
14.5 1 0.00068807
14.5 1.5 0.000556363
14.5 2 -5.1691e-05
14.5 2.5 -1.29448e-05
14.5 3 -0.000531437
14.5 3.5 -0.000411376
14.5 4 -0.000880887
14.5 4.5 -0.000653731
14.5 5 -0.00117014
14.5 5.5 -0.000815153
14.5 6 -0.00163965
14.5 6.5 -0.00110882
14.5 7 -0.0021395
14.5 7.5 -0.00124153
14.5 8 -0.0019648
14.5 8.5 -0.00127328
14.5 9 -0.00187813
14.5 9.5 -0.00112663
14.5 10 -0.00216015
14.5 10.5 -0.0013096
14.5 11 -0.0018662
14.5 11.5 -0.00106041
14.5 12 -0.00177434
14.5 12.5 -0.00135678
14.5 13 -0.00232894
14.5 13.5 -0.00116038
14.5 14 -0.00209408
14.5 14.5 -0.00101847
14.5 15 -0.000918088
14.5 15.5 -0.000813862
14.5 16 -0.000957933
14.5 16.5 -0.000355744
14.5 17 -0.000669266
14.5 17.5 -9.64997e-05
14.5 18 -0.00024908
14.5 18.5 0.000261368
14.5 19 0.000482345
14.5 19.5 0.000707277
14.5 20 0.000112534
14.5 20.5 0

15 0 0
15 0.5 5.79369e-05
15 1 0.000620085
15 1.5 0.000942446
15 2 -0.000334087
15 2.5 0.000331693
15 3 -0.000870252
15 3.5 0.000147833
15 4 -0.00107794
15 4.5 -6.19212e-05
15 5 -0.00159079
15 5.5 -1.66409e-05
15 6 -0.00176843
15 6.5 -0.000386047
15 7 -0.00186031
15 7.5 -0.00131395
15 8 -0.0021164
15 8.5 -0.00205292
15 9 -0.00211851
15 9.5 -0.00222191
15 10 -0.00238893
15 10.5 -0.00211341
15 11 -0.00235729
15 11.5 -0.00250443
15 12 -0.00196327
15 12.5 -0.00164986
15 13 -0.00212638
15 13.5 -0.00067044
15 14 -0.00190116
15 14.5 -0.000148219
15 15 -0.0015785
15 15.5 -0.000190256
15 16 -0.00125058
15 16.5 -0.000290667
15 17 -0.000907541
15 17.5 0.000515623
15 18 -0.000511116
15 18.5 0.000727584
15 19 0.00020461
15 19.5 0.000644569
15 20 0.00013555
15 20.5 0

15.5 0 0
15.5 0.5 8.05624e-05
15.5 1 0.000505167
15.5 1.5 0.000420685
15.5 2 0.000296254
15.5 2.5 0.000344418
15.5 3 -0.000204858
15.5 3.5 -4.34548e-06
15.5 4 -0.000591314
15.5 4.5 -0.000238196
15.5 5 -0.00130902
15.5 5.5 -0.000493752
15.5 6 -0.00156321
15.5 6.5 -0.0014141
15.5 7 -0.00153653
15.5 7.5 -0.00126591
15.5 8 -0.00172088
15.5 8.5 -0.00134687
15.5 9 -0.00149604
15.5 9.5 -0.00147196
15.5 10 -0.0014863
15.5 10.5 -0.00173863
15.5 11 -0.00156949
15.5 11.5 -0.00133864
15.5 12 -0.00153886
15.5 12.5 -0.00138357
15.5 13 -0.00174851
15.5 13.5 -0.00113501
15.5 14 -0.0015704
15.5 14.5 -0.000975504
15.5 15 -0.00113181
15.5 15.5 -0.000356216
15.5 16 -0.000832979
15.5 16.5 6.97602e-05
15.5 17 -0.000252068
15.5 17.5 9.53439e-05
15.5 18 -0.000230425
15.5 18.5 9.39683e-05
15.5 19 0.0003634
15.5 19.5 0.000592978
15.5 20 9.1556e-05
15.5 20.5 0

16 0 0
16 0.5 9.39907e-05
16 1 0.000528922
16 1.5 0.000298283
16 2 0.000122175
16 2.5 -1.79337e-05
16 3 -0.00026784
16 3.5 2.34717e-05
16 4 -0.00048764
16 4.5 -0.000498419
16 5 -0.00113858
16 5.5 -0.000601846
16 6 -0.00186536
16 6.5 -0.00062288
16 7 -0.00222272
16 7.5 -0.0011803
16 8 -0.00164857
16 8.5 -0.00204715
16 9 -0.00128979
16 9.5 -0.00173981
16 10 -0.00101456
16 10.5 -0.00187962
16 11 -0.00131163
16 11.5 -0.00238047
16 12 -0.00138375
16 12.5 -0.00189247
16 13 -0.00192718
16 13.5 -0.000657309
16 14 -0.00196357
16 14.5 -0.000473621
16 15 -0.00127173
16 15.5 -0.000659658
16 16 -0.000953464
16 16.5 -0.000177138
16 17 -0.000414556
16 17.5 0.00041892
16 18 -0.000187571
16 18.5 0.000261253
16 19 0.000231731
16 19.5 0.00050566
16 20 9.94771e-05
16 20.5 0

16.5 0 0
16.5 0.5 4.79145e-05
16.5 1 0.000485389
16.5 1.5 0.000641765
16.5 2 0.000481167
16.5 2.5 0.000538937
16.5 3 0.000198308
16.5 3.5 0.000462573
16.5 4 8.92602e-05
16.5 4.5 0.000182964
16.5 5 -0.00038291
16.5 5.5 -0.000305754
16.5 6 -0.00101062
16.5 6.5 -0.00117514
16.5 7 -0.00127477
16.5 7.5 -0.0016881
16.5 8 -0.00157049
16.5 8.5 -0.00175944
16.5 9 -0.00167442
16.5 9.5 -0.00133625
16.5 10 -0.00159611
16.5 10.5 -0.00165441
16.5 11 -0.00172082
16.5 11.5 -0.00166181
16.5 12 -0.00148438
16.5 12.5 -0.00171924
16.5 13 -0.0012352
16.5 13.5 -0.00139104
16.5 14 -0.000904508
16.5 14.5 -0.000944073
16.5 15 -0.000928277
16.5 15.5 -0.000382892
16.5 16 -0.000646601
16.5 16.5 0.000255761
16.5 17 0.00017089
16.5 17.5 0.000504226
16.5 18 0.000430283
16.5 18.5 0.0006217
16.5 19 0.000676549
16.5 19.5 0.000443796
16.5 20 1.96518e-05
16.5 20.5 0

17 0 0
17 0.5 0.000118924
17 1 0.000538524
17 1.5 0.00017208
17 2 5.8176e-06
17 2.5 -0.000191759
17 3 -0.000392905
17 3.5 -0.000271805
17 4 3.99122e-05
17 4.5 -0.000916566
17 5 -0.000202334
17 5.5 -0.00124109
17 6 -0.00121608
17 6.5 -0.00140588
17 7 -0.00177252
17 7.5 -0.00186487
17 8 -0.00145036
17 8.5 -0.00185434
17 9 -0.00136709
17 9.5 -0.00141183
17 10 -0.0012557
17 10.5 -0.00138155
17 11 -0.00130509
17 11.5 -0.00159335
17 12 -0.00103532
17 12.5 -0.0021831
17 13 -0.00138976
17 13.5 -0.00188539
17 14 -0.00157339
17 14.5 -0.00119927
17 15 -0.000503576
17 15.5 -0.000652333
17 16 -9.56279e-05
17 16.5 -0.000148612
17 17 -0.000343469
17 17.5 -4.28688e-05
17 18 -0.000580249
17 18.5 0.000108939
17 19 -8.40113e-06
17 19.5 0.000560064
17 20 0.000125546
17 20.5 0

17.5 0 0
17.5 0.5 4.55787e-05
17.5 1 0.000487967
17.5 1.5 0.000640354
17.5 2 0.000633684
17.5 2.5 0.00061551
17.5 3 0.000102572
17.5 3.5 0.000742424
17.5 4 -0.000236674
17.5 4.5 0.000468794
17.5 5 -0.000353502
17.5 5.5 -0.000150277
17.5 6 -0.000600804
17.5 6.5 -0.000783612
17.5 7 -0.00102154
17.5 7.5 -0.00177612
17.5 8 -0.00125525
17.5 8.5 -0.00182681
17.5 9 -0.00113814
17.5 9.5 -0.00141231
17.5 10 -0.00117111
17.5 10.5 -0.00154686
17.5 11 -0.00128495
17.5 11.5 -0.00184566
17.5 12 -0.0010691
17.5 12.5 -0.00194199
17.5 13 -0.000560915
17.5 13.5 -0.00148714
17.5 14 -0.000325219
17.5 14.5 -0.000637981
17.5 15 -0.00100077
17.5 15.5 7.56321e-05
17.5 16 -0.001011
17.5 16.5 0.000663739
17.5 17 -4.61783e-05
17.5 17.5 0.00082891
17.5 18 0.000526075
17.5 18.5 0.000447617
17.5 19 0.000614907
17.5 19.5 0.000509253
17.5 20 2.84107e-05
17.5 20.5 0

18 0 0
18 0.5 0.000123063
18 1 0.000509942
18 1.5 2.60588e-05
18 2 0.000252347
18 2.5 -0.000233551
18 3 -0.000361396
18 3.5 -0.00050725
18 4 9.37638e-05
18 4.5 -0.000795272
18 5 -4.84353e-05
18 5.5 -0.0014642
18 6 -0.000933776
18 6.5 -0.00161471
18 7 -0.00165489
18 7.5 -0.00188611
18 8 -0.001436
18 8.5 -0.00152846
18 9 -0.000871573
18 9.5 -0.000582409
18 10 -0.000715634
18 10.5 -0.000984408
18 11 -0.000893183
18 11.5 -0.000916894
18 12 -0.00103071
18 12.5 -0.00188497
18 13 -0.00134003
18 13.5 -0.00203055
18 14 -0.00126605
18 14.5 -0.00117049
18 15 -0.00040404
18 15.5 -0.00065231
18 16 -4.24263e-06
18 16.5 -0.000411629
18 17 -0.000443253
18 17.5 -1.06508e-05
18 18 -0.000473597
18 18.5 -0.000235871
18 19 0.000366912
18 19.5 0.000496675
18 20 8.00716e-05
18 20.5 0

18.5 0 0
18.5 0.5 2.71022e-05
18.5 1 0.000448113
18.5 1.5 0.000597907
18.5 2 0.000536853
18.5 2.5 0.000675414
18.5 3 0.000459771
18.5 3.5 0.000638966
18.5 4 -0.000130271
18.5 4.5 0.00019393
18.5 5 -0.000482956
18.5 5.5 -0.000320427
18.5 6 -0.000507507
18.5 6.5 -0.000675489
18.5 7 -0.000718372
18.5 7.5 -0.00140917
18.5 8 -0.00115603
18.5 8.5 -0.00166902
18.5 9 -0.00100106
18.5 9.5 -0.0016437
18.5 10 -0.00106947
18.5 10.5 -0.00167495
18.5 11 -0.00147189
18.5 11.5 -0.00199338
18.5 12 -0.00129225
18.5 12.5 -0.0017657
18.5 13 -0.000556873
18.5 13.5 -0.000991353
18.5 14 -0.000105303
18.5 14.5 -0.000226448
18.5 15 -0.000656302
18.5 15.5 -0.000334539
18.5 16 -0.000824251
18.5 16.5 0.000274197
18.5 17 -0.000111084
18.5 17.5 0.000375794
18.5 18 0.000383226
18.5 18.5 0.000480023
18.5 19 0.000616319
18.5 19.5 0.000478148
18.5 20 3.07527e-05
18.5 20.5 0

19 0 0
19 0.5 7.22463e-05
19 1 0.000261935
19 1.5 5.32159e-05
19 2 0.000391595
19 2.5 0.000246036
19 3 -9.79332e-05
19 3.5 -0.000194106
19 4 -4.44643e-05
19 4.5 -0.000415153
19 5 -0.000302378
19 5.5 -0.00105819
19 6 -0.00115161
19 6.5 -0.000905907
19 7 -0.00113809
19 7.5 -0.00109017
19 8 -0.000673086
19 8.5 -0.00135274
19 9 -0.000488604
19 9.5 -4.66945e-05
19 10 -0.000444793
19 10.5 -0.000312604
19 11 -0.000535654
19 11.5 -0.00066852
19 12 -0.000524723
19 12.5 -0.00128746
19 13 -0.000848802
19 13.5 -0.00146772
19 14 -0.000993196
19 14.5 -0.000837414
19 15 -0.000599443
19 15.5 -0.000241327
19 16 -0.00037083
19 16.5 -0.000219591
19 17 -0.000478505
19 17.5 9.15526e-06
19 18 -0.000308944
19 18.5 1.15201e-06
19 19 0.000185202
19 19.5 0.000350281
19 20 7.21471e-05
19 20.5 0

19.5 0 0
19.5 0.5 2.30549e-05
19.5 1 0.000328868
19.5 1.5 0.000314712
19.5 2 0.00074117
19.5 2.5 0.000625852
19.5 3 0.000784391
19.5 3.5 0.000408425
19.5 4 -3.63771e-05
19.5 4.5 0.000212749
19.5 5 -0.000149096
19.5 5.5 -0.000315849
19.5 6 -0.000605033
19.5 6.5 -0.000767076
19.5 7 -0.000525612
19.5 7.5 -0.0012449
19.5 8 -0.000868232
19.5 8.5 -0.000920194
19.5 9 -0.000377721
19.5 9.5 -0.000993301
19.5 10 0.000100227
19.5 10.5 -0.00130132
19.5 11 -0.000574556
19.5 11.5 -0.00123355
19.5 12 -0.00081477
19.5 12.5 -0.0012106
19.5 13 -0.000614759
19.5 13.5 -0.000868691
19.5 14 -0.00038719
19.5 14.5 -0.000153441
19.5 15 0.000105905
19.5 15.5 -0.000373005
19.5 16 -0.000117158
19.5 16.5 6.62918e-05
19.5 17 -6.18945e-05
19.5 17.5 0.000409186
19.5 18 0.000449799
19.5 18.5 0.000421142
19.5 19 0.000744094
19.5 19.5 0.000295664
19.5 20 -9.6346e-06
19.5 20.5 0

20 0 0
20 0.5 3.26356e-05
20 1 0.00014484
20 1.5 0.000207839
20 2 4.25705e-05
20 2.5 0.000232441
20 3 -0.000137733
20 3.5 -0.000520956
20 4 4.66535e-06
20 4.5 -0.000344117
20 5 -0.000371971
20 5.5 -0.000428137
20 6 -0.000466831
20 6.5 -0.000250427
20 7 -0.000485776
20 7.5 -0.000393744
20 8 -0.000928259
20 8.5 -0.00112209
20 9 8.5834e-05
20 9.5 -0.000366434
20 10 -0.000144257
20 10.5 -0.000478605
20 11 -2.79468e-05
20 11.5 -0.00113494
20 12 -0.000276733
20 12.5 -0.00098522
20 13 -0.000974654
20 13.5 -0.000441387
20 14 -0.000457621
20 14.5 -0.000247696
20 15 6.15156e-05
20 15.5 -6.09554e-05
20 16 -0.000153855
20 16.5 -0.000337269
20 17 -0.000775778
20 17.5 -0.00027965
20 18 -0.000456169
20 18.5 -3.61895e-05
20 19 0.000173466
20 19.5 0.000255073
20 20 4.64004e-05
20 20.5 0

20.5 0 0
20.5 0.5 6.91189e-05
20.5 1 0.000326685
20.5 1.5 -9.37529e-05
20.5 2 0.000567492
20.5 2.5 4.99679e-06
20.5 3 0.00086976
20.5 3.5 -0.000179252
20.5 4 2.889e-05
20.5 4.5 -0.000209309
20.5 5 -0.000150998
20.5 5.5 -0.000246925
20.5 6 -0.000402902
20.5 6.5 -0.000341341
20.5 7 -0.000248059
20.5 7.5 -0.000548401
20.5 8 -0.000629117
20.5 8.5 -0.00047337
20.5 9 7.91544e-05
20.5 9.5 -0.000692677
20.5 10 0.000586653
20.5 10.5 -0.00063129
20.5 11 -0.000102273
20.5 11.5 -0.000578938
20.5 12 -0.000468606
20.5 12.5 -0.000512914
20.5 13 -0.000374148
20.5 13.5 -0.000176845
20.5 14 -0.000141296
20.5 14.5 2.96898e-05
20.5 15 0.000190166
20.5 15.5 -0.000778137
20.5 16 -0.000282898
20.5 16.5 -0.000371026
20.5 17 -0.000114119
20.5 17.5 -0.000245803
20.5 18 0.000426469
20.5 18.5 -0.000262303
20.5 19 0.000762248
20.5 19.5 0.000190828
20.5 20 -2.21618e-05
20.5 20.5 0

21 0 0
21 0.5 1.22999e-05
21 1 0.000180601
21 1.5 0.000329598
21 2 -3.53895e-05
21 2.5 0.000289366
21 3 -0.000315236
21 3.5 -0.000120079
21 4 -0.000278258
21 4.5 -7.76121e-05
21 5 -0.000637674
21 5.5 -0.000594066
21 6 -0.000994537
21 6.5 -0.000411643
21 7 -0.000952056
21 7.5 -0.00037745
21 8 -0.00143171
21 8.5 -0.00102653
21 9 -0.000819025
21 9.5 -0.000324874
21 10 -0.00106369
21 10.5 -0.000215879
21 11 -0.000833308
21 11.5 -0.000753404
21 12 -0.000700266
21 12.5 -0.000974984
21 13 -0.0011849
21 13.5 -0.000773019
21 14 -0.000795278
21 14.5 -0.000236025
21 15 -0.000472555
21 15.5 0.000193858
21 16 -0.00077262
21 16.5 7.05246e-05
21 17 -0.00089556
21 17.5 5.78671e-05
21 18 -0.00041239
21 18.5 5.58015e-05
21 19 1.32417e-05
21 19.5 0.000186272
21 20 4.77763e-05
21 20.5 0

21.5 0 0
21.5 0.5 4.92412e-05
21.5 1 0.000306601
21.5 1.5 -1.23138e-06
21.5 2 0.000350761
21.5 2.5 0.000282189
21.5 3 0.000358316
21.5 3.5 0.000326624
21.5 4 -0.000214016
21.5 4.5 -2.41124e-05
21.5 5 -0.000401171
21.5 5.5 -0.000226251
21.5 6 -0.000214258
21.5 6.5 -0.000415421
21.5 7 -0.000218393
21.5 7.5 -0.000407699
21.5 8 -0.000385829
21.5 8.5 -0.000475865
21.5 9 2.73442e-06
21.5 9.5 -0.000569592
21.5 10 9.92237e-05
21.5 10.5 -0.000497949
21.5 11 -0.000337703
21.5 11.5 -0.000656853
21.5 12 -0.000417473
21.5 12.5 -0.000747605
21.5 13 -4.9573e-05
21.5 13.5 -0.000175987
21.5 14 -8.99285e-05
21.5 14.5 -2.68809e-05
21.5 15 -0.000232188
21.5 15.5 -0.000559741
21.5 16 -0.000774731
21.5 16.5 6.31852e-05
21.5 17 -0.00046558
21.5 17.5 0.00024291
21.5 18 0.000192536
21.5 18.5 -7.57051e-05
21.5 19 0.000666149
21.5 19.5 0.000107587
21.5 20 -3.45446e-05
21.5 20.5 0

22 0 0
22 0.5 6.73382e-05
22 1 0.000197315
22 1.5 -0.000240775
22 2 0.000582633
22 2.5 -0.000575758
22 3 3.31105e-05
22 3.5 -0.000744289
22 4 -8.02467e-05
22 4.5 -0.000514928
22 5 -0.000264025
22 5.5 -0.000857468
22 6 -0.000590716
22 6.5 -0.000875455
22 7 -0.000530941
22 7.5 -0.000533473
22 8 -0.000167132
22 8.5 -0.000514498
22 9 0.000407475
22 9.5 -6.56611e-05
22 10 0.000360958
22 10.5 -0.000194908
22 11 0.000223301
22 11.5 -8.04684e-05
22 12 0.000143206
22 12.5 -0.000627021
22 13 -0.000403742
22 13.5 -0.00121281
22 14 -0.000417026
22 14.5 -0.000400091
22 15 -0.000381112
22 15.5 -0.000138996
22 16 -0.000493094
22 16.5 -0.000395594
22 17 -0.000432761
22 17.5 -0.000444793
22 18 0.000295988
22 18.5 -0.000513091
22 19 0.000397202
22 19.5 6.61238e-05
22 20 -1.63747e-05
22 20.5 0

22.5 0 0
22.5 0.5 5.08851e-06
22.5 1 0.000158302
22.5 1.5 0.000251888
22.5 2 -2.52658e-05
22.5 2.5 0.000349091
22.5 3 -0.000405524
22.5 3.5 0.000513754
22.5 4 -0.000567324
22.5 4.5 -0.0001861
22.5 5 -0.000519751
22.5 5.5 -0.000287516
22.5 6 -0.000420839
22.5 6.5 -0.000390081
22.5 7 -0.000599352
22.5 7.5 -0.000384682
22.5 8 -6.52847e-05
22.5 8.5 -0.000468198
22.5 9 -0.000178634
22.5 9.5 -0.000101209
22.5 10 -0.000163629
22.5 10.5 -0.000313735
22.5 11 -0.000120711
22.5 11.5 -0.000796327
22.5 12 5.25535e-05
22.5 12.5 -0.000824348
22.5 13 3.45991e-05
22.5 13.5 -0.000143781
22.5 14 -0.000393535
22.5 14.5 9.16571e-05
22.5 15 -0.000433711
22.5 15.5 -0.000457121
22.5 16 -0.000837214
22.5 16.5 0.000242309
22.5 17 -0.000866494
22.5 17.5 0.000459023
22.5 18 -0.000124097
22.5 18.5 0.000227189
22.5 19 -1.85844e-05
22.5 19.5 0.000107592
22.5 20 2.6812e-05
22.5 20.5 0

23 0 0
23 0.5 5.572e-05
23 1 0.000115562
23 1.5 -0.000320587
23 2 -1.3118e-05
23 2.5 -0.000148118
23 3 -2.8421e-05
23 3.5 -0.000165161
23 4 0.000305328
23 4.5 -0.000555349
23 5 8.06497e-05
23 5.5 -0.000735532
23 6 -0.000337088
23 6.5 -0.000557747
23 7 -0.000253557
23 7.5 -0.000154337
23 8 0.000150147
23 8.5 -1.32441e-05
23 9 0.00024459
23 9.5 0.000281367
23 10 0.000494501
23 10.5 0.000133177
23 11 0.000304263
23 11.5 0.000127283
23 12 0.000227762
23 12.5 -0.000187332
23 13 3.97018e-05
23 13.5 -0.000627143
23 14 -0.000228622
23 14.5 -0.000161115
23 15 3.54462e-06
23 15.5 -0.000152093
23 16 2.41322e-05
23 16.5 -0.000122844
23 17 -3.65286e-05
23 17.5 -9.43605e-05
23 18 4.62384e-06
23 18.5 -1.55123e-05
23 19 9.4273e-05
23 19.5 6.63554e-05
23 20 1.214e-05
23 20.5 0

23.5 0 0
23.5 0.5 -1.45144e-05
23.5 1 1.45088e-05
23.5 1.5 -3.82392e-05
23.5 2 9.73809e-05
23.5 2.5 -0.000315025
23.5 3 -0.000163851
23.5 3.5 -0.0001177
23.5 4 -0.000199014
23.5 4.5 -0.000499498
23.5 5 -0.000256963
23.5 5.5 -0.000399982
23.5 6 -0.000601721
23.5 6.5 -0.00042138
23.5 7 -0.000587108
23.5 7.5 -0.000217062
23.5 8 0.000134328
23.5 8.5 0.000325525
23.5 9 0.000101622
23.5 9.5 0.000480217
23.5 10 0.00041045
23.5 10.5 0.000290658
23.5 11 5.57288e-05
23.5 11.5 0.000277237
23.5 12 0.000259044
23.5 12.5 3.59835e-05
23.5 13 -0.000316449
23.5 13.5 2.60986e-05
23.5 14 -0.000502448
23.5 14.5 -0.000185164
23.5 15 -0.000382872
23.5 15.5 -0.000724199
23.5 16 -0.000457993
23.5 16.5 -0.000263056
23.5 17 -0.00020363
23.5 17.5 -0.000361457
23.5 18 -3.36389e-05
23.5 18.5 -0.000128828
23.5 19 0.00013726
23.5 19.5 -5.93723e-05
23.5 20 -8.93812e-06
23.5 20.5 0

24 0 0
24 0.5 -1.90124e-05
24 1 -0.000159703
24 1.5 -3.90918e-05
24 2 -9.34912e-05
24 2.5 0.000271373
24 3 5.68961e-05
24 3.5 0.00051385
24 4 -7.72366e-05
24 4.5 2.90415e-05
24 5 -0.00052052
24 5.5 9.99232e-05
24 6 -0.000368096
24 6.5 0.000319104
24 7 -0.000224797
24 7.5 0.000137567
24 8 0.000560663
24 8.5 6.89019e-05
24 9 0.000394727
24 9.5 0.000905134
24 10 0.000334984
24 10.5 0.00113037
24 11 0.000457884
24 11.5 7.77816e-05
24 12 0.000677389
24 12.5 0.000113936
24 13 0.000286315
24 13.5 0.000519157
24 14 -3.80488e-05
24 14.5 0.00032991
24 15 -0.000124932
24 15.5 -5.40325e-05
24 16 -0.000495855
24 16.5 0.000205977
24 17 -0.000105924
24 17.5 0.000198678
24 18 -0.000186152
24 18.5 -3.67419e-05
24 19 2.25167e-06
24 19.5 -3.40432e-05
24 20 -5.90669e-06
24 20.5 0

24.5 0 0
24.5 0.5 -4.53203e-05
24.5 1 -0.000180983
24.5 1.5 -1.86692e-05
24.5 2 0.000142842
24.5 2.5 3.27527e-05
24.5 3 8.31048e-05
24.5 3.5 1.34512e-06
24.5 4 -5.68354e-05
24.5 4.5 0.000144141
24.5 5 -0.000291104
24.5 5.5 9.24848e-05
24.5 6 -6.79724e-06
24.5 6.5 -8.24102e-05
24.5 7 0.000396864
24.5 7.5 0.000165809
24.5 8 0.000684408
24.5 8.5 0.000663314
24.5 9 0.000807319
24.5 9.5 0.000655381
24.5 10 0.000909114
24.5 10.5 0.000603599
24.5 11 0.000516767
24.5 11.5 0.000799024
24.5 12 0.000658608
24.5 12.5 0.000599383
24.5 13 0.000452096
24.5 13.5 0.000203468
24.5 14 0.000412058
24.5 14.5 9.68333e-05
24.5 15 -0.000214645
24.5 15.5 2.72427e-05
24.5 16 -1.55696e-05
24.5 16.5 0.000113678
24.5 17 0.000255449
24.5 17.5 -0.000211066
24.5 18 2.44461e-05
24.5 18.5 -0.000104208
24.5 19 -0.000111559
24.5 19.5 -6.08784e-05
24.5 20 -5.76313e-06
24.5 20.5 0

25 0 0
25 0.5 -2.28284e-05
25 1 -0.000165916
25 1.5 -8.47465e-05
25 2 -0.000175326
25 2.5 -0.000131668
25 3 -0.000228964
25 3.5 0.000161764
25 4 -0.000118198
25 4.5 0.000149331
25 5 5.94824e-05
25 5.5 0.000390612
25 6 0.000168937
25 6.5 0.000697595
25 7 0.000242746
25 7.5 0.000359661
25 8 0.000533614
25 8.5 3.89871e-05
25 9 0.000273275
25 9.5 3.42427e-05
25 10 8.43298e-05
25 10.5 0.000156437
25 11 0.000241019
25 11.5 -0.000260255
25 12 0.000439519
25 12.5 0.000227569
25 13 0.000316709
25 13.5 0.000479712
25 14 -8.45594e-05
25 14.5 0.00035172
25 15 0.000127296
25 15.5 9.34257e-05
25 16 5.70954e-07
25 16.5 0.000145937
25 17 -1.91898e-05
25 17.5 -2.92977e-05
25 18 -0.000504287
25 18.5 -0.000149681
25 19 -0.000136589
25 19.5 -0.000106531
25 20 -6.96891e-06
25 20.5 0

25.5 0 0
25.5 0.5 -1.948e-05
25.5 1 -0.000150362
25.5 1.5 -0.000131926
25.5 2 -0.000108995
25.5 2.5 -0.000100294
25.5 3 1.59692e-05
25.5 3.5 -8.81174e-06
25.5 4 0.000141598
25.5 4.5 0.000232237
25.5 5 0.000381074
25.5 5.5 0.000461638
25.5 6 0.000468601
25.5 6.5 0.000451936
25.5 7 0.000365588
25.5 7.5 0.000373859
25.5 8 0.00028468
25.5 8.5 0.000351408
25.5 9 0.000250671
25.5 9.5 0.000268328
25.5 10 0.000141197
25.5 10.5 0.000330351
25.5 11 0.00012047
25.5 11.5 0.000366755
25.5 12 0.000280002
25.5 12.5 0.00037027
25.5 13 0.000354329
25.5 13.5 0.000385816
25.5 14 0.000322741
25.5 14.5 0.000225264
25.5 15 0.000325411
25.5 15.5 0.000335098
25.5 16 0.000376358
25.5 16.5 0.000226745
25.5 17 8.97648e-05
25.5 17.5 -3.05415e-05
25.5 18 3.05786e-06
25.5 18.5 -8.57392e-05
25.5 19 -0.000128333
25.5 19.5 -0.000148721
25.5 20 -2.68153e-05
25.5 20.5 0

26 0 0
26 0.5 0
26 1 -1.948e-05
26 1.5 -1.7998e-05
26 2 -8.97332e-06
26 2.5 -3.32119e-06
26 3 8.37248e-06
26 3.5 -2.24614e-06
26 4 2.99749e-05
26 4.5 4.21999e-05
26 5 8.11219e-05
26 5.5 5.86384e-05
26 6 8.76617e-05
26 6.5 2.94535e-05
26 7 6.17806e-05
26 7.5 5.57867e-05
26 8 6.80942e-06
26 8.5 7.81539e-05
26 9 4.27984e-05
26 9.5 5.74799e-05
26 10 4.55751e-05
26 10.5 4.15387e-05
26 11 3.73239e-05
26 11.5 0.000104009
26 12 1.49437e-05
26 12.5 6.10944e-05
26 13 4.47738e-05
26 13.5 4.29121e-05
26 14 7.81168e-05
26 14.5 1.54702e-05
26 15 5.54973e-05
26 15.5 6.71108e-05
26 16 7.61783e-05
26 16.5 3.52264e-05
26 17 6.57796e-06
26 17.5 3.78387e-06
26 18 3.46272e-05
26 18.5 -6.81417e-07
26 19 -1.19518e-05
26 19.5 -2.68153e-05
26 20 0
26 20.5 0

26.5 0 0
26.5 0.5 0
26.5 1 0
26.5 1.5 0
26.5 2 0
26.5 2.5 0
26.5 3 0
26.5 3.5 0
26.5 4 0
26.5 4.5 0
26.5 5 0
26.5 5.5 0
26.5 6 0
26.5 6.5 0
26.5 7 0
26.5 7.5 0
26.5 8 0
26.5 8.5 0
26.5 9 0
26.5 9.5 0
26.5 10 0
26.5 10.5 0
26.5 11 0
26.5 11.5 0
26.5 12 0
26.5 12.5 0
26.5 13 0
26.5 13.5 0
26.5 14 0
26.5 14.5 0
26.5 15 0
26.5 15.5 0
26.5 16 0
26.5 16.5 0
26.5 17 0
26.5 17.5 0
26.5 18 0
26.5 18.5 0
26.5 19 0
26.5 19.5 0
26.5 20 0
26.5 20.5 0

