0 0 0
0 0.4 0
0 0.8 0
0 1.2 0
0 1.6 0
0 2 0
0 2.4 0
0 2.8 0
0 3.2 0
0 3.6 0
0 4 0
0 4.4 0
0 4.8 0
0 5.2 0
0 5.6 0
0 6 0
0 6.4 0
0 6.8 0
0 7.2 0
0 7.6 0
0 8 0
0 8.4 0
0 8.8 0

0.4 0 0
0.4 0.4 0
0.4 0.8 0
0.4 1.2 0
0.4 1.6 0
0.4 2 0
0.4 2.4 0
0.4 2.8 0
0.4 3.2 0
0.4 3.6 0
0.4 4 0
0.4 4.4 0
0.4 4.8 0
0.4 5.2 0
0.4 5.6 0
0.4 6 0
0.4 6.4 0
0.4 6.8 0
0.4 7.2 0
0.4 7.6 0
0.4 8 0
0.4 8.4 0
0.4 8.8 0

0.8 0 0
0.8 0.4 0
0.8 0.8 0
0.8 1.2 0
0.8 1.6 0
0.8 2 0
0.8 2.4 0
0.8 2.8 0
0.8 3.2 0
0.8 3.6 0
0.8 4 0
0.8 4.4 0
0.8 4.8 0
0.8 5.2 0
0.8 5.6 0
0.8 6 0
0.8 6.4 0
0.8 6.8 0
0.8 7.2 0
0.8 7.6 0
0.8 8 0
0.8 8.4 0
0.8 8.8 0

1.2 0 0
1.2 0.4 0
1.2 0.8 0
1.2 1.2 0
1.2 1.6 0
1.2 2 0
1.2 2.4 0
1.2 2.8 0
1.2 3.2 0
1.2 3.6 0
1.2 4 0
1.2 4.4 0
1.2 4.8 0
1.2 5.2 0
1.2 5.6 0
1.2 6 0
1.2 6.4 0
1.2 6.8 0
1.2 7.2 0
1.2 7.6 0
1.2 8 0
1.2 8.4 0
1.2 8.8 0

1.6 0 0
1.6 0.4 0
1.6 0.8 0
1.6 1.2 0
1.6 1.6 0
1.6 2 0
1.6 2.4 0
1.6 2.8 0
1.6 3.2 0
1.6 3.6 0
1.6 4 0
1.6 4.4 0
1.6 4.8 0
1.6 5.2 0
1.6 5.6 0
1.6 6 0
1.6 6.4 0
1.6 6.8 0
1.6 7.2 0
1.6 7.6 0
1.6 8 0
1.6 8.4 0
1.6 8.8 0

2 0 0
2 0.4 0
2 0.8 0
2 1.2 0
2 1.6 0
2 2 0
2 2.4 0
2 2.8 0
2 3.2 0
2 3.6 0
2 4 0
2 4.4 0
2 4.8 0
2 5.2 0
2 5.6 0
2 6 0
2 6.4 0
2 6.8 0
2 7.2 0
2 7.6 0
2 8 0
2 8.4 0
2 8.8 0

2.4 0 0
2.4 0.4 0
2.4 0.8 0
2.4 1.2 0
2.4 1.6 0
2.4 2 0
2.4 2.4 0
2.4 2.8 0
2.4 3.2 0
2.4 3.6 0
2.4 4 0
2.4 4.4 0
2.4 4.8 0
2.4 5.2 0
2.4 5.6 0
2.4 6 0
2.4 6.4 0
2.4 6.8 0
2.4 7.2 0
2.4 7.6 0
2.4 8 0
2.4 8.4 0
2.4 8.8 0

2.8 0 0
2.8 0.4 0
2.8 0.8 0
2.8 1.2 0
2.8 1.6 0
2.8 2 0
2.8 2.4 0
2.8 2.8 0
2.8 3.2 0
2.8 3.6 0
2.8 4 0
2.8 4.4 0
2.8 4.8 0
2.8 5.2 0
2.8 5.6 0
2.8 6 0
2.8 6.4 0
2.8 6.8 0
2.8 7.2 0
2.8 7.6 0
2.8 8 0
2.8 8.4 0
2.8 8.8 0

3.2 0 0
3.2 0.4 0
3.2 0.8 0
3.2 1.2 0
3.2 1.6 0
3.2 2 0
3.2 2.4 0
3.2 2.8 0
3.2 3.2 0
3.2 3.6 0
3.2 4 0
3.2 4.4 0
3.2 4.8 0
3.2 5.2 0
3.2 5.6 0
3.2 6 0
3.2 6.4 0
3.2 6.8 0
3.2 7.2 0
3.2 7.6 0
3.2 8 0
3.2 8.4 0
3.2 8.8 0

3.6 0 0
3.6 0.4 0
3.6 0.8 0
3.6 1.2 0
3.6 1.6 0
3.6 2 0
3.6 2.4 0
3.6 2.8 0
3.6 3.2 0
3.6 3.6 0
3.6 4 0
3.6 4.4 0
3.6 4.8 0
3.6 5.2 0
3.6 5.6 0
3.6 6 0
3.6 6.4 0
3.6 6.8 0
3.6 7.2 0
3.6 7.6 0
3.6 8 0
3.6 8.4 0
3.6 8.8 0

4 0 0
4 0.4 0
4 0.8 0
4 1.2 0
4 1.6 0
4 2 0
4 2.4 0
4 2.8 0
4 3.2 0
4 3.6 0
4 4 0
4 4.4 0
4 4.8 0
4 5.2 0
4 5.6 0
4 6 0
4 6.4 0
4 6.8 0
4 7.2 0
4 7.6 0
4 8 0
4 8.4 0
4 8.8 0

4.4 0 0
4.4 0.4 0
4.4 0.8 0
4.4 1.2 0
4.4 1.6 0
4.4 2 0
4.4 2.4 0
4.4 2.8 0
4.4 3.2 0
4.4 3.6 0
4.4 4 0
4.4 4.4 0
4.4 4.8 0
4.4 5.2 0
4.4 5.6 0
4.4 6 0
4.4 6.4 0
4.4 6.8 0
4.4 7.2 0
4.4 7.6 0
4.4 8 0
4.4 8.4 0
4.4 8.8 0

4.8 0 0
4.8 0.4 0
4.8 0.8 0
4.8 1.2 0
4.8 1.6 0
4.8 2 0
4.8 2.4 0
4.8 2.8 0
4.8 3.2 0
4.8 3.6 0
4.8 4 0
4.8 4.4 0
4.8 4.8 0
4.8 5.2 0
4.8 5.6 0
4.8 6 0
4.8 6.4 0
4.8 6.8 0
4.8 7.2 0
4.8 7.6 0
4.8 8 0
4.8 8.4 0
4.8 8.8 0

5.2 0 0
5.2 0.4 0
5.2 0.8 0
5.2 1.2 0
5.2 1.6 0
5.2 2 0
5.2 2.4 0
5.2 2.8 0
5.2 3.2 0
5.2 3.6 0
5.2 4 0
5.2 4.4 0
5.2 4.8 0
5.2 5.2 0
5.2 5.6 0
5.2 6 0
5.2 6.4 0
5.2 6.8 0
5.2 7.2 0
5.2 7.6 0
5.2 8 0
5.2 8.4 0
5.2 8.8 0

5.6 0 0
5.6 0.4 0
5.6 0.8 0
5.6 1.2 0
5.6 1.6 0
5.6 2 0
5.6 2.4 0
5.6 2.8 0
5.6 3.2 0
5.6 3.6 0
5.6 4 0
5.6 4.4 0
5.6 4.8 0
5.6 5.2 0
5.6 5.6 0
5.6 6 0
5.6 6.4 0
5.6 6.8 0
5.6 7.2 0
5.6 7.6 0
5.6 8 0
5.6 8.4 0
5.6 8.8 0

6 0 0
6 0.4 0
6 0.8 0
6 1.2 0
6 1.6 0
6 2 0
6 2.4 0
6 2.8 0
6 3.2 0
6 3.6 0
6 4 0
6 4.4 0
6 4.8 0
6 5.2 0
6 5.6 0
6 6 0
6 6.4 0
6 6.8 0
6 7.2 0
6 7.6 0
6 8 0
6 8.4 0
6 8.8 0

6.4 0 0
6.4 0.4 0
6.4 0.8 0
6.4 1.2 0
6.4 1.6 0
6.4 2 0
6.4 2.4 0
6.4 2.8 0
6.4 3.2 0
6.4 3.6 0
6.4 4 0
6.4 4.4 0
6.4 4.8 0
6.4 5.2 0
6.4 5.6 0
6.4 6 0
6.4 6.4 0
6.4 6.8 0
6.4 7.2 0
6.4 7.6 0
6.4 8 0
6.4 8.4 0
6.4 8.8 0

6.8 0 0
6.8 0.4 0
6.8 0.8 0
6.8 1.2 0
6.8 1.6 0
6.8 2 0
6.8 2.4 0
6.8 2.8 0
6.8 3.2 0
6.8 3.6 0
6.8 4 0
6.8 4.4 0
6.8 4.8 0
6.8 5.2 0
6.8 5.6 0
6.8 6 0
6.8 6.4 0
6.8 6.8 0
6.8 7.2 0
6.8 7.6 0
6.8 8 0
6.8 8.4 0
6.8 8.8 0

7.2 0 0
7.2 0.4 0
7.2 0.8 0
7.2 1.2 0
7.2 1.6 0
7.2 2 0
7.2 2.4 0
7.2 2.8 0
7.2 3.2 0
7.2 3.6 0
7.2 4 0
7.2 4.4 0
7.2 4.8 0
7.2 5.2 0
7.2 5.6 0
7.2 6 0
7.2 6.4 0
7.2 6.8 0
7.2 7.2 0
7.2 7.6 0
7.2 8 0
7.2 8.4 0
7.2 8.8 0

7.6 0 0
7.6 0.4 0
7.6 0.8 0
7.6 1.2 0
7.6 1.6 0
7.6 2 0
7.6 2.4 0
7.6 2.8 0
7.6 3.2 0
7.6 3.6 0
7.6 4 0
7.6 4.4 0
7.6 4.8 0
7.6 5.2 0
7.6 5.6 0
7.6 6 0
7.6 6.4 0
7.6 6.8 0
7.6 7.2 0
7.6 7.6 0
7.6 8 0
7.6 8.4 0
7.6 8.8 0

8 0 0
8 0.4 0
8 0.8 0
8 1.2 0
8 1.6 0
8 2 0
8 2.4 0
8 2.8 0
8 3.2 0
8 3.6 0
8 4 0
8 4.4 0
8 4.8 0
8 5.2 0
8 5.6 0
8 6 0
8 6.4 0
8 6.8 0
8 7.2 0
8 7.6 0
8 8 0
8 8.4 0
8 8.8 0

8.4 0 0
8.4 0.4 0
8.4 0.8 0
8.4 1.2 0
8.4 1.6 0
8.4 2 0
8.4 2.4 0
8.4 2.8 0
8.4 3.2 0
8.4 3.6 0
8.4 4 0
8.4 4.4 0
8.4 4.8 0
8.4 5.2 0
8.4 5.6 0
8.4 6 0
8.4 6.4 0
8.4 6.8 0
8.4 7.2 0
8.4 7.6 0
8.4 8 0
8.4 8.4 0
8.4 8.8 0

8.8 0 0
8.8 0.4 0
8.8 0.8 0
8.8 1.2 0
8.8 1.6 0
8.8 2 0
8.8 2.4 0
8.8 2.8 0
8.8 3.2 0
8.8 3.6 0
8.8 4 0
8.8 4.4 0
8.8 4.8 0
8.8 5.2 0
8.8 5.6 0
8.8 6 0
8.8 6.4 0
8.8 6.8 0
8.8 7.2 0
8.8 7.6 0
8.8 8 0
8.8 8.4 0
8.8 8.8 0

9.2 0 0
9.2 0.4 0
9.2 0.8 0
9.2 1.2 0
9.2 1.6 0
9.2 2 0
9.2 2.4 0
9.2 2.8 0
9.2 3.2 0
9.2 3.6 0
9.2 4 0
9.2 4.4 0
9.2 4.8 0
9.2 5.2 0
9.2 5.6 0
9.2 6 0
9.2 6.4 0
9.2 6.8 0
9.2 7.2 0
9.2 7.6 0
9.2 8 0
9.2 8.4 0
9.2 8.8 0

9.6 0 0
9.6 0.4 0
9.6 0.8 0
9.6 1.2 0
9.6 1.6 0
9.6 2 0
9.6 2.4 0
9.6 2.8 0
9.6 3.2 0
9.6 3.6 0
9.6 4 0
9.6 4.4 0
9.6 4.8 0
9.6 5.2 0
9.6 5.6 0
9.6 6 0
9.6 6.4 0
9.6 6.8 0
9.6 7.2 0
9.6 7.6 0
9.6 8 0
9.6 8.4 0
9.6 8.8 0

10 0 0
10 0.4 0
10 0.8 0
10 1.2 0
10 1.6 0
10 2 0
10 2.4 0
10 2.8 0
10 3.2 0
10 3.6 0
10 4 0
10 4.4 0
10 4.8 0
10 5.2 0
10 5.6 0
10 6 0
10 6.4 0
10 6.8 0
10 7.2 0
10 7.6 0
10 8 0
10 8.4 0
10 8.8 0

10.4 0 0
10.4 0.4 0
10.4 0.8 0
10.4 1.2 0
10.4 1.6 0
10.4 2 0
10.4 2.4 0
10.4 2.8 0
10.4 3.2 0
10.4 3.6 0
10.4 4 0
10.4 4.4 0
10.4 4.8 0
10.4 5.2 0
10.4 5.6 0
10.4 6 0
10.4 6.4 0
10.4 6.8 0
10.4 7.2 0
10.4 7.6 0
10.4 8 0
10.4 8.4 0
10.4 8.8 0

10.8 0 0
10.8 0.4 0
10.8 0.8 0
10.8 1.2 0
10.8 1.6 0
10.8 2 0
10.8 2.4 0
10.8 2.8 0
10.8 3.2 0
10.8 3.6 0
10.8 4 0
10.8 4.4 0
10.8 4.8 0
10.8 5.2 0
10.8 5.6 0
10.8 6 0
10.8 6.4 0
10.8 6.8 0
10.8 7.2 0
10.8 7.6 0
10.8 8 0
10.8 8.4 0
10.8 8.8 0

11.2 0 0
11.2 0.4 0
11.2 0.8 0
11.2 1.2 0
11.2 1.6 0
11.2 2 0
11.2 2.4 0
11.2 2.8 0
11.2 3.2 0
11.2 3.6 0
11.2 4 0
11.2 4.4 0
11.2 4.8 0
11.2 5.2 0
11.2 5.6 0
11.2 6 0
11.2 6.4 0
11.2 6.8 0
11.2 7.2 0
11.2 7.6 0
11.2 8 0
11.2 8.4 0
11.2 8.8 0

11.6 0 0
11.6 0.4 0
11.6 0.8 0
11.6 1.2 0
11.6 1.6 0
11.6 2 0
11.6 2.4 0
11.6 2.8 0
11.6 3.2 0
11.6 3.6 0
11.6 4 0
11.6 4.4 0
11.6 4.8 0
11.6 5.2 0
11.6 5.6 0
11.6 6 0
11.6 6.4 0
11.6 6.8 0
11.6 7.2 0
11.6 7.6 0
11.6 8 0
11.6 8.4 0
11.6 8.8 0

12 0 0
12 0.4 0
12 0.8 0
12 1.2 0
12 1.6 0
12 2 0
12 2.4 0
12 2.8 0
12 3.2 0
12 3.6 0
12 4 0
12 4.4 0
12 4.8 0
12 5.2 0
12 5.6 0
12 6 0
12 6.4 0
12 6.8 0
12 7.2 0
12 7.6 0
12 8 0
12 8.4 0
12 8.8 0

12.4 0 0
12.4 0.4 0
12.4 0.8 0
12.4 1.2 0
12.4 1.6 0
12.4 2 0
12.4 2.4 0
12.4 2.8 0
12.4 3.2 0
12.4 3.6 0
12.4 4 0
12.4 4.4 0
12.4 4.8 0
12.4 5.2 0
12.4 5.6 0
12.4 6 0
12.4 6.4 0
12.4 6.8 0
12.4 7.2 0
12.4 7.6 0
12.4 8 0
12.4 8.4 0
12.4 8.8 0

12.8 0 0
12.8 0.4 0
12.8 0.8 0
12.8 1.2 0
12.8 1.6 0
12.8 2 0
12.8 2.4 0
12.8 2.8 0
12.8 3.2 0
12.8 3.6 0
12.8 4 0
12.8 4.4 0
12.8 4.8 0
12.8 5.2 0
12.8 5.6 0
12.8 6 0
12.8 6.4 0
12.8 6.8 0
12.8 7.2 0
12.8 7.6 0
12.8 8 0
12.8 8.4 0
12.8 8.8 0

13.2 0 0
13.2 0.4 0
13.2 0.8 0
13.2 1.2 0
13.2 1.6 0
13.2 2 0
13.2 2.4 0
13.2 2.8 0
13.2 3.2 0
13.2 3.6 0
13.2 4 0
13.2 4.4 0
13.2 4.8 0
13.2 5.2 0
13.2 5.6 0
13.2 6 0
13.2 6.4 0
13.2 6.8 0
13.2 7.2 0
13.2 7.6 0
13.2 8 0
13.2 8.4 0
13.2 8.8 0

13.6 0 0
13.6 0.4 0
13.6 0.8 0
13.6 1.2 0
13.6 1.6 0
13.6 2 0
13.6 2.4 0
13.6 2.8 0
13.6 3.2 0
13.6 3.6 0
13.6 4 0
13.6 4.4 0
13.6 4.8 0
13.6 5.2 0
13.6 5.6 0
13.6 6 0
13.6 6.4 0
13.6 6.8 0
13.6 7.2 0
13.6 7.6 0
13.6 8 0
13.6 8.4 0
13.6 8.8 0

14 0 0
14 0.4 0
14 0.8 0
14 1.2 0
14 1.6 0
14 2 0
14 2.4 0
14 2.8 0
14 3.2 0
14 3.6 0
14 4 0
14 4.4 0
14 4.8 0
14 5.2 0
14 5.6 0
14 6 0
14 6.4 0
14 6.8 0
14 7.2 0
14 7.6 0
14 8 0
14 8.4 0
14 8.8 0

14.4 0 0
14.4 0.4 0
14.4 0.8 0
14.4 1.2 0
14.4 1.6 0
14.4 2 0
14.4 2.4 0
14.4 2.8 0
14.4 3.2 0
14.4 3.6 0
14.4 4 0
14.4 4.4 0
14.4 4.8 0
14.4 5.2 0
14.4 5.6 0
14.4 6 0
14.4 6.4 0
14.4 6.8 0
14.4 7.2 0
14.4 7.6 0
14.4 8 0
14.4 8.4 0
14.4 8.8 0

14.8 0 0
14.8 0.4 0
14.8 0.8 0
14.8 1.2 0
14.8 1.6 0
14.8 2 0
14.8 2.4 0
14.8 2.8 0
14.8 3.2 0
14.8 3.6 0
14.8 4 0
14.8 4.4 0
14.8 4.8 0
14.8 5.2 0
14.8 5.6 0
14.8 6 0
14.8 6.4 0
14.8 6.8 0
14.8 7.2 0
14.8 7.6 0
14.8 8 0
14.8 8.4 0
14.8 8.8 0

15.2 0 0
15.2 0.4 0
15.2 0.8 0
15.2 1.2 0
15.2 1.6 0
15.2 2 0
15.2 2.4 0
15.2 2.8 0
15.2 3.2 0
15.2 3.6 0
15.2 4 0
15.2 4.4 0
15.2 4.8 0
15.2 5.2 0
15.2 5.6 0
15.2 6 0
15.2 6.4 0
15.2 6.8 0
15.2 7.2 0
15.2 7.6 0
15.2 8 0
15.2 8.4 0
15.2 8.8 0

15.6 0 0
15.6 0.4 0
15.6 0.8 0
15.6 1.2 0
15.6 1.6 0
15.6 2 0
15.6 2.4 0
15.6 2.8 0
15.6 3.2 0
15.6 3.6 0
15.6 4 0
15.6 4.4 0
15.6 4.8 0
15.6 5.2 0
15.6 5.6 0
15.6 6 0
15.6 6.4 0
15.6 6.8 0
15.6 7.2 0
15.6 7.6 0
15.6 8 0
15.6 8.4 0
15.6 8.8 0

16 0 0
16 0.4 0
16 0.8 0
16 1.2 0
16 1.6 0
16 2 0
16 2.4 0
16 2.8 0
16 3.2 0
16 3.6 0
16 4 0
16 4.4 0
16 4.8 0
16 5.2 0
16 5.6 0
16 6 0
16 6.4 0
16 6.8 0
16 7.2 0
16 7.6 0
16 8 0
16 8.4 0
16 8.8 0

16.4 0 0
16.4 0.4 0
16.4 0.8 0
16.4 1.2 0
16.4 1.6 0
16.4 2 0
16.4 2.4 0
16.4 2.8 0
16.4 3.2 0
16.4 3.6 0
16.4 4 0
16.4 4.4 0
16.4 4.8 0
16.4 5.2 0
16.4 5.6 0
16.4 6 0
16.4 6.4 0
16.4 6.8 0
16.4 7.2 0
16.4 7.6 0
16.4 8 0
16.4 8.4 0
16.4 8.8 0

16.8 0 0
16.8 0.4 0
16.8 0.8 0
16.8 1.2 0
16.8 1.6 0
16.8 2 0
16.8 2.4 0
16.8 2.8 0
16.8 3.2 0
16.8 3.6 0
16.8 4 0
16.8 4.4 0
16.8 4.8 0
16.8 5.2 0
16.8 5.6 0
16.8 6 0
16.8 6.4 0
16.8 6.8 0
16.8 7.2 0
16.8 7.6 0
16.8 8 0
16.8 8.4 0
16.8 8.8 0

17.2 0 0
17.2 0.4 0
17.2 0.8 0
17.2 1.2 0
17.2 1.6 0
17.2 2 0
17.2 2.4 0
17.2 2.8 0
17.2 3.2 0
17.2 3.6 0
17.2 4 0
17.2 4.4 0
17.2 4.8 0
17.2 5.2 0
17.2 5.6 0
17.2 6 0
17.2 6.4 0
17.2 6.8 0
17.2 7.2 0
17.2 7.6 0
17.2 8 0
17.2 8.4 0
17.2 8.8 0

17.6 0 0
17.6 0.4 0
17.6 0.8 0
17.6 1.2 0
17.6 1.6 0
17.6 2 0
17.6 2.4 0
17.6 2.8 0
17.6 3.2 0
17.6 3.6 0
17.6 4 0
17.6 4.4 0
17.6 4.8 0
17.6 5.2 0
17.6 5.6 0
17.6 6 0
17.6 6.4 0
17.6 6.8 0
17.6 7.2 0
17.6 7.6 0
17.6 8 0
17.6 8.4 0
17.6 8.8 0

18 0 0
18 0.4 0
18 0.8 0
18 1.2 0
18 1.6 0
18 2 0
18 2.4 0
18 2.8 0
18 3.2 0
18 3.6 0
18 4 0
18 4.4 0
18 4.8 0
18 5.2 0
18 5.6 0
18 6 0
18 6.4 0
18 6.8 0
18 7.2 0
18 7.6 0
18 8 0
18 8.4 0
18 8.8 0

18.4 0 0
18.4 0.4 0
18.4 0.8 0
18.4 1.2 0
18.4 1.6 0
18.4 2 0
18.4 2.4 0
18.4 2.8 0
18.4 3.2 0
18.4 3.6 0
18.4 4 0
18.4 4.4 0
18.4 4.8 0
18.4 5.2 0
18.4 5.6 0
18.4 6 0
18.4 6.4 0
18.4 6.8 0
18.4 7.2 0
18.4 7.6 0
18.4 8 0
18.4 8.4 0
18.4 8.8 0

18.8 0 0
18.8 0.4 0
18.8 0.8 0
18.8 1.2 0
18.8 1.6 0
18.8 2 0
18.8 2.4 0
18.8 2.8 0
18.8 3.2 0
18.8 3.6 0
18.8 4 0
18.8 4.4 0
18.8 4.8 0
18.8 5.2 0
18.8 5.6 0
18.8 6 0
18.8 6.4 0
18.8 6.8 0
18.8 7.2 0
18.8 7.6 0
18.8 8 0
18.8 8.4 0
18.8 8.8 0

19.2 0 0
19.2 0.4 0
19.2 0.8 0
19.2 1.2 0
19.2 1.6 0
19.2 2 0
19.2 2.4 0
19.2 2.8 0
19.2 3.2 0
19.2 3.6 0
19.2 4 0
19.2 4.4 0
19.2 4.8 0
19.2 5.2 0
19.2 5.6 0
19.2 6 0
19.2 6.4 0
19.2 6.8 0
19.2 7.2 0
19.2 7.6 0
19.2 8 0
19.2 8.4 0
19.2 8.8 0

19.6 0 0
19.6 0.4 0
19.6 0.8 0
19.6 1.2 0
19.6 1.6 0
19.6 2 0
19.6 2.4 0
19.6 2.8 0
19.6 3.2 0
19.6 3.6 0
19.6 4 0
19.6 4.4 0
19.6 4.8 0
19.6 5.2 0
19.6 5.6 0
19.6 6 0
19.6 6.4 0
19.6 6.8 0
19.6 7.2 0
19.6 7.6 0
19.6 8 0
19.6 8.4 0
19.6 8.8 0

20 0 0
20 0.4 0
20 0.8 0
20 1.2 0
20 1.6 0
20 2 0
20 2.4 0
20 2.8 0
20 3.2 0
20 3.6 0
20 4 0
20 4.4 0
20 4.8 0
20 5.2 0
20 5.6 0
20 6 0
20 6.4 0
20 6.8 0
20 7.2 0
20 7.6 0
20 8 0
20 8.4 0
20 8.8 0

