0 0 0
0 0.4 0
0 0.8 0
0 1.2 0
0 1.6 0
0 2 0
0 2.4 0
0 2.8 0
0 3.2 0
0 3.6 0
0 4 0
0 4.4 0
0 4.8 0
0 5.2 0
0 5.6 0
0 6 0
0 6.4 0
0 6.8 0
0 7.2 0
0 7.6 0
0 8 0
0 8.4 0
0 8.8 0

0.4 0 0
0.4 0.4 0
0.4 0.8 0.00308262
0.4 1.2 0.00214667
0.4 1.6 0.000841799
0.4 2 -0.000494256
0.4 2.4 -0.0016324
0.4 2.8 -0.00252278
0.4 3.2 -0.00323177
0.4 3.6 -0.00381357
0.4 4 -0.00422343
0.4 4.4 -0.00433428
0.4 4.8 -0.00403574
0.4 5.2 -0.00334036
0.4 5.6 -0.0024365
0.4 6 -0.00170346
0.4 6.4 0
0.4 6.8 0
0.4 7.2 0
0.4 7.6 0
0.4 8 0
0.4 8.4 0
0.4 8.8 0

0.8 0 0
0.8 0.4 0.00381717
0.8 0.8 0.0280808
0.8 1.2 0.0200802
0.8 1.6 0.00925047
0.8 2 -0.00146973
0.8 2.4 -0.0102863
0.8 2.8 -0.0171636
0.8 3.2 -0.0230947
0.8 3.6 -0.0287314
0.8 4 -0.0334934
0.8 4.4 -0.0358124
0.8 4.8 -0.0342729
0.8 5.2 -0.0288002
0.8 5.6 -0.0211742
0.8 6 -0.0149506
0.8 6.4 -0.000825385
0.8 6.8 0
0.8 7.2 0
0.8 7.6 0
0.8 8 0
0.8 8.4 0
0.8 8.8 0

1.2 0 0
1.2 0.4 0.000909212
1.2 0.8 0.00684264
1.2 1.2 0.00141818
1.2 1.6 -0.00655729
1.2 2 -0.014305
1.2 2.4 -0.0202813
1.2 2.8 -0.0247105
1.2 3.2 -0.028707
1.2 3.6 -0.0328055
1.2 4 -0.0361148
1.2 4.4 -0.0367525
1.2 4.8 -0.0331899
1.2 5.2 -0.0254469
1.2 5.6 -0.0151727
1.2 6 -0.00427757
1.2 6.4 0.00820462
1.2 6.8 0.00410514
1.2 7.2 0
1.2 7.6 0
1.2 8 0
1.2 8.4 0
1.2 8.8 0

1.6 0 0
1.6 0.4 -0.0028975
1.6 0.8 -0.020976
1.6 1.2 -0.0228553
1.6 1.6 -0.0268621
1.6 2 -0.0305636
1.6 2.4 -0.03278
1.6 2.8 -0.0339692
1.6 3.2 -0.0352289
1.6 3.6 -0.0368358
1.6 4 -0.0375633
1.6 4.4 -0.0353592
1.6 4.8 -0.028867
1.6 5.2 -0.0185859
1.6 5.6 -0.00669752
1.6 6 0.00444484
1.6 6.4 0.014025
1.6 6.8 0.0218776
1.6 7.2 0.00297331
1.6 7.6 0
1.6 8 0
1.6 8.4 0
1.6 8.8 0

2 0 0
2 0.4 -0.00508363
2 0.8 -0.0370432
2 1.2 -0.0360427
2 1.6 -0.036305
2 2 -0.0360066
2 2.4 -0.034538
2 2.8 -0.0326851
2 3.2 -0.0315503
2 3.6 -0.0311806
2 4 -0.030094
2 4.4 -0.026177
2 4.8 -0.01833
2 5.2 -0.00759277
2 5.6 0.00320286
2 6 0.0111218
2 6.4 0.0149395
2 6.8 0.0157247
2 7.2 0.000361024
2 7.6 0
2 8 0
2 8.4 0
2 8.8 0

2.4 0 0
2.4 0.4 -0.00455891
2.4 0.8 -0.033396
2.4 1.2 -0.0310365
2.4 1.6 -0.0286365
2.4 2 -0.0252266
2.4 2.4 -0.0209336
2.4 2.8 -0.0169513
2.4 3.2 -0.0144736
2.4 3.6 -0.0134785
2.4 4 -0.012415
2.4 4.4 -0.00918668
2.4 4.8 -0.00281447
2.4 5.2 0.00545408
2.4 5.6 0.0125187
2.4 6 0.0151444
2.4 6.4 0.011759
2.4 6.8 0.00265253
2.4 7.2 -0.0128718
2.4 7.6 -0.00176763
2.4 8 0
2.4 8.4 0
2.4 8.8 0

2.8 0 0
2.8 0.4 -0.00234196
2.8 0.8 -0.0173872
2.8 1.2 -0.0149609
2.8 1.6 -0.0111992
2.8 2 -0.00600957
2.8 2.4 -0.000145278
2.8 2.8 0.00492368
2.8 3.2 0.00787304
2.8 3.6 0.00853731
2.8 4 0.00821911
2.8 4.4 0.00887452
2.8 4.8 0.0116081
2.8 5.2 0.0155427
2.8 5.6 0.018006
2.8 6 0.0160881
2.8 6.4 0.00859199
2.8 6.8 -0.00291405
2.8 7.2 -0.0141373
2.8 7.6 -0.00194745
2.8 8 0
2.8 8.4 0
2.8 8.8 0

3.2 0 0
3.2 0.4 -0.000661363
3.2 0.8 -0.00517143
3.2 1.2 -0.00325612
3.2 1.6 0.000539277
3.2 2 0.00587898
3.2 2.4 0.0119729
3.2 2.8 0.0175037
3.2 3.2 0.0210469
3.2 3.6 0.0218961
3.2 4 0.0206311
3.2 4.4 0.0188166
3.2 4.8 0.0178615
3.2 5.2 0.017807
3.2 5.6 0.01703
3.2 6 0.0132869
3.2 6.4 0.00553013
3.2 6.8 -0.00471494
3.2 7.2 -0.0133432
3.2 7.6 -0.00338856
3.2 8 0
3.2 8.4 0
3.2 8.8 0

3.6 0 0
3.6 0.4 -0.00117403
3.6 0.8 -0.00878235
3.6 1.2 -0.007598
3.6 1.6 -0.00537221
3.6 2 -0.00179004
3.6 2.4 0.00330662
3.6 2.8 0.00931828
3.6 3.2 0.014736
3.6 3.6 0.0178882
3.6 4 0.0180643
3.6 4.4 0.0160559
3.6 4.8 0.0135632
3.6 5.2 0.011833
3.6 5.6 0.0106079
3.6 6 0.00833018
3.6 6.4 0.00360619
3.6 6.8 -0.003131
3.6 7.2 -0.00920086
3.6 7.6 -0.0114242
3.6 8 -0.00154672
3.6 8.4 0
3.6 8.8 0

4 0 0
4 0.4 -0.00367311
4 0.8 -0.026753
4 1.2 -0.0265941
4 1.6 -0.0274705
4 2 -0.027308
4 2.4 -0.0240981
4 2.8 -0.0172518
4 3.2 -0.00835038
4 3.6 -0.000365819
4 4 0.00422038
4 4.4 0.00501539
4 4.8 0.00379398
4 5.2 0.00297158
4 5.6 0.00365285
4 6 0.00481835
4 6.4 0.00435508
4 6.8 0.00114998
4 7.2 -0.00352939
4 7.6 -0.00687039
4 8 -0.000917044
4 8.4 0
4 8.8 0

4.4 0 0
4.4 0.4 -0.00635053
4.4 0.8 -0.0460098
4.4 1.2 -0.0474075
4.4 1.6 -0.0522878
4.4 2 -0.0563565
4.4 2.4 -0.0554327
4.4 2.8 -0.0475797
4.4 3.2 -0.0344114
4.4 3.6 -0.0202629
4.4 4 -0.00955615
4.4 4.4 -0.00413315
4.4 4.8 -0.00245297
4.4 5.2 -0.00121439
4.4 5.6 0.00183937
4.4 6 0.0060893
4.4 6.4 0.00862429
4.4 6.8 0.00684643
4.4 7.2 0.00112994
4.4 7.6 -0.0045457
4.4 8 -0.000588052
4.4 8.4 0
4.4 8.8 0

4.8 0 0
4.8 0.4 -0.00731017
4.8 0.8 -0.0528379
4.8 1.2 -0.0562468
4.8 1.6 -0.0649407
4.8 2 -0.0728738
4.8 2.4 -0.0741456
4.8 2.8 -0.0656929
4.8 3.2 -0.0490447
4.8 3.6 -0.0295622
4.8 4 -0.0133146
4.8 4.4 -0.00356714
4.8 4.8 0.00071379
4.8 5.2 0.00331035
4.8 5.6 0.00734078
4.8 6 0.0125628
4.8 6.4 0.0154683
4.8 6.8 0.0121943
4.8 7.2 0.00224605
4.8 7.6 -0.00920934
4.8 8 -0.00818012
4.8 8.4 0
4.8 8.8 0

5.2 0 0
5.2 0.4 -0.00602877
5.2 0.8 -0.0434682
5.2 1.2 -0.0485961
5.2 1.6 -0.0595746
5.2 2 -0.0699021
5.2 2.4 -0.0730231
5.2 2.8 -0.0651665
5.2 3.2 -0.0474576
5.2 3.6 -0.0255081
5.2 4 -0.0062903
5.2 4.4 0.00582242
5.2 4.8 0.0111608
5.2 5.2 0.0135424
5.2 5.6 0.01666
5.2 6 0.0207869
5.2 6.4 0.0222986
5.2 6.8 0.0163975
5.2 7.2 0.000914307
5.2 7.6 -0.0222455
5.2 8 -0.0516438
5.2 8.4 -0.00650816
5.2 8.8 0

5.6 0 0
5.6 0.4 -0.00364118
5.6 0.8 -0.0261418
5.6 1.2 -0.0316252
5.6 1.6 -0.0423817
5.6 2 -0.0530788
5.6 2.4 -0.0577451
5.6 2.8 -0.0522485
5.6 3.2 -0.0367405
5.6 3.6 -0.0160017
5.6 4 0.0030875
5.6 4.4 0.0154853
5.6 4.8 0.0206225
5.6 5.2 0.0218452
5.6 5.6 0.0231167
5.6 6 0.0254862
5.6 6.4 0.0260252
5.6 6.8 0.0200802
5.6 7.2 0.00518736
5.6 7.6 -0.0161949
5.6 8 -0.0364709
5.6 8.4 -0.00466477
5.6 8.8 0

6 0 0
6 0.4 -0.00187414
6 0.8 -0.0133719
6 1.2 -0.0173468
6 1.6 -0.0255334
6 2 -0.0350522
6 2.4 -0.0413916
6 2.8 -0.0401175
6 3.2 -0.0297021
6 3.6 -0.0130241
6 4 0.00402337
6 4.4 0.0160448
6 4.8 0.0212525
6 5.2 0.0219011
6 5.6 0.0218137
6 6 0.0229851
6 6.4 0.02392
6 6.8 0.0209925
6 7.2 0.0118025
6 7.6 -0.00196559
6 8 -0.0141859
6 8.4 -0.00192797
6 8.8 0

6.4 0 0
6.4 0.4 -0.00152317
6.4 0.8 -0.0108974
6.4 1.2 -0.0122514
6.4 1.6 -0.0170515
6.4 2 -0.0253104
6.4 2.4 -0.0341406
6.4 2.8 -0.0385641
6.4 3.2 -0.0348065
6.4 3.6 -0.0231747
6.4 4 -0.00810011
6.4 4.4 0.00470561
6.4 4.8 0.011802
6.4 5.2 0.0136772
6.4 5.6 0.01349
6.4 6 0.0141257
6.4 6.4 0.0159605
6.4 6.8 0.0169975
6.4 7.2 0.0150876
6.4 7.6 0.010337
6.4 8 0.00568718
6.4 8.4 0.000556406
6.4 8.8 0

6.8 0 0
6.8 0.4 -0.00176054
6.8 0.8 -0.0126729
6.8 1.2 -0.0120542
6.8 1.6 -0.014818
6.8 2 -0.0233565
6.8 2.4 -0.0359129
6.8 2.8 -0.0466792
6.8 3.2 -0.0495474
6.8 3.6 -0.0422523
6.8 4 -0.0278012
6.8 4.4 -0.0123591
6.8 4.8 -0.00133934
6.8 5.2 0.00349281
6.8 5.6 0.00413582
6.8 6 0.00408031
6.8 6.4 0.00563295
6.8 6.8 0.00876457
6.8 7.2 0.0119639
6.8 7.6 0.013992
6.8 8 0.0149017
6.8 8.4 0.00176774
6.8 8.8 0

7.2 0 0
7.2 0.4 -0.000891362
7.2 0.8 -0.0063708
7.2 1.2 -0.00597794
7.2 1.6 -0.00938458
7.2 2 -0.0202308
7.2 2.4 -0.0372047
7.2 2.8 -0.053755
7.2 3.2 -0.0620466
7.2 3.6 -0.057889
7.2 4 -0.043198
7.2 4.4 -0.0245642
7.2 4.8 -0.00920513
7.2 5.2 -0.00111444
7.2 5.6 0.000288605
7.2 6 -0.0013442
7.2 6.4 -0.0021482
7.2 6.8 -0.000229808
7.2 7.2 0.00393733
7.2 7.6 0.00857461
7.2 8 0.0119451
7.2 8.4 0.00148928
7.2 8.8 0

7.6 0 0
7.6 0.4 0.00203426
7.6 0.8 0.0149058
7.6 1.2 0.0128464
7.6 1.6 0.00677507
7.6 2 -0.00705818
7.6 2.4 -0.0275019
7.6 2.8 -0.04795
7.6 3.2 -0.0600228
7.6 3.6 -0.0585854
7.6 4 -0.0447313
7.6 4.4 -0.0249741
7.6 4.8 -0.00744145
7.6 5.2 0.00235981
7.6 5.6 0.00371227
7.6 6 -8.41045e-05
7.6 6.4 -0.00440707
7.6 6.8 -0.00601022
7.6 7.2 -0.00426454
7.6 7.6 -0.000703033
7.6 8 0.00236906
7.6 8.4 0.000368607
7.6 8.8 0

8 0 0
8 0.4 0.00614491
8 0.8 0.0448091
8 1.2 0.0396057
8 1.6 0.0309171
8 2 0.0155159
8 2.4 -0.00576538
8 2.8 -0.0272729
8 3.2 -0.0414262
8 3.6 -0.0431108
8 4 -0.0326618
8 4.4 -0.0156245
8 4.8 0.000364737
8 5.2 0.00950066
8 5.6 0.0102209
8 6 0.00501573
8 6.4 -0.00177001
8 6.8 -0.00653264
8 7.2 -0.00794333
8 7.6 -0.0069075
8 8 -0.00540223
8 8.4 -0.000576878
8 8.8 0

8.4 0 0
8.4 0.4 0.00932688
8.4 0.8 0.0679619
8.4 1.2 0.0609157
8.4 1.6 0.0516069
8.4 2 0.0374057
8.4 2.4 0.0184915
8.4 2.8 -0.00123807
8.4 3.2 -0.0159784
8.4 3.6 -0.0212981
8.4 4 -0.0167115
8.4 4.4 -0.00592722
8.4 4.8 0.00525951
8.4 5.2 0.0119913
8.4 5.6 0.0124574
8.4 6 0.00806225
8.4 6.4 0.0019347
8.4 6.8 -0.00305278
8.4 7.2 -0.00558578
8.4 7.6 -0.00603432
8.4 8 -0.00566537
8.4 8.4 -0.00063692
8.4 8.8 0

8.8 0 0
8.8 0.4 0.00998181
8.8 0.8 0.0727337
8.8 1.2 0.066079
8.8 1.6 0.0585351
8.8 2 0.047826
8.8 2.4 0.0333379
8.8 2.8 0.0170552
8.8 3.2 0.00275282
8.8 3.6 -0.00606956
8.8 4 -0.00813581
8.8 4.4 -0.00496698
8.8 4.8 0.000177923
8.8 5.2 0.00417119
8.8 5.6 0.00547171
8.8 6 0.0044073
8.8 6.4 0.00239491
8.8 6.8 0.0008208
8.8 7.2 0.000307292
8.8 7.6 0.000647192
8.8 8 0.00121827
8.8 8.4 0.000171674
8.8 8.8 0

9.2 0 0
9.2 0.4 0.00839425
9.2 0.8 0.0611817
9.2 1.2 0.0561669
9.2 1.6 0.0511012
9.2 2 0.0440397
9.2 2.4 0.0338648
9.2 2.8 0.0211328
9.2 3.2 0.00794187
9.2 3.6 -0.00314619
9.2 4 -0.0103928
9.2 4.4 -0.0135359
9.2 4.8 -0.0135074
9.2 5.2 -0.0116017
9.2 5.6 -0.00877008
9.2 6 -0.00544803
9.2 6.4 -0.00181875
9.2 6.8 0.00187278
9.2 7.2 0.00524348
9.2 7.6 0.00791309
9.2 8 0.00965004
9.2 8.4 0.00118447
9.2 8.8 0

9.6 0 0
9.6 0.4 0.00653737
9.6 0.8 0.0476437
9.6 1.2 0.043324
9.6 1.6 0.0388344
9.6 2 0.0329141
9.6 2.4 0.0246647
9.6 2.8 0.0141532
9.6 3.2 0.00250262
9.6 3.6 -0.00860992
9.6 4 -0.0176619
9.6 4.4 -0.0237123
9.6 4.8 -0.0263912
9.6 5.2 -0.0256885
9.6 5.6 -0.021869
9.6 6 -0.0155811
9.6 6.4 -0.00793593
9.6 6.8 -0.000310313
9.6 7.2 0.00609992
9.6 7.6 0.0106663
9.6 8 0.0133461
9.6 8.4 0.00163536
9.6 8.8 0

10 0 0
10 0.4 0.00645131
10 0.8 0.0469593
10 1.2 0.0407155
10 1.6 0.0332351
10 2 0.0244281
10 2.4 0.0144906
10 2.8 0.00409444
10 3.2 -0.0057876
10 3.6 -0.0142976
10 4 -0.0209712
10 4.4 -0.0256335
10 4.8 -0.0280668
10 5.2 -0.0278561
10 5.6 -0.0246557
10 6 -0.0186926
10 6.4 -0.0110311
10 6.8 -0.0032765
10 7.2 0.00312918
10 7.6 0.0074949
10 8 0.00990208
10 8.4 0.00121992
10 8.8 0

10.4 0 0
10.4 0.4 0.00852137
10.4 0.8 0.0619547
10.4 1.2 0.0514286
10.4 1.6 0.0380226
10.4 2 0.0230397
10.4 2.4 0.00839248
10.4 2.8 -0.00373315
10.4 3.2 -0.0117558
10.4 3.6 -0.0154939
10.4 4 -0.0161998
10.4 4.4 -0.0157064
10.4 4.8 -0.0152708
10.4 5.2 -0.0149539
10.4 5.6 -0.0139557
10.4 6 -0.0115622
10.4 6.4 -0.00790236
10.4 6.8 -0.00393023
10.4 7.2 -0.000729046
10.4 7.6 0.00120459
10.4 8 0.00208518
10.4 8.4 0.000266511
10.4 8.8 0

10.8 0 0
10.8 0.4 0.0110989
10.8 0.8 0.0806735
10.8 1.2 0.0657312
10.8 1.6 0.046236
10.8 2 0.0245729
10.8 2.4 0.00442561
10.8 2.8 -0.010083
10.8 3.2 -0.016246
10.8 3.6 -0.014278
10.8 4 -0.00729634
10.8 4.4 0.000328445
10.8 4.8 0.00520073
10.8 5.2 0.00628228
10.8 5.6 0.00468204
10.8 6 0.00227148
10.8 6.4 0.0002854
10.8 6.8 -0.00113897
10.8 7.2 -0.00242529
10.8 7.6 -0.00375516
10.8 8 -0.00478705
10.8 8.4 -0.000576608
10.8 8.8 0

11.2 0 0
11.2 0.4 0.0118045
11.2 0.8 0.0858335
11.2 1.2 0.0691388
11.2 1.6 0.0467538
11.2 2 0.0213308
11.2 2.4 -0.00229039
11.2 2.8 -0.0183111
11.2 3.2 -0.0227803
11.2 3.6 -0.0159091
11.2 4 -0.00217367
11.2 4.4 0.0119582
11.2 4.8 0.0212174
11.2 5.2 0.023652
11.2 5.6 0.0205779
11.2 6 0.014823
11.2 6.4 0.00875406
11.2 6.8 0.00339344
11.2 7.2 -0.00116531
11.2 7.6 -0.00485483
11.2 8 -0.00721185
11.2 8.4 -0.00087903
11.2 8.8 0

11.6 0 0
11.6 0.4 0.00941961
11.6 0.8 0.0685638
11.6 1.2 0.0543566
11.6 1.6 0.0343246
11.6 2 0.0103629
11.6 2.4 -0.0126982
11.6 2.8 -0.0283015
11.6 3.2 -0.0315651
11.6 3.6 -0.0222658
11.6 4 -0.00521115
11.6 4.4 0.0122908
11.6 4.8 0.0241535
11.6 5.2 0.0280455
11.6 5.6 0.0253994
11.6 6 0.0194117
11.6 6.4 0.0127733
11.6 6.8 0.00666334
11.6 7.2 0.00125102
11.6 7.6 -0.00325476
11.6 8 -0.00614945
11.6 8.4 -0.000761883
11.6 8.8 0

12 0 0
12 0.4 0.00476217
12 0.8 0.0347825
12 1.2 0.0264745
12 1.6 0.0132494
12 2 -0.00453702
12 2.4 -0.0231861
12 2.8 -0.0364668
12 3.2 -0.0391231
12 3.6 -0.0302384
12 4 -0.0139372
12 4.4 0.00301898
12 4.8 0.014961
12 5.2 0.0198305
12 5.6 0.0190853
12 6 0.0155967
12 6.4 0.0114324
12 6.8 0.0071139
12 7.2 0.00246692
12 7.6 -0.002136
12 8 -0.00544953
12 8.4 -0.000706594
12 8.8 0

12.4 0 0
12.4 0.4 -3.24738e-05
12.4 0.8 -1.41843e-05
12.4 1.2 -0.00177128
12.4 1.6 -0.00699485
12.4 2 -0.0168997
12.4 2.4 -0.0293676
12.4 2.8 -0.0391978
12.4 3.2 -0.0413355
12.4 3.6 -0.0342817
12.4 4 -0.0210411
12.4 4.4 -0.00704798
12.4 4.8 0.0032044
12.4 5.2 0.00833831
12.4 5.6 0.00975785
12.4 6 0.0095402
12.4 6.4 0.00852763
12.4 6.8 0.00613265
12.4 7.2 0.00172363
12.4 7.6 -0.00392214
12.4 8 -0.00857638
12.4 8.4 -0.00114663
12.4 8.8 0

12.8 0 0
12.8 0.4 -0.00312322
12.8 0.8 -0.0224527
12.8 1.2 -0.0198763
12.8 1.6 -0.019545
12.8 2 -0.0234457
12.8 2.4 -0.0305383
12.8 2.8 -0.0366819
12.8 3.2 -0.0374368
12.8 3.6 -0.0312237
12.8 4 -0.0202882
12.8 4.4 -0.00889366
12.8 4.8 -0.000378331
12.8 5.2 0.00457074
12.8 5.6 0.00728698
12.8 6 0.00902096
12.8 6.4 0.00939264
12.8 6.8 0.00679865
12.8 7.2 0.000368053
12.8 7.6 -0.00837336
12.8 8 -0.0158048
12.8 8.4 -0.00211029
12.8 8.8 0

13.2 0 0
13.2 0.4 -0.00417992
13.2 0.8 -0.0301272
13.2 1.2 -0.026448
13.2 1.6 -0.02453
13.2 2 -0.0260178
13.2 2.4 -0.0299598
13.2 2.8 -0.0327977
13.2 3.2 -0.0308425
13.2 3.6 -0.0230331
13.2 4 -0.0116679
13.2 4.4 -0.000622619
13.2 4.8 0.0073494
13.2 5.2 0.0120103
13.2 5.6 0.0147393
13.2 6 0.0163588
13.2 6.4 0.015779
13.2 6.8 0.0108162
13.2 7.2 0.00060869
13.2 7.6 -0.0124725
13.2 8 -0.0233356
13.2 8.4 -0.00310236
13.2 8.8 0

13.6 0 0
13.6 0.4 -0.00445278
13.6 0.8 -0.0321132
13.6 1.2 -0.0293765
13.6 1.6 -0.0286989
13.6 2 -0.0305654
13.6 2.4 -0.033285
13.6 2.8 -0.0333251
13.6 3.2 -0.0276483
13.6 3.6 -0.0160818
13.6 4 -0.00167689
13.6 4.4 0.0112788
13.6 4.8 0.0199856
13.6 5.2 0.0244209
13.6 5.6 0.0262677
13.6 6 0.0265569
13.6 6.4 0.0242007
13.6 6.8 0.0168637
13.6 7.2 0.0036316
13.6 7.6 -0.0127246
13.6 8 -0.0260714
13.6 8.4 -0.00345964
13.6 8.8 0

14 0 0
14 0.4 -0.00563734
14 0.8 -0.0407277
14 1.2 -0.0387659
14 1.6 -0.0395762
14 2 -0.0423329
14 2.4 -0.0443821
14 2.8 -0.0419614
14 3.2 -0.0324992
14 3.6 -0.0166869
14 4 0.00150033
14 4.4 0.0170535
14 4.8 0.0268406
14 5.2 0.0309988
14 5.6 0.03182
14 6 0.0311426
14 6.4 0.0284739
14 6.8 0.0215109
14 7.2 0.00879336
14 7.6 -0.00755671
14 8 -0.0212981
14 8.4 -0.00282992
14 8.8 0

14.4 0 0
14.4 0.4 -0.00833274
14.4 0.8 -0.0603278
14.4 1.2 -0.0573973
14.4 1.6 -0.0577644
14.4 2 -0.0598269
14.4 2.4 -0.0604489
14.4 2.8 -0.0558547
14.4 3.2 -0.0438091
14.4 3.6 -0.0254703
14.4 4 -0.00527084
14.4 4.4 0.0114099
14.4 4.8 0.0212804
14.4 5.2 0.0247293
14.4 5.6 0.024829
14.4 6 0.0245397
14.4 6.4 0.0242775
14.4 6.8 0.0217564
14.4 7.2 0.0142855
14.4 7.6 0.00186052
14.4 8 -0.0108876
14.4 8.4 -0.00146168
14.4 8.8 0

14.8 0 0
14.8 0.4 -0.0113094
14.8 0.8 -0.0819853
14.8 1.2 -0.0763659
14.8 1.6 -0.0737653
14.8 2 -0.0727812
14.8 2.4 -0.0707918
14.8 2.8 -0.064628
14.8 3.2 -0.0523679
14.8 3.6 -0.0350078
14.8 4 -0.0165078
14.8 4.4 -0.00178996
14.8 4.8 0.00614247
14.8 5.2 0.00797163
14.8 5.6 0.00738986
14.8 6 0.00837402
14.8 6.4 0.0123147
14.8 6.8 0.0170473
14.8 7.2 0.0184302
14.8 7.6 0.0130526
14.8 8 -0.00115396
14.8 8.4 -0.000185123
14.8 8.8 0

15.2 0 0
15.2 0.4 -0.0122913
15.2 0.8 -0.0891662
15.2 1.2 -0.0803796
15.2 1.6 -0.0731127
15.2 2 -0.0673059
15.2 2.4 -0.0620257
15.2 2.8 -0.0554458
15.2 3.2 -0.0459569
15.2 3.6 -0.0336922
15.2 4 -0.021086
15.2 4.4 -0.0116885
15.2 4.8 -0.00782792
15.2 5.2 -0.0087554
15.2 5.6 -0.010752
15.2 6 -0.00934716
15.2 6.4 -0.00225004
15.2 6.8 0.00902006
15.2 7.2 0.0200327
15.2 7.6 0.026624
15.2 8 0.0034431
15.2 8.4 0
15.2 8.8 0

15.6 0 0
15.6 0.4 -0.009798
15.6 0.8 -0.0711137
15.6 1.2 -0.0599707
15.6 1.6 -0.0476344
15.6 2 -0.0364937
15.6 2.4 -0.0282051
15.6 2.8 -0.0227231
15.6 3.2 -0.0186244
15.6 3.6 -0.0145729
15.6 4 -0.0106817
15.6 4.4 -0.00854113
15.6 4.8 -0.00975278
15.6 5.2 -0.0140662
15.6 5.6 -0.0186669
15.6 6 -0.0194019
15.6 6.4 -0.0132913
15.6 6.8 -0.000657723
15.6 7.2 0.0145802
15.6 7.6 0.0265359
15.6 8 0.00361498
15.6 8.4 0
15.6 8.8 0

16 0 0
16 0.4 -0.00458057
16 0.8 -0.0332807
16 1.2 -0.0212352
16 1.6 -0.00483736
16 2 0.0106684
16 2.4 0.0208491
16 2.8 0.0240222
16 3.2 0.0216462
16 3.6 0.0168277
16 4 0.0120393
16 4.4 0.0077092
16 4.8 0.00265183
16 5.2 -0.00411385
16 5.6 -0.0116695
16 6 -0.0170438
16 6.4 -0.0168278
16 6.8 -0.00942732
16 7.2 0.00357035
16 7.6 0.0170929
16 8 0.00235006
16 8.4 0
16 8.8 0

16.4 0 0
16.4 0.4 0.000726943
16.4 0.8 0.0052029
16.4 1.2 0.017039
16.4 1.6 0.0357038
16.4 2 0.0536333
16.4 2.4 0.0642484
16.4 2.8 0.0646586
16.4 3.2 0.056592
16.4 3.6 0.044846
16.4 4 0.0341821
16.4 4.4 0.0266501
16.4 4.8 0.0210174
16.4 5.2 0.0145055
16.4 5.6 0.00545363
16.4 6 -0.00503189
16.4 6.4 -0.0135198
16.4 6.8 -0.0162024
16.4 7.2 -0.0104048
16.4 7.6 0.00701023
16.4 8 0.000995288
16.4 8.4 0
16.4 8.8 0

16.8 0 0
16.8 0.4 0.00345454
16.8 0.8 0.0249537
16.8 1.2 0.0363668
16.8 1.6 0.0556014
16.8 2 0.0739048
16.8 2.4 0.08366
16.8 2.8 0.0815301
16.8 3.2 0.069701
16.8 3.6 0.0542929
16.8 4 0.0416989
16.8 4.4 0.0349884
16.8 4.8 0.0325468
16.8 5.2 0.0296986
16.8 5.6 0.0221239
16.8 6 0.00877093
16.8 6.4 -0.00755424
16.8 6.8 -0.0220399
16.8 7.2 -0.0307451
16.8 7.6 -0.00313273
16.8 8 0
16.8 8.4 0
16.8 8.8 0

17.2 0 0
17.2 0.4 0.00268537
17.2 0.8 0.0193328
17.2 1.2 0.0305754
17.2 1.6 0.0489919
17.2 2 0.0659154
17.2 2.4 0.0738734
17.2 2.8 0.0697991
17.2 3.2 0.0563716
17.2 3.6 0.0404701
17.2 4 0.0293195
17.2 4.4 0.0264349
17.2 4.8 0.0297677
17.2 5.2 0.0331773
17.2 5.6 0.0302622
17.2 6 0.0180998
17.2 6.4 -0.00140834
17.2 6.8 -0.0231397
17.2 7.2 -0.041222
17.2 7.6 -0.00552494
17.2 8 0
17.2 8.4 0
17.2 8.8 0

17.6 0 0
17.6 0.4 -0.000337623
17.6 0.8 -0.00260515
17.6 1.2 0.00825029
17.6 1.6 0.0243844
17.6 2 0.0383346
17.6 2.4 0.0437427
17.6 2.8 0.0382819
17.6 3.2 0.0249496
17.6 3.6 0.010701
17.6 4 0.00279483
17.6 4.4 0.00474529
17.6 4.8 0.0142741
17.6 5.2 0.0245867
17.6 5.6 0.0282469
17.6 6 0.0212424
17.6 6.4 0.00464413
17.6 6.8 -0.0175385
17.6 7.2 -0.0452026
17.6 7.6 -0.00604066
17.6 8 0
17.6 8.4 0
17.6 8.8 0

18 0 0
18 0.4 -0.00333053
18 0.8 -0.0242543
18 1.2 -0.0148533
18 1.6 -0.00263225
18 2 0.00688953
18 2.4 0.00904956
18 2.8 0.0024301
18 3.2 -0.00996813
18 3.6 -0.0217642
18 4 -0.0263251
18 4.4 -0.0204326
18 4.8 -0.00629082
18 5.2 0.0095165
18 5.6 0.019644
18 6 0.020032
18 6.4 0.0120315
18 6.8 0.00202373
18 7.2 -0.00568653
18 7.6 0
18 8 0
18 8.4 0
18 8.8 0

18.4 0 0
18.4 0.4 -0.00469424
18.4 0.8 -0.0340094
18.4 1.2 -0.0273683
18.4 1.6 -0.0202636
18.4 2 -0.0160534
18.4 2.4 -0.017582
18.4 2.8 -0.0254308
18.4 3.2 -0.0368736
18.4 3.6 -0.0465026
18.4 4 -0.0486727
18.4 4.4 -0.0406034
18.4 4.8 -0.0242192
18.4 5.2 -0.00536042
18.4 5.6 0.00936565
18.4 6 0.0162151
18.4 6.4 0.0160494
18.4 6.8 0.0117921
18.4 7.2 0.00169414
18.4 7.6 0
18.4 8 0
18.4 8.4 0
18.4 8.8 0

18.8 0 0
18.8 0.4 -0.00454875
18.8 0.8 -0.0327849
18.8 1.2 -0.0292883
18.8 1.6 -0.027138
18.8 2 -0.0278753
18.8 2.4 -0.0328471
18.8 2.8 -0.0420041
18.8 3.2 -0.0529493
18.8 3.6 -0.0611993
18.8 4 -0.0620309
18.8 4.4 -0.0530805
18.8 4.8 -0.0360121
18.8 5.2 -0.0159358
18.8 5.6 0.00129974
18.8 6 0.012431
18.8 6.4 0.0194717
18.8 6.8 0.00442308
18.8 7.2 0
18.8 7.6 0
18.8 8 0
18.8 8.4 0
18.8 8.8 0

19.2 0 0
19.2 0.4 -0.00434942
19.2 0.8 -0.0312119
19.2 1.2 -0.0295371
19.2 1.6 -0.0302577
19.2 2 -0.0339528
19.2 2.4 -0.041167
19.2 2.8 -0.0514703
19.2 3.2 -0.0625385
19.2 3.6 -0.0702436
19.2 4 -0.0702535
19.2 4.4 -0.0604343
19.2 4.8 -0.0424497
19.2 5.2 -0.0212668
19.2 5.6 -0.00276912
19.2 6 0.00871906
19.2 6.4 0.00401005
19.2 6.8 0
19.2 7.2 0
19.2 7.6 0
19.2 8 0
19.2 8.4 0
19.2 8.8 0

19.6 0 0
19.6 0.4 0
19.6 0.8 -0.00448266
19.6 1.2 -0.00418196
19.6 1.6 -0.00417424
19.6 2 -0.00455757
19.6 2.4 -0.0054137
19.6 2.8 -0.00668105
19.6 3.2 -0.00804395
19.6 3.6 -0.0089596
19.6 4 -0.00887521
19.6 4.4 -0.00753543
19.6 4.8 -0.00517418
19.6 5.2 -0.0024354
19.6 5.6 -6.06782e-05
19.6 6 0.00141961
19.6 6.4 0
19.6 6.8 0
19.6 7.2 0
19.6 7.6 0
19.6 8 0
19.6 8.4 0
19.6 8.8 0

20 0 0
20 0.4 0
20 0.8 0
20 1.2 0
20 1.6 0
20 2 0
20 2.4 0
20 2.8 0
20 3.2 0
20 3.6 0
20 4 0
20 4.4 0
20 4.8 0
20 5.2 0
20 5.6 0
20 6 0
20 6.4 0
20 6.8 0
20 7.2 0
20 7.6 0
20 8 0
20 8.4 0
20 8.8 0

