0 0 0
0 0.4 0
0 0.8 0
0 1.2 0
0 1.6 0
0 2 0
0 2.4 0
0 2.8 0
0 3.2 0
0 3.6 0
0 4 0
0 4.4 0
0 4.8 0
0 5.2 0
0 5.6 0
0 6 0
0 6.4 0
0 6.8 0
0 7.2 0
0 7.6 0
0 8 0
0 8.4 0
0 8.8 0

0.4 0 0
0.4 0.4 0
0.4 0.8 -0.0117334
0.4 1.2 -0.00972017
0.4 1.6 -0.0078702
0.4 2 -0.00706258
0.4 2.4 -0.00730514
0.4 2.8 -0.00755406
0.4 3.2 -0.00641052
0.4 3.6 -0.00320281
0.4 4 0.00139056
0.4 4.4 0.00567349
0.4 4.8 0.00801705
0.4 5.2 0.00791203
0.4 5.6 0.00626333
0.4 6 0.00481213
0.4 6.4 0
0.4 6.8 0
0.4 7.2 0
0.4 7.6 0
0.4 8 0
0.4 8.4 0
0.4 8.8 0

0.8 0 0
0.8 0.4 -0.0127292
0.8 0.8 -0.0924661
0.8 1.2 -0.0767382
0.8 1.6 -0.0624381
0.8 2 -0.0564528
0.8 2.4 -0.0587737
0.8 2.8 -0.0610582
0.8 3.2 -0.0521862
0.8 3.6 -0.0268178
0.8 4 0.0096495
0.8 4.4 0.0437463
0.8 4.8 0.0625246
0.8 5.2 0.0619232
0.8 5.6 0.0490913
0.8 6 0.0377732
0.8 6.4 0.00667299
0.8 6.8 0
0.8 7.2 0
0.8 7.6 0
0.8 8 0
0.8 8.4 0
0.8 8.8 0

1.2 0 0
1.2 0.4 -0.00835522
1.2 0.8 -0.0607391
1.2 1.2 -0.0476678
1.2 1.6 -0.0351776
1.2 2 -0.0304726
1.2 2.4 -0.0343969
1.2 2.8 -0.0397601
1.2 3.2 -0.0362745
1.2 3.6 -0.0184001
1.2 4 0.00984797
1.2 4.4 0.0370179
1.2 4.8 0.0517425
1.2 5.2 0.050151
1.2 5.6 0.0376621
1.2 6 0.0236986
1.2 6.4 0.0117069
1.2 6.8 0.00234423
1.2 7.2 0
1.2 7.6 0
1.2 8 0
1.2 8.4 0
1.2 8.8 0

1.6 0 0
1.6 0.4 -0.00205702
1.6 0.8 -0.0150438
1.6 1.2 -0.00528879
1.6 1.6 0.00516464
1.6 2 0.00817472
1.6 2.4 0.00158863
1.6 2.8 -0.00868886
1.6 3.2 -0.0129561
1.6 3.6 -0.00507435
1.6 4 0.0127185
1.6 4.4 0.0311851
1.6 4.8 0.0406252
1.6 5.2 0.0374521
1.6 5.6 0.0259947
1.6 6 0.0141949
1.6 6.4 0.00719324
1.6 6.8 0.00610503
1.6 7.2 0.000782864
1.6 7.6 0
1.6 8 0
1.6 8.4 0
1.6 8.8 0

2 0 0
2 0.4 0.00471477
2 0.8 0.0341438
2 1.2 0.04004
2 1.6 0.0477695
2 2 0.0483707
2 2.4 0.0385411
2 2.8 0.0231067
2 3.2 0.0112855
2 3.6 0.00977327
2 4 0.0178349
2 4.4 0.0280957
2 4.8 0.0322041
2 5.2 0.0268424
2 5.6 0.0155532
2 6 0.00515656
2 6.4 0.00010716
2 6.8 -0.000353243
2 7.2 -0.00191747
2 7.6 0
2 8 0
2 8.4 0
2 8.8 0

2.4 0 0
2.4 0.4 0.0103214
2.4 0.8 0.0749333
2.4 1.2 0.0767779
2.4 1.6 0.0809564
2.4 2 0.078421
2.4 2.4 0.0654648
2.4 2.8 0.0462468
2.4 3.2 0.0294788
2.4 3.6 0.0219114
2.4 4 0.023561
2.4 4.4 0.0281177
2.4 4.8 0.028045
2.4 5.2 0.0201596
2.4 5.6 0.00755964
2.4 6 -0.00352933
2.4 6.4 -0.0090322
2.4 6.8 -0.0103631
2.4 7.2 -0.0138516
2.4 7.6 -0.00184177
2.4 8 0
2.4 8.4 0
2.4 8.8 0

2.8 0 0
2.8 0.4 0.0132922
2.8 0.8 0.0966033
2.8 1.2 0.0949193
2.8 1.6 0.0952305
2.8 2 0.0894745
2.8 2.4 0.0744658
2.8 2.8 0.054154
2.8 3.2 0.0365045
2.8 3.6 0.0276427
2.8 4 0.027387
2.8 4.4 0.0297374
2.8 4.8 0.0274788
2.8 5.2 0.0175474
2.8 5.6 0.00292167
2.8 6 -0.0101212
2.8 6.4 -0.017046
2.8 6.8 -0.0183761
2.8 7.2 -0.0186071
2.8 7.6 -0.0024797
2.8 8 0
2.8 8.4 0
2.8 8.8 0

3.2 0 0
3.2 0.4 0.0127824
3.2 0.8 0.0929444
3.2 1.2 0.0892268
3.2 1.6 0.0865855
3.2 2 0.078847
3.2 2.4 0.0640677
3.2 2.8 0.0460852
3.2 3.2 0.0317666
3.2 3.6 0.0259055
3.2 4 0.0275871
3.2 4.4 0.0306952
3.2 4.8 0.0283182
3.2 5.2 0.0175999
3.2 5.6 0.00167341
3.2 6 -0.0128849
3.2 6.4 -0.0207957
3.2 6.8 -0.0216364
3.2 7.2 -0.0196877
3.2 7.6 -0.00258802
3.2 8 0
3.2 8.4 0
3.2 8.8 0

3.6 0 0
3.6 0.4 0.00894786
3.6 0.8 0.0650409
3.6 1.2 0.0617093
3.6 1.6 0.0585737
3.6 2 0.0517535
3.6 2.4 0.040501
3.6 2.8 0.0281823
3.6 3.2 0.0200951
3.6 3.6 0.0194295
3.6 4 0.0245212
3.6 4.4 0.0294957
3.6 4.8 0.0281022
3.6 5.2 0.018036
3.6 5.6 0.00256384
3.6 6 -0.0116158
3.6 6.4 -0.018775
3.6 6.8 -0.0174843
3.6 7.2 -0.0104073
3.6 7.6 0.000134247
3.6 8 3.8419e-05
3.6 8.4 0
3.6 8.8 0

4 0 0
4 0.4 0.00298984
4 0.8 0.0216377
4 1.2 0.0215521
4 1.6 0.0215719
4 2 0.0194844
4 2.4 0.0149905
4 2.8 0.0103618
4 3.2 0.00905328
4 3.6 0.0128362
4 4 0.0199317
4 4.4 0.0254973
4 4.8 0.0247164
4 5.2 0.0161133
4 5.6 0.0029406
4 6 -0.00867116
4 6.4 -0.0134022
4 6.8 -0.00987332
4 7.2 -0.00108764
4 7.6 0.00745598
4 8 0.00101588
4 8.4 0
4 8.8 0

4.4 0 0
4.4 0.4 -0.00326258
4.4 0.8 -0.0239131
4.4 1.2 -0.0185582
4.4 1.6 -0.0120786
4.4 2 -0.00636534
4.4 2.4 -0.00230668
4.4 2.8 0.000769106
4.4 3.2 0.00450348
4.4 3.6 0.00983082
4.4 4 0.0156664
4.4 4.4 0.0191394
4.4 4.8 0.0174822
4.4 5.2 0.0103176
4.4 5.6 0.000526328
4.4 6 -0.00702383
4.4 6.4 -0.00831423
4.4 6.8 -0.00257589
4.4 7.2 0.00712873
4.4 7.6 0.0154354
4.4 8 0.00208587
4.4 8.4 0
4.4 8.8 0

4.8 0 0
4.8 0.4 -0.00806059
4.8 0.8 -0.0588348
4.8 1.2 -0.0476777
4.8 1.6 -0.0336918
4.8 2 -0.0195173
4.8 2.4 -0.00739148
4.8 2.8 0.00164508
4.8 3.2 0.00774787
4.8 3.6 0.0115674
4.8 4 0.0132722
4.8 4.4 0.012378
4.8 4.8 0.00841138
4.8 5.2 0.00206857
4.8 5.6 -0.00438884
4.8 6 -0.00784341
4.8 6.4 -0.00605479
4.8 6.8 0.000910021
4.8 7.2 0.0103582
4.8 7.6 0.0180916
4.8 8 0.00464539
4.8 8.4 0
4.8 8.8 0

5.2 0 0
5.2 0.4 -0.0103677
5.2 0.8 -0.0755771
5.2 1.2 -0.0605384
5.2 1.6 -0.0411272
5.2 2 -0.0208774
5.2 2.4 -0.00320366
5.2 2.8 0.00944518
5.2 3.2 0.0161821
5.2 3.6 0.0174612
5.2 4 0.0145879
5.2 4.4 0.00905548
5.2 4.8 0.0023774
5.2 5.2 -0.00391766
5.2 5.6 -0.00822525
5.2 6 -0.00920811
5.2 6.4 -0.00638231
5.2 6.8 -0.00053923
5.2 7.2 0.00639712
5.2 7.6 0.0122169
5.2 8 0.0156129
5.2 8.4 0.00223594
5.2 8.8 0

5.6 0 0
5.6 0.4 -0.010117
5.6 0.8 -0.073684
5.6 1.2 -0.0582903
5.6 1.6 -0.0379649
5.6 2 -0.0162069
5.6 2.4 0.00334774
5.6 2.8 0.0177284
5.6 3.2 0.0252128
5.6 3.6 0.0257483
5.6 4 0.0207558
5.6 4.4 0.0127006
5.6 4.8 0.00418167
5.6 5.2 -0.00263921
5.6 5.6 -0.00664711
5.6 6 -0.00772715
5.6 6.4 -0.00672623
5.6 6.8 -0.00484708
5.6 7.2 -0.00322405
5.6 7.6 -0.00228725
5.6 8 -0.00162484
5.6 8.4 -5.53175e-06
5.6 8.8 0

6 0 0
6 0.4 -0.00809094
6 0.8 -0.0588981
6 1.2 -0.0468806
6 1.6 -0.0307313
6 2 -0.0125209
6 2.4 0.00539035
6 2.8 0.0204399
6 3.2 0.0303134
6 3.6 0.0336477
6 4 0.0307446
6 4.4 0.0235209
6 4.8 0.0148084
6 5.2 0.00711351
6 5.6 0.00170369
6 6 -0.00172948
6 6.4 -0.00450031
6 6.8 -0.00796328
6 7.2 -0.0125943
6 7.6 -0.0176346
6 8 -0.0215345
6 8.4 -0.00262008
6 8.8 0

6.4 0 0
6.4 0.4 -0.00555038
6.4 0.8 -0.0404094
6.4 1.2 -0.0342036
6.4 1.6 -0.0258618
6.4 2 -0.0148027
6.4 2.4 -0.00093358
6.4 2.8 0.0144316
6.4 3.2 0.0284369
6.4 3.6 0.0378555
6.4 4 0.0406711
6.4 4.4 0.0371754
6.4 4.8 0.0295967
6.4 5.2 0.0209076
6.4 5.6 0.0130991
6.4 6 0.0065664
6.4 6.4 0.000230276
6.4 6.8 -0.00708974
6.4 7.2 -0.0156997
6.4 7.6 -0.0244048
6.4 8 -0.0312312
6.4 8.4 -0.00394275
6.4 8.8 0

6.8 0 0
6.8 0.4 -0.00374693
6.8 0.8 -0.0273023
6.8 1.2 -0.0270937
6.8 1.6 -0.0272748
6.8 2 -0.0242999
6.8 2.4 -0.0151996
6.8 2.8 0.000226114
6.8 3.2 0.0188008
6.8 3.6 0.0352782
6.8 4 0.0450488
6.8 4.4 0.0462212
6.8 4.8 0.0402356
6.8 5.2 0.0305178
6.8 5.6 0.0204561
6.8 6 0.0117663
6.8 6.4 0.00428165
6.8 6.8 -0.00307607
6.8 7.2 -0.0109273
6.8 7.6 -0.0186671
6.8 8 -0.0247894
6.8 8.4 -0.00318574
6.8 8.8 0

7.2 0 0
7.2 0.4 -0.00346888
7.2 0.8 -0.0252543
7.2 1.2 -0.0289693
7.2 1.6 -0.0353283
7.2 2 -0.0385767
7.2 2.4 -0.0335682
7.2 2.8 -0.0187591
7.2 3.2 0.00268318
7.2 3.6 0.0242104
7.2 4 0.0392201
7.2 4.4 0.0440517
7.2 4.8 0.0393593
7.2 5.2 0.0290844
7.2 5.6 0.0179571
7.2 6 0.00927967
7.2 6.4 0.00380337
7.2 6.8 0.000538046
7.2 7.2 -0.00199702
7.2 7.6 -0.00444403
7.2 8 -0.00656506
7.2 8.4 -0.000887331
7.2 8.8 0

7.6 0 0
7.6 0.4 -0.00474245
7.6 0.8 -0.0344323
7.6 1.2 -0.038744
7.6 1.6 -0.0470293
7.6 2 -0.0529905
7.6 2.4 -0.0507266
7.6 2.8 -0.0378334
7.6 3.2 -0.016896
7.6 3.6 0.00559478
7.6 4 0.0224179
7.6 4.4 0.0290661
7.6 4.8 0.0256064
7.6 5.2 0.0160556
7.6 5.6 0.00592037
7.6 6 -0.000549595
7.6 6.4 -0.00189306
7.6 6.8 0.000783906
7.6 7.2 0.00521256
7.6 7.6 0.00937651
7.6 8 0.0121821
7.6 8.4 0.0015129
7.6 8.8 0

8 0 0
8 0.4 -0.00682923
8 0.8 -0.0494907
8 1.2 -0.0512462
8 1.6 -0.05711
8 2 -0.0620952
8 2.4 -0.0611009
8 2.8 -0.0514289
8 3.2 -0.0343943
8 3.6 -0.0150204
8 4 0.000443877
8 4.4 0.00759124
8 4.8 0.00597233
8 5.2 -0.00102172
8 5.6 -0.00826333
8 6 -0.0114594
8 6.4 -0.00903494
8 6.8 -0.00205297
8 7.2 0.00684622
8 7.6 0.0150611
8 8 0.0207642
8 8.4 0.00262976
8 8.8 0

8.4 0 0
8.4 0.4 -0.00862215
8.4 0.8 -0.0624367
8.4 1.2 -0.0599541
8.4 1.6 -0.0607159
8.4 2 -0.0623093
8.4 2.4 -0.0615213
8.4 2.8 -0.0556968
8.4 3.2 -0.04449
8.4 3.6 -0.0304055
8.4 4 -0.0177211
8.4 4.4 -0.0100997
8.4 4.8 -0.00864964
8.4 5.2 -0.0113987
8.4 5.6 -0.0146561
8.4 6 -0.0151052
8.4 6.4 -0.0114054
8.4 6.8 -0.00441871
8.4 7.2 0.0037587
8.4 7.6 0.0110012
8.4 8 0.0158949
8.4 8.4 0.00202162
8.4 8.8 0

8.8 0 0
8.8 0.4 -0.00921287
8.8 0.8 -0.0667142
8.8 1.2 -0.0603468
8.8 1.6 -0.0559437
8.8 2 -0.0539128
8.8 2.4 -0.0530789
8.8 2.8 -0.0509675
8.8 3.2 -0.0454652
8.8 3.6 -0.0364481
8.8 4 -0.0259496
8.8 4.4 -0.0169018
8.8 4.8 -0.0111927
8.8 5.2 -0.00880574
8.8 5.6 -0.00804742
8.8 6 -0.0071309
8.8 6.4 -0.00511144
8.8 6.8 -0.0023783
8.8 7.2 0.000224789
8.8 7.6 0.00202774
8.8 8 0.0029733
8.8 8.4 0.000366068
8.8 8.8 0

9.2 0 0
9.2 0.4 -0.00829865
9.2 0.8 -0.0601103
9.2 1.2 -0.0516733
9.2 1.6 -0.0440897
9.2 2 -0.0399665
9.2 2.4 -0.0396673
9.2 2.8 -0.0407205
9.2 3.2 -0.0395871
9.2 3.6 -0.0340047
9.2 4 -0.024372
9.2 4.4 -0.0131246
9.2 4.8 -0.00310734
9.2 5.2 0.00396471
9.2 5.6 0.00779128
9.2 6 0.00886424
9.2 6.4 0.00768157
9.2 6.8 0.00454139
9.2 7.2 -4.73097e-05
9.2 7.6 -0.00498734
9.2 8 -0.00873986
9.2 8.4 -0.00114698
9.2 8.8 0

9.6 0 0
9.6 0.4 -0.00632237
9.6 0.8 -0.0457916
9.6 1.2 -0.0375289
9.6 1.6 -0.0295829
9.6 2 -0.0256634
9.6 2.4 -0.0267519
9.6 2.8 -0.0301843
9.6 3.2 -0.0315396
9.6 3.6 -0.0275148
9.6 4 -0.0178056
9.6 4.4 -0.00488744
9.6 4.8 0.00777194
9.6 5.2 0.0173341
9.6 5.6 0.0225283
9.6 6 0.0230895
9.6 6.4 0.0194536
9.6 6.8 0.0122934
9.6 7.2 0.00305625
9.6 7.6 -0.00610552
9.6 8 -0.0125996
9.6 8.4 -0.00165026
9.6 8.8 0

10 0 0
10 0.4 -0.00426459
10 0.8 -0.0308279
10 1.2 -0.0244862
10 1.6 -0.018658
10 2 -0.0168468
10 2.4 -0.0196626
10 2.8 -0.0240921
10 3.2 -0.0256606
10 3.6 -0.021342
10 4 -0.0113327
10 4.4 0.00151737
10 4.8 0.0135583
10 5.2 0.0221654
10 5.6 0.0263254
10 6 0.0261559
10 6.4 0.0221864
10 6.8 0.0151485
10 7.2 0.00631758
10 7.6 -0.00226138
10 8 -0.00813704
10 8.4 -0.00107287
10 8.8 0

10.4 0 0
10.4 0.4 -0.00311989
10.4 0.8 -0.0224436
10.4 1.2 -0.0188298
10.4 1.6 -0.0165265
10.4 2 -0.017579
10.4 2.4 -0.021337
10.4 2.8 -0.02447
10.4 3.2 -0.0233921
10.4 3.6 -0.016765
10.4 4 -0.00633295
10.4 4.4 0.00435956
10.4 4.8 0.012257
10.4 5.2 0.0161557
10.4 5.6 0.0167992
10.4 6 0.0154931
10.4 6.4 0.0131932
10.4 6.8 0.0100642
10.4 7.2 0.00628785
10.4 7.6 0.00252998
10.4 8 5.79178e-05
10.4 8.4 -3.8118e-06
10.4 8.8 0

10.8 0 0
10.8 0.4 -0.00334549
10.8 0.8 -0.0240102
10.8 1.2 -0.0230838
10.8 1.6 -0.0245312
10.8 2 -0.0279542
10.8 2.4 -0.0308356
10.8 2.8 -0.0297415
10.8 3.2 -0.0228871
10.8 3.6 -0.0117188
10.8 4 -0.000318646
10.8 4.4 0.00706512
10.8 4.8 0.0084955
10.8 5.2 0.00521941
10.8 5.6 0.000502717
10.8 6 -0.00256875
10.8 6.4 -0.00270657
10.8 6.8 -0.000575321
10.8 7.2 0.00229633
10.8 7.6 0.00473012
10.8 8 0.00635502
10.8 8.4 0.000822004
10.8 8.8 0

11.2 0 0
11.2 0.4 -0.00462842
11.2 0.8 -0.0333194
11.2 1.2 -0.0345247
11.2 1.6 -0.0390595
11.2 2 -0.0435975
11.2 2.4 -0.0436446
11.2 2.8 -0.0359793
11.2 3.2 -0.0211434
11.2 3.6 -0.00381927
11.2 4 0.00945375
11.2 4.4 0.0138647
11.2 4.8 0.00888973
11.2 5.2 -0.00159674
11.2 5.6 -0.0118212
11.2 6 -0.0171344
11.2 6.4 -0.0161441
11.2 6.8 -0.0104178
11.2 7.2 -0.00299551
11.2 7.6 0.00353371
11.2 8 0.00766791
11.2 8.4 0.000999327
11.2 8.8 0

11.6 0 0
11.6 0.4 -0.00616144
11.6 0.8 -0.0445379
11.6 1.2 -0.0469899
11.6 1.6 -0.0532576
11.6 2 -0.0575107
11.6 2.4 -0.0537738
11.6 2.8 -0.039303
11.6 3.2 -0.0167941
11.6 3.6 0.00639856
11.6 4 0.0219375
11.6 4.4 0.0248181
11.6 4.8 0.015847
11.6 5.2 0.000802996
11.6 5.6 -0.0129222
11.6 6 -0.0200824
11.6 6.4 -0.0195278
11.6 6.8 -0.0136124
11.6 7.2 -0.00599664
11.6 7.6 0.0004351
11.6 8 0.00426566
11.6 8.4 0.000567672
11.6 8.8 0

12 0 0
12 0.4 -0.00723869
12 0.8 -0.0525076
12 1.2 -0.0550579
12 1.6 -0.0612322
12 2 -0.0639403
12 2.4 -0.0567249
12 2.8 -0.037502
12 3.2 -0.010337
12 3.6 0.0161019
12 4 0.0329632
12 4.4 0.0356712
12 4.8 0.025952
12 5.2 0.0103852
12 5.6 -0.0035664
12 6 -0.0111623
12 6.4 -0.0120792
12 6.8 -0.00903898
12 7.2 -0.00540756
12 7.6 -0.00301224
12 8 -0.00200593
12 8.4 -0.000221868
12 8.8 0

12.4 0 0
12.4 0.4 -0.00765469
12.4 0.8 -0.0556726
12.4 1.2 -0.0569648
12.4 1.6 -0.0609565
12.4 2 -0.0609488
12.4 2.4 -0.0512033
12.4 2.8 -0.030434
12.4 3.2 -0.0030946
12.4 3.6 0.0224696
12.4 4 0.0383664
12.4 4.4 0.0410727
12.4 4.8 0.0329091
12.4 5.2 0.0200537
12.4 5.6 0.00881159
12.4 6 0.00237025
12.4 6.4 2.04693e-05
12.4 6.8 -0.00109573
12.4 7.2 -0.00330551
12.4 7.6 -0.00669738
12.4 8 -0.00952822
12.4 8.4 -0.00114686
12.4 8.8 0

12.8 0 0
12.8 0.4 -0.00765386
12.8 0.8 -0.0557557
12.8 1.2 -0.0545031
12.8 1.6 -0.0544701
12.8 2 -0.0507065
12.8 2.4 -0.0392218
12.8 2.8 -0.0196524
12.8 3.2 0.00393775
12.8 3.6 0.0248145
12.8 4 0.0370996
12.8 4.4 0.0388208
12.8 4.8 0.0325257
12.8 5.2 0.02341
12.8 5.6 0.015887
12.8 6 0.0114363
12.8 6.4 0.00832647
12.8 6.8 0.00388876
12.8 7.2 -0.00312828
12.8 7.6 -0.0111937
12.8 8 -0.0170528
12.8 8.4 -0.00205015
12.8 8.8 0

13.2 0 0
13.2 0.4 -0.00755135
13.2 0.8 -0.0550407
13.2 1.2 -0.0505189
13.2 1.6 -0.0455419
13.2 2 -0.0375783
13.2 2.4 -0.0248595
13.2 2.8 -0.00792608
13.2 3.2 0.00997841
13.2 3.6 0.0242682
13.2 4 0.0314646
13.2 4.4 0.0310569
13.2 4.8 0.0256685
13.2 5.2 0.0192182
13.2 5.6 0.0144986
13.2 6 0.0116374
13.2 6.4 0.00851445
13.2 6.8 0.00276693
13.2 7.2 -0.00608063
13.2 7.6 -0.0158136
13.2 8 -0.022699
13.2 8.4 -0.00271621
13.2 8.8 0

13.6 0 0
13.6 0.4 -0.00737866
13.6 0.8 -0.0537918
13.6 1.2 -0.0462456
13.6 1.6 -0.0367732
13.6 2 -0.0251797
13.6 2.4 -0.0116863
13.6 2.8 0.00250553
13.6 3.2 0.0150826
13.6 3.6 0.0234946
13.6 4 0.0261769
13.6 4.4 0.0236109
13.6 4.8 0.0180278
13.6 5.2 0.0122997
13.6 5.6 0.00815154
13.6 6 0.005435
13.6 6.4 0.00238555
13.6 6.8 -0.00275141
13.6 7.2 -0.0102777
13.6 7.6 -0.0183985
13.6 8 -0.0241738
13.6 8.4 -0.00288615
13.6 8.8 0

14 0 0
14 0.4 -0.00687101
14 0.8 -0.0501334
14 1.2 -0.0407947
14 1.6 -0.0285722
14 2 -0.0149371
14 2.4 -0.00138711
14 2.8 0.0106529
14 3.2 0.0198255
14 3.6 0.0250117
14 4 0.0257195
14 4.4 0.0223992
14 4.8 0.0164633
14 5.2 0.00975987
14 5.6 0.00382455
14 6 -0.000773938
14 6.4 -0.00448936
14 6.8 -0.00823615
14 7.2 -0.0125544
14 7.6 -0.0170309
14 8 -0.0204294
14 8.4 -0.00244303
14 8.8 0

14.4 0 0
14.4 0.4 -0.00577387
14.4 0.8 -0.0422319
14.4 1.2 -0.0328187
14.4 1.6 -0.0202142
14.4 2 -0.00671516
14.4 2.4 0.00570782
14.4 2.8 0.01598
14.4 3.2 0.0236636
14.4 3.6 0.028626
14.4 4 0.0304554
14.4 4.4 0.0287312
14.4 4.8 0.0233416
14.4 5.2 0.015186
14.4 5.6 0.00602147
14.4 6 -0.0020137
14.4 6.4 -0.00747584
14.4 6.8 -0.0101601
14.4 7.2 -0.0111172
14.4 7.6 -0.0118278
14.4 8 -0.0132104
14.4 8.4 -0.00159551
14.4 8.8 0

14.8 0 0
14.8 0.4 -0.00414257
14.8 0.8 -0.0304555
14.8 1.2 -0.0223726
14.8 1.6 -0.0113889
14.8 2 -0.000116968
14.8 2.4 0.00958485
14.8 2.8 0.0173528
14.8 3.2 0.0239403
14.8 3.6 0.0299898
14.8 4 0.0348639
14.8 4.4 0.0366488
14.8 4.8 0.0333763
14.8 5.2 0.0246997
14.8 5.6 0.0127176
14.8 6 0.0012426
14.8 6.4 -0.00618902
14.8 6.8 -0.00825669
14.8 7.2 -0.00658395
14.8 7.6 -0.00477516
14.8 8 -0.00696031
14.8 8.4 -0.000865471
14.8 8.8 0

15.2 0 0
15.2 0.4 -0.00232932
15.2 0.8 -0.0172967
15.2 1.2 -0.0110268
15.2 1.6 -0.00256046
15.2 2 0.00513819
15.2 2.4 0.010314
15.2 2.8 0.0135461
15.2 3.2 0.0170891
15.2 3.6 0.0228063
15.2 4 0.0300992
15.2 4.4 0.0357862
15.2 4.8 0.0359509
15.2 5.2 0.0288205
15.2 5.6 0.0164
15.2 6 0.00371338
15.2 6.4 -0.00409388
15.2 6.8 -0.00483115
15.2 7.2 -0.000591144
15.2 7.6 0.00370488
15.2 8 -0.000483563
15.2 8.4 0
15.2 8.8 0

15.6 0 0
15.6 0.4 -0.000653187
15.6 0.8 -0.0050352
15.6 1.2 -0.000118078
15.6 1.6 0.00618362
15.6 2 0.00998381
15.6 2.4 0.00923537
15.6 2.8 0.00535359
15.6 3.2 0.00244306
15.6 3.6 0.00419858
15.6 4 0.0109529
15.6 4.4 0.0190087
15.6 4.8 0.0229975
15.6 5.2 0.0196654
15.6 5.6 0.0103182
15.6 6 0.0002372
15.6 6.4 -0.00478459
15.6 6.8 -0.00224413
15.6 7.2 0.00535621
15.6 7.6 0.0122208
15.6 8 0.00159799
15.6 8.4 0
15.6 8.8 0

16 0 0
16 0.4 0.000904514
16 0.8 0.00644422
16 1.2 0.0109872
16 1.6 0.0164282
16 2 0.0172398
16 2.4 0.0104442
16 2.8 -0.00204257
16 3.2 -0.0142824
16 3.6 -0.0202378
16 4 -0.0177822
16 4.4 -0.01007
16 4.8 -0.00309616
16 5.2 -0.00139543
16 5.6 -0.00483095
16 6 -0.0089192
16 6.4 -0.00830218
16 6.8 -0.000872269
16 7.2 0.0105208
16 7.6 0.0199496
16 8 0.00265507
16 8.4 0
16 8.8 0

16.4 0 0
16.4 0.4 0.00257855
16.4 0.8 0.0187743
16.4 1.2 0.023797
16.4 1.6 0.0298804
16.4 2 0.0294644
16.4 2.4 0.0181546
16.4 2.8 -0.00214844
16.4 3.2 -0.0241059
16.4 3.6 -0.0393969
16.4 4 -0.0437121
16.4 4.4 -0.0388185
16.4 4.8 -0.0305332
16.4 5.2 -0.0241517
16.4 5.6 -0.0208982
16.4 6 -0.0177474
16.4 6.4 -0.0106997
16.4 6.8 0.0013298
16.4 7.2 0.0150916
16.4 7.6 0.0258578
16.4 8 0.00346845
16.4 8.4 0
16.4 8.8 0

16.8 0 0
16.8 0.4 0.00435357
16.8 0.8 0.0317623
16.8 1.2 0.0375808
16.8 1.6 0.0452554
16.8 2 0.0454223
16.8 2.4 0.0322781
16.8 2.8 0.0072439
16.8 3.2 -0.0216668
16.8 3.6 -0.0446603
16.8 4 -0.0555168
16.8 4.4 -0.0544758
16.8 4.8 -0.0464909
16.8 5.2 -0.0370701
16.8 5.6 -0.0284491
16.8 6 -0.0192432
16.8 6.4 -0.00714695
16.8 6.8 0.00739862
16.8 7.2 0.0197606
16.8 7.6 0.00618333
16.8 8 0
16.8 8.4 0
16.8 8.8 0

17.2 0 0
17.2 0.4 0.00562248
17.2 0.8 0.0409697
17.2 1.2 0.0475691
17.2 1.6 0.0570966
17.2 2 0.0592045
17.2 2.4 0.0471612
17.2 2.8 0.0217755
17.2 3.2 -0.00917121
17.2 3.6 -0.0354828
17.2 4 -0.0500785
17.2 4.4 -0.0519847
17.2 4.8 -0.0451843
17.2 5.2 -0.0347529
17.2 5.6 -0.0233826
17.2 6 -0.0107831
17.2 6.4 0.00400647
17.2 6.8 0.0196908
17.2 7.2 0.0319784
17.2 7.6 0.00437836
17.2 8 0
17.2 8.4 0
17.2 8.8 0

17.6 0 0
17.6 0.4 0.00532134
17.6 0.8 0.0386919
17.6 1.2 0.0461894
17.6 1.6 0.057459
17.6 2 0.0622886
17.6 2.4 0.0538736
17.6 2.8 0.0325152
17.6 3.2 0.00516348
17.6 3.6 -0.0188151
17.6 4 -0.0326506
17.6 4.4 -0.0350521
17.6 4.8 -0.0291826
17.6 5.2 -0.0193926
17.6 5.6 -0.00807034
17.6 6 0.00471852
17.6 6.4 0.0193028
17.6 6.8 0.0339795
17.6 7.2 0.0450639
17.6 7.6 0.00614687
17.6 8 0
17.6 8.4 0
17.6 8.8 0

18 0 0
18 0.4 0.00258736
18 0.8 0.0187222
18 1.2 0.02763
18 1.6 0.0405227
18 2 0.0484037
18 2.4 0.0452733
18 2.8 0.0313112
18 3.2 0.0122822
18 3.6 -0.00410093
18 4 -0.0125168
18 4.4 -0.012246
18 4.8 -0.00615876
18 5.2 0.00227706
18 5.6 0.0114965
18 6 0.021888
18 6.4 0.0337555
18 6.8 0.0449892
18 7.2 0.0121996
18 7.6 0
18 8 0
18 8.4 0
18 8.8 0

18.4 0 0
18.4 0.4 -0.00242989
18.4 0.8 -0.0178077
18.4 1.2 -0.00676587
18.4 1.6 0.00781041
18.4 2 0.018762
18.4 2.4 0.0215248
18.4 2.8 0.0165026
18.4 3.2 0.0083481
18.4 3.6 0.002739
18.4 4 0.00296324
18.4 4.4 0.00844551
18.4 4.8 0.0161687
18.4 5.2 0.0234124
18.4 5.6 0.0297693
18.4 6 0.0366593
18.4 6.4 0.0451416
18.4 6.8 0.0546975
18.4 7.2 0.00734227
18.4 7.6 0
18.4 8 0
18.4 8.4 0
18.4 8.8 0

18.8 0 0
18.8 0.4 -0.00824521
18.8 0.8 -0.0600972
18.8 1.2 -0.0464652
18.8 1.6 -0.0300405
18.8 2 -0.016214
18.8 2.4 -0.00808613
18.8 2.8 -0.00480878
18.8 3.2 -0.00254925
18.8 3.6 0.00260163
18.8 4 0.0119227
18.8 4.4 0.0233802
18.8 4.8 0.0334915
18.8 5.2 0.0400983
18.8 5.6 0.0439404
18.8 6 0.047526
18.8 6.4 0.0518319
18.8 6.8 0.0142851
18.8 7.2 0
18.8 7.6 0
18.8 8 0
18.8 8.4 0
18.8 8.8 0

19.2 0 0
19.2 0.4 -0.0125917
19.2 0.8 -0.0917025
19.2 1.2 -0.0757047
19.2 1.6 -0.057345
19.2 2 -0.0410719
19.2 2.4 -0.0291324
19.2 2.8 -0.0202969
19.2 3.2 -0.0110751
19.2 3.6 0.00144517
19.2 4 0.0172152
19.2 4.4 0.0330934
19.2 4.8 0.0451142
19.2 5.2 0.0514706
19.2 5.6 0.0539135
19.2 6 0.0564334
19.2 6.4 0.0145242
19.2 6.8 0
19.2 7.2 0
19.2 7.6 0
19.2 8 0
19.2 8.4 0
19.2 8.8 0

19.6 0 0
19.6 0.4 0
19.6 0.8 -0.0113157
19.6 1.2 -0.00932124
19.6 1.6 -0.00701786
19.6 2 -0.00495958
19.6 2.4 -0.00342515
19.6 2.8 -0.00226249
19.6 3.2 -0.00104755
19.6 3.6 0.000562688
19.6 4 0.00253759
19.6 4.4 0.00447315
19.6 4.8 0.00588078
19.6 5.2 0.00656203
19.6 5.6 0.00676749
19.6 6 0.00702061
19.6 6.4 0
19.6 6.8 0
19.6 7.2 0
19.6 7.6 0
19.6 8 0
19.6 8.4 0
19.6 8.8 0

20 0 0
20 0.4 0
20 0.8 0
20 1.2 0
20 1.6 0
20 2 0
20 2.4 0
20 2.8 0
20 3.2 0
20 3.6 0
20 4 0
20 4.4 0
20 4.8 0
20 5.2 0
20 5.6 0
20 6 0
20 6.4 0
20 6.8 0
20 7.2 0
20 7.6 0
20 8 0
20 8.4 0
20 8.8 0

