0 0 0
0 0.4 0
0 0.8 0
0 1.2 0
0 1.6 0
0 2 0
0 2.4 0
0 2.8 0
0 3.2 0
0 3.6 0
0 4 0
0 4.4 0
0 4.8 0
0 5.2 0
0 5.6 0
0 6 0
0 6.4 0
0 6.8 0
0 7.2 0
0 7.6 0
0 8 0
0 8.4 0
0 8.8 0

0.4 0 0
0.4 0.4 0
0.4 0.8 -0.00693741
0.4 1.2 -0.00607344
0.4 1.6 -0.00563641
0.4 2 -0.00606
0.4 2.4 -0.00716744
0.4 2.8 -0.00808094
0.4 3.2 -0.0077326
0.4 3.6 -0.00562664
0.4 4 -0.00227187
0.4 4.4 0.00107398
0.4 4.8 0.00319275
0.4 5.2 0.00366617
0.4 5.6 0.00306899
0.4 6 0.00249293
0.4 6.4 0
0.4 6.8 0
0.4 7.2 0
0.4 7.6 0
0.4 8 0
0.4 8.4 0
0.4 8.8 0

0.8 0 0
0.8 0.4 -0.00714686
0.8 0.8 -0.051633
0.8 1.2 -0.0454362
0.8 1.6 -0.0426532
0.8 2 -0.0464502
0.8 2.4 -0.0553819
0.8 2.8 -0.0627289
0.8 3.2 -0.0603707
0.8 3.6 -0.044547
0.8 4 -0.0191214
0.8 4.4 0.00636244
0.8 4.8 0.0226561
0.8 5.2 0.0265626
0.8 5.6 0.0223879
0.8 6 0.0183022
0.8 6.4 0.00468933
0.8 6.8 0
0.8 7.2 0
0.8 7.6 0
0.8 8 0
0.8 8.4 0
0.8 8.8 0

1.2 0 0
1.2 0.4 -0.00597121
1.2 0.8 -0.0432217
1.2 1.2 -0.0370897
1.2 1.6 -0.0334682
1.2 2 -0.03591
1.2 2.4 -0.0438479
1.2 2.8 -0.0517018
1.2 3.2 -0.0521104
1.2 3.6 -0.0410642
1.2 4 -0.021064
1.2 4.4 0.000212748
1.2 4.8 0.0148781
1.2 5.2 0.0198113
1.2 5.6 0.0180343
1.2 6 0.0155751
1.2 6.4 0.0159678
1.2 6.8 0.005172
1.2 7.2 0
1.2 7.6 0
1.2 8 0
1.2 8.4 0
1.2 8.8 0

1.6 0 0
1.6 0.4 -0.00397317
1.6 0.8 -0.0288856
1.6 1.2 -0.02257
1.6 1.6 -0.0173994
1.6 2 -0.0179546
1.6 2.4 -0.0250133
1.6 2.8 -0.0342091
1.6 3.2 -0.038642
1.6 3.6 -0.0336087
1.6 4 -0.0199246
1.6 4.4 -0.00334612
1.6 4.8 0.00942795
1.6 5.2 0.0151319
1.6 5.6 0.0154738
1.6 6 0.0149487
1.6 6.4 0.0170153
1.6 6.8 0.0224403
1.6 7.2 0.00301224
1.6 7.6 0
1.6 8 0
1.6 8.4 0
1.6 8.8 0

2 0 0
2 0.4 -0.000295607
2 0.8 -0.00232483
2 1.2 0.00320474
2 1.6 0.00919498
2 2 0.00991371
2 2.4 0.00321072
2 2.8 -0.00768217
2 3.2 -0.0162507
2 3.6 -0.0171674
2 4 -0.00983177
2 4.4 0.00153901
2 4.8 0.0111252
2 5.2 0.0154377
2 5.6 0.0150399
2 6 0.0130553
2 6.4 0.0120656
2 6.8 0.0123269
2 7.2 -0.00124804
2 7.6 0
2 8 0
2 8.4 0
2 8.8 0

2.4 0 0
2.4 0.4 0.00462112
2.4 0.8 0.0333101
2.4 1.2 0.0366817
2.4 1.6 0.0419572
2.4 2 0.0426588
2.4 2.4 0.0357117
2.4 2.8 0.023493
2.4 3.2 0.0120327
2.4 3.6 0.00676326
2.4 4 0.00893712
2.4 4.4 0.0151826
2.4 4.8 0.0202317
2.4 5.2 0.0205423
2.4 5.6 0.0161001
2.4 6 0.00931549
2.4 6.4 0.00218689
2.4 6.8 -0.00618358
2.4 7.2 -0.0214305
2.4 7.6 -0.00289451
2.4 8 0
2.4 8.4 0
2.4 8.8 0

2.8 0 0
2.8 0.4 0.00878135
2.8 0.8 0.0635262
2.8 1.2 0.0641214
2.8 1.6 0.0673891
2.8 2 0.0669325
2.8 2.4 0.0596025
2.8 2.8 0.047375
2.8 3.2 0.0355918
2.8 3.6 0.0290123
2.8 4 0.0285571
2.8 4.4 0.0309652
2.8 4.8 0.0313468
2.8 5.2 0.0265372
2.8 5.6 0.0167828
2.8 6 0.00478601
2.8 6.4 -0.00677927
2.8 6.8 -0.0170734
2.8 7.2 -0.026259
2.8 7.6 -0.00355029
2.8 8 0
2.8 8.4 0
2.8 8.8 0

3.2 0 0
3.2 0.4 0.00972027
3.2 0.8 0.0703883
3.2 1.2 0.0689432
3.2 1.6 0.069868
3.2 2 0.0679457
3.2 2.4 0.06098
3.2 2.8 0.0509948
3.2 3.2 0.0423532
3.2 3.6 0.0383353
3.2 4 0.0386663
3.2 4.4 0.0397075
3.2 4.8 0.0370314
3.2 5.2 0.0283961
3.2 5.6 0.0149977
3.2 6 0.000323696
3.2 6.4 -0.0122429
3.2 6.8 -0.0211313
3.2 7.2 -0.0264889
3.2 7.6 -0.00479299
3.2 8 0
3.2 8.4 0
3.2 8.8 0

3.6 0 0
3.6 0.4 0.00623401
3.6 0.8 0.0451158
3.6 1.2 0.043395
3.6 1.6 0.0426632
3.6 2 0.0400689
3.6 2.4 0.03513
3.6 2.8 0.0300744
3.6 3.2 0.0279313
3.6 3.6 0.0299268
3.6 4 0.0341512
3.6 4.4 0.0365286
3.6 4.8 0.033414
3.6 5.2 0.023952
3.6 5.6 0.0105632
3.6 6 -0.00263553
3.6 6.4 -0.0121644
3.6 6.8 -0.0165323
3.6 7.2 -0.015725
3.6 7.6 -0.00905397
3.6 8 -0.00120958
3.6 8.4 0
3.6 8.8 0

4 0 0
4 0.4 -0.000547996
4 0.8 -0.00410218
4 1.2 -0.00404282
4 1.6 -0.00473121
4 2 -0.00627217
4 2.4 -0.00730551
4 2.8 -0.00552246
4 3.2 0.000561436
4 3.6 0.0100031
4 4 0.0193667
4 4.4 0.0244716
4 4.8 0.0228624
4 5.2 0.0153062
4 5.6 0.00528706
4 6 -0.00308871
4 6.4 -0.00725547
4 6.8 -0.00699457
4 7.2 -0.00370314
4 7.6 0.000469622
4 8 7.93073e-05
4 8.4 0
4 8.8 0

4.4 0 0
4.4 0.4 -0.00770925
4.4 0.8 -0.0560739
4.4 1.2 -0.0528994
4.4 1.6 -0.0516195
4.4 2 -0.050297
4.4 2.4 -0.0463044
4.4 2.8 -0.0375388
4.4 3.2 -0.0239847
4.4 3.6 -0.00836596
4.4 4 0.00490002
4.4 4.4 0.0120329
4.4 4.8 0.0120531
4.4 5.2 0.0072986
4.4 5.6 0.00189797
4.4 6 -0.000750962
4.4 6.4 0.000249461
4.4 6.8 0.00342473
4.4 7.2 0.00662331
4.4 7.6 0.00873343
4.4 8 0.00120131
4.4 8.4 0
4.4 8.8 0

4.8 0 0
4.8 0.4 -0.0123264
4.8 0.8 -0.0895546
4.8 1.2 -0.0833406
4.8 1.6 -0.0790964
4.8 2 -0.0740928
4.8 2.4 -0.0653857
4.8 2.8 -0.0513638
4.8 3.2 -0.0331161
4.8 3.6 -0.0144324
4.8 4 -3.26137e-05
4.8 4.4 0.00706394
4.8 4.8 0.00731915
4.8 5.2 0.00431145
4.8 5.6 0.00236855
4.8 6 0.00378296
4.8 6.4 0.00754918
4.8 6.8 0.0105084
4.8 7.2 0.0101077
4.8 7.6 0.00712348
4.8 8 -0.00283445
4.8 8.4 0
4.8 8.8 0

5.2 0 0
5.2 0.4 -0.013149
5.2 0.8 -0.0954671
5.2 1.2 -0.0875189
5.2 1.6 -0.0807585
5.2 2 -0.0727975
5.2 2.4 -0.0611322
5.2 2.8 -0.0446833
5.2 3.2 -0.0250835
5.2 3.6 -0.00645149
5.2 4 0.00665179
5.2 4.4 0.011932
5.2 4.8 0.0108553
5.2 5.2 0.00771807
5.2 5.6 0.00676402
5.2 6 0.00928473
5.2 6.4 0.0127641
5.2 6.8 0.0127169
5.2 7.2 0.0058637
5.2 7.6 -0.00804257
5.2 8 -0.0288946
5.2 8.4 -0.00342606
5.2 8.8 0

5.6 0 0
5.6 0.4 -0.0110332
5.6 0.8 -0.0800539
5.6 1.2 -0.0721066
5.6 1.6 -0.0644319
5.6 2 -0.0555641
5.6 2.4 -0.0436225
5.6 2.8 -0.027686
5.6 3.2 -0.00924299
5.6 3.6 0.00781162
5.6 4 0.0191231
5.6 4.4 0.022598
5.6 4.8 0.0198941
5.6 5.2 0.0153967
5.6 5.6 0.0132107
5.6 6 0.0142367
5.6 6.4 0.0154793
5.6 6.8 0.0122125
5.6 7.2 0.00157669
5.6 7.6 -0.0148226
5.6 8 -0.0305503
5.6 8.4 -0.00374519
5.6 8.8 0

6 0 0
6 0.4 -0.00799138
6 0.8 -0.057956
6 1.2 -0.0515064
6 1.6 -0.0451215
6 2 -0.0381502
6 2.4 -0.0288722
6 2.8 -0.0157788
6 3.2 0.000487961
6 3.6 0.0165398
6 4 0.0278796
6 4.4 0.0317299
6 4.8 0.0289162
6 5.2 0.0232691
6 5.6 0.0188579
6 6 0.0170459
6 6.4 0.0155736
6 6.8 0.0104479
6 7.2 -0.00063438
6 7.6 -0.0157186
6 8 -0.0286455
6 8.4 -0.0036472
6 8.8 0

6.4 0 0
6.4 0.4 -0.00567236
6.4 0.8 -0.0411447
6.4 1.2 -0.037255
6.4 1.6 -0.0344126
6.4 2 -0.0321698
6.4 2.4 -0.0281268
6.4 2.8 -0.0193543
6.4 3.2 -0.00510758
6.4 3.6 0.0117701
6.4 4 0.0261223
6.4 4.4 0.0335805
6.4 4.8 0.0332031
6.4 5.2 0.0277287
6.4 5.6 0.0213274
6.4 6 0.0165874
6.4 6.4 0.0129885
6.4 6.8 0.00794053
6.4 7.2 -0.000487779
6.4 7.6 -0.0112837
6.4 8 -0.0204844
6.4 8.4 -0.00271535
6.4 8.8 0

6.8 0 0
6.8 0.4 -0.00441671
6.8 0.8 -0.0320575
6.8 1.2 -0.0313935
6.8 1.6 -0.0337566
6.8 2 -0.0382158
6.8 2.4 -0.0409916
6.8 2.8 -0.0372504
6.8 3.2 -0.0246602
6.8 3.6 -0.00559071
6.8 4 0.0138286
6.8 4.4 0.0271563
6.8 4.8 0.0311901
6.8 5.2 0.0272745
6.8 5.6 0.0197196
6.8 6 0.0127076
6.8 6.4 0.00795054
6.8 6.8 0.00456107
6.8 7.2 0.000832043
6.8 7.6 -0.00374941
6.8 8 -0.00792926
6.8 8.4 -0.0011371
6.8 8.8 0

7.2 0 0
7.2 0.4 -0.00349663
7.2 0.8 -0.0253612
7.2 1.2 -0.0280255
7.2 1.6 -0.0358578
7.2 2 -0.0471584
7.2 2.4 -0.0567579
7.2 2.8 -0.0581487
7.2 3.2 -0.0476091
7.2 3.6 -0.0270054
7.2 4 -0.00319146
7.2 4.4 0.0156279
7.2 4.8 0.0241846
7.2 5.2 0.0224269
7.2 5.6 0.0146371
7.2 6 0.00635886
7.2 6.4 0.00133227
7.2 6.8 0.00024245
7.2 7.2 0.00155908
7.2 7.6 0.00331082
7.2 8 0.00431455
7.2 8.4 0.000482905
7.2 8.8 0

7.6 0 0
7.6 0.4 -0.0021718
7.6 0.8 -0.0156588
7.6 1.2 -0.0207679
7.6 1.6 -0.0322826
7.6 2 -0.0481544
7.6 2.4 -0.0627349
7.6 2.8 -0.0687926
7.6 3.2 -0.061684
7.6 3.6 -0.0424948
7.6 4 -0.0178945
7.6 4.4 0.0032817
7.6 4.8 0.014567
7.6 5.2 0.0147678
7.6 5.6 0.00772486
7.6 6 -0.000508131
7.6 6.4 -0.00505263
7.6 6.8 -0.00419019
7.6 7.2 0.000759571
7.6 7.6 0.00695584
7.6 8 0.0116691
7.6 8.4 0.00150883
7.6 8.8 0

8 0 0
8 0.4 -0.000548915
8 0.8 -0.00375446
8 1.2 -0.00933457
8 1.6 -0.0210059
8 2 -0.0373525
8 2.4 -0.0536247
8 2.8 -0.0631124
8 3.2 -0.0608056
8 3.6 -0.0466161
8 4 -0.025838
8 4.4 -0.00644244
8 4.8 0.00508388
8 5.2 0.00679644
8 5.6 0.00157422
8 6 -0.00517177
8 6.4 -0.00866106
8 6.8 -0.00688849
8 7.2 -0.000877119
8 7.6 0.00653715
8 8 0.0123194
8 8.4 0.00164645
8 8.8 0

8.4 0 0
8.4 0.4 0.000565179
8.4 0.8 0.00443072
8.4 1.2 0.000770507
8.4 1.6 -0.00730393
8.4 2 -0.0199726
8.4 2.4 -0.0345054
8.4 2.8 -0.0456594
8.4 3.2 -0.0484894
8.4 3.6 -0.0414646
8.4 4 -0.0276101
8.4 4.4 -0.0128537
8.4 4.8 -0.00271708
8.4 5.2 0.000475194
8.4 5.6 -0.00176236
8.4 6 -0.00564713
8.4 6.4 -0.00759528
8.4 6.8 -0.00599033
8.4 7.2 -0.00146618
8.4 7.6 0.00398356
8.4 8 0.00820326
8.4 8.4 0.00111034
8.4 8.8 0

8.8 0 0
8.8 0.4 0.000616616
8.8 0.8 0.00482696
8.8 1.2 0.00459632
8.8 1.6 0.00207871
8.8 2 -0.00488096
8.8 2.4 -0.0158304
8.8 2.8 -0.0271934
8.8 3.2 -0.0342528
8.8 3.6 -0.034093
8.8 4 -0.0273353
8.8 4.4 -0.017531
8.8 4.8 -0.0088372
8.8 5.2 -0.00370896
8.8 5.6 -0.00207112
8.8 6 -0.00217624
8.8 6.4 -0.00218288
8.8 6.8 -0.00124434
8.8 7.2 0.000423929
8.8 7.6 0.00214705
8.8 8 0.00336096
8.8 8.4 0.000430947
8.8 8.8 0

9.2 0 0
9.2 0.4 7.68431e-05
9.2 0.8 0.000859629
9.2 1.2 0.0036031
9.2 1.6 0.00562463
9.2 2 0.00326462
9.2 2.4 -0.00465132
9.2 2.8 -0.0157101
9.2 3.2 -0.0253756
9.2 3.6 -0.0297944
9.2 4 -0.0278773
9.2 4.4 -0.0213819
9.2 4.8 -0.0133226
9.2 5.2 -0.00612425
9.2 5.6 -0.000785263
9.2 6 0.00273999
9.2 6.4 0.00470137
9.2 6.8 0.00514436
9.2 7.2 0.00416645
9.2 7.6 0.00234668
9.2 8 0.000730024
9.2 8.4 3.00369e-05
9.2 8.8 0

9.6 0 0
9.6 0.4 0.000172421
9.6 0.8 0.00148496
9.6 1.2 0.00464647
9.6 1.6 0.00741998
9.6 2 0.00581359
9.6 2.4 -0.00167166
9.6 2.8 -0.012856
9.6 3.2 -0.0232834
9.6 3.6 -0.0289671
9.6 4 -0.0284434
9.6 4.4 -0.0229292
9.6 4.8 -0.0149362
9.6 5.2 -0.00669083
9.6 5.6 0.000522752
9.6 6 0.00603012
9.6 6.4 0.00923084
9.6 6.8 0.00961588
9.6 7.2 0.00733945
9.6 7.6 0.00365917
9.6 8 0.000598303
9.6 8.4 -1.22097e-05
9.6 8.8 0

10 0 0
10 0.4 0.00175373
10 0.8 0.0129366
10 1.2 0.0130145
10 1.6 0.0116913
10 2 0.00607846
10 2.4 -0.00414531
10 2.8 -0.0160389
10 3.2 -0.0252173
10 3.6 -0.0285822
10 4 -0.0259037
10 4.4 -0.0193394
10 4.8 -0.0116342
10 5.2 -0.00456324
10 5.6 0.0013395
10 6 0.00598618
10 6.4 0.00894598
10 6.8 0.00952167
10 7.2 0.00757551
10 7.6 0.00419723
10 8 0.00141543
10 8.4 0.000117896
10 8.8 0

10.4 0 0
10.4 0.4 0.00433161
10.4 0.8 0.0316851
10.4 1.2 0.0261416
10.4 1.6 0.0172395
10.4 2 0.00437799
10.4 2.4 -0.0103785
10.4 2.8 -0.0226175
10.4 3.2 -0.0281845
10.4 3.6 -0.025867
10.4 4 -0.0180709
10.4 4.4 -0.00909395
10.4 4.8 -0.0024201
10.4 5.2 0.000970907
10.4 5.6 0.00227596
10.4 6 0.00315924
10.4 6.4 0.00423891
10.4 6.8 0.00492382
10.4 7.2 0.00445509
10.4 7.6 0.00299662
10.4 8 0.00171828
10.4 8.4 0.000210416
10.4 8.8 0

10.8 0 0
10.8 0.4 0.00621767
10.8 0.8 0.0454405
10.8 1.2 0.0342011
10.8 1.6 0.0174057
10.8 2 -0.00271189
10.8 2.4 -0.021178
10.8 2.8 -0.0319373
10.8 3.2 -0.0313801
10.8 3.6 -0.0208473
10.8 4 -0.0061058
10.8 4.4 0.00593007
10.8 4.8 0.0109845
10.8 5.2 0.00922541
10.8 5.6 0.00415854
10.8 6 -0.000237186
10.8 6.4 -0.00194104
10.8 6.8 -0.00137398
10.8 7.2 -0.000103359
10.8 7.6 0.000782234
10.8 8 0.00125724
10.8 8.4 0.000196714
10.8 8.8 0

11.2 0 0
11.2 0.4 0.00575479
11.2 0.8 0.0421129
11.2 1.2 0.0277575
11.2 1.6 0.00617037
11.2 2 -0.0178571
11.2 2.4 -0.0368373
11.2 2.8 -0.043538
11.2 3.2 -0.0352252
11.2 3.6 -0.0158217
11.2 4 0.00583966
11.2 4.4 0.020706
11.2 4.8 0.0241472
11.2 5.2 0.0176832
11.2 5.6 0.00702636
11.2 6 -0.00185861
11.2 6.4 -0.00592213
11.2 6.8 -0.0056371
11.2 7.2 -0.00333447
11.2 7.6 -0.00106106
11.2 8 0.000365832
11.2 8.4 9.66517e-05
11.2 8.8 0

11.6 0 0
11.6 0.4 0.0026129
11.6 0.8 0.0192675
11.6 1.2 0.00590763
11.6 1.6 -0.0151832
11.6 2 -0.0378094
11.6 2.4 -0.0533068
11.6 2.8 -0.0542135
11.6 3.2 -0.0387822
11.6 3.6 -0.012724
11.6 4 0.013413
11.6 4.4 0.0297601
11.6 4.8 0.0320782
11.6 5.2 0.0231354
11.6 5.6 0.0100065
11.6 6 -0.000537079
11.6 6.4 -0.00541555
11.6 6.8 -0.00557269
11.6 7.2 -0.00380497
11.6 7.6 -0.00226122
11.6 8 -0.0015108
11.6 8.4 -0.000155776
11.6 8.8 0

12 0 0
12 0.4 -0.00198596
12 0.8 -0.0142141
12 1.2 -0.022922
12 1.6 -0.0384795
12 2 -0.0549144
12 2.4 -0.0640866
12 2.8 -0.0593162
12 3.2 -0.0396662
12 3.6 -0.0113358
12 4 0.0152584
12 4.4 0.0310253
12 4.8 0.0328134
12 5.2 0.0242271
12 5.6 0.0124507
12 6 0.00355117
12 6.4 -0.000514729
12 6.8 -0.00154814
12 7.2 -0.00235527
12 7.6 -0.00413046
12 8 -0.00597879
12 8.4 -0.000744377
12 8.8 0

12.4 0 0
12.4 0.4 -0.00616467
12.4 0.8 -0.0446571
12.4 1.2 -0.0471021
12.4 1.6 -0.0544942
12.4 2 -0.0624278
12.4 2.4 -0.0646158
12.4 2.8 -0.0558389
12.4 3.2 -0.0356333
12.4 3.6 -0.00947107
12.4 4 0.0138904
12.4 4.4 0.0272866
12.4 4.8 0.0289589
12.4 5.2 0.0227683
12.4 5.6 0.0148909
12.4 6 0.00955021
12.4 6.4 0.0068557
12.4 6.8 0.00403848
12.4 7.2 -0.00126782
12.4 7.6 -0.00851677
12.4 8 -0.0145187
12.4 8.4 -0.00183916
12.4 8.8 0

12.8 0 0
12.8 0.4 -0.00864257
12.8 0.8 -0.0627181
12.8 1.2 -0.0596473
12.8 1.6 -0.0593579
12.8 2 -0.0594636
12.8 2.4 -0.055945
12.8 2.8 -0.0451766
12.8 3.2 -0.0268657
12.8 3.6 -0.00514145
12.8 4 0.0134832
12.8 4.4 0.0239948
12.8 4.8 0.0257846
12.8 5.2 0.0224317
12.8 5.6 0.0185888
12.8 6 0.016399
12.8 6.4 0.0142133
12.8 6.8 0.00856616
12.8 7.2 -0.00221164
12.8 7.6 -0.015693
12.8 8 -0.0263493
12.8 8.4 -0.00333618
12.8 8.8 0

13.2 0 0
13.2 0.4 -0.00940774
13.2 0.8 -0.0682991
13.2 1.2 -0.0617222
13.2 1.6 -0.0561932
13.2 2 -0.0510013
13.2 2.4 -0.0439627
13.2 2.8 -0.0326583
13.2 3.2 -0.0167333
13.2 3.6 0.000990993
13.2 4 0.0158727
13.2 4.4 0.0244072
13.2 4.8 0.0264768
13.2 5.2 0.025043
13.2 5.6 0.0234467
13.2 6 0.0224502
13.2 6.4 0.0194819
13.2 6.8 0.0108921
13.2 7.2 -0.00438761
13.2 7.6 -0.0226837
13.2 8 -0.0369167
13.2 8.4 -0.00466609
13.2 8.8 0

13.6 0 0
13.6 0.4 -0.00948801
13.6 0.8 -0.0688904
13.6 1.2 -0.0606445
13.6 1.6 -0.0525039
13.6 2 -0.0447052
13.6 2.4 -0.0360628
13.6 2.8 -0.0247179
13.6 3.2 -0.0100751
13.6 3.6 0.00594067
13.6 4 0.0196505
13.6 4.4 0.0279739
13.6 4.8 0.0304879
13.6 5.2 0.029442
13.6 5.6 0.0276052
13.6 6 0.0256519
13.6 6.4 0.0213227
13.6 6.8 0.0113147
13.6 7.2 -0.00532868
13.6 7.6 -0.0249595
13.6 8 -0.0402934
13.6 8.4 -0.00508881
13.6 8.8 0

14 0 0
14 0.4 -0.0100308
14 0.8 -0.072865
14 1.2 -0.0638038
14 1.6 -0.05465
14 2 -0.045928
14 2.4 -0.0367045
14 2.8 -0.0251075
14 3.2 -0.0101646
14 3.6 0.00667633
14 4 0.0218276
14 4.4 0.0316394
14 4.8 0.0347262
14 5.2 0.0326867
14 5.6 0.0285847
14 6 0.0243533
14 6.4 0.0192342
14 6.8 0.0106447
14 7.2 -0.00301571
14 7.6 -0.0197182
14 8 -0.033463
14 8.4 -0.00422857
14 8.8 0

14.4 0 0
14.4 0.4 -0.0113124
14.4 0.8 -0.0822463
14.4 1.2 -0.0723486
14.4 1.6 -0.0625317
14.4 2 -0.0533666
14.4 2.4 -0.0438957
14.4 2.8 -0.0319824
14.4 3.2 -0.0161515
14.4 3.6 0.00252435
14.4 4 0.0201998
14.4 4.4 0.0321842
14.4 4.8 0.0357868
14.4 5.2 0.032005
14.4 5.6 0.0247423
14.4 6 0.0180612
14.4 6.4 0.0134755
14.4 6.8 0.00929805
14.4 7.2 0.00254193
14.4 7.6 -0.00799381
14.4 8 -0.0193248
14.4 8.4 -0.00245155
14.4 8.8 0

14.8 0 0
14.8 0.4 -0.0123915
14.8 0.8 -0.0901704
14.8 1.2 -0.0791818
14.8 1.6 -0.0682884
14.8 2 -0.0584597
14.8 2.4 -0.0490832
14.8 2.8 -0.0379123
14.8 3.2 -0.0227959
14.8 3.6 -0.00402484
14.8 4 0.0147207
14.8 4.4 0.0279549
14.8 4.8 0.0316922
14.8 5.2 0.0262002
14.8 5.6 0.0161255
14.8 6 0.00771129
14.8 6.4 0.00491356
14.8 6.8 0.00704852
14.8 7.2 0.00950028
14.8 7.6 0.0066376
14.8 8 -0.00650722
14.8 8.4 -0.000842525
14.8 8.8 0

15.2 0 0
15.2 0.4 -0.0117248
15.2 0.8 -0.0853764
15.2 1.2 -0.0733015
15.2 1.6 -0.0606865
15.2 2 -0.0498553
15.2 2.4 -0.0414693
15.2 2.8 -0.0336041
15.2 3.2 -0.0231494
15.2 3.6 -0.00873398
15.2 4 0.00722887
15.2 4.4 0.0193224
15.2 4.8 0.0225521
15.2 5.2 0.0160896
15.2 5.6 0.00452977
15.2 6 -0.00451875
15.2 6.4 -0.00508618
15.2 6.8 0.00335796
15.2 7.2 0.015592
15.2 7.6 0.0243219
15.2 8 0.00237334
15.2 8.4 0
15.2 8.8 0

15.6 0 0
15.6 0.4 -0.00838132
15.6 0.8 -0.0610667
15.6 1.2 -0.0481864
15.6 1.6 -0.0332427
15.6 2 -0.0212571
15.6 2.4 -0.015215
15.6 2.8 -0.0139287
15.6 3.2 -0.0129778
15.6 3.6 -0.0083189
15.6 4 0.000217642
15.6 4.4 0.00839269
15.6 4.8 0.0106222
15.6 5.2 0.00448868
15.6 5.6 -0.00669396
15.6 6 -0.0153711
15.6 6.4 -0.014495
15.6 6.8 -0.00232812
15.6 7.2 0.0159886
15.6 7.6 0.0310804
15.6 8 0.00418039
15.6 8.4 0
15.6 8.8 0

16 0 0
16 0.4 -0.00294814
16 0.8 -0.0215212
16 1.2 -0.00821684
16 1.6 0.00929306
16 2 0.0223823
16 2.4 0.0250941
16 2.8 0.0176281
16 3.2 0.00590438
16 3.6 -0.00273329
16 4 -0.00460695
16 4.4 -0.0018914
16 4.8 -0.000356545
16 5.2 -0.00441693
16 5.6 -0.0132327
16 6 -0.0208204
16 6.4 -0.020152
16 6.8 -0.00825925
16 7.2 0.0113003
16 7.6 0.0297059
16 8 0.00401387
16 8.4 0
16 8.8 0

16.4 0 0
16.4 0.4 0.00265081
16.4 0.8 0.0192283
16.4 1.2 0.032748
16.4 1.6 0.0525937
16.4 2 0.0666398
16.4 2.4 0.0660818
16.4 2.8 0.050129
16.4 3.2 0.0260523
16.4 3.6 0.00436898
16.4 4 -0.00764074
16.4 4.4 -0.00975926
16.4 4.8 -0.00763006
16.4 5.2 -0.00773735
16.4 5.6 -0.0123842
16.4 6 -0.0182683
16.4 6.4 -0.0194222
16.4 6.8 -0.0119267
16.4 7.2 0.00375835
16.4 7.6 0.0263579
16.4 8 0.0035796
16.4 8.4 0
16.4 8.8 0

16.8 0 0
16.8 0.4 0.0062616
16.8 0.8 0.0454828
16.8 1.2 0.0593014
16.8 1.6 0.0808812
16.8 2 0.0956945
16.8 2.4 0.092973
16.8 2.8 0.0711958
16.8 3.2 0.0385167
16.8 3.6 0.00772991
16.8 4 -0.0110847
16.8 4.4 -0.0156234
16.8 4.8 -0.0111844
16.8 5.2 -0.00590817
16.8 5.6 -0.00507363
16.8 6 -0.0083953
16.8 6.4 -0.0117903
16.8 6.8 -0.0117406
16.8 7.2 -0.00880877
16.8 7.6 0.00244635
16.8 8 0
16.8 8.4 0
16.8 8.8 0

17.2 0 0
17.2 0.4 0.00666246
17.2 0.8 0.0483588
17.2 1.2 0.062666
17.2 1.6 0.0850767
17.2 2 0.100337
17.2 2.4 0.0970625
17.2 2.8 0.0734368
17.2 3.2 0.0378513
17.2 3.6 0.00400026
17.2 4 -0.0166479
17.2 4.4 -0.0204898
17.2 4.8 -0.0123631
17.2 5.2 -0.00126326
17.2 5.6 0.00551697
17.2 6 0.00586743
17.2 6.4 0.00208259
17.2 6.8 -0.00276536
17.2 7.2 -0.007413
17.2 7.6 -0.000919606
17.2 8 0
17.2 8.4 0
17.2 8.8 0

17.6 0 0
17.6 0.4 0.00399674
17.6 0.8 0.0289396
17.6 1.2 0.0436566
17.6 1.6 0.0656344
17.6 2 0.0806935
17.6 2.4 0.0782816
17.6 2.8 0.056777
17.6 3.2 0.0241465
17.6 3.6 -0.00650449
17.6 4 -0.0239449
17.6 4.4 -0.0243002
17.6 4.8 -0.0119581
17.6 5.2 0.00416845
17.6 5.6 0.0161782
17.6 6 0.0208212
17.6 6.4 0.0192031
17.6 6.8 0.0131849
17.6 7.2 -0.000111311
17.6 7.6 8.51649e-05
17.6 8 0
17.6 8.4 0
17.6 8.8 0

18 0 0
18 0.4 -0.000595844
18 0.8 -0.00443642
18 1.2 0.0102446
18 1.6 0.0303872
18 2 0.0443396
18 2.4 0.043565
18 2.8 0.0270581
18 3.2 0.00185629
18 3.6 -0.0207412
18 4 -0.031148
18 4.4 -0.0262051
18 4.8 -0.0099839
18 5.2 0.00945976
18 5.6 0.0249721
18 6 0.0336186
18 6.4 0.0367185
18 6.8 0.0377015
18 7.2 0.00522308
18 7.6 0
18 8 0
18 8.4 0
18 8.8 0

18.4 0 0
18.4 0.4 -0.00571306
18.4 0.8 -0.041554
18.4 1.2 -0.0273738
18.4 1.6 -0.00998566
18.4 2 0.00217239
18.4 2.4 0.00316179
18.4 2.8 -0.00715886
18.4 3.2 -0.0228764
18.4 3.6 -0.0350935
18.4 4 -0.0366578
18.4 4.4 -0.0257862
18.4 4.8 -0.00645709
18.4 5.2 0.0144781
18.4 5.6 0.0313832
18.4 6 0.0424027
18.4 6.4 0.0490714
18.4 6.8 0.0533203
18.4 7.2 0.0072466
18.4 7.6 0
18.4 8 0
18.4 8.4 0
18.4 8.8 0

18.8 0 0
18.8 0.4 -0.01026
18.8 0.8 -0.0744857
18.8 1.2 -0.0607502
18.8 1.6 -0.0458541
18.8 2 -0.0353567
18.8 2.4 -0.0328266
18.8 2.8 -0.037541
18.8 3.2 -0.0445075
18.8 3.6 -0.0469906
18.8 4 -0.0401849
18.8 4.4 -0.0238173
18.8 4.8 -0.00202281
18.8 5.2 0.0193775
18.8 5.6 0.03628
18.8 6 0.0480815
18.8 6.4 0.0571808
18.8 6.8 0.0150027
18.8 7.2 0
18.8 7.6 0
18.8 8 0
18.8 8.4 0
18.8 8.8 0

19.2 0 0
19.2 0.4 -0.0135857
19.2 0.8 -0.0985696
19.2 1.2 -0.0843972
19.2 1.6 -0.070252
19.2 2 -0.0601651
19.2 2.4 -0.0563758
19.2 2.8 -0.0575529
19.2 3.2 -0.0590335
19.2 3.6 -0.0551722
19.2 4 -0.0425338
19.2 4.4 -0.021926
19.2 4.8 0.00213662
19.2 5.2 0.0242213
19.2 5.6 0.0410146
19.2 6 0.0522482
19.2 6.4 0.0148633
19.2 6.8 0
19.2 7.2 0
19.2 7.6 0
19.2 8 0
19.2 8.4 0
19.2 8.8 0

19.6 0 0
19.6 0.4 0
19.6 0.8 -0.0126693
19.6 1.2 -0.0108287
19.6 1.6 -0.00897534
19.6 2 -0.0076322
19.6 2.4 -0.00708816
19.6 2.8 -0.00717219
19.6 3.2 -0.00729071
19.6 3.6 -0.00673394
19.6 4 -0.00508234
19.6 4.4 -0.00245589
19.6 4.8 0.000566719
19.6 5.2 0.0033092
19.6 5.6 0.00537839
19.6 6 0.00676855
19.6 6.4 0
19.6 6.8 0
19.6 7.2 0
19.6 7.6 0
19.6 8 0
19.6 8.4 0
19.6 8.8 0

20 0 0
20 0.4 0
20 0.8 0
20 1.2 0
20 1.6 0
20 2 0
20 2.4 0
20 2.8 0
20 3.2 0
20 3.6 0
20 4 0
20 4.4 0
20 4.8 0
20 5.2 0
20 5.6 0
20 6 0
20 6.4 0
20 6.8 0
20 7.2 0
20 7.6 0
20 8 0
20 8.4 0
20 8.8 0

