0 0 0
0 0.4 0
0 0.8 0
0 1.2 0
0 1.6 0
0 2 0
0 2.4 0
0 2.8 0
0 3.2 0
0 3.6 0
0 4 0
0 4.4 0
0 4.8 0
0 5.2 0
0 5.6 0
0 6 0
0 6.4 0
0 6.8 0
0 7.2 0
0 7.6 0
0 8 0
0 8.4 0
0 8.8 0

0.4 0 0
0.4 0.4 0
0.4 0.8 -0.0103615
0.4 1.2 -0.00876476
0.4 1.6 -0.00749569
0.4 2 -0.00728236
0.4 2.4 -0.00803181
0.4 2.8 -0.00867668
0.4 3.2 -0.00784896
0.4 3.6 -0.00489994
0.4 4 -0.000489161
0.4 4.4 0.00374452
0.4 4.8 0.00622098
0.4 5.2 0.00642536
0.4 5.6 0.00517912
0.4 6 0.00405397
0.4 6.4 0
0.4 6.8 0
0.4 7.2 0
0.4 7.6 0
0.4 8 0
0.4 8.4 0
0.4 8.8 0

0.8 0 0
0.8 0.4 -0.0110304
0.8 0.8 -0.079969
0.8 1.2 -0.0678017
0.8 1.6 -0.0583212
0.8 2 -0.0571069
0.8 2.4 -0.0633517
0.8 2.8 -0.0686966
0.8 3.2 -0.0624645
0.8 3.6 -0.0396045
0.8 4 -0.00525669
0.8 4.4 0.0278081
0.8 4.8 0.0472716
0.8 5.2 0.0491059
0.8 5.6 0.0396681
0.8 6 0.0311194
0.8 6.4 0.00630551
0.8 6.8 0
0.8 7.2 0
0.8 7.6 0
0.8 8 0
0.8 8.4 0
0.8 8.8 0

1.2 0 0
1.2 0.4 -0.00795052
1.2 0.8 -0.0576939
1.2 1.2 -0.0470373
1.2 1.6 -0.0380948
1.2 2 -0.0368408
1.2 2.4 -0.0434216
1.2 2.8 -0.0507583
1.2 3.2 -0.049049
1.2 3.6 -0.0330006
1.2 4 -0.00622419
1.2 4.4 0.0206617
1.2 4.8 0.0369713
1.2 5.2 0.0388267
1.2 5.6 0.0309086
1.2 6 0.0217958
1.2 6.4 0.0153583
1.2 6.8 0.00417114
1.2 7.2 0
1.2 7.6 0
1.2 8 0
1.2 8.4 0
1.2 8.8 0

1.6 0 0
1.6 0.4 -0.00334651
1.6 0.8 -0.024379
1.6 1.2 -0.0154604
1.6 1.6 -0.00678947
1.6 2 -0.00542722
1.6 2.4 -0.0129997
1.6 2.8 -0.0238062
1.6 3.2 -0.0286351
1.6 3.6 -0.021467
1.6 4 -0.00399876
1.6 4.4 0.0154497
1.6 4.8 0.0277778
1.6 5.2 0.0291824
1.6 5.6 0.0230135
1.6 6 0.0161735
1.6 6.4 0.0134348
1.6 6.8 0.0158414
1.6 7.2 0.00210611
1.6 7.6 0
1.6 8 0
1.6 8.4 0
1.6 8.8 0

2 0 0
2 0.4 0.00245262
2 0.8 0.0176584
2 1.2 0.0239981
2 1.6 0.0316142
2 2 0.0323437
2 2.4 0.0231715
2 2.8 0.008559
2 3.2 -0.00275492
2 3.6 -0.00410348
2 4 0.00444084
2 4.4 0.0164466
2 4.8 0.0240451
2 5.2 0.0234648
2 5.6 0.0169768
2 6 0.0101078
2 6.4 0.00675474
2 6.8 0.00664489
2 7.2 -0.00175662
2 7.6 0
2 8 0
2 8.4 0
2 8.8 0

2.4 0 0
2.4 0.4 0.00829242
2.4 0.8 0.0600704
2.4 1.2 0.0629654
2.4 1.6 0.0682117
2.4 2 0.0671949
2.4 2.4 0.0561489
2.4 2.8 0.0387031
2.4 3.2 0.0230371
2.4 3.6 0.0159137
2.4 4 0.0180351
2.4 4.4 0.0240301
2.4 4.8 0.0267917
2.4 5.2 0.0225884
2.4 5.6 0.0131305
2.4 6 0.00321105
2.4 6.4 -0.0037982
2.4 6.8 -0.00918306
2.4 7.2 -0.0195802
2.4 7.6 -0.00262843
2.4 8 0
2.4 8.4 0
2.4 8.8 0

2.8 0 0
2.8 0.4 0.0122499
2.8 0.8 0.088865
2.8 1.2 0.0882606
2.8 1.6 0.0902483
2.8 2 0.086798
2.8 2.4 0.0744044
2.8 2.8 0.0563427
2.8 3.2 0.0400136
2.8 3.6 0.0314397
2.8 4 0.0310495
2.8 4.4 0.0336882
2.8 4.8 0.0326468
2.8 5.2 0.0244663
2.8 5.6 0.0109349
2.8 6 -0.00295953
2.8 6.4 -0.013222
2.8 6.8 -0.0196728
2.8 7.2 -0.0248988
2.8 7.6 -0.00334639
2.8 8 0
2.8 8.4 0
2.8 8.8 0

3.2 0 0
3.2 0.4 0.012488
3.2 0.8 0.0906427
3.2 1.2 0.0877775
3.2 1.6 0.0868252
3.2 2 0.0814636
3.2 2.4 0.0693973
3.2 2.8 0.0538746
3.2 3.2 0.0411348
3.2 3.6 0.0356504
3.2 4 0.0367679
3.2 4.4 0.0390709
3.2 4.8 0.0362661
3.2 5.2 0.0255265
3.2 5.6 0.0092513
3.2 6 -0.00697027
3.2 6.4 -0.0183354
3.2 6.8 -0.0237338
3.2 7.2 -0.0256262
3.2 7.6 -0.00409627
3.2 8 0
3.2 8.4 0
3.2 8.8 0

3.6 0 0
3.6 0.4 0.00842521
3.6 0.8 0.0611323
3.6 1.2 0.0583292
3.6 1.6 0.0561816
3.6 2 0.0509582
3.6 2.4 0.0419718
3.6 2.8 0.0323306
3.6 3.2 0.0266522
3.6 3.6 0.0273911
3.6 4 0.0325607
3.6 4.4 0.0366402
3.6 4.8 0.0341392
3.6 5.2 0.0233012
3.6 5.6 0.00728496
3.6 6 -0.00790922
3.6 6.4 -0.0171701
3.6 6.8 -0.0188778
3.6 7.2 -0.0145025
3.6 7.6 -0.00495019
3.6 8 -0.000649982
3.6 8.4 0
3.6 8.8 0

4 0 0
4 0.4 0.00135512
4 0.8 0.00973159
4 1.2 0.0097173
4 1.6 0.00934539
4 2 0.00733314
4 2.4 0.004264
4 2.8 0.00268694
4 3.2 0.00533471
4 3.6 0.0126759
4 4 0.0218087
4 4.4 0.0277314
4 4.8 0.0264043
4 5.2 0.0174367
4 5.6 0.00456633
4 6 -0.00652572
4 6.4 -0.0114641
4 6.8 -0.00936026
4 7.2 -0.00265914
4 7.6 0.00439837
4 8 0.000607824
4 8.4 0
4 8.8 0

4.4 0 0
4.4 0.4 -0.00608902
4.4 0.8 -0.0443895
4.4 1.2 -0.0396553
4.4 1.6 -0.0353509
4.4 2 -0.0314437
4.4 2.4 -0.026978
4.4 2.8 -0.0204048
4.4 3.2 -0.0108118
4.4 3.6 0.000813127
4.4 4 0.0114132
4.4 4.4 0.0172987
4.4 4.8 0.0163913
4.4 5.2 0.00977524
4.4 5.6 0.00134604
4.4 6 -0.00431587
4.4 6.4 -0.00447478
4.4 6.8 0.000471002
4.4 7.2 0.00763221
4.4 7.6 0.0134132
4.4 8 0.00182437
4.4 8.4 0
4.4 8.8 0

4.8 0 0
4.8 0.4 -0.0113139
4.8 0.8 -0.0823499
4.8 1.2 -0.0727095
4.8 1.6 -0.0625921
4.8 2 -0.0519507
4.8 2.4 -0.0403872
4.8 2.8 -0.027593
4.8 3.2 -0.0140776
4.8 3.6 -0.00159122
4.8 4 0.00734759
4.8 4.4 0.0107884
4.8 4.8 0.00872968
4.8 5.2 0.00353969
4.8 5.6 -0.00112137
4.8 6 -0.00225403
4.8 6.4 0.000828566
4.8 6.8 0.00633696
4.8 7.2 0.0113574
4.8 7.6 0.0139938
4.8 8 0.00100526
4.8 8.4 0
4.8 8.8 0

5.2 0 0
5.2 0.4 -0.0130509
5.2 0.8 -0.0949226
5.2 1.2 -0.0821655
5.2 1.6 -0.067643
5.2 2 -0.0519839
5.2 2.4 -0.0357063
5.2 2.8 -0.0195542
5.2 3.2 -0.00494243
5.2 3.6 0.00611142
5.2 4 0.011785
5.2 4.4 0.0116477
5.2 4.8 0.00734237
5.2 5.2 0.00210829
5.2 5.6 -0.000810634
5.2 6 4.13372e-05
5.2 6.4 0.00354231
5.2 6.8 0.00675714
5.2 7.2 0.00680494
5.2 7.6 0.00231618
5.2 8 -0.00737082
5.2 8.4 -0.000660463
5.2 8.8 0

5.6 0 0
5.6 0.4 -0.0117374
5.6 0.8 -0.0853178
5.6 1.2 -0.0723644
5.6 1.6 -0.056826
5.6 2 -0.0398299
5.6 2.4 -0.0223515
5.6 2.8 -0.00552689
5.6 3.2 0.00886181
5.6 3.6 0.0186226
5.6 4 0.0221305
5.6 4.4 0.0195873
5.6 4.8 0.0133605
5.6 5.2 0.00707808
5.6 5.6 0.00364226
5.6 6 0.00361091
5.6 6.4 0.00485768
5.6 6.8 0.00408627
5.6 7.2 -0.000913521
5.6 7.6 -0.00949558
5.6 8 -0.0178558
5.6 8.4 -0.00208147
5.6 8.8 0

6 0 0
6 0.4 -0.00892505
6 0.8 -0.064849
6 1.2 -0.0546003
6 1.6 -0.0420961
6 2 -0.0281198
6 2.4 -0.0130332
6 2.8 0.00258783
6 3.2 0.0170914
6 3.6 0.0278526
6 4 0.0325321
6 4.4 0.030662
6 4.8 0.0242636
6 5.2 0.0168612
6 5.6 0.0114102
6 6 0.00849909
6 6.4 0.006146
6 6.8 0.00137742
6 7.2 -0.00734043
6 7.6 -0.0185105
6 8 -0.0278477
6 8.4 -0.00347799
6 8.8 0

6.4 0 0
6.4 0.4 -0.006228
6.4 0.8 -0.0452589
6.4 1.2 -0.0396571
6.4 1.6 -0.0334493
6.4 2 -0.0260686
6.4 2.4 -0.0161277
6.4 2.8 -0.00273218
6.4 3.2 0.0129455
6.4 3.6 0.0275396
6.4 4 0.0370666
6.4 4.4 0.0392652
6.4 4.8 0.0348506
6.4 5.2 0.0269895
6.4 5.6 0.0191054
6.4 6 0.0128472
6.4 6.4 0.00733682
6.4 6.8 0.000470363
6.4 7.2 -0.00898231
6.4 7.6 -0.0198066
6.4 8 -0.0286998
6.4 8.4 -0.00369482
6.4 8.8 0

6.8 0 0
6.8 0.4 -0.00453052
6.8 0.8 -0.0329421
6.8 1.2 -0.0324574
6.8 1.6 -0.0338708
6.8 2 -0.0346923
6.8 2.4 -0.0311862
6.8 2.8 -0.0205455
6.8 3.2 -0.00325475
6.8 3.6 0.0164764
6.8 4 0.032672
6.8 4.4 0.0407216
6.8 4.8 0.0396365
6.8 5.2 0.0320716
6.8 5.6 0.0222948
6.8 6 0.0135808
6.8 6.4 0.00678839
6.8 6.8 0.000822932
6.8 7.2 -0.00560181
6.8 7.6 -0.0124405
6.8 8 -0.0181574
6.8 8.4 -0.00239893
6.8 8.8 0

7.2 0 0
7.2 0.4 -0.00386554
7.2 0.8 -0.0280893
7.2 1.2 -0.0316298
7.2 1.6 -0.0395059
7.2 2 -0.0475784
7.2 2.4 -0.0501292
7.2 2.8 -0.0426779
7.2 3.2 -0.0249352
7.2 3.6 -0.00154806
7.2 4 0.0199918
7.2 4.4 0.0331214
7.2 4.8 0.0352643
7.2 5.2 0.0285862
7.2 5.6 0.0180901
7.2 6 0.00867695
7.2 6.4 0.00285206
7.2 6.8 0.000430977
7.2 7.2 -0.000241735
7.2 7.6 -0.000629614
7.2 8 -0.00124888
7.2 8.4 -0.000224357
7.2 8.8 0

7.6 0 0
7.6 0.4 -0.00383712
7.6 0.8 -0.0277982
7.6 1.2 -0.0330263
7.6 1.6 -0.0440156
7.6 2 -0.0561306
7.6 2.4 -0.0629668
7.6 2.8 -0.0591728
7.6 3.2 -0.0436085
7.6 3.6 -0.0204777
7.6 4 0.00250993
7.6 4.4 0.0179517
7.6 4.8 0.0222946
7.6 5.2 0.0171056
7.6 5.6 0.00757266
7.6 6 -0.000586857
7.6 6.4 -0.00385492
7.6 6.8 -0.00188941
7.6 7.2 0.00331377
7.6 7.6 0.00906397
7.6 8 0.0132364
7.6 8.4 0.00167692
7.6 8.8 0

8 0 0
8 0.4 -0.00409467
8 0.8 -0.029549
8 1.2 -0.0336196
8 1.6 -0.0433518
8 2 -0.0551881
8 2.4 -0.0636697
8 2.8 -0.063564
8 3.2 -0.0528344
8 3.6 -0.0342036
8 4 -0.0140946
8 4.4 0.000638502
8 4.8 0.00613588
8 5.2 0.00320363
8 5.6 -0.00371023
8 6 -0.00923163
8 6.4 -0.00981875
8 6.8 -0.00496391
8 7.2 0.00331409
8 7.6 0.0119853
8 8 0.0183601
8 8.4 0.00237321
8 8.8 0

8.4 0 0
8.4 0.4 -0.00447123
8.4 0.8 -0.0321909
8.4 1.2 -0.032845
8.4 1.6 -0.0377472
8.4 2 -0.0456644
8.4 2.4 -0.0532889
8.4 2.8 -0.0562496
8.4 3.2 -0.0515972
8.4 3.6 -0.039886
8.4 4 -0.0251544
8.4 4.4 -0.0127386
8.4 4.8 -0.0063068
8.4 5.2 -0.00606147
8.4 5.6 -0.00911127
8.4 6 -0.0115151
8.4 6.4 -0.0105454
8.4 6.8 -0.00577483
8.4 7.2 0.00127118
8.4 7.6 0.0083165
8.4 8 0.0133733
8.4 8.4 0.00173799
8.4 8.8 0

8.8 0 0
8.8 0.4 -0.00477061
8.8 0.8 -0.0343452
8.8 1.2 -0.0309396
8.8 1.6 -0.0298921
8.8 2 -0.0326283
8.8 2.4 -0.0382404
8.8 2.8 -0.0433755
8.8 3.2 -0.0442384
8.8 3.6 -0.0391466
8.8 4 -0.0295691
8.8 4.4 -0.0191065
8.8 4.8 -0.0111155
8.8 5.2 -0.00694233
8.8 5.6 -0.00561614
8.8 6 -0.00516206
8.8 6.4 -0.00404852
8.8 6.8 -0.00200888
8.8 7.2 0.000359335
8.8 7.6 0.00231758
8.8 8 0.00351489
8.8 8.4 0.000442152
8.8 8.8 0

9.2 0 0
9.2 0.4 -0.0045626
9.2 0.8 -0.0328813
9.2 1.2 -0.0266774
9.2 1.6 -0.0213449
9.2 2 -0.0203695
9.2 2.4 -0.0245928
9.2 2.8 -0.0313183
9.2 3.2 -0.0360494
9.2 3.6 -0.035407
9.2 4 -0.0289941
9.2 4.4 -0.0191505
9.2 4.8 -0.00911685
9.2 5.2 -0.00119746
9.2 5.6 0.00388756
9.2 6 0.00644108
9.2 6.4 0.00687149
9.2 6.8 0.00537633
9.2 7.2 0.00228531
9.2 7.6 -0.00146497
9.2 8 -0.00444509
9.2 8.4 -0.000619914
9.2 8.8 0

9.6 0 0
9.6 0.4 -0.00341298
9.6 0.8 -0.0245887
9.6 1.2 -0.0182491
9.6 1.6 -0.0122986
9.6 2 -0.0110169
9.6 2.4 -0.0157714
9.6 2.8 -0.0238866
9.6 3.2 -0.030421
9.6 3.6 -0.0313449
9.6 4 -0.0256639
9.6 4.4 -0.0154354
9.6 4.8 -0.00397563
9.6 5.2 0.00590978
9.6 5.6 0.0127919
9.6 6 0.0161635
9.6 6.4 0.0159176
9.6 6.8 0.012161
9.6 7.2 0.0057685
9.6 7.6 -0.0013572
9.6 8 -0.00666053
9.6 8.4 -0.000922717
9.6 8.8 0

10 0 0
10 0.4 -0.00139332
10 0.8 -0.00992875
10 1.2 -0.00636664
10 1.6 -0.00386478
10 2 -0.00597718
10 2.4 -0.0132101
10 2.8 -0.0222726
10 3.2 -0.0282329
10 3.6 -0.0277069
10 4 -0.0206628
10 4.4 -0.00988994
10 4.8 0.00106867
10 5.2 0.00976936
10 5.6 0.0153532
10 6 0.0178392
10 6.4 0.0172769
10 6.8 0.0136922
10 7.2 0.00770981
10 7.6 0.00107467
10 8 -0.00373028
10 8.4 -0.000530029
10 8.8 0

10.4 0 0
10.4 0.4 0.000672402
10.4 0.8 0.00512821
10.4 1.2 0.00405705
10.4 1.6 0.000396659
10.4 2 -0.00732728
10.4 2.4 -0.0175986
10.4 2.8 -0.0261325
10.4 3.2 -0.02862
10.4 3.6 -0.0236586
10.4 4 -0.0135415
10.4 4.4 -0.00262567
10.4 4.8 0.00546001
10.4 5.2 0.00950694
10.4 5.6 0.0105861
10.4 6 0.0103537
10.4 6.4 0.00967383
10.4 6.8 0.00831944
10.4 7.2 0.00596134
10.4 7.6 0.00306751
10.4 8 0.000985424
10.4 8.4 0.000114542
10.4 8.8 0

10.8 0 0
10.8 0.4 0.00159394
10.8 0.8 0.011893
10.8 1.2 0.00616991
10.8 1.6 -0.00395426
10.8 2 -0.0170185
10.8 2.4 -0.0288643
10.8 2.8 -0.0342295
10.8 3.2 -0.0301142
10.8 3.6 -0.0180722
10.8 4 -0.00356403
10.8 4.4 0.00721233
10.8 4.8 0.0108118
10.8 5.2 0.00801761
10.8 5.6 0.00258779
10.8 6 -0.0015561
10.8 6.4 -0.00257857
10.8 6.8 -0.00108104
10.8 7.2 0.00121718
10.8 7.6 0.00305939
10.8 8 0.00422427
10.8 8.4 0.00056527
10.8 8.8 0

11.2 0 0
11.2 0.4 0.000625082
11.2 0.8 0.00487987
11.2 1.2 -0.00375599
11.2 1.6 -0.0182524
11.2 2 -0.0341047
11.2 2.4 -0.044665
11.2 2.8 -0.0441282
11.2 3.2 -0.0312839
11.2 3.6 -0.0108993
11.2 4 0.00848701
11.2 4.4 0.019185
11.2 4.8 0.0183351
11.2 5.2 0.00892601
11.2 5.6 -0.0026592
11.2 6 -0.0105428
11.2 6.4 -0.0122436
11.2 6.8 -0.00891197
11.2 7.2 -0.00351171
11.2 7.6 0.00137138
11.2 8 0.00445843
11.2 8.4 0.000608312
11.2 8.8 0

11.6 0 0
11.6 0.4 -0.00196925
11.6 0.8 -0.0140238
11.6 1.2 -0.0227988
11.6 1.6 -0.0379821
11.6 2 -0.0528984
11.6 2.4 -0.0594258
11.6 2.8 -0.0518969
11.6 3.2 -0.0308434
11.6 3.6 -0.00351003
11.6 4 0.0196175
11.6 4.4 0.0302893
11.6 4.8 0.0265966
11.6 5.2 0.0132853
11.6 5.6 -0.0016177
11.6 6 -0.0114425
11.6 6.4 -0.0138416
11.6 6.8 -0.0106468
11.6 7.2 -0.00543901
11.6 7.6 -0.00101346
11.6 8 0.0015287
11.6 8.4 0.000228561
11.6 8.8 0

12 0 0
12 0.4 -0.00511927
12 0.8 -0.0370275
12 1.2 -0.0432753
12 1.6 -0.0553363
12 2 -0.065959
12 2.4 -0.067048
12 2.8 -0.053728
12 3.2 -0.0277523
12 3.6 0.00264681
12 4 0.0267597
12 4.4 0.0370144
12 4.8 0.0326128
12 5.2 0.0192075
12 5.6 0.00493237
12 6 -0.00422568
12 6.4 -0.00698764
12 6.8 -0.00587747
12 7.2 -0.00430669
12 7.6 -0.00396486
12 8 -0.00443121
12 8.4 -0.000536133
12 8.8 0

12.4 0 0
12.4 0.4 -0.0076692
12.4 0.8 -0.0556785
12.4 1.2 -0.0577522
12.4 1.6 -0.0640719
12.4 2 -0.0684673
12.4 2.4 -0.0642775
12.4 2.8 -0.0478769
12.4 3.2 -0.0214953
12.4 3.6 0.00721448
12.4 4 0.0289973
12.4 4.4 0.0379367
12.4 4.8 0.0343323
12.4 5.2 0.0237636
12.4 5.6 0.0131535
12.4 6 0.00661374
12.4 6.4 0.00381654
12.4 6.8 0.00163199
12.4 7.2 -0.00253724
12.4 7.6 -0.00844378
12.4 8 -0.0133449
12.4 8.4 -0.00165702
12.4 8.8 0

12.8 0 0
12.8 0.4 -0.00904384
12.8 0.8 -0.0657479
12.8 1.2 -0.0633484
12.8 1.6 -0.0631714
12.8 2 -0.0611387
12.8 2.4 -0.0528153
12.8 2.8 -0.0359769
12.8 3.2 -0.0127265
12.8 3.6 0.0109178
12.8 4 0.0280699
12.8 4.4 0.0348589
12.8 4.8 0.0323598
12.8 5.2 0.025438
12.8 5.6 0.0191327
12.8 6 0.0154455
12.8 6.4 0.0125088
12.8 6.8 0.00691062
12.8 7.2 -0.00296338
12.8 7.6 -0.0149214
12.8 8 -0.024086
12.8 8.4 -0.00298908
12.8 8.8 0

13.2 0 0
13.2 0.4 -0.00941156
13.2 0.8 -0.0684482
13.2 1.2 -0.0622889
13.2 1.6 -0.0564585
13.2 2 -0.049159
13.2 2.4 -0.0381944
13.2 2.8 -0.0225232
13.2 3.2 -0.00375012
13.2 3.6 0.0140178
13.2 4 0.0262677
13.2 4.4 0.0307804
13.2 4.8 0.028937
13.2 5.2 0.0245625
13.2 5.6 0.0210575
13.2 6 0.0189162
13.2 6.4 0.0155368
13.2 6.8 0.0075795
13.2 7.2 -0.00580913
13.2 7.6 -0.0213644
13.2 8 -0.0330841
13.2 8.4 -0.00409683
13.2 8.8 0

13.6 0 0
13.6 0.4 -0.00936015
13.6 0.8 -0.0680833
13.6 1.2 -0.05932
13.6 1.6 -0.0495444
13.6 2 -0.0387843
13.6 2.4 -0.0264979
13.6 2.8 -0.0123287
13.6 3.2 0.00277942
13.6 3.6 0.0163333
13.6 4 0.0254327
13.6 4.4 0.0286251
13.6 4.8 0.0269244
13.6 5.2 0.0231631
13.6 5.6 0.0198432
13.6 6 0.0172516
13.6 6.4 0.0131562
13.6 6.8 0.00475217
13.6 7.2 -0.00866141
13.6 7.6 -0.0240617
13.6 8 -0.0357765
13.6 8.4 -0.00442576
13.6 8.8 0

14 0 0
14 0.4 -0.00937972
14 0.8 -0.068259
14 1.2 -0.0580486
14 1.6 -0.0461843
14 2 -0.0337784
14 2.4 -0.0211396
14 2.8 -0.00802192
14 3.2 0.00536043
14 3.6 0.0175857
14 4 0.0263857
14 4.4 0.0299896
14 4.8 0.0284072
14 5.2 0.0235565
14 5.6 0.0179856
14 6 0.013085
14 6.4 0.00818272
14 6.8 0.00133606
14 7.2 -0.00864046
14 7.6 -0.0203945
14 8 -0.0299082
14 8.4 -0.00370246
14 8.8 0

14.4 0 0
14.4 0.4 -0.00948206
14.4 0.8 -0.06908
14.4 1.2 -0.0583639
14.4 1.6 -0.0459191
14.4 2 -0.0333457
14.4 2.4 -0.0211907
14.4 2.8 -0.00888422
14.4 3.2 0.00417119
14.4 3.6 0.0172831
14.4 4 0.0281126
14.4 4.4 0.033802
14.4 4.8 0.0328141
14.4 5.2 0.026187
14.4 5.6 0.0170722
14.4 6 0.00890476
14.4 6.4 0.00332909
14.4 6.8 -0.000478312
14.4 7.2 -0.0047591
14.4 7.6 -0.0110003
14.4 8 -0.0180554
14.4 8.4 -0.00224589
14.4 8.8 0

14.8 0 0
14.8 0.4 -0.00917574
14.8 0.8 -0.0669422
14.8 1.2 -0.0563582
14.8 1.6 -0.044218
14.8 2 -0.0325072
14.8 2.4 -0.0219193
14.8 2.8 -0.0114098
14.8 3.2 0.000635885
14.8 3.6 0.0144091
14.8 4 0.0275174
14.8 4.4 0.035853
14.8 4.8 0.0361103
14.8 5.2 0.0282478
14.8 5.6 0.0160069
14.8 6 0.0049689
14.8 6.4 -0.000707266
14.8 6.8 -0.000671045
14.8 7.2 0.00161862
14.8 7.6 0.00103346
14.8 8 -0.00747399
14.8 8.4 -0.000947882
14.8 8.8 0

15.2 0 0
15.2 0.4 -0.0077995
15.2 0.8 -0.0569791
15.2 1.2 -0.0467978
15.2 1.6 -0.0351009
15.2 2 -0.0248155
15.2 2.4 -0.0172907
15.2 2.8 -0.0111324
15.2 3.2 -0.00336344
15.2 3.6 0.00780736
15.2 4 0.020716
15.2 4.4 0.0305811
15.2 4.8 0.0324665
15.2 5.2 0.0249218
15.2 5.6 0.0116159
15.2 6 -0.000448237
15.2 6.4 -0.00509305
15.2 6.8 -0.000818966
15.2 7.2 0.00832584
15.2 7.6 0.0155537
15.2 8 0.00104868
15.2 8.4 0
15.2 8.8 0

15.6 0 0
15.6 0.4 -0.00501387
15.6 0.8 -0.0366837
15.6 1.2 -0.026806
15.6 1.6 -0.0150181
15.6 2 -0.00625432
15.6 2.4 -0.00332072
15.6 2.8 -0.00475786
15.6 3.2 -0.00584797
15.6 3.6 -0.00228541
15.6 4 0.00619841
15.6 4.4 0.0152062
15.6 4.8 0.0186574
15.6 5.2 0.013404
15.6 5.6 0.00201165
15.6 6 -0.00839992
15.6 6.4 -0.010699
15.6 6.8 -0.00253821
15.6 7.2 0.0118461
15.6 7.6 0.0240303
15.6 8 0.0032067
15.6 8.4 0
15.6 8.8 0

16 0 0
16 0.4 -0.0011343
16 0.8 -0.00836717
16 1.2 0.00153876
16 1.6 0.0142723
16 2 0.0219905
16 2.4 0.0197209
16 2.8 0.0086513
16 3.2 -0.00465018
16 3.6 -0.0127471
16 4 -0.0124254
16 4.4 -0.0066374
16 4.8 -0.00191498
16 5.2 -0.00322603
16 5.6 -0.0100233
16 6 -0.0165053
16 6.4 -0.0157892
16 6.8 -0.00506815
16 7.2 0.0121103
16 7.6 0.0275568
16 8 0.00370099
16 8.4 0
16 8.8 0

16.4 0 0
16.4 0.4 0.00290212
16.4 0.8 0.0210899
16.4 1.2 0.0313798
16.4 1.6 0.0457699
16.4 2 0.0533337
16.4 2.4 0.0467483
16.4 2.8 0.0266267
16.4 3.2 0.00108102
16.4 3.6 -0.0194393
16.4 4 -0.0284971
16.4 4.4 -0.0269589
16.4 4.8 -0.0211785
16.4 5.2 -0.0176978
16.4 5.6 -0.0184697
16.4 6 -0.0199872
16.4 6.4 -0.0167164
16.4 6.8 -0.00588049
16.4 7.2 0.0104609
16.4 7.6 0.0289773
16.4 8 0.00391133
16.4 8.4 0
16.4 8.8 0

16.8 0 0
16.8 0.4 0.00589096
16.8 0.8 0.0428679
16.8 1.2 0.0537657
16.8 1.6 0.0700007
16.8 2 0.0783149
16.8 2.4 0.0695081
16.8 2.8 0.0435336
16.8 3.2 0.00934905
16.8 3.6 -0.0204916
16.8 4 -0.0369626
16.8 4.4 -0.0389001
16.8 4.8 -0.032007
16.8 5.2 -0.0238504
16.8 5.6 -0.0186026
16.8 6 -0.0153376
16.8 6.4 -0.0105088
16.8 6.8 -0.00240953
16.8 7.2 0.00607792
16.8 7.6 0.00478913
16.8 8 0
16.8 8.4 0
16.8 8.8 0

17.2 0 0
17.2 0.4 0.00681771
17.2 0.8 0.0495734
17.2 1.2 0.0611748
17.2 1.6 0.078901
17.2 2 0.0885379
17.2 2.4 0.0800391
17.2 2.8 0.052838
17.2 3.2 0.0159169
17.2 3.6 -0.0174713
17.2 4 -0.0370304
17.2 4.4 -0.0402205
17.2 4.8 -0.0319366
17.2 5.2 -0.0199869
17.2 5.6 -0.00991528
17.2 6 -0.00272758
17.2 6.4 0.00337799
17.2 6.8 0.00939352
17.2 7.2 0.0136326
17.2 7.6 0.00191933
17.2 8 0
17.2 8.4 0
17.2 8.8 0

17.6 0 0
17.6 0.4 0.00517124
17.6 0.8 0.0375328
17.6 1.2 0.0498602
17.6 1.6 0.0683128
17.6 2 0.0793481
17.6 2.4 0.0733409
17.6 2.8 0.0495539
17.6 3.2 0.0162653
17.6 3.6 -0.0140511
17.6 4 -0.0314083
17.6 4.4 -0.0329367
17.6 4.8 -0.0228319
17.6 5.2 -0.0084476
17.6 5.6 0.00449899
17.6 6 0.0141744
17.6 6.4 0.0213693
17.6 6.8 0.0261741
17.6 7.2 0.0249467
17.6 7.6 0.00345853
17.6 8 0
17.6 8.4 0
17.6 8.8 0

18 0 0
18 0.4 0.00110532
18 0.8 0.00792791
18 1.2 0.0210174
18 1.6 0.0393535
18 2 0.0514669
18 2.4 0.0493032
18 2.8 0.0323916
18 3.2 0.00784739
18 3.6 -0.0137863
18 4 -0.0242307
18 4.4 -0.0213387
18 4.8 -0.00895812
18 5.2 0.00651491
18 5.6 0.0202381
18 6 0.0308049
18 6.4 0.03911
18 6.8 0.04589
18 7.2 0.00966895
18 7.6 0
18 8 0
18 8.4 0
18 8.8 0

18.4 0 0
18.4 0.4 -0.00451896
18.4 0.8 -0.0329431
18.4 1.2 -0.0189462
18.4 1.6 -0.00120635
18.4 2 0.0116177
18.4 2.4 0.0137004
18.4 2.8 0.00518582
18.4 3.2 -0.00806231
18.4 3.6 -0.0179543
18.4 4 -0.0186993
18.4 4.4 -0.00962185
18.4 4.8 0.0053896
18.4 5.2 0.0210284
18.4 5.6 0.0339372
18.4 6 0.0438765
18.4 6.4 0.0522845
18.4 6.8 0.0599452
18.4 7.2 0.00809616
18.4 7.6 0
18.4 8 0
18.4 8.4 0
18.4 8.8 0

18.8 0 0
18.8 0.4 -0.0102696
18.8 0.8 -0.074688
18.8 1.2 -0.0595004
18.8 1.6 -0.0421189
18.8 2 -0.0286192
18.8 2.4 -0.0227056
18.8 2.8 -0.0235022
18.8 3.2 -0.0261155
18.8 3.6 -0.0246333
18.8 4 -0.0156852
18.8 4.4 -0.000242433
18.8 4.8 0.0174627
18.8 5.2 0.0330071
18.8 5.6 0.0445189
18.8 6 0.0530581
18.8 6.4 0.0604973
18.8 6.8 0.0162534
18.8 7.2 0
18.8 7.6 0
18.8 8 0
18.8 8.4 0
18.8 8.8 0

19.2 0 0
19.2 0.4 -0.0145273
19.2 0.8 -0.105593
19.2 1.2 -0.0888497
19.2 1.6 -0.070811
19.2 2 -0.0561824
19.2 2.4 -0.0474535
19.2 2.8 -0.0432034
19.2 3.2 -0.0389074
19.2 3.6 -0.0298164
19.2 4 -0.0140511
19.2 4.4 0.00619723
19.2 4.8 0.026222
19.2 5.2 0.0420057
19.2 5.6 0.052681
19.2 6 0.0603137
19.2 6.4 0.0163088
19.2 6.8 0
19.2 7.2 0
19.2 7.6 0
19.2 8 0
19.2 8.4 0
19.2 8.8 0

19.6 0 0
19.6 0.4 0
19.6 0.8 -0.0133107
19.6 1.2 -0.0111823
19.6 1.6 -0.00887552
19.6 2 -0.00698798
19.6 2.4 -0.00583438
19.6 2.8 -0.0052359
19.6 3.2 -0.00462731
19.6 3.6 -0.00342489
19.6 4 -0.00141223
19.6 4.4 0.00111942
19.6 4.8 0.00357813
19.6 5.2 0.00547802
19.6 5.6 0.00674043
19.6 6 0.00765242
19.6 6.4 0
19.6 6.8 0
19.6 7.2 0
19.6 7.6 0
19.6 8 0
19.6 8.4 0
19.6 8.8 0

20 0 0
20 0.4 0
20 0.8 0
20 1.2 0
20 1.6 0
20 2 0
20 2.4 0
20 2.8 0
20 3.2 0
20 3.6 0
20 4 0
20 4.4 0
20 4.8 0
20 5.2 0
20 5.6 0
20 6 0
20 6.4 0
20 6.8 0
20 7.2 0
20 7.6 0
20 8 0
20 8.4 0
20 8.8 0

