0 0 0
0 0.4 0
0 0.8 0
0 1.2 0
0 1.6 0
0 2 0
0 2.4 0
0 2.8 0
0 3.2 0
0 3.6 0
0 4 0
0 4.4 0
0 4.8 0
0 5.2 0
0 5.6 0
0 6 0
0 6.4 0
0 6.8 0
0 7.2 0
0 7.6 0
0 8 0
0 8.4 0
0 8.8 0

0.4 0 0
0.4 0.4 0
0.4 0.8 -0.00213925
0.4 1.2 -0.0021792
0.4 1.6 -0.00266081
0.4 2 -0.00363734
0.4 2.4 -0.00488354
0.4 2.8 -0.00588463
0.4 3.2 -0.00608476
0.4 3.6 -0.00523892
0.4 4 -0.00360462
0.4 4.4 -0.00180932
0.4 4.8 -0.000467836
0.4 5.2 0.00018082
0.4 5.6 0.000351001
0.4 6 0.000438122
0.4 6.4 0
0.4 6.8 0
0.4 7.2 0
0.4 7.6 0
0.4 8 0
0.4 8.4 0
0.4 8.8 0

0.8 0 0
0.8 0.4 -0.00184784
0.8 0.8 -0.0130705
0.8 1.2 -0.0140715
0.8 1.6 -0.0185371
0.8 2 -0.0265936
0.8 2.4 -0.0364431
0.8 2.8 -0.044337
0.8 3.2 -0.0463198
0.8 3.6 -0.0406664
0.8 4 -0.029199
0.8 4.4 -0.0163435
0.8 4.8 -0.00644683
0.8 5.2 -0.00124177
0.8 5.6 0.000673557
0.8 6 0.00186
0.8 6.4 0.00214433
0.8 6.8 0
0.8 7.2 0
0.8 7.6 0
0.8 8 0
0.8 8.4 0
0.8 8.8 0

1.2 0 0
1.2 0.4 -0.0028092
1.2 0.8 -0.0201889
1.2 1.2 -0.0197962
1.2 1.6 -0.0222125
1.2 2 -0.0278672
1.2 2.4 -0.035589
1.2 2.8 -0.0424056
1.2 3.2 -0.0448503
1.2 3.6 -0.0409946
1.2 4 -0.0317318
1.2 4.4 -0.0202781
1.2 4.8 -0.0101622
1.2 5.2 -0.00312761
1.2 5.6 0.0015881
1.2 6 0.00626966
1.2 6.4 0.0134147
1.2 6.8 0.00514843
1.2 7.2 0
1.2 7.6 0
1.2 8 0
1.2 8.4 0
1.2 8.8 0

1.6 0 0
1.6 0.4 -0.00381293
1.6 0.8 -0.0276711
1.6 1.2 -0.0252092
1.6 1.6 -0.0245632
1.6 2 -0.0269256
1.6 2.4 -0.0320729
1.6 2.8 -0.037836
1.6 3.2 -0.0409953
1.6 3.6 -0.0390938
1.6 4 -0.0319034
1.6 4.4 -0.0214798
1.6 4.8 -0.010788
1.6 5.2 -0.00191671
1.6 5.6 0.00487037
1.6 6 0.0107627
1.6 6.4 0.017226
1.6 6.8 0.0245946
1.6 7.2 0.00332173
1.6 7.6 0
1.6 8 0
1.6 8.4 0
1.6 8.8 0

2 0 0
2 0.4 -0.00298525
2 0.8 -0.0218476
2 1.2 -0.0182236
2 1.6 -0.0150449
2 2 -0.0144804
2 2.4 -0.0173854
2 2.8 -0.0224021
2 3.2 -0.0265276
2 3.6 -0.0268311
2 4 -0.0221571
2 4.4 -0.0136731
2 4.8 -0.00399826
2 5.2 0.00435356
2 5.6 0.010124
2 6 0.0134173
2 6.4 0.0149867
2 6.8 0.0155675
2 7.2 -0.000492263
2 7.6 0
2 8 0
2 8.4 0
2 8.8 0

2.4 0 0
2.4 0.4 3.45244e-05
2.4 0.8 -4.76715e-05
2.4 1.2 0.00313289
2.4 1.6 0.00739244
2.4 2 0.00967409
2.4 2.4 0.00820126
2.4 2.8 0.00363033
2.4 3.2 -0.00135462
2.4 3.6 -0.00372671
2.4 4 -0.0019301
2.4 4.4 0.00332748
2.4 4.8 0.00966574
2.4 5.2 0.014427
2.4 5.6 0.0158822
2.4 6 0.0135743
2.4 6.4 0.00773936
2.4 6.8 -0.00195956
2.4 7.2 -0.0190364
2.4 7.6 -0.00258729
2.4 8 0
2.4 8.4 0
2.4 8.8 0

2.8 0 0
2.8 0.4 0.00357359
2.8 0.8 0.0256052
2.8 1.2 0.027282
2.8 1.6 0.031183
2.8 2 0.0338097
2.8 2.4 0.0329962
2.8 2.8 0.0290236
2.8 3.2 0.0241212
2.8 3.6 0.0208385
2.8 4 0.0204093
2.8 4.4 0.0221094
2.8 4.8 0.0238382
2.8 5.2 0.0233525
2.8 5.6 0.0193064
2.8 6 0.0115841
2.8 6.4 0.00100609
2.8 6.8 -0.0110923
2.8 7.2 -0.0224182
2.8 7.6 -0.00305101
2.8 8 0
2.8 8.4 0
2.8 8.8 0

3.2 0 0
3.2 0.4 0.00502731
3.2 0.8 0.0361926
3.2 1.2 0.0364536
3.2 1.6 0.0390731
3.2 2 0.0409697
3.2 2.4 0.0404857
3.2 2.8 0.0380139
3.2 3.2 0.0351842
3.2 3.6 0.0334261
3.2 4 0.0329074
3.2 4.4 0.0324786
3.2 4.8 0.0304631
3.2 5.2 0.025641
3.2 5.6 0.0177739
3.2 6 0.00755339
3.2 6.4 -0.00372537
3.2 6.8 -0.0143436
3.2 7.2 -0.0221052
3.2 7.6 -0.00454043
3.2 8 0
3.2 8.4 0
3.2 8.8 0

3.6 0 0
3.6 0.4 0.00280807
3.6 0.8 0.0201636
3.6 1.2 0.0198659
3.6 1.6 0.0206949
3.6 2 0.0212432
3.6 2.4 0.0213306
3.6 2.8 0.0218614
3.6 3.2 0.0236785
3.6 3.6 0.0265354
3.6 4 0.0289774
3.6 4.4 0.0291822
3.6 4.8 0.0260704
3.6 5.2 0.0198591
3.6 5.6 0.0117491
3.6 6 0.00316024
3.6 6.4 -0.00474941
3.6 6.8 -0.0109123
3.6 7.2 -0.0138328
3.6 7.6 -0.0113646
3.6 8 -0.00152963
3.6 8.4 0
3.6 8.8 0

4 0 0
4 0.4 -0.00234254
4 0.8 -0.0171233
4 1.2 -0.0170022
4 1.6 -0.0178706
4 2 -0.0186355
4 2.4 -0.0174278
4 2.8 -0.0126386
4 3.2 -0.00432264
4 3.6 0.00534844
4 4 0.0130897
4 4.4 0.0163642
4 4.8 0.0147931
4 5.2 0.0101436
4 5.6 0.00496117
4 6 0.000959961
4 6.4 -0.00160961
4 6.8 -0.00324351
4 7.2 -0.00401373
4 7.6 -0.00355216
4 8 -0.000464912
4 8.4 0
4 8.8 0

4.4 0 0
4.4 0.4 -0.00780259
4.4 0.8 -0.0566522
4.4 1.2 -0.0556661
4.4 1.6 -0.0576643
4.4 2 -0.0591882
4.4 2.4 -0.0564599
4.4 2.8 -0.0472373
4.4 3.2 -0.0324074
4.4 3.6 -0.0158878
4.4 4 -0.00258395
4.4 4.4 0.00438397
4.4 4.8 0.0053277
4.4 5.2 0.00337646
4.4 5.6 0.00207406
4.4 6 0.00296258
4.4 6.4 0.00492454
4.4 6.8 0.00570008
4.4 7.2 0.00430272
4.4 7.6 0.00232402
4.4 8 0.000340336
4.4 8.4 0
4.4 8.8 0

4.8 0 0
4.8 0.4 -0.0108975
4.8 0.8 -0.0790219
4.8 1.2 -0.0774651
4.8 1.6 -0.0799345
4.8 2 -0.0815603
4.8 2.4 -0.077434
4.8 2.8 -0.0649616
4.8 3.2 -0.0455958
4.8 3.6 -0.0244152
4.8 4 -0.00740708
4.8 4.4 0.00194056
4.8 4.8 0.00445799
4.8 5.2 0.00422978
4.8 5.6 0.0053883
4.8 6 0.00907123
4.8 6.4 0.0127738
4.8 6.8 0.0125991
4.8 7.2 0.00685583
4.8 7.6 -0.00115756
4.8 8 -0.00611263
4.8 8.4 0
4.8 8.8 0

5.2 0 0
5.2 0.4 -0.0106429
5.2 0.8 -0.0771033
5.2 1.2 -0.0755381
5.2 1.6 -0.077879
5.2 2 -0.0791923
5.2 2.4 -0.0744506
5.2 2.8 -0.060962
5.2 3.2 -0.0402573
5.2 3.6 -0.0177363
5.2 4 0.000200605
5.2 4.4 0.00985299
5.2 4.8 0.0122179
5.2 5.2 0.0117988
5.2 5.6 0.0129992
5.2 6 0.0166886
5.2 6.4 0.0194582
5.2 6.8 0.0161574
5.2 7.2 0.00376142
5.2 7.6 -0.0168086
5.2 8 -0.0446955
5.2 8.4 -0.00551308
5.2 8.8 0

5.6 0 0
5.6 0.4 -0.00814364
5.6 0.8 -0.0589342
5.6 1.2 -0.0575669
5.6 1.6 -0.0592769
5.6 2 -0.0602926
5.6 2.4 -0.0562545
5.6 2.8 -0.0443607
5.6 3.2 -0.0255185
5.6 3.6 -0.00454554
5.6 4 0.0123263
5.6 4.4 0.0211343
5.6 4.8 0.0224853
5.6 5.2 0.0206674
5.6 5.6 0.0201605
5.6 6 0.0220443
5.6 6.4 0.0230334
5.6 6.8 0.017921
5.6 7.2 0.00375385
5.6 7.6 -0.0172135
5.6 8 -0.0371939
5.6 8.4 -0.00466717
5.6 8.8 0

6 0 0
6 0.4 -0.00547494
6 0.8 -0.039584
6 1.2 -0.0382107
6 1.6 -0.0392104
6 2 -0.0406244
6 2.4 -0.0389933
6 2.8 -0.0310202
6 3.2 -0.0162126
6 3.6 0.00195106
6 4 0.0177048
6 4.4 0.026513
6 4.8 0.0278415
6 5.2 0.0250676
6 5.6 0.0225709
6 6 0.0222157
6 6.4 0.0219171
6 6.8 0.0174482
6 7.2 0.00619773
6 7.6 -0.00981393
6 8 -0.0237696
6 8.4 -0.003094
6 8.8 0

6.4 0 0
6.4 0.4 -0.0039932
6.4 0.8 -0.0288812
6.4 1.2 -0.0274741
6.4 1.6 -0.0285602
6.4 2 -0.0318994
6.4 2.4 -0.0345555
6.4 2.8 -0.0321426
6.4 3.2 -0.0221503
6.4 3.6 -0.00632956
6.4 4 0.010002
6.4 4.4 0.0212467
6.4 4.8 0.0249764
6.4 5.2 0.0229781
6.4 5.6 0.0193226
6.4 6 0.0170441
6.4 6.4 0.0160658
6.4 6.8 0.0138393
6.4 7.2 0.00810243
6.4 7.6 -0.000525473
6.4 8 -0.00821183
6.4 8.4 -0.00119811
6.4 8.8 0

6.8 0 0
6.8 0.4 -0.00342811
6.8 0.8 -0.0248235
6.8 1.2 -0.0241116
6.8 1.6 -0.0269569
6.8 2 -0.0341701
6.8 2.4 -0.0426787
6.8 2.8 -0.0465774
6.8 3.2 -0.0411821
6.8 3.6 -0.0265508
6.8 4 -0.00775422
6.8 4.4 0.00821187
6.8 4.8 0.0165658
6.8 5.2 0.0170746
6.8 5.6 0.0132387
6.8 6 0.00931665
6.8 6.4 0.0075382
6.8 6.8 0.00739522
6.8 7.2 0.00710123
6.8 7.6 0.00568421
6.8 8 0.00386942
6.8 8.4 0.000349981
6.8 8.8 0

7.2 0 0
7.2 0.4 -0.00243514
7.2 0.8 -0.0176099
7.2 1.2 -0.0188705
7.2 1.6 -0.0251075
7.2 2 -0.0373983
7.2 2.4 -0.0521451
7.2 2.8 -0.0621021
7.2 3.2 -0.060854
7.2 3.6 -0.0471132
7.2 4 -0.0257439
7.2 4.4 -0.00495971
7.2 4.8 0.00831339
7.2 5.2 0.0118271
7.2 5.6 0.00828351
7.2 6 0.00278254
7.2 6.4 -0.000452485
7.2 6.8 6.70609e-06
7.2 7.2 0.00305048
7.2 7.6 0.00659581
7.2 8 0.00902343
7.2 8.4 0.00109449
7.2 8.8 0

7.6 0 0
7.6 0.4 -7.63356e-05
7.6 0.8 -0.000417886
7.6 1.2 -0.00439608
7.6 1.6 -0.0141556
7.6 2 -0.0306406
7.6 2.4 -0.0500777
7.6 2.8 -0.0647872
7.6 3.2 -0.0675422
7.6 3.6 -0.0560953
7.6 4 -0.0347547
7.6 4.4 -0.0120384
7.6 4.8 0.00395439
7.6 5.2 0.0095051
7.6 5.6 0.00634715
7.6 6 -0.000328699
7.6 6.4 -0.0052497
7.6 6.8 -0.00566083
7.6 7.2 -0.0019451
7.6 7.6 0.00347005
7.6 8 0.00779061
7.6 8.4 0.0010419
7.6 8.8 0

8 0 0
8 0.4 0.00310555
8 0.8 0.0227836
8 1.2 0.0167991
8 1.6 0.00550044
8 2 -0.0121186
8 2.4 -0.0329588
8 2.8 -0.0501604
8 3.2 -0.056734
8 3.6 -0.049795
8 4 -0.0324646
8 4.4 -0.0122466
8 4.8 0.00302403
8 5.2 0.00904391
8 5.6 0.0065461
8 6 -8.68987e-05
8 6.4 -0.00578857
8 6.8 -0.00744837
8 7.2 -0.00489485
8 7.6 -0.000205597
8 8 0.00383875
8 8.4 0.000593574
8 8.8 0

8.4 0 0
8.4 0.4 0.00548968
8.4 0.8 0.0401749
8.4 1.2 0.0342333
8.4 1.6 0.0245862
8.4 2 0.00967469
8.4 2.4 -0.00888708
8.4 2.8 -0.0260261
8.4 3.2 -0.035777
8.4 3.6 -0.0348307
8.4 4 -0.0245965
8.4 4.4 -0.0104227
8.4 4.8 0.00141107
8.4 5.2 0.00691825
8.4 5.6 0.00593546
8.4 6 0.00134016
8.4 6.4 -0.00314127
8.4 6.8 -0.00501861
8.4 7.2 -0.0039135
8.4 7.6 -0.00113811
8.4 8 0.00140841
8.4 8.4 0.000262732
8.4 8.8 0

8.8 0 0
8.8 0.4 0.00588168
8.8 0.8 0.0430429
8.8 1.2 0.0392219
8.8 1.6 0.033638
8.8 2 0.0238329
8.8 2.4 0.00971565
8.8 2.8 -0.00562595
8.8 3.2 -0.0174816
8.8 3.6 -0.0222881
8.8 4 -0.0196854
8.8 4.4 -0.012485
8.8 4.8 -0.00480599
8.8 5.2 0.000256969
8.8 5.6 0.00188676
8.8 6 0.00123854
8.8 6.4 0.000117339
8.8 6.8 -0.000234804
8.8 7.2 0.000405631
8.8 7.6 0.00155077
8.8 8 0.00254128
8.8 8.4 0.000334419
8.8 8.8 0

9.2 0 0
9.2 0.4 0.0047011
9.2 0.8 0.0344303
9.2 1.2 0.0331699
9.2 1.6 0.0314805
9.2 2 0.0262519
9.2 2.4 0.0162122
9.2 2.8 0.00300943
9.2 3.2 -0.00967498
9.2 3.6 -0.0182806
9.2 4 -0.0212382
9.2 4.4 -0.019378
9.2 4.8 -0.0148894
9.2 5.2 -0.00983723
9.2 5.6 -0.00530273
9.2 6 -0.00150289
9.2 6.4 0.00159978
9.2 6.8 0.0038942
9.2 7.2 0.00522214
9.2 7.6 0.00569374
9.2 8 0.00576049
9.2 8.4 0.000674003
9.2 8.8 0

9.6 0 0
9.6 0.4 0.00372365
9.6 0.8 0.0272644
9.6 1.2 0.0266217
9.6 1.6 0.0256691
9.6 2 0.0214924
9.6 2.4 0.0127599
9.6 2.8 0.000720275
9.6 3.2 -0.0115329
9.6 3.6 -0.0208532
9.6 4 -0.025587
9.6 4.4 -0.0258836
9.6 4.8 -0.0229355
9.6 5.2 -0.0179686
9.6 5.6 -0.0118468
9.6 6 -0.00529989
9.6 6.4 0.000718198
9.6 6.8 0.00516454
9.6 7.2 0.00745806
9.6 7.6 0.00795015
9.6 8 0.00773857
9.6 8.4 0.000900766
9.6 8.8 0

10 0 0
10 0.4 0.00455345
10 0.8 0.0332397
10 1.2 0.0298179
10 1.6 0.0249323
10 2 0.0169299
10 2.4 0.00574123
10 2.8 -0.0066287
10 3.2 -0.0172064
10 3.6 -0.0237966
10 4 -0.0260136
10 4.4 -0.0249581
10 4.8 -0.0220324
10 5.2 -0.0179914
10 5.6 -0.0129395
10 6 -0.00705157
10 6.4 -0.00115711
10 6.8 0.0034658
10 7.2 0.00594066
10 7.6 0.00648863
10 8 0.00628074
10 8.4 0.000742435
10 8.8 0

10.4 0 0
10.4 0.4 0.00713286
10.4 0.8 0.0519662
10.4 1.2 0.0430483
10.4 1.6 0.030668
10.4 2 0.0152159
10.4 2.4 -0.00110241
10.4 2.8 -0.0146232
10.4 3.2 -0.0221655
10.4 3.6 -0.0229532
10.4 4 -0.0190192
10.4 4.4 -0.0137627
10.4 4.8 -0.0098182
10.4 5.2 -0.00775949
10.4 5.6 -0.00648224
10.4 6 -0.00466286
10.4 6.4 -0.00203341
10.4 6.8 0.000551657
10.4 7.2 0.0020676
10.4 7.6 0.00233161
10.4 8 0.00211076
10.4 8.4 0.000264662
10.4 8.8 0

10.8 0 0
10.8 0.4 0.00960995
10.8 0.8 0.069988
10.8 1.2 0.0554582
10.8 1.6 0.0353185
10.8 2 0.0121319
10.8 2.4 -0.00929684
10.8 2.8 -0.0233196
10.8 3.2 -0.0264305
10.8 3.6 -0.019493
10.8 4 -0.00743772
10.8 4.4 0.0034733
10.8 4.8 0.00898201
10.8 5.2 0.0086062
10.8 5.6 0.00490606
10.8 6 0.00112898
10.8 6.4 -0.000918851
10.8 6.8 -0.00139456
10.8 7.2 -0.00140332
10.8 7.6 -0.00164984
10.8 8 -0.00195889
10.8 8.4 -0.000210826
10.8 8.8 0

11.2 0 0
11.2 0.4 0.00974468
11.2 0.8 0.0710049
11.2 1.2 0.0537733
11.2 1.6 0.0293708
11.2 2 0.0019276
11.2 2.4 -0.021714
11.2 2.8 -0.0343239
11.2 3.2 -0.0321903
11.2 3.6 -0.0176096
11.2 4 0.00203478
11.2 4.4 0.0181269
11.2 4.8 0.0251758
11.2 5.2 0.0229389
11.2 5.6 0.0153195
11.2 6 0.00719441
11.2 6.4 0.00157181
11.2 6.8 -0.00124533
11.2 7.2 -0.00249707
11.2 7.6 -0.00328315
11.2 8 -0.00379925
11.2 8.4 -0.000434178
11.2 8.8 0

11.6 0 0
11.6 0.4 0.00667754
11.6 0.8 0.0487427
11.6 1.2 0.0334441
11.6 1.6 0.0106227
11.6 2 -0.0152317
11.6 2.4 -0.03663
11.6 2.8 -0.0457924
11.6 3.2 -0.0390398
11.6 3.6 -0.0194178
11.6 4 0.00455165
11.6 4.4 0.0233365
11.6 4.8 0.0312062
11.6 5.2 0.0284032
11.6 5.6 0.0196488
11.6 6 0.0104746
11.6 6.4 0.00408325
11.6 6.8 0.000605233
11.6 7.2 -0.00141731
11.6 7.6 -0.00306115
11.6 8 -0.00425111
11.6 8.4 -0.000509261
11.6 8.8 0

12 0 0
12 0.4 0.00154069
12 0.8 0.0114146
12 1.2 0.00197147
12 1.6 -0.0140016
12 2 -0.0329932
12 2.4 -0.0484325
12 2.8 -0.0531558
12 3.2 -0.0437245
12 3.6 -0.0230723
12 4 0.00073355
12 4.4 0.0188927
12 4.8 0.0265132
12 5.2 0.0244496
12 5.6 0.0175015
12 6 0.0106259
12 6.4 0.00605917
12 6.8 0.00308848
12 7.2 6.21426e-05
12 7.6 -0.00347773
12 8 -0.00634223
12 8.4 -0.000805215
12 8.8 0

12.4 0 0
12.4 0.4 -0.00343916
12.4 0.8 -0.0247907
12.4 1.2 -0.0271227
12.4 1.6 -0.0341239
12.4 2 -0.0440234
12.4 2.4 -0.0521568
12.4 2.8 -0.0527413
12.4 3.2 -0.0427145
12.4 3.6 -0.0242809
12.4 4 -0.00396839
12.4 4.4 0.0112316
12.4 4.8 0.0178492
12.4 5.2 0.0172629
12.4 5.6 0.013679
12.4 6 0.0105944
12.4 6.4 0.0085371
12.4 6.8 0.00564457
12.4 7.2 0.000252936
12.4 7.6 -0.00690307
12.4 8 -0.0128168
12.4 8.4 -0.00165699
12.4 8.8 0

12.8 0 0
12.8 0.4 -0.00652951
12.8 0.8 -0.0472663
12.8 1.2 -0.0441323
12.8 1.6 -0.0437877
12.8 2 -0.0460112
12.8 2.4 -0.0479944
12.8 2.8 -0.0454283
12.8 3.2 -0.0356848
12.8 3.6 -0.0201815
12.8 4 -0.00377603
12.8 4.4 0.00838001
12.8 4.8 0.0140999
12.8 5.2 0.0149847
12.8 5.6 0.0143605
12.8 6 0.0141066
12.8 6.4 0.0131007
12.8 6.8 0.00852655
12.8 7.2 -0.00102295
12.8 7.6 -0.0133559
12.8 8 -0.0233937
12.8 8.4 -0.00302256
12.8 8.8 0

13.2 0 0
13.2 0.4 -0.00754058
13.2 0.8 -0.0546225
13.2 1.2 -0.0489308
13.2 1.6 -0.044798
13.2 2 -0.0427424
13.2 2.4 -0.0410239
13.2 2.8 -0.0363254
13.2 3.2 -0.0264025
13.2 3.6 -0.0122325
13.2 4 0.00233349
13.2 4.4 0.0131994
13.2 4.8 0.0187722
13.2 5.2 0.020563
13.2 5.6 0.0211917
13.2 6 0.0215373
13.2 6.4 0.0195683
13.2 6.8 0.0120472
13.2 7.2 -0.00209712
13.2 7.6 -0.0195102
13.2 8 -0.0334375
13.2 8.4 -0.00431117
13.2 8.8 0

13.6 0 0
13.6 0.4 -0.00773655
13.6 0.8 -0.0560528
13.6 1.2 -0.0499579
13.6 1.6 -0.0450641
13.6 2 -0.0417721
13.6 2.4 -0.0384849
13.6 2.8 -0.0322117
13.6 3.2 -0.0209346
13.6 3.6 -0.00562829
13.6 4 0.009975
13.6 4.4 0.0217832
13.6 4.8 0.0280111
13.6 5.2 0.0298912
13.6 5.6 0.0298976
13.6 6 0.0289734
13.6 6.4 0.0252639
13.6 6.8 0.0156376
13.6 7.2 -0.000941666
13.6 7.6 -0.0209131
13.6 8 -0.0368297
13.6 8.4 -0.00474402
13.6 8.8 0

14 0 0
14 0.4 -0.00869515
14 0.8 -0.0630392
14 1.2 -0.0569219
14 1.6 -0.0522916
14 2 -0.0489811
14 2.4 -0.0449996
14 2.8 -0.0372205
14 3.2 -0.0236766
14 3.6 -0.00555549
14 4 0.0129461
14 4.4 0.0270225
14 4.8 0.034167
14 5.2 0.0353428
14 5.6 0.0335221
14 6 0.0307979
14 6.4 0.026476
14 6.8 0.017845
14 7.2 0.00320636
14 7.6 -0.0151364
14 8 -0.0303901
14 8.4 -0.00391717
14 8.8 0

14.4 0 0
14.4 0.4 -0.0109022
14.4 0.8 -0.0791227
14.4 1.2 -0.0720036
14.4 1.6 -0.0667591
14.4 2 -0.062818
14.4 2.4 -0.0579065
14.4 2.8 -0.0487463
14.4 3.2 -0.0332753
14.4 3.6 -0.0127344
14.4 4 0.00828529
14.4 4.4 0.0241925
14.4 4.8 0.0316702
14.4 5.2 0.0314849
14.4 5.6 0.0275102
14.4 6 0.0236415
14.4 6.4 0.0209515
14.4 6.8 0.0172338
14.4 7.2 0.00933862
14.4 7.6 -0.00340374
14.4 8 -0.0167666
14.4 8.4 -0.00217168
14.4 8.8 0

14.8 0 0
14.8 0.4 -0.013153
14.8 0.8 -0.0955392
14.8 1.2 -0.0863225
14.8 1.6 -0.0788337
14.8 2 -0.0728334
14.8 2.4 -0.0665254
14.8 2.8 -0.0569058
14.8 3.2 -0.0417127
14.8 3.6 -0.0216615
14.8 4 -0.000991728
14.8 4.4 0.0145204
14.8 4.8 0.0209967
14.8 5.2 0.0189638
14.8 5.6 0.0130501
14.8 6 0.00892661
14.8 6.4 0.00956105
14.8 6.8 0.0133721
14.8 7.2 0.0155003
14.8 7.6 0.0109272
14.8 8 -0.00425164
14.8 8.4 -0.000570301
14.8 8.8 0

15.2 0 0
15.2 0.4 -0.0133279
15.2 0.8 -0.0968638
15.2 1.2 -0.0852867
15.2 1.6 -0.0742528
15.2 2 -0.0650199
15.2 2.4 -0.0574351
15.2 2.8 -0.0494192
15.2 3.2 -0.0383509
15.2 3.6 -0.023545
15.2 4 -0.00769003
15.2 4.4 0.00423646
15.2 4.8 0.00817125
15.2 5.2 0.00407026
15.2 5.6 -0.00345317
15.2 6 -0.00769491
15.2 6.4 -0.00407139
15.2 6.8 0.00686936
15.2 7.2 0.0197702
15.2 7.6 0.0282729
15.2 8 0.0032279
15.2 8.4 0
15.2 8.8 0

15.6 0 0
15.6 0.4 -0.0100888
15.6 0.8 -0.0733546
15.6 1.2 -0.0600226
15.6 1.6 -0.0448834
15.6 2 -0.0320493
15.6 2.4 -0.0240964
15.6 2.8 -0.0203402
15.6 3.2 -0.0175379
15.6 3.6 -0.012704
15.6 4 -0.00580707
15.6 4.4 -8.24509e-05
15.6 4.8 0.000482565
15.6 5.2 -0.0053152
15.6 5.6 -0.0140741
15.6 6 -0.0192977
15.6 6.4 -0.0154201
15.6 6.8 -0.00165705
15.6 7.2 0.0169644
15.6 7.6 0.0319746
15.6 8 0.0043261
15.6 8.4 0
15.6 8.8 0

16 0 0
16 0.4 -0.00417812
16 0.8 -0.0304128
16 1.2 -0.0163446
16 1.6 0.00247274
16 2 0.0183418
16 2.4 0.0254966
16 2.8 0.0231142
16 3.2 0.0152893
16 3.6 0.00782197
16 4 0.00412444
16 4.4 0.00322886
16 4.8 0.00127355
16 5.2 -0.00473394
16 5.6 -0.0138199
16 6 -0.0210127
16 6.4 -0.0205224
16 6.8 -0.00981514
16 7.2 0.0082525
16 7.6 0.0259713
16 8 0.00353173
16 8.4 0
16 8.8 0

16.4 0 0
16.4 0.4 0.0018745
16.4 0.8 0.0135583
16.4 1.2 0.0276298
16.4 1.6 0.0490012
16.4 2 0.0667467
16.4 2.4 0.0723276
16.4 2.8 0.0637025
16.4 3.2 0.045864
16.4 3.6 0.0273123
16.4 4 0.0147292
16.4 4.4 0.00937372
16.4 4.8 0.00742944
16.4 5.2 0.00375599
16.4 5.6 -0.00384608
16.4 6 -0.0129307
16.4 6.4 -0.0182814
16.4 6.8 -0.0156106
16.4 7.2 -0.00368849
16.4 7.6 0.0185179
16.4 8 0.00253887
16.4 8.4 0
16.4 8.8 0

16.8 0 0
16.8 0.4 0.00539205
16.8 0.8 0.0390893
16.8 1.2 0.0530919
16.8 1.6 0.075742
16.8 2 0.0941208
16.8 2.4 0.0980237
16.8 2.8 0.0847568
16.8 3.2 0.060056
16.8 3.6 0.0344204
16.8 4 0.0169893
16.8 4.4 0.0107471
16.8 4.8 0.0118549
16.8 5.2 0.013203
16.8 5.6 0.00946186
16.8 6 0.00020874
16.8 6.4 -0.0107356
16.8 6.8 -0.0187467
16.8 7.2 -0.0219508
16.8 7.6 -0.000380927
16.8 8 0
16.8 8.4 0
16.8 8.8 0

17.2 0 0
17.2 0.4 0.00518764
17.2 0.8 0.037566
17.2 1.2 0.0517452
17.2 1.6 0.0744023
17.2 2 0.0922635
17.2 2.4 0.094862
17.2 2.8 0.0794902
17.2 3.2 0.0522895
17.2 3.6 0.0246794
17.2 4 0.00703213
17.2 4.4 0.00329929
17.2 4.8 0.00965889
17.2 5.2 0.0177109
17.2 5.6 0.019856
17.2 6 0.0133007
17.2 6.4 0.000374236
17.2 6.8 -0.0143763
17.2 7.2 -0.0269904
17.2 7.6 -0.00357645
17.2 8 0
17.2 8.4 0
17.2 8.8 0

17.6 0 0
17.6 0.4 0.00203065
17.6 0.8 0.0146145
17.6 1.2 0.0288062
17.6 1.6 0.0499565
17.6 2 0.0660558
17.6 2.4 0.0677182
17.6 2.8 0.0527539
17.6 3.2 0.0272461
17.6 3.6 0.00232924
17.6 4 -0.0117377
17.6 4.4 -0.0108518
17.6 4.8 0.00128502
17.6 5.2 0.0159581
17.6 5.6 0.0246539
17.6 6 0.0233437
17.6 6.4 0.0132341
17.6 6.8 -0.00241607
17.6 7.2 -0.0251473
17.6 7.6 -0.00330505
17.6 8 0
17.6 8.4 0
17.6 8.8 0

18 0 0
18 0.4 -0.00217898
18 0.8 -0.0159221
18 1.2 -0.00255756
18 1.6 0.0154028
18 2 0.0284301
18 2.4 0.0291988
18 2.8 0.0163648
18 3.2 -0.00450185
18 3.6 -0.0235886
18 4 -0.0318953
18 4.4 -0.0258819
18 4.8 -0.00903188
18 5.2 0.0105311
18 5.6 0.02476
18 6 0.0297738
18 6.4 0.0270542
18 6.8 0.0220458
18 7.2 -0.000257208
18 7.6 0
18 8 0
18 8.4 0
18 8.8 0

18.4 0 0
18.4 0.4 -0.00577561
18.4 0.8 -0.0419345
18.4 1.2 -0.0303796
18.4 1.6 -0.016787
18.4 2 -0.00770336
18.4 2.4 -0.00800265
18.4 2.8 -0.0180859
18.4 3.2 -0.0331588
18.4 3.6 -0.0452823
18.4 4 -0.047355
18.4 4.4 -0.0368433
18.4 4.8 -0.0170241
18.4 5.2 0.00505996
18.4 5.6 0.0226139
18.4 6 0.0325305
18.4 6.4 0.0361392
18.4 6.8 0.0361346
18.4 7.2 0.00496173
18.4 7.6 0
18.4 8 0
18.4 8.4 0
18.4 8.8 0

18.8 0 0
18.8 0.4 -0.00821821
18.8 0.8 -0.0595307
18.8 1.2 -0.0499676
18.8 1.6 -0.0405076
18.8 2 -0.0350911
18.8 2.4 -0.0364462
18.8 2.8 -0.0441442
18.8 3.2 -0.0540845
18.8 3.6 -0.0600408
18.8 4 -0.0567255
18.8 4.4 -0.042675
18.8 4.8 -0.0211078
18.8 5.2 0.00190996
18.8 5.6 0.0208552
18.8 6 0.0335819
18.8 6.4 0.042539
18.8 6.8 0.0107805
18.8 7.2 0
18.8 7.6 0
18.8 8 0
18.8 8.4 0
18.8 8.8 0

19.2 0 0
19.2 0.4 -0.00995323
19.2 0.8 -0.0720233
19.2 1.2 -0.0632288
19.2 1.6 -0.0557787
19.2 2 -0.0522315
19.2 2.4 -0.0541322
19.2 2.8 -0.0605033
19.2 3.2 -0.0674674
19.2 3.6 -0.0696005
19.2 4 -0.0625922
19.2 4.4 -0.0457065
19.2 4.8 -0.0223721
19.2 5.2 0.00163965
19.2 5.6 0.0212246
19.2 6 0.0338343
19.2 6.4 0.0104739
19.2 6.8 0
19.2 7.2 0
19.2 7.6 0
19.2 8 0
19.2 8.4 0
19.2 8.8 0

19.6 0 0
19.6 0.4 0
19.6 0.8 -0.00951863
19.6 1.2 -0.00833027
19.6 1.6 -0.00729746
19.6 2 -0.00676481
19.6 2.4 -0.00693801
19.6 2.8 -0.00768797
19.6 3.2 -0.00851009
19.6 3.6 -0.00870926
19.6 4 -0.00774585
19.6 4.4 -0.00554477
19.6 4.8 -0.00255694
19.6 5.2 0.000484922
19.6 5.6 0.00295111
19.6 6 0.00454409
19.6 6.4 0
19.6 6.8 0
19.6 7.2 0
19.6 7.6 0
19.6 8 0
19.6 8.4 0
19.6 8.8 0

20 0 0
20 0.4 0
20 0.8 0
20 1.2 0
20 1.6 0
20 2 0
20 2.4 0
20 2.8 0
20 3.2 0
20 3.6 0
20 4 0
20 4.4 0
20 4.8 0
20 5.2 0
20 5.6 0
20 6 0
20 6.4 0
20 6.8 0
20 7.2 0
20 7.6 0
20 8 0
20 8.4 0
20 8.8 0

