0 0 0
0 0.4 0
0 0.8 0
0 1.2 0
0 1.6 0
0 2 0
0 2.4 0
0 2.8 0
0 3.2 0
0 3.6 0
0 4 0
0 4.4 0
0 4.8 0
0 5.2 0
0 5.6 0
0 6 0
0 6.4 0
0 6.8 0
0 7.2 0
0 7.6 0
0 8 0
0 8.4 0
0 8.8 0

0.4 0 0
0.4 0.4 0
0.4 0.8 -0.0107814
0.4 1.2 -0.00875003
0.4 1.6 -0.00668651
0.4 2 -0.00544412
0.4 2.4 -0.00513141
0.4 2.8 -0.00493639
0.4 3.2 -0.00370263
0.4 3.6 -0.000871129
0.4 4 0.00299493
0.4 4.4 0.00647949
0.4 4.8 0.00822565
0.4 5.2 0.00783109
0.4 5.6 0.00610706
0.4 6 0.00461646
0.4 6.4 0
0.4 6.8 0
0.4 7.2 0
0.4 7.6 0
0.4 8 0
0.4 8.4 0
0.4 8.8 0

0.8 0 0
0.8 0.4 -0.0119069
0.8 0.8 -0.0866495
0.8 1.2 -0.0704757
0.8 1.6 -0.05419
0.8 2 -0.0446179
0.8 2.4 -0.0425568
0.8 2.8 -0.0413272
0.8 3.2 -0.0315748
0.8 3.6 -0.00872037
0.8 4 0.0226453
0.8 4.4 0.0510236
0.8 4.8 0.0653934
0.8 5.2 0.0624745
0.8 5.6 0.0487894
0.8 6 0.036944
0.8 6.4 0.00571734
0.8 6.8 0
0.8 7.2 0
0.8 7.6 0
0.8 8 0
0.8 8.4 0
0.8 8.8 0

1.2 0 0
1.2 0.4 -0.00710427
1.2 0.8 -0.051753
1.2 1.2 -0.0388619
1.2 1.6 -0.0252903
1.2 2 -0.0180717
1.2 2.4 -0.0185617
1.2 2.8 -0.0208753
1.2 3.2 -0.0163129
1.2 3.6 -0.000158002
1.2 4 0.0239727
1.2 4.4 0.0460431
1.2 4.8 0.0562614
1.2 5.2 0.0515438
1.2 5.6 0.0369579
1.2 6 0.0209258
1.2 6.4 0.00573569
1.2 6.8 5.46772e-05
1.2 7.2 0
1.2 7.6 0
1.2 8 0
1.2 8.4 0
1.2 8.8 0

1.6 0 0
1.6 0.4 -0.000360487
1.6 0.8 -0.00273201
1.6 1.2 0.00592793
1.6 1.6 0.0161083
1.6 2 0.0201518
1.6 2.4 0.0158629
1.6 2.8 0.00816065
1.6 3.2 0.00527467
1.6 3.6 0.0123239
1.6 4 0.0269079
1.6 4.4 0.0407477
1.6 4.8 0.0454266
1.6 5.2 0.0382982
1.6 5.6 0.023819
1.6 6 0.00941541
1.6 6.4 -0.000493703
1.6 6.8 -0.00483669
1.6 7.2 -0.000693573
1.6 7.6 0
1.6 8 0
1.6 8.4 0
1.6 8.8 0

2 0 0
2 0.4 0.00604527
2 0.8 0.0438712
2 1.2 0.0481439
2 1.6 0.0544743
2 2 0.0548145
2 2.4 0.0462715
2 2.8 0.0330754
2 3.2 0.023082
2 3.6 0.0217111
2 4 0.0276834
2 4.4 0.0341721
2 4.8 0.0339875
2 5.2 0.0249146
2 5.6 0.0110637
2 6 -0.00080842
2 6.4 -0.00656748
2 6.8 -0.00728665
2 7.2 -0.00169936
2 7.6 0
2 8 0
2 8.4 0
2 8.8 0

2.4 0 0
2.4 0.4 0.0103053
2.4 0.8 0.0749501
2.4 1.2 0.0753851
2.4 1.6 0.0776836
2.4 2 0.0741151
2.4 2.4 0.0618245
2.4 2.8 0.0446339
2.4 3.2 0.030064
2.4 3.6 0.0235771
2.4 4 0.0243929
2.4 4.4 0.0266261
2.4 4.8 0.0237427
2.4 5.2 0.013727
2.4 5.6 0.000488484
2.4 6 -0.0095702
2.4 6.4 -0.0124858
2.4 6.8 -0.00949324
2.4 7.2 -0.00538046
2.4 7.6 -0.000690591
2.4 8 0
2.4 8.4 0
2.4 8.8 0

2.8 0 0
2.8 0.4 0.011701
2.8 0.8 0.0852072
2.8 1.2 0.0827817
2.8 1.6 0.0813458
2.8 2 0.0744319
2.8 2.4 0.0597734
2.8 2.8 0.0412378
2.8 3.2 0.0257777
2.8 3.6 0.0183603
2.8 4 0.0183127
2.8 4.4 0.0199015
2.8 4.8 0.0168697
2.8 5.2 0.00716664
2.8 5.6 -0.005678
2.8 6 -0.0152609
2.8 6.4 -0.0174759
2.8 6.8 -0.0134343
2.8 7.2 -0.00863272
2.8 7.6 -0.0011226
2.8 8 0
2.8 8.4 0
2.8 8.8 0

3.2 0 0
3.2 0.4 0.0105445
3.2 0.8 0.076836
3.2 1.2 0.073005
3.2 1.6 0.0691982
3.2 2 0.0606099
3.2 2.4 0.0460632
3.2 2.8 0.0291709
3.2 3.2 0.0161111
3.2 3.6 0.0110533
3.2 4 0.0129251
3.2 4.4 0.016262
3.2 4.8 0.0147507
3.2 5.2 0.00619842
3.2 5.6 -0.00622202
3.2 6 -0.0162513
3.2 6.4 -0.0191201
3.2 6.8 -0.0152572
3.2 7.2 -0.00985017
3.2 7.6 -0.000569677
3.2 8 0
3.2 8.4 0
3.2 8.8 0

3.6 0 0
3.6 0.4 0.00769828
3.6 0.8 0.0560708
3.6 1.2 0.0528767
3.6 1.6 0.0493541
3.6 2 0.0423038
3.6 2.4 0.0309986
3.6 2.8 0.0184579
3.6 3.2 0.00955854
3.6 3.6 0.00761369
3.6 4 0.0116387
3.6 4.4 0.0164923
3.6 4.8 0.0165088
3.6 5.2 0.00919521
3.6 5.6 -0.00266195
3.6 6 -0.0130156
3.6 6.4 -0.0166605
3.6 6.8 -0.0126337
3.6 7.2 -0.00424231
3.6 7.6 0.00518617
3.6 8 0.000717074
3.6 8.4 0
3.6 8.8 0

4 0 0
4 0.4 0.00403047
4 0.8 0.0292516
4 1.2 0.0291219
4 1.6 0.0295164
4 2 0.0277905
4 2.4 0.0227471
4 2.8 0.0159999
4 3.2 0.0109842
4 3.6 0.0104764
4 4 0.0141069
4 4.4 0.0182316
4 4.8 0.0181314
4 5.2 0.0116014
4 5.6 0.000744752
4 6 -0.00908617
4 6.4 -0.0126708
4 6.8 -0.00841832
4 7.2 0.00071365
4 7.6 0.00903902
4 8 0.00122215
4 8.4 0
4 8.8 0

4.4 0 0
4.4 0.4 0.000209233
4.4 0.8 0.00129832
4.4 1.2 0.00621963
4.4 1.6 0.0135734
4.4 2 0.0199867
4.4 2.4 0.0228107
4.4 2.8 0.0217809
4.4 3.2 0.0189323
4.4 3.6 0.0168993
4.4 4 0.0168256
4.4 4.4 0.0171934
4.4 4.8 0.0151116
4.4 5.2 0.00881397
4.4 5.6 -0.000414326
4.4 6 -0.00834502
4.4 6.4 -0.0105168
4.4 6.8 -0.00511717
4.4 7.2 0.00521993
4.4 7.6 0.0144077
4.4 8 0.00193566
4.4 8.4 0
4.4 8.8 0

4.8 0 0
4.8 0.4 -0.0032094
4.8 0.8 -0.0236611
4.8 1.2 -0.0132041
4.8 1.6 0.00187491
4.8 2 0.0167711
4.8 2.4 0.0270747
4.8 2.8 0.0305485
4.8 3.2 0.0280649
4.8 3.6 0.022421
4.8 4 0.0165904
4.8 4.4 0.011502
4.8 4.8 0.00642621
4.8 5.2 0.000187072
4.8 5.6 -0.00678718
4.8 6 -0.0118759
4.8 6.4 -0.0117277
4.8 6.8 -0.0046684
4.8 7.2 0.00730035
4.8 7.6 0.0186044
4.8 8 0.00736364
4.8 8.4 0
4.8 8.8 0

5.2 0 0
5.2 0.4 -0.00563141
5.2 0.8 -0.0412651
5.2 1.2 -0.0269291
5.2 1.6 -0.00647148
5.2 2 0.0143595
5.2 2.4 0.029935
5.2 2.8 0.0365738
5.2 3.2 0.0341012
5.2 3.6 0.025363
5.2 4 0.0144975
5.2 4.4 0.00467309
5.2 4.8 -0.00306465
5.2 5.2 -0.00917241
5.2 5.6 -0.0140102
5.2 6 -0.0166369
5.2 6.4 -0.0150447
5.2 6.8 -0.00772834
5.2 7.2 0.0047233
5.2 7.6 0.0197146
5.2 8 0.0355042
5.2 8.4 0.00468856
5.2 8.8 0

5.6 0 0
5.6 0.4 -0.00649218
5.6 0.8 -0.0474542
5.6 1.2 -0.0326733
5.6 1.6 -0.0115894
5.6 2 0.010613
5.6 2.4 0.0283894
5.6 2.8 0.0374352
5.6 3.2 0.0365949
5.6 3.6 0.0277277
5.6 4 0.0152997
5.6 4.4 0.00325985
5.6 4.8 -0.0058283
5.6 5.2 -0.0118472
5.6 5.6 -0.0156277
5.6 6 -0.0175483
5.6 6.4 -0.0169785
5.6 6.8 -0.0128281
5.6 7.2 -0.00491048
5.6 7.6 0.00538733
5.6 8 0.0149257
5.6 8.4 0.00207012
5.6 8.8 0

6 0 0
6 0.4 -0.00565356
6 0.8 -0.0412839
6 1.2 -0.0298903
6 1.6 -0.0132696
6 2 0.00554137
6 2.4 0.0227574
6 2.8 0.0342425
6 3.2 0.0375311
6 3.6 0.032787
6 4 0.0228586
6 4.4 0.011726
6 4.8 0.00240853
6 5.2 -0.00404545
6 5.6 -0.00833897
6 6 -0.0116291
6 6.4 -0.0142418
6 6.8 -0.015726
6 7.2 -0.0153688
6 7.6 -0.0132592
6 8 -0.010954
6 8.4 -0.00124381
6 8.8 0

6.4 0 0
6.4 0.4 -0.003773
6.4 0.8 -0.0275511
6.4 1.2 -0.0219654
6.4 1.6 -0.0131759
6.4 2 -0.000600424
6.4 2.4 0.0144352
6.4 2.8 0.0287069
6.4 3.2 0.0383279
6.4 3.6 0.0406303
6.4 4 0.0362524
6.4 4.4 0.0277034
6.4 4.8 0.0184738
6.4 5.2 0.0106913
6.4 5.6 0.00446628
6.4 6 -0.00102518
6.4 6.4 -0.00693173
6.4 6.8 -0.0132118
6.4 7.2 -0.0193305
6.4 7.6 -0.0241396
6.4 8 -0.0275815
6.4 8.4 -0.00341292
6.4 8.8 0

6.8 0 0
6.8 0.4 -0.00221797
6.8 0.8 -0.0162458
6.8 1.2 -0.0163758
6.8 1.6 -0.0152691
6.8 2 -0.00910733
6.8 2.4 0.00380423
6.8 2.8 0.02096
6.8 3.2 0.037129
6.8 3.6 0.0471081
6.8 4 0.0485016
6.8 4.4 0.0425704
6.8 4.8 0.032855
6.8 5.2 0.0229072
6.8 5.6 0.0145881
6.8 6 0.00759813
6.8 6.4 0.000935196
6.8 6.8 -0.00637637
6.8 7.2 -0.0140837
6.8 7.6 -0.0211983
6.8 8 -0.0265117
6.8 8.4 -0.00334132
6.8 8.8 0

7.2 0 0
7.2 0.4 -0.00238845
7.2 0.8 -0.0174209
7.2 1.2 -0.0205489
7.2 1.6 -0.0241864
7.2 2 -0.0218973
7.2 2.4 -0.0103894
7.2 2.8 0.00887249
7.2 3.2 0.0297782
7.2 3.6 0.0451612
7.2 4 0.050682
7.2 4.4 0.0462829
7.2 4.8 0.0356648
7.2 5.2 0.0238195
7.2 5.6 0.01427
7.2 6 0.00806154
7.2 6.4 0.00398365
7.2 6.8 0.00056294
7.2 7.2 -0.00337362
7.2 7.6 -0.00735562
7.2 8 -0.0105793
7.2 8.4 -0.00137617
7.2 8.8 0

7.6 0 0
7.6 0.4 -0.00470785
7.6 0.8 -0.0342426
7.6 1.2 -0.0367853
7.6 1.6 -0.0407389
7.6 2 -0.0393448
7.6 2.4 -0.028436
7.6 2.8 -0.0089972
7.6 3.2 0.0131793
7.6 3.6 0.0305622
7.6 4 0.0378889
7.6 4.4 0.0344191
7.6 4.8 0.0238559
7.6 5.2 0.0118207
7.6 5.6 0.00308936
7.6 6 -0.000406712
7.6 6.4 0.000445844
7.6 6.8 0.00329257
7.6 7.2 0.00608005
7.6 7.6 0.00782145
7.6 8 0.00871722
7.6 8.4 0.00105069
7.6 8.8 0

8 0 0
8 0.4 -0.00821375
8 0.8 -0.0596308
8 1.2 -0.058699
8 1.6 -0.059582
8 2 -0.0566813
8 2.4 -0.0464501
8 2.8 -0.0291225
8 3.2 -0.00913451
8 3.6 0.00713847
8 4 0.0148986
8 4.4 0.0130604
8 4.8 0.00462715
8 5.2 -0.00504296
8 5.6 -0.0111804
8 6 -0.0114177
8 6.4 -0.00648243
8 6.8 0.00129333
8 7.2 0.00900489
8 7.6 0.0151737
8 8 0.0190561
8 8.4 0.0023638
8 8.8 0

8.4 0 0
8.4 0.4 -0.0110688
8.4 0.8 -0.0803243
8.4 1.2 -0.0751724
8.4 1.6 -0.0716642
8.4 2 -0.066595
8.4 2.4 -0.0575682
8.4 2.8 -0.0441133
8.4 3.2 -0.0285591
8.4 3.6 -0.0149157
8.4 4 -0.00674645
8.4 4.4 -0.00548245
8.4 4.8 -0.00925904
8.4 5.2 -0.0144754
8.4 5.6 -0.0172999
8.4 6 -0.0156917
8.4 6.4 -0.0100125
8.4 6.8 -0.00218329
8.4 7.2 0.00549887
8.4 7.6 0.0115068
8.4 8 0.0152652
8.4 8.4 0.00190414
8.4 8.8 0

8.8 0 0
8.8 0.4 -0.0118294
8.8 0.8 -0.0858734
8.8 1.2 -0.0778188
8.8 1.6 -0.0708818
8.8 2 -0.0645249
8.8 2.4 -0.0573812
8.8 2.8 -0.048431
8.8 3.2 -0.037712
8.8 3.6 -0.02648
8.8 4 -0.0172093
8.8 4.4 -0.0113207
8.8 4.8 -0.00905686
8.8 5.2 -0.00891637
8.8 5.6 -0.00886793
8.8 6 -0.00768105
8.8 6.4 -0.0051478
8.8 6.8 -0.002301
8.8 7.2 6.99317e-05
8.8 7.6 0.00131254
8.8 8 0.00184489
8.8 8.4 0.000219601
8.8 8.8 0

9.2 0 0
9.2 0.4 -0.010393
9.2 0.8 -0.0754358
9.2 1.2 -0.0664206
9.2 1.6 -0.0581061
9.2 2 -0.0516291
9.2 2.4 -0.0468926
9.2 2.8 -0.0420645
9.2 3.2 -0.0352887
9.2 3.6 -0.0258927
9.2 4 -0.0149105
9.2 4.4 -0.00450976
9.2 4.8 0.00354164
9.2 5.2 0.00835629
9.2 5.6 0.0101327
9.2 6 0.00954304
9.2 6.4 0.00696206
9.2 6.8 0.00280003
9.2 7.2 -0.00236787
9.2 7.6 -0.00752388
9.2 8 -0.0113018
9.2 8.4 -0.00144622
9.2 8.8 0

9.6 0 0
9.6 0.4 -0.00797807
9.6 0.8 -0.0579303
9.6 1.2 -0.0493972
9.6 1.6 -0.0409519
9.6 2 -0.0352504
9.6 2.4 -0.0323996
9.6 2.8 -0.0304771
9.6 3.2 -0.0264278
9.6 3.6 -0.0181871
9.6 4 -0.00644541
9.6 4.4 0.00665109
9.6 4.8 0.0179881
9.6 5.2 0.0253342
9.6 5.6 0.0278342
9.6 6 0.0254403
9.6 6.4 0.0191575
9.6 6.8 0.00996632
9.6 7.2 -0.000220437
9.6 7.6 -0.00967827
9.6 8 -0.0160416
9.6 8.4 -0.00204798
9.6 8.8 0

10 0 0
10 0.4 -0.00629207
10 0.8 -0.0456233
10 1.2 -0.0377483
10 1.6 -0.0297532
10 2 -0.0243643
10 2.4 -0.0222207
10 2.8 -0.0211431
10 3.2 -0.0180037
10 3.6 -0.0107724
10 4 0.000258394
10 4.4 0.0126194
10 4.8 0.023377
10 5.2 0.0301918
10 5.6 0.032067
10 6 0.0293163
10 6.4 0.022692
10 6.8 0.0135983
10 7.2 0.00368822
10 7.6 -0.00516344
10 8 -0.0109305
10 8.4 -0.00140162
10 8.8 0

10.4 0 0
10.4 0.4 -0.00629385
10.4 0.8 -0.0455764
10.4 1.2 -0.0380048
10.4 1.6 -0.0301402
10.4 2 -0.0243634
10.4 2.4 -0.0208149
10.4 2.8 -0.0179392
10.4 3.2 -0.0135533
10.4 3.6 -0.0065059
10.4 4 0.00211541
10.4 4.4 0.0105105
10.4 4.8 0.0166316
10.4 5.2 0.0196243
10.4 5.6 0.0197114
10.4 6 0.0175724
10.4 6.4 0.0141163
10.4 6.8 0.00980453
10.4 7.2 0.00541002
10.4 7.6 0.00146716
10.4 8 -0.000882229
10.4 8.4 -0.00011972
10.4 8.8 0

10.8 0 0
10.8 0.4 -0.00762393
10.8 0.8 -0.0551597
10.8 1.2 -0.0477591
10.8 1.6 -0.0402586
10.8 2 -0.0333391
10.8 2.4 -0.0266932
10.8 2.8 -0.0193567
10.8 3.2 -0.0111187
10.8 3.6 -0.00304655
10.8 4 0.00298634
10.8 4.4 0.00551871
10.8 4.8 0.00451351
10.8 5.2 0.00142046
10.8 5.6 -0.00168658
10.8 6 -0.00305705
10.8 6.4 -0.00229479
10.8 6.8 3.07977e-05
10.8 7.2 0.00293531
10.8 7.6 0.00544772
10.8 8 0.00722723
10.8 8.4 0.000917579
10.8 8.8 0

11.2 0 0
11.2 0.4 -0.00896555
11.2 0.8 -0.0649164
11.2 1.2 -0.0584449
11.2 1.6 -0.0521458
11.2 2 -0.0444579
11.2 2.4 -0.0339983
11.2 2.8 -0.0207257
11.2 3.2 -0.00680105
11.2 3.6 0.00400171
11.2 4 0.00857792
11.2 4.4 0.00581839
11.2 4.8 -0.00230117
11.2 5.2 -0.0117926
11.2 5.6 -0.0186443
11.2 6 -0.0203233
11.2 6.4 -0.0168705
11.2 6.8 -0.00982974
11.2 7.2 -0.00191347
11.2 7.6 0.0050191
11.2 8 0.00935689
11.2 8.4 0.00119022
11.2 8.8 0

11.6 0 0
11.6 0.4 -0.0091329
11.6 0.8 -0.0662283
11.6 1.2 -0.0618659
11.6 1.6 -0.0579925
11.6 2 -0.0507256
11.6 2.4 -0.0374688
11.6 2.8 -0.0189137
11.6 3.2 0.000585381
11.6 3.6 0.0150484
11.6 4 0.0199153
11.6 4.4 0.0144303
11.6 4.8 0.00195921
11.6 5.2 -0.0118313
11.6 5.6 -0.0216706
11.6 6 -0.0247415
11.6 6.4 -0.0213369
11.6 6.8 -0.0138866
11.6 7.2 -0.00536127
11.6 7.6 0.0017985
11.6 8 0.00615672
11.6 8.4 0.00079416
11.6 8.8 0

12 0 0
12 0.4 -0.00792533
12 0.8 -0.0575862
12 1.2 -0.0559218
12 1.6 -0.0550342
12 2 -0.04925
12 2.4 -0.0351936
12 2.8 -0.0138654
12 3.2 0.0091309
12 3.6 0.0263431
12 4 0.0326677
12 4.4 0.0272799
12 4.8 0.0141723
12 5.2 -0.00047755
12 5.6 -0.0113616
12 6 -0.0158816
12 6.4 -0.014804
12 6.8 -0.0103753
12 7.2 -0.00546413
12 7.6 -0.0014356
12 8 0.000812921
12 8.4 0.000133206
12 8.8 0

12.4 0 0
12.4 0.4 -0.00612414
12.4 0.8 -0.0446355
12.4 1.2 -0.0448876
12.4 1.6 -0.045762
12.4 2 -0.0413612
12.4 2.4 -0.0279987
12.4 2.8 -0.00695727
12.4 3.2 0.0159182
12.4 3.6 0.0332841
12.4 4 0.0401275
12.4 4.4 0.0360772
12.4 4.8 0.0249549
12.4 5.2 0.0123618
12.4 5.6 0.00272681
12.4 6 -0.00237011
12.4 6.4 -0.00376732
12.4 6.8 -0.00359274
12.4 7.2 -0.00343542
12.4 7.6 -0.00360788
12.4 8 -0.00382769
12.4 8.4 -0.000411545
12.4 8.8 0

12.8 0 0
12.8 0.4 -0.00474903
12.8 0.8 -0.0347199
12.8 1.2 -0.0348527
12.8 1.6 -0.0350223
12.8 2 -0.0302151
12.8 2.4 -0.0178783
12.8 2.8 0.000543698
12.8 3.2 0.019838
12.8 3.6 0.0337684
12.8 4 0.0388179
12.8 4.4 0.0350801
12.8 4.8 0.0262556
12.8 5.2 0.0167353
12.8 5.6 0.00948759
12.8 6 0.00515645
12.8 6.4 0.00247744
12.8 6.8 0.000116373
12.8 7.2 -0.00270725
12.8 7.6 -0.00522171
12.8 8 -0.00664282
12.8 8.4 -0.000707628
12.8 8.8 0

13.2 0 0
13.2 0.4 -0.00419298
13.2 0.8 -0.0307233
13.2 1.2 -0.0287476
13.2 1.6 -0.0256123
13.2 2 -0.0185689
13.2 2.4 -0.00659913
13.2 2.8 0.00823646
13.2 3.2 0.021745
13.2 3.6 0.029699
13.2 4 0.0304259
13.2 4.4 0.0251781
13.2 4.8 0.0173008
13.2 5.2 0.0100536
13.2 5.6 0.00506902
13.2 6 0.00203764
13.2 6.4 -0.00020174
13.2 6.8 -0.00258964
13.2 7.2 -0.00516129
13.2 7.6 -0.00711682
13.2 8 -0.00781518
13.2 8.4 -0.000798318
13.2 8.8 0

13.6 0 0
13.6 0.4 -0.00393594
13.6 0.8 -0.0288448
13.6 1.2 -0.0240082
13.6 1.6 -0.0167248
13.6 2 -0.00659463
13.6 2.4 0.00543156
13.6 2.8 0.0168154
13.6 3.2 0.024437
13.6 3.6 0.025989
13.6 4 0.0217738
13.6 4.4 0.0139077
13.6 4.8 0.00556388
13.6 5.2 -0.00100701
13.6 5.6 -0.00515981
13.6 6 -0.00745526
13.6 6.4 -0.00886099
13.6 6.8 -0.00969664
13.6 7.2 -0.00988079
13.6 7.6 -0.00907143
13.6 8 -0.00778439
13.6 8.4 -0.000776648
13.6 8.8 0

14 0 0
14 0.4 -0.00299977
14 0.8 -0.0220745
14 1.2 -0.0154627
14 1.6 -0.00530171
14 2 0.00684565
14 2.4 0.0186526
14 2.8 0.0272172
14 3.2 0.0303816
14 3.6 0.027481
14 4 0.0199649
14 4.4 0.0103651
14 4.8 0.00125406
14 5.2 -0.00597649
14 5.6 -0.0110838
14 6 -0.0144887
14 6.4 -0.0162807
14 6.8 -0.016173
14 7.2 -0.0139974
14 7.6 -0.0102823
14 8 -0.00690473
14 8.4 -0.000700924
14 8.8 0

14.4 0 0
14.4 0.4 -0.000920472
14.4 0.8 -0.007019
14.4 1.2 -0.000789195
14.4 1.6 0.00949078
14.4 2 0.0212169
14.4 2.4 0.0314854
14.4 2.8 0.0376477
14.4 3.2 0.038518
14.4 3.6 0.0342613
14.4 4 0.0267939
14.4 4.4 0.0179492
14.4 4.8 0.00921968
14.4 5.2 0.00118567
14.4 5.6 -0.00623665
14.4 6 -0.0125274
14.4 6.4 -0.0167903
14.4 6.8 -0.0178305
14.4 7.2 -0.01528
14.4 7.6 -0.0102976
14.4 8 -0.00575458
14.4 8.4 -0.000631086
14.4 8.8 0

14.8 0 0
14.8 0.4 0.00170968
14.8 0.8 0.0120598
14.8 1.2 0.0160522
14.8 1.6 0.0237034
14.8 2 0.0323006
14.8 2.4 0.0392074
14.8 2.8 0.0426569
14.8 3.2 0.0425291
14.8 3.6 0.039626
14.8 4 0.0353219
14.8 4.4 0.0301676
14.8 4.8 0.0240426
14.8 5.2 0.0162618
14.8 5.6 0.00688892
14.8 6 -0.00271654
14.8 6.4 -0.0104658
14.8 6.8 -0.0142086
14.8 7.2 -0.0134971
14.8 7.6 -0.00963398
14.8 8 -0.00506679
14.8 8.4 -0.000611516
14.8 8.8 0

15.2 0 0
15.2 0.4 0.00360109
15.2 0.8 0.025811
15.2 1.2 0.0269369
15.2 1.6 0.0304727
15.2 2 0.0340624
15.2 2.4 0.0358701
15.2 2.8 0.0355163
15.2 3.2 0.0341603
15.2 3.6 0.0332473
15.2 4 0.0335176
15.2 4.4 0.0338805
15.2 4.8 0.0322888
15.2 5.2 0.0270135
15.2 5.6 0.0179351
15.2 6 0.0071462
15.2 6.4 -0.00227987
15.2 6.8 -0.00791384
15.2 7.2 -0.00936984
15.2 7.6 -0.00887082
15.2 8 -0.00192001
15.2 8.4 0
15.2 8.8 0

15.6 0 0
15.6 0.4 0.00383548
15.6 0.8 0.0276068
15.6 1.2 0.0266001
15.6 1.6 0.0261566
15.6 2 0.0242445
15.6 2.4 0.0199493
15.6 2.8 0.0143962
15.6 3.2 0.0102544
15.6 3.6 0.00986487
15.6 4 0.0135514
15.6 4.4 0.019037
15.6 4.8 0.0227628
15.6 5.2 0.022045
15.6 5.6 0.0165523
15.6 6 0.0088429
15.6 6.4 0.0020498
15.6 6.8 -0.00150131
15.6 7.2 -0.00219196
15.6 7.6 -0.0020053
15.6 8 -0.000326326
15.6 8.4 0
15.6 8.8 0

16 0 0
16 0.4 0.00276601
16 0.8 0.0199859
16 1.2 0.0182583
16 1.6 0.0153241
16 2 0.00907709
16 2.4 -0.000911867
16 2.8 -0.0123443
16 3.2 -0.0210831
16 3.6 -0.0237279
16 4 -0.0196156
16 4.4 -0.0115063
16 4.8 -0.00366651
16 5.2 0.000730242
16 5.6 0.00131947
16 6 0.000448514
16 6.4 0.000841043
16 6.8 0.00349006
16 7.2 0.00685468
16 7.6 0.00839489
16 8 0.00108313
16 8.4 0
16 8.8 0

16.4 0 0
16.4 0.4 0.00174166
16.4 0.8 0.0127354
16.4 1.2 0.011507
16.4 1.6 0.00806735
16.4 2 -0.00023272
16.4 2.4 -0.0140517
16.4 2.8 -0.0304895
16.4 3.2 -0.0445152
16.4 3.6 -0.051548
16.4 4 -0.0502765
16.4 4.4 -0.0429861
16.4 4.8 -0.0338542
16.4 5.2 -0.0258104
16.4 5.6 -0.0191892
16.4 6 -0.0119693
16.4 6.4 -0.00255668
16.4 6.8 0.0082665
16.4 7.2 0.0167361
16.4 7.6 0.0176137
16.4 8 0.00233776
16.4 8.4 0
16.4 8.8 0

16.8 0 0
16.8 0.4 0.00195535
16.8 0.8 0.014369
16.8 1.2 0.0139432
16.8 1.6 0.0115564
16.8 2 0.00354742
16.8 2.4 -0.0113488
16.8 2.8 -0.0304614
16.8 3.2 -0.048428
16.8 3.6 -0.059964
16.8 4 -0.0630913
16.8 4.4 -0.0592548
16.8 4.8 -0.051764
16.8 5.2 -0.0429433
16.8 5.6 -0.0326554
16.8 6 -0.0193265
16.8 6.4 -0.00237635
16.8 6.8 0.0157532
16.8 7.2 0.0295292
16.8 7.6 0.00635091
16.8 8 0
16.8 8.4 0
16.8 8.8 0

17.2 0 0
17.2 0.4 0.00331349
17.2 0.8 0.0242526
17.2 1.2 0.02454
17.2 1.6 0.023976
17.2 2 0.0181454
17.2 2.4 0.00491327
17.2 2.8 -0.0136005
17.2 3.2 -0.0324596
17.2 3.6 -0.046455
17.2 4 -0.0532062
17.2 4.4 -0.05345
17.2 4.8 -0.0494742
17.2 5.2 -0.0426217
17.2 5.6 -0.0322039
17.2 6 -0.0167083
17.2 6.4 0.00385279
17.2 6.8 0.0260894
17.2 7.2 0.0439848
17.2 7.6 0.00596899
17.2 8 0
17.2 8.4 0
17.2 8.8 0

17.6 0 0
17.6 0.4 0.00441964
17.6 0.8 0.0321902
17.6 1.2 0.0333523
17.6 1.6 0.0352391
17.6 2 0.0328908
17.6 2.4 0.0237389
17.6 2.8 0.0090531
17.6 3.2 -0.00697363
17.6 3.6 -0.0198351
17.6 4 -0.0274382
17.6 4.4 -0.0302119
17.6 4.8 -0.0297652
17.6 5.2 -0.0264953
17.6 5.6 -0.0190542
17.6 6 -0.00566557
17.6 6.4 0.0134031
17.6 6.8 0.0350603
17.6 7.2 0.0562569
17.6 7.6 0.00761777
17.6 8 0
17.6 8.4 0
17.6 8.8 0

18 0 0
18 0.4 0.00355661
18 0.8 0.025809
18 1.2 0.0287694
18 1.6 0.0336545
18 2 0.0357587
18 2.4 0.032259
18 2.8 0.0240252
18 3.2 0.0142884
18 3.6 0.00641594
18 4 0.00168752
18 4.4 -0.000708957
18 4.8 -0.00212999
18 5.2 -0.00239037
18 5.6 0.000482088
18 6 0.0086364
18 6.4 0.0217277
18 6.8 0.0351779
18 7.2 0.0123128
18 7.6 0
18 8 0
18 8.4 0
18 8.8 0

18.4 0 0
18.4 0.4 0.000140707
18.4 0.8 0.000852338
18.4 1.2 0.00674398
18.4 1.6 0.0152939
18.4 2 0.0222066
18.4 2.4 0.0250852
18.4 2.8 0.0245613
18.4 3.2 0.0230925
18.4 3.6 0.0229025
18.4 4 0.0240274
18.4 4.4 0.0248533
18.4 4.8 0.0237418
18.4 5.2 0.0211372
18.4 5.6 0.0197019
18.4 6 0.0221719
18.4 6.4 0.0290477
18.4 6.8 0.0386152
18.4 7.2 0.00513429
18.4 7.6 0
18.4 8 0
18.4 8.4 0
18.4 8.8 0

18.8 0 0
18.8 0.4 -0.00458756
18.8 0.8 -0.0336018
18.8 1.2 -0.0242281
18.8 1.6 -0.0120166
18.8 2 -0.000594954
18.8 2.4 0.00812077
18.8 2.8 0.0148304
18.8 3.2 0.0215149
18.8 3.6 0.0293151
18.8 4 0.0371571
18.8 4.4 0.042366
18.8 4.8 0.0428828
18.8 5.2 0.0392401
18.8 5.6 0.0346655
18.8 6 0.0325749
18.8 6.4 0.0329021
18.8 6.8 0.00948855
18.8 7.2 0
18.8 7.6 0
18.8 8 0
18.8 8.4 0
18.8 8.8 0

19.2 0 0
19.2 0.4 -0.00816159
19.2 0.8 -0.059647
19.2 1.2 -0.0475656
19.2 1.6 -0.0325253
19.2 2 -0.0178289
19.2 2.4 -0.00503959
19.2 2.8 0.00663153
19.2 3.2 0.0189544
19.2 3.6 0.0324213
19.2 4 0.0450698
19.2 4.4 0.0534315
19.2 4.8 0.0550696
19.2 5.2 0.0507443
19.2 5.6 0.0444661
19.2 6 0.0413774
19.2 6.4 0.00986462
19.2 6.8 0
19.2 7.2 0
19.2 7.6 0
19.2 8 0
19.2 8.4 0
19.2 8.8 0

19.6 0 0
19.6 0.4 0
19.6 0.8 -0.00707919
19.6 1.2 -0.00561392
19.6 1.6 -0.00377081
19.6 2 -0.00194996
19.6 2.4 -0.00033609
19.6 2.8 0.00115956
19.6 3.2 0.00274051
19.6 3.6 0.00443909
19.6 4 0.00598499
19.6 4.4 0.00694035
19.6 4.8 0.0070187
19.6 5.2 0.00634788
19.6 5.6 0.00545288
19.6 6 0.0049989
19.6 6.4 0
19.6 6.8 0
19.6 7.2 0
19.6 7.6 0
19.6 8 0
19.6 8.4 0
19.6 8.8 0

20 0 0
20 0.4 0
20 0.8 0
20 1.2 0
20 1.6 0
20 2 0
20 2.4 0
20 2.8 0
20 3.2 0
20 3.6 0
20 4 0
20 4.4 0
20 4.8 0
20 5.2 0
20 5.6 0
20 6 0
20 6.4 0
20 6.8 0
20 7.2 0
20 7.6 0
20 8 0
20 8.4 0
20 8.8 0

