0 0 0
0 0.4 0
0 0.8 0
0 1.2 0
0 1.6 0
0 2 0
0 2.4 0
0 2.8 0
0 3.2 0
0 3.6 0
0 4 0
0 4.4 0
0 4.8 0
0 5.2 0
0 5.6 0
0 6 0
0 6.4 0
0 6.8 0
0 7.2 0
0 7.6 0
0 8 0
0 8.4 0
0 8.8 0

0.4 0 0
0.4 0.4 0
0.4 0.8 0.0103615
0.4 1.2 0.00876477
0.4 1.6 0.00749566
0.4 2 0.0072824
0.4 2.4 0.00803173
0.4 2.8 0.00867672
0.4 3.2 0.0078489
0.4 3.6 0.00489994
0.4 4 0.000489147
0.4 4.4 -0.00374457
0.4 4.8 -0.00622096
0.4 5.2 -0.0064254
0.4 5.6 -0.00517912
0.4 6 -0.00405398
0.4 6.4 0
0.4 6.8 0
0.4 7.2 0
0.4 7.6 0
0.4 8 0
0.4 8.4 0
0.4 8.8 0

0.8 0 0
0.8 0.4 0.0110304
0.8 0.8 0.079969
0.8 1.2 0.0678017
0.8 1.6 0.0583212
0.8 2 0.0571069
0.8 2.4 0.0633516
0.8 2.8 0.0686966
0.8 3.2 0.0624644
0.8 3.6 0.0396045
0.8 4 0.0052566
0.8 4.4 -0.0278082
0.8 4.8 -0.0472717
0.8 5.2 -0.049106
0.8 5.6 -0.0396681
0.8 6 -0.0311194
0.8 6.4 -0.00630556
0.8 6.8 0
0.8 7.2 0
0.8 7.6 0
0.8 8 0
0.8 8.4 0
0.8 8.8 0

1.2 0 0
1.2 0.4 0.00795055
1.2 0.8 0.057694
1.2 1.2 0.0470371
1.2 1.6 0.0380951
1.2 2 0.0368404
1.2 2.4 0.0434221
1.2 2.8 0.0507578
1.2 3.2 0.0490494
1.2 3.6 0.0330005
1.2 4 0.00622409
1.2 4.4 -0.0206614
1.2 4.8 -0.0369716
1.2 5.2 -0.0388263
1.2 5.6 -0.0309086
1.2 6 -0.0217957
1.2 6.4 -0.0153583
1.2 6.8 -0.0041712
1.2 7.2 0
1.2 7.6 0
1.2 8 0
1.2 8.4 0
1.2 8.8 0

1.6 0 0
1.6 0.4 0.00334647
1.6 0.8 0.0243789
1.6 1.2 0.0154606
1.6 1.6 0.0067893
1.6 2 0.00542754
1.6 2.4 0.0129996
1.6 2.8 0.0238066
1.6 3.2 0.0286352
1.6 3.6 0.021467
1.6 4 0.00399949
1.6 4.4 -0.0154504
1.6 4.8 -0.0277764
1.6 5.2 -0.0291835
1.6 5.6 -0.0230124
1.6 6 -0.016174
1.6 6.4 -0.0134344
1.6 6.8 -0.0158414
1.6 7.2 -0.00210614
1.6 7.6 0
1.6 8 0
1.6 8.4 0
1.6 8.8 0

2 0 0
2 0.4 -0.00245259
2 0.8 -0.0176584
2 1.2 -0.0239984
2 1.6 -0.0316137
2 2 -0.0323444
2 2.4 -0.0231709
2 2.8 -0.00855936
2 3.2 0.00275524
2 3.6 0.00410347
2 4 -0.00444087
2 4.4 -0.0164462
2 4.8 -0.0240453
2 5.2 -0.0234642
2 5.6 -0.016977
2 6 -0.0101076
2 6.4 -0.00675472
2 6.8 -0.0066449
2 7.2 0.00175664
2 7.6 0
2 8 0
2 8.4 0
2 8.8 0

2.4 0 0
2.4 0.4 -0.00829244
2.4 0.8 -0.0600704
2.4 1.2 -0.0629653
2.4 1.6 -0.0682119
2.4 2 -0.0671943
2.4 2.4 -0.056149
2.4 2.8 -0.0387026
2.4 3.2 -0.0230367
2.4 3.6 -0.0159137
2.4 4 -0.0180342
2.4 4.4 -0.0240306
2.4 4.8 -0.0267904
2.4 5.2 -0.0225891
2.4 5.6 -0.0131292
2.4 6 -0.0032117
2.4 6.4 0.00379876
2.4 6.8 0.00918284
2.4 7.2 0.0195801
2.4 7.6 0.00262843
2.4 8 0
2.4 8.4 0
2.4 8.8 0

2.8 0 0
2.8 0.4 -0.0122498
2.8 0.8 -0.088865
2.8 1.2 -0.0882608
2.8 1.6 -0.0902479
2.8 2 -0.0867985
2.8 2.4 -0.0744037
2.8 2.8 -0.0563432
2.8 3.2 -0.0400131
2.8 3.6 -0.0314399
2.8 4 -0.0310489
2.8 4.4 -0.033688
2.8 4.8 -0.0326468
2.8 5.2 -0.0244658
2.8 5.6 -0.0109352
2.8 6 0.00296014
2.8 6.4 0.0132218
2.8 6.8 0.019673
2.8 7.2 0.0248988
2.8 7.6 0.00334638
2.8 8 0
2.8 8.4 0
2.8 8.8 0

3.2 0 0
3.2 0.4 -0.012488
3.2 0.8 -0.0906427
3.2 1.2 -0.0877778
3.2 1.6 -0.0868247
3.2 2 -0.0814643
3.2 2.4 -0.0693963
3.2 2.8 -0.0538757
3.2 3.2 -0.0411334
3.2 3.6 -0.0356519
3.2 4 -0.0367667
3.2 4.4 -0.039072
3.2 4.8 -0.036265
3.2 5.2 -0.0255272
3.2 5.6 -0.00925092
3.2 6 0.00697001
3.2 6.4 0.0183356
3.2 6.8 0.0237337
3.2 7.2 0.0256262
3.2 7.6 0.00409625
3.2 8 0
3.2 8.4 0
3.2 8.8 0

3.6 0 0
3.6 0.4 -0.00842522
3.6 0.8 -0.0611323
3.6 1.2 -0.0583293
3.6 1.6 -0.0561815
3.6 2 -0.0509584
3.6 2.4 -0.0419714
3.6 2.8 -0.032331
3.6 3.2 -0.026652
3.6 3.6 -0.0273909
3.6 4 -0.0325609
3.6 4.4 -0.03664
3.6 4.8 -0.0341396
3.6 5.2 -0.0233008
3.6 5.6 -0.00728513
3.6 6 0.00790935
3.6 6.4 0.0171701
3.6 6.8 0.0188778
3.6 7.2 0.0145026
3.6 7.6 0.00495015
3.6 8 0.00064996
3.6 8.4 0
3.6 8.8 0

4 0 0
4 0.4 -0.00135508
4 0.8 -0.00973147
4 1.2 -0.00971728
4 1.6 -0.00934528
4 2 -0.00733354
4 2.4 -0.00426361
4 2.8 -0.00268765
4 3.2 -0.00533421
4 3.6 -0.0126767
4 4 -0.0218078
4 4.4 -0.0277323
4 4.8 -0.0264035
4 5.2 -0.0174375
4 5.6 -0.00456568
4 6 0.00652554
4 6.4 0.0114643
4 6.8 0.00936028
4 7.2 0.00265908
4 7.6 -0.00439839
4 8 -0.000607816
4 8.4 0
4 8.8 0

4.4 0 0
4.4 0.4 0.00608901
4.4 0.8 0.0443895
4.4 1.2 0.0396552
4.4 1.6 0.035351
4.4 2 0.0314439
4.4 2.4 0.0269778
4.4 2.8 0.0204054
4.4 3.2 0.0108115
4.4 3.6 -0.000812905
4.4 4 -0.0114135
4.4 4.4 -0.0172984
4.4 4.8 -0.0163913
4.4 5.2 -0.00977514
4.4 5.6 -0.00134596
4.4 6 0.00431574
4.4 6.4 0.00447505
4.4 6.8 -0.000471089
4.4 7.2 -0.00763206
4.4 7.6 -0.0134131
4.4 8 -0.00182436
4.4 8.4 0
4.4 8.8 0

4.8 0 0
4.8 0.4 0.011314
4.8 0.8 0.08235
4.8 1.2 0.0727094
4.8 1.6 0.0625922
4.8 2 0.0519503
4.8 2.4 0.0403869
4.8 2.8 0.0275928
4.8 3.2 0.0140773
4.8 3.6 0.00159111
4.8 4 -0.00734837
4.8 4.4 -0.0107882
4.8 4.8 -0.00873071
4.8 5.2 -0.00353918
4.8 5.6 0.00112029
4.8 6 0.00225455
4.8 6.4 -0.00082941
4.8 6.8 -0.00633647
4.8 7.2 -0.0113577
4.8 7.6 -0.0139936
4.8 8 -0.00100513
4.8 8.4 0
4.8 8.8 0

5.2 0 0
5.2 0.4 0.0130509
5.2 0.8 0.0949225
5.2 1.2 0.0821655
5.2 1.6 0.0676429
5.2 2 0.0519842
5.2 2.4 0.0357058
5.2 2.8 0.0195544
5.2 3.2 0.00494168
5.2 3.6 -0.00611107
5.2 4 -0.0117855
5.2 4.4 -0.0116478
5.2 4.8 -0.00734253
5.2 5.2 -0.00210879
5.2 5.6 0.000811006
5.2 6 -4.19893e-05
5.2 6.4 -0.00354182
5.2 6.8 -0.00675784
5.2 7.2 -0.00680451
5.2 7.6 -0.0023164
5.2 8 0.00737084
5.2 8.4 0.00066047
5.2 8.8 0

5.6 0 0
5.6 0.4 0.0117374
5.6 0.8 0.085318
5.6 1.2 0.0723647
5.6 1.6 0.0568252
5.6 2 0.0398308
5.6 2.4 0.0223502
5.6 2.8 0.0055281
5.6 3.2 -0.00886363
5.6 3.6 -0.0186212
5.6 4 -0.0221326
5.6 4.4 -0.0195855
5.6 4.8 -0.0133629
5.6 5.2 -0.00707619
5.6 5.6 -0.00364465
5.6 6 -0.00360905
5.6 6.4 -0.00485948
5.6 6.8 -0.00408504
5.6 7.2 0.000912673
5.6 7.6 0.00949604
5.6 8 0.0178558
5.6 8.4 0.00208142
5.6 8.8 0

6 0 0
6 0.4 0.00892502
6 0.8 0.0648491
6 1.2 0.0546006
6 1.6 0.0420956
6 2 0.02812
6 2.4 0.0130325
6 2.8 -0.00258771
6 3.2 -0.0170919
6 3.6 -0.0278527
6 4 -0.0325324
6 4.4 -0.0306623
6 4.8 -0.0242637
6 5.2 -0.0168618
6 5.6 -0.0114098
6 6 -0.00850005
6 6.4 -0.00614534
6 6.8 -0.00137829
6 7.2 0.00734095
6 7.6 0.01851
6 8 0.0278477
6 8.4 0.00347804
6 8.8 0

6.4 0 0
6.4 0.4 0.00622802
6.4 0.8 0.045259
6.4 1.2 0.0396572
6.4 1.6 0.0334489
6.4 2 0.0260689
6.4 2.4 0.0161269
6.4 2.8 0.00273291
6.4 3.2 -0.0129471
6.4 3.6 -0.027538
6.4 4 -0.0370692
6.4 4.4 -0.0392628
6.4 4.8 -0.0348539
6.4 5.2 -0.0269869
6.4 5.6 -0.0191085
6.4 6 -0.0128449
6.4 6.4 -0.007339
6.4 6.8 -0.0004688
6.4 7.2 0.00898121
6.4 7.6 0.0198072
6.4 8 0.0286998
6.4 8.4 0.00369476
6.4 8.8 0

6.8 0 0
6.8 0.4 0.00453053
6.8 0.8 0.0329422
6.8 1.2 0.0324574
6.8 1.6 0.0338705
6.8 2 0.0346924
6.8 2.4 0.0311855
6.8 2.8 0.0205455
6.8 3.2 0.00325399
6.8 3.6 -0.0164768
6.8 4 -0.0326725
6.8 4.4 -0.0407222
6.8 4.8 -0.0396367
6.8 5.2 -0.0320724
6.8 5.6 -0.0222947
6.8 6 -0.0135817
6.8 6.4 -0.00678812
6.8 6.8 -0.000823587
6.8 7.2 0.00560194
6.8 7.6 0.0124404
6.8 8 0.0181575
6.8 8.4 0.00239896
6.8 8.8 0

7.2 0 0
7.2 0.4 0.00386556
7.2 0.8 0.0280894
7.2 1.2 0.0316297
7.2 1.6 0.0395059
7.2 2 0.0475783
7.2 2.4 0.0501289
7.2 2.8 0.0426785
7.2 3.2 0.0249343
7.2 3.6 0.00154925
7.2 4 -0.0199934
7.2 4.4 -0.0331198
7.2 4.8 -0.0352662
7.2 5.2 -0.0285844
7.2 5.6 -0.018092
7.2 6 -0.00867536
7.2 6.4 -0.00285347
7.2 6.8 -0.000429872
7.2 7.2 0.00024092
7.2 7.6 0.000630022
7.2 8 0.00124887
7.2 8.4 0.000224314
7.2 8.8 0

7.6 0 0
7.6 0.4 0.00383712
7.6 0.8 0.0277983
7.6 1.2 0.0330263
7.6 1.6 0.0440156
7.6 2 0.0561306
7.6 2.4 0.0629667
7.6 2.8 0.0591728
7.6 3.2 0.0436085
7.6 3.6 0.0204777
7.6 4 -0.00250991
7.6 4.4 -0.0179518
7.6 4.8 -0.0222944
7.6 5.2 -0.0171056
7.6 5.6 -0.00757259
7.6 6 0.000586954
7.6 6.4 0.00385479
7.6 6.8 0.00188967
7.6 7.2 -0.00331381
7.6 7.6 -0.00906394
7.6 8 -0.0132364
7.6 8.4 -0.00167692
7.6 8.8 0

8 0 0
8 0.4 0.00409465
8 0.8 0.0295489
8 1.2 0.0336195
8 1.6 0.0433517
8 2 0.0551884
8 2.4 0.0636694
8 2.8 0.0635646
8 3.2 0.0528335
8 3.6 0.0342046
8 4 0.0140935
8 4.4 -0.000637368
8 4.8 -0.00613707
8 5.2 -0.00320257
8 5.6 0.00370917
8 6 0.0092326
8 6.4 0.0098179
8 6.8 0.00496445
8 7.2 -0.00331446
8 7.6 -0.0119851
8 8 -0.0183601
8 8.4 -0.00237323
8 8.8 0

8.4 0 0
8.4 0.4 0.00447126
8.4 0.8 0.032191
8.4 1.2 0.0328449
8.4 1.6 0.0377475
8.4 2 0.045664
8.4 2.4 0.0532895
8.4 2.8 0.0562493
8.4 3.2 0.051598
8.4 3.6 0.0398859
8.4 4 0.025155
8.4 4.4 0.0127389
8.4 4.8 0.00630695
8.4 5.2 0.0060621
8.4 5.6 0.00911098
8.4 6 0.0115161
8.4 6.4 0.0105448
8.4 6.8 0.00577565
8.4 7.2 -0.00127157
8.4 7.6 -0.00831621
8.4 8 -0.0133733
8.4 8.4 -0.00173804
8.4 8.8 0

8.8 0 0
8.8 0.4 0.00477058
8.8 0.8 0.0343451
8.8 1.2 0.0309396
8.8 1.6 0.0298924
8.8 2 0.0326279
8.8 2.4 0.0382414
8.8 2.8 0.0433746
8.8 3.2 0.0442402
8.8 3.6 0.0391449
8.8 4 0.0295715
8.8 4.4 0.0191043
8.8 4.8 0.0111185
8.8 5.2 0.00693983
8.8 5.6 0.00561921
8.8 6 0.0051596
8.8 6.4 0.00405107
8.8 6.8 0.00200718
8.8 7.2 -0.000358099
8.8 7.6 -0.00231816
8.8 8 -0.00351496
8.8 8.4 -0.00044211
8.8 8.8 0

9.2 0 0
9.2 0.4 0.00456264
9.2 0.8 0.0328814
9.2 1.2 0.0266773
9.2 1.6 0.0213452
9.2 2 0.0203693
9.2 2.4 0.0245936
9.2 2.8 0.031318
9.2 3.2 0.0360502
9.2 3.6 0.035407
9.2 4 0.0289948
9.2 4.4 0.0191509
9.2 4.8 0.00911698
9.2 5.2 0.00119837
9.2 5.6 -0.00388782
9.2 6 -0.00644014
9.2 6.4 -0.00687183
9.2 6.8 -0.0053756
9.2 7.2 -0.00228557
9.2 7.6 0.00146517
9.2 8 0.00444504
9.2 8.4 0.000619878
9.2 8.8 0

9.6 0 0
9.6 0.4 0.00341296
9.6 0.8 0.0245886
9.6 1.2 0.018249
9.6 1.6 0.0122989
9.6 2 0.0110165
9.6 2.4 0.0157724
9.6 2.8 0.0238856
9.6 3.2 0.0304228
9.6 3.6 0.0313433
9.6 4 0.0256668
9.6 4.4 0.0154329
9.6 4.8 0.00397908
9.6 5.2 -0.00591272
9.6 5.6 -0.0127882
9.6 6 -0.0161663
9.6 6.4 -0.0159148
9.6 6.8 -0.012163
9.6 7.2 -0.00576695
9.6 7.6 0.00135644
9.6 8 0.00666047
9.6 8.4 0.00092278
9.6 8.8 0

10 0 0
10 0.4 0.00139334
10 0.8 0.00992877
10 1.2 0.00636663
10 1.6 0.00386523
10 2 0.00597687
10 2.4 0.0132108
10 2.8 0.0222725
10 3.2 0.0282336
10 3.6 0.0277069
10 4 0.0206632
10 4.4 0.00989029
10 4.8 -0.00106837
10 5.2 -0.00976871
10 5.6 -0.0153532
10 6 -0.0178383
10 6.4 -0.0172772
10 6.8 -0.0136917
10 7.2 -0.00770994
10 7.6 -0.0010745
10 8 0.00373023
10 8.4 0.000529993
10 8.8 0

10.4 0 0
10.4 0.4 -0.000672422
10.4 0.8 -0.00512838
10.4 1.2 -0.00405728
10.4 1.6 -0.000396405
10.4 2 0.00732682
10.4 2.4 0.0175993
10.4 2.8 0.0261318
10.4 3.2 0.0286215
10.4 3.6 0.0236572
10.4 4 0.0135438
10.4 4.4 0.00262356
10.4 4.8 -0.00545683
10.4 5.2 -0.00950948
10.4 5.6 -0.0105829
10.4 6 -0.010356
10.4 6.4 -0.00967132
10.4 6.8 -0.00832101
10.4 7.2 -0.00596001
10.4 7.6 -0.00306823
10.4 8 -0.000985471
10.4 8.4 -0.000114482
10.4 8.8 0

10.8 0 0
10.8 0.4 -0.00159391
10.8 0.8 -0.0118929
10.8 1.2 -0.00616996
10.8 1.6 0.00395446
10.8 2 0.0170186
10.8 2.4 0.0288645
10.8 2.8 0.0342295
10.8 3.2 0.0301144
10.8 3.6 0.0180724
10.8 4 0.00356464
10.8 4.4 -0.0072124
10.8 4.8 -0.0108112
10.8 5.2 -0.00801749
10.8 5.6 -0.00258728
10.8 6 0.00155634
10.8 6.4 0.00257882
10.8 6.8 0.00108124
10.8 7.2 -0.00121705
10.8 7.6 -0.00305939
10.8 8 -0.00422436
10.8 8.4 -0.000565292
10.8 8.8 0

11.2 0 0
11.2 0.4 -0.00062511
11.2 0.8 -0.00487993
11.2 1.2 0.00375605
11.2 1.6 0.0182521
11.2 2 0.0341051
11.2 2.4 0.0446643
11.2 2.8 0.0441291
11.2 3.2 0.031283
11.2 3.6 0.0109004
11.2 4 -0.00848823
11.2 4.4 -0.0191836
11.2 4.8 -0.0183363
11.2 5.2 -0.00892468
11.2 5.6 0.00265817
11.2 6 0.0105438
11.2 6.4 0.0122429
11.2 6.8 0.00891256
11.2 7.2 0.00351132
11.2 7.6 -0.00137111
11.2 8 -0.00445846
11.2 8.4 -0.000608348
11.2 8.8 0

11.6 0 0
11.6 0.4 0.00196925
11.6 0.8 0.0140239
11.6 1.2 0.0227989
11.6 1.6 0.0379819
11.6 2 0.0528985
11.6 2.4 0.0594255
11.6 2.8 0.051897
11.6 3.2 0.0308433
11.6 3.6 0.00350993
11.6 4 -0.0196177
11.6 4.4 -0.0302893
11.6 4.8 -0.0265966
11.6 5.2 -0.0132853
11.6 5.6 0.00161773
11.6 6 0.0114424
11.6 6.4 0.0138417
11.6 6.8 0.0106469
11.6 7.2 0.00543898
11.6 7.6 0.00101344
11.6 8 -0.00152875
11.6 8.4 -0.000228564
11.6 8.8 0

12 0 0
12 0.4 0.00511926
12 0.8 0.0370275
12 1.2 0.0432755
12 1.6 0.055336
12 2 0.0659593
12 2.4 0.0670474
12 2.8 0.0537286
12 3.2 0.0277513
12 3.6 -0.00264555
12 4 -0.0267614
12 4.4 -0.0370125
12 4.8 -0.0326148
12 5.2 -0.0192056
12 5.6 -0.00493417
12 6 0.00422729
12 6.4 0.00698639
12 6.8 0.00587841
12 7.2 0.00430601
12 7.6 0.0039652
12 8 0.00443117
12 8.4 0.000536093
12 8.8 0

12.4 0 0
12.4 0.4 0.0076692
12.4 0.8 0.0556786
12.4 1.2 0.0577523
12.4 1.6 0.0640714
12.4 2 0.0684676
12.4 2.4 0.0642768
12.4 2.8 0.0478768
12.4 3.2 0.0214946
12.4 3.6 -0.00721469
12.4 4 -0.0289979
12.4 4.4 -0.0379372
12.4 4.8 -0.0343328
12.4 5.2 -0.0237642
12.4 5.6 -0.0131535
12.4 6 -0.00661449
12.4 6.4 -0.00381645
12.4 6.8 -0.00163253
12.4 7.2 0.00253748
12.4 7.6 0.00844362
12.4 8 0.0133449
12.4 8.4 0.00165706
12.4 8.8 0

12.8 0 0
12.8 0.4 0.00904385
12.8 0.8 0.0657479
12.8 1.2 0.0633484
12.8 1.6 0.0631714
12.8 2 0.0611386
12.8 2.4 0.0528148
12.8 2.8 0.0359774
12.8 3.2 0.0127251
12.8 3.6 -0.0109165
12.8 4 -0.0280723
12.8 4.4 -0.0348567
12.8 4.8 -0.0323628
12.8 5.2 -0.0254353
12.8 5.6 -0.0191359
12.8 6 -0.0154429
12.8 6.4 -0.0125112
12.8 6.8 -0.00690887
12.8 7.2 0.00296213
12.8 7.6 0.014922
12.8 8 0.024086
12.8 8.4 0.00298903
12.8 8.8 0

13.2 0 0
13.2 0.4 0.00941158
13.2 0.8 0.0684482
13.2 1.2 0.0622888
13.2 1.6 0.0564586
13.2 2 0.0491587
13.2 2.4 0.0381941
13.2 2.8 0.0225229
13.2 3.2 0.00374979
13.2 3.6 -0.0140182
13.2 4 -0.0262681
13.2 4.4 -0.0307808
13.2 4.8 -0.0289374
13.2 5.2 -0.0245629
13.2 5.6 -0.0210579
13.2 6 -0.0189164
13.2 6.4 -0.0155369
13.2 6.8 -0.00757971
13.2 7.2 0.00580905
13.2 7.6 0.0213644
13.2 8 0.0330842
13.2 8.4 0.00409685
13.2 8.8 0

13.6 0 0
13.6 0.4 0.00936024
13.6 0.8 0.0680834
13.6 1.2 0.0593197
13.6 1.6 0.0495446
13.6 2 0.0387839
13.6 2.4 0.0264978
13.6 2.8 0.0123287
13.6 3.2 -0.00278023
13.6 3.6 -0.0163326
13.6 4 -0.0254344
13.6 4.4 -0.0286237
13.6 4.8 -0.0269267
13.6 5.2 -0.023161
13.6 5.6 -0.0198457
13.6 6 -0.0172494
13.6 6.4 -0.0131585
13.6 6.8 -0.0047506
13.6 7.2 0.00866014
13.6 7.6 0.0240624
13.6 8 0.0357765
13.6 8.4 0.00442569
13.6 8.8 0

14 0 0
14 0.4 0.00937971
14 0.8 0.068259
14 1.2 0.0580486
14 1.6 0.0461843
14 2 0.0337783
14 2.4 0.0211395
14 2.8 0.00802176
14 3.2 -0.00536068
14 3.6 -0.0175857
14 4 -0.0263859
14 4.4 -0.0299897
14 4.8 -0.0284074
14 5.2 -0.0235567
14 5.6 -0.0179858
14 6 -0.0130853
14 6.4 -0.00818282
14 6.8 -0.00133609
14 7.2 0.00864048
14 7.6 0.0203945
14 8 0.0299082
14 8.4 0.00370246
14 8.8 0

14.4 0 0
14.4 0.4 0.00948205
14.4 0.8 0.06908
14.4 1.2 0.0583642
14.4 1.6 0.0459189
14.4 2 0.0333456
14.4 2.4 0.0211904
14.4 2.8 0.00888432
14.4 3.2 -0.00417165
14.4 3.6 -0.0172828
14.4 4 -0.0281138
14.4 4.4 -0.0338011
14.4 4.8 -0.0328157
14.4 5.2 -0.0261859
14.4 5.6 -0.017074
14.4 6 -0.0089034
14.4 6.4 -0.00333067
14.4 6.8 0.00047942
14.4 7.2 0.00475814
14.4 7.6 0.0110006
14.4 8 0.0180555
14.4 8.4 0.00224586
14.4 8.8 0

14.8 0 0
14.8 0.4 0.00917571
14.8 0.8 0.0669422
14.8 1.2 0.0563583
14.8 1.6 0.0442176
14.8 2 0.0325076
14.8 2.4 0.0219192
14.8 2.8 0.0114101
14.8 3.2 -0.000635923
14.8 3.6 -0.014409
14.8 4 -0.0275175
14.8 4.4 -0.0358525
14.8 4.8 -0.0361107
14.8 5.2 -0.0282472
14.8 5.6 -0.0160071
14.8 6 -0.00496859
14.8 6.4 0.000707036
14.8 6.8 0.000671181
14.8 7.2 -0.00161867
14.8 7.6 -0.00103333
14.8 8 0.00747398
14.8 8.4 0.000947876
14.8 8.8 0

15.2 0 0
15.2 0.4 0.00779945
15.2 0.8 0.0569791
15.2 1.2 0.0467982
15.2 1.6 0.0351003
15.2 2 0.0248166
15.2 2.4 0.0172897
15.2 2.8 0.0111335
15.2 3.2 0.00336265
15.2 3.6 -0.0078067
15.2 4 -0.0207161
15.2 4.4 -0.0305813
15.2 4.8 -0.0324662
15.2 5.2 -0.0249223
15.2 5.6 -0.0116154
15.2 6 0.000447515
15.2 6.4 0.00509368
15.2 6.8 0.000818451
15.2 7.2 -0.00832556
15.2 7.6 -0.0155537
15.2 8 -0.00104873
15.2 8.4 0
15.2 8.8 0

15.6 0 0
15.6 0.4 0.00501385
15.6 0.8 0.0366837
15.6 1.2 0.0268062
15.6 1.6 0.0150179
15.6 2 0.0062547
15.6 2.4 0.00332016
15.6 2.8 0.00475847
15.6 3.2 0.00584732
15.6 3.6 0.00228614
15.6 4 -0.00619928
15.6 4.4 -0.0152055
15.6 4.8 -0.0186581
15.6 5.2 -0.0134034
15.6 5.6 -0.00201214
15.6 6 0.00840027
15.6 6.4 0.0106988
15.6 6.8 0.00253811
15.6 7.2 -0.011846
15.6 7.6 -0.0240303
15.6 8 -0.0032067
15.6 8.4 0
15.6 8.8 0

16 0 0
16 0.4 0.00113425
16 0.8 0.00836713
16 1.2 -0.00153842
16 1.6 -0.0142728
16 2 -0.0219898
16 2.4 -0.0197214
16 2.8 -0.00865052
16 3.2 0.00465007
16 3.6 0.012747
16 4 0.012426
16 4.4 0.00663682
16 4.8 0.00191625
16 5.2 0.00322482
16 5.6 0.0100248
16 6 0.016504
16 6.4 0.0157904
16 6.8 0.00506736
16 7.2 -0.0121099
16 7.6 -0.0275568
16 8 -0.00370103
16 8.4 0
16 8.8 0

16.4 0 0
16.4 0.4 -0.00290209
16.4 0.8 -0.0210899
16.4 1.2 -0.0313802
16.4 1.6 -0.0457692
16.4 2 -0.0533342
16.4 2.4 -0.0467475
16.4 2.8 -0.026627
16.4 3.2 -0.00108055
16.4 3.6 0.0194396
16.4 4 0.0284975
16.4 4.4 0.0269593
16.4 4.8 0.0211783
16.4 5.2 0.0176983
16.4 5.6 0.0184694
16.4 6 0.0199877
16.4 6.4 0.0167162
16.4 6.8 0.00588073
16.4 7.2 -0.0104608
16.4 7.6 -0.0289774
16.4 8 -0.00391134
16.4 8.4 0
16.4 8.8 0

16.8 0 0
16.8 0.4 -0.00589097
16.8 0.8 -0.0428679
16.8 1.2 -0.0537656
16.8 1.6 -0.0700008
16.8 2 -0.078315
16.8 2.4 -0.0695077
16.8 2.8 -0.0435339
16.8 3.2 -0.00934848
16.8 3.6 0.0204912
16.8 4 0.0369635
16.8 4.4 0.0388992
16.8 4.8 0.0320088
16.8 5.2 0.0238488
16.8 5.6 0.0186045
16.8 6 0.0153363
16.8 6.4 0.01051
16.8 6.8 0.00240903
16.8 7.2 -0.00607791
16.8 7.6 -0.00478909
16.8 8 0
16.8 8.4 0
16.8 8.8 0

17.2 0 0
17.2 0.4 -0.00681769
17.2 0.8 -0.0495735
17.2 1.2 -0.0611751
17.2 1.6 -0.0789004
17.2 2 -0.0885383
17.2 2.4 -0.0800383
17.2 2.8 -0.0528387
17.2 3.2 -0.015916
17.2 3.6 0.017471
17.2 4 0.0370307
17.2 4.4 0.0402207
17.2 4.8 0.0319364
17.2 5.2 0.0199873
17.2 5.6 0.00991472
17.2 6 0.00272804
17.2 6.4 -0.00337852
17.2 6.8 -0.00939324
17.2 7.2 -0.0136326
17.2 7.6 -0.00191938
17.2 8 0
17.2 8.4 0
17.2 8.8 0

17.6 0 0
17.6 0.4 -0.00517122
17.6 0.8 -0.0375328
17.6 1.2 -0.0498603
17.6 1.6 -0.0683124
17.6 2 -0.0793491
17.6 2.4 -0.0733401
17.6 2.8 -0.0495549
17.6 3.2 -0.0162643
17.6 3.6 0.0140496
17.6 4 0.0314098
17.6 4.4 0.0329353
17.6 4.8 0.0228331
17.6 5.2 0.00844663
17.6 5.6 -0.00449801
17.6 6 -0.014175
17.6 6.4 -0.0213686
17.6 6.8 -0.0261744
17.6 7.2 -0.0249468
17.6 7.6 -0.00345851
17.6 8 0
17.6 8.4 0
17.6 8.8 0

18 0 0
18 0.4 -0.0011053
18 0.8 -0.00792797
18 1.2 -0.0210177
18 1.6 -0.0393531
18 2 -0.0514672
18 2.4 -0.0493026
18 2.8 -0.0323923
18 3.2 -0.00784666
18 3.6 0.0137856
18 4 0.0242315
18 4.4 0.021338
18 4.8 0.00895858
18 5.2 -0.00651487
18 5.6 -0.0202381
18 6 -0.0308048
18 6.4 -0.0391102
18 6.8 -0.0458899
18 7.2 -0.00966886
18 7.6 0
18 8 0
18 8.4 0
18 8.8 0

18.4 0 0
18.4 0.4 0.00451897
18.4 0.8 0.0329432
18.4 1.2 0.0189463
18.4 1.6 0.00120649
18.4 2 -0.0116179
18.4 2.4 -0.0136999
18.4 2.8 -0.00518611
18.4 3.2 0.00806313
18.4 3.6 0.0179539
18.4 4 0.0187002
18.4 4.4 0.00962169
18.4 4.8 -0.00538879
18.4 5.2 -0.0210287
18.4 5.6 -0.0339367
18.4 6 -0.0438766
18.4 6.4 -0.0522843
18.4 6.8 -0.0599452
18.4 7.2 -0.00809618
18.4 7.6 0
18.4 8 0
18.4 8.4 0
18.4 8.8 0

18.8 0 0
18.8 0.4 0.0102696
18.8 0.8 0.0746879
18.8 1.2 0.0595005
18.8 1.6 0.0421187
18.8 2 0.0286195
18.8 2.4 0.0227053
18.8 2.8 0.0235023
18.8 3.2 0.0261153
18.8 3.6 0.0246333
18.8 4 0.0156852
18.8 4.4 0.000242234
18.8 4.8 -0.0174628
18.8 5.2 -0.033007
18.8 5.6 -0.0445191
18.8 6 -0.053058
18.8 6.4 -0.0604973
18.8 6.8 -0.0162535
18.8 7.2 0
18.8 7.6 0
18.8 8 0
18.8 8.4 0
18.8 8.8 0

19.2 0 0
19.2 0.4 0.0145273
19.2 0.8 0.105593
19.2 1.2 0.0888497
19.2 1.6 0.070811
19.2 2 0.0561823
19.2 2.4 0.0474535
19.2 2.8 0.0432034
19.2 3.2 0.0389074
19.2 3.6 0.0298163
19.2 4 0.014051
19.2 4.4 -0.00619725
19.2 4.8 -0.0262221
19.2 5.2 -0.0420057
19.2 5.6 -0.0526811
19.2 6 -0.0603137
19.2 6.4 -0.0163088
19.2 6.8 0
19.2 7.2 0
19.2 7.6 0
19.2 8 0
19.2 8.4 0
19.2 8.8 0

19.6 0 0
19.6 0.4 0
19.6 0.8 0.0133107
19.6 1.2 0.0111823
19.6 1.6 0.00887554
19.6 2 0.00698794
19.6 2.4 0.00583441
19.6 2.8 0.00523587
19.6 3.2 0.00462731
19.6 3.6 0.00342489
19.6 4 0.0014122
19.6 4.4 -0.00111941
19.6 4.8 -0.00357814
19.6 5.2 -0.00547805
19.6 5.6 -0.00674042
19.6 6 -0.00765242
19.6 6.4 0
19.6 6.8 0
19.6 7.2 0
19.6 7.6 0
19.6 8 0
19.6 8.4 0
19.6 8.8 0

20 0 0
20 0.4 0
20 0.8 0
20 1.2 0
20 1.6 0
20 2 0
20 2.4 0
20 2.8 0
20 3.2 0
20 3.6 0
20 4 0
20 4.4 0
20 4.8 0
20 5.2 0
20 5.6 0
20 6 0
20 6.4 0
20 6.8 0
20 7.2 0
20 7.6 0
20 8 0
20 8.4 0
20 8.8 0

