0 0 0
0 0.4 0
0 0.8 0
0 1.2 0
0 1.6 0
0 2 0
0 2.4 0
0 2.8 0
0 3.2 0
0 3.6 0
0 4 0
0 4.4 0
0 4.8 0
0 5.2 0
0 5.6 0
0 6 0
0 6.4 0
0 6.8 0
0 7.2 0
0 7.6 0
0 8 0
0 8.4 0
0 8.8 0

0.4 0 0
0.4 0.4 0
0.4 0.8 -0.0107814
0.4 1.2 -0.0087503
0.4 1.6 -0.00668612
0.4 2 -0.00544367
0.4 2.4 -0.00513187
0.4 2.8 -0.00493507
0.4 3.2 -0.00370265
0.4 3.6 -0.000871197
0.4 4 0.00299466
0.4 4.4 0.00647874
0.4 4.8 0.00822524
0.4 5.2 0.00783153
0.4 5.6 0.00610726
0.4 6 0.00461711
0.4 6.4 0
0.4 6.8 0
0.4 7.2 0
0.4 7.6 0
0.4 8 0
0.4 8.4 0
0.4 8.8 0

0.8 0 0
0.8 0.4 -0.0119068
0.8 0.8 -0.0866492
0.8 1.2 -0.0704758
0.8 1.6 -0.0541883
0.8 2 -0.0446175
0.8 2.4 -0.0425551
0.8 2.8 -0.0413262
0.8 3.2 -0.031572
0.8 3.6 -0.00871955
0.8 4 0.0226442
0.8 4.4 0.0510198
0.8 4.8 0.0653937
0.8 5.2 0.0624759
0.8 5.6 0.0487918
0.8 6 0.0369453
0.8 6.4 0.00571857
0.8 6.8 0
0.8 7.2 0
0.8 7.6 0
0.8 8 0
0.8 8.4 0
0.8 8.8 0

1.2 0 0
1.2 0.4 -0.00710498
1.2 0.8 -0.0517543
1.2 1.2 -0.0388581
1.2 1.6 -0.0252913
1.2 2 -0.018072
1.2 2.4 -0.0185575
1.2 2.8 -0.0208883
1.2 3.2 -0.0163134
1.2 3.6 -0.000156392
1.2 4 0.0239705
1.2 4.4 0.0460423
1.2 4.8 0.0562651
1.2 5.2 0.0515431
1.2 5.6 0.0369543
1.2 6 0.0209091
1.2 6.4 0.00573684
1.2 6.8 5.29801e-05
1.2 7.2 0
1.2 7.6 0
1.2 8 0
1.2 8.4 0
1.2 8.8 0

1.6 0 0
1.6 0.4 -0.000360048
1.6 0.8 -0.00272892
1.6 1.2 0.00593007
1.6 1.6 0.0160971
1.6 2 0.0201575
1.6 2.4 0.0158627
1.6 2.8 0.00814976
1.6 3.2 0.00528775
1.6 3.6 0.0123248
1.6 4 0.0269161
1.6 4.4 0.0407461
1.6 4.8 0.0454245
1.6 5.2 0.0383081
1.6 5.6 0.0238255
1.6 6 0.00940607
1.6 6.4 -0.000473598
1.6 6.8 -0.00484062
1.6 7.2 -0.000695417
1.6 7.6 0
1.6 8 0
1.6 8.4 0
1.6 8.8 0

2 0 0
2 0.4 0.00604358
2 0.8 0.0438673
2 1.2 0.0481492
2 1.6 0.0544665
2 2 0.0548132
2 2.4 0.0462789
2 2.8 0.0330755
2 3.2 0.0230919
2 3.6 0.0217142
2 4 0.0276948
2 4.4 0.0341811
2 4.8 0.0339823
2 5.2 0.0249057
2 5.6 0.011046
2 6 -0.000813292
2 6.4 -0.00656372
2 6.8 -0.00728145
2 7.2 -0.00169823
2 7.6 0
2 8 0
2 8.4 0
2 8.8 0

2.4 0 0
2.4 0.4 0.010306
2.4 0.8 0.0749543
2.4 1.2 0.0753836
2.4 1.6 0.0776664
2.4 2 0.0741158
2.4 2.4 0.0618155
2.4 2.8 0.044631
2.4 3.2 0.0300809
2.4 3.6 0.0235707
2.4 4 0.0244183
2.4 4.4 0.0266382
2.4 4.8 0.0237413
2.4 5.2 0.0137412
2.4 5.6 0.000489587
2.4 6 -0.0095693
2.4 6.4 -0.0124764
2.4 6.8 -0.00949123
2.4 7.2 -0.00537967
2.4 7.6 -0.000690309
2.4 8 0
2.4 8.4 0
2.4 8.8 0

2.8 0 0
2.8 0.4 0.0117017
2.8 0.8 0.0852076
2.8 1.2 0.0827774
2.8 1.6 0.0813542
2.8 2 0.0744263
2.8 2.4 0.0597836
2.8 2.8 0.0412353
2.8 3.2 0.0257743
2.8 3.6 0.0183665
2.8 4 0.0183081
2.8 4.4 0.0198988
2.8 4.8 0.0168718
2.8 5.2 0.00715574
2.8 5.6 -0.00567038
2.8 6 -0.0152755
2.8 6.4 -0.0174933
2.8 6.8 -0.0134397
2.8 7.2 -0.00863011
2.8 7.6 -0.00112185
2.8 8 0
2.8 8.4 0
2.8 8.8 0

3.2 0 0
3.2 0.4 0.010545
3.2 0.8 0.076837
3.2 1.2 0.0730035
3.2 1.6 0.0691955
3.2 2 0.0606148
3.2 2.4 0.04605
3.2 2.8 0.0291681
3.2 3.2 0.0161081
3.2 3.6 0.0110314
3.2 4 0.0129398
3.2 4.4 0.0162436
3.2 4.8 0.0147584
3.2 5.2 0.00619115
3.2 5.6 -0.0062383
3.2 6 -0.0162448
3.2 6.4 -0.0191389
3.2 6.8 -0.0152519
3.2 7.2 -0.00985025
3.2 7.6 -0.000567522
3.2 8 0
3.2 8.4 0
3.2 8.8 0

3.6 0 0
3.6 0.4 0.007698
3.6 0.8 0.0560672
3.6 1.2 0.0528696
3.6 1.6 0.0493622
3.6 2 0.042301
3.6 2.4 0.0310068
3.6 2.8 0.0184547
3.6 3.2 0.00955586
3.6 3.6 0.00762054
3.6 4 0.0116254
3.6 4.4 0.0165071
3.6 4.8 0.016501
3.6 5.2 0.00919652
3.6 5.6 -0.00266467
3.6 6 -0.0130231
3.6 6.4 -0.0166613
3.6 6.8 -0.012628
3.6 7.2 -0.00425167
3.6 7.6 0.00519182
3.6 8 0.000719142
3.6 8.4 0
3.6 8.8 0

4 0 0
4 0.4 0.0040323
4 0.8 0.0292583
4 1.2 0.0291194
4 1.6 0.029524
4 2 0.0277804
4 2.4 0.0227443
4 2.8 0.0159902
4 3.2 0.0109742
4 3.6 0.0104593
4 4 0.014104
4 4.4 0.0182175
4 4.8 0.0181314
4 5.2 0.0116007
4 5.6 0.000732035
4 6 -0.00909709
4 6.4 -0.0126862
4 6.8 -0.00842858
4 7.2 0.00069793
4 7.6 0.00903685
4 8 0.00122284
4 8.4 0
4 8.8 0

4.4 0 0
4.4 0.4 0.00020972
4.4 0.8 0.0012994
4.4 1.2 0.00621689
4.4 1.6 0.0135823
4.4 2 0.0199783
4.4 2.4 0.0228191
4.4 2.8 0.0217922
4.4 3.2 0.0189256
4.4 3.6 0.0169015
4.4 4 0.0168163
4.4 4.4 0.0171868
4.4 4.8 0.0151119
4.4 5.2 0.00881292
4.4 5.6 -0.000395691
4.4 6 -0.00834419
4.4 6.4 -0.0105049
4.4 6.8 -0.00511263
4.4 7.2 0.00521429
4.4 7.6 0.0144018
4.4 8 0.0019346
4.4 8.4 0
4.4 8.8 0

4.8 0 0
4.8 0.4 -0.00321079
4.8 0.8 -0.0236669
4.8 1.2 -0.013202
4.8 1.6 0.0018833
4.8 2 0.0167794
4.8 2.4 0.0270724
4.8 2.8 0.0305539
4.8 3.2 0.0280417
4.8 3.6 0.0224311
4.8 4 0.0165704
4.8 4.4 0.0115121
4.8 4.8 0.00642907
4.8 5.2 0.000183515
4.8 5.6 -0.00678526
4.8 6 -0.0118826
4.8 6.4 -0.0117395
4.8 6.8 -0.00469757
4.8 7.2 0.00730696
4.8 7.6 0.0186073
4.8 8 0.00736599
4.8 8.4 0
4.8 8.8 0

5.2 0 0
5.2 0.4 -0.00563128
5.2 0.8 -0.0412632
5.2 1.2 -0.0269205
5.2 1.6 -0.00647027
5.2 2 0.014369
5.2 2.4 0.0299262
5.2 2.8 0.0365781
5.2 3.2 0.0340951
5.2 3.6 0.0253566
5.2 4 0.0144957
5.2 4.4 0.00467158
5.2 4.8 -0.00306203
5.2 5.2 -0.00916907
5.2 5.6 -0.0140107
5.2 6 -0.0166362
5.2 6.4 -0.0150417
5.2 6.8 -0.0077304
5.2 7.2 0.00472357
5.2 7.6 0.0196971
5.2 8 0.0355042
5.2 8.4 0.00468948
5.2 8.8 0

5.6 0 0
5.6 0.4 -0.00649267
5.6 0.8 -0.0474556
5.6 1.2 -0.0326706
5.6 1.6 -0.0115828
5.6 2 0.0106241
5.6 2.4 0.0283845
5.6 2.8 0.0374668
5.6 3.2 0.0365717
5.6 3.6 0.0277654
5.6 4 0.015273
5.6 4.4 0.00328811
5.6 4.8 -0.00582174
5.6 5.2 -0.0118438
5.6 5.6 -0.0156154
5.6 6 -0.0175441
5.6 6.4 -0.0169736
5.6 6.8 -0.0128272
5.6 7.2 -0.00489185
5.6 7.6 0.00537207
5.6 8 0.0149281
5.6 8.4 0.00207169
5.6 8.8 0

6 0 0
6 0.4 -0.00565436
6 0.8 -0.0412815
6 1.2 -0.0298752
6 1.6 -0.0132819
6 2 0.00555919
6 2.4 0.0227423
6 2.8 0.0342469
6 3.2 0.0375259
6 3.6 0.0327806
6 4 0.0228625
6 4.4 0.0117224
6 4.8 0.00241476
6 5.2 -0.0040412
6 5.6 -0.00834323
6 6 -0.0116161
6 6.4 -0.0142542
6 6.8 -0.0157294
6 7.2 -0.0153519
6 7.6 -0.0132676
6 8 -0.0109559
6 8.4 -0.00124306
6 8.8 0

6.4 0 0
6.4 0.4 -0.003773
6.4 0.8 -0.0275558
6.4 1.2 -0.0219778
6.4 1.6 -0.0131497
6.4 2 -0.000608285
6.4 2.4 0.0144459
6.4 2.8 0.0287344
6.4 3.2 0.0382954
6.4 3.6 0.0406685
6.4 4 0.036223
6.4 4.4 0.0277127
6.4 4.8 0.0184862
6.4 5.2 0.0106735
6.4 5.6 0.0045057
6.4 6 -0.00102711
6.4 6.4 -0.00691393
6.4 6.8 -0.013255
6.4 7.2 -0.0193016
6.4 7.6 -0.0241738
6.4 8 -0.0275762
6.4 8.4 -0.00340917
6.4 8.8 0

6.8 0 0
6.8 0.4 -0.00222136
6.8 0.8 -0.0162547
6.8 1.2 -0.0163621
6.8 1.6 -0.0152789
6.8 2 -0.00909068
6.8 2.4 0.00379104
6.8 2.8 0.0209576
6.8 3.2 0.0371244
6.8 3.6 0.0470971
6.8 4 0.0484961
6.8 4.4 0.0425679
6.8 4.8 0.0328602
6.8 5.2 0.0229191
6.8 5.6 0.0145623
6.8 6 0.00761953
6.8 6.4 0.000926366
6.8 6.8 -0.00636817
6.8 7.2 -0.0140868
6.8 7.6 -0.0211972
6.8 8 -0.0265114
6.8 8.4 -0.00334143
6.8 8.8 0

7.2 0 0
7.2 0.4 -0.00238512
7.2 0.8 -0.017417
7.2 1.2 -0.0205711
7.2 1.6 -0.0241555
7.2 2 -0.021931
7.2 2.4 -0.0103644
7.2 2.8 0.00888265
7.2 3.2 0.0297618
7.2 3.6 0.045181
7.2 4 0.0506755
7.2 4.4 0.046259
7.2 4.8 0.0356633
7.2 5.2 0.0238166
7.2 5.6 0.0142772
7.2 6 0.00803505
7.2 6.4 0.00401104
7.2 6.8 0.000529015
7.2 7.2 -0.00335069
7.2 7.6 -0.00738154
7.2 8 -0.0105807
7.2 8.4 -0.00137419
7.2 8.8 0

7.6 0 0
7.6 0.4 -0.00470848
7.6 0.8 -0.034246
7.6 1.2 -0.0367871
7.6 1.6 -0.0407309
7.6 2 -0.039353
7.6 2.4 -0.0284405
7.6 2.8 -0.00900001
7.6 3.2 0.0131633
7.6 3.6 0.0305599
7.6 4 0.0378845
7.6 4.4 0.0344239
7.6 4.8 0.0238463
7.6 5.2 0.0118252
7.6 5.6 0.00309574
7.6 6 -0.000403254
7.6 6.4 0.000442887
7.6 6.8 0.00330443
7.6 7.2 0.00607736
7.6 7.6 0.0078325
7.6 8 0.00871497
7.6 8.4 0.00104919
7.6 8.8 0

8 0 0
8 0.4 -0.00821149
8 0.8 -0.0596305
8 1.2 -0.0587221
8 1.6 -0.0595589
8 2 -0.0567005
8 2.4 -0.0464354
8 2.8 -0.0291037
8 3.2 -0.00914799
8 3.6 0.00714215
8 4 0.0148906
8 4.4 0.013041
8 4.8 0.00462906
8 5.2 -0.00505069
8 5.6 -0.0111711
8 6 -0.0114263
8 6.4 -0.0064539
8 6.8 0.00125759
8 7.2 0.00902805
8 7.6 0.0151507
8 8 0.0190559
8 8.4 0.0023658
8 8.8 0

8.4 0 0
8.4 0.4 -0.0110653
8.4 0.8 -0.0803164
8.4 1.2 -0.0751901
8.4 1.6 -0.0716567
8.4 2 -0.0666167
8.4 2.4 -0.0575639
8.4 2.8 -0.0441156
8.4 3.2 -0.0285647
8.4 3.6 -0.0149063
8.4 4 -0.00677116
8.4 4.4 -0.00546254
8.4 4.8 -0.00927558
8.4 5.2 -0.0144777
8.4 5.6 -0.0172965
8.4 6 -0.0157006
8.4 6.4 -0.0100078
8.4 6.8 -0.00218358
8.4 7.2 0.00549918
8.4 7.6 0.0115082
8.4 8 0.0152679
8.4 8.4 0.00190457
8.4 8.8 0

8.8 0 0
8.8 0.4 -0.0118305
8.8 0.8 -0.0858705
8.8 1.2 -0.0778028
8.8 1.6 -0.0709133
8.8 2 -0.064519
8.8 2.4 -0.0574021
8.8 2.8 -0.0484609
8.8 3.2 -0.0376855
8.8 3.6 -0.0265243
8.8 4 -0.0171901
8.8 4.4 -0.0113373
8.8 4.8 -0.00905906
8.8 5.2 -0.00891034
8.8 5.6 -0.00889423
8.8 6 -0.00767206
8.8 6.4 -0.00516927
8.8 6.8 -0.00226786
8.8 7.2 4.07423e-05
8.8 7.6 0.00134001
8.8 8 0.0018418
8.8 8.4 0.000216873
8.8 8.8 0

9.2 0 0
9.2 0.4 -0.0103906
9.2 0.8 -0.0754327
9.2 1.2 -0.0664359
9.2 1.6 -0.0580976
9.2 2 -0.051652
9.2 2.4 -0.04688
9.2 2.8 -0.0420623
9.2 3.2 -0.0352789
9.2 3.6 -0.0258711
9.2 4 -0.0149177
9.2 4.4 -0.00450287
9.2 4.8 0.00352087
9.2 5.2 0.00834279
9.2 5.6 0.0101509
9.2 6 0.00953357
9.2 6.4 0.00696931
9.2 6.8 0.00280903
9.2 7.2 -0.00237206
9.2 7.6 -0.00752078
9.2 8 -0.0113034
9.2 8.4 -0.00144698
9.2 8.8 0

9.6 0 0
9.6 0.4 -0.00797954
9.6 0.8 -0.0579258
9.6 1.2 -0.0493777
9.6 1.6 -0.0410057
9.6 2 -0.0352296
9.6 2.4 -0.0324281
9.6 2.8 -0.0305047
9.6 3.2 -0.0264042
9.6 3.6 -0.0182307
9.6 4 -0.00641943
9.6 4.4 0.00663956
9.6 4.8 0.0179731
9.6 5.2 0.0253422
9.6 5.6 0.0277929
9.6 6 0.0254594
9.6 6.4 0.0191268
9.6 6.8 0.0100028
9.6 7.2 -0.000267022
9.6 7.6 -0.00964149
9.6 8 -0.016044
9.6 8.4 -0.00205147
9.6 8.8 0

10 0 0
10 0.4 -0.00629092
10 0.8 -0.0456207
10 1.2 -0.0377569
10 1.6 -0.0297522
10 2 -0.0243829
10 2.4 -0.0222148
10 2.8 -0.0211446
10 3.2 -0.0180003
10 3.6 -0.0107534
10 4 0.000247043
10 4.4 0.0126251
10 4.8 0.0233646
10 5.2 0.0301728
10 5.6 0.0320847
10 6 0.0292955
10 6.4 0.0227015
10 6.8 0.0136074
10 7.2 0.00367349
10 7.6 -0.00514876
10 8 -0.0109323
10 8.4 -0.00140332
10 8.8 0

10.4 0 0
10.4 0.4 -0.00629437
10.4 0.8 -0.0455712
10.4 1.2 -0.0379888
10.4 1.6 -0.0301739
10.4 2 -0.0243521
10.4 2.4 -0.0208438
10.4 2.8 -0.0179623
10.4 3.2 -0.0135253
10.4 3.6 -0.00654642
10.4 4 0.00212993
10.4 4.4 0.0104917
10.4 4.8 0.0166222
10.4 5.2 0.0196181
10.4 5.6 0.0196785
10.4 6 0.017577
10.4 6.4 0.014093
10.4 6.8 0.00982474
10.4 7.2 0.0053642
10.4 7.6 0.00149452
10.4 8 -0.0008819
10.4 8.4 -0.000121918
10.4 8.8 0

10.8 0 0
10.8 0.4 -0.00762238
10.8 0.8 -0.0551578
10.8 1.2 -0.0477644
10.8 1.6 -0.0402497
10.8 2 -0.0333538
10.8 2.4 -0.0266966
10.8 2.8 -0.019364
10.8 3.2 -0.0111216
10.8 3.6 -0.0030429
10.8 4 0.00299259
10.8 4.4 0.0055205
10.8 4.8 0.00449925
10.8 5.2 0.00139153
10.8 5.6 -0.00167987
10.8 6 -0.00306968
10.8 6.4 -0.00229693
10.8 6.8 4.62996e-05
10.8 7.2 0.00292093
10.8 7.6 0.00546484
10.8 8 0.00722659
10.8 8.4 0.000915733
10.8 8.8 0

11.2 0 0
11.2 0.4 -0.00896517
11.2 0.8 -0.0649197
11.2 1.2 -0.0584571
11.2 1.6 -0.0521307
11.2 2 -0.0444561
11.2 2.4 -0.0339813
11.2 2.8 -0.0207044
11.2 3.2 -0.0068186
11.2 3.6 0.00401667
11.2 4 0.00855018
11.2 4.4 0.0057943
11.2 4.8 -0.00231048
11.2 5.2 -0.0118104
11.2 5.6 -0.0186339
11.2 6 -0.0203426
11.2 6.4 -0.0168383
11.2 6.8 -0.00986864
11.2 7.2 -0.00188135
11.2 7.6 0.00499282
11.2 8 0.00935886
11.2 8.4 0.00119278
11.2 8.8 0

11.6 0 0
11.6 0.4 -0.00913315
11.6 0.8 -0.0662302
11.6 1.2 -0.061874
11.6 1.6 -0.0579854
11.6 2 -0.0507317
11.6 2.4 -0.0374724
11.6 2.8 -0.0189221
11.6 3.2 0.000578874
11.6 3.6 0.015041
11.6 4 0.0199112
11.6 4.4 0.0144337
11.6 4.8 0.00195921
11.6 5.2 -0.0118367
11.6 5.6 -0.021666
11.6 6 -0.0247431
11.6 6.4 -0.0213436
11.6 6.8 -0.0138817
11.6 7.2 -0.00536497
11.6 7.6 0.00179741
11.6 8 0.00615744
11.6 8.4 0.000794277
11.6 8.8 0

12 0 0
12 0.4 -0.0079243
12 0.8 -0.0575872
12 1.2 -0.0559351
12 1.6 -0.0550012
12 2 -0.0492569
12 2.4 -0.035174
12 2.8 -0.0138429
12 3.2 0.00911945
12 3.6 0.0263709
12 4 0.0326378
12 4.4 0.0272607
12 4.8 0.0141573
12 5.2 -0.000501104
12 5.6 -0.0113483
12 6 -0.0158976
12 6.4 -0.0147708
12 6.8 -0.010419
12 7.2 -0.00543147
12 7.6 -0.00146691
12 8 0.000816664
12 8.4 0.000136731
12 8.8 0

12.4 0 0
12.4 0.4 -0.00612418
12.4 0.8 -0.0446394
12.4 1.2 -0.0448933
12.4 1.6 -0.0457718
12.4 2 -0.0413542
12.4 2.4 -0.027995
12.4 2.8 -0.00695996
12.4 3.2 0.0159112
12.4 3.6 0.0332775
12.4 4 0.0401282
12.4 4.4 0.0360753
12.4 4.8 0.024963
12.4 5.2 0.0123706
12.4 5.6 0.00272308
12.4 6 -0.00234623
12.4 6.4 -0.00377808
12.4 6.8 -0.00360881
12.4 7.2 -0.00341714
12.4 7.6 -0.00362594
12.4 8 -0.00382409
12.4 8.4 -0.000409332
12.4 8.8 0

12.8 0 0
12.8 0.4 -0.00474797
12.8 0.8 -0.03472
12.8 1.2 -0.0348619
12.8 1.6 -0.0349856
12.8 2 -0.0302274
12.8 2.4 -0.0178643
12.8 2.8 0.000564952
12.8 3.2 0.0198172
12.8 3.6 0.0337938
12.8 4 0.0387821
12.8 4.4 0.035085
12.8 4.8 0.0262563
12.8 5.2 0.0167321
12.8 5.6 0.0095021
12.8 6 0.00515001
12.8 6.4 0.00250092
12.8 6.8 8.83822e-05
12.8 7.2 -0.0026706
12.8 7.6 -0.0052516
12.8 8 -0.00664104
12.8 8.4 -0.000704691
12.8 8.8 0

13.2 0 0
13.2 0.4 -0.00419547
13.2 0.8 -0.030731
13.2 1.2 -0.0287421
13.2 1.6 -0.0256048
13.2 2 -0.0185575
13.2 2.4 -0.00660337
13.2 2.8 0.00823977
13.2 3.2 0.0217266
13.2 3.6 0.0297128
13.2 4 0.0304224
13.2 4.4 0.0251836
13.2 4.8 0.0173122
13.2 5.2 0.0100664
13.2 5.6 0.00506716
13.2 6 0.00205107
13.2 6.4 -0.000194158
13.2 6.8 -0.00259544
13.2 7.2 -0.00514663
13.2 7.6 -0.00713074
13.2 8 -0.00781777
13.2 8.4 -0.000797518
13.2 8.8 0

13.6 0 0
13.6 0.4 -0.00393548
13.6 0.8 -0.0288459
13.6 1.2 -0.0240125
13.6 1.6 -0.016717
13.6 2 -0.00659077
13.6 2.4 0.00544286
13.6 2.8 0.0168378
13.6 3.2 0.0244018
13.6 3.6 0.0259944
13.6 4 0.0217415
13.6 4.4 0.0139095
13.6 4.8 0.00556637
13.6 5.2 -0.00101037
13.6 5.6 -0.00515003
13.6 6 -0.00746404
13.6 6.4 -0.00885517
13.6 6.8 -0.00971398
13.6 7.2 -0.0098572
13.6 7.6 -0.00909222
13.6 8 -0.00778284
13.6 8.4 -0.000774718
13.6 8.8 0

14 0 0
14 0.4 -0.00300115
14 0.8 -0.0220784
14 1.2 -0.0154635
14 1.6 -0.00529932
14 2 0.00686025
14 2.4 0.0186392
14 2.8 0.0272174
14 3.2 0.0303613
14 3.6 0.0274845
14 4 0.0199567
14 4.4 0.010374
14 4.8 0.00125645
14 5.2 -0.00596811
14 5.6 -0.0110942
14 6 -0.0144808
14 6.4 -0.0162722
14 6.8 -0.0161789
14 7.2 -0.0139808
14 7.6 -0.0102951
14 8 -0.00690476
14 8.4 -0.00069972
14 8.8 0

14.4 0 0
14.4 0.4 -0.000921674
14.4 0.8 -0.00701872
14.4 1.2 -0.000775398
14.4 1.6 0.00949935
14.4 2 0.0212363
14.4 2.4 0.0314829
14.4 2.8 0.0376674
14.4 3.2 0.0384776
14.4 3.6 0.0342853
14.4 4 0.0267724
14.4 4.4 0.0179563
14.4 4.8 0.0092506
14.4 5.2 0.00116808
14.4 5.6 -0.00621903
14.4 6 -0.0125393
14.4 6.4 -0.0167981
14.4 6.8 -0.0178318
14.4 7.2 -0.0152718
14.4 7.6 -0.0103138
14.4 8 -0.00574819
14.4 8.4 -0.000628863
14.4 8.8 0

14.8 0 0
14.8 0.4 0.00171108
14.8 0.8 0.0120636
14.8 1.2 0.0160449
14.8 1.6 0.0236954
14.8 2 0.0322969
14.8 2.4 0.0391927
14.8 2.8 0.0426775
14.8 3.2 0.0425058
14.8 3.6 0.0396291
14.8 4 0.0353056
14.8 4.4 0.0301869
14.8 4.8 0.0240327
14.8 5.2 0.0162597
14.8 5.6 0.00691048
14.8 6 -0.00273095
14.8 6.4 -0.0104426
14.8 6.8 -0.0142091
14.8 7.2 -0.0134818
14.8 7.6 -0.00963867
14.8 8 -0.00506826
14.8 8.4 -0.00061168
14.8 8.8 0

15.2 0 0
15.2 0.4 0.00360217
15.2 0.8 0.025812
15.2 1.2 0.0269302
15.2 1.6 0.0304836
15.2 2 0.0340738
15.2 2.4 0.0358755
15.2 2.8 0.0355356
15.2 3.2 0.034158
15.2 3.6 0.0332796
15.2 4 0.0335227
15.2 4.4 0.0338978
15.2 4.8 0.0323133
15.2 5.2 0.0270074
15.2 5.6 0.0179373
15.2 6 0.00713696
15.2 6.4 -0.00228043
15.2 6.8 -0.00788987
15.2 7.2 -0.00938839
15.2 7.6 -0.00887773
15.2 8 -0.00192014
15.2 8.4 0
15.2 8.8 0

15.6 0 0
15.6 0.4 0.00383659
15.6 0.8 0.0276107
15.6 1.2 0.0265959
15.6 1.6 0.0261564
15.6 2 0.0242498
15.6 2.4 0.0199561
15.6 2.8 0.0144065
15.6 3.2 0.0102464
15.6 3.6 0.00985325
15.6 4 0.0135375
15.6 4.4 0.0190433
15.6 4.8 0.0227837
15.6 5.2 0.0220289
15.6 5.6 0.0165833
15.6 6 0.00882259
15.6 6.4 0.00207899
15.6 6.8 -0.00150795
15.6 7.2 -0.00219265
15.6 7.6 -0.00200935
15.6 8 -0.000327416
15.6 8.4 0
15.6 8.8 0

16 0 0
16 0.4 0.00276373
16 0.8 0.0199791
16 1.2 0.018263
16 1.6 0.0153252
16 2 0.00907909
16 2.4 -0.000904328
16 2.8 -0.0123271
16 3.2 -0.0210879
16 3.6 -0.0237171
16 4 -0.0196196
16 4.4 -0.0115046
16 4.8 -0.00366332
16 5.2 0.000712956
16 5.6 0.00131896
16 6 0.000432867
16 6.4 0.00083189
16 6.8 0.00349642
16 7.2 0.00684815
16 7.6 0.00839139
16 8 0.00108339
16 8.4 0
16 8.8 0

16.4 0 0
16.4 0.4 0.00174433
16.4 0.8 0.0127404
16.4 1.2 0.0115007
16.4 1.6 0.00807183
16.4 2 -0.000239841
16.4 2.4 -0.0140346
16.4 2.8 -0.0304989
16.4 3.2 -0.0445168
16.4 3.6 -0.0515531
16.4 4 -0.0502651
16.4 4.4 -0.0429914
16.4 4.8 -0.0338383
16.4 5.2 -0.0258254
16.4 5.6 -0.0191848
16.4 6 -0.0119936
16.4 6.4 -0.00256331
16.4 6.8 0.00827735
16.4 7.2 0.016733
16.4 7.6 0.0176163
16.4 8 0.00233849
16.4 8.4 0
16.4 8.8 0

16.8 0 0
16.8 0.4 0.00195386
16.8 0.8 0.0143661
16.8 1.2 0.0139528
16.8 1.6 0.0115474
16.8 2 0.00353671
16.8 2.4 -0.0113493
16.8 2.8 -0.0304706
16.8 3.2 -0.0483989
16.8 3.6 -0.0599722
16.8 4 -0.0630823
16.8 4.4 -0.0592532
16.8 4.8 -0.0517696
16.8 5.2 -0.0429417
16.8 5.6 -0.0326617
16.8 6 -0.0193325
16.8 6.4 -0.00237035
16.8 6.8 0.0157428
16.8 7.2 0.0295298
16.8 7.6 0.0063528
16.8 8 0
16.8 8.4 0
16.8 8.8 0

17.2 0 0
17.2 0.4 0.00331387
17.2 0.8 0.0242512
17.2 1.2 0.0245391
17.2 1.6 0.0239847
17.2 2 0.0181422
17.2 2.4 0.00494382
17.2 2.8 -0.0136012
17.2 3.2 -0.0324429
17.2 3.6 -0.0464651
17.2 4 -0.0532088
17.2 4.4 -0.0534536
17.2 4.8 -0.0494828
17.2 5.2 -0.0426347
17.2 5.6 -0.0322194
17.2 6 -0.0167026
17.2 6.4 0.00383877
17.2 6.8 0.0260894
17.2 7.2 0.04399
17.2 7.6 0.00596987
17.2 8 0
17.2 8.4 0
17.2 8.8 0

17.6 0 0
17.6 0.4 0.00441775
17.6 0.8 0.0321881
17.6 1.2 0.0333687
17.6 1.6 0.0352275
17.6 2 0.032891
17.6 2.4 0.0237353
17.6 2.8 0.00904023
17.6 3.2 -0.00696509
17.6 3.6 -0.0198485
17.6 4 -0.0274299
17.6 4.4 -0.0302175
17.6 4.8 -0.0297577
17.6 5.2 -0.0264907
17.6 5.6 -0.0190451
17.6 6 -0.00566762
17.6 6.4 0.013412
17.6 6.8 0.035055
17.6 7.2 0.0562554
17.6 7.6 0.00761774
17.6 8 0
17.6 8.4 0
17.6 8.8 0

18 0 0
18 0.4 0.00355726
18 0.8 0.0258081
18 1.2 0.0287663
18 1.6 0.0336696
18 2 0.0357485
18 2.4 0.0322804
18 2.8 0.0240278
18 3.2 0.0142864
18 3.6 0.00639835
18 4 0.00167893
18 4.4 -0.000726128
18 4.8 -0.00213938
18 5.2 -0.00240712
18 5.6 0.000476461
18 6 0.00863912
18 6.4 0.0217154
18 6.8 0.035178
18 7.2 0.0123141
18 7.6 0
18 8 0
18 8.4 0
18 8.8 0

18.4 0 0
18.4 0.4 0.000140554
18.4 0.8 0.000855039
18.4 1.2 0.00675391
18.4 1.6 0.0152826
18.4 2 0.0221907
18.4 2.4 0.0250862
18.4 2.8 0.0245529
18.4 3.2 0.0231042
18.4 3.6 0.0228942
18.4 4 0.0240361
18.4 4.4 0.0248454
18.4 4.8 0.0237438
18.4 5.2 0.0211624
18.4 5.6 0.0197045
18.4 6 0.0221828
18.4 6.4 0.0290581
18.4 6.8 0.0386158
18.4 7.2 0.00513404
18.4 7.6 0
18.4 8 0
18.4 8.4 0
18.4 8.8 0

18.8 0 0
18.8 0.4 -0.00458775
18.8 0.8 -0.0336036
18.8 1.2 -0.0242283
18.8 1.6 -0.0120136
18.8 2 -0.000596785
18.8 2.4 0.00813311
18.8 2.8 0.0148373
18.8 3.2 0.0215192
18.8 3.6 0.0293236
18.8 4 0.0371664
18.8 4.4 0.042373
18.8 4.8 0.0428836
18.8 5.2 0.0392491
18.8 5.6 0.0346593
18.8 6 0.0325803
18.8 6.4 0.0329
18.8 6.8 0.00948722
18.8 7.2 0
18.8 7.6 0
18.8 8 0
18.8 8.4 0
18.8 8.8 0

19.2 0 0
19.2 0.4 -0.00816205
19.2 0.8 -0.059649
19.2 1.2 -0.047565
19.2 1.6 -0.0325212
19.2 2 -0.0178267
19.2 2.4 -0.00504135
19.2 2.8 0.00662958
19.2 3.2 0.0189507
19.2 3.6 0.0324201
19.2 4 0.0450709
19.2 4.4 0.0534344
19.2 4.8 0.0550705
19.2 5.2 0.0507406
19.2 5.6 0.0444676
19.2 6 0.0413757
19.2 6.4 0.00986285
19.2 6.8 0
19.2 7.2 0
19.2 7.6 0
19.2 8 0
19.2 8.4 0
19.2 8.8 0

19.6 0 0
19.6 0.4 0
19.6 0.8 -0.00707953
19.6 1.2 -0.00561384
19.6 1.6 -0.00377015
19.6 2 -0.00194901
19.6 2.4 -0.000337381
19.6 2.8 0.00115895
19.6 3.2 0.00273993
19.6 3.6 0.0044385
19.6 4 0.00598487
19.6 4.4 0.00694064
19.6 4.8 0.00701881
19.6 5.2 0.00634609
19.6 5.6 0.00545406
19.6 6 0.00499832
19.6 6.4 0
19.6 6.8 0
19.6 7.2 0
19.6 7.6 0
19.6 8 0
19.6 8.4 0
19.6 8.8 0

20 0 0
20 0.4 0
20 0.8 0
20 1.2 0
20 1.6 0
20 2 0
20 2.4 0
20 2.8 0
20 3.2 0
20 3.6 0
20 4 0
20 4.4 0
20 4.8 0
20 5.2 0
20 5.6 0
20 6 0
20 6.4 0
20 6.8 0
20 7.2 0
20 7.6 0
20 8 0
20 8.4 0
20 8.8 0

