0 0 0
0 0.4 0
0 0.8 0
0 1.2 0
0 1.6 0
0 2 0
0 2.4 0
0 2.8 0
0 3.2 0
0 3.6 0
0 4 0
0 4.4 0
0 4.8 0
0 5.2 0
0 5.6 0
0 6 0
0 6.4 0
0 6.8 0
0 7.2 0
0 7.6 0
0 8 0
0 8.4 0
0 8.8 0

0.4 0 0
0.4 0.4 0
0.4 0.8 0.0117334
0.4 1.2 0.00972013
0.4 1.6 0.00787029
0.4 2 0.00706244
0.4 2.4 0.00730525
0.4 2.8 0.00755398
0.4 3.2 0.00641062
0.4 3.6 0.00320274
0.4 4 -0.00139045
0.4 4.4 -0.00567351
0.4 4.8 -0.00801703
0.4 5.2 -0.007912
0.4 5.6 -0.00626347
0.4 6 -0.00481209
0.4 6.4 0
0.4 6.8 0
0.4 7.2 0
0.4 7.6 0
0.4 8 0
0.4 8.4 0
0.4 8.8 0

0.8 0 0
0.8 0.4 0.0127292
0.8 0.8 0.0924661
0.8 1.2 0.0767382
0.8 1.6 0.0624381
0.8 2 0.0564528
0.8 2.4 0.0587738
0.8 2.8 0.061058
0.8 3.2 0.0521863
0.8 3.6 0.0268178
0.8 4 -0.00964936
0.8 4.4 -0.0437463
0.8 4.8 -0.0625246
0.8 5.2 -0.0619233
0.8 5.6 -0.0490915
0.8 6 -0.0377731
0.8 6.4 -0.00667289
0.8 6.8 0
0.8 7.2 0
0.8 7.6 0
0.8 8 0
0.8 8.4 0
0.8 8.8 0

1.2 0 0
1.2 0.4 0.00835519
1.2 0.8 0.0607392
1.2 1.2 0.0476683
1.2 1.6 0.0351768
1.2 2 0.0304741
1.2 2.4 0.0343961
1.2 2.8 0.0397606
1.2 3.2 0.0362736
1.2 3.6 0.0184007
1.2 4 -0.00984853
1.2 4.4 -0.0370177
1.2 4.8 -0.0517425
1.2 5.2 -0.0501512
1.2 5.6 -0.0376611
1.2 6 -0.0236994
1.2 6.4 -0.0117069
1.2 6.8 -0.00234424
1.2 7.2 0
1.2 7.6 0
1.2 8 0
1.2 8.4 0
1.2 8.8 0

1.6 0 0
1.6 0.4 0.00205696
1.6 0.8 0.0150437
1.6 1.2 0.00528905
1.6 1.6 -0.00516546
1.6 2 -0.00817453
1.6 2.4 -0.00158891
1.6 2.8 0.00868887
1.6 3.2 0.0129569
1.6 3.6 0.00507353
1.6 4 -0.0127177
1.6 4.4 -0.0311867
1.6 4.8 -0.0406235
1.6 5.2 -0.037455
1.6 5.6 -0.0259931
1.6 6 -0.0141959
1.6 6.4 -0.00719271
1.6 6.8 -0.00610499
1.6 7.2 -0.000782891
1.6 7.6 0
1.6 8 0
1.6 8.4 0
1.6 8.8 0

2 0 0
2 0.4 -0.00471502
2 0.8 -0.0341442
2 1.2 -0.0400389
2 1.6 -0.0477709
2 2 -0.0483688
2 2.4 -0.0385417
2 2.8 -0.0231056
2 3.2 -0.011286
2 3.6 -0.0097732
2 4 -0.0178339
2 4.4 -0.0280961
2 4.8 -0.0322029
2 5.2 -0.0268433
2 5.6 -0.0155516
2 6 -0.00515796
2 6.4 -0.000105993
2 6.8 0.00035326
2 7.2 0.00191731
2 7.6 0
2 8 0
2 8.4 0
2 8.8 0

2.4 0 0
2.4 0.4 -0.0103213
2.4 0.8 -0.0749331
2.4 1.2 -0.0767778
2.4 1.6 -0.0809563
2.4 2 -0.0784212
2.4 2.4 -0.0654654
2.4 2.8 -0.0462466
2.4 3.2 -0.029478
2.4 3.6 -0.0219122
2.4 4 -0.0235594
2.4 4.4 -0.028119
2.4 4.8 -0.0280429
2.4 5.2 -0.0201618
2.4 5.6 -0.00755784
2.4 6 0.00352819
2.4 6.4 0.00903203
2.4 6.8 0.0103633
2.4 7.2 0.0138517
2.4 7.6 0.00184176
2.4 8 0
2.4 8.4 0
2.4 8.8 0

2.8 0 0
2.8 0.4 -0.0132921
2.8 0.8 -0.096603
2.8 1.2 -0.094919
2.8 1.6 -0.095232
2.8 2 -0.089473
2.8 2.4 -0.0744683
2.8 2.8 -0.054152
2.8 3.2 -0.0365093
2.8 3.6 -0.0276405
2.8 4 -0.027391
2.8 4.4 -0.0297384
2.8 4.8 -0.0274807
2.8 5.2 -0.0175486
2.8 5.6 -0.00292174
2.8 6 0.01012
2.8 6.4 0.0170456
2.8 6.8 0.0183762
2.8 7.2 0.0186072
2.8 7.6 0.00247968
2.8 8 0
2.8 8.4 0
2.8 8.8 0

3.2 0 0
3.2 0.4 -0.0127823
3.2 0.8 -0.0929442
3.2 1.2 -0.0892269
3.2 1.6 -0.0865847
3.2 2 -0.078848
3.2 2.4 -0.0640679
3.2 2.8 -0.0460858
3.2 3.2 -0.0317666
3.2 3.6 -0.0259073
3.2 4 -0.027585
3.2 4.4 -0.0306978
3.2 4.8 -0.0283158
3.2 5.2 -0.0176024
3.2 5.6 -0.00167189
3.2 6 0.0128832
3.2 6.4 0.0207968
3.2 6.8 0.0216354
3.2 7.2 0.019688
3.2 7.6 0.0025882
3.2 8 0
3.2 8.4 0
3.2 8.8 0

3.6 0 0
3.6 0.4 -0.00894771
3.6 0.8 -0.0650409
3.6 1.2 -0.0617107
3.6 1.6 -0.0585724
3.6 2 -0.0517551
3.6 2.4 -0.0404998
3.6 2.8 -0.0281839
3.6 3.2 -0.0200938
3.6 3.6 -0.0194299
3.6 4 -0.0245215
3.6 4.4 -0.0294944
3.6 4.8 -0.0281034
3.6 5.2 -0.0180347
3.6 5.6 -0.00256416
3.6 6 0.0116166
3.6 6.4 0.018775
3.6 6.8 0.0174844
3.6 7.2 0.0104078
3.6 7.6 -0.000134121
3.6 8 -3.83931e-05
3.6 8.4 0
3.6 8.8 0

4 0 0
4 0.4 -0.00298977
4 0.8 -0.0216377
4 1.2 -0.0215527
4 1.6 -0.0215708
4 2 -0.0194867
4 2.4 -0.0149883
4 2.8 -0.0103654
4 3.2 -0.00905049
4 3.6 -0.0128395
4 4 -0.0199295
4 4.4 -0.0255002
4 4.8 -0.024715
4 5.2 -0.016115
4 5.6 -0.00294001
4 6 0.00866991
4 6.4 0.0134025
4 6.8 0.00987207
4 7.2 0.00108836
4 7.6 -0.007456
4 8 -0.00101594
4 8.4 0
4 8.8 0

4.4 0 0
4.4 0.4 0.00326276
4.4 0.8 0.0239132
4.4 1.2 0.0185569
4.4 1.6 0.0120807
4.4 2 0.00636292
4.4 2.4 0.00230793
4.4 2.8 -0.000769602
4.4 3.2 -0.004503
4.4 3.6 -0.00983076
4.4 4 -0.0156664
4.4 4.4 -0.0191379
4.4 4.8 -0.017483
4.4 5.2 -0.0103156
4.4 5.6 -0.000527359
4.4 6 0.00702574
4.4 6.4 0.00831322
4.4 6.8 0.00257586
4.4 7.2 -0.00712918
4.4 7.6 -0.0154361
4.4 8 -0.00208606
4.4 8.4 0
4.4 8.8 0

4.8 0 0
4.8 0.4 0.00806063
4.8 0.8 0.0588349
4.8 1.2 0.0476772
4.8 1.6 0.0336909
4.8 2 0.0195184
4.8 2.4 0.00738902
4.8 2.8 -0.00164332
4.8 3.2 -0.00774964
4.8 3.6 -0.0115653
4.8 4 -0.0132739
4.8 4.4 -0.0123757
4.8 4.8 -0.00841306
4.8 5.2 -0.00206593
4.8 5.6 0.00438724
4.8 6 0.00784553
4.8 6.4 0.00605463
4.8 6.8 -0.00090951
4.8 7.2 -0.0103581
4.8 7.6 -0.0180922
4.8 8 -0.00464562
4.8 8.4 0
4.8 8.8 0

5.2 0 0
5.2 0.4 0.0103678
5.2 0.8 0.0755774
5.2 1.2 0.0605382
5.2 1.6 0.0411297
5.2 2 0.0208749
5.2 2.4 0.00320743
5.2 2.8 -0.00944738
5.2 3.2 -0.0161789
5.2 3.6 -0.0174632
5.2 4 -0.014585
5.2 4.4 -0.00905656
5.2 4.8 -0.0023755
5.2 5.2 0.00391816
5.2 5.6 0.00822541
5.2 6 0.00920906
5.2 6.4 0.00638198
5.2 6.8 0.000539733
5.2 7.2 -0.0063976
5.2 7.6 -0.0122166
5.2 8 -0.0156128
5.2 8.4 -0.00223593
5.2 8.8 0

5.6 0 0
5.6 0.4 0.0101169
5.6 0.8 0.0736837
5.6 1.2 0.0582902
5.6 1.6 0.0379636
5.6 2 0.0162085
5.6 2.4 -0.00334877
5.6 2.8 -0.0177247
5.6 3.2 -0.0252147
5.6 3.6 -0.0257426
5.6 4 -0.0207586
5.6 4.4 -0.0126939
5.6 4.8 -0.00418502
5.6 5.2 0.00264583
5.6 5.6 0.00664325
5.6 6 0.00773339
5.6 6.4 0.0067228
5.6 6.8 0.00485151
5.6 7.2 0.00322126
5.6 7.6 0.00228863
5.6 8 0.00162476
5.6 8.4 5.39905e-06
5.6 8.8 0

6 0 0
6 0.4 0.00809094
6 0.8 0.058898
6 1.2 0.0468805
6 1.6 0.0307322
6 2 0.0125203
6 2.4 -0.00538853
6 2.8 -0.0204417
6 3.2 -0.0303106
6 3.6 -0.0336489
6 4 -0.0307419
6 4.4 -0.0235218
6 4.8 -0.0148054
6 5.2 -0.00711491
6 5.6 -0.00170182
6 6 0.00172929
6 6.4 0.00450006
6 6.8 0.00796425
6 7.2 0.0125936
6 7.6 0.0176352
6 8 0.0215344
6 8.4 0.00262002
6 8.8 0

6.4 0 0
6.4 0.4 0.00555015
6.4 0.8 0.0404092
6.4 1.2 0.0342048
6.4 1.6 0.0258603
6.4 2 0.0148047
6.4 2.4 0.000932922
6.4 2.8 -0.0144297
6.4 3.2 -0.0284375
6.4 3.6 -0.0378518
6.4 4 -0.0406741
6.4 4.4 -0.0371686
6.4 4.8 -0.0296015
6.4 5.2 -0.0208999
6.4 5.6 -0.0131049
6.4 6 -0.00655841
6.4 6.4 -0.000235897
6.4 6.8 0.00709578
6.4 7.2 0.0156958
6.4 7.6 0.0244076
6.4 8 0.0312308
6.4 8.4 0.00394239
6.4 8.8 0

6.8 0 0
6.8 0.4 0.00374701
6.8 0.8 0.0273022
6.8 1.2 0.0270928
6.8 1.6 0.0272759
6.8 2 0.0242978
6.8 2.4 0.0152028
6.8 2.8 -0.000228673
6.8 3.2 -0.0187967
6.8 3.6 -0.0352808
6.8 4 -0.0450452
6.8 4.4 -0.0462225
6.8 4.8 -0.0402327
6.8 5.2 -0.030518
6.8 5.6 -0.0204541
6.8 6 -0.0117658
6.8 6.4 -0.00428121
6.8 6.8 0.003077
6.8 7.2 0.0109264
6.8 7.6 0.0186675
6.8 8 0.0247893
6.8 8.4 0.00318568
6.8 8.8 0

7.2 0 0
7.2 0.4 0.00346886
7.2 0.8 0.0252541
7.2 1.2 0.0289693
7.2 1.6 0.0353294
7.2 2 0.0385748
7.2 2.4 0.0335713
7.2 2.8 0.0187553
7.2 3.2 -0.00267902
7.2 3.6 -0.0242138
7.2 4 -0.0392183
7.2 4.4 -0.0440519
7.2 4.8 -0.0393629
7.2 5.2 -0.0290804
7.2 5.6 -0.0179635
7.2 6 -0.00927359
7.2 6.4 -0.0038095
7.2 6.8 -0.000532154
7.2 7.2 0.0019932
7.2 7.6 0.00444608
7.2 8 0.00656493
7.2 8.4 0.000887105
7.2 8.8 0

7.6 0 0
7.6 0.4 0.00474245
7.6 0.8 0.034432
7.6 1.2 0.0387435
7.6 1.6 0.0470308
7.6 2 0.0529894
7.6 2.4 0.0507272
7.6 2.8 0.0378331
7.6 3.2 0.0168958
7.6 3.6 -0.0055952
7.6 4 -0.0224172
7.6 4.4 -0.0290663
7.6 4.8 -0.0256062
7.6 5.2 -0.0160554
7.6 5.6 -0.00592047
7.6 6 0.000549521
7.6 6.4 0.00189347
7.6 6.8 -0.000785135
7.6 7.2 -0.00521171
7.6 7.6 -0.00937682
7.6 8 -0.0121821
7.6 8.4 -0.00151288
7.6 8.8 0

8 0 0
8 0.4 0.00682939
8 0.8 0.0494909
8 1.2 0.0512457
8 1.6 0.0571111
8 2 0.0620936
8 2.4 0.0611036
8 2.8 0.051427
8 3.2 0.0343972
8 3.6 0.0150185
8 4 -0.000442354
8 4.4 -0.00759095
8 4.8 -0.00597473
8 5.2 0.00102561
8 5.6 0.00825792
8 6 0.0114648
8 6.4 0.00903018
8 6.8 0.00205714
8 7.2 -0.00684957
8 7.6 -0.0150592
8 8 -0.0207643
8 8.4 -0.00262996
8 8.8 0

8.4 0 0
8.4 0.4 0.00862212
8.4 0.8 0.0624369
8.4 1.2 0.0599549
8.4 1.6 0.0607148
8.4 2 0.0623111
8.4 2.4 0.061519
8.4 2.8 0.0556983
8.4 3.2 0.0444869
8.4 3.6 0.0304074
8.4 4 0.0177177
8.4 4.4 0.010101
8.4 4.8 0.00864766
8.4 5.2 0.0113987
8.4 5.6 0.014655
8.4 6 0.0151041
8.4 6.4 0.0114059
8.4 6.8 0.00441704
8.4 7.2 -0.00375749
8.4 7.6 -0.0110017
8.4 8 -0.0158947
8.4 8.4 -0.0020215
8.4 8.8 0

8.8 0 0
8.8 0.4 0.0092129
8.8 0.8 0.0667146
8.8 1.2 0.0603475
8.8 1.6 0.055943
8.8 2 0.0539125
8.8 2.4 0.0530781
8.8 2.8 0.0509648
8.8 3.2 0.0454653
8.8 3.6 0.0364437
8.8 4 0.0259507
8.8 4.4 0.0168938
8.8 4.8 0.0111977
8.8 5.2 0.00879619
8.8 5.6 0.00805435
8.8 6 0.00712104
8.8 6.4 0.0051169
8.8 6.8 0.00237247
8.8 7.2 -0.000221339
8.8 7.6 -0.00203013
8.8 8 -0.00297278
8.8 8.4 -0.000365708
8.8 8.8 0

9.2 0 0
9.2 0.4 0.00829843
9.2 0.8 0.0601098
9.2 1.2 0.0516739
9.2 1.6 0.0440874
9.2 2 0.0399688
9.2 2.4 0.0396649
9.2 2.8 0.040723
9.2 3.2 0.0395847
9.2 3.6 0.0340068
9.2 4 0.0243696
9.2 4.4 0.0131269
9.2 4.8 0.00310561
9.2 5.2 -0.00396485
9.2 5.6 -0.00779088
9.2 6 -0.00886473
9.2 6.4 -0.00768126
9.2 6.8 -0.00454212
9.2 7.2 4.79937e-05
9.2 7.6 0.00498683
9.2 8 0.00873971
9.2 8.4 0.00114702
9.2 8.8 0

9.6 0 0
9.6 0.4 0.00632236
9.6 0.8 0.045792
9.6 1.2 0.03753
9.6 1.6 0.0295818
9.6 2 0.0256646
9.6 2.4 0.0267493
9.6 2.8 0.0301843
9.6 3.2 0.0315366
9.6 3.6 0.0275115
9.6 4 0.0178065
9.6 4.4 0.00487996
9.6 4.8 -0.00776611
9.6 5.2 -0.0173452
9.6 5.6 -0.0225209
9.6 6 -0.0231005
9.6 6.4 -0.0194466
9.6 6.8 -0.0123011
9.6 7.2 -0.00305223
9.6 7.6 0.00610339
9.6 8 0.0126001
9.6 8.4 0.00165058
9.6 8.8 0

10 0 0
10 0.4 0.00426444
10 0.8 0.0308276
10 1.2 0.0244867
10 1.6 0.0186563
10 2 0.0168484
10 2.4 0.0196598
10 2.8 0.0240947
10 3.2 0.0256579
10 3.6 0.0213438
10 4 0.0113301
10 4.4 -0.00151767
10 4.8 -0.0135593
10 5.2 -0.0221658
10 5.6 -0.026326
10 6 -0.0261572
10 6.4 -0.0221865
10 6.8 -0.0151498
10 7.2 -0.00631734
10 7.6 0.00226105
10 8 0.00813707
10 8.4 0.00107291
10 8.8 0

10.4 0 0
10.4 0.4 0.00311995
10.4 0.8 0.0224441
10.4 1.2 0.0188306
10.4 1.6 0.0165252
10.4 2 0.0175805
10.4 2.4 0.0213343
10.4 2.8 0.0244704
10.4 3.2 0.0233897
10.4 3.6 0.0167617
10.4 4 0.00633423
10.4 4.4 -0.00436646
10.4 4.8 -0.012253
10.4 5.2 -0.0161646
10.4 5.6 -0.0167938
10.4 6 -0.0155017
10.4 6.4 -0.0131882
10.4 6.8 -0.0100701
10.4 7.2 -0.00628446
10.4 7.6 -0.00253213
10.4 8 -5.7477e-05
10.4 8.4 4.12679e-06
10.4 8.8 0

10.8 0 0
10.8 0.4 0.00334555
10.8 0.8 0.0240102
10.8 1.2 0.0230832
10.8 1.6 0.0245314
10.8 2 0.0279546
10.8 2.4 0.0308341
10.8 2.8 0.0297422
10.8 3.2 0.0228843
10.8 3.6 0.0117181
10.8 4 0.000317459
10.8 4.4 -0.00706622
10.8 4.8 -0.00849666
10.8 5.2 -0.00522161
10.8 5.6 -0.000503581
10.8 6 0.00256725
10.8 6.4 0.00270584
10.8 6.8 0.000574351
10.8 7.2 -0.00229641
10.8 7.6 -0.00473059
10.8 8 -0.0063548
10.8 8.4 -0.000821907
10.8 8.8 0

11.2 0 0
11.2 0.4 0.00462838
11.2 0.8 0.0333196
11.2 1.2 0.0345257
11.2 1.6 0.0390595
11.2 2 0.0435982
11.2 2.4 0.043645
11.2 2.8 0.0359799
11.2 3.2 0.0211448
11.2 3.6 0.00382016
11.2 4 -0.00945558
11.2 4.4 -0.0138617
11.2 4.8 -0.00889365
11.2 5.2 0.00160144
11.2 5.6 0.0118162
11.2 6 0.0171406
11.2 6.4 0.0161389
11.2 6.8 0.0104228
11.2 7.2 0.00299271
11.2 7.6 -0.00353172
11.2 8 -0.00766803
11.2 8.4 -0.000999553
11.2 8.8 0

11.6 0 0
11.6 0.4 0.00616137
11.6 0.8 0.0445377
11.6 1.2 0.0469899
11.6 1.6 0.0532578
11.6 2 0.0575104
11.6 2.4 0.0537743
11.6 2.8 0.0393017
11.6 3.2 0.0167955
11.6 3.6 -0.00639927
11.6 4 -0.0219369
11.6 4.4 -0.0248194
11.6 4.8 -0.0158473
11.6 5.2 -0.00080393
11.6 5.6 0.0129215
11.6 6 0.0200814
11.6 6.4 0.0195264
11.6 6.8 0.0136124
11.6 7.2 0.00599575
11.6 7.6 -0.000435072
11.6 8 -0.00426551
11.6 8.4 -0.000567634
11.6 8.8 0

12 0 0
12 0.4 0.00723863
12 0.8 0.0525072
12 1.2 0.0550577
12 1.6 0.0612326
12 2 0.0639401
12 2.4 0.0567286
12 2.8 0.0374993
12 3.2 0.0103399
12 3.6 -0.0161029
12 4 -0.0329641
12 4.4 -0.035669
12 4.8 -0.0259565
12 5.2 -0.0103802
12 5.6 0.00355958
12 6 0.0111685
12 6.4 0.0120743
12 6.8 0.00904438
12 7.2 0.0054039
12 7.6 0.00301459
12 8 0.0020059
12 8.4 0.000221629
12 8.8 0

12.4 0 0
12.4 0.4 0.00765474
12.4 0.8 0.0556723
12.4 1.2 0.056964
12.4 1.6 0.0609583
12.4 2 0.0609465
12.4 2.4 0.051207
12.4 2.8 0.0304321
12.4 3.2 0.00309851
12.4 3.6 -0.0224715
12.4 4 -0.0383621
12.4 4.4 -0.0410738
12.4 4.8 -0.0329067
12.4 5.2 -0.0200533
12.4 5.6 -0.00881082
12.4 6 -0.00236872
12.4 6.4 -2.12787e-05
12.4 6.8 0.00109674
12.4 7.2 0.00330457
12.4 7.6 0.0066981
12.4 8 0.00952809
12.4 8.4 0.00114676
12.4 8.8 0

12.8 0 0
12.8 0.4 0.00765388
12.8 0.8 0.0557555
12.8 1.2 0.0545026
12.8 1.6 0.054473
12.8 2 0.0507043
12.8 2.4 0.0392239
12.8 2.8 0.0196524
12.8 3.2 -0.00393581
12.8 3.6 -0.0248124
12.8 4 -0.0371014
12.8 4.4 -0.0388147
12.8 4.8 -0.0325311
12.8 5.2 -0.0234011
12.8 5.6 -0.0158929
12.8 6 -0.0114282
12.8 6.4 -0.00833112
12.8 6.8 -0.00388318
12.8 7.2 0.00312593
12.8 7.6 0.0111955
12.8 8 0.0170522
12.8 8.4 0.00204986
12.8 8.8 0

13.2 0 0
13.2 0.4 0.00755134
13.2 0.8 0.0550403
13.2 1.2 0.0505183
13.2 1.6 0.0455417
13.2 2 0.0375797
13.2 2.4 0.0248607
13.2 2.8 0.00792654
13.2 3.2 -0.0099764
13.2 3.6 -0.0242689
13.2 4 -0.0314608
13.2 4.4 -0.0310579
13.2 4.8 -0.0256666
13.2 5.2 -0.0192178
13.2 5.6 -0.0144983
13.2 6 -0.0116361
13.2 6.4 -0.00851455
13.2 6.8 -0.00276607
13.2 7.2 0.00607995
13.2 7.6 0.0158136
13.2 8 0.0226989
13.2 8.4 0.00271617
13.2 8.8 0

13.6 0 0
13.6 0.4 0.00737857
13.6 0.8 0.0537917
13.6 1.2 0.0462459
13.6 1.6 0.0367724
13.6 2 0.0251811
13.6 2.4 0.0116846
13.6 2.8 -0.00250235
13.6 3.2 -0.0150849
13.6 3.6 -0.0234898
13.6 4 -0.0261807
13.6 4.4 -0.0236041
13.6 4.8 -0.0180323
13.6 5.2 -0.0122927
13.6 5.6 -0.00815548
13.6 6 -0.00543048
13.6 6.4 -0.00238818
13.6 6.8 0.00275447
13.6 7.2 0.0102763
13.6 7.6 0.0183994
13.6 8 0.0241736
13.6 8.4 0.00288601
13.6 8.8 0

14 0 0
14 0.4 0.00687086
14 0.8 0.0501335
14 1.2 0.0407962
14 1.6 0.0285713
14 2 0.0149384
14 2.4 0.00138757
14 2.8 -0.0106528
14 3.2 -0.0198242
14 3.6 -0.0250121
14 4 -0.0257182
14 4.4 -0.0224002
14 4.8 -0.0164622
14 5.2 -0.00976091
14 5.6 -0.00382451
14 6 0.000774475
14 6.4 0.00448928
14 6.8 0.00823715
14 7.2 0.0125539
14 7.6 0.0170315
14 8 0.0204296
14 8.4 0.00244302
14 8.8 0

14.4 0 0
14.4 0.4 0.00577363
14.4 0.8 0.0422316
14.4 1.2 0.03282
14.4 1.6 0.0202114
14.4 2 0.00672014
14.4 2.4 -0.00571187
14.4 2.8 -0.0159734
14.4 3.2 -0.0236685
14.4 3.6 -0.0286181
14.4 4 -0.0304595
14.4 4.4 -0.0287232
14.4 4.8 -0.023345
14.4 5.2 -0.0151803
14.4 5.6 -0.00602408
14.4 6 0.00201781
14.4 6.4 0.00747384
14.4 6.8 0.0101619
14.4 7.2 0.0111158
14.4 7.6 0.0118286
14.4 8 0.01321
14.4 8.4 0.00159535
14.4 8.8 0

14.8 0 0
14.8 0.4 0.00414255
14.8 0.8 0.0304553
14.8 1.2 0.0223722
14.8 1.6 0.011389
14.8 2 0.000116909
14.8 2.4 -0.00958604
14.8 2.8 -0.0173521
14.8 3.2 -0.0239418
14.8 3.6 -0.0299889
14.8 4 -0.0348642
14.8 4.4 -0.0366491
14.8 4.8 -0.0333771
14.8 5.2 -0.0246995
14.8 5.6 -0.0127183
14.8 6 -0.0012418
14.8 6.4 0.0061876
14.8 6.8 0.00825795
14.8 7.2 0.00658353
14.8 7.6 0.0047756
14.8 8 0.00696042
14.8 8.4 0.000865488
14.8 8.8 0

15.2 0 0
15.2 0.4 0.00232931
15.2 0.8 0.0172964
15.2 1.2 0.0110259
15.2 1.6 0.00256213
15.2 2 -0.00513733
15.2 2.4 -0.0103144
15.2 2.8 -0.0135421
15.2 3.2 -0.0170901
15.2 3.6 -0.0228012
15.2 4 -0.0301003
15.2 4.4 -0.0357832
15.2 4.8 -0.0359499
15.2 5.2 -0.0288188
15.2 5.6 -0.0164005
15.2 6 -0.00371236
15.2 6.4 0.00409232
15.2 6.8 0.00483275
15.2 7.2 0.000589829
15.2 7.6 -0.00370487
15.2 8 0.000483598
15.2 8.4 0
15.2 8.8 0

15.6 0 0
15.6 0.4 0.000653333
15.6 0.8 0.00503517
15.6 1.2 0.000116724
15.6 1.6 -0.00618145
15.6 2 -0.00998653
15.6 2.4 -0.00923229
15.6 2.8 -0.00535425
15.6 3.2 -0.00244131
15.6 3.6 -0.00419942
15.6 4 -0.0109531
15.6 4.4 -0.0190066
15.6 4.8 -0.0229985
15.6 5.2 -0.0196635
15.6 5.6 -0.0103197
15.6 6 -0.000234375
15.6 6.4 0.00478365
15.6 6.8 0.00224539
15.6 7.2 -0.00535723
15.6 7.6 -0.0122207
15.6 8 -0.00159788
15.6 8.4 0
15.6 8.8 0

16 0 0
16 0.4 -0.000904297
16 0.8 -0.00644417
16 1.2 -0.010989
16 1.6 -0.0164256
16 2 -0.0172419
16 2.4 -0.0104427
16 2.8 0.00204036
16 3.2 0.0142835
16 3.6 0.0202361
16 4 0.017784
16 4.4 0.0100677
16 4.8 0.00309642
16 5.2 0.00139398
16 5.6 0.00483136
16 6 0.00891882
16 6.4 0.00830134
16 6.8 0.000871811
16 7.2 -0.0105209
16 7.6 -0.0199497
16 8 -0.00265515
16 8.4 0
16 8.8 0

16.4 0 0
16.4 0.4 -0.00257857
16.4 0.8 -0.0187744
16.4 1.2 -0.0237971
16.4 1.6 -0.0298795
16.4 2 -0.0294651
16.4 2.4 -0.0181543
16.4 2.8 0.00214875
16.4 3.2 0.0241053
16.4 3.6 0.039398
16.4 4 0.0437099
16.4 4.4 0.0388197
16.4 4.8 0.0305319
16.4 5.2 0.0241538
16.4 5.6 0.0208965
16.4 6 0.0177483
16.4 6.4 0.0106993
16.4 6.8 -0.00133003
16.4 7.2 -0.0150914
16.4 7.6 -0.0258575
16.4 8 -0.0034684
16.4 8.4 0
16.4 8.8 0

16.8 0 0
16.8 0.4 -0.00435355
16.8 0.8 -0.0317624
16.8 1.2 -0.0375809
16.8 1.6 -0.0452558
16.8 2 -0.0454243
16.8 2.4 -0.0322755
16.8 2.8 -0.00724955
16.8 3.2 0.0216714
16.8 3.6 0.0446538
16.8 4 0.0555212
16.8 4.4 0.0544704
16.8 4.8 0.0464935
16.8 5.2 0.037066
16.8 5.6 0.0284506
16.8 6 0.0192397
16.8 6.4 0.00714807
16.8 6.8 -0.00739968
16.8 7.2 -0.0197608
16.8 7.6 -0.00618328
16.8 8 0
16.8 8.4 0
16.8 8.8 0

17.2 0 0
17.2 0.4 -0.00562259
17.2 0.8 -0.0409696
17.2 1.2 -0.0475678
17.2 1.6 -0.057097
17.2 2 -0.0592032
17.2 2.4 -0.0471615
17.2 2.8 -0.0217752
17.2 3.2 0.00917175
17.2 3.6 0.0354818
17.2 4 0.0500791
17.2 4.4 0.0519853
17.2 4.8 0.0451842
17.2 5.2 0.0347526
17.2 5.6 0.0233827
17.2 6 0.0107832
17.2 6.4 -0.00400529
17.2 6.8 -0.0196914
17.2 7.2 -0.0319781
17.2 7.6 -0.0043782
17.2 8 0
17.2 8.4 0
17.2 8.8 0

17.6 0 0
17.6 0.4 -0.00532148
17.6 0.8 -0.0386922
17.6 1.2 -0.0461886
17.6 1.6 -0.0574603
17.6 2 -0.0622885
17.6 2.4 -0.0538728
17.6 2.8 -0.0325178
17.6 3.2 -0.00516066
17.6 3.6 0.018812
17.6 4 0.0326536
17.6 4.4 0.0350472
17.6 4.8 0.0291857
17.6 5.2 0.0193888
17.6 5.6 0.00807304
17.6 6 -0.00472123
17.6 6.4 -0.0193018
17.6 6.8 -0.0339798
17.6 7.2 -0.0450638
17.6 7.6 -0.00614685
17.6 8 0
17.6 8.4 0
17.6 8.8 0

18 0 0
18 0.4 -0.00258753
18 0.8 -0.0187221
18 1.2 -0.027628
18 1.6 -0.0405245
18 2 -0.0484011
18 2.4 -0.0452752
18 2.8 -0.0313108
18 3.2 -0.0122829
18 3.6 0.00409963
18 4 0.0125158
18 4.4 0.0122447
18 4.8 0.00615891
18 5.2 -0.00227963
18 5.6 -0.0114957
18 6 -0.0218897
18 6.4 -0.0337557
18 6.8 -0.0449893
18 7.2 -0.0121996
18 7.6 0
18 8 0
18 8.4 0
18 8.8 0

18.4 0 0
18.4 0.4 0.00242984
18.4 0.8 0.0178076
18.4 1.2 0.00676628
18.4 1.6 -0.00781164
18.4 2 -0.0187623
18.4 2.4 -0.0215247
18.4 2.8 -0.0165039
18.4 3.2 -0.00834715
18.4 3.6 -0.00274167
18.4 4 -0.00296119
18.4 4.4 -0.0084485
18.4 4.8 -0.0161673
18.4 5.2 -0.0234143
18.4 5.6 -0.0297686
18.4 6 -0.0366602
18.4 6.4 -0.0451416
18.4 6.8 -0.0546973
18.4 7.2 -0.00734222
18.4 7.6 0
18.4 8 0
18.4 8.4 0
18.4 8.8 0

18.8 0 0
18.8 0.4 0.0082452
18.8 0.8 0.0600973
18.8 1.2 0.0464659
18.8 1.6 0.0300412
18.8 2 0.0162138
18.8 2.4 0.00808696
18.8 2.8 0.00480871
18.8 3.2 0.00255064
18.8 3.6 -0.00260295
18.8 4 -0.0119212
18.8 4.4 -0.0233808
18.8 4.8 -0.0334897
18.8 5.2 -0.0400991
18.8 5.6 -0.0439407
18.8 6 -0.0475256
18.8 6.4 -0.0518316
18.8 6.8 -0.014285
18.8 7.2 0
18.8 7.6 0
18.8 8 0
18.8 8.4 0
18.8 8.8 0

19.2 0 0
19.2 0.4 0.0125917
19.2 0.8 0.0917024
19.2 1.2 0.0757045
19.2 1.6 0.0573451
19.2 2 0.0410719
19.2 2.4 0.0291324
19.2 2.8 0.0202969
19.2 3.2 0.0110751
19.2 3.6 -0.001445
19.2 4 -0.0172147
19.2 4.4 -0.0330931
19.2 4.8 -0.045114
19.2 5.2 -0.0514703
19.2 5.6 -0.0539134
19.2 6 -0.0564334
19.2 6.4 -0.0145242
19.2 6.8 0
19.2 7.2 0
19.2 7.6 0
19.2 8 0
19.2 8.4 0
19.2 8.8 0

19.6 0 0
19.6 0.4 0
19.6 0.8 0.0113157
19.6 1.2 0.00932116
19.6 1.6 0.00701783
19.6 2 0.00495963
19.6 2.4 0.00342508
19.6 2.8 0.00226252
19.6 3.2 0.00104742
19.6 3.6 -0.000562511
19.6 4 -0.00253764
19.6 4.4 -0.00447299
19.6 4.8 -0.00588087
19.6 5.2 -0.0065619
19.6 5.6 -0.00676742
19.6 6 -0.00702063
19.6 6.4 0
19.6 6.8 0
19.6 7.2 0
19.6 7.6 0
19.6 8 0
19.6 8.4 0
19.6 8.8 0

20 0 0
20 0.4 0
20 0.8 0
20 1.2 0
20 1.6 0
20 2 0
20 2.4 0
20 2.8 0
20 3.2 0
20 3.6 0
20 4 0
20 4.4 0
20 4.8 0
20 5.2 0
20 5.6 0
20 6 0
20 6.4 0
20 6.8 0
20 7.2 0
20 7.6 0
20 8 0
20 8.4 0
20 8.8 0

