0 0 0
0 0.4 0
0 0.8 0
0 1.2 0
0 1.6 0
0 2 0
0 2.4 0
0 2.8 0
0 3.2 0
0 3.6 0
0 4 0
0 4.4 0
0 4.8 0
0 5.2 0
0 5.6 0
0 6 0
0 6.4 0
0 6.8 0
0 7.2 0
0 7.6 0
0 8 0
0 8.4 0
0 8.8 0

0.4 0 0
0.4 0.4 0
0.4 0.8 0.00308262
0.4 1.2 0.00214667
0.4 1.6 0.000841802
0.4 2 -0.00049426
0.4 2.4 -0.0016324
0.4 2.8 -0.00252279
0.4 3.2 -0.00323177
0.4 3.6 -0.00381357
0.4 4 -0.00422343
0.4 4.4 -0.00433428
0.4 4.8 -0.00403574
0.4 5.2 -0.00334036
0.4 5.6 -0.0024365
0.4 6 -0.00170346
0.4 6.4 0
0.4 6.8 0
0.4 7.2 0
0.4 7.6 0
0.4 8 0
0.4 8.4 0
0.4 8.8 0

0.8 0 0
0.8 0.4 0.00381717
0.8 0.8 0.0280808
0.8 1.2 0.0200802
0.8 1.6 0.00925047
0.8 2 -0.00146973
0.8 2.4 -0.0102863
0.8 2.8 -0.0171636
0.8 3.2 -0.0230947
0.8 3.6 -0.0287314
0.8 4 -0.0334934
0.8 4.4 -0.0358124
0.8 4.8 -0.0342729
0.8 5.2 -0.0288002
0.8 5.6 -0.0211742
0.8 6 -0.0149506
0.8 6.4 -0.000825386
0.8 6.8 0
0.8 7.2 0
0.8 7.6 0
0.8 8 0
0.8 8.4 0
0.8 8.8 0

1.2 0 0
1.2 0.4 0.00090921
1.2 0.8 0.00684264
1.2 1.2 0.0014182
1.2 1.6 -0.00655732
1.2 2 -0.0143049
1.2 2.4 -0.0202814
1.2 2.8 -0.0247104
1.2 3.2 -0.028707
1.2 3.6 -0.0328055
1.2 4 -0.0361148
1.2 4.4 -0.0367525
1.2 4.8 -0.0331898
1.2 5.2 -0.025447
1.2 5.6 -0.0151727
1.2 6 -0.00427756
1.2 6.4 0.00820462
1.2 6.8 0.00410514
1.2 7.2 0
1.2 7.6 0
1.2 8 0
1.2 8.4 0
1.2 8.8 0

1.6 0 0
1.6 0.4 -0.0028975
1.6 0.8 -0.020976
1.6 1.2 -0.0228553
1.6 1.6 -0.0268621
1.6 2 -0.0305636
1.6 2.4 -0.0327799
1.6 2.8 -0.0339692
1.6 3.2 -0.0352289
1.6 3.6 -0.0368359
1.6 4 -0.0375633
1.6 4.4 -0.0353592
1.6 4.8 -0.0288671
1.6 5.2 -0.0185858
1.6 5.6 -0.00669756
1.6 6 0.00444486
1.6 6.4 0.014025
1.6 6.8 0.0218776
1.6 7.2 0.00297331
1.6 7.6 0
1.6 8 0
1.6 8.4 0
1.6 8.8 0

2 0 0
2 0.4 -0.00508364
2 0.8 -0.0370432
2 1.2 -0.0360426
2 1.6 -0.036305
2 2 -0.0360066
2 2.4 -0.0345381
2 2.8 -0.0326851
2 3.2 -0.0315503
2 3.6 -0.0311806
2 4 -0.030094
2 4.4 -0.026177
2 4.8 -0.01833
2 5.2 -0.00759279
2 5.6 0.00320287
2 6 0.0111218
2 6.4 0.0149395
2 6.8 0.0157247
2 7.2 0.000361023
2 7.6 0
2 8 0
2 8.4 0
2 8.8 0

2.4 0 0
2.4 0.4 -0.00455891
2.4 0.8 -0.033396
2.4 1.2 -0.0310365
2.4 1.6 -0.0286365
2.4 2 -0.0252266
2.4 2.4 -0.0209336
2.4 2.8 -0.0169513
2.4 3.2 -0.0144735
2.4 3.6 -0.0134785
2.4 4 -0.012415
2.4 4.4 -0.00918664
2.4 4.8 -0.00281449
2.4 5.2 0.00545412
2.4 5.6 0.0125187
2.4 6 0.0151445
2.4 6.4 0.011759
2.4 6.8 0.00265255
2.4 7.2 -0.0128718
2.4 7.6 -0.00176763
2.4 8 0
2.4 8.4 0
2.4 8.8 0

2.8 0 0
2.8 0.4 -0.00234196
2.8 0.8 -0.0173871
2.8 1.2 -0.0149609
2.8 1.6 -0.0111992
2.8 2 -0.0060095
2.8 2.4 -0.000145379
2.8 2.8 0.00492376
2.8 3.2 0.00787294
2.8 3.6 0.00853739
2.8 4 0.00821902
2.8 4.4 0.00887454
2.8 4.8 0.011608
2.8 5.2 0.0155427
2.8 5.6 0.018006
2.8 6 0.0160881
2.8 6.4 0.00859198
2.8 6.8 -0.00291405
2.8 7.2 -0.0141373
2.8 7.6 -0.00194745
2.8 8 0
2.8 8.4 0
2.8 8.8 0

3.2 0 0
3.2 0.4 -0.000661365
3.2 0.8 -0.00517143
3.2 1.2 -0.00325611
3.2 1.6 0.000539261
3.2 2 0.005879
3.2 2.4 0.0119728
3.2 2.8 0.0175038
3.2 3.2 0.0210468
3.2 3.6 0.0218961
3.2 4 0.0206311
3.2 4.4 0.0188166
3.2 4.8 0.0178616
3.2 5.2 0.0178069
3.2 5.6 0.01703
3.2 6 0.0132868
3.2 6.4 0.00553016
3.2 6.8 -0.00471497
3.2 7.2 -0.0133432
3.2 7.6 -0.00338856
3.2 8 0
3.2 8.4 0
3.2 8.8 0

3.6 0 0
3.6 0.4 -0.00117403
3.6 0.8 -0.00878235
3.6 1.2 -0.00759801
3.6 1.6 -0.00537221
3.6 2 -0.00179004
3.6 2.4 0.0033066
3.6 2.8 0.00931829
3.6 3.2 0.014736
3.6 3.6 0.0178882
3.6 4 0.0180643
3.6 4.4 0.0160559
3.6 4.8 0.0135632
3.6 5.2 0.011833
3.6 5.6 0.0106079
3.6 6 0.0083302
3.6 6.4 0.00360617
3.6 6.8 -0.00313098
3.6 7.2 -0.00920087
3.6 7.6 -0.0114242
3.6 8 -0.00154672
3.6 8.4 0
3.6 8.8 0

4 0 0
4 0.4 -0.00367311
4 0.8 -0.026753
4 1.2 -0.0265941
4 1.6 -0.0274705
4 2 -0.027308
4 2.4 -0.0240981
4 2.8 -0.0172519
4 3.2 -0.00835036
4 3.6 -0.000365842
4 4 0.00422039
4 4.4 0.00501537
4 4.8 0.003794
4 5.2 0.00297156
4 5.6 0.00365286
4 6 0.00481832
4 6.4 0.00435511
4 6.8 0.00114995
4 7.2 -0.00352937
4 7.6 -0.00687039
4 8 -0.000917046
4 8.4 0
4 8.8 0

4.4 0 0
4.4 0.4 -0.00635053
4.4 0.8 -0.0460098
4.4 1.2 -0.0474075
4.4 1.6 -0.0522878
4.4 2 -0.0563565
4.4 2.4 -0.0554327
4.4 2.8 -0.0475798
4.4 3.2 -0.0344114
4.4 3.6 -0.020263
4.4 4 -0.00955613
4.4 4.4 -0.00413315
4.4 4.8 -0.00245297
4.4 5.2 -0.00121436
4.4 5.6 0.00183937
4.4 6 0.00608931
4.4 6.4 0.00862429
4.4 6.8 0.00684643
4.4 7.2 0.00112994
4.4 7.6 -0.0045457
4.4 8 -0.000588052
4.4 8.4 0
4.4 8.8 0

4.8 0 0
4.8 0.4 -0.00731018
4.8 0.8 -0.0528379
4.8 1.2 -0.0562467
4.8 1.6 -0.0649407
4.8 2 -0.0728738
4.8 2.4 -0.0741457
4.8 2.8 -0.0656929
4.8 3.2 -0.0490448
4.8 3.6 -0.0295622
4.8 4 -0.0133146
4.8 4.4 -0.00356716
4.8 4.8 0.000713813
4.8 5.2 0.00331029
4.8 5.6 0.00734082
4.8 6 0.0125627
4.8 6.4 0.0154684
4.8 6.8 0.0121942
4.8 7.2 0.00224608
4.8 7.6 -0.00920934
4.8 8 -0.00818012
4.8 8.4 0
4.8 8.8 0

5.2 0 0
5.2 0.4 -0.00602876
5.2 0.8 -0.0434682
5.2 1.2 -0.0485961
5.2 1.6 -0.0595745
5.2 2 -0.0699022
5.2 2.4 -0.073023
5.2 2.8 -0.0651666
5.2 3.2 -0.0474575
5.2 3.6 -0.0255082
5.2 4 -0.00629026
5.2 4.4 0.0058224
5.2 4.8 0.0111608
5.2 5.2 0.0135425
5.2 5.6 0.01666
5.2 6 0.020787
5.2 6.4 0.0222985
5.2 6.8 0.0163975
5.2 7.2 0.000914267
5.2 7.6 -0.0222455
5.2 8 -0.0516438
5.2 8.4 -0.00650816
5.2 8.8 0

5.6 0 0
5.6 0.4 -0.00364118
5.6 0.8 -0.0261418
5.6 1.2 -0.0316252
5.6 1.6 -0.0423817
5.6 2 -0.0530789
5.6 2.4 -0.0577451
5.6 2.8 -0.0522485
5.6 3.2 -0.0367405
5.6 3.6 -0.0160017
5.6 4 0.00308753
5.6 4.4 0.0154853
5.6 4.8 0.0206225
5.6 5.2 0.0218451
5.6 5.6 0.0231168
5.6 6 0.0254861
5.6 6.4 0.0260252
5.6 6.8 0.0200802
5.6 7.2 0.00518739
5.6 7.6 -0.0161949
5.6 8 -0.0364709
5.6 8.4 -0.00466477
5.6 8.8 0

6 0 0
6 0.4 -0.00187414
6 0.8 -0.0133719
6 1.2 -0.0173469
6 1.6 -0.0255333
6 2 -0.0350523
6 2.4 -0.0413915
6 2.8 -0.0401175
6 3.2 -0.0297021
6 3.6 -0.0130241
6 4 0.00402338
6 4.4 0.0160448
6 4.8 0.0212525
6 5.2 0.0219012
6 5.6 0.0218136
6 6 0.0229852
6 6.4 0.0239199
6 6.8 0.0209926
6 7.2 0.0118024
6 7.6 -0.00196555
6 8 -0.0141859
6 8.4 -0.00192798
6 8.8 0

6.4 0 0
6.4 0.4 -0.00152317
6.4 0.8 -0.0108974
6.4 1.2 -0.0122513
6.4 1.6 -0.0170515
6.4 2 -0.0253104
6.4 2.4 -0.0341406
6.4 2.8 -0.038564
6.4 3.2 -0.0348066
6.4 3.6 -0.0231747
6.4 4 -0.0081001
6.4 4.4 0.00470558
6.4 4.8 0.011802
6.4 5.2 0.0136771
6.4 5.6 0.01349
6.4 6 0.0141257
6.4 6.4 0.0159606
6.4 6.8 0.0169974
6.4 7.2 0.0150876
6.4 7.6 0.010337
6.4 8 0.00568718
6.4 8.4 0.000556406
6.4 8.8 0

6.8 0 0
6.8 0.4 -0.00176053
6.8 0.8 -0.0126729
6.8 1.2 -0.0120542
6.8 1.6 -0.0148179
6.8 2 -0.0233566
6.8 2.4 -0.0359128
6.8 2.8 -0.0466792
6.8 3.2 -0.0495474
6.8 3.6 -0.0422524
6.8 4 -0.0278012
6.8 4.4 -0.0123591
6.8 4.8 -0.0013394
6.8 5.2 0.00349287
6.8 5.6 0.00413573
6.8 6 0.0040804
6.8 6.4 0.00563285
6.8 6.8 0.00876465
6.8 7.2 0.0119639
6.8 7.6 0.0139921
6.8 8 0.0149017
6.8 8.4 0.00176774
6.8 8.8 0

7.2 0 0
7.2 0.4 -0.000891363
7.2 0.8 -0.0063708
7.2 1.2 -0.00597793
7.2 1.6 -0.0093846
7.2 2 -0.0202307
7.2 2.4 -0.0372047
7.2 2.8 -0.053755
7.2 3.2 -0.0620466
7.2 3.6 -0.057889
7.2 4 -0.0431979
7.2 4.4 -0.0245643
7.2 4.8 -0.00920511
7.2 5.2 -0.00111445
7.2 5.6 0.00028862
7.2 6 -0.00134422
7.2 6.4 -0.00214818
7.2 6.8 -0.000229823
7.2 7.2 0.00393735
7.2 7.6 0.00857459
7.2 8 0.0119451
7.2 8.4 0.00148928
7.2 8.8 0

7.6 0 0
7.6 0.4 0.00203426
7.6 0.8 0.0149058
7.6 1.2 0.0128464
7.6 1.6 0.00677509
7.6 2 -0.00705819
7.6 2.4 -0.0275019
7.6 2.8 -0.04795
7.6 3.2 -0.0600228
7.6 3.6 -0.0585854
7.6 4 -0.0447313
7.6 4.4 -0.0249741
7.6 4.8 -0.00744148
7.6 5.2 0.00235983
7.6 5.6 0.00371226
7.6 6 -8.40923e-05
7.6 6.4 -0.00440707
7.6 6.8 -0.00601022
7.6 7.2 -0.00426454
7.6 7.6 -0.000703031
7.6 8 0.00236906
7.6 8.4 0.000368606
7.6 8.8 0

8 0 0
8 0.4 0.00614491
8 0.8 0.0448091
8 1.2 0.0396057
8 1.6 0.0309171
8 2 0.0155158
8 2.4 -0.00576537
8 2.8 -0.0272729
8 3.2 -0.0414261
8 3.6 -0.0431108
8 4 -0.0326618
8 4.4 -0.0156245
8 4.8 0.000364743
8 5.2 0.00950066
8 5.6 0.0102209
8 6 0.00501573
8 6.4 -0.00177
8 6.8 -0.00653265
8 7.2 -0.00794332
8 7.6 -0.0069075
8 8 -0.00540223
8 8.4 -0.000576879
8 8.8 0

8.4 0 0
8.4 0.4 0.00932688
8.4 0.8 0.0679619
8.4 1.2 0.0609157
8.4 1.6 0.0516069
8.4 2 0.0374057
8.4 2.4 0.0184914
8.4 2.8 -0.001238
8.4 3.2 -0.0159785
8.4 3.6 -0.021298
8.4 4 -0.0167115
8.4 4.4 -0.00592721
8.4 4.8 0.00525953
8.4 5.2 0.0119913
8.4 5.6 0.0124575
8.4 6 0.00806218
8.4 6.4 0.00193479
8.4 6.8 -0.00305286
8.4 7.2 -0.00558572
8.4 7.6 -0.00603435
8.4 8 -0.00566537
8.4 8.4 -0.000636916
8.4 8.8 0

8.8 0 0
8.8 0.4 0.00998181
8.8 0.8 0.0727337
8.8 1.2 0.066079
8.8 1.6 0.0585351
8.8 2 0.047826
8.8 2.4 0.033338
8.8 2.8 0.0170551
8.8 3.2 0.00275283
8.8 3.6 -0.00606956
8.8 4 -0.00813582
8.8 4.4 -0.00496697
8.8 4.8 0.000177907
8.8 5.2 0.00417121
8.8 5.6 0.00547168
8.8 6 0.00440734
8.8 6.4 0.00239486
8.8 6.8 0.000820847
8.8 7.2 0.000307259
8.8 7.6 0.000647206
8.8 8 0.00121827
8.8 8.4 0.000171673
8.8 8.8 0

9.2 0 0
9.2 0.4 0.00839425
9.2 0.8 0.0611817
9.2 1.2 0.0561669
9.2 1.6 0.0511012
9.2 2 0.0440398
9.2 2.4 0.0338647
9.2 2.8 0.0211329
9.2 3.2 0.00794182
9.2 3.6 -0.00314614
9.2 4 -0.0103928
9.2 4.4 -0.0135359
9.2 4.8 -0.0135074
9.2 5.2 -0.0116017
9.2 5.6 -0.00876998
9.2 6 -0.00544813
9.2 6.4 -0.00181864
9.2 6.8 0.0018727
9.2 7.2 0.00524355
9.2 7.6 0.00791306
9.2 8 0.00965004
9.2 8.4 0.00118448
9.2 8.8 0

9.6 0 0
9.6 0.4 0.00653737
9.6 0.8 0.0476437
9.6 1.2 0.043324
9.6 1.6 0.0388344
9.6 2 0.0329141
9.6 2.4 0.0246647
9.6 2.8 0.0141532
9.6 3.2 0.00250263
9.6 3.6 -0.00860992
9.6 4 -0.0176619
9.6 4.4 -0.0237123
9.6 4.8 -0.0263912
9.6 5.2 -0.0256885
9.6 5.6 -0.021869
9.6 6 -0.015581
9.6 6.4 -0.00793598
9.6 6.8 -0.000310264
9.6 7.2 0.00609988
9.6 7.6 0.0106663
9.6 8 0.0133461
9.6 8.4 0.00163536
9.6 8.8 0

10 0 0
10 0.4 0.0064513
10 0.8 0.0469593
10 1.2 0.0407155
10 1.6 0.0332351
10 2 0.0244282
10 2.4 0.0144906
10 2.8 0.0040945
10 3.2 -0.00578763
10 3.6 -0.0142976
10 4 -0.0209712
10 4.4 -0.0256335
10 4.8 -0.0280668
10 5.2 -0.0278562
10 5.6 -0.0246556
10 6 -0.0186927
10 6.4 -0.011031
10 6.8 -0.00327657
10 7.2 0.00312924
10 7.6 0.00749487
10 8 0.00990208
10 8.4 0.00121993
10 8.8 0

10.4 0 0
10.4 0.4 0.00852137
10.4 0.8 0.0619547
10.4 1.2 0.0514286
10.4 1.6 0.0380226
10.4 2 0.0230397
10.4 2.4 0.00839248
10.4 2.8 -0.00373315
10.4 3.2 -0.0117558
10.4 3.6 -0.0154939
10.4 4 -0.0161998
10.4 4.4 -0.0157064
10.4 4.8 -0.0152708
10.4 5.2 -0.0149538
10.4 5.6 -0.0139558
10.4 6 -0.0115621
10.4 6.4 -0.00790241
10.4 6.8 -0.00393019
10.4 7.2 -0.000729077
10.4 7.6 0.00120461
10.4 8 0.00208518
10.4 8.4 0.000266509
10.4 8.8 0

10.8 0 0
10.8 0.4 0.0110989
10.8 0.8 0.0806736
10.8 1.2 0.0657312
10.8 1.6 0.046236
10.8 2 0.0245729
10.8 2.4 0.0044256
10.8 2.8 -0.010083
10.8 3.2 -0.016246
10.8 3.6 -0.014278
10.8 4 -0.00729633
10.8 4.4 0.000328443
10.8 4.8 0.00520074
10.8 5.2 0.00628228
10.8 5.6 0.00468203
10.8 6 0.00227149
10.8 6.4 0.000285407
10.8 6.8 -0.00113898
10.8 7.2 -0.00242528
10.8 7.6 -0.00375517
10.8 8 -0.00478705
10.8 8.4 -0.000576608
10.8 8.8 0

11.2 0 0
11.2 0.4 0.0118045
11.2 0.8 0.0858335
11.2 1.2 0.0691388
11.2 1.6 0.0467538
11.2 2 0.0213308
11.2 2.4 -0.00229042
11.2 2.8 -0.018311
11.2 3.2 -0.0227803
11.2 3.6 -0.0159091
11.2 4 -0.0021737
11.2 4.4 0.0119583
11.2 4.8 0.0212174
11.2 5.2 0.023652
11.2 5.6 0.0205779
11.2 6 0.014823
11.2 6.4 0.00875406
11.2 6.8 0.00339344
11.2 7.2 -0.0011653
11.2 7.6 -0.00485483
11.2 8 -0.00721185
11.2 8.4 -0.000879031
11.2 8.8 0

11.6 0 0
11.6 0.4 0.00941961
11.6 0.8 0.0685638
11.6 1.2 0.0543566
11.6 1.6 0.0343247
11.6 2 0.0103628
11.6 2.4 -0.0126981
11.6 2.8 -0.0283016
11.6 3.2 -0.0315651
11.6 3.6 -0.0222658
11.6 4 -0.00521113
11.6 4.4 0.0122908
11.6 4.8 0.0241535
11.6 5.2 0.0280455
11.6 5.6 0.0253994
11.6 6 0.0194117
11.6 6.4 0.0127733
11.6 6.8 0.00666338
11.6 7.2 0.00125101
11.6 7.6 -0.00325475
11.6 8 -0.00614945
11.6 8.4 -0.000761885
11.6 8.8 0

12 0 0
12 0.4 0.00476217
12 0.8 0.0347825
12 1.2 0.0264745
12 1.6 0.0132494
12 2 -0.004537
12 2.4 -0.0231862
12 2.8 -0.0364668
12 3.2 -0.0391231
12 3.6 -0.0302383
12 4 -0.0139372
12 4.4 0.00301901
12 4.8 0.014961
12 5.2 0.0198305
12 5.6 0.0190853
12 6 0.0155967
12 6.4 0.0114325
12 6.8 0.00711389
12 7.2 0.00246693
12 7.6 -0.00213601
12 8 -0.00544953
12 8.4 -0.000706593
12 8.8 0

12.4 0 0
12.4 0.4 -3.24707e-05
12.4 0.8 -1.41833e-05
12.4 1.2 -0.00177131
12.4 1.6 -0.00699481
12.4 2 -0.0168998
12.4 2.4 -0.0293675
12.4 2.8 -0.0391979
12.4 3.2 -0.0413355
12.4 3.6 -0.0342818
12.4 4 -0.0210411
12.4 4.4 -0.00704795
12.4 4.8 0.00320434
12.4 5.2 0.00833838
12.4 5.6 0.00975776
12.4 6 0.00954028
12.4 6.4 0.00852753
12.4 6.8 0.00613273
12.4 7.2 0.00172356
12.4 7.6 -0.0039221
12.4 8 -0.00857638
12.4 8.4 -0.00114664
12.4 8.8 0

12.8 0 0
12.8 0.4 -0.00312322
12.8 0.8 -0.0224527
12.8 1.2 -0.0198763
12.8 1.6 -0.019545
12.8 2 -0.0234457
12.8 2.4 -0.0305383
12.8 2.8 -0.0366819
12.8 3.2 -0.0374368
12.8 3.6 -0.0312236
12.8 4 -0.0202882
12.8 4.4 -0.00889367
12.8 4.8 -0.000378306
12.8 5.2 0.0045707
12.8 5.6 0.00728703
12.8 6 0.00902089
12.8 6.4 0.00939271
12.8 6.8 0.00679859
12.8 7.2 0.000368103
12.8 7.6 -0.00837339
12.8 8 -0.0158048
12.8 8.4 -0.00211029
12.8 8.8 0

13.2 0 0
13.2 0.4 -0.00417992
13.2 0.8 -0.0301272
13.2 1.2 -0.026448
13.2 1.6 -0.02453
13.2 2 -0.0260178
13.2 2.4 -0.0299598
13.2 2.8 -0.0327977
13.2 3.2 -0.0308425
13.2 3.6 -0.0230331
13.2 4 -0.0116679
13.2 4.4 -0.000622614
13.2 4.8 0.00734937
13.2 5.2 0.0120103
13.2 5.6 0.0147392
13.2 6 0.0163588
13.2 6.4 0.0157789
13.2 6.8 0.0108162
13.2 7.2 0.000608657
13.2 7.6 -0.0124725
13.2 8 -0.0233356
13.2 8.4 -0.00310236
13.2 8.8 0

13.6 0 0
13.6 0.4 -0.00445278
13.6 0.8 -0.0321132
13.6 1.2 -0.0293765
13.6 1.6 -0.028699
13.6 2 -0.0305653
13.6 2.4 -0.033285
13.6 2.8 -0.033325
13.6 3.2 -0.0276483
13.6 3.6 -0.0160818
13.6 4 -0.00167691
13.6 4.4 0.0112788
13.6 4.8 0.0199856
13.6 5.2 0.0244208
13.6 5.6 0.0262678
13.6 6 0.0265568
13.6 6.4 0.0242008
13.6 6.8 0.0168636
13.6 7.2 0.00363167
13.6 7.6 -0.0127246
13.6 8 -0.0260714
13.6 8.4 -0.00345963
13.6 8.8 0

14 0 0
14 0.4 -0.00563734
14 0.8 -0.0407277
14 1.2 -0.0387658
14 1.6 -0.0395762
14 2 -0.0423328
14 2.4 -0.0443822
14 2.8 -0.0419613
14 3.2 -0.0324992
14 3.6 -0.0166869
14 4 0.00150034
14 4.4 0.0170535
14 4.8 0.0268406
14 5.2 0.0309988
14 5.6 0.03182
14 6 0.0311426
14 6.4 0.0284739
14 6.8 0.0215109
14 7.2 0.00879332
14 7.6 -0.0075567
14 8 -0.0212981
14 8.4 -0.00282992
14 8.8 0

14.4 0 0
14.4 0.4 -0.00833274
14.4 0.8 -0.0603278
14.4 1.2 -0.0573972
14.4 1.6 -0.0577645
14.4 2 -0.0598269
14.4 2.4 -0.0604489
14.4 2.8 -0.0558547
14.4 3.2 -0.0438092
14.4 3.6 -0.0254703
14.4 4 -0.00527084
14.4 4.4 0.0114098
14.4 4.8 0.0212804
14.4 5.2 0.0247293
14.4 5.6 0.0248291
14.4 6 0.0245396
14.4 6.4 0.0242776
14.4 6.8 0.0217563
14.4 7.2 0.0142856
14.4 7.6 0.00186049
14.4 8 -0.0108876
14.4 8.4 -0.00146168
14.4 8.8 0

14.8 0 0
14.8 0.4 -0.0113094
14.8 0.8 -0.0819853
14.8 1.2 -0.0763659
14.8 1.6 -0.0737653
14.8 2 -0.0727812
14.8 2.4 -0.0707918
14.8 2.8 -0.064628
14.8 3.2 -0.0523679
14.8 3.6 -0.0350078
14.8 4 -0.0165078
14.8 4.4 -0.00179
14.8 4.8 0.00614251
14.8 5.2 0.0079716
14.8 5.6 0.00738988
14.8 6 0.00837402
14.8 6.4 0.0123147
14.8 6.8 0.0170473
14.8 7.2 0.0184302
14.8 7.6 0.0130526
14.8 8 -0.00115396
14.8 8.4 -0.000185123
14.8 8.8 0

15.2 0 0
15.2 0.4 -0.0122913
15.2 0.8 -0.0891662
15.2 1.2 -0.0803796
15.2 1.6 -0.0731127
15.2 2 -0.067306
15.2 2.4 -0.0620257
15.2 2.8 -0.0554458
15.2 3.2 -0.0459569
15.2 3.6 -0.0336922
15.2 4 -0.021086
15.2 4.4 -0.0116885
15.2 4.8 -0.00782794
15.2 5.2 -0.00875536
15.2 5.6 -0.010752
15.2 6 -0.00934712
15.2 6.4 -0.00225007
15.2 6.8 0.00902008
15.2 7.2 0.0200327
15.2 7.6 0.026624
15.2 8 0.0034431
15.2 8.4 0
15.2 8.8 0

15.6 0 0
15.6 0.4 -0.009798
15.6 0.8 -0.0711137
15.6 1.2 -0.0599707
15.6 1.6 -0.0476343
15.6 2 -0.0364938
15.6 2.4 -0.028205
15.6 2.8 -0.0227232
15.6 3.2 -0.0186243
15.6 3.6 -0.014573
15.6 4 -0.0106816
15.6 4.4 -0.00854114
15.6 4.8 -0.00975277
15.6 5.2 -0.0140662
15.6 5.6 -0.0186669
15.6 6 -0.0194019
15.6 6.4 -0.0132913
15.6 6.8 -0.000657694
15.6 7.2 0.0145802
15.6 7.6 0.0265359
15.6 8 0.00361498
15.6 8.4 0
15.6 8.8 0

16 0 0
16 0.4 -0.00458056
16 0.8 -0.0332807
16 1.2 -0.0212352
16 1.6 -0.0048373
16 2 0.0106683
16 2.4 0.0208492
16 2.8 0.0240221
16 3.2 0.0216462
16 3.6 0.0168277
16 4 0.0120393
16 4.4 0.00770922
16 4.8 0.00265179
16 5.2 -0.00411379
16 5.6 -0.0116696
16 6 -0.0170437
16 6.4 -0.0168278
16 6.8 -0.00942729
16 7.2 0.00357033
16 7.6 0.0170929
16 8 0.00235006
16 8.4 0
16 8.8 0

16.4 0 0
16.4 0.4 0.00072694
16.4 0.8 0.0052029
16.4 1.2 0.017039
16.4 1.6 0.0357038
16.4 2 0.0536333
16.4 2.4 0.0642484
16.4 2.8 0.0646586
16.4 3.2 0.056592
16.4 3.6 0.044846
16.4 4 0.034182
16.4 4.4 0.0266501
16.4 4.8 0.0210174
16.4 5.2 0.0145055
16.4 5.6 0.00545365
16.4 6 -0.00503192
16.4 6.4 -0.0135198
16.4 6.8 -0.0162024
16.4 7.2 -0.0104048
16.4 7.6 0.00701024
16.4 8 0.000995288
16.4 8.4 0
16.4 8.8 0

16.8 0 0
16.8 0.4 0.00345455
16.8 0.8 0.0249537
16.8 1.2 0.0363668
16.8 1.6 0.0556015
16.8 2 0.0739048
16.8 2.4 0.0836601
16.8 2.8 0.0815301
16.8 3.2 0.069701
16.8 3.6 0.0542928
16.8 4 0.0416989
16.8 4.4 0.0349884
16.8 4.8 0.0325468
16.8 5.2 0.0296986
16.8 5.6 0.0221238
16.8 6 0.00877098
16.8 6.4 -0.00755428
16.8 6.8 -0.0220399
16.8 7.2 -0.0307451
16.8 7.6 -0.00313273
16.8 8 0
16.8 8.4 0
16.8 8.8 0

17.2 0 0
17.2 0.4 0.00268536
17.2 0.8 0.0193328
17.2 1.2 0.0305754
17.2 1.6 0.0489919
17.2 2 0.0659154
17.2 2.4 0.0738734
17.2 2.8 0.0697991
17.2 3.2 0.0563715
17.2 3.6 0.0404701
17.2 4 0.0293195
17.2 4.4 0.0264349
17.2 4.8 0.0297677
17.2 5.2 0.0331773
17.2 5.6 0.0302623
17.2 6 0.0180997
17.2 6.4 -0.00140831
17.2 6.8 -0.0231398
17.2 7.2 -0.041222
17.2 7.6 -0.00552493
17.2 8 0
17.2 8.4 0
17.2 8.8 0

17.6 0 0
17.6 0.4 -0.000337625
17.6 0.8 -0.00260515
17.6 1.2 0.0082503
17.6 1.6 0.0243843
17.6 2 0.0383347
17.6 2.4 0.0437427
17.6 2.8 0.0382819
17.6 3.2 0.0249496
17.6 3.6 0.0107011
17.6 4 0.00279482
17.6 4.4 0.00474528
17.6 4.8 0.0142742
17.6 5.2 0.0245867
17.6 5.6 0.0282469
17.6 6 0.0212424
17.6 6.4 0.00464412
17.6 6.8 -0.0175385
17.6 7.2 -0.0452026
17.6 7.6 -0.00604066
17.6 8 0
17.6 8.4 0
17.6 8.8 0

18 0 0
18 0.4 -0.00333053
18 0.8 -0.0242543
18 1.2 -0.0148532
18 1.6 -0.00263229
18 2 0.00688957
18 2.4 0.00904949
18 2.8 0.00243016
18 3.2 -0.00996821
18 3.6 -0.0217642
18 4 -0.0263252
18 4.4 -0.0204325
18 4.8 -0.00629085
18 5.2 0.00951648
18 5.6 0.019644
18 6 0.020032
18 6.4 0.0120315
18 6.8 0.00202373
18 7.2 -0.00568654
18 7.6 0
18 8 0
18 8.4 0
18 8.8 0

18.4 0 0
18.4 0.4 -0.00469423
18.4 0.8 -0.0340094
18.4 1.2 -0.0273683
18.4 1.6 -0.0202636
18.4 2 -0.0160534
18.4 2.4 -0.017582
18.4 2.8 -0.0254308
18.4 3.2 -0.0368736
18.4 3.6 -0.0465026
18.4 4 -0.0486727
18.4 4.4 -0.0406034
18.4 4.8 -0.0242192
18.4 5.2 -0.00536041
18.4 5.6 0.00936564
18.4 6 0.0162151
18.4 6.4 0.0160493
18.4 6.8 0.0117921
18.4 7.2 0.00169414
18.4 7.6 0
18.4 8 0
18.4 8.4 0
18.4 8.8 0

18.8 0 0
18.8 0.4 -0.00454875
18.8 0.8 -0.0327849
18.8 1.2 -0.0292883
18.8 1.6 -0.027138
18.8 2 -0.0278753
18.8 2.4 -0.0328471
18.8 2.8 -0.0420041
18.8 3.2 -0.0529493
18.8 3.6 -0.0611993
18.8 4 -0.0620309
18.8 4.4 -0.0530805
18.8 4.8 -0.0360121
18.8 5.2 -0.0159358
18.8 5.6 0.00129973
18.8 6 0.012431
18.8 6.4 0.0194717
18.8 6.8 0.00442308
18.8 7.2 0
18.8 7.6 0
18.8 8 0
18.8 8.4 0
18.8 8.8 0

19.2 0 0
19.2 0.4 -0.00434942
19.2 0.8 -0.0312119
19.2 1.2 -0.0295371
19.2 1.6 -0.0302577
19.2 2 -0.0339528
19.2 2.4 -0.041167
19.2 2.8 -0.0514703
19.2 3.2 -0.0625385
19.2 3.6 -0.0702436
19.2 4 -0.0702535
19.2 4.4 -0.0604343
19.2 4.8 -0.0424497
19.2 5.2 -0.0212668
19.2 5.6 -0.00276912
19.2 6 0.00871906
19.2 6.4 0.00401005
19.2 6.8 0
19.2 7.2 0
19.2 7.6 0
19.2 8 0
19.2 8.4 0
19.2 8.8 0

19.6 0 0
19.6 0.4 0
19.6 0.8 -0.00448266
19.6 1.2 -0.00418196
19.6 1.6 -0.00417424
19.6 2 -0.00455757
19.6 2.4 -0.0054137
19.6 2.8 -0.00668105
19.6 3.2 -0.00804395
19.6 3.6 -0.0089596
19.6 4 -0.00887521
19.6 4.4 -0.00753543
19.6 4.8 -0.00517418
19.6 5.2 -0.0024354
19.6 5.6 -6.06774e-05
19.6 6 0.00141961
19.6 6.4 0
19.6 6.8 0
19.6 7.2 0
19.6 7.6 0
19.6 8 0
19.6 8.4 0
19.6 8.8 0

20 0 0
20 0.4 0
20 0.8 0
20 1.2 0
20 1.6 0
20 2 0
20 2.4 0
20 2.8 0
20 3.2 0
20 3.6 0
20 4 0
20 4.4 0
20 4.8 0
20 5.2 0
20 5.6 0
20 6 0
20 6.4 0
20 6.8 0
20 7.2 0
20 7.6 0
20 8 0
20 8.4 0
20 8.8 0

