0 0 0
0 0.4 0
0 0.8 0
0 1.2 0
0 1.6 0
0 2 0
0 2.4 0
0 2.8 0
0 3.2 0
0 3.6 0
0 4 0
0 4.4 0
0 4.8 0
0 5.2 0
0 5.6 0
0 6 0
0 6.4 0
0 6.8 0
0 7.2 0
0 7.6 0
0 8 0
0 8.4 0
0 8.8 0

0.4 0 0
0.4 0.4 0
0.4 0.8 -0.00213925
0.4 1.2 -0.0021792
0.4 1.6 -0.00266081
0.4 2 -0.00363733
0.4 2.4 -0.00488354
0.4 2.8 -0.00588462
0.4 3.2 -0.00608477
0.4 3.6 -0.00523892
0.4 4 -0.00360462
0.4 4.4 -0.00180933
0.4 4.8 -0.000467826
0.4 5.2 0.000180814
0.4 5.6 0.000351003
0.4 6 0.000438122
0.4 6.4 0
0.4 6.8 0
0.4 7.2 0
0.4 7.6 0
0.4 8 0
0.4 8.4 0
0.4 8.8 0

0.8 0 0
0.8 0.4 -0.00184784
0.8 0.8 -0.0130705
0.8 1.2 -0.0140715
0.8 1.6 -0.0185371
0.8 2 -0.0265936
0.8 2.4 -0.0364431
0.8 2.8 -0.044337
0.8 3.2 -0.0463198
0.8 3.6 -0.0406664
0.8 4 -0.029199
0.8 4.4 -0.0163435
0.8 4.8 -0.00644683
0.8 5.2 -0.00124177
0.8 5.6 0.000673561
0.8 6 0.00186
0.8 6.4 0.00214433
0.8 6.8 0
0.8 7.2 0
0.8 7.6 0
0.8 8 0
0.8 8.4 0
0.8 8.8 0

1.2 0 0
1.2 0.4 -0.0028092
1.2 0.8 -0.0201889
1.2 1.2 -0.0197962
1.2 1.6 -0.0222124
1.2 2 -0.0278672
1.2 2.4 -0.035589
1.2 2.8 -0.0424056
1.2 3.2 -0.0448503
1.2 3.6 -0.0409946
1.2 4 -0.0317318
1.2 4.4 -0.020278
1.2 4.8 -0.0101623
1.2 5.2 -0.00312756
1.2 5.6 0.00158808
1.2 6 0.00626966
1.2 6.4 0.0134147
1.2 6.8 0.00514842
1.2 7.2 0
1.2 7.6 0
1.2 8 0
1.2 8.4 0
1.2 8.8 0

1.6 0 0
1.6 0.4 -0.00381293
1.6 0.8 -0.0276711
1.6 1.2 -0.0252091
1.6 1.6 -0.0245633
1.6 2 -0.0269256
1.6 2.4 -0.0320728
1.6 2.8 -0.0378361
1.6 3.2 -0.0409953
1.6 3.6 -0.0390938
1.6 4 -0.0319034
1.6 4.4 -0.0214799
1.6 4.8 -0.0107879
1.6 5.2 -0.00191686
1.6 5.6 0.00487049
1.6 6 0.0107626
1.6 6.4 0.017226
1.6 6.8 0.0245946
1.6 7.2 0.00332173
1.6 7.6 0
1.6 8 0
1.6 8.4 0
1.6 8.8 0

2 0 0
2 0.4 -0.00298525
2 0.8 -0.0218476
2 1.2 -0.0182237
2 1.6 -0.0150449
2 2 -0.0144805
2 2.4 -0.0173853
2 2.8 -0.0224021
2 3.2 -0.0265276
2 3.6 -0.0268311
2 4 -0.0221571
2 4.4 -0.013673
2 4.8 -0.00399833
2 5.2 0.00435361
2 5.6 0.010124
2 6 0.0134173
2 6.4 0.0149867
2 6.8 0.0155675
2 7.2 -0.000492259
2 7.6 0
2 8 0
2 8.4 0
2 8.8 0

2.4 0 0
2.4 0.4 3.45244e-05
2.4 0.8 -4.76713e-05
2.4 1.2 0.0031329
2.4 1.6 0.00739244
2.4 2 0.00967415
2.4 2.4 0.00820122
2.4 2.8 0.0036304
2.4 3.2 -0.00135461
2.4 3.6 -0.00372669
2.4 4 -0.00193006
2.4 4.4 0.00332746
2.4 4.8 0.00966582
2.4 5.2 0.0144269
2.4 5.6 0.0158822
2.4 6 0.0135742
2.4 6.4 0.0077394
2.4 6.8 -0.00195958
2.4 7.2 -0.0190364
2.4 7.6 -0.00258729
2.4 8 0
2.4 8.4 0
2.4 8.8 0

2.8 0 0
2.8 0.4 0.00357359
2.8 0.8 0.0256052
2.8 1.2 0.027282
2.8 1.6 0.031183
2.8 2 0.0338097
2.8 2.4 0.0329963
2.8 2.8 0.0290236
2.8 3.2 0.0241212
2.8 3.6 0.0208385
2.8 4 0.0204093
2.8 4.4 0.0221094
2.8 4.8 0.0238381
2.8 5.2 0.0233526
2.8 5.6 0.0193063
2.8 6 0.0115842
2.8 6.4 0.00100598
2.8 6.8 -0.0110922
2.8 7.2 -0.0224182
2.8 7.6 -0.00305101
2.8 8 0
2.8 8.4 0
2.8 8.8 0

3.2 0 0
3.2 0.4 0.00502732
3.2 0.8 0.0361926
3.2 1.2 0.0364536
3.2 1.6 0.0390731
3.2 2 0.0409696
3.2 2.4 0.0404858
3.2 2.8 0.0380138
3.2 3.2 0.0351844
3.2 3.6 0.0334259
3.2 4 0.0329076
3.2 4.4 0.0324784
3.2 4.8 0.0304633
3.2 5.2 0.0256408
3.2 5.6 0.017774
3.2 6 0.0075533
3.2 6.4 -0.00372531
3.2 6.8 -0.0143436
3.2 7.2 -0.0221052
3.2 7.6 -0.00454042
3.2 8 0
3.2 8.4 0
3.2 8.8 0

3.6 0 0
3.6 0.4 0.00280808
3.6 0.8 0.0201636
3.6 1.2 0.0198659
3.6 1.6 0.0206949
3.6 2 0.0212431
3.6 2.4 0.0213307
3.6 2.8 0.0218613
3.6 3.2 0.0236786
3.6 3.6 0.0265354
3.6 4 0.0289774
3.6 4.4 0.0291822
3.6 4.8 0.0260703
3.6 5.2 0.0198592
3.6 5.6 0.0117491
3.6 6 0.00316029
3.6 6.4 -0.00474948
3.6 6.8 -0.0109123
3.6 7.2 -0.0138328
3.6 7.6 -0.0113646
3.6 8 -0.00152963
3.6 8.4 0
3.6 8.8 0

4 0 0
4 0.4 -0.00234254
4 0.8 -0.0171233
4 1.2 -0.0170022
4 1.6 -0.0178706
4 2 -0.0186356
4 2.4 -0.0174277
4 2.8 -0.0126388
4 3.2 -0.00432254
4 3.6 0.00534831
4 4 0.0130899
4 4.4 0.0163641
4 4.8 0.0147932
4 5.2 0.0101434
4 5.6 0.00496127
4 6 0.000959881
4 6.4 -0.0016096
4 6.8 -0.0032435
4 7.2 -0.00401375
4 7.6 -0.00355216
4 8 -0.000464909
4 8.4 0
4 8.8 0

4.4 0 0
4.4 0.4 -0.00780259
4.4 0.8 -0.0566522
4.4 1.2 -0.0556661
4.4 1.6 -0.0576642
4.4 2 -0.0591882
4.4 2.4 -0.0564599
4.4 2.8 -0.0472372
4.4 3.2 -0.0324074
4.4 3.6 -0.0158878
4.4 4 -0.00258395
4.4 4.4 0.00438401
4.4 4.8 0.00532769
4.4 5.2 0.00337649
4.4 5.6 0.00207407
4.4 6 0.00296255
4.4 6.4 0.00492456
4.4 6.8 0.00570006
4.4 7.2 0.00430273
4.4 7.6 0.00232402
4.4 8 0.000340334
4.4 8.4 0
4.4 8.8 0

4.8 0 0
4.8 0.4 -0.0108975
4.8 0.8 -0.0790219
4.8 1.2 -0.0774651
4.8 1.6 -0.0799345
4.8 2 -0.0815603
4.8 2.4 -0.0774341
4.8 2.8 -0.0649615
4.8 3.2 -0.0455958
4.8 3.6 -0.0244152
4.8 4 -0.00740714
4.8 4.4 0.00194058
4.8 4.8 0.00445795
4.8 5.2 0.00422978
4.8 5.6 0.00538827
4.8 6 0.00907121
4.8 6.4 0.0127738
4.8 6.8 0.012599
4.8 7.2 0.00685583
4.8 7.6 -0.00115757
4.8 8 -0.00611262
4.8 8.4 0
4.8 8.8 0

5.2 0 0
5.2 0.4 -0.0106429
5.2 0.8 -0.0771033
5.2 1.2 -0.0755381
5.2 1.6 -0.077879
5.2 2 -0.0791923
5.2 2.4 -0.0744506
5.2 2.8 -0.060962
5.2 3.2 -0.0402573
5.2 3.6 -0.0177362
5.2 4 0.00020061
5.2 4.4 0.00985297
5.2 4.8 0.012218
5.2 5.2 0.0117987
5.2 5.6 0.0129994
5.2 6 0.0166885
5.2 6.4 0.0194583
5.2 6.8 0.0161573
5.2 7.2 0.00376151
5.2 7.6 -0.0168086
5.2 8 -0.0446955
5.2 8.4 -0.00551308
5.2 8.8 0

5.6 0 0
5.6 0.4 -0.00814364
5.6 0.8 -0.0589342
5.6 1.2 -0.0575668
5.6 1.6 -0.0592771
5.6 2 -0.0602923
5.6 2.4 -0.0562548
5.6 2.8 -0.0443603
5.6 3.2 -0.0255189
5.6 3.6 -0.00454516
5.6 4 0.0123259
5.6 4.4 0.0211347
5.6 4.8 0.022485
5.6 5.2 0.0206677
5.6 5.6 0.0201602
5.6 6 0.0220445
5.6 6.4 0.0230332
5.6 6.8 0.0179211
5.6 7.2 0.00375376
5.6 7.6 -0.0172134
5.6 8 -0.0371939
5.6 8.4 -0.00466717
5.6 8.8 0

6 0 0
6 0.4 -0.00547495
6 0.8 -0.039584
6 1.2 -0.0382106
6 1.6 -0.0392105
6 2 -0.0406243
6 2.4 -0.0389935
6 2.8 -0.0310201
6 3.2 -0.0162126
6 3.6 0.0019511
6 4 0.0177048
6 4.4 0.0265129
6 4.8 0.0278415
6 5.2 0.0250676
6 5.6 0.022571
6 6 0.0222155
6 6.4 0.0219173
6 6.8 0.0174481
6 7.2 0.00619784
6 7.6 -0.009814
6 8 -0.0237696
6 8.4 -0.00309399
6 8.8 0

6.4 0 0
6.4 0.4 -0.00399322
6.4 0.8 -0.0288812
6.4 1.2 -0.0274739
6.4 1.6 -0.0285604
6.4 2 -0.0318991
6.4 2.4 -0.0345558
6.4 2.8 -0.0321422
6.4 3.2 -0.0221507
6.4 3.6 -0.00632911
6.4 4 0.0100016
6.4 4.4 0.0212472
6.4 4.8 0.0249759
6.4 5.2 0.0229785
6.4 5.6 0.0193222
6.4 6 0.0170445
6.4 6.4 0.0160655
6.4 6.8 0.0138395
6.4 7.2 0.00810226
6.4 7.6 -0.000525378
6.4 8 -0.00821184
6.4 8.4 -0.00119812
6.4 8.8 0

6.8 0 0
6.8 0.4 -0.00342811
6.8 0.8 -0.0248235
6.8 1.2 -0.0241117
6.8 1.6 -0.0269569
6.8 2 -0.0341701
6.8 2.4 -0.0426788
6.8 2.8 -0.0465774
6.8 3.2 -0.0411821
6.8 3.6 -0.0265509
6.8 4 -0.0077542
6.8 4.4 0.00821182
6.8 4.8 0.0165659
6.8 5.2 0.0170746
6.8 5.6 0.0132388
6.8 6 0.00931658
6.8 6.4 0.00753827
6.8 6.8 0.00739517
6.8 7.2 0.00710124
6.8 7.6 0.00568422
6.8 8 0.00386942
6.8 8.4 0.00034998
6.8 8.8 0

7.2 0 0
7.2 0.4 -0.00243515
7.2 0.8 -0.0176099
7.2 1.2 -0.0188705
7.2 1.6 -0.0251076
7.2 2 -0.0373982
7.2 2.4 -0.0521453
7.2 2.8 -0.0621019
7.2 3.2 -0.0608543
7.2 3.6 -0.0471129
7.2 4 -0.0257442
7.2 4.4 -0.00495932
7.2 4.8 0.008313
7.2 5.2 0.0118275
7.2 5.6 0.00828313
7.2 6 0.00278293
7.2 6.4 -0.000452807
7.2 6.8 7.01566e-06
7.2 7.2 0.00305028
7.2 7.6 0.00659592
7.2 8 0.00902342
7.2 8.4 0.00109448
7.2 8.8 0

7.6 0 0
7.6 0.4 -7.63328e-05
7.6 0.8 -0.000417879
7.6 1.2 -0.00439608
7.6 1.6 -0.0141556
7.6 2 -0.0306407
7.6 2.4 -0.0500777
7.6 2.8 -0.0647873
7.6 3.2 -0.0675422
7.6 3.6 -0.0560953
7.6 4 -0.0347547
7.6 4.4 -0.0120384
7.6 4.8 0.00395438
7.6 5.2 0.00950513
7.6 5.6 0.00634713
7.6 6 -0.000328666
7.6 6.4 -0.00524974
7.6 6.8 -0.0056608
7.6 7.2 -0.00194511
7.6 7.6 0.00347004
7.6 8 0.00779061
7.6 8.4 0.0010419
7.6 8.8 0

8 0 0
8 0.4 0.00310554
8 0.8 0.0227836
8 1.2 0.0167992
8 1.6 0.0055003
8 2 -0.0121184
8 2.4 -0.032959
8 2.8 -0.0501601
8 3.2 -0.0567343
8 3.6 -0.0497947
8 4 -0.0324649
8 4.4 -0.0122462
8 4.8 0.00302375
8 5.2 0.00904421
8 5.6 0.00654581
8 6 -8.65941e-05
8 6.4 -0.00578881
8 6.8 -0.00744816
8 7.2 -0.00489498
8 7.6 -0.000205524
8 8 0.00383875
8 8.4 0.000593566
8 8.8 0

8.4 0 0
8.4 0.4 0.00548968
8.4 0.8 0.0401749
8.4 1.2 0.0342333
8.4 1.6 0.0245863
8.4 2 0.00967463
8.4 2.4 -0.00888703
8.4 2.8 -0.0260261
8.4 3.2 -0.0357769
8.4 3.6 -0.0348306
8.4 4 -0.0245966
8.4 4.4 -0.0104226
8.4 4.8 0.00141095
8.4 5.2 0.00691838
8.4 5.6 0.0059353
8.4 6 0.00134029
8.4 6.4 -0.00314138
8.4 6.8 -0.00501855
8.4 7.2 -0.00391354
8.4 7.6 -0.00113809
8.4 8 0.00140842
8.4 8.4 0.00026273
8.4 8.8 0

8.8 0 0
8.8 0.4 0.00588168
8.8 0.8 0.0430429
8.8 1.2 0.0392218
8.8 1.6 0.0336381
8.8 2 0.0238327
8.8 2.4 0.00971595
8.8 2.8 -0.00562632
8.8 3.2 -0.0174812
8.8 3.6 -0.0222885
8.8 4 -0.019685
8.8 4.4 -0.0124854
8.8 4.8 -0.00480553
8.8 5.2 0.000256519
8.8 5.6 0.00188719
8.8 6 0.00123814
8.8 6.4 0.000117668
8.8 6.8 -0.000235049
8.8 7.2 0.000405797
8.8 7.6 0.00155069
8.8 8 0.00254128
8.8 8.4 0.000334429
8.8 8.8 0

9.2 0 0
9.2 0.4 0.0047011
9.2 0.8 0.0344304
9.2 1.2 0.0331698
9.2 1.6 0.0314805
9.2 2 0.0262519
9.2 2.4 0.0162122
9.2 2.8 0.0030094
9.2 3.2 -0.00967496
9.2 3.6 -0.0182806
9.2 4 -0.0212383
9.2 4.4 -0.0193779
9.2 4.8 -0.0148895
9.2 5.2 -0.00983714
9.2 5.6 -0.00530282
9.2 6 -0.00150285
9.2 6.4 0.00159973
9.2 6.8 0.00389422
9.2 7.2 0.00522212
9.2 7.6 0.00569374
9.2 8 0.0057605
9.2 8.4 0.000674003
9.2 8.8 0

9.6 0 0
9.6 0.4 0.00372365
9.6 0.8 0.0272644
9.6 1.2 0.0266216
9.6 1.6 0.0256692
9.6 2 0.0214922
9.6 2.4 0.0127602
9.6 2.8 0.000719909
9.6 3.2 -0.0115325
9.6 3.6 -0.0208537
9.6 4 -0.0255865
9.6 4.4 -0.0258841
9.6 4.8 -0.022935
9.6 5.2 -0.0179692
9.6 5.6 -0.0118463
9.6 6 -0.00530038
9.6 6.4 0.00071862
9.6 6.8 0.0051642
9.6 7.2 0.00745829
9.6 7.6 0.00795004
9.6 8 0.00773858
9.6 8.4 0.000900779
9.6 8.8 0

10 0 0
10 0.4 0.00455345
10 0.8 0.0332397
10 1.2 0.0298179
10 1.6 0.0249323
10 2 0.0169299
10 2.4 0.00574123
10 2.8 -0.00662869
10 3.2 -0.0172064
10 3.6 -0.0237965
10 4 -0.0260136
10 4.4 -0.0249581
10 4.8 -0.0220324
10 5.2 -0.0179914
10 5.6 -0.0129395
10 6 -0.00705153
10 6.4 -0.00115713
10 6.8 0.00346581
10 7.2 0.00594066
10 7.6 0.00648864
10 8 0.00628074
10 8.4 0.000742433
10 8.8 0

10.4 0 0
10.4 0.4 0.00713286
10.4 0.8 0.0519661
10.4 1.2 0.0430482
10.4 1.6 0.0306682
10.4 2 0.0152157
10.4 2.4 -0.00110216
10.4 2.8 -0.0146235
10.4 3.2 -0.0221652
10.4 3.6 -0.0229536
10.4 4 -0.0190188
10.4 4.4 -0.0137632
10.4 4.8 -0.00981769
10.4 5.2 -0.00775997
10.4 5.6 -0.00648179
10.4 6 -0.00466327
10.4 6.4 -0.00203306
10.4 6.8 0.0005514
10.4 7.2 0.0020678
10.4 7.6 0.00233149
10.4 8 0.00211076
10.4 8.4 0.000264674
10.4 8.8 0

10.8 0 0
10.8 0.4 0.00960995
10.8 0.8 0.069988
10.8 1.2 0.0554582
10.8 1.6 0.0353185
10.8 2 0.0121319
10.8 2.4 -0.00929687
10.8 2.8 -0.0233195
10.8 3.2 -0.0264305
10.8 3.6 -0.0194931
10.8 4 -0.00743763
10.8 4.4 0.00347321
10.8 4.8 0.0089821
10.8 5.2 0.00860612
10.8 5.6 0.00490615
10.8 6 0.00112895
10.8 6.4 -0.000918812
10.8 6.8 -0.00139458
10.8 7.2 -0.0014033
10.8 7.6 -0.00164985
10.8 8 -0.0019589
10.8 8.4 -0.000210825
10.8 8.8 0

11.2 0 0
11.2 0.4 0.00974467
11.2 0.8 0.0710049
11.2 1.2 0.0537734
11.2 1.6 0.0293707
11.2 2 0.00192778
11.2 2.4 -0.0217143
11.2 2.8 -0.0343236
11.2 3.2 -0.0321906
11.2 3.6 -0.0176092
11.2 4 0.00203447
11.2 4.4 0.0181273
11.2 4.8 0.0251755
11.2 5.2 0.0229393
11.2 5.6 0.0153192
11.2 6 0.0071947
11.2 6.4 0.0015716
11.2 6.8 -0.00124514
11.2 7.2 -0.00249719
11.2 7.6 -0.00328307
11.2 8 -0.00379925
11.2 8.4 -0.000434187
11.2 8.8 0

11.6 0 0
11.6 0.4 0.00667754
11.6 0.8 0.0487427
11.6 1.2 0.0334441
11.6 1.6 0.0106227
11.6 2 -0.0152317
11.6 2.4 -0.03663
11.6 2.8 -0.0457924
11.6 3.2 -0.0390398
11.6 3.6 -0.0194178
11.6 4 0.00455168
11.6 4.4 0.0233365
11.6 4.8 0.0312062
11.6 5.2 0.0284033
11.6 5.6 0.0196488
11.6 6 0.0104746
11.6 6.4 0.00408326
11.6 6.8 0.000605268
11.6 7.2 -0.00141733
11.6 7.6 -0.00306114
11.6 8 -0.00425112
11.6 8.4 -0.000509262
11.6 8.8 0

12 0 0
12 0.4 0.00154068
12 0.8 0.0114146
12 1.2 0.00197152
12 1.6 -0.0140017
12 2 -0.0329931
12 2.4 -0.0484327
12 2.8 -0.0531556
12 3.2 -0.0437247
12 3.6 -0.0230719
12 4 0.000733196
12 4.4 0.0188931
12 4.8 0.0265128
12 5.2 0.0244501
12 5.6 0.0175011
12 6 0.0106263
12 6.4 0.00605888
12 6.8 0.00308876
12 7.2 6.1963e-05
12 7.6 -0.00347762
12 8 -0.00634224
12 8.4 -0.000805228
12 8.8 0

12.4 0 0
12.4 0.4 -0.00343916
12.4 0.8 -0.0247907
12.4 1.2 -0.0271227
12.4 1.6 -0.0341239
12.4 2 -0.0440234
12.4 2.4 -0.0521568
12.4 2.8 -0.0527414
12.4 3.2 -0.0427145
12.4 3.6 -0.024281
12.4 4 -0.00396835
12.4 4.4 0.0112316
12.4 4.8 0.0178493
12.4 5.2 0.0172629
12.4 5.6 0.013679
12.4 6 0.0105944
12.4 6.4 0.0085371
12.4 6.8 0.00564455
12.4 7.2 0.000252956
12.4 7.6 -0.00690307
12.4 8 -0.0128168
12.4 8.4 -0.00165699
12.4 8.8 0

12.8 0 0
12.8 0.4 -0.00652952
12.8 0.8 -0.0472663
12.8 1.2 -0.0441323
12.8 1.6 -0.0437878
12.8 2 -0.0460112
12.8 2.4 -0.0479946
12.8 2.8 -0.0454281
12.8 3.2 -0.0356852
12.8 3.6 -0.0201811
12.8 4 -0.0037765
12.8 4.4 0.00838052
12.8 4.8 0.0140994
12.8 5.2 0.0149852
12.8 5.6 0.01436
12.8 6 0.014107
12.8 6.4 0.0131003
12.8 6.8 0.00852683
12.8 7.2 -0.00102312
12.8 7.6 -0.0133558
12.8 8 -0.0233937
12.8 8.4 -0.00302257
12.8 8.8 0

13.2 0 0
13.2 0.4 -0.00754058
13.2 0.8 -0.0546225
13.2 1.2 -0.0489308
13.2 1.6 -0.044798
13.2 2 -0.0427424
13.2 2.4 -0.0410239
13.2 2.8 -0.0363254
13.2 3.2 -0.0264025
13.2 3.6 -0.0122325
13.2 4 0.00233346
13.2 4.4 0.0131994
13.2 4.8 0.0187721
13.2 5.2 0.020563
13.2 5.6 0.0211916
13.2 6 0.0215374
13.2 6.4 0.0195683
13.2 6.8 0.0120472
13.2 7.2 -0.00209714
13.2 7.6 -0.0195102
13.2 8 -0.0334375
13.2 8.4 -0.00431117
13.2 8.8 0

13.6 0 0
13.6 0.4 -0.00773655
13.6 0.8 -0.0560528
13.6 1.2 -0.0499579
13.6 1.6 -0.0450642
13.6 2 -0.041772
13.6 2.4 -0.0384851
13.6 2.8 -0.0322114
13.6 3.2 -0.0209349
13.6 3.6 -0.00562793
13.6 4 0.0099746
13.6 4.4 0.0217836
13.6 4.8 0.0280107
13.6 5.2 0.0298916
13.6 5.6 0.0298972
13.6 6 0.0289737
13.6 6.4 0.0252636
13.6 6.8 0.0156379
13.6 7.2 -0.000941809
13.6 7.6 -0.0209131
13.6 8 -0.0368297
13.6 8.4 -0.00474403
13.6 8.8 0

14 0 0
14 0.4 -0.00869515
14 0.8 -0.0630392
14 1.2 -0.0569219
14 1.6 -0.0522916
14 2 -0.0489811
14 2.4 -0.0449997
14 2.8 -0.0372204
14 3.2 -0.0236766
14 3.6 -0.00555543
14 4 0.012946
14 4.4 0.0270225
14 4.8 0.034167
14 5.2 0.0353428
14 5.6 0.0335221
14 6 0.0307979
14 6.4 0.026476
14 6.8 0.017845
14 7.2 0.00320635
14 7.6 -0.0151364
14 8 -0.0303901
14 8.4 -0.00391717
14 8.8 0

14.4 0 0
14.4 0.4 -0.0109022
14.4 0.8 -0.0791227
14.4 1.2 -0.0720035
14.4 1.6 -0.0667593
14.4 2 -0.0628177
14.4 2.4 -0.0579068
14.4 2.8 -0.0487459
14.4 3.2 -0.0332756
14.4 3.6 -0.012734
14.4 4 0.00828492
14.4 4.4 0.0241929
14.4 4.8 0.0316699
14.4 5.2 0.0314852
14.4 5.6 0.02751
14.4 6 0.0236417
14.4 6.4 0.0209513
14.4 6.8 0.0172339
14.4 7.2 0.00933853
14.4 7.6 -0.00340372
14.4 8 -0.0167666
14.4 8.4 -0.00217168
14.4 8.8 0

14.8 0 0
14.8 0.4 -0.013153
14.8 0.8 -0.0955392
14.8 1.2 -0.0863225
14.8 1.6 -0.0788338
14.8 2 -0.0728332
14.8 2.4 -0.0665256
14.8 2.8 -0.0569056
14.8 3.2 -0.0417128
14.8 3.6 -0.0216615
14.8 4 -0.00099179
14.8 4.4 0.0145204
14.8 4.8 0.0209967
14.8 5.2 0.0189639
14.8 5.6 0.01305
14.8 6 0.00892668
14.8 6.4 0.00956097
14.8 6.8 0.0133722
14.8 7.2 0.0155002
14.8 7.6 0.0109272
14.8 8 -0.00425164
14.8 8.4 -0.000570301
14.8 8.8 0

15.2 0 0
15.2 0.4 -0.0133279
15.2 0.8 -0.0968638
15.2 1.2 -0.0852866
15.2 1.6 -0.074253
15.2 2 -0.0650196
15.2 2.4 -0.0574354
15.2 2.8 -0.0494189
15.2 3.2 -0.0383511
15.2 3.6 -0.0235448
15.2 4 -0.00769013
15.2 4.4 0.0042365
15.2 4.8 0.0081713
15.2 5.2 0.00407019
15.2 5.6 -0.00345308
15.2 6 -0.007695
15.2 6.4 -0.00407129
15.2 6.8 0.00686928
15.2 7.2 0.0197702
15.2 7.6 0.0282728
15.2 8 0.00322788
15.2 8.4 0
15.2 8.8 0

15.6 0 0
15.6 0.4 -0.0100888
15.6 0.8 -0.0733546
15.6 1.2 -0.0600227
15.6 1.6 -0.0448834
15.6 2 -0.0320493
15.6 2.4 -0.0240963
15.6 2.8 -0.0203402
15.6 3.2 -0.0175379
15.6 3.6 -0.012704
15.6 4 -0.0058071
15.6 4.4 -8.23758e-05
15.6 4.8 0.000482497
15.6 5.2 -0.00531511
15.6 5.6 -0.0140742
15.6 6 -0.0192976
15.6 6.4 -0.0154202
15.6 6.8 -0.00165702
15.6 7.2 0.0169644
15.6 7.6 0.0319746
15.6 8 0.0043261
15.6 8.4 0
15.6 8.8 0

16 0 0
16 0.4 -0.00417812
16 0.8 -0.0304128
16 1.2 -0.0163446
16 1.6 0.00247273
16 2 0.0183418
16 2.4 0.0254966
16 2.8 0.0231141
16 3.2 0.0152894
16 3.6 0.00782182
16 4 0.00412462
16 4.4 0.00322864
16 4.8 0.00127378
16 5.2 -0.00473422
16 5.6 -0.0138197
16 6 -0.021013
16 6.4 -0.0205222
16 6.8 -0.00981531
16 7.2 0.00825259
16 7.6 0.0259713
16 8 0.00353171
16 8.4 0
16 8.8 0

16.4 0 0
16.4 0.4 0.00187451
16.4 0.8 0.0135583
16.4 1.2 0.0276297
16.4 1.6 0.0490014
16.4 2 0.0667465
16.4 2.4 0.0723278
16.4 2.8 0.0637023
16.4 3.2 0.0458642
16.4 3.6 0.0273123
16.4 4 0.0147293
16.4 4.4 0.0093737
16.4 4.8 0.00742941
16.4 5.2 0.00375605
16.4 5.6 -0.00384618
16.4 6 -0.0129306
16.4 6.4 -0.0182814
16.4 6.8 -0.0156105
16.4 7.2 -0.00368852
16.4 7.6 0.0185179
16.4 8 0.00253887
16.4 8.4 0
16.4 8.8 0

16.8 0 0
16.8 0.4 0.00539205
16.8 0.8 0.0390893
16.8 1.2 0.0530918
16.8 1.6 0.0757422
16.8 2 0.0941205
16.8 2.4 0.0980239
16.8 2.8 0.0847565
16.8 3.2 0.0600563
16.8 3.6 0.03442
16.8 4 0.0169896
16.8 4.4 0.0107467
16.8 4.8 0.0118552
16.8 5.2 0.0132027
16.8 5.6 0.00946218
16.8 6 0.000208457
16.8 6.4 -0.0107354
16.8 6.8 -0.0187468
16.8 7.2 -0.0219508
16.8 7.6 -0.000380909
16.8 8 0
16.8 8.4 0
16.8 8.8 0

17.2 0 0
17.2 0.4 0.00518765
17.2 0.8 0.037566
17.2 1.2 0.0517451
17.2 1.6 0.0744025
17.2 2 0.0922633
17.2 2.4 0.0948623
17.2 2.8 0.0794899
17.2 3.2 0.0522898
17.2 3.6 0.0246792
17.2 4 0.00703222
17.2 4.4 0.00329927
17.2 4.8 0.00965885
17.2 5.2 0.017711
17.2 5.6 0.019856
17.2 6 0.0133008
17.2 6.4 0.00037418
17.2 6.8 -0.0143762
17.2 7.2 -0.0269904
17.2 7.6 -0.00357645
17.2 8 0
17.2 8.4 0
17.2 8.8 0

17.6 0 0
17.6 0.4 0.00203066
17.6 0.8 0.0146145
17.6 1.2 0.0288062
17.6 1.6 0.0499566
17.6 2 0.0660556
17.6 2.4 0.0677184
17.6 2.8 0.0527537
17.6 3.2 0.0272463
17.6 3.6 0.00232891
17.6 4 -0.0117374
17.6 4.4 -0.0108522
17.6 4.8 0.00128528
17.6 5.2 0.0159579
17.6 5.6 0.024654
17.6 6 0.0233436
17.6 6.4 0.0132342
17.6 6.8 -0.00241611
17.6 7.2 -0.0251473
17.6 7.6 -0.00330505
17.6 8 0
17.6 8.4 0
17.6 8.8 0

18 0 0
18 0.4 -0.00217897
18 0.8 -0.0159221
18 1.2 -0.00255763
18 1.6 0.0154029
18 2 0.02843
18 2.4 0.0291989
18 2.8 0.0163647
18 3.2 -0.00450173
18 3.6 -0.0235887
18 4 -0.0318952
18 4.4 -0.025882
18 4.8 -0.00903179
18 5.2 0.010531
18 5.6 0.02476
18 6 0.0297738
18 6.4 0.0270542
18 6.8 0.0220458
18 7.2 -0.000257197
18 7.6 0
18 8 0
18 8.4 0
18 8.8 0

18.4 0 0
18.4 0.4 -0.00577561
18.4 0.8 -0.0419345
18.4 1.2 -0.0303796
18.4 1.6 -0.0167871
18.4 2 -0.00770338
18.4 2.4 -0.0080026
18.4 2.8 -0.0180859
18.4 3.2 -0.0331587
18.4 3.6 -0.0452824
18.4 4 -0.0473549
18.4 4.4 -0.0368434
18.4 4.8 -0.0170241
18.4 5.2 0.00505993
18.4 5.6 0.0226139
18.4 6 0.0325304
18.4 6.4 0.0361393
18.4 6.8 0.0361346
18.4 7.2 0.00496173
18.4 7.6 0
18.4 8 0
18.4 8.4 0
18.4 8.8 0

18.8 0 0
18.8 0.4 -0.00821821
18.8 0.8 -0.0595307
18.8 1.2 -0.0499676
18.8 1.6 -0.0405076
18.8 2 -0.0350911
18.8 2.4 -0.0364462
18.8 2.8 -0.0441442
18.8 3.2 -0.0540845
18.8 3.6 -0.0600408
18.8 4 -0.0567255
18.8 4.4 -0.042675
18.8 4.8 -0.0211078
18.8 5.2 0.00190996
18.8 5.6 0.0208552
18.8 6 0.0335819
18.8 6.4 0.042539
18.8 6.8 0.0107805
18.8 7.2 0
18.8 7.6 0
18.8 8 0
18.8 8.4 0
18.8 8.8 0

19.2 0 0
19.2 0.4 -0.00995323
19.2 0.8 -0.0720233
19.2 1.2 -0.0632288
19.2 1.6 -0.0557787
19.2 2 -0.0522315
19.2 2.4 -0.0541322
19.2 2.8 -0.0605033
19.2 3.2 -0.0674674
19.2 3.6 -0.0696005
19.2 4 -0.0625922
19.2 4.4 -0.0457065
19.2 4.8 -0.0223721
19.2 5.2 0.00163965
19.2 5.6 0.0212246
19.2 6 0.0338343
19.2 6.4 0.0104739
19.2 6.8 0
19.2 7.2 0
19.2 7.6 0
19.2 8 0
19.2 8.4 0
19.2 8.8 0

19.6 0 0
19.6 0.4 0
19.6 0.8 -0.00951863
19.6 1.2 -0.00833027
19.6 1.6 -0.00729746
19.6 2 -0.00676481
19.6 2.4 -0.00693801
19.6 2.8 -0.00768797
19.6 3.2 -0.00851009
19.6 3.6 -0.00870926
19.6 4 -0.00774585
19.6 4.4 -0.00554476
19.6 4.8 -0.00255695
19.6 5.2 0.000484922
19.6 5.6 0.00295111
19.6 6 0.00454409
19.6 6.4 0
19.6 6.8 0
19.6 7.2 0
19.6 7.6 0
19.6 8 0
19.6 8.4 0
19.6 8.8 0

20 0 0
20 0.4 0
20 0.8 0
20 1.2 0
20 1.6 0
20 2 0
20 2.4 0
20 2.8 0
20 3.2 0
20 3.6 0
20 4 0
20 4.4 0
20 4.8 0
20 5.2 0
20 5.6 0
20 6 0
20 6.4 0
20 6.8 0
20 7.2 0
20 7.6 0
20 8 0
20 8.4 0
20 8.8 0

