0 1.75333e-34
1 3.26907e-34
2 -2.85838e-35
3 1.26995e-33
4 -2.91744e-33
5 1.09142e-32
6 -3.35218e-32
7 1.07781e-31
8 -3.3433e-31
9 1.02966e-30
10 -3.11691e-30
11 9.30826e-30
12 -2.73885e-29
13 7.94424e-29
14 -2.2712e-28
15 6.40054e-28
16 -1.77799e-27
17 4.86851e-27
18 -1.31403e-26
19 3.49575e-26
20 -9.16583e-26
21 2.36842e-25
22 -6.03039e-25
23 1.51273e-24
24 -3.73784e-24
25 9.09521e-24
26 -2.17877e-23
27 5.13649e-23
28 -1.19125e-22
29 2.71657e-22
30 -6.08824e-22
31 1.34015e-21
32 -2.8954e-21
33 6.13507e-21
34 -1.27379e-20
35 2.58876e-20
36 -5.14364e-20
37 9.97699e-20
38 -1.88581e-19
39 3.46563e-19
40 -6.174e-19
41 1.06193e-18
42 -1.75331e-18
43 2.75412e-18
44 -4.0549e-18
45 5.4381e-18
46 -6.21074e-18
47 4.72384e-18
48 2.42583e-18
49 -2.16197e-17
50 6.39304e-17
51 -1.47244e-16
52 2.98399e-16
53 -5.54369e-16
54 9.60584e-16
55 -1.56306e-15
56 2.3892e-15
57 -3.40977e-15
58 4.47236e-15
59 -5.19472e-15
60 4.80562e-15
61 -1.92298e-15
62 -5.73642e-15
63 2.17116e-14
64 -5.11987e-14
65 1.01464e-13
66 -1.82152e-13
67 3.05355e-13
68 -4.85436e-13
69 7.38641e-13
70 -1.08251e-12
71 1.53507e-12
72 -2.11375e-12
73 2.83417e-12
74 -3.70881e-12
75 4.7456e-12
76 -5.94652e-12
77 7.30634e-12
78 -8.81152e-12
79 1.04393e-11
80 -1.21574e-11
81 1.39238e-11
82 -1.56879e-11
83 1.73915e-11
84 -1.89718e-11
85 2.03637e-11
86 -2.15045e-11
87 2.2337e-11
88 -2.28147e-11
89 2.2905e-11
90 -2.25928e-11
91 2.18818e-11
92 -2.07956e-11
93 1.93763e-11
94 -1.76818e-11
95 1.57824e-11
96 -1.37554e-11
97 1.16804e-11
98 -9.63373e-12
99 7.6837e-12
100 -5.8872e-12
101 4.28691e-12
102 -2.91023e-12
103 1.76937e-12
104 -8.62715e-13
105 1.76972e-13
106 3.10015e-13
107 -6.2628e-13
108 8.0276e-13
109 -8.70711e-13
110 8.59557e-13
111 -7.954e-13
112 7.00061e-13
113 -5.9075e-13
114 4.8012e-13
115 -3.76728e-13
116 2.85639e-13
117 -2.09194e-13
118 1.47714e-13
119 -1.00204e-13
120 6.48802e-14
121 -3.96468e-14
122 2.23642e-14
123 -1.10926e-14
124 4.15336e-15
125 -2.14086e-16
126 -1.76726e-15
127 2.52981e-15
128 -2.60769e-15
129 2.33133e-15
130 -1.92553e-15
131 1.49753e-15
132 -1.12101e-15
133 8.05641e-16
134 -5.67745e-16
135 3.85421e-16
136 -2.61328e-16
137 1.68985e-16
138 -1.12722e-16
139 6.9083e-17
140 -4.69915e-17
141 2.63246e-17
142 -1.96672e-17
143 8.83166e-18
144 -8.68697e-18
145 1.77495e-18
146 -4.32045e-18
147 -1.10765e-18
148 -2.59682e-18
149 -2.30773e-18
150 -1.96414e-18
151 -2.7862e-18
152 -1.8288e-18
153 -2.91818e-18
154 -1.92993e-18
155 -2.91942e-18
156 -2.06982e-18
157 -2.94957e-18
158 -2.17536e-18
159 -2.96751e-18
160 -2.3595e-18
161 -2.89825e-18
162 -2.56244e-18
163 -2.91825e-18
164 -2.63785e-18
165 -2.99676e-18
166 -2.77457e-18
167 -2.98402e-18
168 -2.91123e-18
169 -3.08435e-18
170 -2.95725e-18
171 -3.13992e-18
172 -3.13301e-18
173 -3.16254e-18
174 -3.1901e-18
175 -3.30743e-18
176 -3.29601e-18
177 -3.30112e-18
178 -3.44058e-18
179 -3.43741e-18
180 -3.46682e-18
181 -3.50268e-18
182 -3.63995e-18
183 -3.58515e-18
184 -3.65443e-18
185 -3.7299e-18
186 -3.79405e-18
187 -3.7796e-18
188 -3.84395e-18
189 -3.95715e-18
190 -3.94381e-18
191 -3.99919e-18
192 -4.04157e-18
193 -4.16798e-18
194 -4.12208e-18
195 -4.21593e-18
196 -4.25672e-18
197 -4.3627e-18
198 -4.33274e-18
199 -4.42521e-18
200 -4.48424e-18
201 -4.55685e-18
202 -4.56046e-18
203 -4.6379e-18
204 -4.71374e-18
205 -4.7642e-18
206 -4.79269e-18
207 -4.86126e-18
208 -4.9425e-18
209 -4.98727e-18
210 -5.02753e-18
211 -5.09468e-18
212 -5.17425e-18
213 -5.22232e-18
214 -5.26779e-18
215 -5.33566e-18
216 -5.41268e-18
217 -5.46622e-18
218 -5.51541e-18
219 -5.58344e-18
220 -5.65912e-18
221 -5.7179e-18
222 -5.77083e-18
223 -5.83847e-18
224 -5.91374e-18
225 -5.97721e-18
226 -6.03405e-18
227 -6.10138e-18
228 -6.17655e-18
229 -6.2442e-18
230 -6.30505e-18
231 -6.37255e-18
232 -6.44771e-18
233 -6.51895e-18
234 -6.58388e-18
235 -6.65222e-18
236 -6.72743e-18
237 -6.80162e-18
238 -6.87058e-18
239 -6.94048e-18
240 -7.01595e-18
241 -7.09247e-18
242 -7.16525e-18
243 -7.23736e-18
244 -7.31345e-18
245 -7.39179e-18
246 -7.46804e-18
247 -7.54284e-18
248 -7.62005e-18
249 -7.69991e-18
250 -7.77917e-18
251 -7.85695e-18
252 -7.93581e-18
253 -8.0171e-18
254 -8.09892e-18
255 -8.17972e-18
256 -8.26072e-18
257 -8.34358e-18
258 -8.42762e-18
259 -8.5113e-18
260 -8.5948e-18
261 -8.67949e-18
262 -8.76555e-18
263 -8.8519e-18
264 -8.93807e-18
265 -9.0249e-18
266 -9.11297e-18
267 -9.20177e-18
268 -9.29064e-18
269 -9.37986e-18
270 -9.47005e-18
271 -9.56117e-18
272 -9.65267e-18
273 -9.74445e-18
274 -9.83692e-18
275 -9.93032e-18
276 -1.00243e-17
277 -1.01187e-17
278 -1.02137e-17
279 -1.03094e-17
280 -1.04059e-17
281 -1.05029e-17
282 -1.06004e-17
283 -1.06985e-17
284 -1.07975e-17
285 -1.08971e-17
286 -1.09971e-17
287 -1.10978e-17
288 -1.11993e-17
289 -1.13014e-17
290 -1.14041e-17
291 -1.15074e-17
292 -1.16113e-17
293 -1.1716e-17
294 -1.18213e-17
295 -1.19272e-17
296 -1.20338e-17
297 -1.2141e-17
298 -1.22489e-17
299 -1.23575e-17
300 -1.24666e-17
301 -1.25764e-17
302 -1.26869e-17
303 -1.27981e-17
304 -1.29099e-17
305 -1.30223e-17
306 -1.31353e-17
307 -1.32491e-17
308 -1.33634e-17
309 -1.34784e-17
310 -1.3594e-17
311 -1.37103e-17
312 -1.38271e-17
313 -1.39446e-17
314 -1.40627e-17
315 -1.41814e-17
316 -1.43007e-17
317 -1.44206e-17
318 -1.45411e-17
319 -1.46622e-17
320 -1.47838e-17
321 -1.49059e-17
322 -1.50286e-17
323 -1.51518e-17
324 -1.52755e-17
325 -1.53996e-17
326 -1.55243e-17
327 -1.56493e-17
328 -1.57748e-17
329 -1.59006e-17
330 -1.60268e-17
331 -1.61533e-17
332 -1.62802e-17
333 -1.64072e-17
334 -1.65345e-17
335 -1.66619e-17
336 -1.67894e-17
337 -1.6917e-17
338 -1.70446e-17
339 -1.71721e-17
340 -1.72995e-17
341 -1.74267e-17
342 -1.75536e-17
343 -1.76801e-17
344 -1.78061e-17
345 -1.79316e-17
346 -1.80564e-17
347 -1.81804e-17
348 -1.83034e-17
349 -1.84254e-17
350 -1.85461e-17
351 -1.86655e-17
352 -1.87832e-17
353 -1.88992e-17
354 -1.90133e-17
355 -1.91251e-17
356 -1.92345e-17
357 -1.93412e-17
358 -1.94449e-17
359 -1.95453e-17
360 -1.96421e-17
361 -1.97349e-17
362 -1.98233e-17
363 -1.9907e-17
364 -1.99854e-17
365 -2.00581e-17
366 -2.01246e-17
367 -2.01843e-17
368 -2.02366e-17
369 -2.02808e-17
370 -2.03163e-17
371 -2.03423e-17
372 -2.03579e-17
373 -2.03623e-17
374 -2.03546e-17
375 -2.03337e-17
376 -2.02985e-17
377 -2.02478e-17
378 -2.01805e-17
379 -2.0095e-17
380 -1.99899e-17
381 -1.98636e-17
382 -1.97145e-17
383 -1.95407e-17
384 -1.93402e-17
385 -1.91108e-17
386 -1.88504e-17
387 -1.85564e-17
388 -1.82261e-17
389 -1.78568e-17
390 -1.74455e-17
391 -1.69887e-17
392 -1.6483e-17
393 -1.59246e-17
394 -1.53095e-17
395 -1.46331e-17
396 -1.3891e-17
397 -1.30779e-17
398 -1.21885e-17
399 -1.1217e-17
400 -1.01571e-17
401 -9.00207e-18
402 -7.7448e-18
403 -6.37753e-18
404 -4.89197e-18
405 -3.27923e-18
406 -1.52978e-18
407 3.66623e-19
408 2.42094e-18
409 4.64494e-18
410 7.05125e-18
411 9.65338e-18
412 1.24658e-17
413 1.55042e-17
414 1.87851e-17
415 2.23263e-17
416 2.61471e-17
417 3.02679e-17
418 3.47107e-17
419 3.9499e-17
420 4.46579e-17
421 5.02145e-17
422 5.61977e-17
423 6.26383e-17
424 6.95695e-17
425 7.70268e-17
426 8.5048e-17
427 9.36737e-17
428 1.02947e-16
429 1.12915e-16
430 1.23628e-16
431 1.35137e-16
432 1.47501e-16
433 1.6078e-16
434 1.75039e-16
435 1.90347e-16
436 2.0678e-16
437 2.24416e-16
438 2.4334e-16
439 2.63643e-16
440 2.85422e-16
441 3.08781e-16
442 3.33831e-16
443 3.60689e-16
444 3.89482e-16
445 4.20345e-16
446 4.53423e-16
447 4.88867e-16
448 5.26844e-16
449 5.67529e-16
450 6.11107e-16
451 6.5778e-16
452 7.0776e-16
453 7.61274e-16
454 8.18566e-16
455 8.79893e-16
456 9.45533e-16
457 1.01578e-15
458 1.09095e-15
459 1.17137e-15
460 1.2574e-15
461 1.34943e-15
462 1.44785e-15
463 1.55311e-15
464 1.66565e-15
465 1.78598e-15
466 1.91461e-15
467 2.05211e-15
468 2.19906e-15
469 2.3561e-15
470 2.52391e-15
471 2.70319e-15
472 2.89471e-15
473 3.0993e-15
474 3.3178e-15
475 3.55114e-15
476 3.80031e-15
477 4.06635e-15
478 4.35036e-15
479 4.65353e-15
480 4.97711e-15
481 5.32245e-15
482 5.69096e-15
483 6.08416e-15
484 6.50365e-15
485 6.95115e-15
486 7.42847e-15
487 7.93754e-15
488 8.48043e-15
489 9.0593e-15
490 9.67649e-15
491 1.03345e-14
492 1.10358e-14
493 1.17834e-14
494 1.25801e-14
495 1.3429e-14
496 1.43336e-14
497 1.52974e-14
498 1.6324e-14
499 1.74176e-14
500 1.85823e-14
501 1.98226e-14
502 2.11434e-14
503 2.25497e-14
504 2.40468e-14
505 2.56405e-14
506 2.73368e-14
507 2.91422e-14
508 3.10634e-14
509 3.31077e-14
510 3.52828e-14
511 3.75967e-14
512 4.00581e-14
513 4.26761e-14
514 4.54604e-14
515 4.84213e-14
516 5.15696e-14
517 5.49168e-14
518 5.84752e-14
519 6.22577e-14
520 6.6278e-14
521 7.05506e-14
522 7.50909e-14
523 7.99151e-14
524 8.50406e-14
525 9.04856e-14
526 9.62693e-14
527 1.02412e-13
528 1.08936e-13
529 1.15864e-13
530 1.2322e-13
531 1.3103e-13
532 1.3932e-13
533 1.48121e-13
534 1.57461e-13
535 1.67374e-13
536 1.77893e-13
537 1.89055e-13
538 2.00896e-13
539 2.13459e-13
540 2.26784e-13
541 2.40917e-13
542 2.55906e-13
543 2.71801e-13
544 2.88654e-13
545 3.06522e-13
546 3.25465e-13
547 3.45544e-13
548 3.66826e-13
549 3.89382e-13
550 4.13283e-13
551 4.38609e-13
552 4.65442e-13
553 4.93869e-13
554 5.23981e-13
555 5.55876e-13
556 5.89655e-13
557 6.25426e-13
558 6.63304e-13
559 7.03408e-13
560 7.45865e-13
561 7.90809e-13
562 8.38381e-13
563 8.8873e-13
564 9.42013e-13
565 9.98395e-13
566 1.05805e-12
567 1.12117e-12
568 1.18793e-12
569 1.25856e-12
570 1.33325e-12
571 1.41225e-12
572 1.49579e-12
573 1.58411e-12
574 1.6775e-12
575 1.77622e-12
576 1.88058e-12
577 1.99089e-12
578 2.10746e-12
579 2.23066e-12
580 2.36083e-12
581 2.49837e-12
582 2.64368e-12
583 2.79718e-12
584 2.95931e-12
585 3.13056e-12
586 3.3114e-12
587 3.50238e-12
588 3.70402e-12
589 3.91691e-12
590 4.14166e-12
591 4.3789e-12
592 4.6293e-12
593 4.89358e-12
594 5.17247e-12
595 5.46676e-12
596 5.77726e-12
597 6.10484e-12
598 6.45041e-12
599 6.81492e-12
600 7.19938e-12
601 7.60483e-12
602 8.0324e-12
603 8.48324e-12
604 8.95857e-12
605 9.45969e-12
606 9.98793e-12
607 1.05447e-11
608 1.11316e-11
609 1.175e-11
610 1.24017e-11
611 1.30884e-11
612 1.38118e-11
613 1.4574e-11
614 1.53768e-11
615 1.62225e-11
616 1.71131e-11
617 1.8051e-11
618 1.90386e-11
619 2.00785e-11
620 2.11733e-11
621 2.23258e-11
622 2.3539e-11
623 2.48159e-11
624 2.61599e-11
625 2.75742e-11
626 2.90624e-11
627 3.06282e-11
628 3.22756e-11
629 3.40086e-11
630 3.58316e-11
631 3.7749e-11
632 3.97656e-11
633 4.18862e-11
634 4.41161e-11
635 4.64608e-11
636 4.89258e-11
637 5.15171e-11
638 5.4241e-11
639 5.71041e-11
640 6.01131e-11
641 6.32752e-11
642 6.6598e-11
643 7.00893e-11
644 7.37573e-11
645 7.76106e-11
646 8.16583e-11
647 8.59097e-11
648 9.03749e-11
649 9.50641e-11
650 9.99881e-11
651 1.05158e-10
652 1.10586e-10
653 1.16285e-10
654 1.22267e-10
655 1.28546e-10
656 1.35136e-10
657 1.42051e-10
658 1.49309e-10
659 1.56924e-10
660 1.64913e-10
661 1.73295e-10
662 1.82087e-10
663 1.9131e-10
664 2.00984e-10
665 2.11129e-10
666 2.21767e-10
667 2.32923e-10
668 2.44619e-10
669 2.56882e-10
670 2.69737e-10
671 2.83212e-10
672 2.97336e-10
673 3.12138e-10
674 3.27651e-10
675 3.43906e-10
676 3.60939e-10
677 3.78784e-10
678 3.97479e-10
679 4.17063e-10
680 4.37576e-10
681 4.59061e-10
682 4.81562e-10
683 5.05125e-10
684 5.29798e-10
685 5.55631e-10
686 5.82677e-10
687 6.10991e-10
688 6.40628e-10
689 6.7165e-10
690 7.04117e-10
691 7.38095e-10
692 7.73651e-10
693 8.10855e-10
694 8.4978e-10
695 8.90503e-10
696 9.33104e-10
697 9.77665e-10
698 1.02427e-09
699 1.07302e-09
700 1.12399e-09
701 1.1773e-09
702 1.23303e-09
703 1.29131e-09
704 1.35223e-09
705 1.41591e-09
706 1.48248e-09
707 1.55205e-09
708 1.62477e-09
709 1.70076e-09
710 1.78016e-09
711 1.86312e-09
712 1.9498e-09
713 2.04036e-09
714 2.13495e-09
715 2.23376e-09
716 2.33696e-09
717 2.44474e-09
718 2.5573e-09
719 2.67483e-09
720 2.79754e-09
721 2.92567e-09
722 3.05942e-09
723 3.19905e-09
724 3.34479e-09
725 3.49691e-09
726 3.65567e-09
727 3.82134e-09
728 3.99422e-09
729 4.17461e-09
730 4.36281e-09
731 4.55915e-09
732 4.76397e-09
733 4.97761e-09
734 5.20044e-09
735 5.43284e-09
736 5.6752e-09
737 5.92793e-09
738 6.19145e-09
739 6.4662e-09
740 6.75264e-09
741 7.05124e-09
742 7.36249e-09
743 7.68692e-09
744 8.02505e-09
745 8.37742e-09
746 8.74463e-09
747 9.12725e-09
748 9.52592e-09
749 9.94126e-09
750 1.0374e-08
751 1.08247e-08
752 1.12942e-08
753 1.17832e-08
754 1.22924e-08
755 1.28227e-08
756 1.3375e-08
757 1.395e-08
758 1.45486e-08
759 1.51719e-08
760 1.58207e-08
761 1.6496e-08
762 1.7199e-08
763 1.79305e-08
764 1.86919e-08
765 1.94842e-08
766 2.03086e-08
767 2.11664e-08
768 2.20588e-08
769 2.29872e-08
770 2.3953e-08
771 2.49575e-08
772 2.60024e-08
773 2.7089e-08
774 2.82191e-08
775 2.93942e-08
776 3.0616e-08
777 3.18864e-08
778 3.32072e-08
779 3.45802e-08
780 3.60075e-08
781 3.7491e-08
782 3.9033e-08
783 4.06354e-08
784 4.23007e-08
785 4.40312e-08
786 4.58292e-08
787 4.76974e-08
788 4.96382e-08
789 5.16544e-08
790 5.37488e-08
791 5.59242e-08
792 5.81836e-08
793 6.05301e-08
794 6.29669e-08
795 6.54973e-08
796 6.81246e-08
797 7.08525e-08
798 7.36845e-08
799 7.66245e-08
800 7.96763e-08
801 8.28441e-08
802 8.61318e-08
803 8.95439e-08
804 9.30849e-08
805 9.67593e-08
806 1.00572e-07
807 1.04528e-07
808 1.08632e-07
809 1.12889e-07
810 1.17305e-07
811 1.21886e-07
812 1.26638e-07
813 1.31565e-07
814 1.36675e-07
815 1.41975e-07
816 1.47469e-07
817 1.53166e-07
818 1.59073e-07
819 1.65196e-07
820 1.71544e-07
821 1.78124e-07
822 1.84943e-07
823 1.92012e-07
824 1.99337e-07
825 2.06928e-07
826 2.14793e-07
827 2.22943e-07
828 2.31387e-07
829 2.40135e-07
830 2.49198e-07
831 2.58585e-07
832 2.68308e-07
833 2.78379e-07
834 2.88809e-07
835 2.9961e-07
836 3.10795e-07
837 3.22377e-07
838 3.34368e-07
839 3.46783e-07
840 3.59636e-07
841 3.72941e-07
842 3.86713e-07
843 4.00967e-07
844 4.15721e-07
845 4.30989e-07
846 4.4679e-07
847 4.6314e-07
848 4.80058e-07
849 4.97562e-07
850 5.15671e-07
851 5.34406e-07
852 5.53785e-07
853 5.73831e-07
854 5.94565e-07
855 6.16009e-07
856 6.38185e-07
857 6.61119e-07
858 6.84833e-07
859 7.09353e-07
860 7.34705e-07
861 7.60915e-07
862 7.88011e-07
863 8.1602e-07
864 8.44972e-07
865 8.74896e-07
866 9.05824e-07
867 9.37786e-07
868 9.70816e-07
869 1.00495e-06
870 1.04021e-06
871 1.07665e-06
872 1.11429e-06
873 1.15318e-06
874 1.19335e-06
875 1.23485e-06
876 1.27771e-06
877 1.32198e-06
878 1.36769e-06
879 1.4149e-06
880 1.46365e-06
881 1.51399e-06
882 1.56596e-06
883 1.61962e-06
884 1.67501e-06
885 1.7322e-06
886 1.79123e-06
887 1.85215e-06
888 1.91503e-06
889 1.97993e-06
890 2.04691e-06
891 2.11602e-06
892 2.18733e-06
893 2.26091e-06
894 2.33683e-06
895 2.41515e-06
896 2.49594e-06
897 2.57929e-06
898 2.66525e-06
899 2.75392e-06
900 2.84537e-06
901 2.93968e-06
902 3.03694e-06
903 3.13723e-06
904 3.24064e-06
905 3.34726e-06
906 3.45718e-06
907 3.5705e-06
908 3.68732e-06
909 3.80774e-06
910 3.93186e-06
911 4.05979e-06
912 4.19163e-06
913 4.3275e-06
914 4.46752e-06
915 4.6118e-06
916 4.76046e-06
917 4.91362e-06
918 5.07142e-06
919 5.23398e-06
920 5.40145e-06
921 5.57394e-06
922 5.75162e-06
923 5.93461e-06
924 6.12307e-06
925 6.31716e-06
926 6.51702e-06
927 6.72283e-06
928 6.93473e-06
929 7.1529e-06
930 7.37752e-06
931 7.60875e-06
932 7.84679e-06
933 8.09181e-06
934 8.34401e-06
935 8.60358e-06
936 8.87073e-06
937 9.14565e-06
938 9.42856e-06
939 9.71967e-06
940 1.00192e-05
941 1.03274e-05
942 1.06445e-05
943 1.09707e-05
944 1.13062e-05
945 1.16514e-05
946 1.20064e-05
947 1.23715e-05
948 1.27471e-05
949 1.31333e-05
950 1.35305e-05
951 1.39389e-05
952 1.43588e-05
953 1.47906e-05
954 1.52345e-05
955 1.56909e-05
956 1.61601e-05
957 1.66423e-05
958 1.7138e-05
959 1.76476e-05
960 1.81712e-05
961 1.87094e-05
962 1.92625e-05
963 1.98308e-05
964 2.04148e-05
965 2.10148e-05
966 2.16313e-05
967 2.22647e-05
968 2.29154e-05
969 2.35838e-05
970 2.42705e-05
971 2.49757e-05
972 2.57001e-05
973 2.6444e-05
974 2.72081e-05
975 2.79926e-05
976 2.87983e-05
977 2.96256e-05
978 3.0475e-05
979 3.13471e-05
980 3.22424e-05
981 3.31616e-05
982 3.41051e-05
983 3.50736e-05
984 3.60677e-05
985 3.7088e-05
986 3.81352e-05
987 3.92098e-05
988 4.03126e-05
989 4.14443e-05
990 4.26054e-05
991 4.37968e-05
992 4.50192e-05
993 4.62732e-05
994 4.75597e-05
995 4.88795e-05
996 5.02332e-05
997 5.16217e-05
998 5.30458e-05
999 5.45064e-05
1000 5.60043e-05
1001 5.75404e-05
1002 5.91155e-05
1003 6.07307e-05
1004 6.23867e-05
1005 6.40846e-05
1006 6.58253e-05
1007 6.76099e-05
1008 6.94392e-05
1009 7.13144e-05
1010 7.32365e-05
1011 7.52065e-05
1012 7.72256e-05
1013 7.92949e-05
1014 8.14155e-05
1015 8.35885e-05
1016 8.58152e-05
1017 8.80967e-05
1018 9.04343e-05
1019 9.28292e-05
1020 9.52827e-05
1021 9.77962e-05
1022 0.000100371
1023 0.000103008
1024 0.000105709
1025 0.000108476
1026 0.00011131
1027 0.000114212
1028 0.000117183
1029 0.000120226
1030 0.000123342
1031 0.000126532
1032 0.000129799
1033 0.000133143
1034 0.000136566
1035 0.000140071
1036 0.000143658
1037 0.00014733
1038 0.000151088
1039 0.000154935
1040 0.000158872
1041 0.000162901
1042 0.000167024
1043 0.000171242
1044 0.000175559
1045 0.000179976
1046 0.000184495
1047 0.000189118
1048 0.000193848
1049 0.000198686
1050 0.000203635
1051 0.000208697
1052 0.000213875
1053 0.000219171
1054 0.000224587
1055 0.000230125
1056 0.000235789
1057 0.000241581
1058 0.000247503
1059 0.000253558
1060 0.000259749
1061 0.000266078
1062 0.000272549
1063 0.000279164
1064 0.000285925
1065 0.000292836
1066 0.000299901
1067 0.000307121
1068 0.0003145
1069 0.000322041
1070 0.000329747
1071 0.000337622
1072 0.000345669
1073 0.00035389
1074 0.000362291
1075 0.000370873
1076 0.000379641
1077 0.000388598
1078 0.000397747
1079 0.000407094
1080 0.00041664
1081 0.00042639
1082 0.000436348
1083 0.000446519
1084 0.000456905
1085 0.000467511
1086 0.000478341
1087 0.000489399
1088 0.00050069
1089 0.000512218
1090 0.000523987
1091 0.000536002
1092 0.000548267
1093 0.000560787
1094 0.000573568
1095 0.000586612
1096 0.000599926
1097 0.000613514
1098 0.000627381
1099 0.000641533
1100 0.000655974
1101 0.00067071
1102 0.000685745
1103 0.000701087
1104 0.000716739
1105 0.000732707
1106 0.000748997
1107 0.000765616
1108 0.000782568
1109 0.000799859
1110 0.000817496
1111 0.000835484
1112 0.000853831
1113 0.000872541
1114 0.000891621
1115 0.000911078
1116 0.000930919
1117 0.000951149
1118 0.000971776
1119 0.000992806
1120 0.00101425
1121 0.0010361
1122 0.00105839
1123 0.0010811
1124 0.00110425
1125 0.00112785
1126 0.00115191
1127 0.00117642
1128 0.0012014
1129 0.00122687
1130 0.00125281
1131 0.00127925
1132 0.00130619
1133 0.00133364
1134 0.00136161
1135 0.0013901
1136 0.00141913
1137 0.0014487
1138 0.00147883
1139 0.00150951
1140 0.00154077
1141 0.00157261
1142 0.00160503
1143 0.00163805
1144 0.00167169
1145 0.00170593
1146 0.00174081
1147 0.00177632
1148 0.00181249
1149 0.0018493
1150 0.00188679
1151 0.00192495
1152 0.00196381
1153 0.00200336
1154 0.00204362
1155 0.00208461
1156 0.00212633
1157 0.00216879
1158 0.002212
1159 0.00225598
1160 0.00230074
1161 0.00234629
1162 0.00239264
1163 0.00243981
1164 0.0024878
1165 0.00253663
1166 0.00258631
1167 0.00263686
1168 0.00268828
1169 0.00274059
1170 0.0027938
1171 0.00284793
1172 0.00290299
1173 0.00295898
1174 0.00301594
1175 0.00307387
1176 0.00313278
1177 0.00319268
1178 0.0032536
1179 0.00331555
1180 0.00337854
1181 0.00344258
1182 0.0035077
1183 0.0035739
1184 0.00364121
1185 0.00370963
1186 0.00377918
1187 0.00384988
1188 0.00392175
1189 0.0039948
1190 0.00406904
1191 0.0041445
1192 0.00422118
1193 0.00429912
1194 0.00437831
1195 0.00445879
1196 0.00454056
1197 0.00462365
1198 0.00470807
1199 0.00479385
1200 0.00488099
1201 0.00496951
1202 0.00505945
1203 0.0051508
1204 0.0052436
1205 0.00533786
1206 0.0054336
1207 0.00553084
1208 0.00562959
1209 0.00572989
1210 0.00583174
1211 0.00593517
1212 0.0060402
1213 0.00614685
1214 0.00625514
1215 0.00636508
1216 0.00647671
1217 0.00659003
1218 0.00670508
1219 0.00682188
1220 0.00694043
1221 0.00706078
1222 0.00718293
1223 0.00730692
1224 0.00743276
1225 0.00756048
1226 0.00769009
1227 0.00782163
1228 0.00795511
1229 0.00809056
1230 0.008228
1231 0.00836746
1232 0.00850895
1233 0.00865251
1234 0.00879816
1235 0.00894592
1236 0.00909581
1237 0.00924787
1238 0.00940211
1239 0.00955856
1240 0.00971725
1241 0.0098782
1242 0.0100414
1243 0.010207
1244 0.0103749
1245 0.0105451
1246 0.0107178
1247 0.0108929
1248 0.0110704
1249 0.0112504
1250 0.0114329
1251 0.0116179
1252 0.0118054
1253 0.0119956
1254 0.0121884
1255 0.0123838
1256 0.0125818
1257 0.0127826
1258 0.0129861
1259 0.0131924
1260 0.0134014
1261 0.0136132
1262 0.0138279
1263 0.0140455
1264 0.0142659
1265 0.0144893
1266 0.0147157
1267 0.014945
1268 0.0151774
1269 0.0154128
1270 0.0156513
1271 0.0158929
1272 0.0161376
1273 0.0163855
1274 0.0166367
1275 0.0168911
1276 0.0171487
1277 0.0174097
1278 0.017674
1279 0.0179416
1280 0.0182127
1281 0.0184872
1282 0.0187651
1283 0.0190466
1284 0.0193316
1285 0.0196201
1286 0.0199123
1287 0.0202081
1288 0.0205075
1289 0.0208107
1290 0.0211175
1291 0.0214282
1292 0.0217426
1293 0.0220609
1294 0.0223831
1295 0.0227092
1296 0.0230392
1297 0.0233732
1298 0.0237112
1299 0.0240532
1300 0.0243993
1301 0.0247496
1302 0.025104
1303 0.0254626
1304 0.0258254
1305 0.0261925
1306 0.0265638
1307 0.0269395
1308 0.0273196
1309 0.0277041
1310 0.028093
1311 0.0284864
1312 0.0288843
1313 0.0292868
1314 0.0296938
1315 0.0301055
1316 0.0305218
1317 0.0309429
1318 0.0313687
1319 0.0317992
1320 0.0322346
1321 0.0326748
1322 0.0331199
1323 0.0335699
1324 0.0340249
1325 0.0344849
1326 0.03495
1327 0.0354201
1328 0.0358953
1329 0.0363757
1330 0.0368612
1331 0.037352
1332 0.0378481
1333 0.0383495
1334 0.0388562
1335 0.0393683
1336 0.0398858
1337 0.0404087
1338 0.0409372
1339 0.0414712
1340 0.0420108
1341 0.0425559
1342 0.0431068
1343 0.0436633
1344 0.0442255
1345 0.0447935
1346 0.0453673
1347 0.045947
1348 0.0465325
1349 0.0471239
1350 0.0477213
1351 0.0483247
1352 0.0489342
1353 0.0495496
1354 0.0501712
1355 0.050799
1356 0.0514329
1357 0.0520731
1358 0.0527195
1359 0.0533722
1360 0.0540312
1361 0.0546966
1362 0.0553685
1363 0.0560467
1364 0.0567315
1365 0.0574228
1366 0.0581206
1367 0.058825
1368 0.0595361
1369 0.0602538
1370 0.0609783
1371 0.0617095
1372 0.0624475
1373 0.0631922
1374 0.0639439
1375 0.0647024
1376 0.0654679
1377 0.0662403
1378 0.0670197
1379 0.0678062
1380 0.0685997
1381 0.0694003
1382 0.0702081
1383 0.0710231
1384 0.0718452
1385 0.0726746
1386 0.0735113
1387 0.0743553
1388 0.0752066
1389 0.0760653
1390 0.0769314
1391 0.077805
1392 0.0786861
1393 0.0795747
1394 0.0804708
1395 0.0813745
1396 0.0822858
1397 0.0832047
1398 0.0841314
1399 0.0850657
1400 0.0860078
1401 0.0869576
1402 0.0879153
1403 0.0888808
1404 0.0898541
1405 0.0908353
1406 0.0918245
1407 0.0928216
1408 0.0938267
1409 0.0948398
1410 0.0958609
1411 0.0968901
1412 0.0979274
1413 0.0989728
1414 0.100026
1415 0.101088
1416 0.102158
1417 0.103236
1418 0.104323
1419 0.105417
1420 0.10652
1421 0.107632
1422 0.108751
1423 0.109879
1424 0.111016
1425 0.112161
1426 0.113314
1427 0.114476
1428 0.115646
1429 0.116825
1430 0.118013
1431 0.119208
1432 0.120413
1433 0.121626
1434 0.122848
1435 0.124078
1436 0.125317
1437 0.126565
1438 0.127821
1439 0.129086
1440 0.13036
1441 0.131643
1442 0.132934
1443 0.134234
1444 0.135543
1445 0.136861
1446 0.138188
1447 0.139523
1448 0.140867
1449 0.14222
1450 0.143582
1451 0.144953
1452 0.146333
1453 0.147722
1454 0.149119
1455 0.150526
1456 0.151941
1457 0.153366
1458 0.154799
1459 0.156241
1460 0.157693
1461 0.159153
1462 0.160622
1463 0.162101
1464 0.163588
1465 0.165084
1466 0.16659
1467 0.168104
1468 0.169627
1469 0.17116
1470 0.172701
1471 0.174251
1472 0.175811
1473 0.177379
1474 0.178957
1475 0.180543
1476 0.182139
1477 0.183743
1478 0.185357
1479 0.186979
1480 0.188611
1481 0.190251
1482 0.191901
1483 0.193559
1484 0.195227
1485 0.196903
1486 0.198589
1487 0.200283
1488 0.201986
1489 0.203699
1490 0.20542
1491 0.20715
1492 0.208889
1493 0.210637
1494 0.212394
1495 0.21416
1496 0.215934
1497 0.217717
1498 0.21951
1499 0.221311
1500 0.223121
1501 0.224939
1502 0.226767
1503 0.228603
1504 0.230448
1505 0.232301
1506 0.234163
1507 0.236034
1508 0.237914
1509 0.239802
1510 0.241699
1511 0.243604
1512 0.245518
1513 0.24744
1514 0.249371
1515 0.25131
1516 0.253258
1517 0.255214
1518 0.257179
1519 0.259152
1520 0.261133
1521 0.263123
1522 0.265121
1523 0.267127
1524 0.269141
1525 0.271163
1526 0.273194
1527 0.275233
1528 0.277279
1529 0.279334
1530 0.281397
1531 0.283468
1532 0.285546
1533 0.287633
1534 0.289727
1535 0.291829
1536 0.293939
1537 0.296057
1538 0.298182
1539 0.300315
1540 0.302456
1541 0.304604
1542 0.306759
1543 0.308922
1544 0.311093
1545 0.313271
1546 0.315456
1547 0.317648
1548 0.319848
1549 0.322055
1550 0.324269
1551 0.32649
1552 0.328718
1553 0.330953
1554 0.333195
1555 0.335443
1556 0.337699
1557 0.339961
1558 0.34223
1559 0.344506
1560 0.346789
1561 0.349077
1562 0.351373
1563 0.353675
1564 0.355983
1565 0.358297
1566 0.360618
1567 0.362945
1568 0.365278
1569 0.367617
1570 0.369962
1571 0.372313
1572 0.37467
1573 0.377032
1574 0.379401
1575 0.381775
1576 0.384155
1577 0.38654
1578 0.388931
1579 0.391327
1580 0.393729
1581 0.396135
1582 0.398548
1583 0.400965
1584 0.403387
1585 0.405814
1586 0.408246
1587 0.410684
1588 0.413125
1589 0.415572
1590 0.418023
1591 0.420479
1592 0.422939
1593 0.425404
1594 0.427873
1595 0.430347
1596 0.432824
1597 0.435306
1598 0.437792
1599 0.440281
1600 0.442775
1601 0.445272
1602 0.447773
1603 0.450278
1604 0.452786
1605 0.455298
1606 0.457814
1607 0.460332
1608 0.462854
1609 0.465379
1610 0.467907
1611 0.470438
1612 0.472972
1613 0.475509
1614 0.478049
1615 0.480591
1616 0.483136
1617 0.485684
1618 0.488233
1619 0.490786
1620 0.49334
1621 0.495897
1622 0.498455
1623 0.501016
1624 0.503579
1625 0.506143
1626 0.508709
1627 0.511277
1628 0.513846
1629 0.516417
1630 0.518989
1631 0.521563
1632 0.524137
1633 0.526713
1634 0.52929
1635 0.531868
1636 0.534446
1637 0.537026
1638 0.539606
1639 0.542186
1640 0.544767
1641 0.547349
1642 0.54993
1643 0.552512
1644 0.555094
1645 0.557676
1646 0.560258
1647 0.56284
1648 0.565422
1649 0.568003
1650 0.570584
1651 0.573164
1652 0.575744
1653 0.578323
1654 0.580901
1655 0.583478
1656 0.586055
1657 0.58863
1658 0.591204
1659 0.593777
1660 0.596348
1661 0.598918
1662 0.601486
1663 0.604053
1664 0.606618
1665 0.609181
1666 0.611743
1667 0.614302
1668 0.616859
1669 0.619414
1670 0.621966
1671 0.624517
1672 0.627064
1673 0.62961
1674 0.632152
1675 0.634692
1676 0.637229
1677 0.639763
1678 0.642294
1679 0.644821
1680 0.647346
1681 0.649867
1682 0.652385
1683 0.654899
1684 0.65741
1685 0.659917
1686 0.66242
1687 0.66492
1688 0.667415
1689 0.669907
1690 0.672394
1691 0.674877
1692 0.677356
1693 0.67983
1694 0.6823
1695 0.684765
1696 0.687225
1697 0.689681
1698 0.692132
1699 0.694578
1700 0.697019
1701 0.699455
1702 0.701885
1703 0.70431
1704 0.70673
1705 0.709144
1706 0.711553
1707 0.713956
1708 0.716354
1709 0.718745
1710 0.721131
1711 0.723511
1712 0.725884
1713 0.728252
1714 0.730613
1715 0.732967
1716 0.735316
1717 0.737658
1718 0.739993
1719 0.742321
1720 0.744643
1721 0.746958
1722 0.749266
1723 0.751567
1724 0.753861
1725 0.756148
1726 0.758428
1727 0.7607
1728 0.762965
1729 0.765222
1730 0.767472
1731 0.769714
1732 0.771949
1733 0.774175
1734 0.776394
1735 0.778605
1736 0.780808
1737 0.783003
1738 0.785189
1739 0.787368
1740 0.789538
1741 0.791699
1742 0.793852
1743 0.795997
1744 0.798133
1745 0.800261
1746 0.802379
1747 0.804489
1748 0.80659
1749 0.808682
1750 0.810765
1751 0.812839
1752 0.814903
1753 0.816959
1754 0.819005
1755 0.821042
1756 0.823069
1757 0.825087
1758 0.827095
1759 0.829094
1760 0.831083
1761 0.833062
1762 0.835032
1763 0.836991
1764 0.838941
1765 0.840881
1766 0.842811
1767 0.84473
1768 0.84664
1769 0.848539
1770 0.850428
1771 0.852307
1772 0.854175
1773 0.856033
1774 0.85788
1775 0.859717
1776 0.861543
1777 0.863359
1778 0.865163
1779 0.866958
1780 0.868741
1781 0.870513
1782 0.872275
1783 0.874026
1784 0.875765
1785 0.877494
1786 0.879211
1787 0.880918
1788 0.882613
1789 0.884297
1790 0.88597
1791 0.887631
1792 0.889281
1793 0.89092
1794 0.892547
1795 0.894163
1796 0.895767
1797 0.89736
1798 0.898941
1799 0.90051
1800 0.902068
1801 0.903614
1802 0.905149
1803 0.906671
1804 0.908182
1805 0.909681
1806 0.911168
1807 0.912644
1808 0.914107
1809 0.915558
1810 0.916998
1811 0.918425
1812 0.919841
1813 0.921244
1814 0.922635
1815 0.924014
1816 0.925381
1817 0.926736
1818 0.928078
1819 0.929409
1820 0.930727
1821 0.932032
1822 0.933326
1823 0.934607
1824 0.935876
1825 0.937133
1826 0.938377
1827 0.939609
1828 0.940828
1829 0.942035
1830 0.94323
1831 0.944412
1832 0.945581
1833 0.946739
1834 0.947883
1835 0.949016
1836 0.950135
1837 0.951242
1838 0.952337
1839 0.953419
1840 0.954489
1841 0.955546
1842 0.95659
1843 0.957622
1844 0.958642
1845 0.959648
1846 0.960643
1847 0.961624
1848 0.962593
1849 0.96355
1850 0.964494
1851 0.965425
1852 0.966343
1853 0.967249
1854 0.968143
1855 0.969024
1856 0.969892
1857 0.970748
1858 0.971591
1859 0.972421
1860 0.973239
1861 0.974045
1862 0.974838
1863 0.975618
1864 0.976386
1865 0.977141
1866 0.977884
1867 0.978614
1868 0.979331
1869 0.980036
1870 0.980729
1871 0.981409
1872 0.982077
1873 0.982732
1874 0.983375
1875 0.984005
1876 0.984623
1877 0.985229
1878 0.985822
1879 0.986403
1880 0.986971
1881 0.987528
1882 0.988071
1883 0.988603
1884 0.989122
1885 0.989629
1886 0.990124
1887 0.990607
1888 0.991077
1889 0.991535
1890 0.991981
1891 0.992415
1892 0.992837
1893 0.993247
1894 0.993645
1895 0.994031
1896 0.994404
1897 0.994766
1898 0.995116
1899 0.995454
1900 0.99578
1901 0.996094
1902 0.996397
1903 0.996687
1904 0.996966
1905 0.997233
1906 0.997488
1907 0.997732
1908 0.997964
1909 0.998185
1910 0.998393
1911 0.998591
1912 0.998777
1913 0.998951
1914 0.999114
1915 0.999265
1916 0.999405
1917 0.999534
1918 0.999651
1919 0.999758
1920 0.999853
1921 0.999936
1922 1.00001
1923 1.00007
1924 1.00012
1925 1.00016
1926 1.00019
1927 1.00021
1928 1.00021
1929 1.00021
1930 1.00019
1931 1.00017
1932 1.00013
1933 1.00008
1934 1.00003
1935 0.999957
1936 0.999877
1937 0.999788
1938 0.999687
1939 0.999577
1940 0.999456
1941 0.999324
1942 0.999182
1943 0.99903
1944 0.998868
1945 0.998696
1946 0.998513
1947 0.998321
1948 0.998118
1949 0.997905
1950 0.997683
1951 0.99745
1952 0.997208
1953 0.996956
1954 0.996694
1955 0.996423
1956 0.996141
1957 0.995851
1958 0.99555
1959 0.995241
1960 0.994921
1961 0.994593
1962 0.994255
1963 0.993907
1964 0.993551
1965 0.993185
1966 0.99281
1967 0.992426
1968 0.992033
1969 0.991632
1970 0.991221
1971 0.990801
1972 0.990372
1973 0.989935
1974 0.989489
1975 0.989034
1976 0.988571
1977 0.988099
1978 0.987618
1979 0.987129
1980 0.986632
1981 0.986127
1982 0.985613
1983 0.98509
1984 0.98456
1985 0.984022
1986 0.983475
1987 0.98292
1988 0.982358
1989 0.981787
1990 0.981209
1991 0.980623
1992 0.980029
1993 0.979428
1994 0.978818
1995 0.978202
1996 0.977577
1997 0.976946
1998 0.976306
1999 0.97566
2000 0.975006
2001 0.974345
2002 0.973677
2003 0.973001
2004 0.972319
2005 0.971629
2006 0.970933
2007 0.970229
2008 0.969519
2009 0.968802
2010 0.968078
2011 0.967348
2012 0.966611
2013 0.965867
2014 0.965117
2015 0.96436
2016 0.963597
2017 0.962827
2018 0.962052
2019 0.96127
2020 0.960482
2021 0.959687
2022 0.958887
2023 0.95808
2024 0.957268
2025 0.95645
2026 0.955626
2027 0.954796
2028 0.95396
2029 0.953119
2030 0.952272
2031 0.951419
2032 0.950561
2033 0.949697
2034 0.948828
2035 0.947954
2036 0.947075
2037 0.94619
2038 0.9453
2039 0.944404
2040 0.943504
2041 0.942599
2042 0.941688
2043 0.940773
2044 0.939853
2045 0.938928
2046 0.937999
2047 0.937064
2048 0.936125
2049 0.935182
2050 0.934234
2051 0.933281
2052 0.932324
2053 0.931362
2054 0.930397
2055 0.929427
2056 0.928452
2057 0.927474
2058 0.926491
2059 0.925505
2060 0.924514
2061 0.923519
2062 0.922521
2063 0.921518
2064 0.920512
2065 0.919502
2066 0.918488
2067 0.917471
2068 0.91645
2069 0.915426
2070 0.914398
2071 0.913366
2072 0.912331
2073 0.911293
2074 0.910252
2075 0.909207
2076 0.908159
2077 0.907108
2078 0.906053
2079 0.904996
2080 0.903936
2081 0.902872
2082 0.901806
2083 0.900737
2084 0.899665
2085 0.89859
2086 0.897513
2087 0.896433
2088 0.89535
2089 0.894265
2090 0.893177
2091 0.892087
2092 0.890994
2093 0.889899
2094 0.888801
2095 0.887702
2096 0.8866
2097 0.885495
2098 0.884389
2099 0.88328
2100 0.88217
2101 0.881057
2102 0.879942
2103 0.878825
2104 0.877707
2105 0.876586
2106 0.875464
2107 0.87434
2108 0.873214
2109 0.872087
2110 0.870958
2111 0.869827
2112 0.868695
2113 0.867561
2114 0.866426
2115 0.865289
2116 0.864151
2117 0.863011
2118 0.861871
2119 0.860728
2120 0.859585
2121 0.858441
2122 0.857295
2123 0.856148
2124 0.855
2125 0.853851
2126 0.852701
2127 0.85155
2128 0.850398
2129 0.849245
2130 0.848092
2131 0.846937
2132 0.845782
2133 0.844626
2134 0.843469
2135 0.842312
2136 0.841154
2137 0.839995
2138 0.838836
2139 0.837676
2140 0.836516
2141 0.835356
2142 0.834194
2143 0.833033
2144 0.831871
2145 0.830709
2146 0.829546
2147 0.828384
2148 0.827221
2149 0.826057
2150 0.824894
2151 0.823731
2152 0.822567
2153 0.821403
2154 0.82024
2155 0.819076
2156 0.817912
2157 0.816749
2158 0.815585
2159 0.814422
2160 0.813259
2161 0.812095
2162 0.810933
2163 0.80977
2164 0.808608
2165 0.807446
2166 0.806284
2167 0.805122
2168 0.803961
2169 0.802801
2170 0.80164
2171 0.800481
2172 0.799321
2173 0.798163
2174 0.797005
2175 0.795847
2176 0.79469
2177 0.793533
2178 0.792378
2179 0.791223
2180 0.790068
2181 0.788914
2182 0.787761
2183 0.786609
2184 0.785458
2185 0.784307
2186 0.783157
2187 0.782009
2188 0.78086
2189 0.779713
2190 0.778567
2191 0.777422
2192 0.776278
2193 0.775134
2194 0.773992
2195 0.772851
2196 0.771711
2197 0.770572
2198 0.769434
2199 0.768297
2200 0.767161
2201 0.766027
2202 0.764893
2203 0.763761
2204 0.76263
2205 0.761501
2206 0.760372
2207 0.759245
2208 0.758119
2209 0.756995
2210 0.755871
2211 0.75475
2212 0.753629
2213 0.75251
2214 0.751392
2215 0.750276
2216 0.749161
2217 0.748048
2218 0.746936
2219 0.745826
2220 0.744717
2221 0.743609
2222 0.742503
2223 0.741399
2224 0.740296
2225 0.739195
2226 0.738096
2227 0.736998
2228 0.735901
2229 0.734807
2230 0.733714
2231 0.732622
2232 0.731532
2233 0.730444
2234 0.729358
2235 0.728273
2236 0.727191
2237 0.726109
2238 0.72503
2239 0.723953
2240 0.722877
2241 0.721803
2242 0.72073
2243 0.71966
2244 0.718591
2245 0.717525
2246 0.71646
2247 0.715397
2248 0.714336
2249 0.713276
2250 0.712219
2251 0.711163
2252 0.71011
2253 0.709058
2254 0.708008
2255 0.706961
2256 0.705915
2257 0.704871
2258 0.703829
2259 0.702789
2260 0.701751
2261 0.700715
2262 0.699681
2263 0.698649
2264 0.697619
2265 0.696591
2266 0.695565
2267 0.694541
2268 0.693519
2269 0.6925
2270 0.691482
2271 0.690466
2272 0.689453
2273 0.688441
2274 0.687432
2275 0.686424
2276 0.685419
2277 0.684416
2278 0.683415
2279 0.682416
2280 0.681419
2281 0.680424
2282 0.679432
2283 0.678442
2284 0.677453
2285 0.676467
2286 0.675483
2287 0.674501
2288 0.673522
2289 0.672544
2290 0.671569
2291 0.670596
2292 0.669625
2293 0.668656
2294 0.667689
2295 0.666725
2296 0.665762
2297 0.664802
2298 0.663844
2299 0.662889
2300 0.661935
2301 0.660984
2302 0.660035
2303 0.659088
2304 0.658143
2305 0.657201
2306 0.65626
2307 0.655322
2308 0.654387
2309 0.653453
2310 0.652522
2311 0.651592
2312 0.650666
2313 0.649741
2314 0.648818
2315 0.647898
2316 0.64698
2317 0.646064
2318 0.645151
2319 0.644239
2320 0.64333
2321 0.642423
2322 0.641519
2323 0.640616
2324 0.639716
2325 0.638818
2326 0.637922
2327 0.637029
2328 0.636138
2329 0.635249
2330 0.634362
2331 0.633477
2332 0.632595
2333 0.631715
2334 0.630837
2335 0.629961
2336 0.629088
2337 0.628217
2338 0.627348
2339 0.626481
2340 0.625616
2341 0.624754
2342 0.623894
2343 0.623036
2344 0.622181
2345 0.621327
2346 0.620476
2347 0.619627
2348 0.61878
2349 0.617936
2350 0.617093
2351 0.616253
2352 0.615415
2353 0.61458
2354 0.613746
2355 0.612915
2356 0.612086
2357 0.611259
2358 0.610434
2359 0.609611
2360 0.608791
2361 0.607973
2362 0.607157
2363 0.606343
2364 0.605531
2365 0.604722
2366 0.603914
2367 0.603109
2368 0.602306
2369 0.601505
2370 0.600707
2371 0.59991
2372 0.599116
2373 0.598323
2374 0.597533
2375 0.596745
2376 0.59596
2377 0.595176
2378 0.594394
2379 0.593615
2380 0.592838
2381 0.592062
2382 0.591289
2383 0.590518
2384 0.58975
2385 0.588983
2386 0.588218
2387 0.587456
2388 0.586695
2389 0.585937
2390 0.585181
2391 0.584426
2392 0.583674
2393 0.582924
2394 0.582176
2395 0.58143
2396 0.580686
2397 0.579945
2398 0.579205
2399 0.578467
2400 0.577732
2401 0.576998
2402 0.576266
2403 0.575537
2404 0.574809
2405 0.574084
2406 0.57336
2407 0.572639
2408 0.571919
2409 0.571202
2410 0.570486
2411 0.569773
2412 0.569061
2413 0.568352
2414 0.567644
2415 0.566939
2416 0.566235
2417 0.565534
2418 0.564834
2419 0.564136
2420 0.56344
2421 0.562747
2422 0.562055
2423 0.561365
2424 0.560677
2425 0.559991
2426 0.559306
2427 0.558624
2428 0.557944
2429 0.557265
2430 0.556589
2431 0.555914
2432 0.555241
2433 0.55457
2434 0.553901
2435 0.553234
2436 0.552569
2437 0.551906
2438 0.551244
2439 0.550584
2440 0.549927
2441 0.549271
2442 0.548616
2443 0.547964
2444 0.547314
2445 0.546665
2446 0.546018
2447 0.545373
2448 0.54473
2449 0.544088
2450 0.543449
2451 0.542811
2452 0.542175
2453 0.541541
2454 0.540908
2455 0.540277
2456 0.539648
2457 0.539021
2458 0.538396
2459 0.537772
2460 0.53715
2461 0.53653
2462 0.535911
2463 0.535294
2464 0.534679
2465 0.534066
2466 0.533454
2467 0.532844
2468 0.532236
2469 0.53163
2470 0.531025
2471 0.530422
2472 0.52982
2473 0.52922
2474 0.528622
2475 0.528026
2476 0.527431
2477 0.526838
2478 0.526246
2479 0.525656
2480 0.525068
2481 0.524481
2482 0.523897
2483 0.523313
2484 0.522731
2485 0.522151
2486 0.521573
2487 0.520996
2488 0.52042
2489 0.519847
2490 0.519275
2491 0.518704
2492 0.518135
2493 0.517567
2494 0.517002
2495 0.516437
2496 0.515874
2497 0.515313
2498 0.514753
2499 0.514195
2500 0.513639
2501 0.513084
2502 0.51253
2503 0.511978
2504 0.511427
2505 0.510878
2506 0.510331
2507 0.509785
2508 0.50924
2509 0.508697
2510 0.508155
2511 0.507615
2512 0.507077
2513 0.506539
2514 0.506004
2515 0.505469
2516 0.504937
2517 0.504405
2518 0.503875
2519 0.503347
2520 0.50282
2521 0.502294
2522 0.50177
2523 0.501247
2524 0.500725
2525 0.500205
2526 0.499687
2527 0.499169
2528 0.498654
2529 0.498139
2530 0.497626
2531 0.497114
2532 0.496604
2533 0.496095
2534 0.495587
2535 0.495081
2536 0.494576
2537 0.494073
2538 0.49357
2539 0.493069
2540 0.49257
2541 0.492072
2542 0.491575
2543 0.491079
2544 0.490585
2545 0.490092
2546 0.4896
2547 0.48911
2548 0.488621
2549 0.488133
2550 0.487646
2551 0.487161
2552 0.486677
2553 0.486194
2554 0.485713
2555 0.485233
2556 0.484754
2557 0.484276
2558 0.4838
2559 0.483324
2560 0.48285
2561 0.482378
2562 0.481906
2563 0.481436
2564 0.480967
2565 0.480499
2566 0.480032
2567 0.479567
2568 0.479103
2569 0.47864
2570 0.478178
2571 0.477717
2572 0.477258
2573 0.4768
2574 0.476342
2575 0.475886
2576 0.475432
2577 0.474978
2578 0.474526
2579 0.474074
2580 0.473624
2581 0.473175
2582 0.472727
2583 0.472281
2584 0.471835
2585 0.471391
2586 0.470947
2587 0.470505
2588 0.470064
2589 0.469624
2590 0.469185
2591 0.468747
2592 0.468311
2593 0.467875
2594 0.467441
2595 0.467007
2596 0.466575
2597 0.466144
2598 0.465713
2599 0.465284
2600 0.464856
2601 0.464429
2602 0.464003
2603 0.463579
2604 0.463155
2605 0.462732
2606 0.46231
2607 0.46189
2608 0.46147
2609 0.461052
2610 0.460634
2611 0.460217
2612 0.459802
2613 0.459388
2614 0.458974
2615 0.458562
2616 0.45815
2617 0.45774
2618 0.45733
2619 0.456922
2620 0.456514
2621 0.456108
2622 0.455702
2623 0.455298
2624 0.454894
2625 0.454492
2626 0.45409
2627 0.45369
2628 0.45329
2629 0.452891
2630 0.452494
2631 0.452097
2632 0.451701
2633 0.451306
2634 0.450912
2635 0.450519
2636 0.450127
2637 0.449736
2638 0.449346
2639 0.448957
2640 0.448568
2641 0.448181
2642 0.447794
2643 0.447409
2644 0.447024
2645 0.44664
2646 0.446257
2647 0.445876
2648 0.445494
2649 0.445114
2650 0.444735
2651 0.444357
2652 0.443979
2653 0.443602
2654 0.443227
2655 0.442852
2656 0.442478
2657 0.442105
2658 0.441732
2659 0.441361
2660 0.44099
2661 0.440621
2662 0.440252
2663 0.439884
2664 0.439517
2665 0.439151
2666 0.438785
2667 0.438421
2668 0.438057
2669 0.437694
2670 0.437332
2671 0.43697
2672 0.43661
2673 0.43625
2674 0.435891
2675 0.435533
2676 0.435176
2677 0.43482
2678 0.434464
2679 0.43411
2680 0.433756
2681 0.433402
2682 0.43305
2683 0.432698
2684 0.432348
2685 0.431998
2686 0.431648
2687 0.4313
2688 0.430952
2689 0.430605
2690 0.430259
2691 0.429914
2692 0.429569
2693 0.429226
2694 0.428883
2695 0.42854
2696 0.428199
2697 0.427858
2698 0.427518
2699 0.427179
2700 0.42684
2701 0.426503
2702 0.426166
2703 0.425829
2704 0.425494
2705 0.425159
2706 0.424825
2707 0.424492
2708 0.424159
2709 0.423827
2710 0.423496
2711 0.423165
2712 0.422836
2713 0.422507
2714 0.422178
2715 0.421851
2716 0.421524
2717 0.421198
2718 0.420872
2719 0.420548
2720 0.420224
2721 0.4199
2722 0.419578
2723 0.419256
2724 0.418934
2725 0.418614
2726 0.418294
2727 0.417975
2728 0.417656
2729 0.417338
2730 0.417021
2731 0.416705
2732 0.416389
2733 0.416074
2734 0.415759
2735 0.415445
2736 0.415132
2737 0.41482
2738 0.414508
2739 0.414197
2740 0.413886
2741 0.413576
2742 0.413267
2743 0.412958
2744 0.412651
2745 0.412343
2746 0.412037
2747 0.411731
2748 0.411425
2749 0.411121
2750 0.410816
2751 0.410513
2752 0.41021
2753 0.409908
2754 0.409607
2755 0.409306
2756 0.409005
2757 0.408706
2758 0.408407
2759 0.408108
2760 0.40781
2761 0.407513
2762 0.407216
2763 0.40692
2764 0.406625
2765 0.40633
2766 0.406036
2767 0.405742
2768 0.40545
2769 0.405157
2770 0.404865
2771 0.404574
2772 0.404284
2773 0.403994
2774 0.403704
2775 0.403415
2776 0.403127
2777 0.402839
2778 0.402552
2779 0.402266
2780 0.40198
2781 0.401695
2782 0.40141
2783 0.401126
2784 0.400842
2785 0.400559
2786 0.400277
2787 0.399995
2788 0.399713
2789 0.399433
2790 0.399152
2791 0.398873
2792 0.398594
2793 0.398315
2794 0.398037
2795 0.39776
2796 0.397483
2797 0.397207
2798 0.396931
2799 0.396656
2800 0.396381
2801 0.396107
2802 0.395833
2803 0.39556
2804 0.395288
2805 0.395016
2806 0.394744
2807 0.394473
2808 0.394203
2809 0.393933
2810 0.393664
2811 0.393395
2812 0.393127
2813 0.392859
2814 0.392592
2815 0.392325
2816 0.392059
2817 0.391793
2818 0.391528
2819 0.391264
2820 0.391
2821 0.390736
2822 0.390473
2823 0.39021
2824 0.389948
2825 0.389687
2826 0.389426
2827 0.389165
2828 0.388905
2829 0.388646
2830 0.388387
2831 0.388128
2832 0.38787
2833 0.387613
2834 0.387356
2835 0.387099
2836 0.386843
2837 0.386588
2838 0.386333
2839 0.386078
2840 0.385824
2841 0.38557
2842 0.385317
2843 0.385065
2844 0.384813
2845 0.384561
2846 0.38431
2847 0.384059
2848 0.383809
2849 0.383559
2850 0.38331
2851 0.383061
2852 0.382813
2853 0.382565
2854 0.382318
2855 0.382071
2856 0.381824
2857 0.381578
2858 0.381333
2859 0.381088
2860 0.380843
2861 0.380599
2862 0.380355
2863 0.380112
2864 0.379869
2865 0.379627
2866 0.379385
2867 0.379144
2868 0.378903
2869 0.378663
2870 0.378423
2871 0.378183
2872 0.377944
2873 0.377705
2874 0.377467
2875 0.377229
2876 0.376992
2877 0.376755
2878 0.376519
2879 0.376283
2880 0.376047
2881 0.375812
2882 0.375577
2883 0.375343
2884 0.375109
2885 0.374876
2886 0.374643
2887 0.37441
2888 0.374178
2889 0.373946
2890 0.373715
2891 0.373484
2892 0.373254
2893 0.373024
2894 0.372794
2895 0.372565
2896 0.372337
2897 0.372108
2898 0.37188
2899 0.371653
2900 0.371426
2901 0.371199
2902 0.370973
2903 0.370747
2904 0.370522
2905 0.370297
2906 0.370073
2907 0.369848
2908 0.369625
2909 0.369401
2910 0.369179
2911 0.368956
2912 0.368734
2913 0.368512
2914 0.368291
2915 0.36807
2916 0.36785
2917 0.36763
2918 0.36741
2919 0.367191
2920 0.366972
2921 0.366753
2922 0.366535
2923 0.366318
2924 0.3661
2925 0.365883
2926 0.365667
2927 0.365451
2928 0.365235
2929 0.36502
2930 0.364805
2931 0.36459
2932 0.364376
2933 0.364162
2934 0.363949
2935 0.363736
2936 0.363523
2937 0.363311
2938 0.363099
2939 0.362888
2940 0.362677
2941 0.362466
2942 0.362256
2943 0.362046
2944 0.361836
2945 0.361627
2946 0.361418
2947 0.36121
2948 0.361001
2949 0.360794
2950 0.360586
2951 0.360379
2952 0.360173
2953 0.359967
2954 0.359761
2955 0.359555
2956 0.35935
2957 0.359145
2958 0.358941
2959 0.358737
2960 0.358533
2961 0.35833
2962 0.358127
2963 0.357924
2964 0.357722
2965 0.35752
2966 0.357319
2967 0.357118
2968 0.356917
2969 0.356716
2970 0.356516
2971 0.356316
2972 0.356117
2973 0.355918
2974 0.355719
2975 0.355521
2976 0.355323
2977 0.355125
2978 0.354928
2979 0.354731
2980 0.354535
2981 0.354338
2982 0.354143
2983 0.353947
2984 0.353752
2985 0.353557
2986 0.353362
2987 0.353168
2988 0.352974
2989 0.352781
2990 0.352588
2991 0.352395
2992 0.352203
2993 0.35201
2994 0.351819
2995 0.351627
2996 0.351436
2997 0.351245
2998 0.351055
2999 0.350865
3000 0.350675
3001 0.350486
3002 0.350296
3003 0.350108
3004 0.349919
3005 0.349731
3006 0.349543
3007 0.349356
3008 0.349169
3009 0.348982
3010 0.348795
3011 0.348609
3012 0.348423
3013 0.348238
3014 0.348053
3015 0.347868
3016 0.347683
3017 0.347499
3018 0.347315
3019 0.347131
3020 0.346948
3021 0.346765
3022 0.346583
3023 0.3464
3024 0.346218
3025 0.346037
3026 0.345855
3027 0.345674
3028 0.345494
3029 0.345313
3030 0.345133
3031 0.344953
3032 0.344774
3033 0.344595
3034 0.344416
3035 0.344237
3036 0.344059
3037 0.343881
3038 0.343703
3039 0.343526
3040 0.343349
3041 0.343172
3042 0.342996
3043 0.34282
3044 0.342644
3045 0.342469
3046 0.342293
3047 0.342118
3048 0.341944
3049 0.34177
3050 0.341596
3051 0.341422
3052 0.341249
3053 0.341075
3054 0.340903
3055 0.34073
3056 0.340558
3057 0.340386
3058 0.340215
3059 0.340043
3060 0.339872
3061 0.339702
3062 0.339531
3063 0.339361
3064 0.339191
3065 0.339022
3066 0.338852
3067 0.338683
3068 0.338515
3069 0.338346
3070 0.338178
3071 0.33801
3072 0.337843
3073 0.337676
3074 0.337509
3075 0.337342
3076 0.337176
3077 0.33701
3078 0.336844
3079 0.336678
3080 0.336513
3081 0.336348
3082 0.336184
3083 0.336019
3084 0.335855
3085 0.335691
3086 0.335528
3087 0.335364
3088 0.335201
3089 0.335039
3090 0.334876
3091 0.334714
3092 0.334552
3093 0.334391
3094 0.334229
3095 0.334068
3096 0.333908
3097 0.333747
3098 0.333587
3099 0.333427
3100 0.333267
3101 0.333108
3102 0.332949
3103 0.33279
3104 0.332631
3105 0.332473
3106 0.332315
3107 0.332157
3108 0.332
3109 0.331843
3110 0.331686
3111 0.331529
3112 0.331372
3113 0.331216
3114 0.33106
3115 0.330905
3116 0.330749
3117 0.330594
3118 0.330439
3119 0.330285
3120 0.33013
3121 0.329976
3122 0.329823
3123 0.329669
3124 0.329516
3125 0.329363
3126 0.32921
3127 0.329058
3128 0.328905
3129 0.328753
3130 0.328602
3131 0.32845
3132 0.328299
3133 0.328148
3134 0.327997
3135 0.327847
3136 0.327697
3137 0.327547
3138 0.327397
3139 0.327248
3140 0.327099
3141 0.32695
3142 0.326801
3143 0.326653
3144 0.326505
3145 0.326357
3146 0.326209
3147 0.326062
3148 0.325914
3149 0.325768
3150 0.325621
3151 0.325474
3152 0.325328
3153 0.325182
3154 0.325037
3155 0.324891
3156 0.324746
3157 0.324601
3158 0.324457
3159 0.324312
3160 0.324168
3161 0.324024
3162 0.32388
3163 0.323737
3164 0.323594
3165 0.323451
3166 0.323308
3167 0.323165
3168 0.323023
3169 0.322881
3170 0.322739
3171 0.322598
3172 0.322457
3173 0.322316
3174 0.322175
3175 0.322034
3176 0.321894
3177 0.321754
3178 0.321614
3179 0.321474
3180 0.321335
3181 0.321196
3182 0.321057
3183 0.320918
3184 0.32078
3185 0.320641
3186 0.320503
3187 0.320366
3188 0.320228
3189 0.320091
3190 0.319954
3191 0.319817
3192 0.31968
3193 0.319544
3194 0.319408
3195 0.319272
3196 0.319136
3197 0.319001
3198 0.318866
3199 0.318731
3200 0.318596
3201 0.318461
3202 0.318327
3203 0.318193
3204 0.318059
3205 0.317925
3206 0.317792
3207 0.317659
3208 0.317526
3209 0.317393
3210 0.317261
3211 0.317128
3212 0.316996
3213 0.316865
3214 0.316733
3215 0.316601
3216 0.31647
3217 0.316339
3218 0.316209
3219 0.316078
3220 0.315948
3221 0.315818
3222 0.315688
3223 0.315558
3224 0.315429
3225 0.3153
3226 0.315171
3227 0.315042
3228 0.314913
3229 0.314785
3230 0.314657
3231 0.314529
3232 0.314401
3233 0.314274
3234 0.314147
3235 0.314019
3236 0.313893
3237 0.313766
3238 0.31364
3239 0.313513
3240 0.313387
3241 0.313262
3242 0.313136
3243 0.313011
3244 0.312886
3245 0.312761
3246 0.312636
3247 0.312511
3248 0.312387
3249 0.312263
3250 0.312139
3251 0.312016
3252 0.311892
3253 0.311769
3254 0.311646
3255 0.311523
3256 0.3114
3257 0.311278
3258 0.311156
3259 0.311034
3260 0.310912
3261 0.31079
3262 0.310669
3263 0.310548
3264 0.310427
3265 0.310306
3266 0.310185
3267 0.310065
3268 0.309945
3269 0.309825
3270 0.309705
3271 0.309585
3272 0.309466
3273 0.309347
3274 0.309228
3275 0.309109
3276 0.30899
3277 0.308872
3278 0.308754
3279 0.308636
3280 0.308518
3281 0.3084
3282 0.308283
3283 0.308166
3284 0.308049
3285 0.307932
3286 0.307815
3287 0.307699
3288 0.307583
3289 0.307467
3290 0.307351
3291 0.307235
3292 0.30712
3293 0.307004
3294 0.306889
3295 0.306774
3296 0.30666
3297 0.306545
3298 0.306431
3299 0.306317
3300 0.306203
3301 0.306089
3302 0.305976
3303 0.305862
3304 0.305749
3305 0.305636
3306 0.305524
3307 0.305411
3308 0.305299
3309 0.305186
3310 0.305074
3311 0.304963
3312 0.304851
3313 0.304739
3314 0.304628
3315 0.304517
3316 0.304406
3317 0.304296
3318 0.304185
3319 0.304075
3320 0.303964
3321 0.303855
3322 0.303745
3323 0.303635
3324 0.303526
3325 0.303416
3326 0.303307
3327 0.303199
3328 0.30309
3329 0.302981
3330 0.302873
3331 0.302765
3332 0.302657
3333 0.302549
3334 0.302442
3335 0.302334
3336 0.302227
3337 0.30212
3338 0.302013
3339 0.301906
3340 0.3018
3341 0.301693
3342 0.301587
3343 0.301481
3344 0.301375
3345 0.30127
3346 0.301164
3347 0.301059
3348 0.300954
3349 0.300849
3350 0.300744
3351 0.30064
3352 0.300535
3353 0.300431
3354 0.300327
3355 0.300223
3356 0.300119
3357 0.300016
3358 0.299912
3359 0.299809
3360 0.299706
3361 0.299603
3362 0.299501
3363 0.299398
3364 0.299296
3365 0.299194
3366 0.299092
3367 0.29899
3368 0.298888
3369 0.298787
3370 0.298685
3371 0.298584
3372 0.298483
3373 0.298382
3374 0.298282
3375 0.298181
3376 0.298081
3377 0.297981
3378 0.297881
3379 0.297781
3380 0.297681
3381 0.297582
3382 0.297483
3383 0.297384
3384 0.297285
3385 0.297186
3386 0.297087
3387 0.296989
3388 0.29689
3389 0.296792
3390 0.296694
3391 0.296596
3392 0.296499
3393 0.296401
3394 0.296304
3395 0.296207
3396 0.29611
3397 0.296013
3398 0.295916
3399 0.29582
3400 0.295723
3401 0.295627
3402 0.295531
3403 0.295435
3404 0.295339
3405 0.295244
3406 0.295148
3407 0.295053
3408 0.294958
3409 0.294863
3410 0.294768
3411 0.294674
3412 0.294579
3413 0.294485
3414 0.294391
3415 0.294297
3416 0.294203
3417 0.294109
3418 0.294016
3419 0.293922
3420 0.293829
3421 0.293736
3422 0.293643
3423 0.29355
3424 0.293458
3425 0.293365
3426 0.293273
3427 0.293181
3428 0.293089
3429 0.292997
3430 0.292905
3431 0.292814
3432 0.292722
3433 0.292631
3434 0.29254
3435 0.292449
3436 0.292359
3437 0.292268
3438 0.292177
3439 0.292087
3440 0.291997
3441 0.291907
3442 0.291817
3443 0.291727
3444 0.291638
3445 0.291548
3446 0.291459
3447 0.29137
3448 0.291281
3449 0.291192
3450 0.291103
3451 0.291015
3452 0.290927
3453 0.290838
3454 0.29075
3455 0.290662
3456 0.290574
3457 0.290487
3458 0.290399
3459 0.290312
3460 0.290225
3461 0.290138
3462 0.290051
3463 0.289964
3464 0.289877
3465 0.289791
3466 0.289704
3467 0.289618
3468 0.289532
3469 0.289446
3470 0.28936
3471 0.289275
3472 0.289189
3473 0.289104
3474 0.289019
3475 0.288933
3476 0.288848
3477 0.288764
3478 0.288679
3479 0.288594
3480 0.28851
3481 0.288426
3482 0.288342
3483 0.288258
3484 0.288174
3485 0.28809
3486 0.288007
3487 0.287923
3488 0.28784
3489 0.287757
3490 0.287674
3491 0.287591
3492 0.287508
3493 0.287426
3494 0.287343
3495 0.287261
3496 0.287179
3497 0.287097
3498 0.287015
3499 0.286933
3500 0.286851
3501 0.28677
3502 0.286688
3503 0.286607
3504 0.286526
3505 0.286445
3506 0.286364
3507 0.286283
3508 0.286203
3509 0.286122
3510 0.286042
3511 0.285962
3512 0.285882
3513 0.285802
3514 0.285722
3515 0.285642
3516 0.285563
3517 0.285483
3518 0.285404
3519 0.285325
3520 0.285246
3521 0.285167
3522 0.285088
3523 0.28501
3524 0.284931
3525 0.284853
3526 0.284775
3527 0.284697
3528 0.284619
3529 0.284541
3530 0.284463
3531 0.284385
3532 0.284308
3533 0.284231
3534 0.284153
3535 0.284076
3536 0.283999
3537 0.283922
3538 0.283846
3539 0.283769
3540 0.283693
3541 0.283616
3542 0.28354
3543 0.283464
3544 0.283388
3545 0.283312
3546 0.283236
3547 0.283161
3548 0.283085
3549 0.28301
3550 0.282935
3551 0.28286
3552 0.282785
3553 0.28271
3554 0.282635
3555 0.28256
3556 0.282486
3557 0.282411
3558 0.282337
3559 0.282263
3560 0.282189
3561 0.282115
3562 0.282041
3563 0.281968
3564 0.281894
3565 0.281821
3566 0.281747
3567 0.281674
3568 0.281601
3569 0.281528
3570 0.281455
3571 0.281383
3572 0.28131
3573 0.281238
3574 0.281165
3575 0.281093
3576 0.281021
3577 0.280949
3578 0.280877
3579 0.280805
3580 0.280734
3581 0.280662
3582 0.280591
3583 0.280519
3584 0.280448
3585 0.280377
3586 0.280306
3587 0.280235
3588 0.280164
3589 0.280094
3590 0.280023
3591 0.279953
3592 0.279883
3593 0.279812
3594 0.279742
3595 0.279672
3596 0.279603
3597 0.279533
3598 0.279463
3599 0.279394
3600 0.279324
3601 0.279255
3602 0.279186
3603 0.279117
3604 0.279048
3605 0.278979
3606 0.27891
3607 0.278842
3608 0.278773
3609 0.278705
3610 0.278637
3611 0.278568
3612 0.2785
3613 0.278432
3614 0.278365
3615 0.278297
3616 0.278229
3617 0.278162
3618 0.278094
3619 0.278027
3620 0.27796
3621 0.277893
3622 0.277826
3623 0.277759
3624 0.277692
3625 0.277625
3626 0.277559
3627 0.277492
3628 0.277426
3629 0.27736
3630 0.277294
3631 0.277227
3632 0.277162
3633 0.277096
3634 0.27703
3635 0.276964
3636 0.276899
3637 0.276833
3638 0.276768
3639 0.276703
3640 0.276638
3641 0.276573
3642 0.276508
3643 0.276443
3644 0.276378
3645 0.276314
3646 0.276249
3647 0.276185
3648 0.276121
3649 0.276057
3650 0.275992
3651 0.275928
3652 0.275865
3653 0.275801
3654 0.275737
3655 0.275674
3656 0.27561
3657 0.275547
3658 0.275483
3659 0.27542
3660 0.275357
3661 0.275294
3662 0.275231
3663 0.275168
3664 0.275106
3665 0.275043
3666 0.274981
3667 0.274918
3668 0.274856
3669 0.274794
3670 0.274732
3671 0.27467
3672 0.274608
3673 0.274546
3674 0.274484
3675 0.274423
3676 0.274361
3677 0.2743
3678 0.274238
3679 0.274177
3680 0.274116
3681 0.274055
3682 0.273994
3683 0.273933
3684 0.273872
3685 0.273812
3686 0.273751
3687 0.273691
3688 0.27363
3689 0.27357
3690 0.27351
3691 0.27345
3692 0.27339
3693 0.27333
3694 0.27327
3695 0.27321
3696 0.27315
3697 0.273091
3698 0.273031
3699 0.272972
3700 0.272913
3701 0.272854
3702 0.272794
3703 0.272735
3704 0.272676
3705 0.272618
3706 0.272559
3707 0.2725
3708 0.272442
3709 0.272383
3710 0.272325
3711 0.272267
3712 0.272208
3713 0.27215
3714 0.272092
3715 0.272034
3716 0.271976
3717 0.271919
3718 0.271861
3719 0.271803
3720 0.271746
3721 0.271689
3722 0.271631
3723 0.271574
3724 0.271517
3725 0.27146
3726 0.271403
3727 0.271346
3728 0.271289
3729 0.271232
3730 0.271176
3731 0.271119
3732 0.271063
3733 0.271006
3734 0.27095
3735 0.270894
3736 0.270838
3737 0.270782
3738 0.270726
3739 0.27067
3740 0.270614
3741 0.270558
3742 0.270503
3743 0.270447
3744 0.270392
3745 0.270336
3746 0.270281
3747 0.270226
3748 0.270171
3749 0.270116
3750 0.270061
3751 0.270006
3752 0.269951
3753 0.269896
3754 0.269842
3755 0.269787
3756 0.269733
3757 0.269678
3758 0.269624
3759 0.26957
3760 0.269516
3761 0.269461
3762 0.269407
3763 0.269354
3764 0.2693
3765 0.269246
3766 0.269192
3767 0.269139
3768 0.269085
3769 0.269032
3770 0.268978
3771 0.268925
3772 0.268872
3773 0.268819
3774 0.268766
3775 0.268713
3776 0.26866
3777 0.268607
3778 0.268554
3779 0.268502
3780 0.268449
3781 0.268397
3782 0.268344
3783 0.268292
3784 0.26824
3785 0.268187
3786 0.268135
3787 0.268083
3788 0.268031
3789 0.267979
3790 0.267927
3791 0.267876
3792 0.267824
3793 0.267772
3794 0.267721
3795 0.267669
3796 0.267618
3797 0.267567
3798 0.267516
3799 0.267464
3800 0.267413
3801 0.267362
3802 0.267311
3803 0.26726
3804 0.26721
3805 0.267159
3806 0.267108
3807 0.267058
3808 0.267007
3809 0.266957
3810 0.266906
3811 0.266856
3812 0.266806
3813 0.266756
3814 0.266706
3815 0.266656
3816 0.266606
3817 0.266556
3818 0.266506
3819 0.266456
3820 0.266407
3821 0.266357
3822 0.266308
3823 0.266258
3824 0.266209
3825 0.26616
3826 0.26611
3827 0.266061
3828 0.266012
3829 0.265963
3830 0.265914
3831 0.265865
3832 0.265816
3833 0.265768
3834 0.265719
3835 0.26567
3836 0.265622
3837 0.265573
3838 0.265525
3839 0.265476
3840 0.265428
3841 0.26538
3842 0.265332
3843 0.265284
3844 0.265236
3845 0.265188
3846 0.26514
3847 0.265092
3848 0.265044
3849 0.264997
3850 0.264949
3851 0.264901
3852 0.264854
3853 0.264806
3854 0.264759
3855 0.264712
3856 0.264665
3857 0.264617
3858 0.26457
3859 0.264523
3860 0.264476
3861 0.264429
3862 0.264382
3863 0.264336
3864 0.264289
3865 0.264242
3866 0.264196
3867 0.264149
3868 0.264103
3869 0.264056
3870 0.26401
3871 0.263964
3872 0.263917
3873 0.263871
3874 0.263825
3875 0.263779
3876 0.263733
3877 0.263687
3878 0.263641
3879 0.263595
3880 0.26355
3881 0.263504
3882 0.263458
3883 0.263413
3884 0.263367
3885 0.263322
3886 0.263277
3887 0.263231
3888 0.263186
3889 0.263141
3890 0.263096
3891 0.263051
3892 0.263006
3893 0.262961
3894 0.262916
3895 0.262871
3896 0.262826
3897 0.262781
3898 0.262737
3899 0.262692
3900 0.262647
3901 0.262603
3902 0.262559
3903 0.262514
3904 0.26247
3905 0.262426
3906 0.262381
3907 0.262337
3908 0.262293
3909 0.262249
3910 0.262205
3911 0.262161
3912 0.262117
3913 0.262073
3914 0.26203
3915 0.261986
3916 0.261942
3917 0.261899
3918 0.261855
3919 0.261812
3920 0.261768
3921 0.261725
3922 0.261682
3923 0.261638
3924 0.261595
3925 0.261552
3926 0.261509
3927 0.261466
3928 0.261423
3929 0.26138
3930 0.261337
3931 0.261294
3932 0.261251
3933 0.261209
3934 0.261166
3935 0.261123
3936 0.261081
3937 0.261038
3938 0.260996
3939 0.260953
3940 0.260911
3941 0.260869
3942 0.260826
3943 0.260784
3944 0.260742
3945 0.2607
3946 0.260658
3947 0.260616
3948 0.260574
3949 0.260532
3950 0.26049
3951 0.260448
3952 0.260406
3953 0.260365
3954 0.260323
3955 0.260282
3956 0.26024
3957 0.260198
3958 0.260157
3959 0.260116
3960 0.260074
3961 0.260033
3962 0.259992
3963 0.25995
3964 0.259909
3965 0.259868
3966 0.259827
3967 0.259786
3968 0.259745
3969 0.259704
3970 0.259663
3971 0.259623
3972 0.259582
3973 0.259541
3974 0.2595
3975 0.25946
3976 0.259419
3977 0.259379
3978 0.259338
3979 0.259298
3980 0.259257
3981 0.259217
3982 0.259177
3983 0.259136
3984 0.259096
3985 0.259056
3986 0.259016
3987 0.258976
3988 0.258936
3989 0.258896
3990 0.258856
3991 0.258816
3992 0.258776
3993 0.258736
3994 0.258697
3995 0.258657
3996 0.258617
3997 0.258578
3998 0.258538
3999 0.258499
4000 0.258459
4001 0.25842
4002 0.25838
4003 0.258341
4004 0.258302
4005 0.258262
4006 0.258223
4007 0.258184
4008 0.258145
4009 0.258106
4010 0.258067
4011 0.258028
4012 0.257989
4013 0.25795
4014 0.257911
4015 0.257872
4016 0.257833
4017 0.257794
4018 0.257756
4019 0.257717
4020 0.257678
4021 0.25764
4022 0.257601
4023 0.257563
4024 0.257524
4025 0.257486
4026 0.257448
4027 0.257409
4028 0.257371
4029 0.257333
4030 0.257294
4031 0.257256
4032 0.257218
4033 0.25718
4034 0.257142
4035 0.257104
4036 0.257066
4037 0.257028
4038 0.25699
4039 0.256952
4040 0.256914
4041 0.256877
4042 0.256839
4043 0.256801
4044 0.256764
4045 0.256726
4046 0.256688
4047 0.256651
4048 0.256613
4049 0.256576
4050 0.256538
4051 0.256501
4052 0.256464
4053 0.256426
4054 0.256389
4055 0.256352
4056 0.256315
4057 0.256277
4058 0.25624
4059 0.256203
4060 0.256166
4061 0.256129
4062 0.256092
4063 0.256055
4064 0.256018
4065 0.255981
4066 0.255945
4067 0.255908
4068 0.255871
4069 0.255834
4070 0.255798
4071 0.255761
4072 0.255724
4073 0.255688
4074 0.255651
4075 0.255615
4076 0.255578
4077 0.255542
4078 0.255505
4079 0.255469
4080 0.255433
4081 0.255396
4082 0.25536
4083 0.255324
4084 0.255288
4085 0.255252
4086 0.255215
4087 0.255179
4088 0.255143
4089 0.255107
4090 0.255071
4091 0.255035
4092 0.254999
4093 0.254963
4094 0.254928
4095 0.254892
4096 0.254856
4097 0.25482
4098 0.254784
4099 0.254749
4100 0.254713
4101 0.254677
4102 0.254642
4103 0.254606
4104 0.254571
4105 0.254535
4106 0.2545
4107 0.254464
4108 0.254429
4109 0.254394
4110 0.254358
4111 0.254323
4112 0.254288
4113 0.254252
4114 0.254217
4115 0.254182
4116 0.254147
4117 0.254112
4118 0.254077
4119 0.254042
4120 0.254007
4121 0.253972
4122 0.253937
4123 0.253902
4124 0.253867
4125 0.253832
4126 0.253797
4127 0.253762
4128 0.253727
4129 0.253693
4130 0.253658
4131 0.253623
4132 0.253588
4133 0.253554
4134 0.253519
4135 0.253485
4136 0.25345
4137 0.253416
4138 0.253381
4139 0.253347
4140 0.253312
4141 0.253278
4142 0.253243
4143 0.253209
4144 0.253175
4145 0.25314
4146 0.253106
4147 0.253072
4148 0.253038
4149 0.253003
4150 0.252969
4151 0.252935
4152 0.252901
4153 0.252867
4154 0.252833
4155 0.252799
4156 0.252765
4157 0.252731
4158 0.252697
4159 0.252663
4160 0.252629
4161 0.252595
4162 0.252561
4163 0.252528
4164 0.252494
4165 0.25246
4166 0.252426
4167 0.252393
4168 0.252359
4169 0.252325
4170 0.252292
4171 0.252258
4172 0.252224
4173 0.252191
4174 0.252157
4175 0.252124
4176 0.25209
4177 0.252057
4178 0.252024
4179 0.25199
4180 0.251957
4181 0.251923
4182 0.25189
4183 0.251857
4184 0.251823
4185 0.25179
4186 0.251757
4187 0.251724
4188 0.251691
4189 0.251657
4190 0.251624
4191 0.251591
4192 0.251558
4193 0.251525
4194 0.251492
4195 0.251459
4196 0.251426
4197 0.251393
4198 0.25136
4199 0.251327
4200 0.251294
4201 0.251261
4202 0.251229
4203 0.251196
4204 0.251163
4205 0.25113
4206 0.251097
4207 0.251065
4208 0.251032
4209 0.250999
4210 0.250966
4211 0.250934
4212 0.250901
4213 0.250869
4214 0.250836
4215 0.250803
4216 0.250771
4217 0.250738
4218 0.250706
4219 0.250673
4220 0.250641
4221 0.250608
4222 0.250576
4223 0.250544
4224 0.250511
4225 0.250479
4226 0.250447
4227 0.250414
4228 0.250382
4229 0.25035
4230 0.250317
4231 0.250285
4232 0.250253
4233 0.250221
4234 0.250189
4235 0.250157
4236 0.250124
4237 0.250092
4238 0.25006
4239 0.250028
4240 0.249996
4241 0.249964
4242 0.249932
4243 0.2499
4244 0.249868
4245 0.249836
4246 0.249804
4247 0.249772
4248 0.24974
4249 0.249708
4250 0.249677
4251 0.249645
4252 0.249613
4253 0.249581
4254 0.249549
4255 0.249518
4256 0.249486
4257 0.249454
4258 0.249422
4259 0.249391
4260 0.249359
4261 0.249327
4262 0.249296
4263 0.249264
4264 0.249232
4265 0.249201
4266 0.249169
4267 0.249138
4268 0.249106
4269 0.249075
4270 0.249043
4271 0.249012
4272 0.24898
4273 0.248949
4274 0.248917
4275 0.248886
4276 0.248854
4277 0.248823
4278 0.248792
4279 0.24876
4280 0.248729
4281 0.248698
4282 0.248666
4283 0.248635
4284 0.248604
4285 0.248573
4286 0.248541
4287 0.24851
4288 0.248479
4289 0.248448
4290 0.248417
4291 0.248385
4292 0.248354
4293 0.248323
4294 0.248292
4295 0.248261
4296 0.24823
4297 0.248199
4298 0.248168
4299 0.248137
4300 0.248106
4301 0.248075
4302 0.248044
4303 0.248013
4304 0.247982
4305 0.247951
4306 0.24792
4307 0.247889
4308 0.247858
4309 0.247827
4310 0.247796
4311 0.247765
4312 0.247735
4313 0.247704
4314 0.247673
4315 0.247642
4316 0.247611
4317 0.247581
4318 0.24755
4319 0.247519
4320 0.247488
4321 0.247458
4322 0.247427
4323 0.247396
4324 0.247365
4325 0.247335
4326 0.247304
4327 0.247273
4328 0.247243
4329 0.247212
4330 0.247182
4331 0.247151
4332 0.24712
4333 0.24709
4334 0.247059
4335 0.247029
4336 0.246998
4337 0.246968
4338 0.246937
4339 0.246907
4340 0.246876
4341 0.246846
4342 0.246815
4343 0.246785
4344 0.246754
4345 0.246724
4346 0.246694
4347 0.246663
4348 0.246633
4349 0.246602
4350 0.246572
4351 0.246542
4352 0.246511
4353 0.246481
4354 0.246451
4355 0.24642
4356 0.24639
4357 0.24636
4358 0.24633
4359 0.246299
4360 0.246269
4361 0.246239
4362 0.246209
4363 0.246178
4364 0.246148
4365 0.246118
4366 0.246088
4367 0.246058
4368 0.246027
4369 0.245997
4370 0.245967
4371 0.245937
4372 0.245907
4373 0.245877
4374 0.245847
4375 0.245817
4376 0.245786
4377 0.245756
4378 0.245726
4379 0.245696
4380 0.245666
4381 0.245636
4382 0.245606
4383 0.245576
4384 0.245546
4385 0.245516
4386 0.245486
4387 0.245456
4388 0.245426
4389 0.245396
4390 0.245366
4391 0.245336
4392 0.245306
4393 0.245276
4394 0.245246
4395 0.245217
4396 0.245187
4397 0.245157
4398 0.245127
4399 0.245097
4400 0.245067
4401 0.245037
4402 0.245007
4403 0.244978
4404 0.244948
4405 0.244918
4406 0.244888
4407 0.244858
4408 0.244828
4409 0.244799
4410 0.244769
4411 0.244739
4412 0.244709
4413 0.24468
4414 0.24465
4415 0.24462
4416 0.24459
4417 0.244561
4418 0.244531
4419 0.244501
4420 0.244471
4421 0.244442
4422 0.244412
4423 0.244382
4424 0.244353
4425 0.244323
4426 0.244293
4427 0.244264
4428 0.244234
4429 0.244204
4430 0.244175
4431 0.244145
4432 0.244115
4433 0.244086
4434 0.244056
4435 0.244027
4436 0.243997
4437 0.243967
4438 0.243938
4439 0.243908
4440 0.243879
4441 0.243849
4442 0.24382
4443 0.24379
4444 0.24376
4445 0.243731
4446 0.243701
4447 0.243672
4448 0.243642
4449 0.243613
4450 0.243583
4451 0.243554
4452 0.243524
4453 0.243495
4454 0.243465
4455 0.243436
4456 0.243406
4457 0.243377
4458 0.243347
4459 0.243318
4460 0.243288
4461 0.243259
4462 0.243229
4463 0.2432
4464 0.243171
4465 0.243141
4466 0.243112
4467 0.243082
4468 0.243053
4469 0.243023
4470 0.242994
4471 0.242965
4472 0.242935
4473 0.242906
4474 0.242876
4475 0.242847
4476 0.242818
4477 0.242788
4478 0.242759
4479 0.242729
4480 0.2427
4481 0.242671
4482 0.242641
4483 0.242612
4484 0.242583
4485 0.242553
4486 0.242524
4487 0.242495
4488 0.242465
4489 0.242436
4490 0.242407
4491 0.242377
4492 0.242348
4493 0.242319
4494 0.242289
4495 0.24226
4496 0.242231
4497 0.242201
4498 0.242172
4499 0.242143
4500 0.242113
4501 0.242084
4502 0.242055
4503 0.242026
4504 0.241996
4505 0.241967
4506 0.241938
4507 0.241908
4508 0.241879
4509 0.24185
4510 0.241821
4511 0.241791
4512 0.241762
4513 0.241733
4514 0.241704
4515 0.241674
4516 0.241645
4517 0.241616
4518 0.241587
4519 0.241557
4520 0.241528
4521 0.241499
4522 0.24147
4523 0.24144
4524 0.241411
4525 0.241382
4526 0.241353
4527 0.241323
4528 0.241294
4529 0.241265
4530 0.241236
4531 0.241207
4532 0.241177
4533 0.241148
4534 0.241119
4535 0.24109
4536 0.24106
4537 0.241031
4538 0.241002
4539 0.240973
4540 0.240944
4541 0.240914
4542 0.240885
4543 0.240856
4544 0.240827
4545 0.240798
4546 0.240768
4547 0.240739
4548 0.24071
4549 0.240681
4550 0.240652
4551 0.240622
4552 0.240593
4553 0.240564
4554 0.240535
4555 0.240506
4556 0.240477
4557 0.240447
4558 0.240418
4559 0.240389
4560 0.24036
4561 0.240331
4562 0.240301
4563 0.240272
4564 0.240243
4565 0.240214
4566 0.240185
4567 0.240156
4568 0.240126
4569 0.240097
4570 0.240068
4571 0.240039
4572 0.24001
4573 0.23998
4574 0.239951
4575 0.239922
4576 0.239893
4577 0.239864
4578 0.239835
4579 0.239805
4580 0.239776
4581 0.239747
4582 0.239718
4583 0.239689
4584 0.239659
4585 0.23963
4586 0.239601
4587 0.239572
4588 0.239543
4589 0.239514
4590 0.239484
4591 0.239455
4592 0.239426
4593 0.239397
4594 0.239368
4595 0.239338
4596 0.239309
4597 0.23928
4598 0.239251
4599 0.239222
4600 0.239193
4601 0.239163
4602 0.239134
4603 0.239105
4604 0.239076
4605 0.239047
4606 0.239017
4607 0.238988
4608 0.238959
4609 0.23893
4610 0.238901
4611 0.238871
4612 0.238842
4613 0.238813
4614 0.238784
4615 0.238755
4616 0.238725
4617 0.238696
4618 0.238667
4619 0.238638
4620 0.238608
4621 0.238579
4622 0.23855
4623 0.238521
4624 0.238492
4625 0.238462
4626 0.238433
4627 0.238404
4628 0.238375
4629 0.238345
4630 0.238316
4631 0.238287
4632 0.238258
4633 0.238229
4634 0.238199
4635 0.23817
4636 0.238141
4637 0.238112
4638 0.238082
4639 0.238053
4640 0.238024
4641 0.237995
4642 0.237965
4643 0.237936
4644 0.237907
4645 0.237878
4646 0.237848
4647 0.237819
4648 0.23779
4649 0.23776
4650 0.237731
4651 0.237702
4652 0.237673
4653 0.237643
4654 0.237614
4655 0.237585
4656 0.237555
4657 0.237526
4658 0.237497
4659 0.237468
4660 0.237438
4661 0.237409
4662 0.23738
4663 0.23735
4664 0.237321
4665 0.237292
4666 0.237262
4667 0.237233
4668 0.237204
4669 0.237174
4670 0.237145
4671 0.237116
4672 0.237086
4673 0.237057
4674 0.237028
4675 0.236998
4676 0.236969
4677 0.23694
4678 0.23691
4679 0.236881
4680 0.236852
4681 0.236822
4682 0.236793
4683 0.236763
4684 0.236734
4685 0.236705
4686 0.236675
4687 0.236646
4688 0.236617
4689 0.236587
4690 0.236558
4691 0.236528
4692 0.236499
4693 0.23647
4694 0.23644
4695 0.236411
4696 0.236381
4697 0.236352
4698 0.236322
4699 0.236293
4700 0.236264
4701 0.236234
4702 0.236205
4703 0.236175
4704 0.236146
4705 0.236116
4706 0.236087
4707 0.236057
4708 0.236028
4709 0.235998
4710 0.235969
4711 0.235939
4712 0.23591
4713 0.23588
4714 0.235851
4715 0.235821
4716 0.235792
4717 0.235762
4718 0.235733
4719 0.235703
4720 0.235674
4721 0.235644
4722 0.235615
4723 0.235585
4724 0.235556
4725 0.235526
4726 0.235497
4727 0.235467
4728 0.235438
4729 0.235408
4730 0.235378
4731 0.235349
4732 0.235319
4733 0.23529
4734 0.23526
4735 0.235231
4736 0.235201
4737 0.235171
4738 0.235142
4739 0.235112
4740 0.235082
4741 0.235053
4742 0.235023
4743 0.234994
4744 0.234964
4745 0.234934
4746 0.234905
4747 0.234875
4748 0.234845
4749 0.234816
4750 0.234786
4751 0.234756
4752 0.234727
4753 0.234697
4754 0.234667
4755 0.234638
4756 0.234608
4757 0.234578
4758 0.234548
4759 0.234519
4760 0.234489
4761 0.234459
4762 0.23443
4763 0.2344
4764 0.23437
4765 0.23434
4766 0.234311
4767 0.234281
4768 0.234251
4769 0.234221
4770 0.234192
4771 0.234162
4772 0.234132
4773 0.234102
4774 0.234072
4775 0.234043
4776 0.234013
4777 0.233983
4778 0.233953
4779 0.233923
4780 0.233893
4781 0.233864
4782 0.233834
4783 0.233804
4784 0.233774
4785 0.233744
4786 0.233714
4787 0.233684
4788 0.233655
4789 0.233625
4790 0.233595
4791 0.233565
4792 0.233535
4793 0.233505
4794 0.233475
4795 0.233445
4796 0.233415
4797 0.233385
4798 0.233355
4799 0.233325
4800 0.233295
4801 0.233266
4802 0.233236
4803 0.233206
4804 0.233176
4805 0.233146
4806 0.233116
4807 0.233086
4808 0.233056
4809 0.233026
4810 0.232996
4811 0.232966
4812 0.232936
4813 0.232905
4814 0.232875
4815 0.232845
4816 0.232815
4817 0.232785
4818 0.232755
4819 0.232725
4820 0.232695
4821 0.232665
4822 0.232635
4823 0.232605
4824 0.232575
4825 0.232544
4826 0.232514
4827 0.232484
4828 0.232454
4829 0.232424
4830 0.232394
4831 0.232364
4832 0.232333
4833 0.232303
4834 0.232273
4835 0.232243
4836 0.232213
4837 0.232183
4838 0.232152
4839 0.232122
4840 0.232092
4841 0.232062
4842 0.232031
4843 0.232001
4844 0.231971
4845 0.231941
4846 0.23191
4847 0.23188
4848 0.23185
4849 0.23182
4850 0.231789
4851 0.231759
4852 0.231729
4853 0.231698
4854 0.231668
4855 0.231638
4856 0.231607
4857 0.231577
4858 0.231547
4859 0.231516
4860 0.231486
4861 0.231456
4862 0.231425
4863 0.231395
4864 0.231364
4865 0.231334
4866 0.231304
4867 0.231273
4868 0.231243
4869 0.231212
4870 0.231182
4871 0.231151
4872 0.231121
4873 0.231091
4874 0.23106
4875 0.23103
4876 0.230999
4877 0.230969
4878 0.230938
4879 0.230908
4880 0.230877
4881 0.230847
4882 0.230816
4883 0.230785
4884 0.230755
4885 0.230724
4886 0.230694
4887 0.230663
4888 0.230633
4889 0.230602
4890 0.230572
4891 0.230541
4892 0.23051
4893 0.23048
4894 0.230449
4895 0.230418
4896 0.230388
4897 0.230357
4898 0.230326
4899 0.230296
4900 0.230265
4901 0.230234
4902 0.230204
4903 0.230173
4904 0.230142
4905 0.230112
4906 0.230081
4907 0.23005
4908 0.23002
4909 0.229989
4910 0.229958
4911 0.229927
4912 0.229896
4913 0.229866
4914 0.229835
4915 0.229804
4916 0.229773
4917 0.229743
4918 0.229712
4919 0.229681
4920 0.22965
4921 0.229619
4922 0.229588
4923 0.229558
4924 0.229527
4925 0.229496
4926 0.229465
4927 0.229434
4928 0.229403
4929 0.229372
4930 0.229341
4931 0.22931
4932 0.229279
4933 0.229249
4934 0.229218
4935 0.229187
4936 0.229156
4937 0.229125
4938 0.229094
4939 0.229063
4940 0.229032
4941 0.229001
4942 0.22897
4943 0.228939
4944 0.228908
4945 0.228877
4946 0.228846
4947 0.228815
4948 0.228783
4949 0.228752
4950 0.228721
4951 0.22869
4952 0.228659
4953 0.228628
4954 0.228597
4955 0.228566
4956 0.228535
4957 0.228503
4958 0.228472
4959 0.228441
4960 0.22841
4961 0.228379
4962 0.228348
4963 0.228316
4964 0.228285
4965 0.228254
4966 0.228223
4967 0.228192
4968 0.22816
4969 0.228129
4970 0.228098
4971 0.228067
4972 0.228035
4973 0.228004
4974 0.227973
4975 0.227941
4976 0.22791
4977 0.227879
4978 0.227848
4979 0.227816
4980 0.227785
4981 0.227753
4982 0.227722
4983 0.227691
4984 0.227659
4985 0.227628
4986 0.227597
4987 0.227565
4988 0.227534
4989 0.227502
4990 0.227471
4991 0.227439
4992 0.227408
4993 0.227377
4994 0.227345
4995 0.227314
4996 0.227282
4997 0.227251
4998 0.227219
4999 0.227188

