0 49
1 49.3333
2 49.1212
3 49.3554
4 49.2244
5 49.3922
6 49.3155
7 49.4388
8 49.3985
9 49.4921
10 49.4762
11 49.5498
12 49.5502
13 49.6105
14 49.6217
15 49.6731
16 49.6917
17 49.7371
18 49.7605
19 49.802
20 49.8287
21 49.8674
22 49.8963
23 49.9333
24 49.9637
25 49.9994
26 50.0308
27 50.0657
28 50.0977
29 50.1322
30 50.1646
31 50.1987
32 50.2314
33 50.2652
34 50.2982
35 50.3318
36 50.3649
37 50.3984
38 50.4316
39 50.4651
40 50.4983
41 50.5317
42 50.565
43 50.5984
44 50.6316
45 50.665
46 50.6983
47 50.7317
48 50.765
49 50.7983
50 50.8317
51 50.865
52 50.8983
53 50.9317
54 50.965
55 50.9983
56 51.0317
57 51.065
58 51.0983
59 51.1317
60 51.165
61 51.1983
62 51.2317
63 51.265
64 51.2983
65 51.3317
66 51.365
67 51.3983
68 51.4317
69 51.465
70 51.4983
71 51.5317
72 51.565
73 51.5983
74 51.6317
75 51.665
76 51.6983
77 51.7317
78 51.765
79 51.7983
80 51.8317
81 51.865
82 51.8983
83 51.9317
84 51.965
85 51.9983
86 52.0317
87 52.065
88 52.0983
89 52.1317
90 52.165
91 52.1983
92 52.2317
93 52.265
94 52.2983
95 52.3317
96 52.365
97 52.3983
98 52.4317
99 52.465
100 52.4983
101 52.5317
102 52.565
103 52.5983
104 52.6317
105 52.665
106 52.6983
107 52.7317
108 52.765
109 52.7983
110 52.8317
111 52.865
112 52.8983
113 52.9317
114 52.965
115 52.9983
116 53.0317
117 53.065
118 53.0983
119 53.1317
120 53.165
121 53.1983
122 53.2317
123 53.265
124 53.2983
125 53.3317
126 53.365
127 53.3983
128 53.4317
129 53.465
130 53.4983
131 53.5317
132 53.565
133 53.5983
134 53.6317
135 53.665
136 53.6983
137 53.7317
138 53.765
139 53.7983
140 53.8317
141 53.865
142 53.8983
143 53.9317
144 53.965
145 53.9983
146 54.0317
147 54.065
148 54.0983
149 54.1317
150 54.165
151 54.1983
152 54.2317
153 54.265
154 54.2983
155 54.3317
156 54.365
157 54.3983
158 54.4317
159 54.465
160 54.4983
161 54.5317
162 54.565
163 54.5983
164 54.6317
165 54.665
166 54.6983
167 54.7317
168 54.765
169 54.7983
170 54.8317
171 54.865
172 54.8983
173 54.9317
174 54.965
175 54.9983
176 55.0317
177 55.065
178 55.0983
179 55.1317
180 55.165
181 55.1983
182 55.2317
183 55.265
184 55.2983
185 55.3317
186 55.365
187 55.3983
188 55.4317
189 55.465
190 55.4983
191 55.5317
192 55.565
193 55.5983
194 55.6317
195 55.665
196 55.6983
197 55.7317
198 55.765
199 55.7983
200 55.8317
201 55.865
202 55.8983
203 55.9317
204 55.965
205 55.9983
206 56.0317
207 56.065
208 56.0983
209 56.1317
210 56.165
211 56.1983
212 56.2317
213 56.265
214 56.2983
215 56.3317
216 56.365
217 56.3983
218 56.4317
219 56.465
220 56.4983
221 56.5317
222 56.565
223 56.5983
224 56.6317
225 56.665
226 56.6983
227 56.7317
228 56.765
229 56.7983
230 56.8317
231 56.865
232 56.8983
233 56.9317
234 56.965
235 56.9983
236 57.0317
237 57.065
238 57.0983
239 57.1317
240 57.165
241 57.1983
242 57.2317
243 57.265
244 57.2983
245 57.3317
246 57.365
247 57.3983
248 57.4317
249 57.465
250 57.4983
251 57.5317
252 57.565
253 57.5983
254 57.6317
255 57.665
256 57.6983
257 57.7317
258 57.765
259 57.7983
260 57.8317
261 57.865
262 57.8983
263 57.9317
264 57.965
265 57.9983
266 58.0317
267 58.065
268 58.0983
269 58.1317
270 58.165
271 58.1983
272 58.2317
273 58.265
274 58.2983
275 58.3317
276 58.365
277 58.3983
278 58.4317
279 58.465
280 58.4983
281 58.5317
282 58.565
283 58.5983
284 58.6317
285 58.665
286 58.6983
287 58.7317
288 58.765
289 58.7983
290 58.8317
291 58.865
292 58.8983
293 58.9317
294 58.965
295 58.9983
296 59.0317
297 59.065
298 59.0983
299 59.1317
300 59.165
301 59.1983
302 59.2317
303 59.265
304 59.2983
305 59.3317
306 59.365
307 59.3983
308 59.4317
309 59.465
310 59.4983
311 59.5317
312 59.565
313 59.5983
314 59.6317
315 59.665
316 59.6983
317 59.7317
318 59.765
319 59.7983
320 59.8317
321 59.865
322 59.8983
323 59.9317
324 59.965
325 59.9983
326 60.0317
327 60.065
328 60.0983
329 60.1317
330 60.165
331 60.1983
332 60.2317
333 60.265
334 60.2983
335 60.3317
336 60.365
337 60.3983
338 60.4317
339 60.465
340 60.4983
341 60.5317
342 60.565
343 60.5983
344 60.6317
345 60.665
346 60.6983
347 60.7317
348 60.765
349 60.7983
350 60.8317
351 60.865
352 60.8983
353 60.9317
354 60.965
355 60.9983
356 61.0317
357 61.065
358 61.0983
359 61.1317
360 61.165
361 61.1983
362 61.2317
363 61.265
364 61.2983
365 61.3317
366 61.365
367 61.3983
368 61.4317
369 61.465
370 61.4983
371 61.5317
372 61.565
373 61.5983
374 61.6317
375 61.665
376 61.6983
377 61.7317
378 61.765
379 61.7983
380 61.8317
381 61.865
382 61.8983
383 61.9317
384 61.965
385 61.9983
386 62.0317
387 62.065
388 62.0983
389 62.1317
390 62.165
391 62.1983
392 62.2317
393 62.265
394 62.2983
395 62.3317
396 62.365
397 62.3983
398 62.4317
399 62.465
400 62.4983
401 62.5317
402 62.565
403 62.5983
404 62.6317
405 62.665
406 62.6983
407 62.7317
408 62.765
409 62.7983
410 62.8317
411 62.865
412 62.8983
413 62.9317
414 62.965
415 62.9983
416 63.0317
417 63.065
418 63.0983
419 63.1317
420 63.165
421 63.1983
422 63.2317
423 63.265
424 63.2983
425 63.3317
426 63.365
427 63.3983
428 63.4317
429 63.465
430 63.4983
431 63.5317
432 63.565
433 63.5983
434 63.6317
435 63.665
436 63.6983
437 63.7317
438 63.765
439 63.7983
440 63.8317
441 63.865
442 63.8983
443 63.9317
444 63.965
445 63.9983
446 64.0317
447 64.065
448 64.0983
449 64.1317
450 64.165
451 64.1983
452 64.2317
453 64.265
454 64.2983
455 64.3317
456 64.365
457 64.3983
458 64.4317
459 64.465
460 64.4983
461 64.5317
462 64.565
463 64.5983
464 64.6317
465 64.665
466 64.6983
467 64.7317
468 64.765
469 64.7983
470 64.8317
471 64.865
472 64.8983
473 64.9317
474 64.965
475 64.9983
476 65.0317
477 65.065
478 65.0983
479 65.1317
480 65.165
481 65.1983
482 65.2317
483 65.265
484 65.2983
485 65.3317
486 65.365
487 65.3983
488 65.4317
489 65.465
490 65.4983
491 65.5317
492 65.565
493 65.5983
494 65.6317
495 65.665
496 65.6983
497 65.7317
498 65.765
499 65.7983
500 65.8317
501 65.865
502 65.8983
503 65.9317
504 65.965
505 65.9983
506 66.0317
507 66.065
508 66.0983
509 66.1317
510 66.165
511 66.1983
512 66.2317
513 66.265
514 66.2983
515 66.3317
516 66.365
517 66.3983
518 66.4317
519 66.465
520 66.4983
521 66.5317
522 66.565
523 66.5983
524 66.6317
525 66.665
526 66.6983
527 66.7317
528 66.765
529 66.7983
530 66.8317
531 66.865
532 66.8983
533 66.9317
534 66.965
535 66.9983
536 67.0317
537 67.065
538 67.0983
539 67.1317
540 67.165
541 67.1983
542 67.2317
543 67.265
544 67.2983
545 67.3317
546 67.365
547 67.3983
548 67.4317
549 67.465
550 67.4983
551 67.5317
552 67.565
553 67.5983
554 67.6317
555 67.665
556 67.6983
557 67.7317
558 67.765
559 67.7983
560 67.8317
561 67.865
562 67.8983
563 67.9317
564 67.965
565 67.9983
566 68.0317
567 68.065
568 68.0983
569 68.1317
570 68.165
571 68.1983
572 68.2317
573 68.265
574 68.2983
575 68.3317
576 68.365
577 68.3983
578 68.4317
579 68.465
580 68.4983
581 68.5317
582 68.565
583 68.5983
584 68.6317
585 68.665
586 68.6983
587 68.7317
588 68.765
589 68.7983
590 68.8317
591 68.865
592 68.8983
593 68.9317
594 68.965
595 68.9983
596 69.0317
597 69.065
598 69.0983
599 69.1317
600 69.165
601 69.1983
602 69.2317
603 69.265
604 69.2983
605 69.3317
606 69.365
607 69.3983
608 69.4317
609 69.465
610 69.4983
611 69.5317
612 69.565
613 69.5983
614 69.6317
615 69.665
616 69.6983
617 69.7317
618 69.765
619 69.7983
620 69.8317
621 69.865
622 69.8983
623 69.9317
624 69.965
625 69.9983
626 70.0317
627 70.065
628 70.0983
629 70.1317
630 70.165
631 70.1983
632 70.2317
633 70.265
634 70.2983
635 70.3317
636 70.365
637 70.3983
638 70.4317
639 70.465
640 70.4983
641 70.5317
642 70.565
643 70.5983
644 70.6317
645 70.665
646 70.6983
647 70.7317
648 70.765
649 70.7983
650 70.8317
651 70.865
652 70.8983
653 70.9317
654 70.965
655 70.9983
656 71.0317
657 71.065
658 71.0983
659 71.1317
660 71.165
661 71.1983
662 71.2317
663 71.265
664 71.2983
665 71.3317
666 71.365
667 71.3983
668 71.4317
669 71.465
670 71.4983
671 71.5317
672 71.565
673 71.5983
674 71.6317
675 71.665
676 71.6983
677 71.7317
678 71.765
679 71.7983
680 71.8317
681 71.865
682 71.8983
683 71.9317
684 71.965
685 71.9983
686 72.0317
687 72.065
688 72.0983
689 72.1317
690 72.165
691 72.1983
692 72.2317
693 72.265
694 72.2983
695 72.3317
696 72.365
697 72.3983
698 72.4317
699 72.465
700 72.4983
701 72.5317
702 72.565
703 72.5983
704 72.6317
705 72.665
706 72.6983
707 72.7317
708 72.765
709 72.7983
710 72.8317
711 72.865
712 72.8983
713 72.9317
714 72.965
715 72.9983
716 73.0317
717 73.065
718 73.0983
719 73.1317
720 73.165
721 73.1983
722 73.2317
723 73.265
724 73.2983
725 73.3317
726 73.365
727 73.3983
728 73.4317
729 73.465
730 73.4983
731 73.5317
732 73.565
733 73.5983
734 73.6317
735 73.665
736 73.6983
737 73.7317
738 73.765
739 73.7983
740 73.8317
741 73.865
742 73.8983
743 73.9317
744 73.965
745 73.9983
746 74.0317
747 74.065
748 74.0983
749 74.1317
750 74.165
751 74.1983
752 74.2317
753 74.265
754 74.2983
755 74.3317
756 74.365
757 74.3983
758 74.4317
759 74.465
760 74.4983
761 74.5317
762 74.565
763 74.5983
764 74.6317
765 74.665
766 74.6983
767 74.7317
768 74.765
769 74.7983
770 74.8317
771 74.865
772 74.8983
773 74.9317
774 74.965
775 74.9983
776 75.0317
777 75.065
778 75.0983
779 75.1317
780 75.165
781 75.1983
782 75.2317
783 75.265
784 75.2983
785 75.3317
786 75.365
787 75.3983
788 75.4317
789 75.465
790 75.4983
791 75.5317
792 75.565
793 75.5983
794 75.6317
795 75.665
796 75.6983
797 75.7317
798 75.765
799 75.7983
800 75.8317
801 75.865
802 75.8983
803 75.9317
804 75.965
805 75.9983
806 76.0317
807 76.065
808 76.0983
809 76.1317
810 76.165
811 76.1983
812 76.2317
813 76.265
814 76.2983
815 76.3317
816 76.365
817 76.3983
818 76.4317
819 76.465
820 76.4983
821 76.5317
822 76.565
823 76.5983
824 76.6317
825 76.665
826 76.6983
827 76.7317
828 76.765
829 76.7983
830 76.8317
831 76.865
832 76.8983
833 76.9317
834 76.965
835 76.9983
836 77.0317
837 77.065
838 77.0983
839 77.1317
840 77.165
841 77.1983
842 77.2317
843 77.265
844 77.2983
845 77.3317
846 77.365
847 77.3983
848 77.4317
849 77.465
850 77.4983
851 77.5317
852 77.565
853 77.5983
854 77.6317
855 77.665
856 77.6983
857 77.7317
858 77.765
859 77.7983
860 77.8317
861 77.865
862 77.8983
863 77.9317
864 77.965
865 77.9983
866 78.0317
867 78.065
868 78.0983
869 78.1317
870 78.165
871 78.1983
872 78.2317
873 78.265
874 78.2983
875 78.3317
876 78.365
877 78.3983
878 78.4317
879 78.465
880 78.4983
881 78.5317
882 78.565
883 78.5983
884 78.6317
885 78.665
886 78.6983
887 78.7317
888 78.765
889 78.7983
890 78.8317
891 78.865
892 78.8983
893 78.9317
894 78.965
895 78.9983
896 79.0317
897 79.065
898 79.0983
899 79.1317
900 79.165
901 79.1983
902 79.2317
903 79.265
904 79.2983
905 79.3317
906 79.365
907 79.3983
908 79.4317
909 79.465
910 79.4983
911 79.5317
912 79.565
913 79.5983
914 79.6317
915 79.665
916 79.6983
917 79.7317
918 79.765
919 79.7983
920 79.8317
921 79.865
922 79.8983
923 79.9317
924 79.965
925 79.9983
926 80.0317
927 80.065
928 80.0983
929 80.1317
930 80.165
931 80.1983
932 80.2317
933 80.265
934 80.2983
935 80.3317
936 80.365
937 80.3983
938 80.4317
939 80.465
940 80.4983
941 80.5317
942 80.565
943 80.5983
944 80.6317
945 80.665
946 80.6983
947 80.7317
948 80.765
949 80.7983
950 80.8317
951 80.865
952 80.8983
953 80.9317
954 80.965
955 80.9983
956 81.0317
957 81.065
958 81.0983
959 81.1317
960 81.165
961 81.1983
962 81.2317
963 81.265
964 81.2983
965 81.3317
966 81.365
967 81.3983
968 81.4317
969 81.465
970 81.4983
971 81.5317
972 81.565
973 81.5983
974 81.6317
975 81.665
976 81.6983
977 81.7317
978 81.765
979 81.7983
980 81.8317
981 81.865
982 81.8983
983 81.9317
984 81.965
985 81.9983
986 82.0317
987 82.065
988 82.0983
989 82.1317
990 82.165
991 82.1983
992 82.2317
993 82.265
994 82.2983
995 82.3317
996 82.365
997 82.3983
998 82.4317
999 82.465
