0 256 256
1 256.5 256.5
2 257 257
3 257.5 257.5
4 258 258
5 258.5 258.5
6 259 259
7 259.5 259.5
8 260 260
9 260.5 260.5
10 261 261
11 261.5 261.5
12 262 262
13 262.5 262.5
14 263 263
15 263.5 263.5
16 264 264
17 264.5 264.5
18 265 265
19 265.5 265.5
20 266 266
21 266.5 266.5
22 267 267
23 267.5 267.5
24 268 268
25 268.5 268.5
26 269 269
27 269.5 269.5
28 270 270
29 270.5 270.5
30 271 271
31 271.5 271.5
32 272 272
33 272.5 272.5
34 273 273
35 273.5 273.5
36 274 274
37 274.5 274.5
38 275 275
39 275.5 275.5
40 276 276
41 276.5 276.5
42 277 277
43 277.5 277.5
44 278 278
45 278.5 278.5
46 279 279
47 279.5 279.5
48 280 280
49 280.5 280.5
50 281 281
51 281.5 281.5
52 282 282
53 282.5 282.5
54 283 283
55 283.5 283.5
56 284 284
57 284.5 284.5
58 285 285
59 285.5 285.5
60 286 286
61 286.5 286.5
62 287 287
63 287.5 287.5
64 288 288
65 288.5 288.5
66 289 289
67 289.5 289.5
68 290 290
69 290.5 290.5
70 291 291
71 291.5 291.5
72 292 292
73 292.5 292.5
74 293 293
75 293.5 293.5
76 294 294
77 294.5 294.5
78 295 295
79 295.5 295.5
80 296 296
81 296.5 296.5
82 297 297
83 297.5 297.5
84 298 298
85 298.5 298.5
86 299 299
87 299.5 299.5
88 300 300
89 300.5 300.5
90 301 301
91 301.5 301.5
92 302 302
93 302.5 302.5
94 303 303
95 303.5 303.5
96 304 304
97 304.5 304.5
98 305 305
99 305.5 305.5
100 306 306
101 306.5 306.5
102 307 307
103 307.5 307.5
104 308 308
105 308.5 308.5
106 309 309
107 309.5 309.5
108 310 310
109 310.5 310.5
110 311 311
111 311.5 311.5
112 312 312
113 312.5 312.5
114 313 313
115 313.5 313.5
116 314 314
117 314.5 314.5
118 315 315
119 315.5 315.5
120 316 316
121 316.5 316.5
122 317 317
123 317.5 317.5
124 318 318
125 318.5 318.5
126 319 319
127 319.5 319.5
128 320 320
129 320.5 320.5
130 321 321
131 321.5 321.5
132 322 322
133 322.5 322.5
134 323 323
135 323.5 323.5
136 324 324
137 324.5 324.5
138 325 325
139 325.5 325.5
140 326 326
141 326.5 326.5
142 327 327
143 327.5 327.5
144 328 328
145 328.5 328.5
146 329 329
147 329.5 329.5
148 330 330
149 330.5 330.5
150 331 331
151 331.5 331.5
152 332 332
153 332.5 332.5
154 333 333
155 333.5 333.5
156 334 334
157 334.5 334.5
158 335 335
159 335.5 335.5
160 336 336
161 336.5 336.5
162 337 337
163 337.5 337.5
164 338 338
165 338.5 338.5
166 339 339
167 339.5 339.5
168 340 340
169 340.5 340.5
170 341 341
171 341.5 341.5
172 342 342
173 342.5 342.5
174 343 343
175 343.5 343.5
176 344 344
177 344.5 344.5
178 345 345
179 345.5 345.5
180 346 346
181 346.5 346.5
182 347 347
183 347.5 347.5
184 348 348
185 348.5 348.5
186 349 349
187 349.5 349.5
188 350 350
189 350.5 350.5
190 351 351
191 351.5 351.5
192 352 352
193 352.5 352.5
194 353 353
195 353.5 353.5
196 354 354
197 354.5 354.5
198 355 355
199 355.5 355.5
200 356 356
201 356.5 356.5
202 357 357
203 357.5 357.5
204 358 358
205 358.5 358.5
206 359 359
207 359.5 359.5
208 360 360
209 360.5 360.5
210 361 361
211 361.5 361.5
212 362 362
213 362.5 362.5
214 363 363
215 363.5 363.5
216 364 364
217 364.5 364.5
218 365 365
219 365.5 365.5
220 366 366
221 366.5 366.5
222 367 367
223 367.5 367.5
224 368 368
225 368.5 368.5
226 369 369
227 369.5 369.5
228 370 370
229 370.5 370.5
230 371 371
231 371.5 371.5
232 372 372
233 372.5 372.5
234 373 373
235 373.5 373.5
236 374 374
237 374.5 374.5
238 375 375
239 375.5 375.5
240 376 376
241 376.5 376.5
242 377 377
243 377.5 377.5
244 378 378
245 378.5 378.5
246 379 379
247 379.5 379.5
248 380 380
249 380.5 380.5
250 381 381
251 381.5 381.5
252 382 382
253 382.5 382.5
254 383 383
255 383.5 383.5
256 384 384
257 384.5 384.5
258 385 385
259 385.5 385.5
260 386 386
261 386.5 386.5
262 387 387
263 387.5 387.5
264 388 388
265 388.5 388.5
266 389 389
267 389.5 389.5
268 390 390
269 390.5 390.5
270 391 391
271 391.5 391.5
272 392 392
273 392.5 392.5
274 393 393
275 393.5 393.5
276 394 394
277 394.5 394.5
278 395 395
279 395.5 395.5
280 396 396
281 396.5 396.5
282 397 397
283 397.5 397.5
284 398 398
285 398.5 398.5
286 399 399
287 399.5 399.5
288 400 400
289 400.5 400.5
290 401 401
291 401.5 401.5
292 402 402
293 402.5 402.5
294 403 403
295 403.5 403.5
296 404 404
297 404.5 404.5
298 405 405
299 405.5 405.5
300 406 406
301 406.5 406.5
302 407 407
303 407.5 407.5
304 408 408
305 408.5 408.5
306 409 409
307 409.5 409.5
308 410 410
309 410.5 410.5
310 411 411
311 411.5 411.5
312 412 412
313 412.5 412.5
314 413 413
315 413.5 413.5
316 414 414
317 414.5 414.5
318 415 415
319 415.5 415.5
320 416 416
321 416.5 416.5
322 417 417
323 417.5 417.5
324 418 418
325 418.5 418.5
326 419 419
327 419.5 419.5
328 420 420
329 420.5 420.5
330 421 421
331 421.5 421.5
332 422 422
333 422.5 422.5
334 423 423
335 423.5 423.5
336 424 424
337 424.5 424.5
338 425 425
339 425.5 425.5
340 426 426
341 426.5 426.5
342 427 427
343 427.5 427.5
344 428 428
345 428.5 428.5
346 429 429
347 429.5 429.5
348 430 430
349 430.5 430.5
